9217
9218
587
104
104
104
884
884
498
498
884
498
498
884
884
551
551
693
217
223
797
405
114
667
831
941
270
860
707
401
707
401
481
175
481
401
921
117
714
40
604
502
39
893
931
150
968
597
369
597
860
707
401
597
401
597
579
566
597
900
598
598
604
499
249
39
149
931
150
46
114
369
739
860
707
950
707
401
175
430
430
900
598
775
502
797
249
456
931
187
253
577
968
966
369
221
848
72
401
963
941
221
221
149
40
598
755
797
870
277
712
149
835
81
81
81
416
497
848
497
214
72
64
32
957
843
1015
714
40
604
970
711
39
82
931
187
469
133
1016
416
860
688
401
688
957
688
957
230
230
598
598
502
870
884
1020
143
482
405
150
150
831
7
270
911
490
911
430
911
430
911
230
786
40
775
502
921
249
811
482
102
187
507
640
369
966
926
926
175
782
449
711
915
843
175
598
598
502
711
970
249
457
102
187
114
114
133
966
416
707
848
782
915
915
915
510
915
143
598
598
970
711
915
457
102
931
793
133
763
369
221
416
941
926
946
941
430
1015
1020
221
900
598
502
970
143
970
123
81
81
150
150
7
711
848
1020
915
510
915
510
915
123
551
551
693
223
797
499
711
39
874
969
150
1016
95
1016
416
884
884
957
884
957
688
911
884
884
548
884
884
884
884
457
1006
281
552
882
577
163
75
369
785
506
518
785
518
264
518
566
518
518
238
124
249
277
712
67
235
150
483
836
530
9
785
9
785
518
795
518
795
518
795
518
900
518
795
795
824
277
712
337
724
710
517
75
369
739
518
785
518
785
518
264
518
175
987
893
859
859
155
57
266
281
552
724
710
577
343
966
730
785
518
921
518
921
518
921
518
987
598
147
56
966
921
457
189
67
849
882
882
700
527
785
785
785
785
9
548
795
795
795
175
795
795
347
903
795
795
570
835
187
755
755
795
795
548
795
795
795
795
795
795
795
795
795
795
900
598
795
795
795
795
795
405
374
810
810
789
810
789
786
472
472
155
810
789
847
282
405
893
394
155
394
155
562
570
835
893
394
996
394
416
741
155
569
949
331
884
457
427
914
182
598
182
566
901
37
405
281
235
882
626
968
75
9
9
785
518
780
518
518
518
518
427
736
736
164
164
249
159
277
841
544
489
170
9219
1481
2046
1807
1345
1815
1995
1807
1349
1903
1160
1622
1903
1160
1995
1903
1895
1991
1995
1895
1903
1931
2003
1755
1700
1755
1659
1801
1561
1843
1523
1523
2046
1711
1991
1807
1515
2046
1903
1777
1995
1903
1628
1723
1371
1248
1723
1515
1653
1456
2023
1723
1653
1628
2023
1515
1777
2023
1803
1884
1858
2000
1911
1299
1651
1392
2035
1959
1160
1991
1515
1115
1991
1903
1349
1371
1394
1777
1903
1995
1928
1903
2023
1723
1653
1628
1349
1911
1371
1349
2023
1628
1653
2023
1371
1456
1454
2023
1843
1628
1843
1959
2035
1777
1903
1628
1456
1628
2023
1903
1248
1723
1928
1653
1723
2023
1371
1371
1371
2023
1456
1628
2023
1456
1628
1456
2023
1628
1858
2023
1397
1397
1959
1347
1777
1349
1371
1515
1995
1995
1895
1371
1653
1628
1349
1394
1628
1456
1928
1653
1371
2023
1496
1252
1371
2023
1419
1628
2023
1454
1653
1858
1899
1723
1248
1456
1049
1547
1547
2023
1371
1723
1515
1349
1371
1777
1723
1456
1653
1252
2023
1628
1653
2023
1371
1653
1252
2023
1858
1653
1371
2023
1653
1858
2023
1157
1858
1456
2023
1700
1397
1959
1895
1995
1777
1349
1903
1653
1232
1903
1653
1777
2023
1394
1653
1928
2023
1394
1653
2023
1456
1653
1628
2023
1928
1653
2023
1454
1653
1252
2023
1858
1653
1150
1523
1097
1995
1995
1232
1232
1232
2023
1371
1653
1928
1232
1653
1252
2023
1371
1653
1150
2023
1858
1252
2023
1803
1653
1419
2023
1748
1252
2023
2023
1371
1454
2023
1397
1777
1995
1349
1371
1777
1903
1454
1653
1928
2023
1371
1252
2023
2023
1653
1252
2023
1928
1653
1928
2023
1928
1928
2023
1281
1653
1928
2023
1454
1428
2023
1454
1653
1419
1807
1371
1653
1371
1371
1928
1371
2023
1928
1653
1928
2023
1157
1252
2023
1454
1157
1150
2023
1157
2041
1879
2023
1157
1928
2023
1879
1157
2041
2023
1157
1419
1397
1959
1995
1394
2023
1371
1653
1928
2023
1928
1252
2023
1454
1653
1252
2023
1157
1252
1150
1454
1157
2041
2023
1928
2041
2023
1454
1858
2041
2023
1130
2041
2041
1371
1547
1371
1843
1371
1371
1371
2023
1454
1252
1150
2023
1157
2041
2023
1879
2041
1150
1879
1157
2041
2023
1349
1959
1561
2000
1456
1628
2043
1456
1628
2041
2023
1454
1394
1755
1397
1911
1589
1349
1394
1394
1394
2023
1928
1394
1394
2023
1928
1394
2023
1928
1653
1928
2023
1928
1928
2023
1928
1928
1928
2023
1928
1928
2023
1454
1157
1589
1998
1835
1700
1835
1835
1981
1981
1981
1981
1981
1188
1981
1981
1334
1334
1334
1334
1334
1334
1334
1334
1334
1345
1345
1899
1899
1899
1899
1899
1899
1899
1481
1653
1899
1705
1835
1248
1835
1835
1981
1981
1981
1981
1981
1188
1334
1334
1334
1334
1181
1181
1181
1334
1334
1334
1694
1181
1694
1899
1899
1899
1899
1899
1924
1924
1924
1924
1899
1723
1252
2006
2028
1298
1607
1331
1248
1248
1248
1155
1924
1924
1899
1899
1899
1345
1345
1334
1334
1334
1334
1248
1981
2046
2046
1054
1835
1807
1345
1345
1298
1298
1298
1755
2000
1607
1874
1694
1334
1334
1188
1981
1981
1835
1835
1835
1835
1155
1899
1298
1298
1298
1607
1991
1248
1248
1248
1924
1160
1924
1899
1899
1899
1653
1653
1334
1653
1653
1653
1815
2046
1298
2023
1515
1899
1924
1723
1899
1181
1181
1334
1777
1155
1349
1899
1155
1981
1334
1924
1155
1298
1298
1899
1981
1181
1653
1924
1155
1298
1371
2000
1181
1334
1924
1155
1298
1298
2023
1981
1334
1653
1924
1248
2023
1371
2000
1181
1334
1924
1155
1298
2000
2023
1181
1334
1924
1155
1723
2023
2023
1371
1334
1653
1924
1628
1232
1371
2023
1181
1334
1035
1720
1417
1589
1417
1417
1317
1694
1720
1417
1317
1417
1417
1317
1884
1899
1155
1884
1903
1232
1349
1334
1801
1817
1807
1054
1394
1394
1317
1903
1720
2046
1349
2000
1777
1817
1054
1054
1777
1349
1456
1252
1628
1748
1903
1777
1349
1456
1454
1628
1748
1653
1777
1628
1299
1115
1115
1349
1653
1777
1928
1858
1803
1499
1456
1394
1299
1837
1694
1815
1345
1694
1324
1694
1899
1899
1899
1899
1899
1924
1160
1160
1924
1924
1924
1155
1155
1155
1248
1248
2007
1287
1287
2035
1287
1287
1298
1298
1298
1298
1298
1248
1298
2003
1709
1298
1481
1054
9220
2939
2681
2260
2331
2681
2813
2928
2936
2419
2260
2928
2450
2464
2277
2869
2748
2694
2649
2350
2800
2608
2818
2789
2791
2275
2813
2748
2057
2510
2944
2928
2557
2470
2735
3044
2470
2452
2248
2788
2470
2905
2248
2787
2470
3071
2788
2248
2976
2942
2248
3071
2628
2628
2628
2801
2748
2971
2813
2612
2119
2788
2350
2996
3054
2693
2693
2735
2585
3071
2350
3008
2956
2649
2612
2788
2649
2452
2788
2209
2452
2800
2925
3008
3008
2976
2119
2869
2350
2813
2877
2529
2628
2877
2694
3008
2748
2788
3022
3022
2452
2789
2048
2168
2860
2787
2976
2985
2253
2860
2608
2608
2649
2976
3017
2787
2350
2350
2649
2452
2350
2649
2452
2907
2350
2097
2628
2990
2350
2985
2936
2782
2531
2883
2467
2925
2248
2976
2968
2096
2788
2123
2119
2976
2813
2936
2791
2119
2649
2936
2162
2791
2119
2813
2209
2452
2350
2985
2452
2877
2791
2119
3012
2350
3009
2467
2787
2209
2249
2972
2354
2462
2398
2398
2398
2649
2788
2789
2789
2789
2789
2789
2920
2419
2920
2907
2419
2748
2869
2649
2097
2813
2649
2097
2649
2907
2350
2592
2889
3017
2452
2905
2478
2269
2119
2788
3012
2762
2097
2331
2976
2224
2619
2791
2452
2135
2791
2224
2649
2791
2269
2976
2985
3012
2925
2976
3012
2788
2694
3012
2976
2907
3032
2976
2557
2557
2557
2470
2345
2575
2470
2944
2350
3012
2788
2907
2942
2735
2945
2944
2564
3012
2942
2942
2868
2945
2907
2944
2135
2579
2942
2350
2985
3017
2350
2985
3017
3041
2905
2097
2800
2976
2889
2788
2248
2592
2097
3009
2801
3008
2818
2961
2815
2800
2976
3008
2552
2097
2976
2350
2800
2976
2907
3032
2135
2976
2350
2350
2985
2907
2544
2985
2860
2787
2608
2701
2253
2350
2985
2608
2907
2253
2135
2787
2608
2350
2985
2907
2350
2608
2694
2472
2350
2097
2566
2350
2985
2694
2907
2350
2135
2694
2472
2985
2788
2905
2123
2968
2936
2791
2791
2119
3012
2350
2791
2694
2119
2694
2936
2791
2119
2968
2788
2936
2791
2119
2694
2801
2248
2985
2907
2350
2936
2694
2907
2350
2135
2883
2879
2972
2972
2972
2350
2985
2972
2976
2350
2248
2694
2472
2789
2789
2907
2350
2789
2788
2961
2350
2985
2452
2905
2119
2788
2109
2985
2564
2907
2889
2472
2452
2649
2986
2848
2762
2936
2549
2536
2942
2350
2791
2681
2594
2985
2224
2976
2350
2985
2681
2325
2331
2135
2976
2350
2350
2976
2907
2350
2135
2976
2506
2350
2961
2788
2350
2798
2812
2307
2445
2694
2162
2883
2813
2877
2877
2419
2478
2938
2925
2925
2925
2925
2350
2350
2350
2350
2350
2350
2949
2949
2186
2889
2889
2350
2350
2350
2925
2933
2619
2452
3007
2936
2109
2968
3007
2883
2813
2877
2877
2877
2478
2925
2925
2925
2925
2531
2990
2452
2350
2350
2350
2801
2964
2694
2186
2350
2350
2350
2350
2649
2649
2649
2649
2649
2986
2564
2259
2453
2619
3008
2186
2165
2097
2097
2887
2209
2649
2209
2350
2350
2949
2949
2990
2990
2119
2907
2801
2748
2907
2401
2109
3054
2996
2628
2788
2813
2933
2817
2314
2535
2255
2117
3063
2990
2419
2531
2314
2748
2274
2694
2694
2717
2976
2883
3008
2619
2628
2165
2638
2097
2628
2628
2628
2608
2642
2350
2350
2889
2619
2619
2350
2619
2813
2813
2672
2350
2314
2907
2109
2695
2525
2165
2788
2484
2942
2320
2990
2877
2788
2677
2649
2350
2350
2936
2608
2748
2889
2552
2949
2478
2619
2411
2224
2889
2619
2907
2860
2949
2936
2905
2905
2889
2325
2088
2350
2619
2411
2788
2619
2788
2907
2478
2949
3012
2608
2608
2788
2325
2484
2350
2860
2608
2788
2619
2945
2109
2478
2619
2649
2097
2677
2788
2350
2484
2949
2862
2730
2599
2101
2730
2869
2350
3017
2547
3012
2608
2320
2907
2456
2777
2198
2253
2443
2788
2883
2608
2628
3059
2378
2378
2378
2628
2869
2276
2079
2378
2378
2443
2976
2907
2801
3069
2985
3059
2128
3055
3055
2869
2877
2863
2123
2841
2123
2411
3012
2350
2788
2985
2788
2844
2820
2298
2298
3009
2694
2788
2748
2869
2350
2350
2813
2557
2938
2728
2557
2352
3063
2465
2557
2350
3044
2350
2350
3047
2649
2985
2985
2925
2925
2411
2748
2314
2452
2097
2097
2638
2986
2478
2638
2860
2933
2619
2889
2619
2619
2735
2851
2813
2309
3063
2700
2857
2968
9221
3925
3502
3856
3096
3914
3142
3251
3857
3623
3422
3570
3888
3824
3585
4072
3623
3251
3447
3623
3251
3951
3662
3437
4077
3764
3095
4039
3383
3208
3698
3600
3987
3600
3600
3952
4094
3928
3914
3810
3914
3928
3966
4042
4077
3919
3810
4079
3891
3951
3839
3950
4039
3966
3869
3552
3778
3940
3950
3778
4088
3259
3950
4093
3185
3148
3276
3469
3260
3912
3338
4077
3555
3893
3555
4077
4088
3950
4008
3777
4088
4072
3674
4087
3959
3880
3555
4008
4087
3555
3950
3555
3934
4079
4087
3777
4009
3950
3682
3880
3925
3698
3982
3987
3891
3888
3893
3335
3888
3893
3880
3725
3335
3843
3824
4072
3335
3843
3869
3928
4077
3951
3869
4039
3166
3778
3950
4039
3869
3740
3673
3777
3603
4077
3909
3576
3909
3951
3909
3110
3909
3876
3542
3869
3950
3893
3268
3891
3869
3891
4039
4072
3893
3893
3966
3413
4061
3951
3869
3950
4039
3966
3824
3950
3166
3933
3843
4039
3904
3970
3901
3982
4077
3987
3893
4008
3284
4061
3891
3987
3901
3880
3237
3901
4061
3987
3901
4039
3690
3725
3284
4053
4053
4053
4053
3951
4061
3268
4061
3893
3530
3951
3585
3111
3623
3389
3925
3366
3142
3891
3805
3904
3585
4008
3623
4084
3585
3623
3142
3585
3111
3901
3389
3585
3951
3935
3585
3893
3530
3585
3951
3623
3901
3778
3698
4008
3787
3600
3530
3872
3856
3928
3747
3810
3904
3928
3824
3778
3928
3893
3810
3530
3747
3893
3880
3600
3952
3824
3552
3600
3600
3935
3600
3530
4054
3600
3966
3747
3950
4077
3542
3674
3950
3950
4061
3935
3933
3674
3942
3952
3810
4061
3891
3824
3690
3893
4087
3940
4061
3933
4077
4077
3950
3783
3782
3951
3530
3966
3824
3530
4077
3750
3822
3822
3843
3869
3891
4053
3778
3843
3843
4008
4053
3673
4088
3843
3843
3928
3778
4061
3843
3843
3778
3901
4039
3843
4008
3778
3987
3268
3725
3987
3778
3778
3716
3514
3949
4077
3437
3893
3437
4009
4061
3950
4039
3951
3893
3950
3824
3824
3893
3725
3950
3951
3268
3904
3869
4088
4039
3951
3725
3950
3725
4039
4061
4072
3725
4053
3893
3869
3603
3839
3824
4053
4088
3893
3824
4061
4061
3268
4088
3824
4061
3335
3824
3893
3893
3904
3824
4077
3690
4079
4054
3504
4077
3725
3824
4072
3952
3824
3893
3307
3896
3925
3896
3327
3935
3623
4084
3585
4088
3783
3585
3644
3623
3389
3585
4088
3935
3673
3644
3623
3585
3951
3623
4061
3585
3935
3747
3585
3904
3623
3935
3585
3486
3418
3304
3208
3810
3810
3928
3674
3674
3764
3764
3839
3966
3844
3893
3810
3876
3928
3950
3530
3887
3887
3887
3951
3951
4008
3893
4054
4054
4054
4072
3843
4008
4053
3810
3830
4052
3111
3893
4052
3901
3778
3951
3764
3764
3966
3901
3893
3893
3876
3201
3987
3747
3887
3887
3951
3690
3268
3893
3843
3647
3778
3778
3690
3893
3893
3843
4072
3724
3997
3868
3653
3262
3810
3928
3804
3530
3824
3810
3268
3750
4072
3674
3824
3647
3951
3904
3307
3893
3893
3869
3901
3576
3409
3469
4059
3464
3270
4030
4059
3950
3887
3810
3673
4088
3887
3342
3237
3530
3976
3674
3928
3778
3778
3810
3270
3843
3304
3928
3464
3469
3297
3557
3486
3843
3869
3261
4072
3095
3951
3843
3824
3928
3881
3778
3619
3335
4052
4087
3237
3804
3955
3778
3904
3887
3870
3111
3824
3928
3847
3205
3335
3690
3388
3639
4053
4053
4053
3893
3951
3810
3843
3891
3928
3966
3778
3747
3690
3824
4030
4053
3891
4053
3778
3810
3933
3843
3843
3928
4072
3098
3951
3297
3810
4042
3893
4053
3928
3270
3340
3893
3747
3843
3843
4053
4039
3951
3115
3940
3335
3727
3893
3764
3778
3778
3300
3464
3690
3843
3950
3605
3622
3495
3890
3175
3681
3843
3296
3446
3727
3137
3782
3965
3600
3526
3843
3804
3891
4013
3778
3893
3804
3935
3261
3248
3310
3095
3182
4072
3526
3928
3804
3777
3304
3872
3985
3909
3782
3727
3976
3909
3437
3824
3437
3909
3868
3909
3976
3585
3893
3725
3987
3925
3623
3467
3464
3868
3893
3857
3623
3896
3965
3824
3585
3880
3807
3764
3600
3552
3673
3552
3822
3747
3542
3690
3982
3778
3928
3843
3335
3530
3268
3600
3600
3600
3600
3810
3600
3600
3577
3822
4032
4032
4053
3647
3847
3952
3843
3869
3901
3710
3111
3270
3682
3854
4094
3208
3704
9222
4414
5089
4414
5059
4562
4720
5059
5050
5050
4739
4587
4157
5010
5114
4503
5052
4534
5056
4696
5115
4145
4407
4175
5027
5003
4418
4414
5112
4615
4741
4852
4304
4903
4961
4987
4987
4726
4961
5022
5099
4829
4853
4170
4889
4961
4889
4150
4654
4640
4414
4771
4460
4810
4696
4654
4771
4170
5022
4654
5114
4926
4460
4889
4911
4949
4322
4322
4705
4705
4705
4733
4925
4624
4150
4624
4384
4800
4889
4201
4705
4624
4660
4624
4889
4624
4170
4120
4624
4497
4800
5041
4624
4733
4776
4132
4891
5052
4927
4494
4414
5059
4962
4337
5050
5058
4150
5114
4414
4889
5089
4845
4931
4876
4955
4889
4106
4170
5114
5015
4876
4876
4351
5015
4589
4755
4830
5096
4132
4876
5118
4150
5077
5117
4755
4972
5079
4972
5041
4197
4654
4835
4934
4972
4747
5031
5052
4456
5015
5029
4835
4810
5058
4934
5118
5012
4132
4950
4589
5118
4150
4311
5114
4985
4474
4925
4770
5112
4305
4494
5029
4983
4860
4624
4624
4589
4589
4624
4624
4624
4739
4705
4810
4624
4624
5059
4624
4705
4950
4860
4654
5118
5118
4763
5115
5118
5052
4589
5118
4494
4170
4184
4201
5050
4538
5029
4882
4853
4934
4905
4927
4184
4546
5056
4170
4374
5115
5012
4810
4962
4184
4810
4906
4170
4170
4184
5052
5056
4170
4934
5056
4654
5015
4860
4201
5072
4494
5114
4705
4961
4889
4771
4170
4985
4830
5058
4961
4934
4830
5118
5029
5095
5118
4950
4927
5052
4705
4771
4624
4747
4983
4771
4170
4771
4771
4132
5015
4507
4820
4170
5058
4170
4460
4384
4705
4120
4950
4332
5029
5110
4460
4985
5094
4934
4654
5110
4962
5049
4771
4539
5052
4384
5015
4624
5049
4852
4460
4962
4961
4170
4145
4311
4625
5118
4876
5114
5042
5012
4962
4926
4876
4150
5114
5118
4876
4150
4985
4876
4311
4962
5114
5118
5096
4311
5118
4311
4950
5114
5015
4150
5114
5015
4311
4747
4150
4201
4755
4456
4972
5118
4810
5114
4955
5015
4150
4132
4170
4170
4934
5118
4539
4934
4962
4170
5015
4311
5114
4876
4876
4132
4810
4889
4962
5114
5052
4810
5015
5114
5096
4962
5114
4170
4962
5110
4460
4305
4305
4305
4589
4589
4962
5052
4589
5015
4962
5015
4311
5114
4311
5058
4967
4962
4950
5052
4830
4955
4170
4983
4311
4934
5015
4589
4625
4907
4478
4926
5114
4931
5012
4733
4830
5012
5012
5114
4810
4830
5012
4810
4184
4830
5114
4654
5029
5056
4654
4184
5012
4654
4184
4601
5056
5029
4184
4654
4853
4720
4477
4439
5011
5029
4589
4927
4546
5059
4927
5110
4830
4722
4305
4654
4589
5029
4786
5029
5059
5052
5052
4934
4654
4889
4615
5110
4615
4830
4830
4864
4145
5041
5058
4997
5029
4414
4494
5029
4810
4810
5108
4150
5041
4955
4654
5090
4654
4589
4852
5029
4589
5052
4985
5058
4197
5079
4967
4654
4334
4830
4830
4830
4150
4460
4889
4305
5029
4985
4150
4327
4538
4926
4906
4132
4274
4961
4983
4460
4862
4889
4460
4654
4747
5059
5118
4983
4132
4926
4985
4678
5114
5068
4977
4705
4460
4636
4332
4120
4150
4625
4786
5114
5118
4283
4925
5011
4967
5056
4184
4985
4934
5059
5011
5059
4625
4117
4625
4800
4985
4747
4705
4373
4720
4274
4985
4156
4132
4510
4546
5011
4864
5015
4705
4150
4705
4460
4170
5068
4862
4411
4460
4414
4625
4625
4889
4853
4460
4843
4864
4962
5018
4410
4334
5118
4962
4150
4747
5096
4747
4864
4145
4305
4985
4861
4150
4184
4490
4861
4829
4810
4589
4494
4132
4934
4864
4853
4460
4985
4861
5056
4578
4678
4853
5110
4684
4763
5118
4733
4132
5114
4955
4747
4852
4283
5052
4893
4830
4654
4414
4927
4747
4810
4830
4150
4460
5015
4661
4810
5068
4845
4845
4274
5058
4324
4881
4334
4233
4985
4845
4296
4150
4346
4640
5011
4942
4234
4919
4845
4120
4983
4484
4501
4505
5114
4501
4150
4875
4221
4830
4654
5020
4510
4097
5110
4835
5117
4853
4274
4931
5015
4170
5052
4477
4221
4733
5118
4654
4170
4771
5052
5012
4221
4624
4184
5110
4835
5114
5114
4927
5118
4184
5015
5114
4132
4159
4196
4961
4782
4983
4772
5059
5009
4961
4313
4747
4926
4684
4889
4983
5059
4488
4150
4985
4891
4891
4891
4589
4559
4927
4845
4256
4770
4437
4705
4437
4763
5059
4955
4864
5114
4950
4414
4613
4437
5042
4876
9223
5377
5259
5800
5997
5268
5840
6127
5477
5135
6050
5821
5929
6027
5842
5925
6050
5425
6089
5614
5999
5432
5838
5155
5811
5974
6079
5736
6002
5209
5391
5425
5739
5473
6027
5399
5840
5331
6082
5530
5745
6127
5871
6097
5331
6019
6004
6109
5924
5816
5331
5563
6059
5937
5937
5899
6050
6109
5495
5473
5473
5856
5477
6071
5264
6137
5279
5480
5141
5853
6027
5665
5165
6012
6027
5414
5495
5964
5665
6020
6089
5665
6083
5856
6109
6050
5839
5231
5665
6027
5741
5644
5159
6012
5477
5310
6024
6103
5125
5811
5400
5800
5526
5231
5533
6097
6059
6048
6087
6082
6029
5425
6109
6002
5805
5856
6024
6083
5805
5726
5701
6027
5814
5726
6109
5856
5832
5814
5869
6002
5803
5853
5555
6083
6039
6083
6020
5839
5209
5767
5159
5498
5455
6083
6083
5310
6083
6097
5183
5811
6083
6097
6110
5726
6040
5231
6110
6004
5814
5736
5856
5231
6089
6040
5834
5159
5856
5555
6083
5671
6089
6073
5805
6027
6041
5527
6002
6040
5803
5309
6109
5811
5766
5220
5527
5924
6020
5566
5766
5832
6073
6027
5495
6002
6083
6020
5766
5832
6002
5546
5614
6127
5976
5595
6127
5373
5577
5772
5657
5856
6110
5533
6029
6002
5527
5331
6002
5310
6020
5561
5495
5391
5924
5533
6037
5924
6083
6024
6005
6127
6103
5209
5766
6005
6097
5797
5800
5574
5495
6005
6020
6002
6097
5814
5123
5574
5495
5391
5391
5159
6024
6004
5772
6110
6041
6004
5796
5495
5371
6024
5832
5159
6109
6024
6059
6024
6024
5657
5805
5532
5257
5715
5324
5183
5574
6002
5856
6073
5457
5310
6083
6048
6004
5574
6103
6005
6050
6048
6048
5803
5665
6004
6050
6109
5982
5800
5209
5869
5574
5231
5811
5766
5800
5563
6082
5805
5803
5209
6027
5924
6103
5495
5318
5805
5495
6002
6020
5391
6020
5527
6002
5495
5527
5495
6002
6020
5805
5814
5209
6002
6097
5805
5310
5310
5159
5220
5335
5726
6109
5358
6097
6020
5533
6027
5473
6027
5832
5832
6020
6103
6020
5310
5209
5495
5527
5527
5726
5726
5310
6097
5805
5832
5924
5310
5924
5924
5924
5533
5225
5310
6064
5495
6073
6020
6027
5209
5982
5477
5533
5527
5159
6109
5527
5527
5811
5527
5832
5527
5832
6087
5209
6020
5924
6083
6073
6109
5924
5832
5527
6024
5726
6027
6071
6112
5724
6082
5625
5625
6113
5834
5772
5310
6005
5924
5527
6110
5800
5625
6103
5644
6005
6005
5724
6110
6005
5856
6024
5800
6103
6020
6127
6083
6024
6020
5533
6094
5950
5964
5577
6059
5982
5772
5303
6024
5772
6071
6073
6027
5736
6103
5495
6002
6002
6024
6024
6048
6083
5924
6027
6083
6083
5310
5477
6020
5736
5811
5797
6024
5533
5964
5272
5577
5200
6027
5310
5228
5832
5310
6097
6020
5495
5574
6073
5577
5310
6020
6020
6024
6024
5310
6050
6097
6005
5125
5532
5533
5125
5125
6069
6097
6024
5805
6073
5310
5233
5312
6071
6073
6083
6097
5577
6109
5726
6027
5310
5797
5310
5982
6005
5800
6027
6110
5832
5391
5726
5532
6027
5745
5465
5956
5474
6052
5477
6109
5533
5924
5772
5694
5805
5703
6131
6020
5868
5772
5391
5853
6073
6083
6103
6012
5665
6125
5923
6017
5231
6004
5997
5220
6017
5805
5997
5370
5645
6087
6012
6004
5665
5745
5495
5665
6073
6002
5310
5665
5341
5924
5391
6073
5249
5624
5477
5805
5391
6020
5370
5125
6073
6020
5424
6083
6024
5310
6019
6059
5142
6109
5805
5766
5924
6050
6109
5635
5726
6005
5766
6097
6027
6048
6027
5224
6027
5856
6020
5736
6017
6059
6083
5123
5726
6073
6059
5869
5480
5805
5539
6097
5577
6027
6103
5595
5805
6020
5123
6027
5310
5805
5778
5726
5123
6005
6097
5231
6027
6027
5163
5570
5840
5497
5639
5773
6127
5997
5726
5908
5796
5625
5481
5597
5533
5318
5533
5179
6103
5209
6039
6097
5665
5687
5414
5725
5995
5725
5725
5924
5938
5839
5974
5517
5481
5178
6024
6032
6027
5495
6002
5323
5951
5951
5533
5856
5527
5527
6048
5502
5495
5772
5725
5527
5935
6138
5209
5502
5445
6101
5814
5657
5982
5625
5625
6101
6071
6113
6099
5477
5778
5813
5380
5841
5533
6113
6073
5536
5287
5142
5303
5550
5456
5129
6002
5924
5766
5406
5473
6097
5692
5896
5414
5725
6110
5406
5364
5814
5495
5811
6019
5809
5673
5966
5156
5231
5452
5527
9224
6508
6970
7007
6984
6585
6556
6357
6622
7029
6543
6994
6642
7115
6675
6854
6622
6533
6675
6376
6574
7106
6621
6505
6192
7104
6937
6904
6897
6622
6517
7026
6631
6722
6492
6994
6728
7002
6240
6509
7155
6406
7093
6674
7067
6741
6621
6240
7100
6621
6605
6622
6556
6621
6437
7000
6621
6631
6621
7081
6556
6631
7142
7090
6639
6948
6487
6812
6631
6896
6303
6969
6437
6621
6189
6303
6327
6868
6621
6794
6437
6705
6621
6834
6585
6303
6794
6531
6837
6794
6912
6958
6252
6303
7047
6303
6154
6437
7075
6621
6646
6621
6543
7052
6912
6711
6622
6622
6494
7093
6631
6776
6621
7047
6705
7127
6995
6958
6556
6621
7047
6250
6621
6768
6631
7090
6163
7155
6834
7081
6958
6523
7033
6240
6621
6621
6252
6437
7100
6621
6969
6638
7093
6621
6284
6621
6778
6621
6478
6621
6778
6329
6621
7075
6437
6621
6437
6631
6827
6621
6437
6621
6154
7047
6160
6827
6330
7031
6517
7075
6621
6621
7126
7081
7126
6931
6241
7081
6834
6812
6931
6925
6845
6834
6509
7090
6621
6574
6897
6768
6621
7047
6621
6912
6163
6163
7075
6284
7126
6437
7090
6951
6165
6259
6290
7152
6621
6628
6912
6780
6478
6621
6776
7155
6622
6622
6534
6780
6646
6621
6780
6185
7073
6827
6951
6556
7067
6160
7072
6995
6556
7149
6649
7029
6322
6480
6715
7100
6307
6509
7081
6621
6784
6160
6631
6776
7073
6897
6649
6622
7090
6284
7126
6622
6969
6995
6776
6621
7115
6740
6969
6912
6556
7139
6579
7126
6233
6203
6912
6784
6927
6778
6621
6621
6189
7119
7155
7155
6621
7002
6556
6622
6333
6556
7029
6794
7119
7081
6794
7081
6530
7081
6794
7007
6621
6574
6621
6631
6556
6284
6185
6621
6827
6848
6834
6530
6621
6621
7073
6621
6437
7119
6779
6530
6912
6621
6478
6284
6827
7014
6969
6631
6605
6969
6958
6437
6556
7155
6969
6556
7073
6185
7155
6621
6458
6329
6586
6480
6621
6776
6621
6621
6621
7047
6621
6827
6284
6912
6621
6621
7155
7047
7139
7047
6621
6556
6776
6827
6437
6631
6284
6649
6556
6827
6776
7130
6284
6574
7149
6574
6380
6185
6621
6621
6778
6621
6621
6284
6621
6185
6621
6556
6185
6621
6638
6605
6574
6574
7155
6705
6374
6621
6621
6621
6912
6556
6284
6284
6437
6827
6776
6585
7103
6785
6357
7038
6621
6785
6785
6556
7126
6780
7007
6163
6931
6185
6945
6646
7047
6478
6579
6478
7155
6827
6478
6185
6487
6649
6827
7155
7047
6649
6329
7155
6300
6970
6289
7050
6621
6621
6794
7075
6621
6621
7002
6574
6969
7155
6485
6534
6995
6621
6649
6605
6631
6574
6927
6969
6579
7047
7047
6776
6154
6995
6995
6995
7149
6238
6582
6442
6621
7014
6628
6479
6631
6621
6642
6478
6741
6845
6383
7139
6845
6813
6154
6995
6995
6910
6487
6969
6958
7119
6680
7075
6969
6995
6995
6958
6705
6574
7149
7067
6478
6958
7126
6195
6186
6646
6657
6646
6768
6995
6322
6827
6437
7100
6995
6969
6776
6329
6512
6776
6845
6912
7073
7002
6995
6885
6768
6812
6740
6165
6391
7014
6698
6649
6530
6894
6194
6494
6381
6194
7047
7029
7090
7047
7029
6575
6740
7047
6845
6622
6651
7073
6303
6897
6780
6788
6698
6360
6154
6800
6837
6995
7085
6574
6203
7007
7019
6836
6534
7155
7155
7024
7014
6951
6165
6995
6951
6284
6437
6912
7029
6827
7100
6780
7072
6827
7115
6912
6605
6649
6776
6827
6995
6995
6575
7067
6845
6437
6154
6556
7139
7029
6284
6646
6649
6776
6968
6922
7119
6631
6621
6621
7149
6621
7148
7139
7126
7014
6556
6631
6154
6628
7002
6776
7029
6631
6154
6605
6827
7047
7119
6894
6649
6845
6631
6894
7072
6517
6284
7090
6995
6631
6265
6837
6288
6435
6969
7166
6995
6160
6758
6348
6303
6204
6810
7007
6912
6631
6834
7126
6794
6912
6487
7147
6175
7103
6927
6494
6958
6517
6872
6437
6494
6711
6944
7067
6709
6621
6696
6778
6855
7149
6778
6886
7090
6827
6897
6542
6855
6855
6827
6185
7029
6185
6776
6530
6628
6458
7090
7067
6912
6845
6646
6284
6827
7073
6163
6585
6784
6494
6927
6571
6914
6837
6758
6720
7081
6406
6995
7075
6827
7081
6322
6631
6969
6622
7064
6203
7081
7139
6556
6250
6607
6705
6711
6284
6327
6813
7014
6778
6383
6778
6907
6693
6621
6912
6454
7093
6204
6621
9225
7346
7202
8177
8055
7754
8013
7301
8010
7716
7581
7898
7650
7715
8072
7709
7510
7731
8141
7612
7579
7929
7796
8098
7948
7621
7866
7326
7557
8002
7714
8112
7549
7557
8003
7621
7669
7413
8112
7807
7411
7916
7414
7590
7820
7556
7923
7621
7621
7590
7484
7510
8064
7621
8162
8028
8066
8106
7459
7574
7932
7574
7923
7352
7508
7663
8174
7363
7609
7657
8070
7991
7720
7416
7815
8181
8013
7646
7715
7556
8063
7663
7484
7992
7967
8013
7720
7954
7459
7699
8042
8073
7897
7845
8042
8028
8145
8028
8084
7556
7549
7882
7556
7979
8151
7730
7803
8164
8028
7916
7991
7678
8151
7653
7586
7459
7183
8174
7694
7911
7653
7981
7621
8181
7459
8055
7950
7924
8034
8076
8002
8104
8048
7991
8101
7815
7950
7523
7932
7590
7411
7556
7730
7657
7317
8161
7459
8161
8162
7459
7404
7730
8161
8034
7459
8183
7646
7374
7954
7696
7574
7209
7374
7459
7337
8055
7293
7559
7264
8164
7669
7954
7326
8002
7932
7484
7528
7916
8093
7967
8013
8002
8042
8021
7632
8042
7950
7484
7923
7533
8013
8028
7696
8058
7484
7718
7718
8042
7796
7532
7796
7590
7992
7942
7814
7557
8002
7815
7612
7696
7905
7532
7954
8058
7923
7632
7459
7541
7923
7574
8093
8002
8181
7411
7835
8058
8145
7730
7632
7574
7730
8183
7574
8034
7716
7775
8013
8003
7556
8163
7814
7459
8096
8174
7632
7581
7715
8145
8013
7948
8013
7916
8042
8042
7716
7216
8064
8042
7533
7716
7940
8042
8039
7411
8028
7940
7549
7694
7720
7663
7264
7942
7845
7950
8076
8042
7411
7577
8042
8042
7459
7523
7577
7523
8162
8002
7459
7954
7897
7459
8176
7950
8076
7577
7815
8042
8162
8002
7653
7411
7653
7948
8093
7556
7932
8117
7924
7924
7653
7932
8104
7948
7653
7556
7916
7950
8170
8028
7459
7510
7950
7528
8042
8042
7528
8076
7528
8042
7932
7916
7528
7528
8002
7932
7839
7648
7591
7643
8101
8002
8183
7835
8161
7753
7753
8112
7459
7653
7459
7730
8183
7940
8034
7932
7730
7653
8162
8076
7556
7940
8028
7730
7411
7950
7459
8068
7678
7923
7459
8161
7653
7246
7932
7923
7940
8145
7924
7753
7916
7533
8055
7923
7533
8162
8055
7730
7924
7533
7916
8055
7730
7720
7843
7612
7354
8181
7696
8028
8104
7696
7932
7753
7198
7523
7532
8177
7246
7988
7574
7411
7696
7963
7451
7796
7574
7653
7612
7484
7574
7940
7246
7574
7835
7653
7653
7940
7730
7532
7940
7730
8112
8055
7612
7950
7678
7854
8003
7574
7718
7967
8162
7678
7895
7404
7718
7559
7818
7653
7612
8002
7612
8002
7796
8145
7612
7897
7916
7459
7459
8183
8028
8076
7950
7924
7715
7753
7796
8028
7897
7835
7663
7794
7694
7991
7694
7737
7557
7574
7730
8183
8106
7242
8002
7484
7895
7991
7991
7459
7459
8039
7411
7699
7796
7796
7612
7246
7924
8028
8076
7923
7967
7411
7967
7950
7924
8119
7464
8112
7532
7954
8145
7646
7532
7796
7459
8112
8112
7533
8106
8181
8028
8002
7835
7411
7653
8181
7574
7735
7173
7253
7667
7774
7967
7865
7528
7897
8164
7363
7203
7693
7954
7962
7362
7638
7528
7715
7528
7815
7796
8104
7991
8002
7730
8002
7954
7699
7948
8174
7411
7916
7459
7256
7592
8055
7950
7950
7632
7528
7730
7484
8028
8042
8028
7910
8184
7533
8028
7528
8042
7966
7991
7696
7720
7246
7923
7954
7932
7715
8104
7796
7950
7612
7646
7932
7694
7950
7200
7459
8104
8055
7954
7459
7414
7954
7954
7557
8076
7923
7227
7719
8145
7533
7718
7718
7459
7574
7791
8002
7459
7203
8093
7715
7678
7696
7948
7954
7720
8028
7916
7954
7753
7730
7411
7916
7948
7459
7815
8002
8145
8076
7932
8145
7715
7459
7646
8181
7203
7730
7612
7828
7526
7365
7828
7897
8058
7740
7252
7954
7879
7699
8108
7320
7991
7577
8151
7897
7963
7537
7612
7293
8029
7510
7454
7352
8190
7886
7916
8151
7954
7337
7835
7910
8106
7716
8183
7653
7459
7911
7932
7678
8034
7621
7632
7632
7574
7532
7720
8042
7719
7638
7974
7663
7523
8096
8029
7632
7632
8021
7411
7967
7559
7577
7794
7638
7803
7811
8181
7895
7985
8117
7803
7719
8055
7715
7320
8102
7621
7246
7621
7337
8151
8151
7950
7747
8073
7406
7459
7883
8161
7753
7577
7730
7954
7612
7796
7533
7911
7905
8131
7510
7820
7820
9226
8729
8587
8535
8621
8814
9182
8219
8280
8575
8256
8915
8936
8493
8341
8365
8664
8372
8892
8755
8256
9117
8469
8299
8546
8852
8507
8856
9064
8501
9166
9200
8676
8535
8658
9132
8384
8915
8658
9037
8602
8661
9210
8546
9129
8661
9029
8809
8507
9210
8750
9196
8717
8676
9204
8551
9211
8697
8961
9189
9043
8660
8580
8432
9013
8602
9153
8617
8507
8507
8621
9021
8697
9189
8820
8990
8757
9153
8518
8750
9204
9043
8708
8602
8354
8585
8892
8354
8831
8255
8650
8621
8501
9180
8605
8661
8661
8667
8429
8667
9157
8687
9139
9072
8507
9205
9139
9029
8667
8661
9171
8990
9051
9181
9010
9180
8796
9027
8507
8726
8664
8608
9204
8660
8664
9051
8893
9189
8438
9051
8909
9043
8507
8564
9139
8364
9210
8507
8207
9010
8392
8507
8903
8234
8790
8234
8585
8720
8463
8621
8667
9027
8602
8514
9020
8501
8365
8650
9139
8893
9020
8667
8863
9020
9037
8820
8507
8299
8575
8452
8528
8546
8651
8365
8842
8820
8354
8650
9027
9051
9189
8726
8650
8661
8708
8820
9204
8365
8661
8790
8667
8429
8750
8658
8621
9091
8664
9020
8575
8206
9005
8814
9123
8610
9060
8960
8664
8463
9089
8751
9051
9089
8507
8726
9204
8790
8726
8507
8621
9205
8726
8751
8507
8507
8726
9020
8893
9181
8751
9181
9211
9181
8650
8726
8546
8980
9027
8507
8255
8720
8697
9205
8726
8501
8664
8667
8755
9181
9029
8726
9024
9211
8661
8726
8608
9070
8697
9108
8365
8750
9070
9123
9171
8726
8602
8575
8585
8892
8892
8854
8208
8671
8634
8621
8998
8750
8658
8425
9139
8575
8998
8507
8621
8507
8998
8661
8786
9123
8909
8507
8402
8998
8255
8893
8585
8998
8365
9204
8820
8726
8602
9123
8472
8518
8507
8546
9211
9139
8658
8585
8726
8514
9024
8575
8893
9210
9091
9091
8893
9091
9091
8893
9010
8893
8726
8507
8820
8708
8667
8667
8365
9167
8820
9204
9196
9051
9149
9037
9139
8507
9181
8708
8514
8621
9204
8535
8892
9020
8365
9010
8585
9091
9091
9210
9091
8602
9020
8667
9020
9204
9037
8514
9027
9123
8667
9091
8667
9181
8664
9029
8365
8893
8750
9181
8575
9181
8893
9123
8585
9091
9027
8585
8507
9167
8726
8664
9129
8893
9020
9171
8872
9051
8750
8585
8936
9211
9205
8820
9027
9205
8726
9180
8782
8852
9027
8507
8365
8726
9020
9210
9210
8608
8372
8839
8501
8726
8790
9091
9024
9210
9010
8726
8726
8535
9211
8429
9123
8429
9204
9204
9204
8658
9123
8429
8501
8976
8680
8998
9211
8426
8507
8658
9189
8429
8751
8365
8514
9196
8660
9189
8381
8575
9181
9181
9181
9123
8664
8708
8429
8750
8575
8575
9211
9153
9129
8667
8365
8720
8722
8281
8903
9129
9189
9153
8697
8235
9129
9123
9210
9051
8708
8425
9204
8429
8814
8575
8790
8820
8661
8664
9020
8436
8960
8365
9020
8575
9210
8452
8650
8514
8514
9181
8551
8862
8831
8603
8779
9210
9210
9119
9010
9029
9027
8909
8436
9091
9020
8893
8585
9204
8862
8585
8602
8814
9020
9027
8429
9196
9184
8864
8903
8440
9129
8621
8514
8459
8687
8330
8585
8575
8914
8507
9132
8331
8892
8436
8535
9189
8998
8814
8518
8943
9153
9139
8514
8998
8273
8650
8852
8726
8650
8650
8958
9051
9153
9020
9051
8650
8893
8402
8893
8755
9129
9190
9132
9048
8726
8605
8438
8365
8402
8507
8546
8370
9123
9027
8831
8909
8752
8726
8893
8650
9139
9027
8750
8790
8365
8365
9010
8814
8755
8936
8720
8726
8514
8893
8501
8820
9181
8549
8664
9204
8862
9204
9139
8750
8820
9020
9051
8820
8790
8650
9139
8850
8820
8820
8501
9123
9204
8501
9211
8602
9210
9043
9181
8514
8893
9020
8862
8501
8814
8650
9157
8365
8285
9085
9139
8852
8998
9074
8602
8820
8998
8585
9129
9089
8783
8936
9024
8850
9021
8998
8852
8814
9123
8839
9153
8422
9070
8273
9180
9205
9116
8546
8697
8930
8585
8514
8663
8864
9189
8991
8667
9024
9139
8726
8712
9027
9129
8831
9210
9181
9181
9091
8712
9129
9211
9020
8754
8750
9070
8892
9205
8664
8501
8664
8429
8365
8960
8754
8292
8446
8575
8708
8822
9022
9129
9118
8801
8664
9210
9129
8602
9027
8365
9116
8514
8960
8429
8548
9184
8535
9037
8514
8439
8980
9200
8852
8365
8944
9132
8842
8234
8903
8452
8585
8546
8507
8712
8330
8755
9139