9217
9218
587
104
625
72
853
469
249
221
456
196
211
284
294
432
432
713
501
1023
424
221
630
697
1020
263
392
211
745
54
334
534
42
625
188
853
853
853
853
57
485
120
889
934
73
29
549
29
392
209
126
359
73
545
549
822
475
782
782
214
615
119
119
263
120
944
944
454
454
42
42
625
625
188
782
214
468
825
936
277
196
978
284
294
432
432
263
548
1023
1023
424
630
697
1020
28
120
211
745
54
42
534
625
404
188
615
853
697
853
936
936
923
1009
388
397
983
323
502
717
419
73
624
388
545
545
822
624
437
323
341
119
119
468
566
415
28
944
388
54
534
42
534
625
625
469
469
677
677
485
485
437
323
651
359
641
132
263
263
122
422
41
135
983
910
502
404
28
764
388
54
534
42
534
625
442
624
927
853
468
825
825
263
1009
624
388
397
404
487
263
28
887
169
549
29
549
822
822
624
41
775
615
468
468
119
420
1009
388
253
983
483
132
132
485
442
624
775
853
468
825
936
624
41
25
641
363
468
263
263
717
624
323
502
983
910
604
415
717
359
388
54
534
42
534
625
122
624
927
502
469
677
677
415
520
73
388
397
549
822
983
437
822
717
1023
347
545
822
822
482
782
149
624
927
870
468
981
28
944
54
388
388
886
983
3
625
625
717
624
41
853
566
825
415
651
624
41
135
502
132
713
981
263
717
624
135
502
983
437
604
420
1009
944
388
54
534
42
625
625
624
41
927
853
59
825
824
415
651
73
388
397
983
983
3
822
717
624
388
231
468
1020
119
415
624
624
927
502
468
981
28
1009
54
422
388
42
983
983
502
625
717
717
624
437
604
825
936
1020
651
624
388
578
502
132
132
263
263
122
41
502
59
983
604
351
122
1009
388
54
231
92
708
415
482
624
927
502
630
468
981
415
1009
73
388
641
983
983
132
132
782
717
714
983
927
351
351
1009
1009
624
388
231
92
870
351
263
651
645
388
502
122
983
910
625
122
1023
714
437
775
527
825
485
934
624
388
641
132
132
263
263
717
624
41
604
717
983
437
604
819
364
388
388
517
534
42
485
149
624
927
853
468
566
482
1009
651
624
268
397
463
983
323
822
717
717
624
775
468
936
28
1009
54
624
483
92
468
825
936
1009
651
764
388
54
983
983
604
625
782
170
9219
1432
2041
2041
2041
1859
2041
2041
2041
1762
2041
2041
1130
1130
1762
1903
1428
1428
1879
1130
1428
1130
1130
1130
1130
1130
1130
1130
1130
1130
1130
1130
1762
1130
1432
1762
1762
1762
1232
1281
1454
2041
2041
2041
2041
2041
2041
2041
2041
2041
1762
2041
2041
1762
1762
1762
1762
1762
1762
1900
2043
1762
1432
2041
1748
1858
2041
1900
1900
2043
2041
2043
1879
1432
2041
1900
1900
2043
2041
1900
2043
2041
1454
2043
2041
1900
1762
1762
1762
1432
1762
1762
1432
1432
1432
1928
1900
1900
2041
2041
1762
1762
1762
1762
1762
1762
1762
1762
1762
1762
1762
1762
1762
1432
1762
1762
1762
2041
1879
1394
1879
1130
1130
1130
1879
1130
1130
1130
1130
1762
1130
1762
1432
1762
1432
1762
1432
1762
1432
1432
1252
2043
1232
2043
1454
2041
2043
2043
2041
1130
1762
1762
1762
1879
1130
1130
1130
1130
1762
1762
1762
1762
1762
1762
1428
1748
1363
2041
1900
1363
2041
1762
1762
2041
1130
1879
1762
2041
1900
1363
2041
1900
1900
2041
2041
1900
2043
1363
1900
1762
1762
1762
1762
1432
1762
1762
1432
1432
1432
1432
1076
2041
2041
2041
2041
2041
2041
2041
2041
2041
2041
1762
1762
1762
1762
1130
1762
1762
1130
1762
1130
1762
1859
1762
1432
1762
2043
1762
1762
1762
1432
1762
1432
1432
1432
1432
1432
1432
1432
1432
1432
1859
1432
1432
1432
1432
1130
1454
2041
2043
2043
1762
1762
1900
1900
1900
1762
1762
1762
1859
1859
1762
1432
1762
1762
1432
1432
1432
1762
1762
1900
1900
2041
1900
1762
1130
2041
1900
1762
1762
1432
2041
1748
2043
2041
1900
1900
2041
2041
1900
2043
2041
1900
2043
2041
1900
1762
1762
1762
1762
1762
1432
1432
1432
1130
1762
2043
1762
2041
2041
1762
1762
1762
1762
1762
1762
1762
1762
1859
1762
1762
1762
1762
1762
1762
1762
1762
1762
1859
2043
1432
1130
1432
1432
1432
1432
1432
1432
1432
1130
1432
1859
1432
1432
1432
1859
1859
1432
1432
1432
1432
1432
1432
1762
2041
1762
1762
1762
1762
1762
1432
1432
1432
1432
1859
1859
1432
1432
1762
1762
1762
1762
1762
1432
1432
1762
1454
2043
2041
1900
2043
2041
1900
1900
2043
2041
1900
2043
2041
1900
2043
2041
1900
1900
2041
2041
1900
1762
1762
1762
1762
1859
1859
1762
1432
1762
1762
1432
1432
1432
2041
1900
2041
2041
2041
2041
1762
1762
1762
1762
1762
1762
1762
1762
1762
1762
1432
1432
1432
1432
1432
1432
1432
1432
1762
1762
2041
1363
1432
1432
1432
1432
1432
1432
1432
1432
1432
1086
1432
1130
1432
1432
1432
1432
1432
1859
1859
1432
1086
1086
1762
1281
2041
2041
1762
1762
1762
1762
1762
1762
1762
1762
1762
1859
1859
1432
1432
1432
1762
1762
1762
1432
1762
1762
1762
1281
2023
2041
1900
1900
2043
2041
1900
2043
2041
1900
1900
2041
1130
1762
2041
1762
1762
1762
1432
1762
1762
1432
1432
1859
1859
1432
1432
1432
1432
1432
1432
1432
2041
2041
2041
1762
2041
1859
1432
1762
1762
1859
1859
1432
1432
1762
1432
1130
1432
1432
1859
1859
1432
1432
1432
1432
1432
1432
1432
1900
2043
1363
1762
1130
1762
1432
1432
1432
1432
1432
1432
1432
1432
1432
1432
1432
1432
1432
1432
1432
1086
1432
1432
1432
1762
2041
1900
1432
1762
1432
1432
1432
1432
1432
1432
1432
1859
1859
1432
1432
1432
1432
1432
1432
1432
1432
1086
2043
2041
1879
1762
2041
1762
1859
1859
1762
1432
1762
1762
1762
1130
1762
1432
1859
1762
1432
1432
1432
1432
1432
2041
2041
1363
1859
1762
1762
1762
1432
1432
1432
1432
1432
1432
2043
1900
2043
1762
1762
1762
1900
1900
1859
1762
1762
1762
1762
1762
1762
1432
1859
1432
1432
1432
1432
1432
1432
1762
1428
2041
1363
1859
1432
1762
1432
1432
1432
1762
1762
1432
1130
1432
1859
1432
1432
1762
1432
1859
1363
1432
1432
1432
1281
2041
2041
1762
1900
1762
1762
1900
1762
1762
1762
1762
1762
1363
1130
1762
1762
1762
1762
1762
1762
1432
1762
2041
1281
1130
1762
2041
1900
1762
2041
1363
1762
1762
1762
1762
1130
1130
1762
1762
1762
1432
1762
1762
1432
1900
2043
1900
1900
1859
1900
1900
1762
1762
1762
1432
1432
1762
1762
1432
2041
2041
2041
2041
2041
2041
2041
2041
1762
2041
2041
1762
2041
2041
1762
9220
2350
2350
2961
2961
2985
2961
2694
2961
2985
2961
2961
2985
2472
2985
3017
2800
2961
3017
2472
2694
2566
2566
2472
2566
2961
2472
2961
2472
2472
2961
2472
2566
2566
2472
2961
2961
2961
2889
3012
2452
2961
2961
2350
2350
2350
2961
2961
2961
2961
2985
2694
2961
2985
2985
2566
2592
2472
2566
2592
2877
2985
2472
2788
3017
2907
2748
2350
2907
2985
2889
2472
2961
2472
2649
2350
2907
2985
2889
2907
2961
2566
2889
2813
2566
2566
2411
2985
2566
2566
2649
2566
2472
2472
2472
2985
2452
2452
2788
2452
2592
2788
2788
2788
2788
2788
2788
2566
2907
2788
2961
2907
2907
2472
2566
2907
2566
2566
2350
3012
2944
2472
2800
2907
2961
2961
2566
2566
2961
2592
2566
2961
2472
2961
2472
2566
2566
2961
2566
2472
2694
2350
2976
2942
2985
2748
2985
2985
2748
2985
2788
2097
2788
2788
2788
2788
2788
2788
2788
2788
2566
2961
2472
2961
2889
2649
2097
2889
2350
2411
2592
2889
2907
2961
2961
2566
2748
2350
2350
2907
2411
2350
2907
2748
2889
2907
2566
2985
2905
2411
2985
2566
2985
2472
2566
2452
2472
2472
2472
2472
2985
2813
2472
2566
2162
2961
2961
2961
2961
2961
2961
2985
2985
2985
2985
2788
2788
2788
2788
2788
2788
2788
2788
2566
2472
2961
2411
2961
2472
2961
2472
2592
2472
2472
2566
2472
2566
2566
2566
2961
2566
2961
2566
2961
2566
2472
2472
2411
2788
2649
2694
2907
2907
2907
2907
2961
2907
2907
2907
2472
2350
2350
2350
2350
2350
2350
2350
2985
2985
2985
2350
2961
2905
2350
2907
2411
2889
2566
2592
2566
2472
2889
3017
2813
2985
2350
2907
2748
2889
2907
2961
2961
2566
2592
2961
2961
2985
2889
2566
2985
2961
2472
2472
2566
2985
2350
2592
2985
2748
2748
2985
2985
2985
2985
2592
2592
2788
2788
2788
2788
2961
2566
2961
2566
2566
2961
2961
2592
2566
2411
2566
2961
2472
2961
2566
2566
2961
2961
2961
2961
2976
2472
2472
2566
2566
2961
2961
2566
2566
2961
2961
2472
2566
2566
2961
2985
2985
2985
2592
2985
2472
2472
2472
2472
2472
2472
2472
2472
2961
2566
2566
2566
2961
2472
2472
2592
2907
2788
2985
2889
2813
2985
2350
2907
2985
2889
2907
2961
2961
2649
2961
2961
2350
2452
2961
2889
2907
2411
2985
2566
2985
2566
2472
2592
2961
2961
2566
2472
2472
2472
2889
2990
2961
2976
2961
2961
2350
2985
2985
2985
2985
2985
2985
2985
2985
2985
2985
2472
2472
2472
2472
2472
2472
2472
2592
2592
2961
2961
2592
2472
2566
2472
2566
2566
2961
2961
2961
2472
2472
2472
2472
2566
2566
2961
2961
2592
2961
2566
2472
2472
2985
2350
2694
2694
2350
2350
2350
2985
2985
2985
2985
2985
2985
2985
2985
2985
2566
2472
2592
2592
2566
2472
2961
2566
2592
2907
2694
2411
2889
2907
2985
2889
2907
2694
2961
2889
2411
2961
2889
2452
2694
2472
2985
2889
2472
2566
2961
2472
2472
2961
2905
2472
2566
2566
2566
2566
2566
2566
2694
2350
2411
2985
2961
2985
2985
2985
2985
2985
2985
2985
2985
2985
2472
2788
2472
2566
2961
2566
2472
2566
2472
2472
2472
2472
2566
2889
2813
2961
2566
2961
2961
2472
2472
2566
2961
2472
2566
2566
2472
2472
2472
2566
2472
2472
2472
2472
2472
2961
2566
2566
2411
2889
2748
2985
2566
2566
2472
2472
2472
2472
2472
2472
2472
2566
2566
2566
2566
2566
2961
2961
2961
2961
2472
2411
2097
2889
2961
2961
2961
2566
2566
2961
2472
2961
2566
2961
2961
2961
2566
2566
2961
2472
2472
2472
2472
2472
2411
2889
2162
2566
2961
2566
2566
2472
2472
2566
2566
2566
2472
2411
2813
2788
2566
2907
2907
2592
2592
2907
2907
2566
2566
2566
2350
2350
2350
2350
2350
2350
2350
2985
2985
2985
2985
2411
2748
2566
2961
2472
2961
2472
2472
2472
2592
2961
2472
2472
2566
2472
2472
2566
2592
2472
2961
2961
2472
2472
2472
2694
2788
2788
2788
2411
2788
2788
2961
2907
2907
2907
2907
2907
2907
2566
2566
2350
2350
2350
2350
2350
2350
2907
2748
2889
2907
2452
2961
2748
2411
2592
2889
2907
2985
2889
2907
2411
2985
2566
2592
2985
2472
2961
2985
2472
2907
2889
2162
2907
2907
2325
2350
2350
2350
2350
2350
2350
2350
2350
2985
2889
2961
2350
2350
2350
2350
2566
2592
2985
2961
2694
2985
2694
2694
2592
9221
3108
3824
3893
3893
3893
3108
3725
3725
3108
3891
3108
3935
3869
3891
3652
3335
3690
3108
4039
3858
3869
3858
4039
3108
3108
3108
4039
3108
3108
3858
4039
3858
3108
3725
3725
3725
3725
3111
3987
3951
3950
3904
3725
3950
4054
4054
4054
3858
3725
3725
3725
3935
3891
3891
3108
3108
4054
3725
4039
3904
3747
3750
3893
4072
3782
3782
4061
3725
3108
3893
3750
3952
3858
4054
3904
4088
3904
3858
4061
3987
3108
3891
3891
3901
4061
3858
3858
3750
3858
3858
3904
3108
3901
3858
3778
3725
3725
3824
3901
3987
3858
3782
3893
3893
3858
3108
3891
3858
3893
4061
3858
3858
4061
3893
3858
3108
3782
3891
3202
3869
3869
3893
3782
3858
3933
3750
3750
4009
3858
3750
3725
3858
3858
3858
3725
3858
3858
3858
3858
3725
3901
3951
4072
4072
3108
3108
3108
4039
3891
3904
3893
3904
3108
3858
3858
3108
3893
3893
3893
3891
4061
3891
3858
3858
3891
3893
3725
3725
3987
4077
3858
3782
4072
4009
3725
3782
3725
4061
4054
3966
4061
4061
3782
3858
4061
3750
4088
4072
3904
3893
3891
3891
3750
4072
3725
3858
3108
3108
3108
3782
3893
4054
4054
3893
4054
4072
3108
3108
3108
3108
3858
3891
3891
3891
3268
3725
3858
3108
3108
3108
3893
3893
3891
3750
3750
3987
3858
3891
4009
3108
3750
3858
3108
3858
3725
4009
4009
3108
3858
4009
3108
3858
3858
3108
3858
3750
3284
4072
3108
3750
3904
3904
3904
4061
3893
4061
4061
4061
3893
3750
3108
3750
3108
3824
3858
3858
3893
3893
3893
3824
3891
4072
3987
3725
3987
4054
3893
3858
3858
3108
3725
4072
3891
3891
4061
3782
3782
3893
3725
3108
3987
3893
3987
4054
3893
3891
3858
3891
3108
3108
3858
3858
3108
3108
4072
3893
3725
3725
3108
3858
3858
3891
3891
3750
3750
3858
3108
3858
3108
3891
3891
3891
3891
3891
3891
3108
3858
3108
4009
3725
3750
3725
3858
3108
3108
4009
3858
4009
3108
4009
4077
3858
3858
3858
3858
3858
3858
3108
3858
3108
3725
3108
3725
4054
4054
4054
3891
3108
3891
3891
3891
3891
3891
3891
3891
3108
3891
3108
3858
3108
3108
3858
3858
4061
3893
3891
4009
4009
4072
3891
4072
4061
3782
4009
4009
4061
3782
3987
3893
3987
3108
4072
3891
3891
3904
4054
4061
3893
3891
3108
3750
4077
3858
3858
3108
4072
3858
3858
3108
3750
4054
3904
3893
3893
3893
3782
3893
3893
3858
3108
3108
3108
3108
3108
3891
3891
4009
3108
3108
3108
3891
3891
3858
3750
3891
3108
3750
3725
3858
3858
3935
3108
3108
4009
4009
3108
3858
3108
3725
3858
3108
3858
4009
4009
4077
3108
3108
3858
3858
3893
3782
3893
3893
3782
3782
3108
3893
3858
3858
3108
3108
3108
4077
3891
3891
3858
3108
3750
3750
3108
3858
3108
3891
3750
3750
4087
3966
4061
4061
3891
4009
4061
3987
3108
4072
3987
3108
4072
3891
3725
3893
3891
3858
3858
3108
4072
3858
3108
3108
3858
3108
3858
3108
3108
3108
3108
3108
3725
3891
3893
3893
3893
3893
3893
3108
3108
3108
3108
3891
3891
3891
3108
3268
3725
3108
3891
3750
3891
3891
3891
3891
3108
3108
3108
4088
3891
3952
3725
3108
3858
3108
3108
3108
4009
3108
3108
3108
3858
4009
3108
3108
3108
3108
4009
3108
3858
3108
3108
3108
3725
4072
3893
4061
3893
3108
3893
3108
3108
3108
3858
3108
4077
3858
3858
3108
3858
3108
4009
4009
4009
3108
3858
3782
3893
3952
3891
3108
4009
3858
3750
3858
4079
3858
4054
4009
4009
3858
4009
3750
3108
3108
3108
3108
3108
3858
3108
3108
3108
4054
3858
3108
3901
3858
3858
3858
3858
3858
3108
3750
4072
3893
3891
3904
3782
3891
3891
3858
4061
3893
3893
3893
3858
3108
3858
3750
3858
3750
3750
3858
3893
3893
3108
3901
3987
3965
3725
3987
3108
3108
3858
3108
3108
3858
3858
3858
3858
3858
4061
3858
3750
3108
3858
3108
4009
3108
3858
3750
3782
3901
3893
4061
3893
3893
3891
4061
4061
3725
3725
4061
3858
3893
3893
3108
3824
3824
3108
3108
3750
3108
3782
4008
4087
4009
3901
3893
3987
3108
3750
3782
3891
3858
3108
3987
3108
3893
3891
3108
3893
3891
3891
4061
3725
3891
4061
4061
3858
3901
4061
3891
3901
3858
3858
3858
3108
3901
3893
3893
3893
3108
3824
3108
3891
4054
4077
3893
3108
3725
3858
3725
3725
4061
9222
5052
4769
5052
5052
4858
5052
4962
4962
4962
4962
5114
4311
5114
4837
5052
5094
4654
4830
4985
4460
4876
4876
4876
4769
4837
4654
4311
4769
4769
4876
4810
4837
4837
4837
4837
4837
4837
5118
4150
5052
4755
5052
5058
5058
5114
5052
4837
4962
4962
4311
4962
4810
5052
4837
5114
5114
5114
5114
4962
5114
4769
4769
4170
5058
5115
5114
5114
4837
4837
4962
5118
4837
4769
4837
5118
4889
5015
4962
5015
4962
5052
5118
5052
4962
4934
4934
5118
4837
5052
4837
4769
4170
4837
4962
5110
5052
5114
4962
5114
5114
4962
4962
5052
5015
4837
4837
5118
5114
4837
4311
5052
4837
4311
4837
5052
4837
5118
5015
4876
5115
4132
5114
4384
4962
4962
4837
4837
5052
5052
4769
4837
5052
4837
4769
4837
4837
4837
4837
4837
4769
5015
4983
5052
4962
4769
4830
5114
5114
5114
4962
5118
4311
4962
4962
5015
4769
4769
4837
4837
5118
5118
5015
4830
5015
5115
4201
4889
5118
4858
4769
5015
5015
5114
4769
4769
4962
5114
4934
4414
5110
5052
5015
5114
4170
5052
4962
4170
5118
4769
5118
5052
5052
4837
5118
4837
4769
4837
5052
4837
4747
5015
4837
4769
4769
4926
4170
4962
4962
4962
5114
4962
5052
4311
4926
4837
4955
5052
5052
5052
5052
5052
4769
5118
4837
4837
4889
4837
4837
4769
4769
4769
5052
4837
4837
4837
4837
4769
4837
4837
4837
4837
4837
4837
4837
4837
5118
5114
5118
5118
5118
4889
4837
4837
5058
5058
5052
5052
5052
4769
5118
5118
4837
5118
5015
5114
5114
5015
4769
4837
4934
4889
5114
4837
4837
4962
4837
4926
4962
5052
4837
5115
5058
4876
5052
5118
4769
4769
4962
4837
4962
4962
4926
5058
4837
5114
4837
5015
4837
4934
4837
4837
4837
4837
4962
5114
4311
4962
5118
4955
4955
4955
4769
4837
5114
5114
4962
4962
4962
4962
4837
4837
4837
4837
4837
4837
4837
4769
4837
5118
4962
4837
4769
5052
4837
4837
4837
4837
4837
4837
4837
4769
4837
4837
4837
4769
4769
4837
4837
4837
4837
4837
4962
4962
5114
4934
4837
4837
4962
4837
5052
5052
5052
4837
4769
4769
4769
5052
4837
4837
4837
4837
4837
4837
4311
4769
5052
4170
4889
5015
4769
5015
5114
4769
4837
4962
4311
4934
4962
5015
4769
4170
5114
4889
4889
4769
5052
5114
5015
4837
4837
4769
4170
4769
4837
4837
4837
4837
4837
4837
5118
5052
4170
5058
5058
4837
4769
4837
4962
4837
4962
4962
4962
4962
4311
5052
4311
5114
5114
5114
5114
5114
5114
5114
5114
4769
5114
4837
4962
4837
4837
4830
4837
4837
4837
4837
4837
4769
4837
4837
4837
4837
4837
4837
4837
4769
4837
4837
4769
4769
4837
4747
5058
4837
4769
4769
5114
4962
4962
4837
4837
4837
4837
4311
4311
5015
5114
5114
5114
5114
5114
5114
4837
4837
4769
5052
4170
5110
4962
4889
4837
4170
5052
5015
4837
4837
4769
4889
5015
5015
4837
5114
4837
4889
4962
5052
4837
5052
4837
4769
4858
4837
4769
4837
4837
4837
4837
5052
4837
4769
4170
4962
4962
4769
4962
4837
4837
4311
4311
5052
5015
4769
5114
4837
5114
5114
5114
5114
5052
4837
4837
5052
4769
4837
4837
4170
5118
4858
4170
4962
4837
4837
4837
4837
4769
4837
4837
4837
4837
4837
4837
4837
4837
4837
4837
4837
4769
4837
4837
4837
5052
5052
4889
4311
4926
4962
5052
4837
4837
4837
4837
4837
4837
4311
4837
4837
4837
4837
4837
4837
4769
4837
4769
4170
5015
5058
4170
4955
4837
4955
4769
4837
4962
4837
4837
4769
4769
4837
4962
4769
4837
4837
4837
4769
4837
4837
4934
4460
4858
4926
4170
5052
4962
4837
4837
4837
4837
4837
4837
5118
5118
5118
4837
4837
4837
4769
5118
5015
5052
5118
4769
4837
5118
5118
4837
4769
4837
4837
5114
4837
5015
5114
5118
5115
5114
4876
4962
4837
4837
4769
4769
4769
4769
4837
4837
5115
4837
4769
4962
4837
4837
4837
4837
4858
4769
4769
4769
4837
5115
5052
5015
5118
5015
5015
5118
4311
4311
4837
5052
5052
4858
5118
4837
5118
5015
5015
5118
5118
5118
4837
5110
4962
4311
4962
5052
5118
5015
4769
4858
4311
5052
4962
5052
4837
4769
5114
4962
4837
5052
4837
4837
5052
5015
4170
4934
5052
5052
4311
5118
5118
4837
5118
4769
5114
5114
4934
4769
5015
4837
5114
5015
5058
4170
4837
4769
4962
4962
4962
4837
4962
5114
4934
9223
5766
6110
6002
6002
5742
5742
5742
5742
5742
6002
6002
6002
5766
5742
5527
6032
5766
6109
5527
6002
6005
5924
5832
5742
5924
5832
5527
5832
5856
5726
5574
5742
5568
5568
5742
5742
5742
6109
5527
5527
5982
5495
5495
5648
6109
5495
6002
5648
5742
5726
5742
5742
5648
5742
5568
5568
6002
5726
5832
5832
5832
5495
5648
6103
5495
6002
5924
5766
6024
6024
5527
6002
5568
5742
5832
6024
5766
5924
5310
5766
5568
5310
5924
5742
6127
5832
5982
5495
5568
5924
5832
6002
6002
6002
5742
6002
6002
5924
6002
5832
5310
5648
5832
5742
5310
5310
5982
5568
5568
5495
5742
5568
5495
5568
5742
5495
5310
6005
6127
5832
6005
6109
6002
6109
5832
5742
5742
5766
5495
5574
5766
5742
5742
5568
5766
5568
5742
5568
5568
5310
5766
5800
6089
5231
5832
6002
5231
5832
6002
5832
5832
5310
6005
5574
5832
5310
5832
5832
5832
5832
5742
5568
5742
6004
5766
5310
5648
5495
5495
6002
5310
5568
5742
5568
5527
5742
6048
6048
5766
5527
5924
6024
5924
5766
5766
5924
6103
5527
5832
5568
5495
5648
5648
5924
5742
5568
6002
5568
5568
6048
5231
6027
5310
5766
5310
5982
5982
5982
5982
5982
5742
5742
5568
5924
5209
5310
6004
5310
5648
5495
5766
5821
5568
5568
5495
6103
5568
5568
5568
5574
5568
5568
5568
5568
5568
5568
5568
5568
5568
5568
5742
5568
5568
5568
5574
5527
5766
5766
5924
5766
5832
5766
5766
5832
5832
5924
5310
5742
5742
5495
5568
5832
5568
5742
5742
5742
5648
5742
5742
5982
5310
5924
5648
5742
6002
5766
6004
5924
5742
5568
5766
5495
6004
6002
6048
5648
5742
6024
5310
5924
5310
5832
6024
5742
5574
5568
5766
5568
5766
5742
5568
5568
5568
5495
5527
6004
5495
5832
6024
6002
6002
5648
5742
5766
5766
5310
5310
5310
5310
5568
5568
5568
5568
5568
5648
5495
5742
5495
5742
5568
5495
5766
5832
5568
5568
5766
5568
5568
6004
5742
6048
5574
5568
5568
5742
5742
5568
5568
5568
5568
6004
5568
5742
5924
5766
5924
5924
5742
5648
5568
5568
5568
5568
5742
5742
5495
5495
5495
6048
5495
6024
5495
5495
5742
5568
5574
5574
5574
5495
5924
5495
6048
5982
6024
5924
5310
5766
5310
5924
5766
5568
6103
5648
5568
5495
5766
6002
6002
6024
5742
5924
5568
5568
5568
5568
5832
5568
5568
5568
5832
5310
5310
6103
5832
5832
5832
5568
5742
5310
5648
5648
5742
5742
5568
5742
5648
5568
5568
5568
5568
5310
5310
5568
5568
5568
5568
6024
5648
5568
5568
5568
5568
5568
5568
5568
5568
5742
5568
5742
5832
5568
5832
5568
5568
5742
5821
5568
5742
5742
5832
6048
5982
5742
5924
5924
5568
5742
5310
5310
5648
5742
5742
5742
5648
5648
5568
5568
5568
5568
5742
5568
5742
5568
5574
5742
5310
5527
5310
5742
6103
5766
6002
5766
5568
5766
5495
5568
5924
5742
5982
5495
5648
6024
5568
5495
5742
5568
5568
5742
5742
5568
5568
5568
5568
5568
5568
5568
5982
5742
5648
5742
5648
5982
5982
5568
5742
5742
5742
5832
5648
5742
5568
5209
5568
5568
5310
5495
5832
5568
5568
5568
5568
5495
5495
5495
5832
5924
6103
5924
5832
5568
5568
5568
5568
5568
5568
5568
5568
5568
5568
5568
5832
5568
5648
5568
5648
5568
5568
5568
6002
5742
6103
5495
5568
5568
5568
5568
5568
5568
5568
5568
5742
5821
5568
5568
5568
5568
5742
5742
5742
5742
5742
6110
6024
5310
6002
6024
5832
5924
5574
5832
5568
6048
5742
5568
5982
5568
5742
5742
5742
5568
5568
5568
5568
5568
5832
5574
5821
5310
6002
5982
5742
5568
5568
5568
5574
5568
6048
5982
6083
6004
6002
5832
5924
5209
6027
5648
5924
5568
5568
6048
5495
5568
5742
5742
5568
5832
5648
5310
5648
5648
5310
5924
5766
5832
6103
5568
5568
5574
5574
5568
5568
6048
5568
5568
5568
6024
5742
5568
6004
5568
5742
5821
5648
5568
5568
5982
5982
5742
5982
5982
5766
5766
5766
5742
5742
5568
5742
5742
5832
5982
5568
5495
5495
6103
5568
5568
5568
5310
5832
5310
6002
5527
5742
5568
5742
5568
5766
5832
5766
5310
5766
6002
5568
5495
5742
5742
6002
5742
5568
5742
5982
5568
5310
5982
5648
5310
5982
5982
5766
5982
5495
5568
5648
5924
6002
6004
5726
5231
5495
5832
5648
5310
5310
5742
5742
5742
5568
5742
5924
5742
9224
6827
6154
7025
7025
6827
6185
6556
7047
7130
7130
6185
7029
7047
7083
6827
7090
6958
7083
7025
7083
6969
7073
7073
7029
7025
7083
7083
7029
7083
7025
6579
7025
6556
7130
6185
7073
6185
6886
7155
6574
6478
6776
7130
7029
6185
6185
7047
7130
7025
7130
6556
7047
7025
6912
7047
7083
7073
6185
6284
6969
7073
7083
6185
6969
6649
6776
6185
7025
6579
6776
7075
6776
7083
6185
6579
7073
7155
6776
7155
6185
7073
6579
6185
6579
7149
7073
7083
7083
7083
7083
7155
7083
6776
6776
6163
7025
7025
7025
6185
7149
7025
7025
7025
7025
7025
7025
7083
7130
7130
7130
6185
6185
7083
7155
6185
7083
7083
6776
6776
6154
6579
6579
7073
7130
7155
7047
7073
7025
7083
7130
7029
7083
7155
7025
7025
7083
7025
7083
7083
7073
7083
6478
6827
7090
7155
7073
7155
6649
6845
7155
7025
6649
7130
6845
7130
7130
6579
6185
7025
6827
6556
6185
6185
6605
6674
6556
6827
6284
6579
6776
6649
7025
6185
6579
6574
7155
6579
6185
7073
6185
6284
6579
6185
7073
7155
6284
6437
6437
7155
7083
7083
6185
7083
7083
7130
6776
7025
7083
7083
6329
6478
6579
7083
7130
7130
7130
6185
6185
7073
6185
7155
7083
7073
7126
6556
7025
7025
7025
7025
6579
7025
6437
7025
6284
6185
7073
7073
7083
7083
6185
7083
7025
7083
6827
7130
7130
7083
7083
7083
7083
7130
7083
7083
7083
7083
7025
6579
6776
6185
7126
6827
6776
6185
6185
7073
6776
6776
6185
6579
6621
7025
7025
7025
6579
6776
7083
7025
7130
7025
6827
7025
6437
7025
7155
7130
7073
6284
6776
7083
7083
6185
6995
6649
6579
6995
7083
6284
7083
7073
6827
7155
6579
6621
6185
7025
7083
7025
7083
6185
7130
7083
7083
7083
6579
7130
6621
6185
7073
6621
7025
7025
6912
6912
7025
7025
7126
6649
7130
6185
7073
7073
7130
7073
7083
7130
6185
6185
6621
7025
7083
7083
7083
7025
7083
7083
7083
7083
6579
7025
6579
6185
7083
7083
7083
7130
7130
7083
7083
7083
7130
6579
7083
7025
7155
6185
7073
7025
7025
7025
7025
7025
6284
6827
6621
6621
7083
7083
7025
7083
7025
7083
6185
7073
7073
7073
7130
7149
6827
6185
6649
6284
6185
7083
6579
6621
7073
7073
7083
7126
7130
6827
7126
7083
6995
6185
7073
7155
6185
7083
6185
7155
6827
7155
7083
7155
6579
7083
7083
7025
6579
6776
7155
7155
7025
7025
7025
7126
7130
7025
7155
7130
6185
7130
7025
7025
7025
7025
7025
7025
7025
7130
6827
7083
7083
7130
7155
7083
6845
7083
7083
6185
7083
7083
7083
7083
7130
7130
7083
7083
7025
7083
6579
7083
7130
7083
6437
7083
7083
7130
6579
6776
6776
7130
7025
6185
6185
7025
7073
7073
7083
7083
7025
7083
6621
7025
7083
6579
7025
7073
7073
7073
6284
6827
6185
6579
6649
6185
6185
7073
6185
7130
7025
7025
6579
6185
7083
6827
6579
7155
6579
6579
7083
7083
7083
7073
6776
7083
7083
7130
7025
7083
7083
7083
7083
7083
7083
7083
6579
6776
7155
7025
7025
7130
7155
7025
7025
7130
7083
7130
7130
6185
7025
6556
7025
7083
7130
7130
6284
7083
7083
7083
6284
7083
7083
6185
7073
6827
7083
7083
7073
7083
7025
7083
7083
7083
7083
7083
7083
7130
7025
7083
7083
7083
7130
7025
7130
7025
7083
7083
6185
6185
7126
6185
6579
7083
6284
7083
7083
7083
7083
7025
6185
7025
7083
7083
7083
7083
7083
7083
7083
7083
7130
6556
6995
7025
7083
7025
7073
6621
6776
7025
7155
7083
6776
7083
6185
6185
7083
7073
7073
7083
7083
7083
7083
7083
6579
7130
6185
6776
7025
6185
6185
7073
7073
7083
7083
7083
7073
6776
7149
7025
6776
6776
7073
7073
7149
6621
6776
6579
7083
6185
7025
6284
6284
6621
7073
7073
7073
7083
7025
7083
7126
6845
6969
7073
7073
7083
7073
7083
7083
7083
7083
6185
7083
7130
7025
6621
7073
7073
7073
7083
7130
6579
6579
7083
7083
6776
7126
6776
6185
6185
7073
6185
7025
6827
6827
6827
6579
7126
6185
6845
6185
7073
7073
7083
7073
7025
7025
7083
6185
6776
6845
6284
6185
7083
6185
7130
6185
7025
7083
6185
7083
7130
6845
7155
7130
7083
6284
6776
7130
7130
6579
7155
6185
7126
6621
6556
6185
7073
6827
7130
7083
7155
6185
7130
7025
6776
6776
6185
6579
7025
6185
7130
7130
6556
6995
6556
7025
6556
6579
6776
9225
7730
7730
8183
8145
8145
8183
8170
8021
8068
7730
8028
8021
8021
8076
7991
7715
7916
7632
8145
8145
8076
7916
8145
8183
8170
8145
7950
8021
8183
8183
8028
8145
8170
8021
8068
8170
8021
8145
7916
8162
8183
8145
7730
7940
8145
7653
8145
8028
7730
7653
7738
7653
7653
8068
8145
8145
8145
8021
8028
8145
7653
8183
7940
7632
7950
7916
8028
8021
8170
8183
7653
7950
8183
8170
7730
7950
8021
8170
8068
8068
8021
7950
8183
8145
8170
8145
8170
7653
8068
7738
8068
8021
8145
8068
8183
7950
7653
8170
8028
7738
7459
7730
7738
7738
8068
7950
8145
8170
7738
8068
8170
8068
8068
7730
7738
7738
7940
7246
8002
7796
7916
7738
8028
7738
8076
7730
8076
8021
7738
8170
7730
8170
8183
8170
8021
8068
7653
8068
8076
8183
7940
8076
8028
7940
8162
7950
7653
8145
8076
7916
8183
8068
8145
8170
8021
8021
8021
7738
7738
8170
8068
8145
8183
7696
8183
8002
8170
8183
7940
7923
8183
7940
7730
8170
7950
8183
7459
7459
8174
8145
7940
7940
7940
7653
7940
8183
7940
7615
7738
7730
7738
8183
8170
8068
7923
8068
7738
8170
8068
7632
8145
7940
8170
7950
7738
8170
7738
7738
7738
7653
8068
7653
8068
7738
8021
7738
8145
7923
7940
7738
7730
8068
8068
8021
8068
7459
8068
8170
7923
8068
8170
8068
7730
8170
8021
7940
7738
8068
8068
7738
7738
8068
8068
7738
7738
7738
7632
8170
7932
8021
8002
8068
8028
7950
7653
8145
8145
8145
8170
8028
7940
7738
7730
7730
8170
8170
8021
7950
7738
8170
7730
7615
7950
7738
7730
7940
8145
7940
8068
8021
8170
7923
7730
7940
8068
7653
7653
7940
7916
7940
7940
8145
7923
7730
7940
8183
7738
7923
8183
8170
8068
8068
8068
8068
8170
7916
7653
7950
7940
7738
7738
7738
7916
7738
7738
8021
8183
7738
7730
7730
7738
7730
8145
7730
7730
8068
8021
8068
8068
8021
8068
7730
8068
8068
8068
7738
8068
7738
8068
7916
8021
8068
8021
8068
8183
7738
8183
8068
8068
8068
8170
8068
8068
8183
7730
7916
7916
7730
7738
8068
8068
7738
8170
7730
7696
7730
7738
7738
8170
7940
7738
8068
8068
8145
8145
7940
8145
7730
8145
8183
8021
8028
8028
7923
8002
7916
7730
7738
7730
7940
7923
7730
7730
8170
7916
8170
8068
7730
7738
8170
8145
8183
7923
8068
8028
7730
8068
8183
7738
8145
8170
8145
8170
7730
8145
7730
8021
7730
7653
8170
8170
7738
7738
7653
8183
7730
7738
8170
7738
8170
7730
8170
8170
8170
7730
7653
8183
8068
8170
8068
8021
8170
8068
7738
7738
8068
8170
7940
7632
7738
8068
8068
7738
7940
8021
8068
8021
7738
8170
7730
7730
7459
8145
7950
7916
8028
8170
7730
8170
7653
7738
7738
7738
7696
7730
8068
8028
8028
8028
8170
8145
8068
8170
7738
7738
8183
8145
8028
8028
8028
8170
8068
7940
7923
8145
8145
7653
8170
7738
8170
7730
8170
8170
8068
8068
7653
8170
8068
8170
8170
7738
8068
8068
8068
8068
8068
8068
8170
7916
8021
8170
7950
8170
8068
7653
7653
7653
7653
8068
7738
7738
8068
7632
8021
8170
8170
7738
8021
7730
7738
8170
8170
8068
8068
7653
7653
8145
7459
8021
8145
8170
8145
8170
7738
7738
8068
8068
8068
7738
8068
8068
8068
7738
8170
8170
8170
8068
8068
8068
8021
8170
7730
8068
8145
8170
8021
8170
8145
8145
7738
8068
7738
7738
8068
8021
8170
8068
7738
7738
7738
8068
8170
7954
8183
7923
8170
7738
8183
7916
7738
8145
7738
7653
8068
7916
7738
7738
7738
7738
8170
8021
8145
8170
8145
8170
7738
7653
8145
8021
7916
7940
8183
8068
8068
8068
8068
8068
7738
7923
7916
7738
7916
7738
7738
8021
8170
8145
8068
8068
8170
8068
8028
8028
8021
7696
8068
7738
8145
8170
8021
8170
8021
7632
7963
7653
8170
7916
8068
8021
8170
8170
7738
7653
7916
8028
8068
7738
8068
8145
8145
8068
8170
7950
8145
7738
7738
7738
8002
8145
7923
7923
7738
8170
8145
8145
8145
8170
8170
8021
8170
8068
7730
8028
7730
8170
8145
7738
8068
8068
8145
7940
8068
7923
8145
7738
7653
7950
8151
7730
7738
7738
7940
7940
7738
7738
7730
8068
8021
7653
7738
8068
8028
7738
7923
7730
7459
8028
7940
7730
7730
7730
7730
8170
7730
7916
8068
7916
7738
7738
8028
7940
7738
7653
7738
8170
7738
7730
8068
8170
7738
7916
9226
8429
9204
9140
8750
9181
9139
9139
8667
9091
9129
9123
8365
9027
9091
8750
9181
8535
8429
8750
9010
8820
8750
9167
9140
9140
9140
8750
8893
9140
9167
8710
8710
9204
9091
8710
8667
9129
9027
8820
8429
8820
8893
8820
8820
8820
8820
8893
9123
8893
8893
9123
8667
8710
8750
9211
9091
9167
9167
9027
8365
9091
9167
8820
8820
8750
8429
9181
8893
8365
9140
8893
9181
8893
9140
8893
8820
8365
9181
8365
8710
8893
9140
9140
9140
9181
9181
9167
8667
8365
8710
9167
9167
9167
9167
9051
8750
8429
8893
8820
8820
8365
8893
8365
9140
8710
9091
9167
9091
9140
8667
8710
9167
9140
9140
8893
9140
8893
8602
8750
8760
9139
8893
8750
9211
9139
8710
9167
9123
9123
9139
9204
8710
8667
8710
8710
9167
8710
9140
9211
9167
8585
8814
9139
8204
9167
9123
8750
9123
9167
9129
8667
9091
9129
8820
8820
9140
9167
9167
8710
8893
9167
8750
8365
8708
8893
9204
9140
9027
9204
9027
9140
9140
8893
9204
9167
8710
9139
8667
8659
8893
9140
9167
9167
9181
8710
8710
9123
8893
9091
9140
9167
9140
8893
9167
9167
9167
9140
9140
9140
8893
9020
8514
8820
8820
8893
9181
8893
8710
8667
9140
8710
8820
9091
9140
9027
9167
9204
9140
8893
9167
9020
9167
9211
8893
9167
9167
9091
9140
9167
9167
9167
9140
9167
8893
9167
9091
9167
9167
9167
9140
9167
9140
9140
8710
9167
9167
8893
9129
8365
8710
9123
9167
9123
9167
8726
9167
9181
8893
8893
9027
9140
9181
9140
9140
9091
9140
8710
9091
9140
8893
9091
9167
9167
9167
9140
9020
8710
9167
8893
8710
8893
8893
8710
8893
8365
9140
9140
9140
9140
8667
9123
8893
9020
9020
9091
9140
8893
9167
8893
8893
9167
9140
8710
9181
9020
9211
9140
9140
8710
8710
8710
9167
9167
9091
9091
8667
8667
8893
9167
9167
9167
9123
8710
9140
9167
9167
8710
8667
9167
9140
9167
9167
8710
8710
9167
8710
9167
9140
8710
8429
9140
9167
8710
8710
9140
9140
9140
9140
9167
9167
9140
8710
8710
9020
9091
8667
8893
8365
9140
8365
8365
9140
8893
9140
9167
8365
9140
9167
9140
9091
8893
9211
9167
8893
9140
8893
8514
8893
8726
8429
8429
9140
8710
9181
9123
8667
9140
9140
8726
9140
8667
8726
9140
9181
9020
8710
9010
9140
9167
9140
8893
9140
9140
9091
9167
9140
9091
8893
8710
8893
9123
9140
8750
9211
9167
9091
9167
9167
9167
9140
8710
8710
8710
9091
9167
9091
9091
9140
9140
9140
9167
9167
8893
9123
9140
9167
8893
9167
9140
9091
9123
9140
8710
9140
9140
9167
9167
9091
8710
9167
9091
8710
9091
8710
9140
9167
8710
9091
9140
9140
8750
9167
9167
8710
9167
9167
8710
9181
8710
9140
9140
9091
9140
9027
9140
9167
9091
9211
9167
9167
9140
9010
9140
8365
9027
9020
9167
9181
9167
9091
9167
8667
9091
9140
8893
9091
9140
9140
9167
9181
9167
9140
9204
9140
8710
9167
9140
9140
8667
9091
9167
8893
9167
9091
9167
8365
8710
8514
9211
9140
8710
8710
9091
9091
8710
8710
9167
9140
9167
9140
8710
9091
9167
9140
9167
9167
9167
9140
9167
9140
9140
9140
9167
9167
9020
9167
9020
8893
9167
8893
9140
9140
8710
8893
9167
9167
9167
9167
9211
9091
9091
9140
9140
9167
9140
9140
8710
8710
9167
8667
8893
9167
9091
9181
9140
8710
9140
9167
9167
8893
9167
9167
9167
9140
8710
8710
9140
9140
9140
8893
9167
9181
9181
8667
9139
9211
8710
9167
8710
9167
8893
8710
9167
8710
9167
9167
9167
9181
8893
9167
9140
9140
9140
9167
8710
8585
9129
8710
9167
9211
9091
8710
9167
8710
8710
9129
8710
9140
8667
9091
9167
9211
9211
9091
8710
8726
9211
9140
8893
8667
9091
9027
9140
8710
9140
9181
9167
9167
8710
8710
9140
9181
8365
9091
8660
8365
9140
9167
9123
9140
8893
8710
8710
9140
8667
9091
8710
8893
9091
8710
9091
9140
8660
8893
9140
8710
8710
8501
9181
8667
8365
9167
9140
8726
8893
8893
9181
9167
9181
8507
9167
9140
9140
8429
9123
9167
9140
9091
9167
9181
9167
9211
9020
9167
9140
9140
9167
9020
8667
9140
9140
9091
9167
8893
9167
9181
8893
8893
9167
9167
9181
9140
8365
9123
8893
8893
8667
9140
9020
9167
9091
8365
9091
9140
9167
9091
9140
9020
9167
9140
9140
8429
9167
8659
9091
8893
9167
8710
9181
9167
9140