9217
9218
587
927
502
468
970
981
122
473
889
874
698
719
522
295
251
248
927
251
251
62
251
570
419
696
25
522
463
295
251
570
832
395
323
502
870
468
981
415
520
934
54
534
42
534
42
122
645
25
231
527
527
824
419
415
450
211
284
334
432
59
782
782
214
615
870
697
936
485
714
422
927
502
1020
468
981
415
645
25
140
403
116
966
115
782
450
473
135
485
527
936
122
832
927
502
59
981
981
415
1009
25
248
641
403
116
115
482
188
927
853
468
870
468
936
714
188
927
502
468
981
981
520
465
522
642
295
251
251
800
645
887
450
395
395
147
630
263
214
851
1023
341
970
981
981
415
422
927
934
719
403
167
512
122
473
395
395
719
407
287
964
122
832
775
341
970
468
981
819
832
927
232
887
169
29
512
122
473
395
934
887
770
565
570
422
927
974
853
527
527
119
415
422
473
395
359
479
534
42
625
625
1023
479
825
1020
263
263
392
211
745
454
534
42
42
393
188
555
853
853
479
825
936
415
450
450
745
118
499
295
119
189
645
887
522
565
565
490
819
120
927
424
479
485
936
263
819
645
653
522
295
986
490
485
923
689
89
89
589
566
263
415
450
25
54
454
42
534
625
625
782
853
853
853
825
59
415
851
934
299
454
534
42
534
625
188
775
853
479
1020
936
819
645
653
176
295
463
92
422
832
927
479
630
479
981
415
392
465
745
522
475
799
713
248
927
502
248
475
502
613
190
41
359
54
534
42
263
819
196
978
191
54
534
42
42
188
625
424
853
853
853
936
819
196
978
54
454
534
42
534
442
555
853
853
468
936
419
266
395
934
522
95
295
986
713
122
555
502
468
870
936
456
419
25
395
522
565
295
119
575
645
25
522
295
565
490
923
689
89
89
499
589
393
936
248
473
359
54
534
42
548
625
625
625
393
853
853
936
936
28
25
54
521
454
42
42
625
248
927
853
475
209
936
263
645
25
522
475
209
295
923
799
927
615
697
697
936
485
482
645
653
522
295
485
119
266
645
653
522
475
295
456
689
689
89
499
589
566
936
392
211
745
54
454
534
42
625
625
188
555
853
468
853
936
392
211
745
284
534
42
534
42
625
188
775
853
697
936
456
419
395
359
118
95
295
565
456
832
927
502
697
870
170
9219
1432
1432
1432
1432
1432
1432
1432
1432
1432
1432
1762
1130
1762
1762
1432
1628
1628
2043
1879
2043
1130
1879
1879
2043
2041
1879
1879
2041
1879
1130
2041
2041
1130
1762
1762
1900
1252
2041
2041
2041
2041
2043
2043
2043
2043
1130
1130
1432
1762
1432
1762
1762
1762
1762
1762
1432
1432
1432
1900
1456
1900
1900
1900
1454
1900
1900
1900
1900
1900
1900
2041
1748
2041
1900
2041
2043
1762
1762
1762
1762
1762
1432
1371
1748
2043
2041
1900
2043
2041
1762
1762
2041
1762
1762
1762
1762
1762
1432
1762
1432
1432
1762
1762
1762
1879
1432
1432
1432
1432
1432
1432
1432
1432
1432
1432
1748
2043
2041
1900
1900
2041
2041
1900
1762
2041
1762
1762
1879
1130
1762
1762
1762
1762
1762
1762
1432
1130
1130
1432
1432
1432
1432
1432
1432
1432
1432
1086
1086
1748
2023
1252
1879
1900
2041
2041
1900
1762
2041
1130
1762
1130
1762
1762
1762
2041
1762
1762
1432
1432
1762
1432
1762
1762
1432
1432
1432
1432
1432
1432
1432
1432
1879
1777
2041
2043
2041
2043
2043
2043
2043
2043
1130
1432
2043
2043
1879
1879
2041
2041
1762
2043
2043
1762
1900
1762
1762
1900
1762
1130
1432
1432
1762
1432
1432
1432
1432
1432
1879
1432
1762
2023
2041
2043
2041
2043
1900
2041
1762
1928
1762
1762
1762
2041
1748
1858
1858
2043
1900
2043
2041
2043
1879
2043
2041
1762
1432
1762
1762
1762
1762
1762
1130
1130
1432
1432
1349
2023
1252
2041
1748
2043
2041
1454
2043
1762
1762
1456
1748
1454
1900
2043
2041
2041
1879
1900
1762
2043
2041
1762
1762
1762
1762
1432
1432
1432
1432
1928
1762
1859
1900
2041
1900
2043
1762
1900
1900
1900
1762
1762
1900
1900
1762
1900
1762
1762
1762
1762
1432
1432
1628
1628
2043
2043
2043
2043
2041
1762
1879
2043
1762
1762
1900
1762
1762
1762
1762
1762
1762
1762
1762
1762
1762
1454
1911
1454
1858
2043
2041
1900
2043
2041
1130
1130
1130
1879
1252
1456
2043
1454
1900
2043
2041
1900
2043
1928
1879
1130
1762
1900
2043
1762
1762
1762
1762
1762
1432
1858
1628
1454
1858
2043
2041
1900
2043
2043
2041
1130
1959
1803
1499
1879
1879
1130
1130
1130
1130
1130
1130
1130
1928
1748
1900
2041
2041
2041
2041
2041
2041
2041
2041
2041
2041
2041
2041
2041
1762
1762
1762
1762
1762
1762
1762
2041
1456
1252
1252
1858
1858
2041
2041
2041
2041
2041
2041
2041
2041
2041
2043
2043
2043
1762
1762
1762
1762
1252
1456
1858
2043
1900
1900
2043
2041
1762
1130
1879
1432
1432
1762
1432
1432
1432
1432
1432
1432
1432
1432
1349
1628
1456
1858
2043
1281
1900
2043
2041
1900
1879
1900
1900
1762
1454
1879
1130
1762
1130
1762
1803
1859
1130
1858
1900
1762
1858
1762
2041
2043
2043
1762
1995
1879
1628
1628
1858
1858
2043
2043
1858
1858
1858
1858
1900
1858
1900
1900
1900
1900
1900
1900
1900
1900
1371
1115
1903
1252
1252
1858
1252
2041
2041
1252
1252
1252
1252
2041
2043
2043
2043
2043
2043
2043
1879
1858
1858
1879
2023
2043
1900
2043
2043
1900
2043
2043
1762
1130
1879
1432
1762
1762
1432
1762
1762
1762
1432
1762
2043
1252
1456
2043
1454
2041
2043
2043
2041
1762
1762
1900
2043
1628
1454
1130
2043
2041
1900
2043
2041
1911
1911
1803
1281
1879
1130
1879
1130
1130
1130
1130
1762
1858
1879
1454
1252
1454
1628
2043
1858
1858
1858
1879
1858
1879
1900
1879
1900
1900
1762
1762
1130
2043
1762
1762
1349
1252
1252
1858
1858
2041
2041
2041
2041
2041
2041
2041
1252
2041
2041
2043
1879
1762
2041
2041
1130
1130
1858
1777
1454
1900
2043
2041
1900
2043
2041
1879
1879
1879
1900
1762
1879
1130
1130
1762
1762
1762
1762
1432
1454
1456
1628
2043
1456
1858
2043
2041
1762
1762
1130
1252
1454
1858
2043
2041
1900
2043
2041
1900
1097
1879
1858
2043
1130
1879
2043
1879
1879
1130
1130
1115
1115
1252
1454
2043
1454
2043
2043
2043
2043
2043
1130
1130
1762
1879
1130
1130
1130
1879
1130
1879
1879
1900
1622
1456
1428
1858
1858
1858
2041
2041
2041
2041
2041
2041
2041
2041
2041
1762
1762
1762
1879
1762
1762
1928
1879
1762
1900
1858
2043
1900
1900
2043
2041
1900
2043
1130
1879
1432
1432
1432
1762
1432
1432
1432
1432
9220
2976
2472
2472
2566
2566
2472
2472
2566
2472
2566
2472
2472
2985
2592
2472
2985
2889
2889
2748
2961
2748
2889
2961
2566
2961
2961
2961
2976
2985
2472
2411
2976
2472
2472
2592
2592
2619
2976
2411
2961
2961
2411
2961
2961
2566
2472
2566
2472
2907
2472
2592
2592
2566
2592
2592
2472
2472
2472
2592
2985
2788
2813
2813
2788
2649
2788
2788
2907
2961
2976
2788
2694
2813
2748
2649
2907
2990
2350
2889
2411
2566
2350
2350
2961
2788
2889
2566
2961
2961
2472
2472
2566
2566
2472
2411
2985
2566
2472
2592
2472
2472
2566
2411
2985
2592
2472
2472
2472
2472
2472
2566
2566
2961
2961
2961
2472
2788
2097
2889
2907
2961
2889
2961
2472
2961
2889
2472
2985
2961
2566
2566
2592
2566
2472
2961
2472
2961
2961
2472
2472
2566
2566
2566
2961
2961
2961
2472
2472
2472
2748
2976
2889
2907
2788
2735
2472
2472
2961
2472
2472
2649
2566
2788
2748
2788
2985
2985
2566
2350
2907
2472
2472
2566
2472
2566
2566
2985
2566
2566
2566
2566
2813
2717
2411
2944
2411
2976
2411
2976
2976
2976
2566
2472
2985
2889
2942
2472
2961
2961
2472
2411
2985
2350
2907
2961
2985
2961
2566
2411
2472
2566
2961
2985
2889
2472
2411
2985
2566
2976
2566
2411
2619
2907
2889
2961
2889
2411
2472
2411
2944
2961
2411
2985
2961
2411
2889
2813
2889
2813
2889
2813
2889
2813
2961
2566
2472
2566
2985
2961
2961
2985
2472
2961
2472
2472
2961
2869
2748
2889
2961
2961
2961
2907
2985
2985
2472
2452
2976
2907
2452
2961
2411
2889
2350
2813
2788
2985
2961
2889
2472
2813
2592
2472
2566
2472
2472
2985
2961
2961
2985
2813
2788
2813
2788
2788
2788
2788
2907
2907
2961
2907
2907
2907
2907
2566
2350
2566
2472
2472
3012
2694
2985
2452
2452
2452
2452
2452
2788
2788
2788
2788
2788
2788
2788
2788
2788
2566
2907
2907
2907
2907
2907
2907
2791
2411
2619
2748
2467
2452
2748
2649
2452
2748
2961
2961
2467
2452
2748
2813
2452
2748
2649
2813
2961
2649
2813
2748
2350
2961
2961
2985
2566
2961
2985
2566
2472
2976
2976
2411
2813
2748
2649
2813
2452
2649
2813
2748
3041
2976
2091
2091
2592
2472
2472
2472
2472
2566
2566
2961
2694
2976
2472
2889
2889
2990
2961
2961
2350
2961
2694
2961
2961
2694
2694
2694
2985
2985
2985
2985
2985
2985
2985
2976
2961
2452
2452
2350
2985
2162
2162
2162
2162
2162
2162
2472
2411
2748
2985
2985
2961
2788
2788
2788
2788
2976
3032
2452
2649
2813
2452
2961
2813
2961
2472
2976
2472
2566
2961
2472
2566
2566
2566
2961
2566
2566
2472
2791
2411
2649
2889
2925
2813
2452
2748
2813
2452
2748
2813
2452
2411
2976
2566
2748
2566
2961
2566
2649
2566
2472
2985
2452
2985
2694
2452
2788
2162
2961
2566
3017
2253
2694
2889
2097
2990
2452
2452
2788
2788
2788
2788
2788
2788
2788
2788
2788
2788
2566
2961
2566
2961
2564
3055
2694
2800
2162
2162
2162
2162
2162
2478
2162
3007
3007
2411
2985
2985
2961
2788
2788
2788
2788
2788
2788
2788
2748
2649
2813
2452
2649
2813
2889
2649
2813
2452
2748
2472
2566
2748
2985
2961
2961
2985
2472
2961
2472
2619
2907
2314
2411
2619
2889
2649
2813
2566
2961
2566
2976
2889
2813
2452
2748
2649
2813
2748
2649
2961
2592
2649
2813
2748
2411
2985
2889
2649
2566
2961
2566
2800
2472
2961
2990
2411
2694
2990
2907
2907
2907
2907
2907
2907
2350
2907
2350
2350
2350
2350
2350
2961
2350
2748
2889
3032
2889
2990
2990
2452
2452
2452
2452
2452
2452
2162
2976
2472
2472
2985
2097
2985
2961
2961
2990
2472
2411
2907
2717
2452
2925
2907
2813
2748
2649
2813
2748
2411
2566
2748
2649
2813
2961
2566
2566
2566
2566
2472
2889
2097
2889
2649
2694
2748
2649
2813
2452
2961
2961
2976
2350
2813
2748
2907
2813
2748
2649
2813
2368
2649
2592
2961
2472
2813
2961
2411
2961
2748
2411
2942
3055
3055
2748
2985
2985
2985
2985
2985
2985
2961
2788
2788
2788
2788
2788
2788
2788
2788
2788
2907
2788
2961
3017
3017
2800
2985
2350
2985
2800
2566
2162
2162
2566
2162
2472
2961
2961
2985
2472
2788
2961
2788
2788
2788
2411
2961
2813
2907
2748
2813
2452
2748
2961
2452
2961
2411
2566
2472
2961
2566
2889
2472
2411
2985
2566
9221
3690
4072
3782
4061
4009
3108
3108
4009
3108
3108
3108
3951
3108
3858
3858
3725
3893
4079
4079
3893
3750
3858
3108
3725
3987
3750
3782
3782
3893
3782
3824
3891
4079
3891
3858
3725
3778
3782
3750
3782
3891
3725
3725
3824
3725
3891
3725
3858
3108
3891
3108
3858
3108
3108
3108
3858
3891
3108
3901
3284
3901
3782
3901
3901
3891
4072
3893
4061
3891
4061
3782
3891
3824
3893
3987
3824
4061
3891
3893
3904
3893
3750
3111
3891
3869
4061
3893
3782
3858
3893
3891
3108
3858
3891
3725
3108
3108
3858
3108
3725
3858
3893
3108
3858
3901
3725
3901
3858
3108
3108
3858
3108
4009
4009
3108
3725
3952
3893
3952
3952
3891
3935
4061
3891
3108
3858
3891
3887
3858
3108
3782
3725
3725
4072
3858
3858
3108
3108
3108
3108
3108
3108
3108
3858
3108
3858
3858
3858
3725
3952
3966
3952
3952
3935
3893
4061
3891
3108
3750
3891
4054
3891
3108
3987
3824
3108
3858
4061
3858
3880
4061
3893
3891
3108
3108
3858
3858
3108
3858
3108
3858
3750
3335
3725
3782
3725
3782
3725
3952
3108
3108
3935
4061
3891
3893
3950
4079
3782
3893
3893
3824
3108
3891
3725
3725
3987
4061
3782
3108
3858
3858
3891
3891
3858
3750
3987
3858
3901
3858
3108
3284
4072
3901
3901
3901
4054
3108
3750
4054
4079
3725
3725
3725
3893
3778
3824
3725
4054
3891
3778
3725
3782
3108
4054
4054
3858
3891
3108
3893
3891
3891
3725
3858
3725
3858
3335
3901
3891
3950
3891
3782
3858
3987
3750
4061
4072
3725
4054
4072
3891
3904
3108
3858
3750
3725
3904
3108
3108
3725
3893
3904
3858
3108
3108
3108
3891
3901
3858
3858
4061
3750
3893
3782
3901
4072
4072
3893
3904
4061
4061
4061
4061
3824
4061
3893
3108
3893
3782
3858
3725
3725
4039
3966
3824
3966
3891
3725
4054
3824
3858
3858
4061
3858
3893
3893
3893
3891
4061
4061
3725
3725
3725
4079
3804
3824
3891
3108
3750
3901
3108
3891
3901
3108
3108
3725
3750
3824
4088
3782
4061
3750
3891
3904
3904
3782
3891
3782
3108
3893
3987
3858
3893
3891
3891
3108
3893
4079
3891
3725
3987
4088
3891
3987
3108
3824
3750
3987
3778
3736
3890
4087
3674
3108
3858
3858
3725
3108
3858
3108
4079
3782
3725
3725
3893
3893
3893
3893
3725
3893
3893
4054
3108
3725
3725
3725
3891
3891
3891
3891
3108
3891
3891
3108
3904
3893
3893
3782
3782
4079
3750
3750
3750
3750
3750
3725
3725
3782
3891
3891
3108
3725
4054
4054
4054
3284
3891
3891
3725
3782
4061
4072
4072
3987
3108
4072
3858
3858
3858
3858
3858
3858
3858
4009
3108
3108
3108
3542
3284
3824
3824
4054
3782
4061
3782
3750
3725
3782
4072
3725
3725
3869
3987
3782
3782
4009
3725
3725
3750
4054
3904
4072
3904
3966
3725
3108
3824
3108
3891
3951
4039
3950
3869
3904
3966
3904
3966
3904
3824
3824
3824
3674
3824
4061
4061
4061
3893
3891
3891
4061
4061
4088
3778
3933
3237
3893
3782
3933
3674
3690
3952
3824
4079
4079
3901
3901
3901
3901
3108
3824
3824
4072
3725
3747
4054
3893
3725
3725
4061
3725
4061
3987
3725
3725
4072
3782
4061
3750
3782
3893
3858
3858
3891
3858
3858
3858
4072
3935
4072
3824
3891
3904
3725
3108
3904
3858
3901
4054
3824
4072
3901
3858
3893
3824
3987
3824
3987
3777
3690
3987
3690
3858
3108
3891
3891
3108
4009
3108
3951
3935
3530
3747
3891
3876
3891
3904
3824
3824
3893
3824
3893
3891
3893
3891
4061
3858
4061
3750
3893
3725
3725
4094
4088
3904
3824
3782
3893
4079
3725
3858
4054
3725
3904
4054
3952
3952
3108
3893
3891
3891
4079
3901
3904
3747
3891
3725
3987
3987
3782
3987
3725
3891
3284
3108
3901
3725
3725
4054
3904
4009
4072
3782
3725
3725
3858
3891
3284
3987
3782
3987
3824
3725
3750
3725
3725
4009
3935
3750
3987
3904
3782
3725
3987
3891
3904
3778
3725
3725
3725
3858
3904
3987
3901
3987
3108
3750
3950
3843
4072
3893
3725
3904
3950
3904
3904
3904
3904
3904
3904
3904
3108
3108
3750
3108
3893
3893
3108
3893
3904
3284
3115
3987
4039
3782
3933
4054
4054
3869
3904
4054
3725
3725
3108
3935
3891
3869
3725
3108
3725
3725
4054
3987
3725
4061
3987
3782
4061
4061
3108
3750
3901
3108
3858
3108
4061
3858
3108
3725
3108
3750
3858
3858
9222
4769
5015
4769
4311
4962
4837
4962
4769
4769
4837
5118
4769
4962
5052
4769
4955
4625
4962
4934
4934
5115
5115
4934
5115
4926
4170
4837
4769
5118
4747
5015
4769
4769
4837
4962
5118
4889
4769
4837
5015
4889
5118
5052
5015
4769
4934
4962
5052
4837
5052
5052
5052
4769
4962
5052
4837
5052
4962
4837
4934
4837
5114
5114
5110
5015
5015
4837
5114
4837
4931
4170
4889
5015
5118
5118
5015
4460
5118
4837
5118
5052
5118
5118
5058
4132
5015
5015
5114
5052
5052
4837
4962
5052
5015
5052
4311
4837
4962
4962
4962
4962
5114
4934
4934
4769
5058
4837
4837
4837
4769
4837
4837
4769
4769
4837
4926
5015
4460
5015
4955
4962
5029
4311
4962
4955
5015
4837
4926
5052
4769
4837
5052
4769
4837
4837
4837
4311
4837
4837
4769
4837
4837
4837
4837
4837
4837
4769
4769
5052
4747
4150
5015
4955
4962
5052
4769
4955
4955
5052
5052
5015
5052
4837
5114
4962
4962
4837
5052
5114
4962
4311
5114
4837
4962
4962
4837
4837
5052
4934
4837
4837
5118
5114
4460
5015
5118
4311
4926
5052
4962
4837
4962
4311
4837
5015
5118
4589
4769
5052
5015
5015
4769
4926
5052
5114
5015
5052
4769
5052
4837
4837
4837
4837
4962
4837
5015
5015
4934
4837
5118
4962
4876
4962
4962
4962
4837
4769
4934
5015
5052
4769
5114
5015
5096
4769
5015
4962
5015
4962
4170
4962
4170
4934
4769
4837
4769
5052
4837
5052
4837
4837
4837
4311
4769
4837
4934
5096
4810
5015
4889
4962
5052
4747
5118
5015
5058
5052
4962
5058
5015
5114
5052
4170
4934
5015
4170
4769
4769
4962
4889
4769
4962
4769
4837
4934
4837
4311
4769
4962
5118
5015
4769
5114
5052
5015
5118
4837
5114
4311
5118
5058
5052
5052
5052
5118
5118
4837
4837
5052
5118
5052
4955
4955
5114
5118
5114
5114
4962
5052
4962
4170
4962
4837
5015
4837
5015
5118
4311
4311
5058
5052
5052
5052
4606
4654
5115
4955
4934
5052
5118
4170
5015
5118
4837
5118
4747
4934
4769
4769
5052
4837
5058
4170
5052
4835
4962
4747
5118
4837
4769
4837
5052
4837
4837
5052
5114
4654
4934
4889
5118
5029
5058
4962
4926
5015
4934
4769
5068
4335
4625
5094
4769
4810
5052
4769
4962
4837
4837
4837
4962
5052
5118
5015
5058
4769
5015
5058
5058
5058
5015
4837
4769
4311
4962
4962
5052
4962
4962
4769
4962
4769
4837
4311
5052
4876
5052
5058
4170
4962
4589
5015
4962
4962
4962
4962
4934
5114
4769
5114
5114
4962
4962
4962
5015
4460
4875
4926
5058
5015
4926
4769
5118
4837
4837
5015
4769
4837
4837
4837
4837
4837
4837
4837
4837
4837
4769
5058
4654
5058
5115
5012
4747
4837
4769
5118
4830
5115
4837
4926
4926
4170
4934
4769
4769
4769
4769
4769
4810
4837
4934
4934
5118
4170
5114
4962
5114
5114
4962
4810
4835
4132
5058
4864
4985
5114
5118
5110
4962
4962
4962
5058
4769
4962
5058
4132
4837
5118
5118
5058
5058
4810
5094
5052
4221
5058
4589
4150
5015
5015
5052
4926
4747
4747
4934
5015
5015
5114
5052
4830
4830
5052
4747
4962
5012
5059
5015
5015
4926
5058
4837
4962
5052
5052
4837
4769
4311
4837
4837
5015
4837
4837
4837
5052
4837
4810
4810
5118
4769
4889
4170
4170
5118
4769
5052
4132
4962
5114
5052
5058
5015
5052
5058
5015
4769
5015
5015
4962
4962
4145
4837
4589
4170
5015
5052
4170
5052
4837
4889
5052
4654
4889
5118
4889
4460
4889
5058
5015
5058
5058
4962
5058
5052
5058
5058
4934
4934
4460
5052
4654
4170
5110
4589
5058
5052
5052
5015
4962
5015
4889
5015
4889
4311
4876
5058
4962
4170
4837
5015
5114
5114
4962
4830
5114
5041
5114
4926
4962
4889
4962
5118
5015
4934
4837
5052
4170
4837
4962
4769
4934
4311
4769
4837
4769
4837
5118
4625
5029
5115
4837
4810
4962
5118
4926
4837
4769
4876
4889
5118
5052
4460
4962
5052
5058
4170
4934
4962
5118
4837
4889
4589
4837
5058
4837
4769
5052
4747
4150
4876
5094
4150
4926
4926
5114
4955
5114
5114
4962
4962
4311
4962
4962
4962
4769
4769
4769
5114
5058
4934
4384
5118
5058
4955
4876
4876
4654
4384
5015
4132
4962
4837
4962
4962
5114
4837
5114
4962
5114
4962
4962
4985
5114
4837
5015
5114
4926
4889
4934
5118
4889
5118
4934
5052
5052
4934
4837
4837
4962
4769
5114
5015
4837
9223
5648
5832
6024
5766
5568
5568
5742
5568
5568
5568
5832
5832
5742
5495
5495
5766
5574
5495
5648
6083
5832
6004
6048
5856
6048
5742
6004
6110
6004
5495
5495
5310
5310
5568
5574
5814
5834
6103
5766
5495
5648
5742
5766
5310
5495
5568
5568
5568
5742
5574
5766
5495
5495
6048
5568
5568
5742
5568
5924
5832
5310
5982
6002
5742
5568
5766
5568
5766
5209
5766
5310
5310
5495
5766
5495
5742
5574
6002
5766
5495
5495
5568
5533
5856
6083
5574
6048
5832
6048
6048
6048
6048
6048
5568
5742
5832
5495
5568
5742
6103
5310
5495
5766
5924
6004
5568
5568
5568
5568
5982
5568
5568
5568
5742
5568
6048
5495
5924
5310
5766
5924
5495
5495
5924
5568
5766
5924
6048
5832
5832
5568
5766
5231
5568
5742
5832
5568
5742
5568
5568
5568
5568
5568
5568
5568
5568
5742
5742
6024
5495
5726
5310
5568
6024
6048
5495
5568
5568
5574
5832
5742
5832
5310
5766
5310
5742
5648
5742
5568
5495
5568
5568
5742
5568
5742
5568
5495
5568
5310
5568
5568
6002
5414
6097
5574
5982
5766
5805
5648
6024
5742
6024
6024
5310
5574
5527
5495
6024
5832
5766
5742
5832
5924
6002
5568
5648
5742
5574
6048
5568
5568
6002
5742
5742
5495
6002
5742
6002
5982
6002
5310
6002
5832
5766
5742
5832
5924
5568
6002
5832
6005
5924
5495
5832
5766
5495
5924
5832
5832
5742
5924
6002
5832
5832
5832
5832
5742
5742
5742
5742
5648
5310
5832
5568
5568
5310
5982
5832
5924
5726
5924
6024
5310
5832
5648
5568
5527
6103
5310
5832
5924
5832
5310
6004
5495
5310
5568
5742
5310
6002
5495
5924
5568
5568
5568
5568
5924
5648
5742
5742
5742
5832
5495
5766
5766
5766
5766
5832
5527
5495
5832
5832
5766
5766
5568
5495
5766
5495
5766
5832
5805
5924
5726
5574
5766
5726
5982
5924
5924
5924
6002
5766
5648
5742
5742
5742
5568
5742
5742
5568
5924
5924
6024
6109
5527
5533
5568
5231
5832
5568
5527
5527
5568
5766
5766
6004
6083
6004
6004
5772
5742
5832
5832
5495
5391
5648
5924
5982
5832
5766
5832
5832
5832
5648
5568
5568
5766
5574
6024
6004
6004
5832
5832
5648
5766
5832
5310
6004
6027
5231
5231
6109
5726
6004
5495
5574
5568
5982
5742
5856
6024
5924
6103
6103
5726
5924
5648
6103
5568
5924
6002
5568
5924
5742
5742
5742
5648
5742
5648
5742
5832
5648
5742
6048
5832
6073
5982
5310
5310
5310
5310
5527
6002
6002
5982
5982
5495
5832
5832
5832
5310
5310
5527
5924
5832
5527
6002
5310
5568
5924
5742
5495
5568
5832
5742
5832
5568
5924
5568
5568
5568
5568
5742
5568
5568
5568
5574
6004
6109
5924
5832
6002
5832
5568
5495
6002
5832
5832
5568
6002
6103
5766
5495
5832
5924
5742
5982
5726
5574
6103
5568
5832
5766
5982
5924
5924
5924
5648
6109
5811
5527
6002
6002
5766
5856
6103
5832
6109
6109
5742
5924
5568
5924
5832
5310
5766
5832
5832
5832
5832
5834
6113
5834
5595
5832
5310
5310
5310
5310
5856
5574
6002
6002
6002
5832
5832
5832
5574
5310
5310
5766
5766
5832
6024
5924
6024
5924
6002
5574
5766
5832
5742
5766
5832
6002
5742
5568
5924
5742
5568
5832
6002
5568
5924
5924
5533
5726
5766
6024
5495
5832
5742
5568
5495
5495
5832
5856
5574
6004
6083
5527
5832
5924
5742
5495
5832
6004
5834
5726
5527
5527
5648
6002
5924
5568
6002
5495
5856
5391
5231
5231
5964
6048
5648
5766
6110
5811
5924
5310
5924
5832
5924
5832
5495
6048
6048
5574
5832
6024
5766
5517
5924
5310
5310
5310
5742
5310
5310
5310
5766
5982
5832
5726
5832
5574
5648
6005
5832
5574
6002
5982
5766
5814
6024
6004
5832
5982
5832
6002
5924
5495
5924
5527
5814
5832
5924
5742
5832
5832
5832
5568
5924
6002
5568
5726
5310
5159
6005
5766
6110
5742
5742
6005
5568
5742
6002
6048
6002
5832
5832
5924
6002
5310
5832
5169
5527
5832
6002
5982
5574
6002
5648
5766
5568
5495
6083
5724
6097
5477
5982
5574
6002
5832
5832
5832
5832
5982
5982
5832
5742
5742
5832
5924
6103
5766
5766
5766
5832
5226
5793
6050
5310
6050
5310
5310
5310
5574
5856
5742
6002
5982
5742
5495
5574
5766
5310
5574
5310
5726
6024
5648
5726
5742
5766
6048
6002
5832
5832
5832
5832
5568
5742
5231
5832
5568
5568
5766
5495
5648
5648
5568
9224
6631
7130
7083
7083
7083
7025
7130
7083
7083
7083
7029
6579
6776
6579
7083
7075
7007
6631
6579
7155
7155
6969
6185
6185
6605
7155
7073
7025
6154
7130
7130
7083
6845
6912
6649
7155
6907
7047
7155
6185
6185
6827
7025
7025
7073
7073
6556
7073
6827
7083
6579
6579
6579
7073
7083
7155
7083
7155
7029
7047
7025
7073
7126
7149
6284
6776
7083
7130
6556
7073
6649
7155
6185
7047
7083
6776
7073
6579
7083
7025
6185
7025
7149
6969
7149
7025
7073
7139
7025
7083
7073
6579
6185
7155
6649
6185
7083
7083
7083
7083
7083
7073
6185
6776
6579
7130
7083
7025
6776
6185
7083
7083
7083
7083
7130
7149
7149
7155
7047
7025
6827
7029
7073
6827
6185
7073
6827
7073
7029
7047
7083
7029
6776
7083
7130
7083
7025
6185
7083
7083
7083
7083
7083
7130
7130
7130
7130
7130
6579
6185
7090
7155
7126
6912
7047
7073
6827
7025
6845
7025
7130
7130
7025
7126
6579
7130
7155
6556
7083
7130
7083
6776
7130
6284
7155
7083
7083
7083
7083
7083
7083
7155
7149
6827
7083
6185
7155
6776
6163
7073
7073
7155
7083
7130
6649
6705
6649
7025
7130
7083
6776
6185
7155
7083
7025
7155
7073
6185
7073
7083
7083
7025
7083
7155
7025
7025
7025
7126
7083
6827
6478
7073
7155
7083
6776
7073
6185
6185
6827
7073
6185
7155
7130
6579
6185
6776
6958
6185
7130
6185
7130
6579
7090
7073
7073
7083
7025
7025
7025
7025
6185
6845
6579
7025
7025
7119
7149
6827
6649
7073
6284
7130
7126
6649
7155
7073
6574
6958
7155
6776
7073
6579
7083
6284
6185
7083
7130
6776
6185
6579
7083
6284
7083
7083
7083
7083
6907
7083
6579
7025
6827
7025
6185
7155
6776
7083
6185
6776
6827
7025
6185
6185
7083
6185
7083
7025
6776
7083
7155
6579
7029
7149
6154
6827
7090
7155
7130
6579
6776
6776
7025
7047
7083
7025
7083
7130
7025
6827
7130
6827
6185
6185
6185
6970
6776
6154
7025
6284
6478
6478
6185
6827
7025
7025
6969
7072
7029
6478
6163
6776
6185
7130
6827
6995
7155
6912
7025
7083
6284
6185
7025
6185
6185
6185
7130
7155
7029
7073
6827
7155
7029
7126
7155
6185
6579
6185
7083
6907
6303
6794
6163
6185
6827
6605
7130
6778
6185
7083
7025
7029
6163
6163
6185
7073
6995
6185
7073
7083
6995
7025
7130
7025
6579
6556
6556
7130
7130
7155
7130
7130
6185
7083
7025
6574
6776
7025
6478
6579
6638
6574
6827
7083
6776
6776
6556
7073
7073
6995
7130
7025
7025
6827
7130
6185
7149
6776
6995
6995
6185
7126
6185
6185
7083
7025
6579
6185
7083
7155
7083
7083
7083
7083
7083
7083
7083
7130
6827
6574
6649
7073
6827
6154
6995
7155
7047
7029
7130
7047
7025
6579
6912
7083
7155
7155
7130
7155
6969
6437
6478
7083
7025
6284
6185
7025
7073
6776
7025
7073
6185
7075
6827
6605
6284
6154
6827
7090
7047
6556
6556
7029
7025
6579
7130
7073
6776
7083
7025
7025
6284
7025
6284
6907
6969
6969
6969
6912
6776
6579
6579
6574
6649
7126
7126
6827
6556
6556
6827
7130
7029
7047
6776
6154
6185
7025
7149
6284
7073
6556
7155
7130
6185
6579
7155
7073
7155
6649
6185
7130
6284
6185
6185
6185
7083
7025
7073
7149
6574
7130
7155
6995
7149
7090
6185
7155
7083
6185
7073
6827
7067
7073
7083
6284
6827
6185
6579
6380
6437
6249
7155
6185
7155
7155
6185
7130
6827
6579
7083
6185
6284
7126
7149
6649
6284
6605
6185
6154
6163
6827
7073
6776
7025
6579
7155
7025
6776
6776
7029
6649
7155
7155
6648
6845
7119
7149
6574
6827
7155
6845
6827
7155
6845
6579
7029
6556
6556
7073
7075
7073
6185
7047
6556
7155
6912
6478
6638
6776
7130
7155
7073
6827
6185
7126
6185
6478
6579
7130
6185
6579
6579
7025
7155
6185
6579
6185
7126
6776
6827
7149
7126
7025
6185
6649
6579
7025
6579
6649
6649
7090
6776
7155
6185
6185
7155
6185
6621
6605
6776
6605
6185
6185
6649
7155
6579
6776
6574
7139
6995
7029
7073
6163
7149
7029
7155
6649
7047
7025
6556
6776
7025
6185
7130
7130
7130
7047
6845
6912
7073
6776
6958
6886
6574
6163
7119
6776
6579
7149
6185
7083
7155
6154
7130
7025
7149
7130
7047
6556
7025
7025
6579
6579
7025
6776
7155
7073
7083
6185
7073
6827
6185
7025
6185
7155
6776
7130
7083
7083
7155
7083
7130
7130
7083
9225
7696
8021
8068
8068
7738
8068
8068
7738
7730
8068
7940
8021
8183
8021
8068
7940
7718
7954
8162
7653
8021
7612
7940
8028
8076
7632
7738
7653
8183
8145
7940
7923
7940
7916
7738
7533
7940
8145
7940
7940
7940
8028
7940
7940
7940
7940
8021
8145
7653
8021
7923
7738
8068
7940
8021
8170
8021
8068
7940
7557
7940
7932
7932
7738
7738
7653
7923
7940
7916
8112
7730
8021
7653
7730
8183
8021
7730
8068
8170
7730
7730
8068
7940
7940
8145
7940
8145
8106
7923
8076
8076
7923
8068
7950
8183
8145
8068
7738
8021
8170
8068
7738
7730
8170
8145
7730
8145
7738
8068
8068
8145
8068
7738
7738
8068
7796
8145
8183
8145
7950
8170
7916
7738
7738
8170
7738
7738
7574
8183
8145
8145
8021
7653
8170
7730
7653
8170
8068
8068
7738
8068
8068
8068
8068
8068
8068
8170
7738
8021
7950
7411
7715
8145
7653
8076
8076
8028
7916
7738
7940
7730
7730
8068
8021
7653
8068
8170
7653
8170
8028
8021
8170
7730
8068
8068
8068
7738
8068
7916
7916
8170
8145
8183
8021
7923
7940
7940
7459
8145
7738
8021
8068
8183
7940
8183
7940
7730
8183
7923
8021
8021
7653
8183
8145
8170
7916
7738
8145
7738
7738
8170
7738
8170
7916
7738
7738
7738
7738
7696
8068
7940
7967
7923
7730
7653
7916
7940
8145
7715
7653
8145
8170
7738
8068
7940
7950
7916
8170
7459
7738
7574
8028
7459
7730
8170
7738
8028
7738
7730
7738
8170
7940
8170
8021
8068
7718
8183
7796
7796
7411
7940
8183
7696
8145
8183
8170
7940
8145
7950
7932
7950
7940
7459
8170
7796
7923
8021
8068
8170
7730
8170
8068
7916
8068
7738
8170
8183
8170
8183
8145
7730
7738
8183
8170
7653
8145
7653
7916
8145
7653
7738
7738
8170
8068
7730
7738
7730
8145
8145
8039
7940
7738
8145
8170
8162
7950
7916
8021
8170
8170
7459
8170
8170
8076
8170
8145
8145
8028
8145
8021
7916
8021
7940
7621
7796
7653
7940
7940
7696
7940
7940
8021
7738
8068
7738
7528
8021
7532
7574
8068
7730
7940
7940
7738
8076
7924
7696
7916
7950
7653
8183
8068
7738
8170
8068
8170
7532
7796
7730
7940
7940
7940
7940
7940
8183
7738
8021
7574
7950
7528
7577
8183
8055
8170
8021
7738
7923
8183
8021
7653
7967
8183
7459
7459
8145
8145
7738
8170
8170
7940
7940
8028
7916
8170
8170
7653
7730
7730
8068
7738
7738
7950
7738
7940
7663
7950
7696
7950
8002
8145
8145
8145
8076
8068
8021
8021
8028
8021
7950
7950
8068
7923
7923
8068
8145
7663
7940
7932
7730
7950
7730
8021
8170
8068
7696
7923
8068
8068
8068
8068
8068
8068
7738
8068
8068
8068
7950
7967
7923
8055
7950
7459
8068
7940
7916
8170
7653
7738
7653
8145
7916
7940
8183
7940
8021
7738
7528
8183
7916
7940
8028
8068
8145
7459
7950
8021
8183
7730
7532
8183
8076
7730
8055
8162
8076
8145
8145
8162
8145
8021
8055
8021
7950
8028
8076
8183
8076
8145
7923
7653
7730
8075
8028
7718
7718
8112
8076
8055
7916
8183
8162
8076
8055
8028
7653
7653
8183
7923
8183
8112
7738
7796
7950
8183
7940
8145
7916
7730
8021
7923
7940
8145
8170
7730
7940
8183
7730
7916
7950
8183
8068
8028
8170
7738
8183
7940
7940
7730
7730
8183
8170
8021
7730
8068
8068
8183
8183
7796
7411
8002
8021
7940
7653
7940
8028
7940
7653
8151
8021
7940
8021
7738
8028
7738
8021
7950
7923
8055
7653
7916
8183
7574
8145
7459
7916
7916
7916
7916
7796
8183
8170
7923
7730
7950
7459
7459
7730
8055
7720
8145
8028
8145
7730
7411
8028
8145
8028
8145
7730
8068
8170
7923
7715
8112
8145
8021
8076
8145
7459
8170
8145
8021
7940
7411
7653
7940
7532
7940
7940
8021
8028
8021
8055
7916
7730
8021
7940
8021
7738
8170
7923
8021
8021
8021
7940
8145
8183
8145
7532
7940
8183
8183
8145
8170
7738
8028
7532
7730
7940
8039
7730
7940
7940
7940
8042
7796
7696
7796
7696
7940
8183
7940
7730
7653
8068
7532
8162
7940
7715
7923
7715
8183
7923
7730
7923
7940
8145
8068
8028
7653
8021
8170
8021
8145
7730
7916
7923
7923
7715
8162
7963
8145
8076
8145
8145
7696
8145
7916
8162
8183
8021
7940
8068
7730
8068
7730
8021
7730
8170
7696
7940
8021
7940
7653
8076
7730
7940
7940
7738
7653
8068
7738
8055
8068
8068
8068
8021
8068
7459
8170
8068
9226
8575
9140
8820
8710
9140
9167
8710
8710
9140
8710
8893
9204
9167
9167
8710
9211
9210
9027
9211
9204
9010
9123
9051
9204
9129
9123
8365
9123
8365
9167
8750
9139
8820
8893
9181
8429
8667
8893
9167
9167
9181
8893
9167
9167
9140
9139
9051
8893
8893
9140
9140
9140
8667
9181
9167
9167
9167
8365
9204
8750
9010
9027
8726
8892
9204
8893
8726
9091
8710
9181
9123
9181
8429
9140
9167
9140
9129
9167
9181
8893
9167
8365
8667
9020
8514
8820
8429
8585
8820
9181
8893
9140
8514
8893
9167
8893
8710
8893
8365
8893
9167
9204
9167
9167
9139
9211
9091
9140
9091
8710
8710
9167
9091
9140
9167
8750
8820
8820
8726
9091
9123
9091
9123
9123
9167
8893
8893
9091
9211
8667
8893
9204
8710
9167
8893
9140
9167
9167
9091
9167
9167
8710
8710
8710
9167
8710
9167
9140
8710
8820
8820
8429
8429
8893
9123
8710
8893
9140
9167
9167
9140
9181
9140
8893
8893
9140
8893
9167
9167
9140
8710
9140
9167
9140
8710
8710
9091
9167
8710
8710
8893
8667
9139
9204
9204
9140
9140
9140
9024
8429
8429
9204
9204
9091
9051
9027
8365
9020
8667
8820
8429
8893
9167
9140
9140
9140
8667
8710
8710
9167
8710
8893
9091
8710
8710
8710
9140
9181
9181
8893
9020
9027
9181
9140
9140
9140
8710
8893
8575
9129
8893
9167
9140
9139
9051
9020
9140
9010
8429
9140
8893
9027
8429
9167
8710
8893
8710
9140
8365
8893
9167
8667
8893
9140
8710
9211
8575
9181
8514
8820
9091
9140
8429
8664
9140
8820
8667
8893
8750
8893
9211
9140
8429
8820
9020
9091
8710
9167
9181
9140
8750
8710
8710
9091
9167
8710
8429
9167
8365
8710
8750
9091
9091
9167
8893
8820
9140
9091
9020
9167
9211
9140
8726
8893
9167
9140
9140
9091
9167
8667
8575
8585
8429
8750
8750
9091
8750
8750
8820
9167
8893
8893
9140
8429
9167
9140
9167
8710
9181
9167
9140
9167
9024
9024
8501
9020
8893
9129
9204
9167
9020
9140
9140
8710
8602
9139
8535
9129
9167
9211
9020
9123
9091
9211
9010
9211
9027
8365
9181
9167
9167
8710
8893
9167
9167
9167
8501
8501
8667
9140
8429
9140
9167
8710
9140
9091
9167
8402
8585
8429
9129
8820
8820
9010
9129
9181
9129
9140
9140
9211
9037
8726
8750
8365
8893
9167
8820
8365
8710
8667
9091
9167
8893
8893
9181
9091
9123
9091
9091
8667
8893
9167
8365
9210
8750
8429
9020
9181
9123
9010
8820
8820
8820
8585
8726
8750
9027
8575
9091
8820
8820
9091
9020
8514
8667
8535
9181
8535
8893
9181
8893
9140
9167
9020
9167
9140
9091
9167
9167
8710
8710
9167
9140
9140
9167
8710
8820
9020
9027
8820
9091
8893
9129
8820
9027
9211
9123
9091
9204
8893
8820
8750
9140
9140
9123
9140
8667
9129
8667
9129
9211
8893
9123
8667
8893
9123
9129
9167
8708
8501
9139
9123
8664
9091
8585
8820
8820
9181
8820
9204
9211
9123
8893
8820
9140
8726
8726
8726
8893
8710
9123
8568
9204
8514
9139
9189
8429
8575
8575
9010
8501
9123
9123
8750
9010
8575
9140
8820
9211
9123
8667
8750
9204
9020
8575
9167
9211
9123
9140
8710
9091
9181
9181
8710
8820
9140
8893
8710
8710
9181
8365
9167
9167
8893
8667
8514
9010
8429
9167
9204
9140
8893
9020
8750
9167
8365
9167
9140
8429
9027
9020
8893
8893
9167
9140
8602
9205
9205
9020
8402
8750
9140
8820
9167
9129
9167
9167
9181
8585
8750
9211
9020
9123
8429
9181
9139
9181
8664
9140
9140
8726
9140
8893
8710
8710
9140
9181
9167
9181
9167
8822
8755
9024
8820
8429
8893
8710
8893
8575
9139
8820
9204
8204
8710
8750
8585
8893
8750
8820
9129
8365
8365
9123
8402
8893
9181
9204
8535
9204
9129
9140
9091
9139
9167
9140
8710
9140
8893
9091
9181
8893
9129
8893
9140
8750
9139
8501
8667
9204
8667
9181
9167
9091
9204
9129
8710
9123
9027
9167
9181
9167
8893
9091
9204
8839
9024
9010
9091
9181
9140
9091
8575
9129
8575
8893
9024
8676
9020
8429
9181
8820
9140
9140
8710
8893
8585
9167
9204
9167
9123
9181
8893
8710
8365
8710
9140
9167
8726
8720
8501
8429
9204
9139
9020
9123
8750
9181
8820
9123
9204
9091
8750
9211
9091
9027
8820
8820
8710
8893
8429
9139
9167
8667
9020
9167
8893
8667
8893
8893
9091
9167
9167
9167
9167
9167
9167
9140
9167
9167
8893
9091