9217
9218
257
453
453
453
453
453
237
46
453
57
142
16
710
517
517
75
390
785
83
785
83
205
83
205
83
205
83
205
548
205
83
205
83
205
83
83
83
205
83
205
83
83
205
751
74
83
205
389
205
717
613
142
412
988
988
988
988
389
74
988
988
988
988
83
389
389
389
74
389
389
874
542
507
507
902
220
220
220
548
220
220
220
220
220
220
74
220
220
201
220
717
376
902
220
389
717
46
751
690
751
46
327
389
566
220
201
220
201
389
201
389
905
542
696
710
517
343
75
390
20
46
690
690
83
46
46
902
946
237
20
667
123
142
16
710
522
402
402
402
402
402
402
402
402
402
402
402
402
402
402
402
142
142
710
462
95
295
453
453
453
453
453
453
453
453
453
430
453
430
453
786
717
453
453
684
43
430
453
453
43
453
932
758
43
201
43
43
389
932
244
201
389
201
220
220
220
788
975
597
863
597
579
597
975
597
975
975
975
592
597
696
386
665
710
462
390
597
863
774
863
774
863
774
863
774
863
774
863
774
863
863
863
597
863
597
863
863
863
863
863
863
597
863
774
863
975
863
597
975
597
613
142
323
12
597
352
597
592
597
592
597
592
592
592
592
592
398
592
592
592
592
542
412
932
592
592
592
592
592
592
23
592
592
592
592
592
592
592
592
592
613
542
221
592
592
592
592
592
592
592
592
592
679
592
592
592
20
592
592
592
597
592
597
592
592
592
592
592
592
592
165
592
592
592
846
592
165
846
987
142
846
592
925
592
592
592
846
592
510
592
510
581
846
592
201
846
987
412
988
175
988
279
846
165
846
592
988
846
988
389
100
201
201
846
201
43
593
46
201
846
201
389
684
19
175
19
19
389
201
74
201
201
389
542
507
389
201
220
175
201
201
389
201
389
46
389
874
46
46
327
201
542
799
3
46
657
565
946
325
453
430
453
430
946
430
453
453
453
696
386
599
517
690
475
92
390
475
504
617
43
453
43
453
453
617
453
43
457
696
16
522
95
295
402
402
402
402
402
402
402
402
402
402
402
402
402
402
142
719
719
522
453
453
453
453
453
453
453
453
453
453
453
453
453
542
542
902
453
453
178
24
24
24
43
230
230
24
230
24
230
24
230
24
230
24
230
230
911
230
856
9219
1086
1432
1762
1762
1762
1762
1762
1762
1762
1762
1762
1762
1762
1762
1762
1762
1762
1252
1900
1762
2041
1900
2041
1762
1762
1762
1762
1900
2041
1762
1900
2041
1762
1762
1762
1762
1762
1762
1762
1762
1762
1762
1762
1762
1762
1432
1762
1762
1432
1432
1762
1432
1432
1432
1432
1432
1432
1432
1432
1432
1432
1432
1432
1432
1432
1432
1432
1432
1432
1432
1432
1432
1432
1432
1432
1432
1432
1432
1432
1432
1432
1432
1432
1432
1432
1432
1086
1432
1432
1086
1086
1086
1086
1086
1086
1086
1086
1086
1086
1086
1086
1086
1086
1086
1086
1086
1086
1086
1432
1432
1762
1762
1432
1432
1762
1432
1432
1432
1432
1432
1432
1432
1762
1432
1432
1432
1432
1432
1432
1432
1432
1432
1432
1432
1432
1432
1432
1432
1432
1432
1432
1432
1432
1432
1432
1432
1432
1432
1432
1432
1432
1086
1086
1086
1086
1086
1086
1432
1432
1432
1086
1086
1086
1086
1086
1086
1086
1086
1086
1086
1432
2041
1900
2041
1900
2043
2041
1762
1762
1762
1432
1762
1432
1432
1432
1432
1432
1432
1432
1432
1432
1432
1432
1432
1432
1432
1432
1432
1432
2043
2041
2041
1900
1762
2043
1130
1130
1130
1762
1762
1130
1130
1130
1130
1762
1130
1130
1130
1762
1762
1762
1130
1130
1762
1762
1130
1762
1130
1762
1762
1130
1130
1762
1130
1762
1432
1762
1762
1762
1130
1432
1432
1432
1432
1432
1432
1432
1432
1432
1432
1432
1432
1432
1432
1432
1432
1086
1432
1432
1432
1086
1086
1086
1086
1086
1086
1086
1086
1086
1086
1086
1432
1086
1086
1086
1086
1086
1086
1086
1086
1086
1086
1086
1086
1086
1086
1086
1086
1086
1086
1086
1432
1432
1762
1432
1432
1432
1432
1432
1432
1762
1762
1762
1762
1762
1762
1762
1762
1762
1762
1762
1762
1762
1762
1762
1762
2041
1748
2041
1130
1900
2041
2043
1900
2041
2043
1900
2041
1130
1900
2041
2043
1900
2041
2043
1900
2041
2043
1900
1130
1130
1900
1130
1130
1900
1130
2043
1900
2041
2043
1900
1130
2043
1900
1130
1130
1900
1130
1130
1900
1130
2043
1900
1130
2043
1900
1130
2043
1130
1130
1130
1130
1130
1130
1130
1130
1762
1762
1762
1762
1432
1432
1432
1432
1432
1432
1432
1762
1762
1432
1762
1762
1432
1762
1762
1432
1432
1432
1432
1432
1432
1432
1432
1432
1432
1432
1432
1432
1762
1432
1762
1762
1432
1432
1762
1762
1762
1762
1762
1762
1762
1762
1762
1432
1762
1762
1762
1762
1762
1762
1432
1762
1762
1762
1762
1762
1762
1762
1762
1762
1432
1432
1432
1432
1432
1762
1762
1762
1762
1762
1762
1762
1762
1762
1432
1432
1432
1762
1432
1130
1762
1762
1762
1762
1762
1762
1130
1762
1432
1762
1762
1762
1762
1762
1762
1762
1762
1762
1762
1432
1432
1432
1432
1432
1432
1432
1432
1432
1762
1432
1432
1762
1432
1762
1432
1432
1432
1432
1432
1432
1432
1432
1432
1432
1086
1086
1086
1086
1086
1086
1086
1086
1086
1086
1086
1086
1086
1086
1086
1086
1086
1086
1086
1086
1086
1086
1086
1086
1086
1086
1086
1086
1086
1086
1086
1086
1086
1086
1086
1086
1086
1086
1086
1086
1086
1086
1086
1086
1086
1086
1086
1086
1086
1086
1086
1086
1086
1086
1086
1086
1086
1086
1086
1086
1086
1086
1086
1086
1086
1086
1086
1086
1086
1086
1086
1086
1086
1086
1086
1086
1086
1086
1086
1086
1086
1086
1086
1086
1086
1086
1086
1086
1086
1086
1086
1086
1086
1086
1086
1086
1086
1086
1086
1086
1086
1086
1086
1086
1086
1086
1086
1432
1086
1086
1432
1432
1432
1432
1432
1432
1432
1432
1432
1432
1432
1432
1432
1432
1762
2041
1900
2043
2041
1762
1859
1432
1762
1762
1432
1432
1432
1432
1432
1432
1432
1432
1432
1432
1432
1432
1432
1432
1432
1432
1432
1432
1432
1432
2043
2043
2041
1130
1130
2043
1130
1130
1130
2043
1130
1130
1900
1130
1130
1130
1130
1130
1130
1130
1130
1130
1130
1762
1762
1130
1130
1130
1762
1762
1762
1130
1762
1130
1762
1762
1762
1762
1130
1762
1432
1762
1432
1432
1432
1432
1432
1432
1432
1432
1432
1432
1432
1432
1432
1432
1432
1432
1432
1432
1432
1432
1762
1762
1762
1762
1432
1762
1432
1432
1762
1762
1762
1762
1762
1432
1762
1432
1432
1432
1762
1762
1762
1762
1432
1762
1432
1762
1432
1762
1762
1762
1432
9220
2961
2472
2961
2961
2592
2566
2566
2961
2961
2961
2566
2961
2961
2961
2566
2961
2472
2985
2748
2985
2411
2748
2961
2411
2889
2985
2411
2889
2694
2472
2889
2694
2472
2889
2411
2472
2889
2411
2566
2985
2411
2566
2985
2592
2592
2472
2592
2592
2472
2472
2592
2985
2472
2472
2985
2472
2472
2985
2472
2566
2985
2472
2472
2566
2472
2566
2566
2566
2566
2566
2566
2566
2566
2566
2566
2566
2566
2566
2566
2566
2592
2566
2566
2961
2566
2566
2472
2961
2961
2472
2472
2472
2472
2472
2472
2472
2472
2472
2472
2472
2472
2472
2472
2472
2472
2472
2472
2472
2566
2472
2592
2592
2472
2472
2592
2472
2472
2472
2472
2472
2566
2472
2961
2472
2472
2472
2472
2472
2472
2472
2472
2472
2472
2472
2472
2566
2566
2566
2566
2566
2566
2566
2566
2961
2566
2961
2961
2961
2961
2961
2961
2472
2472
2472
2472
2472
2472
2566
2566
2961
2472
2472
2472
2472
2472
2472
2472
2472
2566
2472
2566
2985
2350
2411
2889
2694
2694
2907
2985
2961
2472
2592
2472
2472
2472
2472
2472
2472
2566
2566
2566
2472
2566
2566
2566
2566
2566
2566
2566
2748
2411
2813
2813
2472
2694
2411
2813
2813
2889
2748
2411
2472
2813
2889
2748
2411
2411
2813
2566
2748
2566
2566
2813
2566
2748
2961
2566
2813
2748
2472
2566
2961
2961
2961
2961
2472
2566
2961
2961
2961
2472
2472
2472
2472
2566
2472
2472
2566
2566
2472
2566
2961
2566
2961
2961
2961
2472
2961
2961
2961
2472
2472
2472
2472
2472
2472
2472
2472
2472
2472
2472
2961
2472
2472
2472
2472
2472
2472
2472
2472
2472
2472
2566
2566
2566
2472
2566
2566
2566
2472
2472
2566
2472
2961
2472
2472
2472
2472
2472
2472
2592
2592
2566
2566
2566
2566
2566
2961
2961
2961
2961
2961
2566
2566
2566
2566
2411
2907
2976
2411
2976
2961
2961
2976
2961
2976
2566
2961
3008
2566
2566
2961
2566
2976
2976
2566
2976
2961
2976
2985
2411
2976
2985
2411
2566
2985
2961
2592
2961
2961
2566
2985
2961
2592
2800
2411
2566
2472
3008
2592
3008
2961
2566
2818
2961
2566
2566
2961
2472
2472
2800
2566
2566
2566
2566
2566
2566
2566
2961
2566
2472
2566
2566
2472
2472
2472
2472
2566
2961
2472
2592
2592
2472
2592
2592
2472
2472
2472
2472
2472
2472
2472
2472
2472
2472
2472
2472
2472
2566
2472
2592
2592
2472
2472
2566
2566
2592
2472
2592
2961
2961
2592
2566
2472
2592
2592
2566
2566
2592
2472
2472
2472
2566
2592
2566
2592
2592
2961
2592
2592
2472
2472
2472
2472
2472
2472
2961
2961
2566
2592
2961
2961
2592
2592
2566
2472
2566
2961
2472
2566
3017
2566
2566
2472
3008
2566
2472
2566
2472
2566
2592
2566
2592
2592
2961
2961
2472
2961
2961
2472
2566
2566
2961
2566
2566
2566
2961
2472
2961
2472
2472
2961
2472
2592
2472
2566
2472
2566
2566
2566
2961
2961
2961
2961
2472
2472
2472
2472
2472
2472
2472
2472
2472
2472
2472
2472
2472
2472
2472
2472
2472
2472
2566
2566
2472
2472
2472
2566
2472
2472
2472
2472
2472
2472
2472
2472
2472
2472
2472
2472
2566
2566
2566
2566
2566
2566
2566
2566
2566
2566
2566
2472
2472
2566
2566
2566
2472
2566
2566
2566
2566
2566
2566
2566
2566
2472
2566
2566
2566
2566
2566
2566
2566
2566
2566
2566
2566
2566
2472
2472
2472
2472
2566
2566
2566
2566
2566
2472
2472
2472
2472
2566
2472
2566
2566
2472
2472
2472
2472
2472
2472
2566
2472
2472
2566
2472
2472
2472
2566
2566
2472
2961
2472
2472
2566
2566
2566
2961
2592
2566
2566
2961
2961
2961
2961
2566
2961
2961
2748
2985
2452
2452
2889
2907
2985
2472
2452
2813
2472
2472
2566
2566
2472
2566
2566
2566
2566
2566
2566
2961
2566
2566
2566
2961
2961
2592
2566
2961
2907
2649
2813
2813
2748
2592
2411
2813
2889
2961
2411
2411
2813
2452
2748
2411
2813
2566
2961
2748
2411
2961
2961
2748
2566
2961
2566
2748
2592
2566
2472
2961
2472
2961
2472
2961
2961
2961
2961
2961
2472
2961
2472
2472
2472
2566
2566
2566
2566
2566
2566
2566
2961
2961
2961
2961
2566
2566
2566
2566
2566
2566
2961
2961
2592
2592
2472
2961
2472
2472
2592
2961
2592
2592
2961
2472
2961
2472
2472
2472
2961
2592
2592
2592
2472
2961
2472
2961
2472
2961
2592
2961
2472
9221
3858
3725
3725
3725
3725
3108
3858
3725
3858
3725
3858
3725
4009
3858
3108
3858
3901
4054
3893
3750
3108
4054
3750
3987
3891
3750
3901
4054
3750
3891
3108
3858
3891
3858
3858
3750
3782
3858
3108
3750
3108
3108
3108
3891
3858
3782
3108
3750
3782
3858
3750
3750
3108
3858
3750
3891
3108
3891
3108
3858
3891
3108
3108
3782
3108
3108
3108
4009
3108
3108
3108
3108
3108
3108
3108
3108
3108
3108
3108
3108
3750
3108
3108
4009
3108
3108
3858
4009
4009
3858
3858
3858
3858
3858
3858
3858
3858
3858
3858
3858
3858
3858
3858
3858
3858
3858
3858
3858
3108
3858
3750
3858
3858
4009
3858
3858
3858
3858
3858
3108
3858
3858
3108
3108
3108
3858
3858
3858
3108
3858
3858
3108
3108
3108
3108
3108
3858
3858
3858
3108
3108
3108
3108
4009
3108
3108
4009
4009
4009
4009
4009
3858
3858
3108
3108
3858
3858
3108
3108
4009
3858
3858
3858
3858
3858
3858
3858
3858
3858
3858
3108
3108
3891
3904
4061
3891
4009
3725
4061
3893
3858
3750
3858
3108
4061
3108
3858
3858
3108
3108
3858
3108
3108
3108
3108
3858
3858
3108
3108
3891
4072
3750
3824
3987
3725
3858
4072
3904
3891
3725
3750
3782
3904
3891
3725
3750
3750
3904
3987
3725
4072
3782
3904
3987
3750
4072
3782
3904
3858
3725
3750
4009
3725
4009
3725
3858
3725
3725
3725
4009
3858
3858
3108
3858
3858
3108
3858
3858
3858
3858
3108
4009
3108
4009
4009
4009
3858
3108
4009
4009
3858
3858
3858
3858
3858
3108
3858
3858
3858
3858
3858
4009
3858
3858
3858
3858
3858
3858
3108
3858
3858
3858
3858
3858
3858
3108
3858
3858
3858
3858
3858
3108
3108
3108
3858
3108
4009
3858
3858
3858
3858
3858
3108
3108
3108
3674
3108
3858
3858
3858
3858
3858
3108
3725
3725
3725
3725
4054
3782
4061
4054
4079
3108
4054
4079
3108
4061
3858
3891
4054
3750
3858
3725
3858
3108
3725
3750
3108
4061
3750
3750
3674
3750
3750
4061
3750
3725
4061
3858
3858
3869
3750
3725
4061
3782
3674
3674
4039
3782
4061
3782
3950
4061
3858
3858
4061
3858
3858
3933
3750
3108
3750
4039
3858
3108
3108
3858
3858
3858
3108
3858
3858
3858
3858
3858
3858
3858
3108
3858
3858
3858
3858
3108
3858
3858
3858
3108
3858
3108
3858
3858
3858
3858
3858
3858
3858
4039
3108
3858
3858
3108
3858
3950
3858
3108
3858
3108
3858
3858
3858
4039
3858
3950
4039
3858
3858
4039
4039
3858
3950
4039
3108
3858
4039
3858
3858
3750
4039
3858
3858
3858
3858
3108
4039
3858
3869
3950
4039
3858
3858
4039
3108
3108
3858
3108
3108
3108
3108
3858
3950
4039
3951
3108
3950
3108
3951
3108
3950
4061
3858
3858
3108
3858
3858
4039
3108
3869
3108
3858
3858
3858
3108
3858
3108
3108
3108
4009
4039
3108
3858
3858
4039
3858
3108
3858
3858
3108
3108
3108
3108
3858
4009
4009
4009
3858
3858
3858
3858
3858
3858
3108
3108
3858
3858
3858
3858
3858
3858
3858
3858
3858
3858
3858
3858
3108
3858
3858
3858
3108
3858
3858
3858
3858
3858
3858
3858
3858
3858
3858
3108
3858
3858
3858
3858
3858
3858
3858
3858
3858
3858
3858
3858
3108
3858
3858
3858
3108
3858
3858
3858
3858
3858
3858
3858
3858
3108
3858
3858
3858
3858
3858
3858
3858
3858
3858
3858
3858
3858
3108
3858
3858
3108
3858
3858
3858
3858
3858
3858
3858
3858
3108
3858
3858
3858
3858
3858
3858
3858
3858
3858
3108
3858
3108
3108
3858
3858
3858
3858
3858
3858
3858
4009
3858
3858
3108
3108
3108
4009
3750
3108
3108
4009
4009
4009
4009
3108
4009
3108
3108
3108
3893
3782
4054
3782
3108
3858
3108
3858
3858
3108
3858
3108
3108
3108
3108
3108
3108
3108
3108
4009
3108
3108
3108
4009
4009
3750
3108
4009
3108
3782
3750
3904
3987
4072
3901
3750
3891
3987
3108
3750
3725
3901
3750
3858
3750
3987
4009
3782
3901
3750
3987
3725
4072
3782
3750
3987
4072
3858
3725
4009
3725
4009
3725
3725
3725
3725
3108
3725
3725
3725
3858
3858
3108
3108
3858
3108
3858
3108
3858
3108
4009
4009
4009
4009
3108
3108
3108
3108
3108
3108
3108
4009
3858
3750
3858
3108
3858
3858
3108
3108
3750
3935
4009
3935
4009
3858
3858
3858
3108
3750
3935
3750
3935
4009
3858
3858
3858
3858
3750
4009
3858
9222
4769
4747
4769
4837
4747
4837
4769
4837
4837
4837
4962
4837
4837
4837
4837
4837
5118
5012
4934
5118
4769
5118
5118
4926
4837
5058
4934
4962
5058
4837
4962
5015
5052
4837
5052
4837
4769
5052
4934
5118
4837
4934
5118
5052
4934
5052
4962
4934
4934
4962
4934
4837
4962
4934
4837
5052
4934
4837
4837
4837
4837
4837
4769
4934
4837
4837
4962
4769
4837
4837
4837
4837
4962
4837
4837
4837
4837
4837
4837
4837
5052
4962
4837
4837
4837
4837
4769
4837
4769
4769
4311
4769
4769
4769
4769
4769
4769
4769
4769
4769
4769
4769
4769
4769
4769
4769
4769
4769
4837
4837
4837
4769
4837
4837
4769
4837
4837
4837
4837
4837
4837
4837
4837
4837
4837
4837
4837
4837
4837
4837
4837
4837
4837
4837
4837
4837
4837
4837
4837
4837
4837
4837
4837
4837
4837
4837
4769
4769
4769
4837
4837
4769
4769
4769
4769
4769
4769
4837
4837
4769
4769
4769
4769
4769
4769
4769
4769
4769
4311
4769
4962
4769
4934
4170
4962
5015
5052
4962
4311
5114
4837
5052
4837
4962
4311
4837
4837
4837
4837
4837
4837
4837
4837
4837
4837
4837
4837
4837
4837
4170
5118
5118
5015
4962
4837
5015
5015
5015
4962
4837
5052
4747
4769
4962
4837
4934
5052
5015
4837
4837
4837
4769
4769
4837
4837
5015
4769
4769
4837
4889
4769
4769
4837
4769
4837
4837
4837
4837
4837
4769
4837
4837
4769
4769
4837
4837
4837
4837
4837
4837
4837
4769
4837
4769
4769
4769
4769
4837
4769
4769
4769
4769
4769
4769
4769
4769
4769
4769
4769
4769
4769
4769
4769
4769
4769
4769
4769
4769
4769
4769
4769
4769
4311
4311
4311
4769
4311
4311
4769
4769
4769
4837
4837
4837
4837
4837
4769
4837
4837
4837
4769
4769
4837
4837
4837
4837
4384
4384
4384
4384
4384
4384
5094
4837
4837
4837
4962
5052
5012
4926
5015
4837
4955
4926
4384
4384
4384
4384
5012
4934
5058
4837
4934
4769
4769
4962
4769
4837
4837
4132
4132
4624
4384
4384
4384
4384
5094
4624
4624
4624
4132
5015
4624
4769
5052
4624
4624
4624
4624
4384
4624
4624
5094
4624
4624
4624
5052
4624
4837
4132
5012
4132
4810
4384
4384
4384
4384
4384
4837
4837
4837
4837
4837
4837
4837
4837
4837
4837
4837
4837
4769
4769
4837
4769
4769
4837
4837
4837
4837
4837
4837
4837
4837
4132
4837
4837
4837
4837
4837
4837
4132
4769
4132
4837
4837
4837
4769
4132
4769
4837
4837
4769
4837
4837
4769
4769
4837
4810
4769
4837
4837
4810
4837
4769
4132
4769
4837
4837
4769
4769
4837
4837
4837
4837
4837
4837
4132
4837
4810
4769
4837
4132
4769
4769
4837
4837
4837
4132
4810
4876
4837
4830
4810
4837
4837
4654
4769
4837
4311
4837
4769
4132
4769
4769
4837
4837
4384
4837
4132
4837
4837
4837
4837
4837
4837
4837
4837
4837
4132
4837
4837
4837
4837
4769
4837
4837
4132
4837
4837
4837
4837
4769
4769
4769
4769
4769
4769
4769
4769
4769
4769
4769
4769
4769
4769
4769
4769
4769
4769
4769
4769
4769
4769
4311
4769
4769
4769
4311
4769
4769
4769
4769
4769
4769
4769
4769
4769
4769
4769
4769
4311
4311
4311
4311
4311
4769
4311
4311
4311
4311
4311
4769
4769
4311
4311
4311
4769
4311
4311
4311
4311
4311
4311
4311
4311
4769
4311
4311
4311
4311
4311
4311
4311
4311
4311
4311
4311
4311
4769
4769
4769
4769
4311
4311
4311
4311
4311
4769
4769
4769
4769
4311
4769
4311
4311
4769
4769
4769
4769
4769
4769
4311
4769
4769
4311
4769
4769
4769
4311
4311
4769
4837
4769
4769
4837
4837
4837
4769
4837
4837
4837
4769
4837
4769
4837
4837
4769
4837
4170
5058
5015
5110
5058
4311
4858
4837
4837
4934
4837
4837
4837
4837
4837
4837
4837
4837
4837
4837
4837
4769
4837
4837
4837
4837
4837
4962
4837
4837
5114
4962
5118
5114
5015
4769
5052
5052
4170
4934
4934
5052
4962
4934
4837
5052
4837
4311
4934
4769
5052
4837
4837
4837
5015
4769
4170
4769
4769
4170
4769
4769
4769
4769
4769
4837
4837
4837
4837
4837
4769
4837
4837
4769
4837
4837
4837
4837
4837
4837
4837
4837
4769
4769
4769
4837
4837
4837
4837
4837
4837
4837
4837
4769
4769
4769
4837
4837
4837
4837
4769
4837
4769
4769
4769
4769
4769
4837
4837
4837
4837
4830
4769
4769
4769
4769
4837
4837
4837
4837
4830
4837
4837
9223
5832
5924
5832
5924
5742
5832
5832
5924
5832
5924
5832
5924
5832
5832
5832
5832
5568
6004
5527
5648
5648
5924
5568
5495
5648
5527
5742
6103
5527
5310
5495
5766
5495
5766
5568
5495
5742
5742
5568
5568
5648
5568
5742
5766
5568
5495
5742
5568
5568
5495
5742
5495
5495
5568
5495
5568
5568
5648
5568
5568
5648
5495
5568
5568
5568
5568
5742
5568
5568
5568
5568
5568
5742
5568
5568
5568
5568
5568
5568
5568
5568
5742
5568
5568
5568
5568
5742
5568
5568
5742
5742
5742
5742
5742
5742
5742
5742
5742
5742
5742
5742
5742
5742
5742
5742
5742
5742
5742
5568
5568
5832
5568
5568
5231
5568
5568
5568
5568
5568
5568
5568
5231
5568
5568
5568
5568
5568
5568
5568
5568
5568
5568
5568
5568
5568
5568
5568
5568
5568
5568
5568
5568
5568
5568
5568
5568
5568
5568
5568
5568
5568
5742
5742
5742
5742
5742
5742
5568
5568
5568
5742
5742
5742
5742
5742
5742
5742
5742
5568
5742
5568
5568
6048
6103
5310
5742
5495
5742
5742
5568
5568
5742
5568
5568
5568
5568
5568
5568
5568
5568
5568
5568
5568
5568
5568
5568
5568
5568
5568
5527
5495
5568
6083
6002
5742
5568
5766
5832
5924
5742
5495
5742
5982
5924
5742
5568
5832
5832
5832
5742
5832
5574
5832
5832
6005
5742
5832
5742
5832
6103
5832
5568
5568
5568
5568
5832
5568
5568
5742
5568
5832
5832
5832
5568
5832
5568
5832
5832
5568
5568
5568
5568
5568
5742
5568
5568
5742
5568
5742
5568
5742
5742
5742
5742
5742
5742
5742
5742
5742
5742
5742
5568
5742
5742
5742
5742
5742
5742
5742
5742
5742
5742
5568
5568
5568
5742
5568
5568
5742
5742
5742
5568
5568
5568
5568
5568
5568
5568
5568
5832
5832
5231
5231
5231
5231
6073
5832
5568
5568
5568
5832
5832
5231
6109
6109
6109
5527
6103
5924
5924
5495
5231
5231
5231
6004
5231
6004
6004
6004
5726
5832
6004
6109
6109
5856
5982
5231
5231
5231
5856
5856
5982
5527
5527
6004
5527
6004
6109
6109
6004
6004
5648
5231
5231
6109
6073
6004
5856
6002
6004
6103
6004
6004
5231
6109
6109
5568
5814
5726
5856
6109
5726
5726
5766
6004
5568
6004
6004
5742
5568
5568
5527
5568
5568
5742
5568
5568
5742
5726
5568
5568
5726
5568
5568
5568
5568
5568
5568
5568
5568
5568
5568
5568
5568
5568
5568
5568
5568
5742
5568
5568
5742
5742
5568
5568
6109
5568
5568
5568
5726
5742
5568
5742
5568
6050
5742
5742
5574
5568
5568
5568
5574
6109
5568
5568
5568
5726
5742
5568
5568
5568
5568
5568
5568
5568
5568
5527
6050
5574
5856
5742
5742
5568
5742
5648
5568
5568
5742
5574
5742
5568
6005
5574
5568
6005
5568
6109
6050
5568
6050
5832
5568
5568
5726
5742
5568
5568
5726
5742
5568
5568
5568
5568
5568
5568
5568
5742
5568
5742
5568
5568
5568
5568
5568
5568
5568
5568
5568
5568
5568
5568
5568
5568
5568
5742
5742
5742
5742
5742
5742
5742
5742
5742
5742
5742
5742
5742
5742
5742
5742
5742
5742
5742
5568
5742
5742
5742
5568
5742
5742
5742
5742
5742
5742
5742
5742
5742
5742
5742
5742
5568
5568
5568
5568
5568
5742
5568
5568
5568
5568
5568
5742
5742
5568
5568
5568
5742
5568
5568
5568
5568
5568
5568
5568
5568
5742
5568
5568
5568
5568
5568
5568
5568
5568
5568
5568
5568
5568
5742
5742
5742
5742
5742
5742
5568
5568
5568
5742
5742
5742
5742
5742
5742
5742
5568
5742
5742
5742
5742
5742
5742
5568
5742
5742
5568
5742
5742
5742
5568
5742
5742
5568
5742
5742
5568
5568
5568
5568
5568
5568
5568
5568
5568
5568
5568
5568
5568
5568
5766
5982
6002
5832
6024
5924
5924
5568
5568
5568
5568
5568
5568
5568
5568
5982
5568
5568
5568
5568
5568
5568
5742
5568
5568
5568
5568
5568
5568
5568
5924
5495
5568
5982
5766
5742
5742
5766
5832
5832
5832
5832
5772
6002
5832
5495
6002
5568
5832
5495
5742
5772
5568
5742
5832
5495
5832
5832
5832
5568
5568
5832
5832
5924
5832
5742
5568
5742
5568
5742
5568
5742
5832
5832
5568
5568
5568
5832
5832
5568
5568
5568
5568
5568
5568
5568
5568
5568
5568
5568
5568
5568
5568
5568
5568
5568
5574
6024
5574
6024
5568
6005
5568
5568
5568
5568
6024
5574
6024
5574
6005
5742
5568
5568
5568
5742
5574
6024
5574
6024
6005
6005
5982
9224
7155
6958
7025
6958
7025
6958
7025
6958
7025
6776
7155
6776
7083
7025
7083
7130
7083
6579
6776
7025
7073
7025
7025
7126
7025
7083
6185
7126
7083
7073
7025
7025
6579
7073
7025
7025
7073
7025
7083
7025
7130
6776
7083
7073
6579
7083
7083
7025
6827
6827
7025
7130
7083
6776
7025
7083
6776
7083
7083
7155
7083
7025
7155
7083
7083
7155
6776
7083
7155
7083
7083
7083
6776
7083
7155
7025
7083
7083
7083
7083
7083
7083
7083
7130
7083
7083
7130
6579
6579
7130
7130
7130
7130
7130
7130
7130
7130
7130
7130
7130
7130
7130
7130
7130
7130
7130
7130
7130
7083
7083
6579
7083
7083
7083
7047
7083
6154
7083
7083
7083
7083
7083
7025
7083
7083
7083
7083
7083
7083
7083
7083
7083
7083
7083
7083
7083
7083
7083
7083
7083
7083
7083
7083
7083
7083
7025
7083
7083
7083
7083
7083
7130
7130
7130
7130
7130
7130
7083
7083
7083
7130
7130
7130
7130
7130
7130
7130
7130
7130
7130
7083
6579
7073
6284
6185
6776
7083
7130
6185
7155
7083
7083
7083
7083
7047
7083
7083
7083
7083
7083
7083
7083
7083
7047
7083
7083
7083
7083
7083
7155
7025
7130
6579
7025
7025
7155
7130
6776
7126
7130
7025
7155
6776
6776
6185
7155
7155
7130
7025
6185
7025
6845
6579
7130
6776
7025
7155
7073
6185
7075
7025
7083
6776
7047
7130
7025
7130
6185
7025
7130
7025
7083
7083
7083
7083
7083
7083
7083
7083
7083
7083
7083
7083
7083
7083
7083
7130
7025
7083
7083
7130
7130
7130
7130
7130
7130
7130
7130
7130
7130
7130
6579
7130
7130
7130
7130
7130
7130
7130
7130
7130
7130
7130
7130
7130
7130
7130
7130
7130
7130
7130
7083
7083
7130
7083
7083
7083
7083
7083
6579
6579
7083
7083
7083
7083
6185
7139
6185
6185
6185
6579
6579
7083
7047
7130
7130
7155
7126
6185
7139
6579
6185
6649
7025
7139
7073
7025
6912
6163
6154
6154
6154
7025
6163
7139
7139
6163
6185
6163
7047
7047
6185
6579
7130
6163
6579
6185
7047
6185
7139
6163
7139
6776
7149
6579
7155
7047
7029
7090
6163
7025
7029
6163
6827
6776
7126
7139
7139
6579
6827
6185
7025
6579
6579
6163
6827
6163
6163
6154
7130
7025
7130
7130
6579
7083
7047
7029
6185
6185
7083
7083
7083
7047
7083
7083
7047
7083
7025
7083
7047
7083
7083
7047
7083
7025
7083
7025
7025
7083
7083
7083
7083
7025
7047
7083
7083
7047
7083
7083
7083
7029
7083
7025
7025
7083
7083
7083
7130
7083
7025
7083
7139
7083
7083
7083
7083
7083
7025
7029
7083
7047
7083
7083
7083
7029
7047
7025
6185
7083
7083
7025
6185
7083
7083
7083
7083
7083
6185
7083
6579
7025
7083
7083
7025
7139
6649
7029
7047
7083
7083
6579
7083
7083
7083
7025
7029
7139
6185
7083
7029
7083
7083
7083
7083
7083
7083
7083
7083
7130
7083
7083
7025
7083
7083
7083
7083
7083
7083
7083
7083
7083
7083
7083
7083
7130
7130
7130
7130
7130
7130
7130
7130
7130
7130
7130
7130
7130
7130
7130
7130
7130
7130
7130
7130
7130
7130
7130
7130
7130
7130
7130
7130
7130
7130
7130
7130
7130
7130
7130
7130
7130
7130
7130
7130
7130
7130
7130
7130
7130
7130
7130
7130
7130
7130
7130
7130
7130
7130
7130
7130
7130
7130
7130
7130
7130
7130
7130
7130
7130
7130
7130
7130
7130
7130
7130
7130
7130
7130
7130
7130
7130
7130
7130
7130
7130
7130
7130
7130
7130
7130
7130
7130
7130
7130
7130
7130
7130
7130
7130
7130
7130
7130
7130
7130
7130
7130
7130
7130
7130
7130
7130
6579
7130
7130
7083
7083
7083
7083
7083
7083
7083
7083
7083
6579
7083
7083
7083
7025
6185
6579
7155
7130
7073
7126
7083
7083
7025
7126
7083
7155
7083
7083
7083
7083
7083
7025
7083
7083
7083
7083
7083
7083
7083
7083
6579
7155
7083
7083
6579
6185
7126
6776
7025
6185
7083
7130
6827
6185
7155
7155
6185
6845
7025
7130
7130
6845
6579
6845
6845
6776
6845
6776
6776
6845
7155
6579
6579
6185
7130
6579
6776
7155
6579
7130
7025
7130
6845
7130
6845
7130
7083
7083
7083
7083
7083
7083
6579
7083
7083
7083
7083
7083
7083
7083
7083
7083
7083
7083
7083
7083
7130
6649
7083
7083
7083
7025
6649
7083
7083
7025
6649
6649
6649
6649
6579
7083
7083
6649
7025
6185
6649
6649
6649
6649
7083
7025
7083
7025
7083
7083
6185
9225
8170
7696
7916
8183
7696
8170
7916
8021
8068
8021
8068
8021
7916
7730
8068
8068
8145
7940
8021
8068
8028
7738
7923
8028
7916
7923
7459
8170
7923
8021
7950
8145
8145
7738
7738
8183
7738
8068
8170
7738
7730
8068
8170
7738
7738
7730
8021
7738
8145
8068
7738
8170
8068
8170
8145
8170
8170
8145
7653
7730
8170
8021
7730
8068
7653
8068
8068
7738
8068
8068
8068
7730
8068
8068
8068
8068
8068
7730
8068
8068
7738
8068
8068
7738
8068
8068
8170
7738
7738
8068
8170
8170
7738
8170
7738
7738
8170
7738
8068
8170
7738
7738
8170
7738
8068
8170
7738
8170
8076
8076
7738
8170
8170
7738
8145
8170
8068
8068
8068
7738
8068
8068
8162
8170
8076
8068
8068
7738
8170
8170
8162
7738
7738
7738
7738
8068
8068
8068
8068
8068
8068
8068
8068
7738
8068
8068
7738
7738
7738
7738
7738
8170
7738
8170
8170
8170
8170
8068
8068
7738
8170
8170
8170
8170
7738
7738
7738
7738
8170
8170
8183
8145
8145
7653
7950
7738
7730
8021
8068
8170
8183
7653
8170
8170
7738
7738
7730
8068
8068
8183
8068
8170
8068
8145
8170
8068
8068
8021
8068
8021
7940
7738
7459
7940
8068
7950
7730
7730
7730
7932
8068
8183
7459
8170
8021
7916
8183
8021
7653
8021
8068
7940
8021
8068
8068
8021
7653
8021
7932
7459
7730
7916
8068
7738
8183
8068
8021
8021
8021
8021
8068
7738
8068
8068
8068
8068
8183
8068
8068
8068
8068
7738
8068
7738
7738
7738
8170
8068
7738
7738
8170
8170
8068
8170
7738
7738
7738
8170
8170
8170
8068
7738
8170
8170
8170
8170
8170
7738
8170
7738
7738
7738
8170
8170
8170
8170
8170
8170
8068
8170
8170
8068
8068
8170
8170
8170
7738
8170
8170
8068
7738
8068
8068
8068
8068
7940
8162
8068
8068
8068
8068
8068
7738
8021
8021
8021
7653
7940
7940
8162
7653
7940
7940
8145
8162
7923
7730
7916
8068
7923
7940
7940
7738
7730
8183
7730
8145
7940
7897
7932
7459
8055
8021
7730
7940
8055
8162
7632
7632
8145
8028
8145
7632
7940
7897
7632
7696
7632
7932
7940
7632
7696
7653
7632
7632
7632
8145
7632
7577
7940
7940
7897
7738
7940
8021
7738
8068
8055
7730
7940
7940
8021
7940
7940
8076
8068
7940
8076
8183
8183
7940
8145
8145
8145
8076
7738
8183
8145
7738
7730
8068
8068
8170
8068
8145
8170
8145
8068
8068
7738
7738
7738
8068
8145
8145
8162
7738
8145
8145
8183
7738
8145
7738
8145
8162
8145
7653
8068
8145
8183
8145
8068
8162
7738
8145
8145
8183
8145
7738
8145
8170
8068
7738
8145
7738
7738
8068
8068
8068
8183
8068
8068
8145
8076
8068
7738
8068
8068
8068
8068
7632
8068
8170
7738
7738
8145
8021
8170
8183
8076
7738
8170
7923
8145
8068
7738
8183
8183
8170
7738
8068
8068
8183
8183
8183
8068
7738
8145
8068
8170
8170
7738
8183
7738
8076
8183
8170
8068
8068
8068
8183
8183
7738
7738
8170
8170
8170
8170
8170
7738
7738
7738
7738
7738
7738
7738
8170
7738
8183
7738
7738
7738
8068
8170
8170
8170
8170
8170
7738
7738
8170
7738
7738
8170
8170
7738
7738
7738
7738
8170
8170
8170
8170
8170
8170
8068
8170
8170
8170
8170
8170
7738
8170
8170
8170
8170
8170
8170
8170
8170
8170
8170
8170
8170
8170
8170
8170
8170
8170
8170
8170
8170
8170
8170
8170
8170
8170
8170
8170
8170
8170
8170
8170
8170
8170
8170
8170
7738
8170
8170
8170
8170
8170
8170
8170
8170
7738
8170
8170
8170
8170
8170
8170
7738
8170
8170
8170
7738
8170
8170
8170
7738
8170
8170
8068
8068
8068
7738
7738
8068
8068
7738
7738
7738
7738
8021
7738
8068
7730
8170
7730
7932
8170
8021
8021
8170
7950
8021
8068
8068
8068
8068
8068
8068
8068
8068
8068
8068
8068
7738
8068
8068
7738
7738
7738
7738
8068
7738
7940
7950
8021
8170
8183
7730
8145
8170
8170
7916
7923
7950
7730
7796
7916
8021
7916
7940
8068
7940
8145
8021
7796
8021
7950
7730
8068
8183
8170
8068
8021
7653
8021
7916
7916
8021
7916
8021
8183
8183
7738
8170
8068
8068
8068
8068
8068
8068
8068
8068
8068
8068
7738
7738
7738
7738
8021
8068
8068
8068
8068
8068
8183
8183
8183
8170
8068
8145
8183
8183
7738
8145
8183
8145
8145
8145
8145
8068
8183
8068
8145
8183
8145
8183
8170
7738
8170
8145
8170
8183
7738
8145
8028
9226
9091
8667
9204
8820
9167
9140
9204
8708
9167
9167
9139
9167
9139
8893
8710
9167
8710
8365
9167
9010
8667
8893
8667
9204
9204
9167
8429
9140
9167
9167
9211
8893
9091
9167
8710
9167
9167
8710
9167
9167
9211
9167
9140
8893
9140
9167
8710
8893
8893
8893
8710
9091
9167
9167
9091
9167
9167
8710
9140
9167
9140
9167
9167
9167
9167
9167
9167
9140
9140
9167
8710
9167
8710
8710
9167
8710
8710
9167
9167
8710
9140
8710
8710
9140
9167
8710
9167
9140
8710
9167
9140
9140
9167
9140
9140
9167
9140
9140
9167
9140
9140
9140
9140
9140
9167
9140
9140
9167
8820
9167
9167
8750
8820
9167
8710
9140
8820
8750
8750
9167
8820
8710
8710
9167
9167
9167
8750
8750
8820
8820
8750
9140
8710
9140
8750
9167
8820
8820
8710
8710
8710
8710
9167
9140
8710
8710
8710
8710
8710
9140
9140
9167
9140
9167
9167
9140
9167
8710
9167
9140
9140
9140
9140
9140
9140
9140
9140
9140
9167
9167
8710
8667
8710
9167
9181
9091
9091
9167
9140
9167
8365
9167
9140
9140
8750
9167
9140
9140
8710
8710
9167
9140
9167
8710
9167
8710
8710
8710
9167
9020
9140
8893
8429
8893
9129
9204
9140
9211
9140
9129
9204
8893
9140
9167
9167
9204
8893
8667
9204
9167
9181
9123
9211
9204
9091
9140
8893
8893
9204
9129
8820
8664
9139
8750
9167
8710
9204
9139
9167
9140
9140
9140
8710
8710
9167
8710
9167
8710
8710
9140
9167
8710
9167
8710
9140
8710
9140
8710
9140
9140
9140
9167
9140
9167
9140
9167
9140
9140
9167
9140
9167
9140
9167
9140
9167
9140
9140
9140
9167
9140
9140
9140
9167
9167
9167
9140
9167
9167
8710
9140
8710
8710
9167
9167
9167
9167
8750
8750
8750
9167
8820
8750
8750
8710
8710
8667
8710
8820
8710
8750
8667
8750
9167
9129
8710
8820
8750
8750
8750
8893
8820
9181
8893
8893
9181
8667
8893
8365
8750
9123
8710
8750
8726
9181
8429
8893
8750
9010
8750
9129
9129
8893
8820
9020
8710
8893
8429
9129
8893
9123
9204
8429
8750
8750
8667
9181
8750
9140
8820
8710
8750
9210
9140
8667
9091
8820
8365
9129
9140
8820
8710
9129
8998
8820
9181
8710
8750
8710
9091
9167
8710
9020
8710
9140
8710
8710
9204
8710
9129
9167
8750
9211
8710
8710
8750
8750
9167
9211
9140
8750
8820
9140
9140
9140
8710
8710
8710
9140
8750
9167
9140
9129
8710
8710
8750
8750
8750
8750
9140
9167
8750
8710
8820
8750
9181
9140
9167
9167
9129
9140
8750
9167
8750
8750
9211
9140
9140
8710
8750
9140
8750
8820
9140
8710
9140
8667
8750
9204
9167
9167
8750
9167
8710
9140
8710
9140
9167
8710
9167
8820
9140
9204
9167
8820
8667
9123
9204
9204
9167
9167
8750
9204
8820
8710
8750
8750
8667
8750
8750
8750
9167
8710
9167
8710
8710
8710
9140
8750
8750
8820
9140
8750
9167
9140
9167
8710
9140
9167
8710
8710
9167
9167
9167
9140
9140
9167
9167
9140
9140
9140
9167
9167
9140
9140
9140
9140
9140
9140
9140
9140
9140
9140
8710
9167
9167
9140
9140
9167
9140
9140
9140
9140
9140
9140
9140
9140
9140
9140
9140
9167
9167
9167
9167
9167
9167
8710
8710
8710
8710
9167
8710
9140
9140
9167
9167
9167
9140
9167
9167
9167
9167
9167
9167
8710
9167
9140
8710
9167
8710
9167
9167
9167
9167
8710
9140
9167
9140
9167
9140
9140
9140
9140
9167
9140
9140
8710
8710
9140
9140
9140
9140
9167
9140
8710
9167
9140
9140
9140
9140
9140
9140
9167
9140
9167
8710
9140
9140
9140
9167
8710
9140
9140
9167
9167
8710
8710
8710
9140
9167
8710
9167
9140
9167
9140
9140
8710
9167
8710
8710
9140
8893
8365
9167
9167
9167
8893
9211
8429
8710
9167
9167
8893
9140
8710
8893
8710
9167
8710
9167
8710
9140
8710
9167
9167
9140
9140
9140
9167
8893
9167
9167
9091
9140
9020
9181
9181
9181
9020
9167
9140
8429
9091
9140
9167
9167
9167
9167
9091
9181
9167
9167
9181
9181
9167
8667
9140
9181
8710
8664
9139
9129
9139
8429
9167
9167
9167
8710
9167
9167
9167
9140
9167
9167
9167
8710
8710
8710
8710
8710
8710
9140
9140
8710
9167
8710
9167
8710
9167
9167
8710
9167
9140
9140
9167
9167
8710
9140
9140
9204
8710
9167
8710
9167
9167
9091
9140
9140
9167
9129
9129
9140
9167
9167
9123
9140
8710
9140
8710
9140
9140
8710