9217
9218
310
104
981
981
28
653
613
196
978
118
432
314
950
175
325
237
325
325
819
386
25
517
231
390
708
950
782
351
351
201
1020
456
465
653
118
314
314
314
325
950
325
325
325
243
415
851
653
118
231
981
981
819
465
25
958
641
314
950
188
341
325
325
325
456
883
120
934
710
517
116
447
442
188
351
825
825
415
520
448
653
118
314
314
950
950
851
325
325
822
43
547
714
696
710
502
1020
981
520
448
653
118
314
314
325
442
555
325
325
325
325
28
386
710
641
92
92
351
214
782
981
981
59
415
465
465
25
118
314
174
442
442
325
325
468
822
442
645
376
135
92
970
63
819
465
653
118
314
314
950
188
325
325
325
325
325
419
934
386
517
390
92
351
782
501
351
351
981
981
392
211
653
118
314
314
782
950
325
325
800
474
122
419
775
502
468
981
981
819
465
448
118
314
314
566
782
555
325
325
325
325
325
714
934
386
513
390
390
782
851
341
351
1020
981
415
714
465
653
118
314
314
442
555
325
325
325
325
325
188
325
325
468
981
482
465
653
118
314
314
314
344
555
325
325
974
325
325
520
386
710
231
92
708
344
775
981
1020
981
456
248
455
493
653
118
314
475
799
147
987
475
325
923
689
89
89
589
589
485
415
248
696
25
118
314
92
782
950
548
896
325
456
248
978
677
934
710
517
468
92
175
782
468
981
456
248
17
465
653
118
314
314
782
950
325
325
325
237
555
325
325
981
520
465
196
978
294
334
314
713
344
555
950
697
870
415
28
211
978
284
294
432
713
851
927
502
697
697
819
419
448
118
314
314
314
442
799
135
325
325
325
325
442
851
615
870
936
819
465
25
118
92
92
713
782
188
896
981
566
981
415
520
386
299
521
390
442
344
775
175
981
1020
981
419
448
653
118
475
314
248
376
325
475
325
613
689
693
89
89
589
589
819
196
745
118
294
334
713
782
950
896
697
325
936
392
196
978
284
294
334
713
344
775
502
697
697
456
248
448
653
118
314
314
248
555
216
697
870
697
442
832
775
231
870
697
936
520
448
653
118
314
314
344
555
325
325
325
325
122
386
710
641
677
390
351
344
555
351
351
981
415
419
465
653
118
314
781
799
775
325
325
824
233
419
25
135
502
92
981
248
419
170
9219
1086
1432
1432
1432
1432
1432
1432
1762
1762
1762
1900
2043
1130
1762
1762
1762
1762
1762
1762
1762
1762
1762
1762
1762
1762
1762
1762
1432
1762
1130
2041
1900
1762
1762
1762
1762
1762
1762
1762
1762
1762
1432
1432
1762
1432
1432
1432
1762
1432
1858
1762
2043
1900
1762
1130
1762
1762
1762
1900
1762
1762
1762
1762
1900
1762
1762
1762
1762
1432
1762
1762
1762
1762
1762
1432
1432
1432
1432
1762
2043
2041
1900
1762
1762
1762
1762
1762
1762
1762
1762
1762
1762
1762
1762
1762
1432
1762
1762
1879
1130
1900
1900
1762
1762
1762
1762
1762
1762
1762
1762
1762
1432
1762
1432
1432
1432
1432
1454
1879
1900
2043
1879
1130
2043
1130
2041
1762
1900
1762
2041
1762
1762
1762
1762
1762
1762
1762
1762
1762
1130
1762
1762
1762
1762
1432
1432
1432
1130
1879
1879
1762
1900
1130
1130
1762
1762
1762
1762
1762
1762
1762
1762
1762
1762
1900
1762
2043
1900
1762
2041
1432
1762
1762
1762
1762
1762
1762
1762
1432
1432
1432
1432
1432
1432
1432
1130
2043
1879
1900
2043
2041
1762
2043
1900
2043
1900
1900
1762
1900
1900
1762
1900
1762
1762
1762
1762
1762
1762
1432
1432
1432
1432
1432
1432
1762
1879
2043
1762
1130
2043
1130
1900
1762
1900
1762
1900
1762
1762
1762
1762
1762
1900
1762
1762
1762
1281
1900
1900
1762
1762
1762
1762
1762
1762
1762
1762
1762
1432
1432
1432
1432
1432
1432
1130
1879
2043
1130
1762
2043
1900
1762
1900
1762
1762
1762
1762
1762
1762
1762
1432
1762
1432
1432
1762
1762
1432
1762
1432
1432
1432
1432
1432
1432
1858
1762
1130
1900
1762
1762
1762
1762
1900
1900
1762
1900
1762
1762
1900
1762
1762
1762
1762
1762
1762
1130
1900
1762
1762
1762
1762
1762
1762
1762
1762
1432
1432
1432
1432
1432
1432
1432
1432
1432
1879
1879
1879
1130
2043
1130
1900
1130
1762
1762
1762
1900
1762
1762
1762
1762
1762
1762
1762
1762
1762
1762
1762
1762
1762
1432
1432
1130
1879
1762
1900
2041
1762
1900
1762
1762
1762
1762
1762
1762
1762
1762
1762
1762
1762
1762
1762
1762
2043
1762
1762
1762
1762
1762
1762
1762
1432
1432
1432
1432
1432
1432
1432
1432
1762
1432
1432
1762
2043
1130
1900
2043
1130
1762
1858
1762
2043
1762
1762
2043
1762
1762
2043
1076
1879
1879
1762
1900
1130
1900
1432
1130
1432
1762
1879
1762
1762
1900
1130
1130
1130
1762
1762
1762
1762
1762
1762
1762
1762
1762
1432
1762
1900
1879
1762
1879
1762
1900
1900
1762
1762
1762
1432
1432
1762
1432
1432
1432
1432
1432
1432
1432
1130
1130
1130
1281
1900
2043
1762
1900
1762
1762
1762
2043
1900
1762
1762
1900
1762
1762
1900
1762
1762
1762
1762
1762
1762
1762
1432
1130
1928
1879
1130
1879
1762
2043
1130
1879
1130
1762
1762
1762
1762
1762
1432
1762
1432
1762
1432
1076
1076
1428
1130
1130
1130
1130
1130
1130
1130
1130
1130
1130
1432
1432
1432
1432
1130
1130
1130
1858
2043
1762
1900
2043
1130
1130
1130
1900
1900
1762
1900
1762
1900
1900
1130
1762
2043
1762
1900
1762
1762
1762
1762
1762
1432
1432
1762
1130
1762
1432
1432
1432
1432
1432
1432
1432
1432
1432
1432
1432
1432
1432
1432
1432
1432
1432
1762
1900
1130
1130
1762
1762
1762
1762
1762
1432
1432
1432
1432
1432
1432
1432
1432
1432
1432
1762
1879
1130
1130
1130
1762
1762
1762
1130
1130
1900
1762
1762
1900
1762
1762
1762
1115
1879
1879
1130
1900
1130
1130
1762
1130
1130
1428
1879
1762
1454
1130
1900
1879
1130
1900
1762
1130
1900
1762
1762
1762
1762
1762
1762
1762
1115
1115
1428
1879
1879
2041
1879
1130
1879
1130
1130
1879
1130
1130
1130
1130
1130
1130
1130
1879
2043
1454
1130
1879
1879
1879
1130
1454
1879
1879
1130
1858
1762
2043
1130
1900
1130
1762
1762
1879
1130
1762
1762
1762
1432
1432
1432
1432
1762
1454
2043
1900
1900
1762
1762
1762
1762
1900
2043
1900
1900
1762
1900
1762
1762
1900
1762
1748
1130
1900
1900
1130
1762
1762
1762
1432
1762
1762
1762
1762
1432
1432
1762
1762
1432
1762
1762
1628
1879
1762
2043
1900
1762
1762
1900
2043
1900
1900
1762
1900
1762
1762
1762
1762
1900
1130
1762
1762
1762
1432
1432
1432
1432
1432
1432
1454
1130
9220
2961
2566
2592
2566
2566
2566
2566
2566
2472
2452
2592
2472
2800
2566
2472
2813
2472
2961
2472
2592
2566
2961
2566
2813
2566
2961
2566
2472
2566
2472
2961
2592
2472
2566
2566
2566
2566
2566
2566
2566
2592
2472
2472
2961
2472
2472
2472
2592
2472
3017
2472
2961
2452
2472
2566
2472
2472
2452
2592
2472
2472
2649
2748
2813
2472
2566
2472
2961
2472
2813
2748
2452
2472
2566
2472
2566
2566
2566
2566
3017
2961
2649
2472
2813
2472
2961
2472
2566
2566
2566
2961
2961
2566
2961
2566
2472
2592
2472
2411
2985
2889
2961
2985
2985
2592
2566
2985
2985
2566
2961
2592
2472
2961
2472
2566
2566
2472
2592
2452
2649
2961
2162
2566
2961
2452
2649
2472
2813
2472
2452
2472
2990
2961
2649
2961
2162
2592
2452
2592
2472
2961
2961
2813
2592
2472
2566
2566
2472
2813
2649
2452
2813
2748
2566
2649
2472
2813
2649
2472
2813
2472
2452
2649
2748
2592
2472
2566
2592
2472
2961
2472
2592
2566
2592
2566
2566
2592
2961
2472
2566
2566
2566
2961
2961
2961
2566
3017
2813
2649
2566
2961
2472
2961
2813
2961
2452
2649
2472
2813
2649
2452
2813
2472
2961
2566
2985
2472
2649
2566
2472
2566
2566
2961
2961
2472
2592
2472
2452
2649
2566
2566
2649
2566
2162
2566
2452
2472
2472
2472
2649
2472
2813
2472
2452
2472
2748
2985
2592
2566
2592
2566
2566
2566
2566
2961
2566
2961
2472
2472
2472
2472
2472
2566
2119
2961
2961
2472
2472
2961
2961
2472
2452
2472
2566
2472
2472
2566
2472
2566
2472
2566
2472
2472
2566
2961
2566
2813
2472
2472
2566
2566
2566
2472
3017
2649
2452
2813
2472
2566
2472
2566
2452
2649
2748
2813
2649
2452
2813
2472
2452
2649
2566
2813
2472
2472
2592
2748
2452
2472
2472
2961
2566
2961
2566
2472
2472
2472
2472
2472
2566
2566
2472
2472
2592
2649
2748
2813
2649
2452
2592
2566
2566
2472
2472
2592
2472
2472
2813
2472
2452
2472
2566
2472
2472
2566
2472
2592
2566
2472
2566
2411
2813
2472
2452
2907
2566
2961
2472
2566
2813
2472
2452
2472
2566
2472
2472
2566
2813
2566
2566
2472
2592
2748
2907
2748
2592
2961
2748
2961
2472
2566
2472
2566
2961
2566
2961
2961
2961
2472
2472
2472
2961
2452
2649
2961
2813
2472
2694
2813
2961
2472
2472
2566
2162
2472
2452
2813
2592
2566
2592
2649
2566
2162
2472
2452
2472
2472
2961
2592
2472
2314
2907
2472
2961
2649
2592
2813
2566
2566
2566
2592
2566
2961
2472
2566
2592
2961
2472
2961
2566
2592
2985
2889
2566
2985
2472
2472
2592
2472
2472
2472
2472
2472
2472
2566
2961
2961
2566
2748
2813
2649
2452
2566
2566
2791
2649
2961
2961
2649
2566
2813
2472
2472
2649
2472
2813
2472
2566
2472
2592
2961
2472
2985
2791
2566
2961
2452
2961
2961
2961
2649
2961
2162
2566
2472
2961
2472
2472
2961
2472
2592
2472
2936
3009
2961
3008
2566
2472
2961
2566
2472
2961
2472
2961
2961
2472
2472
2472
2472
2961
2961
2961
2330
2649
2452
2813
2961
2472
2472
2472
2961
2791
2452
2813
2472
2452
2649
2748
2813
2961
2566
2592
2472
2472
2472
2566
2566
2472
2566
2566
2985
2961
2472
2472
2472
2566
2472
2472
2472
2472
2472
2472
2472
2472
2472
2566
2566
2472
2566
2592
2748
2748
2889
2566
2472
2566
2592
2592
2472
2472
2472
2566
2566
2566
2472
2566
2566
2566
2472
2748
2813
2649
2452
2472
2472
2472
2649
2472
2592
2566
2452
2592
2472
2452
2649
2592
2592
2472
2472
2566
2961
2566
2472
2961
2961
2119
2411
2452
2162
2748
2566
2961
2566
2566
2566
2566
2592
2472
2472
2472
2566
2813
2472
2566
2942
2976
2985
2552
2411
3017
2472
2566
2566
2566
2566
2961
2566
2961
2961
2961
2961
2566
2566
2944
2592
2813
2566
2452
2813
2961
2452
2694
2119
2813
2649
2694
2813
2961
2452
2649
2566
2472
2566
2452
2813
2990
2961
2472
2472
2472
2472
2472
2566
2813
2976
2813
2649
2566
2566
2566
2452
2961
2961
2452
2649
2748
2813
2472
2452
2649
2748
2961
2472
2889
2813
2566
2566
2566
2566
2472
2566
2961
2592
2566
2472
2472
2961
2961
2472
2566
2566
2976
2813
2649
2452
2813
2472
2472
2649
2961
2961
2649
2452
2813
2472
2452
2472
2566
2592
2961
2748
2566
2961
2566
2566
2566
2566
2566
2566
2411
2472
9221
3858
3901
3750
3108
4009
3108
3108
3108
4072
3858
3747
3725
4054
4039
3904
4009
4039
3858
3858
3858
3108
4009
3108
3858
4072
3858
3901
3858
3108
3750
4079
4079
4079
4054
4054
3858
3108
3108
3952
3952
3858
3858
3858
3108
3858
3108
3858
3108
3858
4087
3901
3950
4039
3901
3869
3858
4039
4039
3901
4072
3987
4039
3782
4061
4072
3904
3901
4009
3108
3108
3750
3901
3901
3904
3858
3858
3858
3108
3108
4088
3893
3725
3904
3725
4072
3725
3901
3858
3858
3901
3108
4009
3108
3858
3108
3858
3858
3901
4039
3891
3725
3858
3891
4079
3750
4054
3891
3108
3108
3108
3952
3858
3108
3108
3108
3858
3108
3108
3108
3725
4039
4039
4054
3987
3950
4039
3904
3869
4072
4039
4061
4054
3858
3725
3858
3750
3858
3108
3858
3750
3725
4009
3725
3108
4054
3858
3108
4072
4039
3904
3725
3725
3782
4039
3725
3904
4009
3858
3904
4009
4072
3901
3858
3782
4061
4072
3987
3858
3904
3987
3858
4079
4079
3750
3108
3108
3750
3108
3858
3108
3108
3108
3858
4009
4009
3750
3725
4054
3725
3904
3987
4039
3987
3869
3950
4061
4061
3904
3869
3904
3858
4072
4072
3108
3901
3904
3987
3725
3858
3858
3858
3108
4009
4009
3901
3891
3725
3725
4054
3904
3950
3725
3725
3782
3858
4039
3750
3904
3987
4088
3904
4072
4072
3858
4039
3987
3891
4061
3858
3987
4079
4079
4079
3108
3858
3108
3108
3858
3858
3108
3108
3108
3108
3108
3108
3725
4054
4079
3858
4054
4039
4061
3901
3904
3987
3901
3904
3987
3108
3858
3108
3858
3858
3987
4072
3858
4072
3858
3108
3108
3108
3108
3108
4087
3725
4009
4061
4039
3858
3869
3904
4039
4061
3782
4061
3725
4072
4072
4072
3901
3858
3904
4009
4072
3891
4072
3891
3725
4054
3904
3858
3901
4009
3987
3858
3108
3108
3108
3108
3108
3858
3108
3108
4054
3725
3950
4009
4039
3108
3869
3904
4039
3858
3904
4061
4039
3904
4009
4072
3901
4039
3904
3987
3108
3108
3901
3858
3108
3108
3108
3750
4072
4039
4061
3901
3904
3935
4072
3858
4009
4072
4039
3901
3904
3987
3108
3904
4009
3858
3108
4039
3108
4054
4054
3782
4054
3108
3108
3987
3108
3858
3108
3108
4009
3108
4009
4009
3858
3858
3108
3108
3725
4009
3869
3950
4039
3901
3725
3725
4039
3904
3901
3750
3750
3901
3824
3725
3904
3750
4061
4061
3901
4079
4061
3901
3858
3750
3952
3858
3858
3782
3725
4072
3987
3725
3858
3108
4072
3725
3901
3858
3987
3858
3858
3108
3901
3725
4061
4079
3108
3725
3904
3782
3858
3858
3858
3858
3750
3108
3108
3108
3108
3108
3108
3858
4009
3108
3108
3782
3284
3108
3725
3782
3904
3987
3858
3987
4061
4039
3904
3869
4072
3987
4054
3904
4009
4072
3858
3901
3858
3858
3858
3750
3987
3950
4009
3108
3858
3950
4009
3108
3858
3725
3725
4039
3858
3108
3858
3858
3858
3858
3108
3869
3782
3690
4008
3108
4039
4039
3108
3858
3108
3108
4009
3108
3858
3725
3725
3725
3108
3858
4009
3901
3725
4009
3869
4039
3935
3901
3904
4061
4072
4072
4061
4072
4061
4061
3782
4009
4039
3725
4061
3904
3858
3858
3904
3108
3858
3858
3108
3750
3108
3858
3108
3858
3858
3858
3108
3108
3108
3858
3858
3108
3108
3108
3108
3858
3108
3858
3901
3725
3987
3891
3108
3108
3901
3901
4054
3108
3858
3108
3858
3108
3858
3108
3858
3108
4009
3108
3750
3858
3904
4009
3858
3904
4039
4054
3904
4061
4072
4039
3725
4061
3901
3858
3778
3901
3108
3674
4061
4009
3750
3725
3904
4009
3108
3284
3858
4079
4039
4039
4072
4009
3725
4039
3750
4061
4061
3987
3901
3904
3725
4072
3725
3824
3810
3690
3919
3284
3674
3950
3725
3108
3750
3858
3935
3108
3108
3108
3858
3858
3108
3725
3869
3935
3950
4072
3901
3108
3904
4039
4039
3904
3778
4054
3858
4009
3904
3750
3725
3750
3987
3725
4072
3904
4072
3725
3901
3858
3858
3725
3725
3108
3725
3904
3725
3725
4061
3858
3858
3725
3901
3108
4061
4039
3725
4061
4072
3725
4054
3782
3824
3750
4079
4079
4079
4079
4079
3108
3858
3108
3858
3108
3108
3858
3858
3108
4079
3858
3108
3108
3284
3858
3904
3108
4061
4039
3987
4061
3108
4054
4061
4072
4061
4072
3858
3901
3108
3987
4009
3725
3987
3108
3858
3858
3108
3108
3858
3108
3725
3750
9222
4769
4837
4962
4170
4769
4837
4837
4837
4132
4837
4889
5052
4654
4810
4170
4962
4837
4837
4837
4769
4837
4769
4962
4934
4837
4837
5058
4837
4170
4837
5114
5052
4837
5052
5118
5058
4837
4926
4837
4955
4962
4955
4955
4837
4769
4837
4837
4769
4837
4810
4876
5052
4837
4132
5012
4170
4837
5015
4810
5015
4654
5015
4769
4962
4837
4170
5058
4837
4837
4837
5118
4837
4837
4769
4837
4837
4837
4837
4926
4311
5114
4837
4830
4837
5015
4837
5058
4837
4170
4837
4837
4170
4837
4837
4769
4837
4769
5015
4810
4769
5052
4837
4769
4170
5052
5118
4837
4460
4837
4962
4955
4837
4837
4837
4962
4837
4769
4769
4810
4170
4926
5058
4810
5058
4311
4934
4132
5015
5015
4934
4132
4962
4837
5015
4926
4955
4962
4837
5058
4876
4837
5052
4934
4769
4837
4837
4837
5015
4311
4132
4837
4962
4769
4170
4837
4769
5015
5015
4132
5015
5015
5015
5015
4769
4170
4837
4769
4132
4170
4769
4769
4769
4837
4769
4837
4769
4769
4837
4837
4837
4837
4837
4837
4837
4837
4837
5052
4876
4810
4769
4837
5052
4132
4132
5052
4654
4170
4962
4962
4654
4837
4837
4837
4837
5058
4889
4889
4934
4962
4837
4837
4837
4769
5052
4962
4769
5052
4170
5015
4747
4132
4132
4810
4955
4962
4962
4132
4837
4837
4654
4132
4837
4837
5015
4889
4769
4955
4926
4955
4769
4837
4837
4837
4837
4837
4837
4837
4962
4837
4837
4962
4837
4837
4654
4311
4654
4132
4889
5052
4837
4837
4132
5015
4837
4837
4132
4769
4889
4837
4837
4170
4837
4962
4889
4837
4837
4934
4837
4837
4837
4837
4837
4837
5052
5015
4962
4962
4962
4837
4889
4837
4837
4311
5015
4962
5015
5015
4837
5015
5015
5015
4769
4934
5015
4962
4170
4889
4889
5118
4769
4837
4837
4926
4962
4837
4837
4837
4837
4769
4837
4837
4837
4837
4962
5058
4962
4654
4170
4837
4889
4889
4170
4889
4810
4170
4889
4132
4934
4837
5015
4889
4769
4889
4837
4837
4132
4769
4170
4837
4837
5052
4170
4962
4962
4810
4955
5029
4132
4955
5015
5015
4837
5015
4769
4837
4837
4170
4769
4837
4837
4837
4769
5015
5052
4769
4769
4837
5118
4837
4837
4837
4837
4837
4769
4837
4769
4769
4837
4769
4837
4837
5052
4132
4170
4926
4962
4132
4810
4837
5118
4132
4837
4926
4955
5015
5052
4771
4889
4654
4311
4830
4962
4962
5058
4311
4837
5118
4889
4769
4837
4589
4889
5015
4311
4837
4769
4934
4837
4837
5058
4769
4962
4889
4962
4170
4962
5058
4132
4926
4837
4934
4170
4769
5118
4934
4769
4830
4769
4837
4837
4837
4837
4837
4837
4837
4837
4837
4769
4876
4654
4132
4810
4837
4654
5015
5015
5052
4170
5015
4170
4132
4837
4654
4837
4769
5015
4837
4837
4837
4962
4837
4837
4876
5115
5115
4769
4132
4837
5052
4769
4170
4769
4955
4837
5058
4837
4837
4837
4837
4837
4769
4837
4835
4150
5052
5115
5115
4810
4837
4837
4962
4837
4769
4769
4837
4769
4837
4769
4769
4837
4311
4769
4311
4132
4837
5015
4926
4769
5015
4830
4170
4830
5015
4962
5015
4460
4962
4810
4962
5118
4837
4889
4889
4170
4769
4769
4170
4837
4837
5118
4934
4934
4837
4769
4837
4837
4837
4962
4170
4837
4837
4170
4837
4837
4837
4837
4837
4837
4837
4769
4170
4311
4837
5118
4926
4837
4769
4769
4837
4837
4837
4837
4837
4837
4837
4837
4837
4769
4955
4837
5015
5015
4769
4889
4837
4170
5015
4810
4170
5015
5015
4170
4311
5015
5015
4221
4962
4837
4654
4460
4962
4170
4837
4889
4769
4837
5052
5094
4810
5015
4170
4810
4962
4170
4837
4962
4170
4311
4962
5015
4837
4837
4837
4837
5115
5059
4384
4955
5052
4769
4985
4962
4962
4837
4837
4769
4311
4769
4837
4769
4769
4311
4747
4132
5118
4934
4769
4132
4769
4769
5015
4810
4926
5115
5015
4132
5015
5118
4837
4837
4926
4889
4889
5118
4311
4170
4837
4837
4769
4837
4837
4837
4837
4962
5052
4962
4962
4810
4170
4837
4837
4837
5052
4170
4962
5058
4962
5015
5015
4837
4810
4170
5114
4962
4962
4926
5052
4460
4837
4962
4837
4962
4769
4837
4955
4955
4955
4837
4837
5118
4837
4589
5115
5015
4810
4962
4962
4132
4170
5052
4955
4132
5015
4962
4837
4926
4837
4837
4962
5114
5052
4889
4837
4837
4837
4837
4837
4837
4837
4170
4769
9223
5648
5766
5568
5568
5568
5568
5568
5924
5832
5832
5924
6005
6103
5568
6002
5648
5568
5924
6050
5568
5726
5742
5648
5766
5726
5924
5568
6002
5568
5574
5924
5568
5982
5766
5568
5568
6002
5766
5574
6048
5742
5568
5568
5574
5574
5568
5568
5568
5568
6002
5568
5924
5832
6002
5568
5856
6002
6050
5574
5856
6024
5924
5924
5742
5726
5568
5982
5568
5924
6002
5766
5742
6048
5568
5568
5568
5568
5568
5742
6002
5473
5574
5832
6002
6048
5924
5982
6002
5568
5568
6002
5568
5832
5924
5568
6002
5924
5742
5924
5527
5527
5495
5574
5982
6048
5568
6048
5495
6024
6024
6048
5568
5742
5568
5742
5310
5495
5834
5574
5568
5742
5568
5982
5832
5574
5924
5832
5982
5568
5495
6048
6002
5924
5742
5568
5527
5742
5648
5742
5495
5742
5982
5982
5568
5924
5568
5568
6103
5982
5982
5982
6002
5726
5568
5924
5832
5726
5726
5568
6002
5856
5726
5924
5924
5742
5726
5648
5742
6002
5495
5574
5568
6024
5568
6048
6048
6048
5568
5568
5568
5568
5568
5742
5568
5742
5574
6002
5231
5574
5856
5495
5495
5742
5766
6002
6024
6005
5568
5648
5832
5648
5924
5568
5924
5982
5924
5310
5766
5924
5568
5568
5568
5568
5742
5742
5982
6002
5982
5924
5832
5832
6002
5574
6002
5726
5568
5832
5832
5310
6024
5568
5924
5924
5742
5568
5495
6024
5310
5568
5574
5568
5568
5742
6048
6048
5982
5568
5742
5568
5568
5742
5568
5568
5742
5574
6002
5856
5982
5856
5832
6002
5832
5568
5832
5726
5766
5832
5924
5568
5568
5568
5568
5568
5568
5742
5924
5832
6002
5568
5568
5568
5568
5568
5832
6002
6002
5648
6002
5924
5568
5568
5832
5742
5648
5924
5726
5648
5568
5924
5726
5924
5568
5766
6024
5527
5568
5924
5982
5568
6048
5742
6002
5568
5495
5568
5924
5924
5568
5568
5568
5568
5568
5568
6004
5742
5742
6024
5832
5568
5924
5726
5924
5568
5574
5568
6002
5568
5568
5924
5726
5568
5832
5568
6002
5924
5742
6002
6002
5568
5568
5924
5726
6002
6005
5574
5982
5574
5742
6048
6002
5726
5742
6048
5832
5766
6127
5568
6002
6002
5924
5574
5742
5231
5742
5648
5924
5982
5568
5766
5982
5568
5568
5568
5742
5568
5742
5568
5982
5568
5568
6024
5648
5742
5766
5832
5982
6002
5574
5924
5568
5726
5568
5832
5726
6005
5495
5924
5742
6103
5832
5924
6005
5832
5832
6002
5568
5568
5574
5832
5832
5832
5982
5924
5495
5924
5568
5766
5832
5924
5832
6002
5495
5568
5568
5568
6002
6024
5742
5924
5648
5527
5495
5742
5568
5832
5568
6005
6048
5568
5568
5568
5982
5568
5568
5568
5742
5742
5568
5574
5568
6048
5742
5832
6024
5856
5924
5766
5726
5924
5568
6002
5726
5766
5766
5832
5742
5726
5924
5568
6002
5924
5568
5495
5805
5832
6109
5982
5832
5832
5924
5742
5982
6048
5568
5832
5832
6002
5568
5742
5568
5832
5568
5502
6048
5951
5527
6048
5982
5856
5982
5742
5231
5742
5832
5742
5568
5568
5568
5568
5568
6048
5568
6103
6024
5527
5726
6109
5924
6050
5568
5726
5527
5648
6048
5568
5766
6005
5924
5924
5856
5924
5832
5568
5568
5568
5832
6002
5568
5568
5982
5742
5766
5766
5568
6002
5568
5568
6002
6002
5568
5568
5568
5568
5924
5982
6002
5568
5982
5568
5924
5495
5766
5310
6002
5924
5568
5924
5742
5568
5568
5568
5568
5568
5982
5568
5568
5568
5568
5982
5742
5726
5982
5982
5924
5726
5568
5742
5982
5742
5726
5982
5568
6002
5742
5924
5527
5742
6048
6024
5832
5568
6002
5982
5924
5742
6005
5574
5982
6109
5856
5568
5742
5742
5726
6002
5924
5832
6002
5726
6048
5832
5924
5832
5924
6109
6048
6110
5527
5736
6073
5982
5832
5527
5231
5742
5856
5574
5832
5742
5568
5832
5568
5742
5527
5832
5814
5742
6004
5568
5856
5742
5574
5527
5982
5726
5742
6002
5856
5832
5231
5568
5568
5568
5495
5495
6002
5924
5568
5568
5568
5568
5568
6005
6004
5856
6004
6005
5924
5568
5726
5742
5766
6002
6002
5832
5568
5742
5742
5726
5832
5648
5527
5574
5766
6002
5568
5568
5568
6048
6048
5568
5742
5924
5568
5568
5982
6048
5742
5574
5574
6048
5574
5726
5832
5648
5742
6002
5766
6002
5856
5726
5766
5648
5742
5568
6048
5766
6002
5495
5310
5766
5924
5568
5924
5568
6002
5568
5568
5568
5527
5832
9224
7130
7083
7155
7155
6579
7130
7083
7155
6579
7025
7083
7130
7073
7126
7025
7083
7083
7047
6776
7083
7083
7155
7029
7025
6776
7130
7155
7025
7083
7155
7047
6579
6185
6284
6579
6649
6185
7083
6649
7025
7073
7083
6579
6185
7083
7083
7025
6579
7025
6163
7126
6185
7073
6776
7047
7083
6579
6649
6579
6185
7149
7126
7029
6185
7083
7047
7130
7073
7083
7130
7025
7083
7083
7025
7083
7083
7083
7083
6579
7025
6776
6185
7083
7025
7073
6776
7155
7025
7083
7083
7025
7155
7083
7025
6776
7025
7083
6185
6579
7155
7025
7025
6185
7155
7083
6579
7073
7073
6579
7130
7083
7073
7073
7083
7083
7083
6579
6556
7155
7083
7126
7073
7155
7025
7073
6185
7073
7047
7025
6776
6776
7130
6776
6579
7025
6649
7083
6185
7073
6579
7073
6185
6185
7083
7083
7083
6185
6579
6579
6185
7029
7025
7130
6579
7029
7025
6995
7025
7025
7025
6185
6185
7047
7029
6579
7083
7047
7073
7073
7130
6649
7083
7025
7083
7083
7073
7083
7025
7083
7083
7083
7083
7083
7083
7083
7073
7047
7047
7025
7126
7025
7155
6185
7025
6776
7083
7083
7029
7047
7025
7047
7025
6185
6185
7083
7130
7083
7130
7155
6776
7155
7083
7130
7083
6579
6185
7047
7155
7029
6776
6776
6185
7073
6649
7155
6185
6776
7025
7083
7025
7025
7025
7083
7130
7073
6163
6995
6579
7083
7083
7073
6185
7130
7083
7073
6185
7025
7083
7083
7073
7073
7073
7083
6649
6185
6154
7139
7029
7126
7025
7083
6649
7025
7025
7083
7155
7025
7083
7155
7083
7083
7083
6185
7025
7130
7083
6185
7025
7083
7083
7083
7083
7083
7029
7025
7155
6185
7155
7029
7047
7083
7073
7025
7029
6185
6579
7047
7029
6185
6185
7047
7025
7083
7155
7047
7155
6776
7130
7149
6185
6185
6185
6579
7083
7083
7083
7083
7083
7083
7083
7083
7025
7083
7155
6649
6776
7149
6827
7029
7047
6845
7083
7029
7126
6579
7073
7130
7029
7083
6185
7073
7025
7025
7083
7047
6579
7083
6776
7083
7083
7155
7155
7083
6649
6827
7083
7126
6776
7025
7025
6185
7126
7130
7025
7025
7149
7047
7083
7083
7083
7083
6579
6185
7130
6185
7155
6185
7025
7025
6185
7083
6776
7083
7083
7083
7083
6579
6185
7025
7025
7083
7155
7073
7047
6579
7073
7126
6579
7025
7025
6776
7029
6776
6185
6649
7155
7126
6185
6649
7083
6185
6845
6185
6556
6776
7083
6649
6185
6579
7073
6649
6827
6827
7025
6185
7083
7025
7130
7130
7025
7083
6185
6185
7155
7155
6776
7025
7025
6579
6776
7155
6284
7155
7025
6776
6776
7083
6185
7083
7083
7083
6185
7083
7073
7083
7083
7083
7029
7149
7126
6185
6579
7025
7083
7047
7029
6185
6185
7126
7029
6185
7083
7029
7029
7025
7025
7130
7047
7029
6776
7083
7083
6776
6579
7090
6969
6185
6776
7029
7083
7047
7025
7130
7025
7073
6185
6776
7083
7047
7083
6579
7083
6776
6995
6163
7025
6827
6163
7126
6185
6579
7083
7083
6579
7025
7083
7130
6579
7025
7130
7083
7130
6845
6478
7073
7047
6912
6649
6579
6579
7130
6185
7130
7126
6185
7073
6776
7155
7155
7073
7047
7029
7025
6579
7155
7025
7130
7083
7083
7130
7130
7155
7083
7083
7083
7083
7155
7130
7083
7083
7083
7155
7083
7025
6776
7083
6776
6185
7083
6579
6827
7025
7130
7073
7155
7083
7083
7073
7025
7083
7083
7083
7083
6185
7083
7083
7083
7083
7130
6912
7025
7047
7029
6649
7083
7083
7029
6579
6154
6776
7073
7029
7025
6185
7047
6907
6605
6185
7083
7025
6605
6845
7130
7130
7073
6649
6969
6605
6185
6185
7083
6776
6649
7025
7025
7155
7029
7083
6185
7047
7025
7155
7130
7047
7073
6649
6512
6845
7029
7155
6776
7155
7073
6154
7083
7025
7083
6579
7025
7025
6579
7083
7130
7155
7130
7047
7047
7025
7126
6154
7155
6579
7047
7130
6969
6579
7025
7025
7073
6579
7025
7025
7025
6556
7025
7130
6185
6185
7025
7083
6579
6845
6649
6556
6778
7047
6649
7126
7025
7155
7047
7126
6185
7073
6185
7029
7025
6185
7073
6185
7083
6827
6827
7073
7073
6579
6185
7073
7083
7073
7083
7155
7073
7073
7083
7083
7073
7073
6649
7025
7083
6995
7155
7025
7073
7073
7073
7149
7029
6185
6776
7130
7029
7025
7130
6185
6579
7083
7083
7083
6185
7130
7155
7083
7083
7083
7083
7083
7025
6556
7025
9225
8068
8145
8145
8145
7738
8068
8068
8068
8068
7923
8183
8076
8055
8021
8145
7730
7916
7916
8068
8170
8068
7940
7738
8170
8145
8183
8068
8068
8076
8076
7940
7738
7916
7730
8068
7916
8028
8028
7738
8068
7738
7916
7916
8068
8068
8145
8068
7738
8068
8068
8145
7940
7940
7916
8145
8183
8076
8076
7916
8183
7916
7738
7916
8145
8068
8068
8170
7916
8170
7738
8183
8170
7923
7950
8068
8068
8068
8068
8145
7950
8076
8145
8183
8021
8076
8170
7916
8068
8145
7738
8183
8145
8068
8068
8183
8021
7738
8162
7950
8112
8145
8076
7730
8170
7653
8068
7916
8145
8068
7738
7738
8170
8170
8068
8068
7730
8068
8151
7940
8145
8076
7730
8183
7653
7916
7923
7730
8170
8076
7653
8068
7954
8068
7730
8028
7916
7940
7916
7940
8068
8021
7923
8170
8028
8068
8145
8068
8068
7653
7738
8170
8170
8021
8145
7916
7738
8145
8183
8028
7940
8183
8183
7738
7738
8145
8145
7940
7940
7738
8076
8068
7940
7730
7738
8068
7738
7738
8170
8021
8068
8068
8068
8068
7738
7738
7738
7632
8183
8028
8021
8076
7916
7738
7653
7923
7738
7923
7738
7730
7916
7923
7738
7730
8068
8068
7653
7730
8028
8068
8068
8068
8068
7738
7738
8170
7940
8034
8183
8170
8076
7932
8028
8028
8145
8145
8170
7932
7923
8076
7950
8028
7738
8170
7950
7730
8021
8170
8183
8068
7916
7738
7730
8021
7923
8068
7916
7916
8021
8021
8170
8170
8145
8183
7932
8068
7730
8183
7459
8145
8076
7940
7916
8145
7916
8183
8076
7738
7923
8068
8183
7738
7916
8068
7730
8068
8068
8170
8021
8170
8068
8068
8068
8145
8034
8145
8021
8068
7940
7940
7730
8076
7950
8183
8145
8068
8183
7730
8170
8145
8145
7738
7738
7730
7923
7738
7940
7730
7730
8170
8068
7730
8021
8028
7916
8068
8068
8068
8021
7738
8068
8068
7738
8028
7738
8106
7940
7730
7940
7923
8021
7923
8068
7730
8021
8076
7730
8028
7940
8170
7738
7730
7738
8145
8076
8068
8145
8145
7738
8068
8068
8170
8145
8170
7950
8170
8028
7916
8076
7653
8145
8145
8021
8183
7923
8076
8170
8068
7940
8068
7738
7940
7940
8145
7923
7738
8021
7916
8028
7738
8068
8068
7653
8068
7738
8068
7738
7738
8183
7738
8170
8183
7916
7916
8145
8145
7459
8021
8170
8145
8145
8068
8170
8145
8145
8183
8021
7715
8145
7730
8021
7738
7730
7940
8170
8170
8145
7923
7730
7738
7738
7738
7730
8021
7916
8068
7738
8170
7730
8021
8068
7738
7738
7730
8183
8145
8145
7923
7940
7916
8068
8021
8183
8170
8145
8145
8068
8068
8068
7738
7738
7738
8068
8068
8068
8068
7738
8145
7738
8034
8021
7730
7932
7940
7923
7940
7950
8145
8183
7738
7738
7738
8145
7916
8183
7738
7653
7738
8068
7916
8021
8068
8068
7738
8145
7730
7738
8021
8170
7738
8021
7730
8068
8170
8021
8145
8068
7653
7738
8068
8068
7738
8170
8076
7923
7991
8028
8021
7738
8021
8068
7738
8021
8068
7653
7738
8068
8170
8021
8021
8068
8068
7738
7730
7730
7653
7653
8162
8021
8162
8145
8145
7916
7738
7653
7738
8076
7940
8183
8170
7940
8021
7940
7730
8170
7923
7940
7738
8068
8068
8068
8170
8068
8068
7730
8068
8068
8068
7730
8021
7916
8183
8021
8068
8068
8068
8068
7653
7923
8068
7916
7950
8028
8021
8068
8145
8068
7738
8145
8145
8145
7738
8068
8068
8068
8021
8068
8068
8145
7940
7916
7653
8145
7653
7730
7923
8145
7738
8183
7940
8183
7940
7923
8145
8076
7738
8145
7730
7653
8145
7923
8145
7738
7738
8021
8021
8068
7991
7923
7940
7916
8076
8183
7730
8021
7940
8021
7940
8076
8145
7950
7940
7653
8170
8021
7694
7632
7940
8068
8162
7940
8162
8021
7940
8068
8183
7940
8068
7738
8068
8068
8021
8170
7932
8021
7940
8028
7730
8145
7653
8183
7950
7940
8028
7932
7653
7940
7940
8028
7916
8183
8183
7653
7730
8028
8021
7954
7923
8068
8068
8068
8021
7738
8183
8145
8028
8170
8183
8183
8145
8145
8021
8145
8145
7916
7940
8021
8145
8068
7950
8183
7459
8076
7932
8183
7950
8068
7738
7923
7923
7738
7916
8068
7916
8068
7916
8170
7916
7738
8145
8068
7923
7916
8183
7696
7730
8076
8076
8170
8145
8183
8170
8076
7730
8145
8170
8183
7730
8028
8028
8021
7730
7738
8068
8068
8068
8068
8068
8068
8068
8145
8021
9226
8893
8710
9140
8710
8710
8710
9167
8893
9181
9123
9020
8429
9129
9204
8750
9204
9140
8667
9204
8750
9140
9167
8710
9091
8710
9167
8820
9140
9167
8667
9123
8893
8365
9167
9167
8667
9167
8710
9123
8710
8893
9140
9140
9129
9129
8710
8710
8710
8710
8893
9129
8667
9167
9167
8710
9167
9140
8667
9010
9167
8667
8429
8893
9129
9123
9140
9167
9140
9167
8710
8710
9091
9123
8893
8893
8710
8710
9140
8667
9211
9037
8893
9123
9140
8429
9167
8820
9140
8710
9181
8710
9167
9167
9204
8710
8710
9140
9167
9181
9167
8514
9010
9140
9181
9167
9167
9140
9091
8893
8667
9140
9167
9167
9140
8710
8710
9167
9205
9211
9204
9181
9140
9020
9129
8852
9123
9129
8667
9140
9204
9027
9181
9167
9211
8667
8667
8893
8710
8710
8667
8667
8710
9167
9140
9140
9167
8710
8750
8892
8429
9167
9129
9091
9181
9167
9129
9140
8710
8710
8750
9140
9140
8667
9091
9211
9140
8514
8710
9027
9140
9123
9181
8710
8667
9167
9167
9211
9181
9167
9167
9167
8710
9167
9140
9140
9167
9204
9027
8893
9140
9140
9167
9140
9211
9167
8893
9181
8750
9167
9129
8710
9091
9140
8893
9181
9091
9167
9181
8710
8710
9167
8710
9140
9140
9181
8710
8893
9091
8750
9129
9020
9167
9167
8893
8710
8893
9129
9129
8365
9140
8710
9091
9129
9211
9167
9123
8893
9140
9181
9129
9167
9211
9211
9167
9167
8710
9167
8893
9167
9167
8710
9140
9140
9140
9051
8750
9010
9211
9181
8726
9167
9123
9129
9204
8820
9181
8893
8750
9204
9181
8667
9140
8710
8893
8710
8710
9010
8710
9140
8710
8710
8710
9167
9024
9123
8750
9204
9167
9167
9167
9211
8893
9140
9204
9204
8667
9123
9091
9211
8710
8667
8893
9091
8667
9204
9167
9091
9181
8585
8893
9167
8710
9167
9211
9140
9140
9140
9140
9140
8710
8710
9140
9167
9181
9211
9129
9140
9123
9211
9140
9140
9167
9167
9211
9140
9167
8893
9204
9129
9140
9167
8893
9140
9140
9140
9167
9140
9167
8893
9167
9204
9181
9140
9123
9123
9091
8893
9181
8820
8893
9140
8750
9123
9123
8893
9211
8750
8893
9140
9204
9129
9140
9010
9167
8710
9140
8710
9140
8893
8710
9167
9140
8710
9140
8710
9140
9140
8710
8710
8710
9204
8820
9140
9167
9167
9204
8893
9204
9129
9204
9140
9167
9204
9167
9167
8820
8750
9139
9167
9123
8710
8820
9091
9027
9140
9167
9167
9123
9204
8820
9091
9020
8852
9167
8667
9091
9091
9181
9167
8710
9140
9167
8710
9140
9167
9140
9027
9204
8831
9167
8429
8667
9140
8710
9181
9167
9140
9167
9167
9167
9167
8710
9167
9167
8710
9204
8710
9204
9181
9037
9091
9091
8893
8893
9129
8750
8750
9140
9140
8710
9204
9140
8893
9091
9129
9140
9140
9167
9204
8710
9167
8893
8667
9204
8602
8820
8429
9167
8667
8710
9167
9167
9129
9204
9167
9167
8750
9140
8710
9167
9140
9140
9123
9037
8535
8750
8710
9204
9123
8750
8820
9167
9140
9167
9140
8710
9140
9167
9140
9167
9167
9140
8820
8667
9129
9167
9211
8893
9181
9123
8667
9140
8585
9129
9129
8820
8585
9140
9129
9167
9167
9140
9129
9204
8667
8893
9140
8710
9167
8710
9181
9167
9027
8893
9140
9167
9167
8893
8710
9140
9140
9167
9167
9140
9167
9167
8710
8710
9167
9140
9167
9027
9167
9020
8667
9140
9167
8710
8893
9167
9140
8710
8710
8710
9167
9167
9140
9181
9167
9167
9140
8667
9140
8750
8750
9167
9181
8893
9204
9140
9123
9020
9129
9167
8667
8585
8893
9091
9181
9123
9167
9123
9167
8710
9140
9037
8602
9181
8820
9140
9167
9167
9123
9129
8710
8820
9204
9140
8893
9167
8893
9167
9140
9167
9204
8909
8667
9181
8750
8667
9123
9140
8820
9020
9140
8602
8820
8667
8893
8710
8820
8710
8750
9204
9167
8710
9181
8710
9129
9204
9140
8667
8839
9204
9140
9181
8893
9020
9140
9167
9140
9140
9140
9167
9167
9181
9181
9167
8710
8893
9167
9181
9140
8234
8893
8429
8667
9204
9211
9167
8710
8820
9140
9204
8893
9211
8710
9140
8710
9140
9204
8365
9140
9091
9167
9167
9167
9167
9167
8710
8893
9211
9140
8710
9167
9181
9167
9167
9123
8710
9211
9037
9140
9123
9204
9167
9140
9167
9204
9140
9167
8667
9140
8710
9181
8710
9167
8710
9140
9167
9140
9167
9167
9167
8893
9140
8710
8893
8710
9129
8710