9217
9218
257
104
104
155
741
155
394
932
741
741
741
155
741
741
741
59
741
741
741
741
741
741
741
741
741
142
142
793
741
741
741
741
741
741
30
20
741
741
741
741
741
142
507
793
741
741
741
987
475
741
741
741
741
741
741
741
741
122
20
572
424
667
479
630
479
630
479
630
479
996
510
915
46
915
37
232
364
542
191
517
75
390
75
950
430
946
430
946
430
946
548
430
570
142
412
412
902
766
921
566
430
946
430
946
430
946
430
946
946
981
232
364
388
191
517
75
966
116
950
430
950
501
430
430
501
430
981
415
20
542
424
176
630
630
479
630
630
630
946
946
430
201
946
485
415
542
542
902
902
946
946
946
501
946
946
946
201
527
389
946
981
874
879
412
710
517
75
390
75
9
785
417
46
273
887
517
390
238
28
887
517
517
13
75
966
238
939
238
83
238
380
380
417
46
811
824
613
142
724
191
395
328
810
393
479
860
810
658
810
155
810
155
32
949
547
214
547
949
360
949
32
155
360
360
360
360
360
32
331
182
282
282
858
382
388
710
517
13
148
966
148
72
939
72
43
617
43
620
914
605
232
696
489
517
403
18
390
785
939
785
949
83
803
955
803
955
974
20
572
572
479
7
393
393
479
955
385
32
955
32
32
32
955
32
282
412
412
902
955
955
32
955
955
32
955
32
955
32
955
824
32
81
142
142
507
966
654
60
109
109
23
109
955
32
955
32
60
168
60
149
142
507
902
789
475
3
60
168
60
60
787
374
171
974
374
914
20
182
150
182
630
59
393
630
479
630
471
660
182
660
741
741
179
741
741
714
542
507
902
688
503
688
741
688
741
741
957
741
741
741
741
122
412
412
741
741
741
741
741
741
741
741
741
741
741
741
741
613
142
793
741
359
521
741
741
741
741
655
742
741
741
741
741
417
823
714
542
299
479
741
393
741
741
741
20
887
741
741
741
741
741
542
507
182
359
177
182
233
412
412
741
741
741
588
742
741
613
799
862
548
182
741
934
742
160
741
741
741
741
20
46
741
542
507
902
902
182
996
741
349
741
741
996
741
741
996
741
996
644
232
382
582
388
577
133
739
393
479
26
914
757
798
757
605
757
605
757
605
757
605
757
605
405
114
114
789
821
821
1014
623
9219
1086
1432
1432
1432
1859
1859
1432
1130
1130
1130
1130
1432
1432
1432
1130
1432
1130
1130
1432
1130
1130
1130
1130
1432
1130
1130
1432
1432
1432
1130
1130
1130
1432
1432
1130
1130
1130
1130
1130
1130
1130
1432
1130
1130
1432
1130
1432
1130
1432
1432
1432
1130
1432
1130
1130
1130
1432
1432
1432
1432
1432
1130
1432
1432
1432
1130
1432
1130
1432
1432
1432
1432
1432
1432
1432
1432
1432
1432
1432
1432
1130
1130
1432
1432
1432
1432
1432
1432
1432
1130
1432
1130
1130
1432
1432
1432
1432
1432
1432
1432
1432
1130
1130
1130
1432
1432
1432
1432
1432
1432
1432
1432
1432
1432
1432
1454
1454
1130
1762
1130
1432
1762
1762
1762
1762
1762
1762
1762
1762
1762
1762
1762
1762
1762
1762
1762
1762
1762
1762
1762
1762
1762
1762
1432
1762
1432
1432
1432
1432
1432
1432
1432
1432
1432
1432
1432
1432
1432
1432
1432
1432
1432
1432
1432
1432
1432
1432
2043
2043
1900
2043
1762
1762
1762
1762
1762
1762
1432
1432
1762
1432
1432
1432
1432
1432
1432
1432
1432
1432
1432
1086
1086
1086
1432
1432
1432
1762
1432
1432
1432
1432
1762
1432
1432
1432
1432
1432
1432
1432
1432
1432
1432
1086
1086
1086
1086
1086
1086
1086
1432
1432
1432
1432
1432
1432
1432
1432
1432
1432
1432
1432
1432
1086
1432
1432
1432
1086
1432
1086
1432
1086
1086
1086
1432
1777
2023
1252
2041
1748
1900
1879
2041
2041
1900
1900
2043
2041
1879
1900
1879
2043
1879
2041
2043
1762
1762
1762
1900
1748
2043
2043
1762
2041
1762
1762
1900
2041
1762
1762
1762
1762
2043
1900
2041
2043
1762
1762
1762
2043
1762
1762
1762
1762
1762
1762
1432
1762
1432
1748
1252
1281
1454
1858
1454
1858
2043
2041
2043
1900
1157
2043
1900
2041
2043
1900
2041
2043
1900
2043
1900
2041
2043
1900
2041
1900
1900
2041
2043
2041
1130
1900
2041
2043
1900
1762
1762
1762
1762
2043
1762
1762
1900
2041
2043
1900
1130
1130
1130
2041
1900
1454
1858
2043
2041
1900
1900
2043
2041
2041
1130
1762
1130
2041
1130
1130
1130
1130
2041
1130
1130
1130
1130
1130
1130
1130
1130
1130
1748
1628
2041
1900
1252
1748
2043
1900
2041
1900
2043
1900
2043
1900
1762
1900
2043
2041
1900
1900
2043
2041
1130
2041
1900
1130
2043
2041
1900
1130
1900
2041
1130
1879
1879
1130
1130
1130
1130
1130
1130
1130
2041
1130
1130
1130
1762
1879
1130
1130
1130
1762
1130
1130
1762
1762
1762
1762
1762
1762
1762
1762
1762
1762
1762
1762
1762
1762
1762
1762
1762
1762
1762
1762
1762
1762
1762
1130
1130
1879
1762
1762
1130
1130
1130
1130
1762
1762
1762
1762
1762
1762
1762
1762
1762
1762
1762
1762
1130
1762
1762
1762
1762
1762
1130
1762
1762
1762
1762
1130
1762
1762
1762
1130
1762
1762
1762
1762
1762
1432
1432
1432
1432
1432
1432
1130
1130
1130
1130
1130
1130
1130
1130
1130
1130
1130
1130
1130
1130
1130
1130
1130
1130
1130
1130
1130
1130
1130
1130
1130
1130
1130
1130
1130
1130
1130
1130
1130
1130
1130
1130
1130
1130
1130
1130
1130
1130
1130
1130
1130
1130
1130
1130
1130
1130
1130
1130
1130
1130
1130
1130
1130
1130
1130
1130
1130
1130
1130
1130
1130
1130
1130
1130
1130
1130
1130
1130
1130
1130
1130
1130
1130
1130
1130
1130
1130
1879
1130
1130
1130
1130
1130
1130
1130
1130
1130
1130
1130
1130
1130
1130
1130
1130
1130
1130
1499
1130
1130
1130
1130
1130
1130
1130
1130
1130
1130
1130
1130
1130
1130
1130
1130
1130
1130
1130
1130
1130
1130
1130
1130
1130
1130
1130
1130
1130
1130
1130
1130
1130
1130
1130
1130
1130
1130
1130
1130
1130
1130
1130
1130
1130
1130
1499
1499
2041
1130
1130
1130
1130
1130
1130
1130
1130
1130
1879
1130
1499
2041
1900
2041
1130
1130
1130
1130
1130
1130
1130
1499
1499
1130
1130
1130
1499
1130
1130
1130
1499
1499
1499
1499
1130
1130
1130
1130
1499
1499
1499
1499
1499
1499
1499
1499
1499
1499
1499
1499
1499
1900
2043
1748
1858
2041
1900
2043
1900
2041
2041
1499
1900
2043
2041
1879
1879
1879
1879
1879
1879
1879
1879
1879
1879
1879
1428
1428
1428
1428
1428
1428
1428
1428
1428
1428
1432
2041
1879
1879
1879
1130
1879
1130
1130
1130
1130
1130
9220
2472
2411
2985
2985
2961
2350
2472
2961
2976
2976
2976
2472
2472
2976
2592
2472
2592
2592
2976
2961
2961
2592
2961
2472
2592
2592
2976
2592
2472
2592
2976
2961
2472
2566
2961
2976
2976
2976
2976
2985
2748
2472
2592
2961
2472
2961
2472
2961
2472
2976
2472
2592
2472
2592
2592
2961
2566
2472
2976
2472
2976
2961
2472
2472
2566
2961
2472
2961
2566
2472
2472
2592
2566
2961
2472
2566
2566
2472
2566
2566
2592
2961
2472
2472
2472
2472
2592
2566
2472
2961
2976
2592
2985
2566
2566
2566
2566
2566
2961
2566
2976
2961
2961
2961
2976
2976
2976
2976
2961
2961
2961
2566
2961
2961
2566
2907
2411
2889
2411
2961
2472
2566
2472
2592
2566
2566
2961
2566
2566
2566
2566
2566
2566
2566
2592
2592
2566
2961
2961
2961
2592
2592
2566
2472
2592
2472
2472
2566
2566
2961
2961
2566
2566
2961
2961
2961
2961
2961
2961
2961
2566
2566
2566
2566
2566
2961
2566
2735
2411
2162
2694
2452
2411
2162
2592
2592
2566
2472
2472
2592
2472
2472
2472
2566
2472
2566
2566
2961
2566
2961
2472
2472
2472
2566
2472
2472
2961
2472
2472
2472
2472
2961
2472
2472
2472
2472
2566
2961
2566
2961
2961
2961
2472
2472
2472
2472
2472
2472
2472
2566
2566
2566
2566
2566
2566
2566
2566
2566
2961
2961
2961
2961
2472
2961
2961
2961
2472
2961
2472
2961
2472
2472
2472
2472
2907
2628
2748
2619
2694
2907
2788
2985
2889
2566
2961
2985
2961
2889
2961
2961
2985
2649
2813
2889
2748
2566
2472
2813
2452
2411
2748
2985
2961
2411
2472
2889
2694
2472
2889
2985
2411
2889
2961
2694
2694
2472
2985
2813
2961
2566
2649
2472
2566
2564
2985
2472
2592
2472
2877
2877
2889
2777
2777
2777
2777
2777
2777
2777
2777
2777
2472
2452
2777
2777
2777
2777
2566
2985
2777
2942
2566
2961
2961
2961
2566
2748
2944
2961
2961
2472
2564
2961
2961
2942
2566
2472
2735
2411
2889
2985
2566
2748
3009
3009
3009
3009
3009
3009
3009
3009
2907
2788
2097
2985
2889
2907
2788
2961
2961
2889
2907
2411
2976
2889
2907
2907
2411
2976
2889
2907
2961
2985
2985
3009
3009
3009
2985
3009
2788
2925
2907
2694
2694
2985
2907
2411
2452
2452
2748
2411
2813
2788
2889
2411
2649
2411
2889
2961
2748
2411
2961
2452
2985
2961
2961
2976
2452
2748
2411
2472
2813
2889
2748
2472
2411
2472
2961
2472
2411
2961
2472
2472
2472
2411
2961
2961
2889
2748
2472
2566
2566
2961
2566
2566
2985
2472
2961
2566
2411
2566
2566
2566
2566
2961
2566
2985
2961
2592
2566
2985
2472
2961
2592
2472
2472
2961
2961
2472
2592
2472
2985
2472
2961
2566
2985
2566
2961
2472
2592
2566
2961
2566
2961
2961
2566
2985
2961
2566
2472
2985
2472
2961
2472
2472
2961
2961
2566
2566
2961
2566
2985
2472
2472
2472
2566
2472
2472
2472
2472
2472
2472
2472
3009
3009
3009
3009
3009
2566
2566
2566
2472
2961
3055
3055
2566
2472
2566
2961
2566
3055
3009
2592
3009
3055
2592
3055
3055
3009
2566
2566
3055
3009
2566
2961
2592
3055
3055
2592
2566
2592
2592
3055
3055
3009
2472
3009
3009
2472
3009
2566
2592
2566
2592
3009
3009
3009
3009
3055
3009
3055
3055
3009
3055
3055
3009
3009
3009
3009
3009
3009
3009
3009
3009
3055
3009
3009
3055
3009
3009
3009
3009
3009
3009
3009
3009
3009
3009
3009
3055
3009
3009
3009
3009
3009
3009
3009
3009
3009
3055
3009
3009
3055
3009
3009
3009
3009
3009
3009
3009
3009
3009
3055
3055
3009
3009
3009
3009
3009
2472
2472
2592
2472
2472
2592
2566
2592
2592
3055
3009
3009
3009
3009
3009
3009
3009
3055
2472
2472
2472
2566
3055
3009
2592
3055
2592
2592
2592
3009
3009
3009
3009
3009
2889
3009
2985
3055
2985
3055
3009
3009
3009
3009
3009
3009
3009
3009
3009
2566
2592
3009
3009
3009
3009
3009
3009
3009
3009
3055
3055
3009
3009
3055
3009
3009
3009
3009
3009
3009
3009
3009
3009
3009
3009
3009
3009
3009
3009
3009
3009
3009
3009
3009
3009
3009
3009
3009
2649
2097
2925
2889
3009
3009
3009
3009
2889
3009
3009
3009
2350
2907
2907
2411
2985
3009
3009
3009
2985
3009
2350
2928
2411
2985
2961
2907
2928
2411
2985
2961
2961
2961
2961
2961
2889
2961
2472
2985
2566
2472
2566
2961
2472
9221
4072
4009
4009
3987
3108
3108
4072
3108
3750
4009
3750
3891
3858
3782
3108
3725
3108
3108
4009
3893
3858
3750
3108
3893
3750
3891
4009
3858
3725
3437
4008
3893
3108
3858
4009
3108
3891
3750
4009
3108
3108
4061
3108
3108
3858
3108
3108
3108
3108
4009
3725
3891
3725
3108
3108
3108
3725
3108
4009
3725
4009
3108
3108
3108
3858
3108
3725
3108
3108
3725
3725
3858
3108
4009
3108
3108
3725
3725
3725
3725
3108
3108
3725
3725
3725
3725
3725
3108
3108
3108
4009
3108
3891
3858
3725
3725
3725
3108
3858
3108
4009
3108
3108
3108
4009
4009
3750
4009
3858
4009
4009
3725
3725
3858
3108
3108
3824
4079
4072
4009
3858
3858
3108
3725
3935
3935
3725
3725
3108
3108
3858
3858
3858
3858
3750
3858
3108
4009
3725
3725
3750
3777
3108
3858
3858
3858
3108
3858
3108
4009
4009
3108
3108
4009
4009
4009
4009
4009
4009
4009
3108
3108
3108
3108
3108
4009
3108
4054
3725
4079
4054
3901
4054
3904
3858
4054
4054
3858
3858
3108
3108
3108
3108
3858
3108
3108
3108
4009
3108
4009
3858
3858
3858
3108
3108
3108
3108
3108
3858
3858
3108
3108
3858
4061
3858
3108
3108
4009
3108
4009
4009
4009
3858
3858
3858
3858
3858
3858
3858
3108
3108
3108
3108
3858
3108
3108
3108
3108
4009
4009
4009
4009
3858
4009
4009
4009
3858
4009
3858
4009
3858
3858
3858
3782
3901
4052
3690
3778
4053
3782
3782
3891
3858
3893
3891
3891
4061
3108
3893
3891
3725
4054
3904
4061
4061
4061
3858
4061
3750
3987
3750
3891
3904
3987
4061
4061
3858
3904
3891
3750
3987
3891
3987
3750
3858
3901
3108
3904
3901
3987
3782
3904
4054
3904
3108
4009
3725
3858
3891
3782
3904
3966
3891
4054
3782
3750
3987
3725
4061
3987
3782
3858
3750
3750
4061
4054
3747
3747
4079
3747
3987
3935
3935
3935
3891
3952
3108
3904
3747
3747
4072
4079
4079
3824
3935
3935
3904
3901
3952
3750
3858
4061
4054
4079
4079
4009
4009
3987
3891
3952
3725
3782
4061
3725
3904
3725
3824
4072
3725
3893
3725
3904
3108
3858
3750
3725
3966
4008
4072
3108
3891
3891
3725
3893
3750
3891
3555
3750
3284
3555
3725
3987
3904
3904
3725
3750
3725
3725
3893
3782
3725
4054
3725
3901
3725
4061
3782
3725
3824
3750
3750
3725
3904
3893
3108
3108
3901
3893
3725
3901
3108
3108
3782
4072
3750
3750
4009
3750
3750
3690
3750
3987
3893
3725
3108
3750
3674
3690
3725
3750
3750
4009
3690
3893
3858
3987
3858
3893
3725
3108
3690
3858
3725
3725
4061
3858
4009
3858
3893
3858
3690
3725
3858
3725
3108
3858
3108
3725
3725
3750
3750
3108
4009
3893
3725
3725
3725
3893
3858
3725
3858
3108
3725
4061
3108
3750
3725
3725
3725
3725
3725
3858
3725
3725
3725
3725
3690
3690
3725
3690
3690
3690
3725
3108
3782
3108
3725
3108
3108
3858
3108
3858
3108
4009
4009
4009
4009
4009
3108
3782
3108
3108
3858
3782
3108
3725
3858
3858
3725
3108
4009
3750
4009
3858
3750
3750
3108
4009
3108
3108
3108
4009
3108
3858
3750
4009
3108
3750
3108
3750
3750
3858
3108
3108
3108
4009
4009
3903
4009
3108
3750
3108
3750
4009
3108
3750
4009
3858
4009
4009
3750
4009
3858
3858
4009
4009
4009
4009
3750
4009
4009
4009
4009
4009
4009
4009
3858
4009
4009
3750
3750
4088
4009
4087
4009
4009
4009
3750
3750
4009
4009
4009
4009
3750
3750
4009
4009
4009
3750
4009
4009
4009
3750
4009
4009
3750
4009
4009
4009
4009
4009
4009
3750
4009
4009
4009
4009
3750
3725
3108
3750
3108
3108
3750
3108
3108
3750
3965
4009
4009
4009
4009
4009
4009
3750
3750
3108
3782
3901
3108
3858
3965
3750
3965
3858
3750
3750
4009
4009
3750
3750
3858
3903
3891
3903
3750
3891
3858
4009
4009
3750
3108
4088
3891
3725
3893
3750
3858
3750
4009
4009
4009
4009
4009
3750
3750
4009
4009
4009
3750
4009
4009
4009
3750
3750
3750
3750
4009
4009
4009
4009
3750
3750
3750
3750
3750
3750
3750
3750
3750
3750
3750
3750
3750
4009
4054
3891
3719
3719
3903
4042
3891
4072
4061
3903
3891
3987
3858
3987
4072
3987
3530
3623
3880
3893
3891
3530
3725
3585
3750
4008
3530
3623
3750
3858
3928
3530
3530
3891
3778
3725
4072
3891
3891
3530
3108
3778
3778
3750
4009
3750
9222
4769
5052
4769
4837
5052
5114
4170
4837
5012
4119
5012
4837
4837
4311
5114
4837
5052
4962
4769
4837
5052
4311
4837
5114
4311
5052
4837
4837
4962
4311
5015
5052
4837
5118
4837
5012
5012
4835
5012
4934
4170
4311
4769
4311
4837
4837
4837
4311
4837
4835
4835
5052
4835
4769
4835
4837
4837
4837
4311
4769
4835
4837
4837
4837
4837
5052
4837
4837
4837
4835
4835
4837
4837
4769
4837
4837
4837
4837
4837
4837
4311
4837
4837
4837
4837
4837
4769
4837
4837
4837
4835
4769
4769
4311
4837
4837
4837
4837
4837
4837
4769
4837
4837
4837
4837
4769
4837
4769
4837
4837
4837
4837
4837
4837
4837
5114
5114
4962
5015
4769
4837
4837
4837
4769
4460
5118
4654
4654
4837
4837
4830
4837
4837
4810
4769
4769
4132
4837
4837
4837
4769
5015
4837
4837
4769
4837
4837
4837
4837
4769
4837
4837
4837
4769
4837
4837
4837
4769
4837
4837
4837
4837
4837
4837
4837
4837
4837
5118
4769
4962
5015
5015
5015
4810
4170
4837
4837
4837
4837
4962
4837
4837
4837
4837
4837
4837
4837
4837
4837
4769
4769
4769
4769
4837
4837
4837
4837
4837
4837
4837
4837
4837
4837
4311
4837
4837
4837
4769
4837
4769
4837
4837
4769
4769
4769
4769
4769
4769
4769
4837
4837
4837
4837
4837
4837
4837
4837
4837
4837
4837
4837
4769
4769
4769
4769
4769
4769
4837
4769
4837
4769
4769
4769
4934
4747
4955
5059
4889
5058
5096
4962
5015
4962
5015
4837
4769
4311
4837
5015
4170
4769
4589
4170
4311
4962
4311
4837
4962
5118
4919
4837
4837
5114
5015
4934
5058
4837
4170
5015
5118
4837
4889
4837
4889
4311
4837
5118
4837
5118
4837
5015
4837
5118
4926
4837
4962
4769
5118
4853
5115
4934
5015
4771
4934
5052
5015
5015
4962
4889
4771
4942
5115
5114
4170
4460
5015
5115
5115
5114
5115
4955
4889
4170
5118
4837
5118
4170
4460
5118
4962
5115
5115
5115
5115
4962
4170
4769
5052
5058
4460
4837
4889
5118
4311
4170
4962
4889
5012
4889
4955
4835
4835
5118
5118
4835
4769
4170
5114
5052
4962
4837
5114
5114
4962
5052
5114
4955
4311
4311
5052
5015
4837
4934
4876
5015
5015
5015
5015
4624
5052
4624
5052
4624
4624
5015
5058
5052
5114
4837
5052
5052
5015
5015
5052
4934
5118
5052
4934
5015
5118
5118
4926
4934
4769
4837
4170
5114
4170
4934
5015
5114
4769
4747
4769
5118
5052
4962
5114
4589
4837
4170
4589
4962
5052
4769
4837
5015
4311
5118
4837
5052
4589
4837
4837
5015
4769
5114
4837
5052
4589
5118
5052
4962
4837
4589
4837
4769
5114
4837
4589
4837
4837
5052
4962
4305
4837
5052
4962
4769
4305
4837
4305
4305
4837
4305
4769
4837
5052
4962
5118
4837
5052
4837
4311
4589
4589
4837
4589
4589
4589
4589
5059
5059
5059
5059
4837
5052
4311
4837
4837
4311
4311
4962
4837
4837
4837
4769
4837
4962
4837
4837
5052
4876
4769
4311
5052
5012
4835
4835
4835
4835
4835
4837
4769
4835
4835
4835
4962
4835
4769
5052
4835
4837
4837
4835
4837
4837
5012
4835
4835
4837
4311
4835
4835
4835
5089
4769
4835
4835
4835
4835
5114
4769
4311
4835
4769
5052
4962
4311
4835
4835
4835
4835
4311
5052
4311
4747
4837
4962
4184
4962
4769
4962
5015
5015
5015
5015
5015
5015
5015
5015
5015
5015
5015
5015
5015
5015
5015
5015
5015
5015
4747
5015
4837
5015
5015
5015
5015
5015
5015
5015
5015
5015
5015
5015
5015
5015
5015
4184
5015
5015
5015
4747
5015
5015
5015
5015
5015
5015
5015
5015
5015
5015
5015
5015
4311
4311
4837
4835
4835
4835
4835
4835
4835
4835
4835
4835
4769
4837
4837
4311
5015
5015
5015
5015
4184
4835
4835
4835
4835
5052
4311
4835
4769
4835
4835
4835
4837
5015
4747
4934
4962
5015
5012
4771
4934
4835
4837
4837
5052
5015
4837
5052
4747
4184
5114
4962
4835
4835
4837
4311
4311
4837
5012
4962
4747
5012
4769
4962
4747
5012
4837
5012
4747
4747
4747
4817
5015
5015
5015
5015
4747
4747
4747
4747
4747
4747
4747
4747
4747
4747
4747
4747
4747
5118
5015
4835
5118
5079
4950
4950
4170
5114
5052
5015
4889
5015
4837
4747
5052
4769
5114
4835
4962
4170
4934
4835
4962
4931
5015
4184
4747
5052
4747
4624
4624
4934
5052
4747
5015
4150
4837
4876
5118
4876
4934
5096
4934
4876
4876
4934
9223
5648
5742
5742
5495
5568
5568
5310
6004
5533
5951
5742
6004
6004
5527
6004
5568
6004
6004
5648
6004
6004
6004
5742
5568
6004
6004
5568
6004
6004
5742
5742
6004
6004
5924
6004
6004
5568
6103
6004
6004
5568
5568
5310
6004
5742
5742
5568
5766
5568
5742
5568
5742
6004
5832
6004
6004
5568
5310
5527
5568
5568
6004
6004
5832
5568
5742
5568
6004
5568
5568
6004
5568
5568
5742
5568
5568
5568
5568
5568
5568
6004
5568
5568
5742
5568
5568
5568
5568
5568
5568
5310
5568
6103
5568
5568
5568
5568
5832
5568
5568
5568
6004
6004
5502
5742
5742
5568
5568
5568
5742
5568
5568
5568
5568
5568
5310
6004
5982
5533
6002
5568
6024
5832
5568
5832
5568
5742
5568
5574
5568
6024
5832
5832
5568
5832
5832
6109
6005
5568
5742
5832
6004
5568
5832
5832
5568
5568
5568
5568
5568
5568
5568
5568
5568
5568
5568
5742
5568
5568
5568
5568
5568
5568
5568
5568
5568
5568
5982
5832
5495
5742
5310
5742
5574
5568
5766
6005
5568
5568
5742
5568
5568
5568
5568
5568
5568
5568
5742
5568
5568
5742
5742
5742
5568
5568
5568
5832
5568
5568
5568
5568
5832
5568
5568
5568
5568
5568
5568
5568
5568
5568
5568
5742
5742
5742
5742
5742
5742
5742
5568
5568
5568
5568
5568
5568
5568
5568
5568
5568
5568
5568
5568
5742
5568
5568
5568
5742
5568
5742
5568
5742
5742
5742
6002
5766
5766
6002
5310
6002
5477
5924
6048
5832
6005
6048
5832
5568
5310
5832
5742
5924
5527
5832
5231
5742
5766
5832
5742
5742
5924
5310
5648
6005
5766
5742
5924
5766
5766
5982
5924
5495
6103
5310
5527
5924
5568
6002
5766
6048
5568
5924
5495
6002
5742
5742
5742
5742
5832
6048
6073
6073
5811
5832
5625
5574
5574
5982
5832
5924
6020
5982
6005
5832
6024
5123
5766
5574
5574
5832
5495
6048
5856
6002
6024
6005
5310
5574
5742
5982
5742
5527
5924
5742
6024
5648
5766
6048
6024
5742
5495
5924
6048
5742
5648
6002
5574
5924
6002
5648
6048
6024
6024
5310
5832
5832
5766
5310
5924
5924
5495
5832
5982
5310
5310
5310
5924
6024
5742
5766
6004
5832
5832
5310
6004
5318
5318
5832
5772
5772
5766
5766
6002
5495
5766
6002
5832
5495
5832
5832
5495
5310
5310
5982
5924
6103
5832
5832
5766
5832
5495
5310
5832
5832
5832
5766
5832
5832
5832
5832
6048
5766
5742
5832
5832
5832
5310
5924
6002
5495
5832
5832
5568
5982
5742
5982
5832
6109
5766
5982
5766
6073
5924
6002
5766
5766
5832
5832
5568
5742
5742
5568
5742
5742
5568
5495
5832
5742
5568
5832
5766
5742
6073
5495
6073
5982
5832
6073
5495
5832
5495
5742
5982
6002
5832
5766
5568
5924
5832
5568
5982
5832
5568
5568
5742
5568
5742
5742
5568
5310
5766
5568
5568
5310
5766
5527
5832
5742
5568
5832
5832
5495
5742
6073
6073
6073
5832
5568
5568
5742
5568
5568
5568
5982
5742
5982
5742
5742
5568
5568
5568
5832
5568
5318
6002
5568
6004
5568
5568
5568
5742
5742
5568
5982
5742
5568
5742
6101
5742
5766
5568
6004
5951
6004
6004
5568
6101
5568
5568
5568
6004
6004
6004
5742
5766
6004
6004
6004
5498
5724
6004
6004
6004
6004
6004
6004
6004
5724
6004
5498
5527
6004
5310
5502
5502
5951
5951
5951
5951
5951
5951
5951
6004
5951
6101
5951
5951
6101
5951
5951
5951
5951
5951
5951
5498
6004
5951
5951
5951
5502
5951
5951
5951
5988
5951
5951
5951
6004
6004
5527
5502
5502
5502
5951
5951
5951
5951
5951
5568
5951
5951
5951
6004
5502
5502
5951
5951
6004
5951
6004
6004
5566
5566
6004
6004
6004
5566
5566
5568
5566
5566
5951
5951
5951
6004
6004
5648
6004
6004
5502
6004
6004
5951
5566
6004
5566
6004
5568
5310
5951
5951
5951
5951
5527
6004
5566
5766
5566
5568
5766
5951
5951
5951
6004
5951
5951
5951
6004
5502
5502
5951
5951
5951
5951
5951
5951
5951
5951
6101
6101
5951
5951
6101
5951
5951
5566
5566
5951
5566
5566
5566
5566
5951
5951
5951
5951
5951
5951
5951
5951
5951
5951
5951
5951
5951
5951
5951
5495
5832
5832
5924
6073
5566
5566
5951
5310
5951
5951
5982
6002
5772
5657
5527
5924
5772
5772
5657
6004
5391
5800
5391
5832
6103
5766
5800
5391
6103
6103
5982
5391
5495
5924
5800
5772
5310
5814
5391
5310
5742
5832
5924
5832
9224
7073
7083
6776
7126
6579
6579
6185
6776
6579
6579
7130
7025
6185
6845
6579
6185
6579
6579
6579
7025
6185
7025
6185
6185
6827
6556
6579
7083
6827
6579
7025
6185
7083
7025
6579
6778
6827
6778
6163
6185
6827
6185
6329
6827
6329
7025
6185
6778
6284
6579
7025
6556
7025
6329
6827
7130
7025
6185
6579
6185
6579
6185
7083
6579
7083
7025
7025
6185
7083
6579
7025
7083
7083
7083
7083
7083
7025
6579
6185
6185
6163
7025
6185
6329
6579
6329
6579
7083
7130
7130
7130
7130
7126
7083
7130
7130
7130
7083
7130
7083
6579
6646
6163
7025
6163
6579
7025
6163
6185
7130
7130
7130
7130
6185
7083
7073
6579
6185
7130
6776
6649
7025
7073
6827
7073
6649
7029
7130
6185
7083
7083
7083
7025
7083
6185
6579
7047
7083
7025
7130
7025
7025
7083
7025
6579
7083
7083
7083
7083
7083
7083
7083
7083
7083
7083
7083
7083
7083
7083
7083
7083
7083
7083
7083
7083
7083
7083
7130
6579
6185
7025
7025
7029
6776
7083
6827
6649
7083
7083
7083
7083
7083
7083
7083
7083
7083
7083
7083
7083
7083
7130
7130
7130
7083
7083
7083
7025
7083
7083
7083
7083
7025
7083
7025
7083
7083
7083
7083
7083
7083
7083
7083
7130
7130
7130
7130
7130
7130
7130
7083
7083
7083
7083
7083
7083
7083
7083
7083
7083
7083
7083
7083
7130
7083
7083
7083
7130
7083
7130
7083
7130
7130
7130
6579
7075
6163
7139
6958
6605
6649
6605
6995
6579
7083
7073
7073
7130
6154
6284
6579
6574
6579
6574
6995
6776
7155
7155
6185
6579
7073
6776
7073
6776
7130
7155
7073
7083
7155
6185
6284
7083
6649
7025
7130
7083
6579
7025
7073
6579
7083
7025
6579
7083
6776
6185
7083
6579
6579
7149
7075
6605
6827
7075
7047
6854
7130
7155
6845
7130
6827
7155
7073
6845
7047
7047
6329
6995
7155
6329
6598
6579
6827
7025
7025
7073
6827
6185
7073
6185
6478
7073
7130
7073
6579
6579
7155
7130
6185
7130
7130
6649
6185
6649
6185
7083
6579
6579
7126
7073
7025
6556
7119
6329
6579
6185
6185
6579
7130
7155
6827
6776
7073
7130
6185
7130
6845
6185
7126
7130
6776
6185
6579
6163
6845
7081
6827
7083
6827
7007
6776
6185
6776
7083
6776
6163
6163
7155
7073
6776
6776
7130
7073
7025
6185
6776
6556
6185
7130
7155
7130
6776
6185
6845
6579
6185
6579
6827
7083
7130
6845
6185
7073
6556
6845
7025
6776
6574
6845
7130
6185
6827
6574
6845
7130
6776
6776
7047
6776
6185
6574
6605
7130
7025
7083
6605
7083
6185
6574
7130
6776
7025
7083
7155
7025
6556
6574
7083
6605
7083
6579
6776
6284
7083
6605
6574
6579
6579
7130
6579
6574
7083
6574
7025
7083
6574
6776
7130
7025
7083
7083
6776
7083
7025
7025
6185
7130
6605
6579
6574
6574
6574
7083
7130
7149
6845
6574
7139
7139
6574
7139
7139
7139
6605
6605
6605
7083
7025
7083
7083
6776
7083
7083
6556
6579
6776
6845
7083
6605
7130
7155
7130
7130
6329
7025
7130
6845
7130
6329
6845
6579
6845
7025
7083
6579
6827
7025
7081
7083
6579
7130
6163
6579
7083
6845
6185
7081
6579
7130
7130
6827
6579
6579
6579
6845
7130
6845
6845
7025
6329
7130
7130
7130
7130
6845
6845
6845
6329
6646
6845
6579
7025
6845
6579
7025
6579
6579
6579
6646
6646
6646
6646
6530
6579
6579
6556
6556
7130
6579
6579
6778
6646
6646
6646
6845
6827
6579
7130
7025
7025
6579
6579
6579
6845
6646
6646
6646
6845
6845
6579
6827
6556
6579
6579
6579
6579
7025
6646
6646
6646
6845
6845
6163
7025
6322
6579
6579
6845
6845
6845
6646
6646
6185
6845
6827
6845
6827
6579
7025
7083
6579
6579
7130
6579
6845
6845
6579
6845
6556
6579
7130
6925
7025
7126
6163
6827
6845
7130
7083
6579
7130
7149
6284
7126
6845
6478
7025
7083
6925
6845
6845
7025
6646
6646
6646
7130
7126
7155
6845
6579
6845
7130
6579
6579
7130
6827
6579
7130
6579
6579
6579
7149
6579
7126
6925
6574
7083
7025
7083
7083
7083
7083
6925
7025
7025
7130
7130
7126
6579
7126
6646
7130
6494
6494
6579
7083
6530
6776
6478
6478
6776
6605
7083
6530
7025
6579
6776
6284
7083
6827
6776
6185
6329
6646
6845
6556
6827
6284
6845
6163
6329
7130
7025
6646
7025
6530
6827
6845
6845
6845
6827
6185
6163
6776
6163
6579
6185
6776
6574
6776
6969
6845
9225
7738
7940
7940
8068
7653
7940
7459
7950
8161
8021
7835
8068
8068
7653
8021
8021
7653
8021
7696
8021
8161
7653
8021
8068
7950
7694
7696
8068
8170
7738
7835
8161
7696
8068
7653
7950
7940
7932
7950
8021
8021
8068
8021
8068
7730
8021
8068
8068
7940
8170
8021
7940
8021
7940
8021
7653
8021
8068
8021
7730
8170
8068
8068
7730
8068
8068
8021
8068
8068
8021
8170
7940
8068
7940
8068
8068
8068
8068
8021
8021
8021
8068
8021
7738
8068
8021
8021
8068
8068
8068
8170
8021
8021
8068
8021
8021
8021
8068
8068
8068
8068
7950
7835
7738
8068
7696
8068
8021
8068
7940
7940
8021
8021
8068
8068
7950
8145
7916
7923
8021
8068
8068
7738
7916
8145
8183
8068
8021
8068
8145
8183
8145
8145
8068
7738
7738
8068
7940
8183
8183
8183
8145
8170
8145
8170
8068
7738
8068
8068
7738
7940
8068
8068
7738
7738
7738
7738
8183
8183
8183
8183
8068
8068
8068
8068
7738
8068
7738
8021
8183
7738
7653
7730
7916
8183
8183
8068
8068
8170
8021
7653
8145
8145
8068
7738
8183
8183
7738
7738
7738
8170
8170
8170
8068
8021
8021
8183
8183
8183
8068
8170
8170
8170
8068
8170
7738
8068
7738
8183
7738
7738
7738
8170
8170
8170
8170
8170
7738
8170
8183
8183
8183
8183
8068
8170
8170
8068
8068
7738
7738
7738
7738
8170
7738
7738
7738
8170
7738
8170
8183
8170
8170
8170
7916
7940
7718
7557
7653
7950
7715
7653
8145
7916
8145
8183
7730
8076
8021
8162
7738
8183
8183
7730
8170
8145
8145
7923
7950
7950
7950
8183
7730
8145
7738
7916
7916
8170
7653
7738
8183
7738
8170
7738
7653
8068
7730
7738
8068
7653
8145
8183
8068
8021
7730
7738
7738
8021
8068
7730
8028
8021
7916
7923
8165
7754
7653
7923
7730
8076
8145
8039
7632
7916
7459
7940
8021
7696
7696
8028
8096
7632
7950
7730
7653
7632
8145
7940
7730
8183
8183
8170
7730
7950
7696
7923
8145
8183
8183
7923
8145
7916
7940
7632
7940
7632
7632
7632
7632
7632
7632
8183
7923
7730
8021
8170
7950
8145
7923
8021
7916
8021
7730
8021
8021
8068
7940
7835
7730
8028
8170
8068
8068
7796
8042
7574
7754
7653
8042
8002
7730
7459
7459
8076
7796
8145
7459
7459
7950
7730
7940
8170
8170
7653
7653
8145
7940
7653
8068
8021
8068
7730
7950
7932
8068
7796
8170
8170
7459
7950
7940
7738
8170
7696
7730
8068
8021
8021
8028
8170
7738
8021
8021
7730
8170
8145
8055
8021
8170
7916
8162
8170
7940
8068
8068
7738
7916
8170
8068
8021
8068
8068
8170
8021
7916
7940
8170
7730
7653
7738
8170
7730
8068
8170
7916
8021
8021
8068
8021
8021
7950
8170
7730
8021
8068
7932
8021
7916
7653
7916
8021
7653
8068
8021
7916
7923
8021
8021
8021
8021
8021
7730
8068
7653
8068
7738
7932
8021
7653
8068
8170
8021
7730
8021
8068
8068
7730
8021
8170
7916
8068
8068
8068
8170
7696
8170
7696
7653
7916
7916
8068
8021
8068
8170
8064
8068
7738
8068
8068
7738
8064
7632
7653
7632
8064
7950
8064
8151
8068
8068
8021
8064
8042
8068
7738
8021
7940
8064
8021
8021
7738
8183
8064
8064
7632
8068
7696
7653
7696
7835
7835
8170
7653
8068
7694
7696
7730
8068
8064
7632
8064
7835
7835
8064
8064
8042
7694
7653
7532
8170
7738
7835
8021
7835
7835
7835
7835
7694
7694
7694
7738
7532
7738
7738
8034
7835
7835
7835
7835
8064
7694
7694
7694
7632
8042
8170
8042
8161
7835
8064
7632
7632
8064
7694
7694
7694
8042
7738
7632
7835
7835
7835
8064
8064
7696
8042
8042
7696
8042
8064
8064
7738
7533
8064
8064
7835
7835
7738
7533
7632
7632
8064
8064
8042
7696
7835
8064
7835
7835
8145
8068
8064
8042
8021
8170
8021
7653
8064
8021
7738
7940
7694
8042
7950
8068
7730
8064
8068
8021
7632
8042
8042
7532
8034
7835
7696
7835
7835
7632
7632
8042
8042
8042
7696
8042
7950
7653
7940
7696
7696
7730
7696
8170
8064
7696
7632
7632
7528
7632
7632
7632
7632
7696
7835
7835
8064
7694
8064
8064
7932
7738
7621
8151
7696
7835
7923
8042
7940
7533
8145
7963
7950
7963
8028
7696
7653
7730
7653
7923
7532
7940
7940
7932
7940
7532
7916
7532
7932
7411
7916
7932
7796
7932
7653
7796
7632
7754
7796
8064
7411
7950
7916
7796
7940
7796
8021
7796
7950
7932
7653
7916
7916
9226
8365
8710
8710
9167
9020
9020
9027
9167
8514
8429
8839
8710
8710
8667
9140
8667
8667
8667
9140
8667
8893
8667
8667
8893
8893
9140
9181
9140
8667
8429
8667
8667
9167
8710
9140
8710
8234
9024
8234
8710
8667
9020
9140
8667
8893
8667
9027
8667
8710
9091
9140
9167
9167
9140
9140
8667
8667
9167
9140
8667
9091
9167
8365
9167
9167
8667
8667
8667
9167
9167
9140
8710
9167
8710
9140
9167
9167
8667
8710
9167
8710
8667
8667
9140
8667
9140
9167
9167
8710
8667
9140
9020
8667
9167
8667
8667
8667
8710
9167
9167
8710
9181
9167
8535
9181
9181
8710
8535
8710
9167
9167
8667
9167
9167
9140
9123
8667
8893
9181
9204
9167
9027
9129
9020
9167
9167
8667
9129
9091
9204
9204
9167
8710
9204
9167
9123
9129
9167
9167
9167
9204
9091
9204
9140
9140
9167
9167
8710
8710
9140
9167
9140
8710
8710
9140
9140
9167
9167
9167
9167
9167
9167
9167
9167
9140
9140
9140
8893
9211
9167
9140
9167
9140
9091
9181
9181
9167
9211
9204
8893
9140
9140
9140
8710
9140
8710
8710
8710
8710
9140
9167
9140
9140
8710
8710
8820
9167
9167
9167
9167
9167
9167
9167
8820
9167
9140
8710
8710
8710
9167
8710
9140
9167
9140
9140
9140
9140
9140
9167
9167
8710
8710
9167
8710
9167
9167
9167
8710
9140
9140
9140
9140
9140
9140
9140
9140
9167
9167
9167
9140
9167
9167
9140
9204
9123
8708
9020
8602
9010
9123
8429
8820
8893
8750
8893
8429
9140
9167
8710
8429
9140
8514
9181
9204
8893
9167
9167
8750
8750
9140
9140
8893
8893
9123
9140
9204
8893
9167
9167
9204
9091
9167
8726
9167
9181
8893
8893
8893
9167
9167
8893
9167
8893
8893
8893
8710
9140
9167
8750
8365
9010
8760
8664
8852
8514
9020
9020
8365
9123
9123
9181
8585
9123
8750
9167
9024
9181
9167
9024
9091
9091
9091
9140
8365
8514
8893
9140
8893
8710
9167
8893
8893
9167
8893
9167
9181
8893
9181
9140
9091
8710
9211
9010
9211
9211
9140
9027
9037
9123
9091
8365
9139
8750
9167
8893
8820
9181
9139
9020
9140
9167
8893
9139
8710
9020
8514
8893
9140
9167
9140
8839
9020
8650
9027
8650
8425
8667
9123
9024
8365
8429
9139
9091
9091
9020
9167
8893
8514
8726
9167
9167
8667
8726
9020
9020
9167
8726
9010
8710
9167
9020
9140
8365
8667
8893
8429
8893
8429
9140
9140
8575
8893
9181
8710
8710
8575
9139
8710
8820
8893
9167
8667
9181
8575
9167
8820
8750
9167
9167
8750
8667
9167
8365
8750
8893
8585
8575
9167
8750
9167
9010
8710
9167
9167
9167
8893
8710
9091
8585
8893
8575
9167
9167
9010
8892
8893
8667
8667
9167
9167
8820
9140
8664
9167
8893
8710
8667
8575
8710
9167
8575
8710
8575
8667
8893
8893
8667
9167
8667
8893
9140
9139
9181
9167
9167
9140
8710
9167
9167
8893
9140
9140
8667
8710
9091
8429
9091
9167
8710
8710
9140
8710
9167
8429
9024
8429
9024
9140
8893
9020
9140
9167
9167
8820
8893
9140
9167
8710
9140
9167
9037
9167
9140
9167
9140
8667
9167
8893
9167
8710
9167
9167
9167
8667
8710
9140
8667
9167
8893
8893
9140
9167
8667
9037
8839
9037
9037
9024
9140
8710
9167
8667
9167
9037
9037
9037
8839
9181
9024
9167
9171
9181
8535
8667
9140
9024
8839
9024
9024
9024
9024
8535
9140
9020
9024
9024
9024
9024
9140
8667
9024
9024
9024
9024
9037
9140
9024
9024
8667
9024
9024
9020
9020
8667
9024
9091
9010
9037
9167
8535
8535
9167
9024
9020
9140
8839
9024
9091
9024
8839
9024
9010
8535
9037
9020
9020
9037
8839
8839
8667
9020
8535
8535
8893
9181
9181
9167
8667
9037
9037
9140
8667
9140
8535
9037
9167
9167
9167
9167
8667
8667
9140
9181
8893
8893
8667
9020
9140
8667
8667
8365
8839
9204
9037
8893
8893
9167
8893
9140
8893
8839
9024
9024
9181
8839
9140
9037
8535
8667
9140
9140
9140
9140
8893
8893
9140
9140
9181
9024
9167
9140
9024
8501
9024
9037
9167
9140
9037
9140
9020
9140
9167
8726
9140
8667
9181
9181
8839
8839
9181
8535
8535
8710
9167
9010
8365
8664
9139
8429
8893
9037
9010
9181
8820
8429
8726
9140
9020
8667
8893
9020
9027
8429
9027
8501
9024
8839
9181
8892
8661
8839
9020
9167
8354
8501
9051
9167
8851
9181
9051
8667
9181
9167
9167
8602
8429
9027
8429
8667
9020
9210