9217
9218
310
143
827
143
143
143
827
827
827
827
827
827
827
827
827
827
827
827
827
917
827
827
827
917
827
917
827
917
827
917
827
917
827
917
827
917
827
348
501
348
827
827
827
917
917
827
917
827
917
827
348
827
348
348
574
348
697
348
143
349
323
348
143
348
143
348
143
143
548
143
143
74
143
143
123
349
827
827
827
917
827
830
827
970
827
593
816
970
711
970
175
143
835
323
711
383
593
143
74
143
143
383
143
525
898
827
827
827
214
827
827
917
827
827
827
827
827
143
827
143
143
143
143
456
816
123
827
827
827
827
827
143
548
827
143
143
143
143
143
143
123
874
931
693
827
499
827
842
861
970
711
456
436
604
613
190
613
693
805
693
323
499
589
499
692
692
548
692
692
842
1020
692
63
420
1009
835
469
95
295
295
715
497
713
449
827
615
501
870
936
936
102
931
323
469
469
36
715
416
430
59
430
214
430
870
697
884
570
835
101
502
870
527
667
430
548
430
220
758
608
1020
430
457
102
931
101
323
902
468
416
1020
950
430
457
687
364
719
95
295
986
149
835
101
522
295
62
490
62
251
62
474
186
364
435
452
457
102
931
268
226
95
295
715
715
1011
800
213
474
77
719
522
95
295
62
418
101
251
62
251
62
251
62
347
62
251
62
172
213
149
931
101
483
483
369
739
966
1007
59
667
1009
436
662
604
797
404
149
983
101
755
711
155
713
347
347
1020
404
230
347
991
230
149
102
101
101
755
7
116
230
347
59
115
415
77
444
268
770
530
149
835
359
887
226
715
512
347
347
213
37
687
493
719
407
167
102
101
147
147
715
964
715
964
312
457
436
693
693
483
797
92
59
835
535
169
844
29
174
1001
671
671
687
364
435
231
737
149
436
101
323
133
739
966
416
970
63
420
364
944
869
483
836
800
442
101
687
887
116
447
116
940
115
940
115
1015
1015
824
266
102
969
483
577
416
116
115
115
527
811
824
232
461
662
483
836
116
543
101
469
95
497
447
115
347
115
940
72
800
594
452
543
102
444
483
859
921
155
921
155
921
921
921
77
359
921
921
266
102
101
535
169
29
174
671
1001
347
213
420
493
719
407
29
102
931
323
253
564
29
416
800
950
711
220
651
359
126
700
921
570
444
101
323
902
170
9219
1086
1432
1432
1432
1432
1762
1432
1432
1432
1432
1432
1432
1432
1432
1130
1499
1879
1879
1499
1859
1762
1762
1900
1499
1499
1499
1499
1879
1879
1130
1130
1130
1130
1130
1762
1499
1499
1803
1803
1371
1803
1130
1879
1803
1803
1428
1076
1281
1879
1879
1879
1879
1879
1879
1281
1130
1762
1130
1130
1130
1130
1130
1900
1232
1394
1928
1928
1928
1928
1076
1281
1281
1428
1428
1879
1130
1130
1130
1130
1281
1130
1130
1130
1762
1130
1130
1130
1130
1130
1130
1762
1762
1130
1130
1130
1130
1130
1432
1432
1130
1762
1432
1432
1432
1762
1432
1432
1432
1432
1432
1762
1432
1432
1762
1432
1762
1499
1803
1900
1499
1762
1762
1859
1762
1432
1432
1762
1762
1432
1432
1432
1762
1762
1432
1432
1432
1432
1432
1432
1432
1432
1432
1432
1432
1432
1432
1432
1432
1432
1432
1432
1432
1432
1432
1432
1432
1432
1432
1432
1879
1879
1879
1900
2041
1879
1879
1858
1879
1130
1281
1130
1130
1130
1130
1762
1130
1130
1130
1762
1762
1762
1130
1432
1432
1432
1762
1859
1762
1432
1130
2041
1900
1762
1130
1762
1762
1762
1762
1130
1762
1762
1432
1762
1432
1762
1432
1432
1432
1432
1432
1432
1762
1432
1363
1561
1803
1130
1130
1499
1499
1859
1499
1859
1859
1859
1432
1432
1762
1363
1499
1859
1859
1049
1561
1499
1755
1755
1561
1755
1959
1049
1859
1454
1419
1499
1499
1419
1419
1419
1499
1859
1499
1858
1499
1499
1499
1499
1499
1499
1499
1499
1252
1981
1515
1317
1903
1903
1903
1076
1371
1456
1232
2023
1371
2041
1858
1252
1252
1454
2043
2043
1900
1900
1900
1858
1628
1397
1049
1858
1762
1879
1858
1454
1252
2041
2043
2043
2043
2043
1858
1900
1454
2041
1879
2041
2043
2043
1879
1879
1879
1454
1419
1454
1499
2041
2043
2043
2043
1454
1748
2043
1900
2041
2041
1900
2041
1900
1900
2041
2043
1879
2041
1762
1900
1419
1487
2023
1499
1900
1900
2041
1130
1130
2041
2043
1762
1130
2043
1879
1130
2043
1977
1345
1554
1248
1248
1155
1899
1345
1334
1232
1349
1628
1628
1628
1628
1628
1232
1252
1252
1252
1252
1252
1252
2043
2041
1653
1155
1252
2023
1628
2000
1157
1454
1561
1653
1981
1456
1515
1252
1628
1748
1456
1252
1155
1628
1748
1858
1130
2041
1900
1653
1594
1155
1777
1155
1371
1777
1252
1899
1899
1884
1252
1456
2000
2000
1456
1903
1903
1903
1456
1456
1456
1232
1232
1232
1232
1232
1456
2041
2043
2043
1487
1487
2023
1653
1454
1252
1252
1628
1748
1748
1456
1252
1628
1858
1748
1515
1252
1700
1700
1049
1349
1858
1628
2000
1858
1456
1049
1049
1858
2043
1281
1454
1454
1454
1130
1900
1499
1858
2041
2041
1454
2041
1454
1454
2043
1858
1858
1858
1419
1049
1561
1049
2043
1858
1858
1858
1900
1900
2041
2041
1900
2041
1900
2043
2043
1334
1628
1924
1748
2023
1456
1748
2041
1748
2043
1157
1515
1628
1748
2041
1628
1748
1252
2043
1748
1252
1762
2043
1748
2043
1188
1585
1694
1835
1924
1835
1607
1700
1607
1155
1723
1723
1723
1924
1723
1252
1628
2000
1628
1748
1252
1748
1755
1931
1653
1653
1858
1515
1879
1252
1900
1419
1499
1334
1607
1924
1981
1155
1345
1981
1924
1334
1981
1924
2000
1628
1723
1515
1628
1899
1723
1298
1858
1628
1653
1755
1561
1653
1456
1748
1748
1748
2023
2023
1499
1858
1748
2041
1157
1899
1331
1628
1748
1454
2000
1653
1653
1924
2023
1150
2023
2023
1155
1181
1653
1252
2023
2023
1981
2000
1181
1653
1232
1252
2023
2023
2023
1157
2043
2041
1252
1252
1903
1924
2023
1456
1653
1858
1858
1454
1252
1748
1252
1150
2000
2023
1859
1653
1899
1896
1659
1685
1181
1232
1924
2023
1807
1457
1181
1694
1298
1981
1371
1777
1723
1252
2023
1981
1456
1232
1232
1252
2023
1748
1456
1858
2041
1858
1097
2023
1561
1807
1248
1858
1252
2023
2023
2023
1628
2023
1157
1858
1748
2041
1454
1653
1334
2023
1456
1252
1748
1748
1858
1628
1561
2041
1331
1334
1155
1694
1981
1924
1371
2000
2000
2000
2023
1748
1454
1160
1104
1594
1334
1835
1334
1981
1397
1561
2000
2000
1723
1456
1515
1252
1748
1723
1456
1628
1858
1456
1858
1858
1628
1515
1334
1981
1858
1515
1858
1252
1858
1561
1561
1049
1157
1157
1748
1419
1049
9220
2961
2592
2592
2592
2592
2592
2566
2566
2566
2472
2566
2566
2566
2472
2936
2567
2567
2567
2961
2567
2592
2472
2592
2567
2567
2567
2567
2961
3017
2472
2472
2777
2777
2472
2472
2820
2820
3055
2462
2333
2789
3017
2567
2928
3032
2881
2253
2419
2976
2472
2777
3017
2472
2566
2972
2472
2592
2566
2472
2961
2472
3012
2818
3000
2462
2419
2419
2419
2419
2412
2412
2412
2412
2567
2567
2961
2472
2472
2472
2777
2472
2472
2566
2592
2592
2566
2961
2472
2961
2566
2566
2592
2566
2566
2961
2961
2566
2472
2472
2566
2592
2472
2472
2566
2961
2472
2472
2472
2566
2472
2566
2472
2472
2592
2566
2592
2990
2694
2820
2162
2990
2472
2472
2452
2472
2472
2566
2592
2472
2472
2472
2961
2961
2566
2472
2472
2566
2472
2350
2472
2472
2472
2566
2566
2472
2985
2592
2472
2472
2566
2592
2566
2566
2566
2961
2566
2961
2961
2472
2472
2976
2119
2544
2818
3000
2421
2818
3008
2472
2777
2472
3017
2961
2961
2566
2472
2985
2472
2472
2566
2592
2961
2472
2566
2566
2472
2961
2566
2472
2566
2961
2592
2472
2961
2592
2472
2566
2592
2566
2566
2592
2472
2592
2472
2961
2472
2566
2566
2472
2566
2566
2592
2472
2472
2905
3055
2472
2566
2961
2649
2567
2961
2566
2566
2566
2566
2472
2592
2961
2592
2472
2566
3050
2777
2592
2854
2579
2262
2225
2412
2925
2472
2592
2961
3022
2162
2961
2961
2961
2961
2472
2472
2592
2592
2592
2452
2649
2452
2649
2961
2472
2925
2283
3066
2920
3017
3017
2972
2789
2452
2789
2162
2564
2564
2889
3017
2813
3008
3008
2877
2800
2990
2907
2748
2813
2990
2694
2748
2467
2748
2818
2990
2452
2800
3008
2813
2818
2119
2566
2544
3008
2818
2818
2411
2800
2961
3008
2818
2162
2162
2985
2985
2813
2552
2961
2961
2961
2800
2985
2552
2813
2350
2961
2800
2985
3008
2411
2818
2788
2566
2889
3008
3008
2818
2985
3041
2592
2813
2566
2818
2961
2961
2800
2961
2961
2472
2472
2961
2889
2350
2985
3026
2887
2667
2944
2665
2535
2506
2721
2224
2314
2944
3012
2942
2350
2942
2942
2411
2945
2961
2544
2411
2945
2944
2325
2944
3008
2813
2309
2945
2990
2741
2907
2350
2350
2463
2748
2531
2619
2883
2735
2419
2789
2398
2694
2972
2314
2619
2944
2411
2818
2467
2717
2649
2642
2552
2945
3063
2944
2544
2544
2717
2944
2777
2813
2813
2777
2564
3000
3000
2942
2777
2942
2619
2619
2777
2777
2777
2945
2735
2942
2945
2567
3041
2248
2060
2889
2619
2411
2411
2818
2788
2694
2694
2544
2350
3007
2360
2478
2225
2567
2162
2721
2942
2945
3007
2942
2498
2224
2945
2592
2942
2990
2694
2566
2592
2649
2592
2350
2566
2942
2990
3012
2735
2944
3012
2945
2944
2942
2506
3012
2945
2944
2942
2944
3012
2748
2721
2942
2944
3012
2566
2649
2907
2162
2942
2452
2956
2135
2746
2889
2907
2649
2907
2813
2350
2592
2350
3069
2883
2985
2990
2411
2889
2694
2907
2162
2452
2411
2748
2985
2135
2443
2347
2606
3007
2546
2699
3000
3065
3069
2162
2889
2411
2889
2694
2907
2889
2452
3069
2990
2990
2990
2248
2862
2484
2277
2889
2976
3071
2097
2788
2788
2961
2907
2907
2082
2897
2889
2452
2478
2649
2506
2350
2162
2649
2274
2452
2314
2626
3012
2746
2721
2224
2097
2944
2248
2344
2147
2801
2801
2942
2735
2788
2907
2694
2907
2592
2907
2350
2162
2625
3063
2309
2944
2735
2619
2944
2735
2644
2097
2592
2165
2649
2709
2626
2942
2619
3012
2942
2506
2801
2868
2944
2985
2788
2097
2162
2944
2869
2350
2350
2350
2248
2956
2411
2644
2564
2907
2985
2985
2788
2735
2735
2411
2907
2612
2694
2325
2694
2897
2746
2677
2579
2715
2619
2735
2135
2091
2091
3028
2091
2333
2789
2619
2944
3047
2564
2097
2224
2990
2350
2162
2880
2990
2877
3012
2350
2985
2097
2628
2628
2628
2815
2628
2628
2628
2628
2628
2628
2628
2628
2628
2907
2949
3008
2350
2818
2452
2411
2800
2800
3008
3008
2628
2628
2813
2800
3063
2869
2965
2868
2944
2224
2274
2944
2097
2859
3012
2818
3012
2232
2354
2964
2800
2699
2552
2818
2535
2925
2697
2800
2398
2942
2907
2175
2789
2411
2350
2544
3008
2452
2907
2985
2813
2612
3063
2544
2813
2429
2350
2985
2800
2097
2097
3008
2818
2818
2350
2800
2700
9221
3858
3750
4061
4061
3725
3108
3108
3108
3858
3108
3858
3108
3108
3108
3951
3725
3111
3108
3951
3690
3935
3111
3965
3750
3965
3690
3777
4009
3674
3690
3965
3690
3940
3674
3965
3674
3777
3674
4008
3673
3284
3940
3585
4094
3530
3843
3929
3965
3965
3530
3965
3335
4053
3858
4009
3690
3725
3750
3108
3108
3935
3858
3674
3747
4008
3498
3498
3914
3802
3337
3690
3307
3725
3750
3725
4061
4039
3914
3858
4008
3750
3108
3108
3858
3108
3858
4009
4039
3108
3108
3725
3750
3108
3108
3858
4009
3891
3858
3725
3108
3858
3725
3108
3108
3690
3108
3108
3108
3858
4061
3725
3725
4061
3858
3858
4054
4054
3952
4079
3750
4061
3901
3901
3725
3858
3108
3901
4054
3108
3858
3108
4054
4009
3858
4061
4054
3108
3108
3858
4009
4061
3108
4061
3858
3108
3891
4061
3108
3108
3108
3858
3108
3108
4061
4009
3108
4009
4009
3108
3725
3950
4087
3725
3893
4088
3108
3940
3933
3674
3940
3498
4009
4009
4009
3674
3940
3893
4061
3108
3108
3858
3108
3108
4061
4061
4039
3750
3108
3858
4061
4079
4061
4054
3893
3750
3901
3901
4061
3750
3108
3858
4061
3750
3858
3750
3108
3108
4061
3750
3108
4061
3858
3891
3750
3398
4054
4079
4061
3690
4054
3965
4009
4061
3965
3750
3108
3108
3858
3725
3108
3108
4054
4077
4077
3725
3660
3952
4077
3083
4077
3613
3674
3747
3750
3690
4009
4072
3914
3904
4079
3858
4054
3935
3108
3108
4009
3858
3108
3935
3904
4054
4054
3645
3791
3839
3802
3802
3284
3747
3690
3891
3690
3940
3904
3876
3782
3940
3824
4054
3747
3952
3952
3725
4061
3893
3824
3284
4087
3284
4079
3750
3869
3933
3824
4054
3725
3725
3901
3933
3725
3108
3824
3901
4061
3824
4039
3824
3891
3869
4079
3933
4039
4054
3868
4072
3901
3933
3824
3950
4061
3891
3869
3933
3824
3674
3782
3950
3108
3869
3933
4039
4008
3891
4061
4079
3715
3901
4039
3950
4061
3869
3933
3108
3108
3108
3725
3904
3893
4039
3782
3858
4055
3111
4056
3982
3942
3628
3935
3966
4079
3935
3486
4088
3933
3824
3674
3893
4072
3933
3891
3869
3950
3891
3935
3952
3935
4042
3360
3782
4042
4039
3887
3950
3904
4008
4077
4088
3778
4053
3690
3933
3727
3966
3880
4054
3674
3933
3952
3951
3950
3824
3904
3928
3843
3843
3843
3804
3088
4094
3804
3952
3557
4036
3868
3919
3919
4079
4036
4036
4036
4094
3843
4094
4036
3824
3987
3987
3987
3987
3904
3901
3690
3736
4088
3715
3933
3901
4008
3950
3891
3891
3935
3904
3893
3782
4072
3690
3901
3952
3526
3504
3970
4072
3880
3778
4079
4087
3982
3284
4072
4087
3904
3951
4087
4087
4087
4087
3893
4054
4087
3904
3935
4087
4087
4087
4087
4087
4079
4087
4088
3750
3613
3802
3736
3935
3901
3935
3935
3904
3904
3904
3935
3782
3935
3782
4054
3951
3782
3868
3893
3782
3727
3966
3891
3891
3901
4009
3747
3904
4008
3893
3782
3901
3935
3782
4088
4039
3782
3893
3750
4008
4061
4061
3704
3486
3933
3876
3933
3500
3430
3592
3987
3940
3782
3893
3782
4072
3951
3891
3952
3782
3880
3868
3839
3901
4077
4077
3259
3987
3725
3965
4072
4088
3951
3782
3901
4039
3839
4079
3335
3526
3950
3891
3690
3690
4008
4053
4053
4031
3893
3137
3198
3782
3987
3088
4008
4077
3791
3891
3377
3904
3901
3891
3952
4008
3935
3904
3893
4072
4061
3268
3094
3747
3782
3111
3880
4008
3270
3868
3868
3901
3782
3782
4061
3935
3268
3987
3952
3904
4054
3839
3997
3782
3727
3966
4088
3747
4079
4042
3268
4088
4088
3824
3935
4077
3839
3901
3824
3747
3951
3891
3952
3893
3526
4061
4061
3966
3987
4072
3893
3398
3876
4077
4077
3398
3526
3704
3952
4042
3671
3913
3706
3595
3935
3965
4089
3690
3966
4079
3966
3935
3868
3674
4042
3747
3747
4054
3652
4061
3893
3704
4088
4042
3777
3464
3933
3704
3268
3704
3824
3901
3933
3933
3777
4039
3777
3950
4008
3268
3868
3777
4008
3777
4042
3950
3869
3933
3398
4054
3883
3747
3270
3933
4053
3935
3335
3777
3880
3868
3724
3777
3454
4000
3073
3924
3333
3942
3831
3933
4042
3464
3526
3901
3782
3950
4039
3933
3901
3674
3893
3904
3950
3869
3966
3933
3268
3891
4008
3950
4054
3940
3933
3901
3388
3447
4042
3987
3268
3869
3987
3198
9222
4769
4769
4311
4311
4837
5114
4837
4837
4837
5115
4837
4837
4837
4837
4837
4654
5096
5059
5059
4858
4837
5114
4830
4769
4747
4318
4747
5118
5110
5012
4589
5015
5012
5012
5094
5114
5015
5110
4926
4759
4624
4950
5115
4145
5015
4747
4150
5118
4184
5115
5015
5096
4589
5096
4962
4311
4810
4876
4769
4837
4311
4837
4654
4589
5089
5108
5115
5115
4894
4875
5015
4876
4876
4747
5115
4810
4335
4335
4769
4305
4589
4589
4311
4837
4769
4837
4589
4311
4311
4589
5114
4769
5118
4311
5052
4769
5052
4311
4837
4311
4769
4837
4837
4837
4837
4962
4837
4837
4311
4311
4311
4837
4311
4769
4837
4769
4747
4817
4955
4318
4835
4962
4837
4889
4769
4837
4837
4311
4837
4962
4837
4311
4926
4837
4311
4837
5114
4837
4837
4311
4311
5114
4311
4837
4837
4837
4769
5114
4311
4837
5052
4837
4837
4311
4837
5114
4769
4769
4837
4132
4837
5089
5015
5058
4384
4384
5118
5058
5058
4962
5115
5015
4769
4858
5118
4769
4837
5114
4769
4311
5058
4837
4311
4311
5052
5114
4311
4837
4837
4962
4311
4926
5118
5012
4926
4837
4962
4769
4837
4926
4769
4311
4769
4837
4311
4962
4962
4311
4837
5052
4311
4769
5052
4858
4835
5089
4835
4769
4769
4311
4769
4858
4858
4835
4837
4837
5114
4837
4858
5012
4311
4858
5057
5110
4837
4795
4780
5027
4512
4792
4414
4654
5115
4858
4132
4589
4934
5118
5012
5059
5058
5015
4950
4889
4837
4810
4837
4837
4170
4769
4132
5058
5052
4950
4244
4931
4864
4654
4318
4860
4955
5095
4876
4876
5114
4926
5095
4132
4876
5114
5114
4934
4170
5096
5118
4810
5089
4539
4934
4384
5118
5052
5118
5118
4170
4384
4170
4654
4934
4934
4876
5114
4132
4311
5058
4962
4311
4934
5118
4926
4170
4170
4384
5052
4170
4145
4955
4170
4132
4962
5118
5118
5015
4962
5015
5110
4132
4132
4132
4170
4810
4837
4145
5052
4494
4931
4132
4539
4170
5052
4132
4962
4170
4384
5118
5052
5114
4311
4962
4384
4934
4919
4751
4755
5012
4835
5114
4145
4860
4860
5012
4561
4132
4589
4132
5115
4889
5115
4747
4985
5115
5115
4747
4905
4889
4962
4484
4739
4460
4934
5114
4971
5118
5094
4926
5022
4891
4305
4747
5096
5059
4589
4384
5059
4305
4927
5059
4654
4955
4830
4132
4145
5118
4436
4861
5115
4919
4919
4889
4460
5115
5115
4150
4921
4985
4894
4919
4747
5018
5018
4145
4955
5052
5094
5094
5094
4150
4150
4150
4170
5118
4830
5094
4853
4862
4962
5114
5114
5058
5094
4962
4170
4955
4132
4955
4384
4962
5118
4955
4414
4192
4127
4950
4955
5118
4830
4934
4858
5015
4858
4311
5114
5114
5118
4853
4962
5015
4889
4769
5052
5118
4460
5052
4889
4962
4654
4830
5110
4615
5052
5012
4526
4862
4926
5118
5110
5118
4950
4934
4955
4132
5118
4810
4830
4837
5118
4654
4858
5118
4919
4830
4962
4860
5118
4810
4919
5058
4170
5114
5015
5052
5015
5012
5114
5114
5114
5012
4769
4926
5114
5052
5114
5079
5042
4337
4905
4589
4926
4950
4873
4766
4145
5115
4962
5110
4145
4654
5029
5012
4934
5058
5012
5029
5012
4465
4255
4335
5058
4830
5114
4830
5118
4934
4170
4830
4601
5058
4589
4589
4678
5059
5059
5059
4786
4830
4830
4170
4955
5079
4853
5012
5115
5114
5110
5015
4934
4889
4895
4414
5015
5059
5118
5118
5118
4460
4934
5118
4170
5015
5118
4927
4936
4384
4889
4931
4853
4201
5118
5110
4926
4170
4962
4170
5114
4853
4875
4926
5114
4962
5012
4255
5114
5110
4962
4830
4676
5012
5114
4955
4830
5041
4460
4926
5110
4733
4305
4311
4201
4934
5052
5114
4934
4460
4934
4926
4955
4170
4132
4926
4170
4755
4906
4134
4170
4460
4955
4889
5058
5029
4278
4830
4864
4726
4127
4755
5009
4906
4305
5012
4676
5058
5118
4615
4763
5012
4215
5052
4955
5015
4926
4221
4705
5095
4943
4900
4490
5037
4384
5115
5094
5110
4934
5118
5015
4384
4601
4705
5118
5058
5114
5114
4926
4374
4705
4889
5114
4510
4962
4654
4705
5115
4510
4942
4931
5096
5110
4465
5096
4150
4905
5096
4970
4469
4624
5115
4853
4484
4170
5089
4414
4145
5109
4678
4926
4711
5015
5058
4589
4132
5118
5012
5094
5058
4145
4170
4460
4384
5094
4720
4934
4955
4460
4955
5012
5012
4615
4311
5015
4889
5012
4747
9223
5648
5742
5568
5742
5568
6004
5742
5568
5310
5742
5310
5568
5568
5568
5982
6110
6024
5527
5568
5742
5766
6005
5726
6109
5527
5982
5527
5742
6109
5742
6005
5982
5568
6048
5231
5982
5982
5724
5811
5856
5734
6004
5742
5566
5566
6103
6103
5502
5527
5231
5832
5566
5742
6004
5310
5742
5742
5742
5832
5568
5982
6005
5527
5805
5982
6005
5988
5456
5331
5331
5742
5706
5331
5772
5772
5231
5742
6004
6004
5310
5568
6073
5742
5568
5310
5568
5568
5856
5568
5310
5766
5832
5982
5568
5766
5568
5742
5568
5568
5310
5742
5310
5568
5568
5527
5742
5568
5568
5568
5310
5568
5568
5832
5742
5310
5568
5742
5982
6024
6002
5742
5527
5924
5982
5924
5568
5924
5742
5648
5568
5568
6002
5742
5982
5568
5568
5568
5982
5742
5568
5568
5742
5742
5568
5310
5648
5568
5495
5742
5310
5568
5568
5568
5568
5310
5310
5568
5742
5568
5726
5742
5123
6109
5231
5924
5772
5231
5527
5310
5568
6109
6109
5832
5231
5568
5856
5568
5231
5832
5742
5568
5568
5832
5568
5742
6004
5648
5832
5568
5310
6024
5566
5568
5832
5568
5568
5742
5742
5568
5568
5982
5766
5568
5568
5742
5310
5648
5568
5742
5766
5568
5568
5742
6024
5803
5614
6024
5648
5982
5924
5834
5456
5742
5568
5648
5648
5568
5742
5742
6004
5648
6002
5706
5566
5648
5135
6059
5123
5561
5721
5473
5566
5527
5856
6004
5527
5832
5708
5832
5310
5527
5832
5832
6002
5766
5726
5924
5726
6048
5742
5856
6103
5726
5530
6027
5480
5634
5480
5726
5856
5832
5495
5473
5811
5527
6109
6024
5574
5766
5924
6002
5574
5527
5527
6048
6073
6059
5821
5566
6110
6002
6002
5766
5924
5231
6109
5982
6002
5726
6110
6024
5231
5924
6050
6109
5832
5742
5527
6004
5924
5726
5566
6027
5924
6109
5648
5726
5924
5310
5231
6109
5924
5856
5495
5310
6002
5832
5568
5310
5856
5766
5231
5648
5231
5766
5231
5310
5648
5495
5231
5832
5495
6109
5766
5568
6109
5766
5231
5495
5924
6109
5123
5503
5721
6103
5766
5924
6020
5772
5231
6110
5811
5495
5310
5766
5766
6109
6050
6029
6005
6110
6005
6048
6109
6110
5231
5209
6083
5533
5231
6103
6005
6020
5924
6050
5495
5303
5467
6103
6048
5495
5310
5310
6110
6109
6050
6073
6002
5574
6002
6002
5910
5533
6083
6083
6127
6097
6097
6097
5159
6048
5856
6127
5997
5231
5231
5517
5766
5805
5805
5724
5574
6097
6097
5924
6110
5533
6024
6103
6109
5924
5495
5331
5473
6064
6064
5231
6002
6073
6083
5924
6050
5231
5726
5982
5495
5924
6024
5310
5577
5821
6005
6085
6089
6004
5495
6005
5766
5527
5209
6002
6048
5726
6002
5982
5766
5231
5924
6004
6024
5726
5924
6048
5574
5742
5982
5982
6004
5924
6004
6048
5574
5318
5982
5527
5527
5982
6004
5527
6005
5495
6002
5726
6005
6002
5924
5310
5209
5527
5209
6127
6083
5856
5574
5726
5856
6024
6020
6005
5310
6073
5533
5982
5982
6048
5574
5533
5982
6048
5527
5527
5766
5555
5266
5481
5986
5262
6097
5701
5715
5797
6020
5533
6002
5477
6048
5495
6048
5574
5495
6073
6005
6083
5495
6107
5970
6097
6097
5527
6002
6040
5982
5493
5856
5310
6059
5635
5839
5231
5574
6083
6005
6002
5726
5766
5533
5574
5766
6020
5814
5797
6089
5527
5310
5574
5310
5281
5619
5816
5924
5414
5527
5574
5924
5648
5982
5766
5766
6024
6024
6110
5414
6024
6073
5924
5811
5715
5527
6005
6002
6103
5982
5456
5924
6127
5457
6073
5536
5635
5982
5856
5726
6002
6048
6103
5982
5310
6110
5310
5766
6103
5924
5924
6024
5209
5231
6005
5766
5726
5726
6103
6127
5766
6005
5924
5982
6005
5310
6110
5982
5706
5262
5736
6020
5159
5495
5159
5924
5374
5579
5320
6083
5532
6083
5318
5839
5625
6110
5231
6073
5209
5310
6024
6073
5766
6110
5231
6005
5310
6020
6131
6109
6071
6059
5840
5766
6002
5982
6127
5982
6020
6109
6110
5231
5814
6020
5724
6083
6109
6050
5766
5814
5997
5724
6109
5924
6109
5982
5840
5595
5597
6050
5834
6017
5323
6029
6073
5482
5231
5814
5982
5793
5927
6083
5899
6005
5814
5310
5925
5249
5159
5924
5574
5323
6109
5323
6048
5231
5982
5982
6083
5209
6002
5310
5924
5231
5982
6002
6073
5982
6024
5310
6024
5574
6079
6064
5310
6048
6110
6050
5821
9224
7155
7083
7083
7083
6579
6579
7083
7083
7083
7083
7083
7083
7083
7083
7126
6163
6154
6649
7073
7139
7155
6185
7073
7007
7155
6711
7075
7075
7155
6478
7139
6605
7126
7130
6163
7081
7139
6574
7107
6925
7149
6845
6755
6322
6478
6471
6419
7139
6154
6185
6163
6329
6478
6579
6605
6579
6478
6185
6845
7130
6579
6969
6185
6574
6574
6605
6622
6574
6778
6484
6478
7029
6845
6459
6574
6574
6478
6836
7029
7126
6556
6827
6579
7130
7083
7083
6574
6556
7130
7025
7025
7130
7083
7083
7025
7130
7155
7083
7025
7139
6478
6579
7083
7083
6605
7083
7083
7083
7083
6574
7130
7130
7025
7130
7083
6579
6556
6494
6494
6163
6494
7130
7130
7139
7083
7083
6185
7083
7025
7155
7130
6776
6776
7083
6574
7083
7083
7130
6284
7025
6579
7130
7083
7083
7083
7083
7083
6579
7130
7083
7083
7083
7083
7130
7130
7083
7083
7083
7025
7029
6579
7139
7047
6995
7025
6845
6185
6459
6459
6459
7083
7047
6845
7025
7139
6579
6574
6579
7139
7047
6827
7025
7130
6185
7025
7083
6437
7025
7083
6579
6185
7025
6579
6185
7126
7083
7130
6776
7155
7025
7083
6579
7083
7083
7025
7130
7155
7025
7025
7083
7025
7083
6284
7155
7093
6621
6605
6579
7155
6556
7126
6925
7130
6579
6579
7083
7130
7130
6185
6437
7130
7073
6458
7119
6925
6616
6437
6631
6471
6240
7139
6437
6437
6778
7067
6437
6437
6579
6437
6437
6437
6437
6649
6556
6437
7073
6437
6845
6907
6845
7083
6827
7126
6912
6435
7139
6284
6817
6776
6478
6494
6585
6605
6284
6638
6827
6437
6646
7126
6605
7155
6284
6827
6284
7083
6574
7119
7149
6621
6185
7029
7139
6827
6579
6579
7126
7130
7126
6185
7126
7025
6638
7139
7155
6579
6185
7139
7047
6579
7139
6185
6437
6437
6776
6185
6478
7126
6556
6579
6579
7083
7047
6185
6579
7155
7139
6284
7025
7139
7047
6579
6185
6154
7126
7073
6459
6621
6437
6638
6776
6185
6776
7155
7130
6154
7047
6845
7130
7073
6284
7047
6809
6638
7081
6605
6649
6852
6995
6845
6845
6154
6487
7025
6579
6478
6649
7073
6154
7149
6478
7067
7155
6478
7126
6556
6556
6649
6628
7073
6912
6284
6534
7029
6605
6621
6674
7149
6585
6284
6843
7067
6776
6958
6329
6705
7073
7149
6574
7047
7149
7155
6649
6693
6605
7108
6478
6768
7115
6238
6969
6958
6705
7149
6969
6886
6969
7149
7119
6649
6322
7014
6827
6530
7119
6478
6969
6154
6776
6478
7029
7073
6284
6163
6459
6437
7007
6556
7047
6638
6845
7025
6649
6776
6776
7149
6912
6556
6776
7139
6622
6836
6951
7152
6827
6329
6329
7149
6329
6621
6556
6649
7155
6693
6638
6776
7073
6163
6649
6579
6185
7155
7073
7047
7155
7073
7090
6776
6649
7067
6649
6827
7073
6776
6621
7029
7047
7073
6579
7025
7126
7155
7155
7025
6995
6185
6649
6185
6579
6574
6437
6574
6649
7119
7007
7149
7139
6437
6827
7149
6776
6995
7073
7073
6579
6579
7007
6827
7155
7083
6649
6827
6649
6958
6360
6827
7139
6284
7139
7155
6473
6622
6922
6154
6574
7155
6284
6912
6827
6605
7139
7149
6556
6284
6621
6958
6958
6323
6154
6437
6437
6437
6437
6185
6437
7073
6437
6912
7064
7155
7090
6837
7149
6649
6517
6556
6574
6958
6638
6852
6638
7047
6534
7047
6705
6605
7126
6649
6505
6907
6329
6827
6284
6154
7029
7073
6185
6284
6437
7155
7090
6185
7029
6958
6505
6649
6621
7126
6579
6827
6556
6638
6284
6437
6437
7149
7075
7148
7166
6705
7149
7073
7139
6705
6556
7090
6827
6649
6638
7073
6530
7155
7119
6638
6621
7073
6918
6556
6574
6574
7155
6185
7139
6154
7126
6995
7090
6154
6776
7130
6556
6845
6649
6950
6550
6556
6995
7067
7149
6534
7149
6446
7152
6674
6163
7081
7110
6834
6605
6768
6556
6605
7081
6556
6163
6163
7047
7149
6579
7073
6185
6649
6621
6574
6931
6621
6912
6530
6776
6154
6827
6649
6478
6556
7149
6776
6649
6638
7149
7090
6284
6827
6995
6845
7126
7029
6581
6907
7073
6543
7115
7081
6945
7075
6741
6780
6740
6534
7126
6827
6238
7007
6864
6453
6648
7155
7075
6705
6605
6523
6951
6585
6517
6605
7000
7155
6779
6638
7090
6995
6154
6556
6579
7067
7073
6185
7126
6556
6284
6827
6995
7155
6995
7139
6437
6284
6649
7047
7155
6776
6437
6458
9225
8170
8068
7738
7940
8170
7738
8068
8068
8068
8068
8068
8068
8170
8170
8145
7967
8151
8021
8151
8096
8151
7696
7916
7696
8021
7533
8183
7696
7932
7940
7632
7696
8162
8145
7621
7621
8028
8042
7940
8042
8013
8162
8068
7574
7632
8096
8064
8151
7621
7696
7694
7632
8064
8064
7916
8064
7696
8145
8162
8170
8055
8145
7916
7696
7916
8151
8161
7459
8145
7621
8161
7459
8151
7632
8055
8170
8055
7696
8068
8076
8170
8068
7738
8068
8021
8068
7932
7738
8170
7923
8170
8068
8145
8068
7738
7738
7738
8068
8021
8021
8068
8068
7738
8068
8068
7738
7730
8068
8068
8068
8021
8021
8068
7738
8068
8068
7696
7612
7916
7632
7738
8064
7916
8145
7923
8068
7916
8021
8170
8170
7738
8068
8145
8170
8068
8068
8170
8068
8170
7738
7738
8068
8068
7738
8068
8170
8021
8068
8021
8068
8021
8068
8170
7738
7738
8068
7738
7738
8170
7916
7577
7940
8021
7940
7950
8021
7940
8055
7730
7459
7796
7796
7940
8145
8068
8183
8021
8021
7738
8145
7940
7738
8068
8068
8068
8145
8068
7738
8068
8021
7653
7940
8068
8145
8145
8170
8028
7940
8170
7738
7940
7730
7738
8170
8068
8068
8068
8068
8068
8068
8068
8021
8021
8145
7548
7523
8112
7696
8064
7696
8021
8021
8068
7621
7696
8068
7696
7738
7932
8145
7696
8068
8096
8183
8034
7663
7549
7696
7988
7961
7687
7528
8028
8064
7730
8145
8021
8076
7950
8068
7653
7923
8021
8183
7533
7950
7916
7653
8021
8183
8064
7932
7533
7954
7495
7586
7862
7991
8042
8055
7590
7532
7950
7730
7718
7730
8104
7753
7532
7923
8145
8162
7730
7730
7940
8183
7621
7696
8106
7730
8162
8183
7653
8021
7916
7916
7510
8170
8170
8145
7738
8076
8002
7738
7923
8162
8162
8162
8183
7730
7940
7923
7916
7940
7923
8076
7940
8076
7940
8002
8145
7730
7940
8145
7738
7730
8028
7940
8076
7738
8170
7940
7940
7940
8021
8073
8028
8162
8170
7940
8021
8076
8021
7923
7940
8145
7738
8068
7738
7950
8145
7923
7940
7518
8162
8058
8112
8076
7916
7533
7730
7653
8162
7911
7653
7715
7715
8183
7246
7653
7923
8002
8076
8104
8145
8002
7916
7590
8162
7653
8145
7916
8028
7459
7533
8147
7533
7533
8028
8021
8106
7940
7730
8145
8076
7730
7720
7954
7916
8028
8028
7203
7718
7948
8058
7411
7590
7715
8053
7715
7715
8101
8181
7657
7991
7754
7528
7246
8028
7796
8112
7963
7632
7720
7715
7715
7963
7246
8076
7653
8028
7459
8176
7696
7548
8028
8021
8145
7950
8021
7612
7730
7916
8170
7950
8021
7484
7246
7730
7510
8162
8106
8151
7533
7730
8002
7916
7621
7510
8073
8145
7932
8028
7459
8183
7923
7653
7738
8183
8145
7940
7940
8170
8183
7940
7730
8106
7923
7923
8170
8183
7753
7696
8151
8096
7923
7632
8145
8028
8145
7730
7738
7730
7923
7653
8028
7954
8076
8162
7730
8076
7916
7533
7916
8145
7950
8183
7696
8145
8162
7932
7916
7923
8028
7932
8028
8145
7950
7459
8021
8076
7932
8104
7728
7621
8145
7958
7991
7528
7663
7374
7533
7950
7950
7730
8002
8055
8076
7916
8145
7932
8145
8106
7548
8093
7963
7621
8145
8104
7940
7621
8162
7653
7916
8183
8183
7264
8112
8112
8112
7459
7653
7720
7940
7510
7923
8039
8174
7828
7632
7510
8076
7459
8145
8028
8145
7612
7764
7590
8093
7916
7696
7932
7916
7730
7932
8183
7932
7738
8170
7696
8055
7264
8076
7916
7730
8034
8002
7940
7950
8039
7923
7653
8145
7948
7916
7612
7940
7653
7557
7459
7940
7923
7923
8174
7528
7950
7923
8183
8028
8162
7730
7950
7632
8076
7950
7730
8183
8183
7916
7459
7730
8002
8162
7950
7730
7730
8145
8183
8106
7699
7718
7541
7684
8162
8106
7548
8021
8055
7230
8096
7950
7183
7548
8055
7753
7954
7730
7963
8181
7246
7753
8064
7753
7916
8104
8183
7932
7916
7696
7612
8028
7559
8055
7653
7612
8162
7923
7612
8145
7991
7753
8145
8042
8042
8042
8076
7916
8021
7730
7815
8183
7932
7653
7653
7621
7557
7528
7203
7643
8028
7312
8162
7912
7528
7528
7916
8106
7528
7954
8028
8183
7663
7897
8165
7632
7337
7632
7956
7331
7557
8053
7646
8162
7924
7696
7528
7923
7932
8021
8021
8183
8055
7738
7653
8183
7730
7916
7653
7950
7730
8076
7548
7961
8064
7911
7950
7696
7696
8151
7696
9226
9091
9140
8893
9140
9167
8710
9167
8710
8710
8667
9091
8710
9167
9167
9204
9091
8429
8429
9204
9181
9129
9129
9091
8820
8750
9181
9204
8429
8820
8667
9129
9167
9010
9140
9211
8429
8429
8501
8820
9211
8608
8429
8750
9211
8697
8585
8820
9139
8429
8535
9091
8839
9027
9091
8664
9037
9204
8893
8750
9140
9181
8820
9181
8831
8750
8575
8575
8575
8575
8575
8839
8546
8535
9211
8444
9204
8650
9070
8710
8820
8535
8893
8667
8893
9091
8575
8365
9123
8893
9181
8893
9091
8585
8575
8893
9140
8365
9140
9140
8585
9167
9167
9140
9167
9020
8820
9167
8710
8710
9140
8667
9167
9167
8710
9167
9140
8429
8667
9091
8514
8893
9167
8893
9140
9140
9140
9204
9140
9140
9140
9167
8667
9140
8893
9140
9140
9140
9140
9140
9140
9140
8893
8710
8710
9140
8893
8710
9167
8710
9140
8893
8710
9167
8710
9140
9167
9140
8710
8893
9204
9211
9020
9181
8365
9211
8667
9139
8893
8535
8893
8585
8429
8750
9167
9027
9123
8585
9167
8710
9211
8893
8429
9181
9167
8710
8893
9167
8710
8893
8585
8852
8365
9140
9167
8429
9167
8710
8820
9140
8893
9167
9167
8710
8893
8667
9140
9167
8710
8667
8893
8710
9167
8893
8893
8420
8676
8775
8659
9181
8204
9205
8661
8710
8726
8710
8710
9167
8710
9167
8820
8667
8667
9010
9037
8247
8750
9128
9076
9046
9013
8676
8708
8247
9181
9027
9029
8852
8661
9123
9123
8809
9211
8661
9024
9181
8660
8659
9027
9181
8710
9167
8820
8247
9132
8414
8975
9020
8735
8621
8331
9211
8327
8522
8667
9037
8664
9024
8667
9204
9024
8535
9181
8750
9139
8575
8667
8820
8608
8750
8820
9211
9140
9204
8575
9181
9181
9123
8750
8820
9211
9020
9123
9123
9204
9181
8893
9140
8892
8429
9129
8893
8429
9181
8852
9181
9167
9140
8429
9129
9129
9140
8750
8514
8750
8585
9123
9129
9204
8710
8710
9204
8750
9211
8667
8750
8750
9129
9108
9091
8893
8892
9181
8429
9181
9167
8893
8750
8750
9129
9204
8893
9210
9204
8538
9123
8514
8365
8365
8585
8501
9037
9037
8429
8602
9027
8585
9211
8514
8575
9129
9139
9027
8750
8820
8514
9027
8820
9024
8514
8893
8514
8585
9181
8892
8893
8852
8820
8661
9123
8750
8365
9181
9020
9024
8429
9204
8365
8852
9204
8710
8710
9020
8958
8223
9205
8820
8372
8429
9037
8571
9129
8444
8501
9189
8372
8820
8820
8852
9139
8726
8667
9027
8372
9010
9089
9029
9020
8444
8444
9123
8429
8575
8442
8892
8750
8365
9010
8429
8893
8429
8820
9204
8750
8820
8750
8893
9010
8893
8514
8365
8809
8514
9070
8429
8820
8950
9204
9132
8660
8429
8809
8750
9181
8585
9210
9171
9010
9167
8365
8667
8750
8820
8365
8710
8208
8820
9091
8893
9091
8429
9020
9153
9171
8208
9211
8429
8429
9204
9204
8429
8667
9123
9010
8893
8893
9211
9129
9204
9139
8575
8429
8429
8820
9204
9091
8893
9167
9167
8667
9123
9132
9123
8429
9211
9091
9091
8750
9181
8429
8365
9211
9123
8818
8491
8820
8650
8204
8750
8961
8680
9205
9051
8429
8429
8852
9123
9123
8893
8365
8501
8664
8429
9211
8750
9058
8978
8585
9020
9037
9020
9020
9123
8585
8429
8820
9210
9139
9020
9189
9043
8575
8820
8852
8708
8750
8760
9181
8365
8327
8606
8365
8750
9051
9010
9010
9010
8651
9063
9117
8341
8667
9129
8820
8429
9091
9129
9123
9123
8667
9204
8514
8726
9210
8429
8831
8575
8667
9129
9020
9020
9153
8820
9070
8429
9139
8429
8755
9210
8514
8893
9211
8820
9181
8514
8892
8650
9123
9157
8726
9181
9211
8585
9204
9010
8204
8658
9204
9181
8893
8820
9204
8893
8726
8893
8892
9123
9123
8893
8893
8429
8862
9189
9204
9204
9132
9204
8862
9123
9123
8726
8726
8831
8365
8384
8514
8892
8676
8667
9020
8429
8893
8585
9181
9132
8893
9010
9189
9024
9123
9123
8365
8960
8507
8920
8852
8365
9181
9010
8671
8429
8726
9204
8365
8514
8365
8820
8893
8726
8852
8501
9205
8726
9189
9204
9189
9029
8820
8750
8575
8650
8206
8429
8452
9024
9027
8750
8726
9132
9024
9139
8726
9211
8892
8822
8200
8538
8538
8575
8452
8901
9129
8893
8664
8429
8235
8750
9027
8664
8750
9123
8750
8831
9153
9123
8726
8936
8667
9123
9123
9204
8750
8750
9153
8809
8820
9027
9123
8755
8820
8862
9108