9217
9218
580
773
773
650
650
650
650
650
650
650
650
650
650
650
650
650
650
650
650
650
650
650
650
650
650
650
650
650
650
650
650
650
650
650
650
650
650
650
650
650
650
650
650
650
650
650
650
650
650
650
650
650
650
650
650
650
650
650
650
650
650
650
650
650
650
650
650
650
650
650
650
650
650
650
650
650
650
650
650
650
650
650
650
650
650
650
650
650
650
650
650
650
650
650
650
650
650
650
650
650
650
650
650
650
650
650
650
650
650
650
650
650
650
650
650
650
650
650
650
650
650
650
650
650
650
650
650
650
650
650
650
650
650
650
650
650
650
650
650
650
650
650
650
650
650
650
650
650
650
650
650
650
650
650
650
650
650
650
650
650
650
650
650
650
650
650
650
650
650
650
650
650
650
650
650
650
650
650
650
650
650
650
650
650
650
650
650
650
650
650
650
650
650
650
650
650
650
650
650
650
650
650
650
650
650
650
650
650
650
650
650
650
650
650
650
650
650
650
650
650
650
650
650
650
650
650
650
650
650
650
650
650
650
650
650
650
650
650
650
650
650
650
650
650
650
650
650
650
650
650
650
650
650
650
650
650
650
650
773
515
515
1006
568
568
683
683
683
683
683
683
683
683
683
283
283
283
1006
568
790
909
683
683
683
683
683
683
683
683
683
683
683
683
683
568
376
683
683
683
683
283
283
683
283
283
283
283
283
283
283
283
283
283
283
283
283
283
283
283
283
445
283
283
874
568
568
683
683
683
683
683
683
683
683
683
683
683
683
683
568
683
683
683
683
683
683
683
283
283
283
283
283
283
283
283
283
283
283
283
283
283
283
283
283
283
283
283
283
283
283
283
283
283
283
283
283
283
445
283
283
283
283
1006
568
952
683
683
683
683
683
683
683
683
283
283
283
283
1006
568
568
909
683
683
683
683
683
683
683
683
683
683
683
683
791
568
376
683
683
683
683
283
283
683
283
283
283
283
283
283
283
283
283
283
283
283
283
283
283
283
445
283
283
568
568
568
683
683
683
683
683
683
683
683
683
683
683
683
683
683
683
683
283
283
283
283
283
283
283
283
283
283
283
283
283
283
283
283
283
283
283
445
283
283
283
283
283
283
1006
568
568
683
683
683
683
683
683
683
445
683
683
283
9219
1086
1086
1086
1086
1432
1432
1086
1432
1086
1432
1086
1086
1086
1086
1086
1086
1086
1086
1086
1086
1086
1086
1086
1086
1086
1086
1086
1086
1086
1086
1086
1086
1086
1086
1086
1086
1086
1086
1086
1086
1086
1086
1086
1086
1086
1086
1086
1086
1086
1086
1086
1086
1086
1086
1086
1086
1086
1086
1086
1086
1086
1086
1086
1086
1086
1086
1086
1086
1086
1086
1086
1086
1086
1086
1086
1086
1086
1086
1086
1086
1086
1086
1086
1086
1086
1086
1086
1086
1086
1086
1086
1086
1086
1086
1086
1086
1086
1086
1086
1086
1086
1086
1086
1086
1086
1086
1086
1086
1086
1086
1086
1086
1086
1086
1086
1086
1086
1086
1086
1086
1086
1086
1086
1086
1086
1086
1086
1086
1086
1086
1086
1086
1086
1086
1086
1086
1086
1086
1086
1086
1086
1086
1086
1086
1086
1086
1086
1086
1086
1086
1086
1086
1086
1086
1086
1086
1086
1086
1086
1086
1086
1086
1086
1086
1086
1086
1086
1086
1086
1086
1086
1086
1086
1086
1086
1086
1086
1086
1086
1086
1086
1086
1086
1086
1086
1086
1086
1086
1086
1086
1086
1086
1086
1086
1086
1086
1086
1086
1086
1086
1086
1086
1086
1086
1086
1086
1086
1086
1086
1086
1086
1086
1086
1086
1086
1086
1086
1086
1086
1086
1086
1086
1086
1086
1086
1086
1086
1086
1086
1086
1086
1086
1086
1086
1086
1086
1086
1086
1086
1086
1086
1086
1086
1086
1086
1086
1086
1086
1086
1086
1086
1086
1086
1086
1086
1086
1086
1086
1086
1086
1086
1086
1086
1086
1086
1086
1086
1086
1086
1086
1086
1086
1086
1086
1086
1086
1086
1086
1086
1086
1086
1086
1086
1086
1086
1086
1086
1086
1086
1086
1086
1086
1086
1086
1086
1086
1086
1086
1086
1086
1086
1086
1086
1086
1086
1086
1086
1086
1086
1086
1086
1086
1086
1086
1086
1086
1086
1086
1086
1086
1086
1086
1086
1086
1086
1086
1086
1086
1086
1086
1086
1086
1086
1086
1086
1086
1086
1086
1086
1086
1086
1086
1086
1086
1086
1086
1086
1086
1086
1086
1086
1086
1086
1086
1086
1086
1086
1086
1086
1086
1086
1086
1086
1086
1086
1086
1086
1086
1086
1086
1086
1086
1086
1086
1086
1086
1086
1086
1086
1086
1086
1086
1086
1086
1086
1086
1086
1086
1086
1086
1086
1086
1762
1924
1324
1181
1981
1981
1981
2023
1298
1298
1252
1924
1653
1653
1653
1748
1981
2023
2023
2023
2023
1252
1252
1157
1317
1581
1694
1835
1181
1181
1924
2023
1252
1181
1155
1334
1628
1653
1981
1653
1981
1924
1748
1628
1653
2023
1456
1748
2041
2023
1157
1748
1252
2041
1748
1252
1748
2023
1157
2043
1252
1748
2043
2041
2043
1157
1762
1762
2023
1859
1762
2041
1900
2043
2041
1762
1762
1762
2041
1762
2041
1762
1762
1762
1762
1432
1432
1762
1432
1432
1432
1432
1432
1777
1188
1404
1298
1331
1331
1924
1924
1653
1653
1181
1181
1188
1981
1298
1298
1298
1252
1252
1924
1924
1653
1181
1181
1981
1981
1981
2023
1298
1924
1252
1653
1653
1454
1748
1748
1900
2043
2043
2041
1748
1748
1748
2023
2023
2041
1252
2041
2041
2041
1900
1900
1900
1900
1900
2023
2043
2043
2041
2041
2041
2041
2041
1900
1900
1900
1900
2043
1762
2041
2041
2041
2041
1762
1762
1762
1762
1762
1762
1762
1762
1762
1762
1432
1432
1432
1432
1762
1924
1324
1324
1515
1181
1981
1981
2023
1298
1252
1924
1924
1653
1653
1653
1181
1981
2023
2023
2023
1252
1252
1115
1780
1280
1155
1334
1404
1456
1181
1924
1981
1155
1653
1155
1334
1628
1653
1298
1653
1181
1155
1748
1628
1653
2023
1456
1748
2041
2023
2043
1653
2043
1252
1748
1252
1456
2023
1157
2043
1252
1900
2041
2041
2043
1900
2043
2041
1900
1859
1900
2041
1900
1762
1762
1432
1762
1762
1762
1762
2041
1762
1432
1762
1762
1432
1432
2041
1762
1454
1594
1324
1324
1181
1181
1188
1188
1981
1298
1298
1155
1252
1924
1653
1653
1653
1515
1252
1653
1653
1748
1981
1981
1981
2023
1298
1298
1252
2041
1858
2041
1900
2023
2043
1628
1252
1252
2041
1748
1748
1900
2023
2043
1252
2041
2041
1762
1762
1900
1900
1900
2043
2043
2041
1900
1900
1900
1900
2043
2043
2041
2041
1762
1900
1762
1762
2041
2041
1044
1594
1334
1324
1248
1188
1515
1155
1723
1924
1653
1334
1456
1723
1981
1515
1155
1748
1924
1232
9220
2961
2472
2472
2472
2592
2592
2472
2961
2472
2961
2472
2472
2472
2472
2472
2472
2472
2472
2472
2472
2472
2472
2472
2472
2472
2472
2472
2472
2472
2472
2472
2472
2472
2472
2472
2472
2472
2472
2472
2472
2472
2472
2472
2472
2472
2472
2472
2472
2472
2472
2472
2472
2472
2472
2472
2472
2472
2472
2472
2472
2566
2566
2566
2566
2566
2566
2566
2566
2566
2566
2566
2566
2566
2566
2566
2566
2566
2566
2566
2566
2566
2566
2566
2566
2566
2566
2566
2566
2566
2566
2566
2566
2566
2566
2566
2566
2566
2566
2566
2566
2566
2566
2566
2566
2566
2566
2566
2566
2566
2566
2566
2566
2566
2566
2566
2566
2566
2566
2566
2566
2566
2566
2566
2566
2566
2566
2566
2566
2566
2566
2566
2566
2566
2566
2566
2566
2566
2566
2566
2566
2566
2566
2566
2566
2566
2566
2566
2566
2566
2566
2566
2566
2566
2566
2566
2566
2566
2566
2566
2566
2566
2566
2566
2566
2566
2566
2566
2566
2566
2566
2566
2566
2566
2566
2566
2566
2566
2566
2566
2566
2566
2566
2566
2566
2566
2566
2566
2566
2566
2566
2566
2566
2566
2566
2566
2566
2566
2566
2566
2566
2566
2566
2566
2566
2566
2566
2566
2566
2566
2566
2566
2566
2566
2566
2566
2566
2566
2566
2566
2566
2566
2566
2566
2566
2566
2566
2566
2566
2566
2566
2566
2566
2566
2566
2566
2566
2566
2566
2566
2566
2566
2566
2566
2566
2566
2566
2566
2566
2566
2566
2566
2566
2566
2566
2566
2566
2566
2566
2566
2566
2566
2566
2566
2566
2566
2566
2566
2566
2566
2566
2566
2566
2566
2566
2566
2566
2566
2566
2566
2566
2566
2566
2566
2566
2566
2566
2566
2566
2566
2566
2566
2566
2566
2566
2566
2566
2566
2566
2566
2566
2566
2566
2566
2566
2566
2566
2566
2566
2566
2566
2566
2566
2566
2566
2566
2566
2566
2566
2566
2566
2566
2566
2566
2566
2566
2566
2566
2566
2566
2566
2566
2566
2566
2566
2566
2566
2566
2566
2566
2566
2566
2566
2566
2566
2566
2566
2566
2566
2566
2566
2566
2566
2566
2566
2566
2566
2566
2566
2566
2566
2566
2566
2566
2566
2566
2566
2566
2566
2566
2566
2566
2566
2566
2566
2566
2566
2566
2566
2566
2566
2566
2566
2566
2566
2566
2566
2566
2566
2566
2566
2566
2566
2566
2350
3069
2949
2801
2869
2907
2907
2694
2717
2097
2612
2986
2350
2869
2869
2801
2907
2788
2452
2097
2985
2985
2135
2883
2484
2889
2781
3069
2484
2097
2990
2452
2889
2694
2694
2883
2619
2788
2619
2949
2788
2619
2907
2162
2411
2694
2350
2985
2564
2961
2350
2883
2788
2907
2694
2813
2694
2889
2350
2788
2694
2961
2961
2788
2889
2350
2985
2694
2411
2350
2097
2889
2694
2889
2592
2566
2411
2694
2961
2694
2907
2592
2592
2411
2472
2350
2985
2472
2566
2350
2472
2566
2162
2875
2525
2883
2876
2694
2097
2564
2990
2877
2694
2956
2694
2788
2907
2735
2343
2097
2119
2608
2350
2350
2985
2544
2889
2544
2694
2800
2694
2484
2985
2985
2694
2350
2907
2694
2452
2985
2985
2350
2961
2907
2694
2694
2694
2097
2694
2985
2350
2350
2350
2350
2350
2869
2907
2694
2788
2097
2411
2592
2985
2350
2350
2350
2869
2907
2907
2788
2788
2961
2748
2592
2961
2350
2350
2907
2907
2907
2788
2788
2985
2985
2985
2985
2566
2961
2961
2961
3032
3069
3069
2869
2956
2889
2452
2788
2209
2097
2097
2694
2985
2350
2869
2879
2694
2907
2452
2162
2748
2985
2985
2619
2841
2090
2985
2199
2619
2525
2612
2788
2552
2869
2964
2694
2411
2619
2907
2788
2216
2638
2788
2452
2985
2411
2961
2162
2119
2748
2325
2889
2452
2985
2907
2411
2889
2694
2889
2907
2694
2961
2411
2889
2788
2325
2350
2985
2907
2411
2350
2411
2961
2566
2889
2985
2961
2411
2985
2472
2694
2889
2566
2889
2961
2472
2566
2694
2788
2564
3032
2097
2274
2350
2771
2262
2813
2788
2907
2883
2746
2097
2694
2097
2748
2694
2949
2869
2619
2889
2350
2801
2801
2694
2907
2801
2694
2097
2097
2097
2748
2813
2985
2788
2097
2748
2694
2350
2813
2694
2907
2694
2097
2694
2985
2889
2350
2649
2813
2813
2788
2985
2985
2350
2350
2907
2961
2788
2788
2694
2961
2694
2889
2961
2907
2411
2694
2566
2771
2781
3007
2320
3063
2928
2813
2309
2314
2619
2467
2925
2325
2411
2735
2985
2694
2097
2443
2936
9221
3858
3858
3858
3858
3750
3750
3858
4009
3858
4009
3858
3858
3858
3858
3858
3858
3858
3858
3858
3858
3858
3858
3858
3858
3858
3858
3858
3858
3858
3858
3858
3858
3858
3858
3858
3858
3858
3858
3858
3858
3858
3858
3858
3858
3858
3858
3108
3108
3108
3108
3108
3108
3108
3108
3108
3108
3108
3108
3108
3108
3858
3858
3858
3858
3858
3858
3858
3858
3858
3858
3858
3858
3858
3858
3858
3858
3858
3858
3858
3858
3858
3858
3858
3858
3858
3858
3858
3858
3858
3858
3858
3858
3858
3858
3858
3858
3858
3858
3858
3858
3858
3858
3858
3858
3858
3858
3858
3858
3858
3858
3858
3858
3858
3858
3858
3858
3858
3858
3858
3858
3858
3858
3858
3858
3858
3858
3858
3858
3858
3858
3858
3858
3858
3858
3858
3858
3858
3858
3858
3858
3858
3858
3858
3858
3858
3858
3858
3858
3858
3858
3858
3858
3858
3858
3858
3858
3858
3858
3858
3858
3858
3858
3858
3858
3858
3858
3858
3858
3858
3858
3858
3858
3858
3858
3858
3858
3858
3858
3858
3858
3858
3858
3858
3858
3858
3858
3858
3858
3858
3858
3858
3858
3858
3858
3858
3858
3858
3858
3858
3858
3858
3858
3858
3858
3858
3858
3858
3858
3858
3858
3858
3858
3858
3858
3858
3858
3858
3858
3858
3858
3858
3858
3858
3858
3858
3858
3858
3858
3858
3858
3858
3858
3858
3858
3858
3858
3858
3858
3858
3858
3858
3858
3858
3858
3858
3858
3858
3858
3858
3858
3858
3858
3858
3858
3858
3858
3858
3858
3858
3858
3858
3858
3858
3858
3858
3858
3858
3858
3858
3858
3858
3858
3858
3858
3858
3858
3858
3858
3858
3858
3858
3858
3858
3858
3858
3858
3858
3858
3858
3858
3858
3858
3858
3858
3858
3858
3858
3858
3858
3858
3858
3858
3858
3858
3858
3858
3858
3858
3858
3858
3858
3858
3858
3858
3858
3858
3858
3858
3858
3858
3858
3858
3858
3858
3858
3858
3858
3858
3858
3858
3858
3858
3858
3858
3858
3858
3858
3858
3858
3858
3858
3858
3858
3858
3858
3858
3858
3858
3858
3858
3858
3858
3858
3858
3858
3858
3858
3858
3858
3858
3858
3858
3858
3858
3858
3858
3858
3858
3858
3858
3858
3858
3858
3858
3858
3858
3858
3858
3858
3858
3858
3858
3858
3858
3858
3858
3858
3858
3858
3858
3858
3858
3108
3824
3982
3495
3495
4008
4008
3904
4054
3647
3750
3901
3526
3997
4042
3526
3750
3893
3750
4072
3526
3901
3901
3880
3737
3437
4008
3486
3950
3690
3782
3750
4088
3268
3987
4039
3674
3690
3891
4061
4079
3704
3891
3887
3526
3987
4061
3952
3966
3901
3782
3824
3987
3725
3893
4054
3526
3891
3750
3891
3824
3891
3782
3858
4054
3750
3858
3893
3893
4061
3858
3893
4061
3782
3893
3891
4072
3108
3858
3108
3725
3108
3858
3858
3750
4061
3108
3891
3750
4061
3858
3782
4061
3935
4052
3950
3704
3824
3839
3901
3824
3698
3698
3987
3698
3901
3690
3824
3891
3933
4079
3966
3901
3335
3839
4008
4054
3893
3940
3869
4042
3869
4039
4088
3933
3950
3951
3950
3891
4039
3869
4039
4054
3782
3782
3891
3893
4072
4054
3904
4088
3858
3750
4061
4039
4061
3891
4061
3108
3987
4061
3966
3858
3858
3108
4061
4061
3108
4061
4061
3108
3782
3891
3782
3108
3893
4061
3108
3880
3858
3725
3893
3108
3891
3891
3108
3893
3893
3858
3858
4009
3782
3942
3893
4008
3698
3893
4008
3727
3673
3750
4008
3526
3526
4042
3987
4088
4072
4042
3901
3704
3750
3904
4054
4094
3782
3893
3268
3268
4072
3672
3901
3325
4079
3966
3966
4079
3674
3690
3893
3782
4079
3486
3987
4079
3924
3987
4079
3893
3966
3750
3782
3893
3891
3987
3824
3987
4072
3891
3750
3893
3966
4061
3893
3750
3750
3750
3824
3750
4061
4061
3893
3750
4061
4061
3108
3893
3108
3893
3893
3893
3108
3891
4061
3108
3891
4061
3893
3725
3893
3904
3296
4072
3880
3804
3891
3777
4008
3987
3891
4072
3880
3997
3987
3987
3824
3950
3891
3782
3782
4042
4088
3966
3725
4072
4042
3782
3782
3987
3893
3880
3858
3750
3987
3858
4008
3782
4072
3750
3904
3750
4061
4072
3750
3108
3858
3893
3858
3893
4061
4061
3904
3891
4072
4072
4061
4061
4061
3893
3108
4009
3108
3725
3858
3893
3725
3108
3725
3108
3639
3530
3804
4042
3268
3467
3810
3887
3942
3704
3778
4008
3924
3893
3843
3824
4030
3904
3259
4054
9222
4769
4769
4769
4837
4837
4837
4769
4837
4769
4837
4769
4769
4769
4769
4769
4769
4769
4769
4769
4769
4769
4769
4769
4769
4769
4769
4769
4769
4769
4769
4769
4769
4769
4769
4769
4769
4769
4769
4769
4769
4769
4769
4769
4769
4769
4769
4769
4769
4769
4769
4769
4769
4769
4769
4769
4769
4769
4769
4769
4769
4311
4311
4311
4311
4311
4311
4311
4311
4311
4311
4311
4311
4311
4311
4311
4311
4311
4311
4311
4311
4311
4311
4311
4311
4311
4311
4311
4311
4311
4311
4311
4311
4311
4311
4311
4311
4311
4311
4311
4311
4311
4311
4311
4311
4311
4311
4311
4311
4311
4311
4311
4311
4311
4311
4311
4311
4311
4311
4311
4311
4311
4311
4311
4311
4311
4311
4311
4311
4311
4311
4311
4311
4311
4311
4311
4311
4311
4311
4311
4311
4311
4311
4311
4311
4311
4311
4311
4311
4311
4311
4311
4311
4311
4311
4311
4311
4311
4311
4311
4311
4311
4311
4311
4311
4311
4311
4311
4311
4311
4311
4311
4311
4311
4311
4311
4311
4311
4311
4311
4311
4311
4311
4311
4311
4311
4311
4311
4311
4311
4311
4311
4311
4311
4311
4311
4311
4311
4311
4311
4311
4311
4311
4311
4311
4311
4311
4311
4311
4311
4311
4311
4311
4311
4311
4311
4311
4311
4311
4311
4311
4311
4311
4311
4311
4311
4311
4311
4311
4311
4311
4311
4311
4311
4311
4311
4311
4311
4311
4311
4311
4311
4311
4311
4311
4311
4311
4311
4311
4311
4311
4311
4311
4311
4311
4311
4311
4311
4311
4311
4311
4311
4311
4311
4311
4311
4311
4311
4311
4769
4769
4769
4769
4769
4769
4769
4769
4769
4769
4769
4769
4769
4769
4769
4769
4769
4769
4769
4769
4769
4769
4769
4769
4769
4769
4769
4769
4769
4769
4769
4769
4769
4769
4769
4769
4769
4769
4769
4769
4769
4769
4769
4769
4769
4769
4769
4769
4769
4769
4769
4769
4769
4769
4769
4769
4769
4769
4769
4769
4769
4769
4769
4769
4769
4769
4769
4769
4769
4769
4769
4769
4769
4769
4769
4769
4769
4769
4769
4769
4769
4769
4769
4769
4769
4769
4769
4769
4769
4769
4769
4769
4769
4769
4769
4769
4769
4769
4769
4769
4769
4769
4769
4769
4769
4769
4769
4769
4769
4769
4769
4769
4769
4769
4769
4769
4769
4769
4769
4769
4769
4769
4769
4769
4170
5052
5012
5052
5052
5114
5118
5015
5110
4747
5052
5052
5012
5118
4926
5118
5052
4889
5012
5114
4170
4962
4934
4962
5037
4747
4379
4810
5114
4934
4862
4934
4601
5052
4311
4889
5012
5114
4962
4747
4934
4460
4934
4830
5118
4384
5058
4889
4955
4934
4926
5058
5114
5052
4170
5052
4934
5015
5052
4934
5052
4889
4170
5052
5015
4311
5015
4934
4769
5118
5052
5118
5118
5015
4962
4962
5114
5114
4837
4837
5114
5052
4962
5052
5114
4837
5114
5114
5114
4311
4837
4934
4311
4747
4934
5090
4150
4384
5110
4460
4985
4926
5052
5059
4955
4747
4889
5058
4934
4810
4589
4955
4654
5110
5015
5052
4615
5118
4615
5114
4860
5110
5114
5052
4384
4934
5058
4484
4170
5114
5118
5015
4889
5118
5118
4170
5012
4962
5015
5052
4926
5114
5118
5015
4934
5118
5012
5015
4769
4962
5052
4837
4962
4934
5114
5118
5118
4962
4837
5114
4769
4962
4962
4769
4962
5052
5052
5118
4170
4837
5114
4962
4962
4837
4837
4837
5015
5052
4837
4837
5118
4962
5110
4460
4934
5110
5058
4132
4889
5118
5058
4170
4950
4889
5052
5012
4934
5052
4962
4170
4955
5114
5114
5058
4601
5052
4955
4589
4678
4601
4889
5118
5058
5118
5058
4625
4132
4170
5114
5090
5052
4201
5058
5015
4977
4926
4747
5058
4962
4955
4132
5114
5118
4962
5114
4962
4983
5052
5052
4311
5015
4955
4769
4962
4311
4170
4934
4170
4934
5015
5052
5114
5114
4934
4962
4962
4962
5052
5114
4837
4837
4962
4837
4962
4962
4837
4311
5052
5114
4837
5115
5095
5110
4175
4839
5037
4810
5118
5015
4905
5012
4810
5118
5114
4384
5114
4962
4460
4889
4197
4170
4934
5052
5114
5118
4889
5114
5110
4934
4934
5110
5052
5015
5110
4962
4889
5110
5052
5118
5052
4934
5114
4962
5118
5114
4962
4962
4934
5015
5118
5114
4962
5114
4837
4837
5118
5052
5118
4962
4769
5114
4962
4837
5015
4934
4962
4837
4837
4962
4770
4150
4625
4625
4643
4170
4905
4985
4955
4170
4862
4589
4150
5058
4934
4170
5052
4955
5114
4132
9223
5648
5742
5742
5742
5568
5568
5742
5568
5742
5568
5742
5742
5742
5742
5742
5742
5742
5742
5742
5742
5742
5742
5742
5742
5742
5742
5742
5742
5742
5742
5742
5742
5742
5742
5742
5742
5742
5742
5742
5742
5742
5742
5742
5742
5742
5742
5742
5742
5742
5742
5742
5742
5742
5742
5742
5742
5742
5742
5742
5742
5568
5568
5568
5568
5568
5568
5568
5568
5568
5568
5568
5568
5568
5568
5568
5568
5568
5568
5568
5568
5568
5568
5568
5568
5568
5568
5568
5568
5568
5568
5568
5568
5568
5568
5568
5568
5568
5568
5568
5568
5568
5568
5568
5568
5568
5568
5568
5568
5568
5568
5568
5568
5568
5568
5568
5568
5568
5568
5568
5568
5568
5568
5568
5568
5568
5568
5568
5568
5568
5568
5568
5568
5568
5568
5568
5568
5568
5568
5568
5568
5568
5568
5568
5568
5568
5568
5568
5568
5568
5568
5568
5568
5568
5568
5568
5568
5568
5568
5568
5568
5568
5568
5568
5568
5568
5568
5568
5568
5568
5568
5568
5568
5568
5568
5568
5568
5568
5568
5568
5568
5568
5568
5568
5568
5568
5568
5568
5568
5568
5568
5568
5568
5568
5568
5568
5568
5568
5568
5568
5568
5568
5568
5568
5568
5568
5568
5568
5568
5568
5568
5568
5568
5568
5568
5568
5568
5568
5568
5568
5568
5568
5568
5568
5568
5568
5568
5568
5568
5568
5568
5568
5568
5568
5568
5568
5568
5568
5568
5568
5568
5568
5568
5568
5568
5568
5568
5568
5568
5568
5568
5568
5568
5568
5568
5568
5568
5568
5568
5568
5568
5568
5568
5568
5568
5568
5568
5568
5568
5742
5742
5742
5742
5742
5742
5742
5742
5742
5742
5742
5742
5742
5742
5742
5742
5742
5742
5742
5742
5742
5742
5742
5742
5742
5742
5742
5742
5742
5742
5742
5742
5742
5742
5742
5742
5742
5742
5742
5742
5742
5742
5742
5742
5742
5742
5742
5742
5742
5742
5742
5742
5742
5742
5742
5742
5742
5742
5742
5742
5742
5742
5742
5742
5742
5742
5742
5742
5742
5742
5742
5742
5742
5742
5742
5742
5742
5742
5742
5742
5742
5742
5742
5742
5742
5742
5742
5742
5742
5742
5742
5742
5742
5742
5742
5742
5742
5742
5742
5742
5742
5742
5742
5742
5742
5742
5742
5742
5742
5742
5742
5742
5742
5742
5742
5742
5742
5742
5742
5742
5742
5742
5742
5742
6002
5527
6127
5209
5209
5742
5924
5924
5577
5495
5574
5924
5495
6127
5568
5495
5742
5982
5495
5924
5159
5742
6103
6110
6020
5533
5533
5800
5231
6020
6005
6020
5766
6109
6020
6048
5310
5220
5726
6005
5832
5495
5832
5310
5726
5495
6127
5982
5495
6002
6020
5766
6002
5742
5766
5310
6020
5982
5766
5726
5574
6048
6002
5310
5231
5982
5648
5832
5982
5982
5742
5982
5766
5924
5924
5742
5924
5648
5742
5310
5742
5648
5568
5495
5495
5568
5648
5310
5495
5766
5742
5766
5568
5772
5824
5457
5142
6089
6050
5805
5220
5726
6109
6048
6020
5231
6005
6110
5832
6002
6110
5816
5805
6048
5726
5832
6020
6050
5495
6048
5574
5726
5832
6109
6103
5495
5495
5648
6050
5832
5832
5982
5832
5310
5982
6048
5832
5982
5495
5982
5310
5982
5726
5832
5209
5495
6002
5742
5982
5742
5495
5310
5568
5766
6002
5982
5982
6103
5742
5766
5310
5310
5742
5924
5568
5568
5742
5568
6002
5568
5568
5742
5310
5742
5568
5568
5648
5568
5568
5568
5982
6097
5982
5495
5533
5231
5310
5495
5310
5456
5495
5495
5982
6002
5766
5568
6020
6103
5527
6110
5310
5766
5495
6004
5657
5657
5657
6127
6089
6002
6005
5832
6005
5832
6020
6050
5495
5310
6020
5231
6005
5924
6024
5832
5832
5231
5310
5209
5310
5310
6048
6103
5742
5310
6103
5495
5832
6103
5766
6048
5231
5766
6048
5726
5832
5742
5832
6110
5742
5982
5832
5495
6002
5742
5495
5742
6002
5742
5495
5742
5568
5742
5832
5648
5742
5568
5568
5568
5310
5568
6005
5123
5391
5772
5766
6059
5480
5772
5495
5391
6002
5766
6020
5856
6002
6050
6002
6005
6103
6103
6050
5310
5310
6002
5495
5527
5766
5310
5495
5832
5924
5726
5495
5832
5924
5742
6002
5742
5832
6103
5527
5527
5742
5495
5568
5495
5924
5832
5924
5766
5527
5568
5924
5924
5742
5766
5527
5495
5568
5924
5568
5742
5310
5310
5568
6002
5832
5766
5924
6059
6083
5772
5805
5908
5251
5805
5644
5805
5473
5657
5310
5533
5310
5179
5982
5517
6110
6097
6020
9224
7155
7130
7130
7130
7025
7083
7130
7083
7130
7083
7130
7130
7130
7130
7130
7130
7130
7130
7130
7130
7130
7130
7130
7130
7130
7130
7130
7130
7130
7130
7130
7130
7130
7130
7130
7130
7130
7130
7130
7130
7130
7130
7130
7130
7130
7130
7130
7130
7130
7130
7130
7130
7130
7130
7130
7130
7130
7130
7130
7130
7130
7130
7130
7130
7130
7130
7130
7130
7130
7130
7130
7130
7130
7130
7130
7130
7130
7130
7130
7130
7130
7130
7130
7130
7130
7130
7130
7130
7130
7130
7130
7130
7130
7130
7130
7130
7130
7130
7130
7130
7130
7130
7130
7130
7130
7130
7130
7130
7130
7130
7130
7130
7130
7130
7130
7130
7130
7130
7130
7130
7130
7130
7130
7130
7130
7130
7130
7130
7130
7130
7130
7130
7130
7130
7130
7130
7130
7130
7130
7130
7130
7130
7130
7130
7130
7130
7130
7130
7130
7130
7130
7130
7130
7130
7130
7130
7130
7130
7130
7130
7130
7130
7130
7130
7130
7130
7130
7130
7130
7130
7130
7130
7130
7130
7130
7130
7130
7130
7130
7130
7130
7130
7130
7130
7130
7130
7130
7130
7130
7130
7130
7130
7130
7130
7130
7130
7130
7130
7130
7130
7130
7130
7130
7130
7130
7130
7130
7130
7130
7130
7130
7130
7130
7130
7130
7130
7130
7130
7130
7130
7130
7130
7130
7130
7130
7130
7130
7130
7130
7130
7130
7130
7130
7130
7130
7130
7130
7130
7130
7130
7130
7130
7130
7130
7130
7130
7130
7130
7130
7130
7130
7130
7130
7130
7130
7130
7130
7130
7130
7130
7130
7130
7130
7130
7130
7130
7130
7130
7130
7130
7130
7130
7130
7130
7130
7130
7130
7130
7130
7130
7130
7130
7130
7130
7130
7130
7130
7130
7130
7130
7130
7130
7130
7130
7130
7130
7130
7130
7130
7130
7130
7130
7130
7130
7130
7130
7130
7130
7130
7130
7130
7130
7130
7130
7130
7130
7130
7130
7130
7130
7130
7130
7130
7130
7130
7130
7130
7130
7130
7130
7130
7130
7130
7130
7130
7130
7130
7130
7130
7130
7130
7130
7130
7130
7130
7130
7130
7130
7130
7130
7130
7130
7130
7130
7130
7130
7130
7130
7130
7130
7130
7130
7130
7130
7130
7130
7130
7130
7130
7130
7130
7130
7130
7130
7130
7130
7130
7130
7130
7130
7130
7130
7130
7130
7130
7130
7130
7130
7130
7130
7130
7130
7073
6628
6154
6579
6776
6776
7047
7149
6827
6556
6649
7025
6776
7149
6995
6185
6556
6556
6556
7073
6845
6579
6827
6845
6907
6705
6165
7007
6827
7047
6776
7155
6160
6638
7090
6776
6776
6556
6556
6284
6185
7126
6845
7126
7126
7073
6284
7025
6556
7029
6185
6845
6845
6827
6579
7025
6185
6827
6556
7073
6556
7073
7073
7083
6579
7047
7025
6827
6579
6827
7155
6284
7025
6185
6185
7155
7155
6185
7155
7025
6579
7083
7083
7083
7025
7083
7083
7130
7025
7083
7083
7025
7083
7073
6512
6969
6320
6958
6574
7073
6574
6970
6776
7047
6845
6556
6776
6845
6845
7064
7166
6845
7025
7029
6574
6995
7119
6154
6855
6776
7149
7007
6705
6951
7155
6776
7139
6185
6284
6154
7047
7073
6284
7047
7073
7130
7083
7073
6845
7130
7025
6776
7029
7155
6556
6579
7047
6776
6579
7130
6776
6185
6776
7073
7025
6579
6776
6284
6185
6185
6776
7025
6827
7130
6579
7025
6556
7083
6845
6776
6185
7130
7083
7083
6827
6185
7025
7083
7083
7083
7130
6631
6284
6556
6845
6776
6845
6776
6556
6437
6845
6185
6478
6556
6579
7119
6284
7155
7083
6185
7155
7073
7155
6380
7047
6556
6249
7130
7047
6605
6776
6556
7073
6907
7073
6163
6185
7139
6843
7047
6827
7029
6776
6574
7149
6995
7047
7047
6827
7047
6579
6185
6579
6556
7126
6776
7149
6556
7073
6827
6995
6556
6154
7029
7073
6579
6776
7025
7025
7130
6579
7083
7073
6185
6185
7130
7083
7025
6185
6827
7083
7155
7130
7083
6185
7155
7083
7083
6579
7130
6185
7047
6827
6776
7155
7149
7055
7072
7029
6154
6845
6848
7047
6907
7139
6556
6556
6160
6556
6776
7083
6845
6556
6556
6579
6827
6776
7047
6845
7073
6845
7155
7083
6776
7155
6185
7149
7155
6776
7073
6776
6845
6776
6776
6579
6579
7130
6827
7130
6579
6579
7073
6995
6579
6284
7083
6776
7025
6185
6185
6827
7025
7155
6185
6284
6776
7155
7130
7130
6958
6912
6585
6480
6778
6290
7126
6848
7119
7155
6238
7155
7064
6969
6631
6845
6922
6922
6776
6322
9225
8170
8170
8170
8170
7738
7738
8170
7738
8170
7738
8068
8170
8170
8170
8170
8170
7738
7738
7738
7738
7738
7738
7738
7738
7738
7738
7738
7738
7738
7738
7738
7738
7738
7738
7738
7738
7738
7738
7738
7738
7738
7738
7738
7738
7738
7738
8170
8170
8170
8170
8170
8170
8170
8170
8170
8170
8170
8170
8170
8170
8170
8170
8170
8170
8170
8170
8170
8170
8170
8170
8170
8170
8170
8170
8170
8170
8170
8170
8170
8170
8170
8170
8170
8170
8170
8170
8170
8170
8170
8170
8170
8170
8170
8170
8170
8170
8170
8170
8170
8170
8170
8170
8170
8170
8170
8170
8170
8170
8170
8170
8170
8170
8170
8170
8170
8170
8170
8170
8170
8170
8170
8170
8170
8170
8170
8170
8170
8170
8170
8170
8170
8170
8170
8170
8170
8170
8170
8170
8170
8170
8170
8170
8170
8170
8170
8170
8170
8170
8170
8170
8170
8170
8170
8170
8170
8170
8170
8170
8170
8170
8170
8170
8170
8170
8170
8170
8170
8170
8170
8170
8170
8170
8170
8170
8170
8170
8170
8170
8170
8170
8170
8170
8170
8170
8170
8170
8170
8170
8170
8170
8170
8170
8170
8170
8170
8170
8170
8170
8170
8170
8170
8170
8170
8170
8170
8170
8170
8170
8170
8170
8170
8170
8170
8170
8170
8170
8170
8170
8170
8170
8170
8170
8170
8170
8170
8170
8170
8170
8170
8170
8170
8170
8170
8170
8170
8170
8170
8170
8170
8170
8170
8170
8170
8170
8170
8170
8170
8170
8170
8170
8170
8170
8170
8170
8170
8170
8170
8170
8170
8170
8170
8170
8170
8170
8170
8170
8170
8170
8068
8068
8068
8068
8068
8068
8068
8068
8068
8068
8068
8068
8068
8068
8068
8068
8068
8068
8068
8068
8068
8068
8068
8068
8068
8068
8068
8068
8068
8068
8068
8068
8068
8068
8068
8068
8068
8068
8068
8068
8068
8068
8068
8068
8068
8068
8068
8068
8068
8068
8068
8068
8068
8068
8068
8068
8068
8068
8068
8068
8068
8068
8068
8068
8068
8068
8068
8068
8068
8068
8068
8068
8068
8068
8068
8068
8068
8068
8068
8068
8068
8068
8068
8068
8068
8068
8068
8068
8068
8068
8068
8068
8068
8068
8068
8068
8068
8068
8068
8068
8068
8068
8068
8068
8068
8068
8068
8068
8068
8068
8068
8068
8068
8068
8068
8068
8068
8068
8068
8068
8068
8068
8068
8068
7738
7796
8028
7950
7940
7730
7730
7932
8039
7653
7932
8028
7533
7950
7950
7653
8028
7730
7916
8021
8145
8021
7932
8145
7532
8002
7411
7718
8164
7533
7459
7730
8145
8021
7940
7815
7916
7612
7950
7916
7459
8145
8145
8028
8021
7653
8183
8028
7923
7916
7916
8145
8021
8028
8068
8170
7916
7923
7738
8021
8021
8170
8002
8068
8021
7459
7653
7738
8076
7940
8170
8145
8068
7738
7738
8068
8170
8068
8028
8068
8170
8170
8021
8183
7730
8068
8170
8170
8170
8068
7730
8068
8068
7911
7337
7671
7923
7828
7916
7459
7911
7326
7574
8028
8145
7653
8028
7715
8145
7950
8145
7923
7932
7718
8183
7954
8145
8145
7533
7209
8055
8183
7730
8021
7940
7916
7730
8183
7916
7653
8145
7653
8145
8145
8145
7916
8145
8021
7738
8145
7653
8145
8076
8145
7916
8145
7696
8068
8028
7738
8021
8170
7738
8170
7730
7738
8145
7696
8068
8068
7653
7730
7730
7950
8021
7653
7738
7730
8002
8170
8021
8068
7738
8170
8170
7653
7730
8068
8170
8170
7940
7646
7293
7796
8145
7916
7730
7730
8028
8021
7730
8145
7950
7940
7940
7932
7954
7738
7738
8145
7730
7923
8021
7632
8002
7950
7646
7574
7695
8183
8021
7916
7533
7510
7653
7796
7916
7932
7653
7715
7916
7950
7459
8076
8183
8028
7653
8076
7916
8076
7923
8068
8021
7923
7916
8021
7950
8028
7950
8002
8028
8028
7730
8076
8145
8170
7730
7696
7738
7738
7940
8170
7738
8068
8068
8170
7730
8068
7730
8170
8021
8170
7738
8068
7738
7738
8068
8068
8068
8068
8028
7574
7411
7940
7916
7574
8028
8145
7574
7911
8183
8002
7923
7653
8021
7923
8183
8162
8028
7923
7653
7940
8145
7932
7932
7653
7653
8028
8145
7730
7653
8145
7738
7738
8068
8028
8021
8170
7730
7940
8021
7459
8021
7916
7653
8170
7916
8170
7940
8068
7459
7950
7932
8068
8021
7916
8021
8028
7738
7950
7940
7730
8170
8028
7738
8021
7738
8021
7940
8127
7202
7694
7646
7715
7948
8028
8174
7653
7632
8076
7559
8162
8164
7730
7916
8002
8076
8028
7916
9226
9140
9167
9140
9140
8710
9167
9167
9140
9167
9140
9167
9167
9167
9167
9140
9140
9140
9140
9140
9140
9140
9140
9140
9140
9140
9140
9140
9140
9140
9140
9140
9140
9140
9140
9140
9140
9140
9140
9140
9140
9140
9140
9140
9140
9140
9140
9167
9167
9167
9167
9167
9167
9167
9167
9167
9167
9167
9167
9140
9140
9167
9167
9167
9167
9167
9167
9167
9167
9167
9167
9167
9167
9167
9167
9167
9167
9167
9167
9167
9167
9167
9167
9167
9167
9167
9167
9167
8710
8710
8710
8710
8710
8710
8710
8710
8710
8710
8710
8710
8710
8710
8710
8710
8710
8710
8710
8710
8710
8710
8710
8710
8710
8710
8710
8710
8710
8710
8710
8710
8710
8710
8710
8710
8710
8710
8710
8710
8710
8710
8710
8710
8710
8710
8710
8710
8710
8710
8710
8710
8710
8710
8710
8710
8710
8710
8710
8710
8710
8710
8710
8710
8710
8710
8710
8710
8710
8710
8710
8710
8710
8710
8710
8710
8710
8710
8710
8710
8710
8710
8710
8710
8710
8710
8710
8710
8710
8710
8710
8710
8710
8710
8710
8710
8710
8710
8710
8710
8710
8710
8710
8710
8710
8710
8710
8710
8710
8710
8710
8710
8710
8710
8710
8710
8710
8710
8710
8710
8710
8710
8710
8710
8710
8710
8710
8710
8710
8710
8710
8710
8710
8710
8710
8710
8710
8710
8710
8710
8710
8710
8710
8710
8710
8710
8710
8710
8710
8710
8710
8710
8710
8710
8710
8710
8710
8710
8710
8710
8710
8710
8710
8710
8710
8710
8710
8710
8710
8710
8710
8710
8710
8710
8710
8710
8710
8710
8710
8710
8710
8710
8710
8710
8710
8710
8710
8710
8710
8710
8710
8710
8710
8710
8710
8710
8710
8710
8710
8710
8710
8710
8710
8710
8710
8710
8710
8710
8710
8710
8710
8710
8710
8710
8710
8710
8710
8710
8710
8710
8710
8710
8710
8710
8710
8710
8710
8710
8710
8710
8710
8710
8710
8710
8710
8710
8710
8710
8710
8710
8710
8710
8710
8710
8710
8710
8710
8710
8710
8710
8710
8710
8710
8710
8710
8710
8710
8710
8710
8710
8710
8710
8710
8710
8710
8710
8710
8710
8710
8710
8710
8710
8710
8710
8710
8710
8710
8710
8710
8710
8710
8710
8710
8710
8710
8710
8710
8710
8710
8710
8710
8710
8710
8710
8710
8710
8710
8710
8710
8710
8710
8710
8710
8710
8710
9140
8726
9140
8667
8365
9123
8710
8365
8585
8365
9091
9211
8365
9181
8365
9181
8667
8893
9181
9140
9123
8429
8893
8667
8895
8204
8712
8893
8862
8893
8667
8664
9129
8575
8712
9020
8726
9123
9140
9204
8893
9123
8750
8726
8365
9204
8664
9010
8820
8820
9123
8893
8429
8667
9020
9020
8893
9140
8667
8820
8429
9181
8726
8750
8710
9140
8710
8893
9140
9091
9140
9140
8710
8710
9140
8710
9091
8710
8710
8710
9140
9167
8710
9140
9091
9140
9140
9167
9091
9167
9140
8710
8710
8738
8664
8901
8726
9020
9020
8893
9020
9211
8575
9020
8750
9139
9139
8893
9051
9051
8936
9139
8365
8726
8501
8750
8365
8514
9181
8936
9051
8514
9167
9010
9010
8893
9204
8820
8820
8726
8429
8893
9027
8429
9204
8710
9181
8820
8429
9010
8429
8893
8726
9211
8750
8893
8820
8710
8820
9140
8667
8893
9140
8710
9140
9140
8893
9167
8710
8820
9140
9091
9140
8710
9140
8667
9140
8893
8429
9181
9167
8710
9140
9140
8893
9167
9140
9140
8710
9167
9140
9211
8667
8892
8893
8667
8750
9204
8365
8820
9181
8667
9020
9211
8710
8710
9020
8893
9140
9167
9181
9140
9204
9037
8712
9211
8842
8750
9181
9020
8831
8365
8606
9020
8862
8820
8750
9010
8697
8429
8726
9020
8750
8892
8575
8365
8893
9211
9211
8892
8750
9129
9020
8710
8429
8710
9140
8667
9181
8820
8710
8585
8710
8750
9167
8820
9181
9091
8893
8667
9140
9140
9167
8667
9010
8893
8893
8710
9167
8893
9167
8710
9167
8893
8710
9167
9140
8365
9167
8710
8514
8862
8472
9020
8750
8862
9153
9020
8501
8650
8820
9123
9091
8365
8893
9204
8820
8750
8750
8750
8514
8726
8893
9020
8667
8820
8893
9091
8365
9181
8820
8710
8820
8429
9211
8667
9211
8893
9027
8893
8710
8429
9181
9167
9167
9091
8710
9181
8710
9167
8365
9010
9091
9167
9140
8893
9020
9010
9140
8893
8893
9140
9167
8710
9167
8667
9140
8710
8893
8372
8397
8650
9153
9211
9204
8664
8501
8790
9037
8499
8852
9037
8750
9010
9051
9181
8820
8365
8814