9217
9218
587
104
104
610
610
410
121
68
278
794
365
559
314
533
530
776
1007
837
410
121
121
68
278
365
958
199
199
672
672
672
672
839
410
852
121
68
278
448
95
295
986
251
62
251
62
251
251
121
68
278
448
522
95
295
986
490
498
490
490
490
490
296
68
278
794
273
522
95
295
986
490
498
490
570
296
68
455
794
448
95
295
986
490
498
490
490
852
852
121
68
278
448
522
743
986
295
62
251
62
251
121
296
68
1017
278
365
882
226
95
295
715
964
1011
121
68
455
278
794
958
307
307
1022
1022
1022
198
511
198
800
296
68
278
794
958
307
307
899
899
1022
198
1022
511
121
800
68
278
365
559
886
530
776
530
776
1007
410
410
296
68
794
365
559
559
619
619
86
86
86
86
982
410
121
68
278
365
958
199
199
199
672
672
672
410
410
121
68
278
794
958
559
1022
986
1022
986
1022
989
410
121
68
794
365
199
642
642
463
860
784
860
808
410
410
852
122
794
365
559
642
530
530
1022
776
1007
410
852
296
68
455
455
278
365
559
559
619
1022
86
86
86
410
852
121
455
794
365
559
559
619
548
86
86
86
86
852
852
121
455
794
365
559
619
619
619
86
86
86
410
121
296
68
794
365
559
559
619
619
548
86
86
86
410
121
68
37
278
365
191
886
767
670
670
566
670
670
824
233
296
68
714
794
191
191
642
767
767
670
237
670
852
613
190
17
455
665
388
836
886
670
966
670
233
296
68
68
455
278
365
559
886
670
670
59
670
670
144
852
852
852
296
17
794
365
559
886
670
670
670
670
670
824
852
190
68
278
365
559
886
836
670
670
670
670
670
824
852
296
68
278
365
191
886
836
966
670
670
456
296
296
68
17
794
191
140
767
767
767
767
670
670
670
852
296
68
455
794
191
886
133
886
670
670
670
670
852
190
296
455
794
191
559
559
619
619
385
86
86
852
852
296
296
68
278
365
958
743
199
672
672
672
672
410
121
121
121
455
278
448
307
307
307
833
899
899
899
410
121
68
455
794
365
559
559
533
530
776
1007
410
852
121
296
68
794
365
958
199
199
463
672
672
672
410
852
296
68
455
794
365
307
307
1022
198
899
198
511
198
852
819
120
365
559
559
619
619
619
86
86
59
86
852
852
121
794
365
170
9219
1924
1981
1155
1334
1628
1653
1928
1879
1252
1981
1252
1748
1252
1748
1331
1924
1924
1653
1515
1981
2023
1252
1924
1653
1653
1981
2023
1628
1252
1924
1653
1903
1496
1349
1815
1588
1188
1924
1694
1981
1155
1924
1334
1981
1924
1653
1981
1155
1924
1334
1981
1924
1334
1777
1903
1720
1334
1807
1903
1417
1903
1317
1589
1903
1903
1903
1417
1417
1417
1777
1777
1777
1349
1281
1701
1780
1394
1899
1334
1394
1394
1394
1394
1394
1394
1349
1777
1394
1394
1394
1394
1349
1523
1911
1252
1561
1637
1188
1903
1981
1777
1349
1076
1076
1076
1232
1628
1252
1456
1628
1394
1959
1349
1928
1858
1097
1291
1298
1317
1394
1394
1054
1394
1394
1394
1248
1628
1394
1394
1232
1723
1349
1349
1496
1499
1419
1801
1694
1777
1801
2046
1720
2046
1417
2046
2046
1349
1317
1349
1317
1903
1347
1903
1371
1281
1879
1879
1801
2015
1899
1653
1349
1694
1155
1928
1334
1899
1628
1748
1903
1155
1349
1252
1748
1803
1523
1057
1694
1594
1694
1835
1334
1417
1349
1394
1349
1694
1155
1903
1720
1317
1720
1317
1924
1981
1252
1659
1057
1780
1188
1331
2015
1155
1694
1835
1694
1835
1924
1349
1417
1349
1903
1807
1903
1807
1653
1981
1694
1188
1981
1981
1155
1924
1653
1181
1981
1981
1298
1924
1653
1515
1981
1981
1777
1777
1777
2046
1694
1780
1924
1331
1331
1331
1298
1298
1298
1298
1298
1298
1981
1981
1981
1981
1981
1188
1188
1181
1181
1181
1181
1155
1924
1748
1298
1924
1334
1981
1252
1653
1188
1155
1924
1334
1981
1924
1653
1981
1777
1347
1331
1924
1115
1115
1981
1298
1777
1394
1324
1181
1981
1628
1777
1924
1653
1903
1349
1097
1280
1981
1924
1181
1981
1155
1924
1334
1835
1924
1334
1981
1155
1653
1188
1155
1924
1334
1981
1801
1299
1404
1298
1995
1928
1181
1188
2023
1928
1924
1653
1371
1981
1298
1252
1924
1815
1349
1748
2043
1454
1803
1879
1993
1280
1188
1188
1981
1981
1924
1924
1924
1924
1653
1181
1981
1981
1981
2023
1456
2023
2023
1886
1181
1641
1181
1324
1324
1324
1924
1924
1924
1924
1924
1924
1298
1298
1298
1298
1298
1298
1298
1298
1807
1349
1331
1298
1298
1404
1188
1181
1181
1324
1924
1924
1298
1298
1981
1981
1181
1181
1653
1815
1759
1298
1298
1298
1298
1404
1981
1188
1188
1188
1181
1181
1181
1181
1181
1181
1181
1181
1324
1653
1653
1815
1324
1628
1694
1181
1324
1653
1653
1653
1181
1924
1628
1456
1653
1324
1252
1748
1115
1181
1924
1653
1924
1720
1694
1835
1780
1981
1924
1334
1155
1334
1155
1371
1298
2023
1981
1879
1298
1365
1701
1815
1924
1087
1188
1535
1694
1807
1232
1653
1981
1628
1924
2023
1981
1801
1417
1417
1879
1981
1456
1981
1690
1181
1324
1324
1653
1181
2023
1981
2023
1298
1298
1628
1924
1653
1324
1748
1181
1981
1981
1807
1299
1777
1300
1287
1298
1924
1653
1653
1188
1628
2023
1252
1924
1748
1334
2023
2023
1924
1252
1626
1349
1456
1561
1835
1924
1694
1981
2000
1924
1653
1981
1298
2000
1653
1981
1232
1252
1456
1723
1807
1097
1628
1456
1801
1759
1694
1188
1331
1995
1981
1155
1252
1181
1155
1454
1181
1700
1097
1959
1815
1349
1835
1801
1331
2015
1155
1694
1835
1924
1981
1924
1981
1252
1181
1252
2023
1928
1653
1252
1807
1076
1349
1777
1097
1331
2015
1155
1181
1924
1748
2023
2000
1653
1924
2023
2023
1181
1924
1755
1523
1981
2023
1748
1481
1181
1324
1924
1331
1298
1298
1981
1981
1181
1324
1324
1924
1298
1298
1298
1981
1181
1181
1653
1924
1653
1287
1192
1924
1188
1835
1924
1181
1981
1155
1924
1981
1155
1924
1334
1981
1155
1653
1981
1252
1981
1801
1759
1694
1594
1694
1835
1924
1188
1924
1334
1155
1334
1155
1653
1628
1911
1628
1928
2023
1903
1720
1780
1924
1653
1981
1981
2023
1252
1924
1653
1515
1981
1628
1252
1924
1653
1903
1347
1097
1764
1298
1924
1188
1835
1924
1181
1981
1155
1924
1981
1298
1924
1334
1981
1155
1694
1764
1924
1334
1777
1788
1835
1694
1835
1694
1981
1653
1777
1334
1155
1334
1155
1334
1155
1748
1252
1628
1903
1720
1298
1192
1981
1404
1981
1188
1981
1188
1181
1181
1181
1181
1181
1181
1324
1324
1324
1324
1324
1815
1815
1317
1331
1924
1155
9220
2863
2889
2694
2478
2411
2928
2411
2976
2985
2694
2097
2907
2411
2907
3050
2746
2097
2818
2801
2813
2314
2788
2813
2314
2869
2694
2314
2788
2097
2694
2907
2907
2907
2628
2276
3069
2484
2411
2949
2789
2788
2789
2350
2883
2788
2619
2907
2694
2889
2869
2411
2789
3050
2411
2091
2788
2628
3000
2421
2815
2330
2544
2996
2628
2628
2986
2628
2628
2628
2628
3008
3008
2552
2944
2979
2628
3055
2792
2330
2097
2748
2411
2813
2813
2452
2976
2979
2411
2813
2619
2889
2976
2748
2921
2694
2091
2680
2910
2920
2330
2276
2767
2411
2314
2789
2985
3012
2419
2976
2976
2649
2619
2628
2944
2942
2091
2628
2628
2928
2883
2844
2642
2722
2813
2817
2976
2762
2346
2722
2619
2531
2928
2628
2411
2907
2985
2628
2628
2628
2238
3008
2680
2937
2411
2996
2714
2672
2996
3008
2694
2314
2889
2800
2777
3008
2985
2564
2365
2801
2979
2907
2123
2985
2976
2748
2694
2928
2883
2976
2985
2123
2936
2936
2411
2985
2091
2638
2889
3032
2889
2411
2976
2411
2869
2619
2883
2976
2330
2889
2694
2694
2608
2905
2276
2694
2091
2264
2967
2680
2330
2717
2252
2883
2740
2989
2276
2276
2330
2330
3069
2330
2330
2910
2889
2979
2619
2544
2628
2869
2907
2788
2788
2350
2350
2694
2976
2097
2411
2788
2985
2350
2976
2694
2628
3069
2889
2091
2452
2972
2097
2343
2815
2484
2097
2788
2788
2907
2907
2907
2788
2818
2119
2119
2869
2544
2552
2788
2628
2628
2907
2976
2147
2350
2976
2097
2694
2788
2883
2985
2694
2788
2694
2642
2694
2788
2619
2411
2985
2097
2411
2619
2889
2869
2314
2445
2985
2985
3032
2788
3032
2883
2097
2976
2330
3055
2813
2129
3032
2907
2411
2535
2350
2165
2248
2907
2746
2091
2350
2907
2091
2619
2694
2956
2985
2350
2907
2411
2889
2484
2097
2985
2314
2889
2801
2097
2925
2097
2314
2869
2976
2907
3008
2694
2694
2869
2907
2788
2350
2813
2889
2252
2680
2869
2407
2800
2630
2788
2097
2985
3008
2119
2544
2889
2800
2788
2097
2788
2478
2411
2801
2910
2956
2949
2889
2694
2985
2350
2985
2985
2097
2788
2746
2126
2989
2985
2411
2411
2411
2592
2907
2097
2691
3063
2857
2907
2694
2694
2907
2350
2791
2350
2097
2985
2788
2788
2869
2592
3069
2986
2628
2996
2883
2097
2883
2907
2968
2788
2694
2694
2694
2907
2961
2961
2961
2961
2985
2985
2985
2694
2350
2350
2628
2619
2972
3069
2484
2619
2411
2889
2800
2985
2350
2961
2619
2907
2771
2350
2248
2936
2989
2949
2694
2985
2989
2054
2907
2694
2135
2097
2907
2097
2920
2788
2889
2907
2788
2694
2735
2478
2839
2129
2508
2508
3069
2091
2508
2949
3041
2976
2789
2889
3063
2608
2564
2694
2854
2628
2869
2735
2694
2990
2694
2276
2989
2789
3000
2869
2119
2771
2119
2907
2119
2989
2097
2818
2942
2552
2564
2694
3069
2968
2592
2628
2748
2788
2741
2411
2788
2608
2869
2694
2907
2097
2818
2350
2985
2642
2907
2411
2746
2889
2700
2907
3050
2628
2996
2672
2552
2990
2608
2788
2119
2350
2801
2968
2800
3069
2968
2097
3012
2801
2694
2628
2091
2889
2484
2097
2478
2979
2694
2889
2860
2694
2608
2907
2694
2985
2694
3042
2788
2350
3041
2788
2989
2996
2325
2869
2883
2620
2484
2771
2907
2985
2135
2788
2694
2097
2119
2325
2119
2788
2091
2813
2232
2628
2649
2628
2484
2439
2889
2411
2135
2619
2801
2619
2484
2889
2411
2694
2694
2545
2148
3050
2694
2907
2628
2883
2619
3012
2694
2135
2788
2788
2869
2694
2801
2694
2694
2989
2694
2907
2472
2434
2989
2350
2694
2165
2680
2949
2788
3069
2956
2694
2889
2907
2694
2147
2889
2788
2985
2649
2789
2165
2619
2452
2619
2628
2545
2996
2274
3032
2985
2907
2985
2484
2411
2869
2694
2649
2694
2619
2976
2429
2976
2985
2694
2592
2989
2746
2889
2800
2813
2788
2925
2813
2694
2925
2869
2694
2788
2800
2694
2925
2649
2813
2890
2148
2883
2789
2889
2694
2985
3069
3008
2789
2889
2869
2411
2789
2350
2789
2985
2694
3009
2910
2694
2829
2628
2990
3059
2907
2694
2883
2976
2162
2976
2097
2869
2985
2907
3069
2800
2976
2907
2889
2788
2889
2801
2788
2484
2788
2577
2869
2801
2956
2889
2694
2694
2694
2985
2552
2694
2694
2694
2694
2985
2091
2484
2411
2889
2350
9221
3704
3440
3929
3530
3335
3880
4008
3904
3335
3725
3893
3950
4036
4088
3893
3942
3950
3966
3725
3987
3891
4072
3824
3526
4072
3880
3891
3782
3928
4054
3725
3893
3987
3096
3782
3976
3976
3891
3690
3893
3690
3782
3893
3674
3690
3674
3690
3674
3690
3674
3704
3777
3891
3777
3313
3800
3261
3552
3976
3976
4033
3503
3284
4094
4094
3778
3782
3782
3782
3843
3777
3542
3542
4009
3849
3256
3764
3940
3928
3727
3935
3868
3782
3987
3900
3698
3810
4004
3928
4008
3925
4022
3327
3951
3935
3526
3705
3335
3935
3747
3500
3893
3782
3526
3747
4054
4094
3951
3111
3710
4072
3876
3935
3777
3901
4008
3702
3383
4000
3966
3982
3900
3933
3478
3904
4022
3111
4008
3437
3530
3644
3257
3403
3552
3891
3653
3552
3576
3868
3603
3542
3778
3804
3182
3843
3352
3674
3952
3952
3869
3777
3600
3284
3500
3987
4087
3674
3674
3982
3715
3929
3727
3909
3929
3987
3810
3891
3530
3690
3929
3824
3891
3647
4039
3777
3653
3822
3940
3704
3521
3943
3782
3909
3690
3674
3437
3778
3437
3698
3623
3929
3261
3891
3782
3437
4009
3725
3455
3454
3727
3697
3261
3970
3891
3777
3869
3933
3777
3891
3095
3891
3880
3976
4072
3893
3804
3804
3296
4008
3951
3530
3674
3925
3966
3585
3623
3824
3824
3824
3335
3893
3530
3725
3284
3777
3724
3083
3406
3891
3940
4079
3950
3388
3690
3887
3764
3933
4039
4039
3950
3891
4042
4042
4039
4008
3824
3976
3869
3880
3933
3824
3634
3690
3893
3690
4072
3690
3870
3690
3268
3690
4061
3690
3843
3690
3747
4008
3653
3824
3585
3970
3950
4004
4094
3824
3804
3237
4042
3901
3929
3966
3782
3824
4072
3893
3891
3868
3268
4088
3940
4054
3940
3498
3940
3965
3940
3782
3824
3674
3802
3965
3940
3690
3965
3893
3940
3704
3600
3778
3869
3824
3965
3437
3495
3893
3965
3782
3880
4072
3987
3929
3891
3810
3777
3782
3782
3987
3824
3893
3893
3623
3804
4033
4087
3933
3542
3937
3950
3933
3880
3901
3335
3843
3950
3778
3335
3869
3952
3824
4053
3307
3698
3933
4039
3893
3530
4072
3526
3674
3690
3690
3725
3725
3526
3674
3690
3950
3869
3891
3725
3783
4094
3307
3585
3982
3893
4079
3750
3108
3824
3747
3891
3268
4054
4094
3725
3747
4072
3928
3530
4089
3868
3933
4042
3950
3268
4042
3530
4039
4039
3950
4042
3747
3747
3951
3388
3690
3268
3824
3526
3526
3526
3304
3585
3674
3437
4008
3824
3966
3270
3268
3526
3268
3904
4053
4053
3690
3690
4093
3340
3284
4054
3653
3674
3623
3585
3966
3727
4039
3778
3782
3891
3778
3674
3690
3928
3928
3111
4042
3206
3232
3104
3942
3804
3297
3527
3940
3525
3335
3270
4053
3111
3690
3778
4079
3940
3585
4008
3951
3674
3690
3674
3083
3950
3530
3325
4061
3727
3698
3205
3997
3940
3940
3940
3782
4072
3966
4061
4054
3893
4039
3987
3715
3284
3705
3270
3333
3704
3940
3690
3843
3690
3674
3924
4008
3933
3690
4039
3690
3690
3725
3345
3398
3893
3580
3237
3704
3268
4053
3839
3704
3778
3674
3869
3335
3526
3869
3831
3690
4072
3940
3641
4042
3715
4039
4004
3812
3893
3928
3530
4008
3576
3987
3928
4039
3987
3335
3674
3585
3976
3284
3987
3310
3747
3551
3782
3804
3747
3942
3526
3526
4088
3526
3727
3698
3690
3951
4042
4079
3952
3869
3891
3950
3504
3824
3552
3335
3335
3437
3388
3623
3585
3690
3674
3933
3782
3966
4039
3727
3893
3327
3909
3909
3950
3950
3335
3933
3674
3268
3935
3690
3891
3887
3747
4042
3747
3782
3778
3526
3891
4042
4079
3736
3880
3970
3893
3928
3778
3891
3782
3690
4008
3690
3782
3690
3782
3690
3893
3690
3891
3893
3891
3690
3335
3891
3933
3647
3778
3831
3335
3778
4008
4008
4061
4053
3782
3335
3782
3893
3725
3325
3935
3747
3891
3933
3893
3115
3966
3437
3933
3804
3880
3987
3891
3891
3987
3893
4054
3987
3891
3782
3987
4053
3893
3987
3914
4039
3674
3880
3950
3825
3690
3674
3893
3704
3690
3966
3690
3782
3690
3891
3690
4072
3976
3437
3893
3777
4094
3704
3674
3909
3437
3437
3966
3909
3133
3437
3437
3782
3929
3909
3764
3839
3901
3623
3868
3325
3296
3950
3950
4042
3891
4039
3782
3950
3950
3747
3526
3526
4008
4042
3313
3901
3747
3747
4008
3880
3764
3674
3844
3987
9222
5113
4170
4484
4864
4620
5114
4934
5015
5015
4962
4720
5096
5052
4132
4705
4184
4583
4934
4810
5118
5012
4889
4747
4889
4589
4170
4747
4889
4170
4934
4681
4747
4676
4145
4127
4905
5115
4145
4934
5052
4305
5052
5094
5114
4305
4589
4150
5114
4983
4889
4150
4860
5094
5114
4705
4145
4431
4221
5115
4955
4720
4150
4384
4334
4985
5118
4150
4703
4786
5115
5115
4755
4861
4955
4771
4583
4221
4097
4625
5030
4961
4629
4830
5015
4971
4985
4755
4961
4484
4856
4546
4384
4856
4705
5115
5068
4287
5037
4705
4328
4890
4780
5079
4589
4962
5115
5059
5115
5096
5052
4654
5050
4654
5118
4184
4934
4771
4431
4221
4985
4853
4733
4397
4856
4961
4384
5041
4589
4132
4620
4184
5041
5012
4961
4771
4962
4786
4477
4921
4852
4705
4384
4705
4705
4905
4705
4931
4384
4705
4771
4985
4766
4955
4950
4170
4810
4926
4601
4972
4119
4456
5029
4654
4305
4934
4625
4962
4934
5015
5059
5118
4705
4747
4830
4654
4711
4852
4908
4629
5110
5114
4431
5094
4505
4853
4971
4705
4150
4629
5029
4705
4705
4456
4771
4934
4926
4895
4389
4871
4705
4705
4864
4221
4927
4905
4624
4624
4864
5012
4384
4384
4747
4791
5052
4971
4497
4810
4384
4384
5108
4132
5029
5052
4962
4830
4132
4184
5090
4747
5041
5056
4615
4962
4589
4770
4876
5090
4337
5058
4615
4145
5110
4931
5118
4926
4853
4747
4132
4905
5015
5015
5015
4170
4132
4889
5052
4889
4950
5096
4826
4132
5059
4931
4324
4132
4625
5058
5114
5015
4615
5110
4589
5052
4852
4962
4589
4830
5114
4792
4962
5037
5041
5058
4170
5114
4456
4533
5114
4119
4876
4119
4747
4934
4972
4705
5094
5094
4699
4905
4431
5059
4335
4127
5052
4739
4983
5037
4889
4318
4274
4215
5052
4858
4305
4889
4962
4792
4202
4820
4889
5079
4456
4589
4962
4119
4962
4625
4747
4456
4620
4962
4119
4170
4934
4889
4921
4837
4589
4962
5015
4983
5059
4983
4747
4625
4625
4810
4384
4800
5110
5015
5114
4955
4460
4962
5015
4654
5015
4589
4771
4145
4810
4197
5118
5059
5114
4747
5015
4962
5118
4962
5015
4839
4654
4962
5029
4810
5114
4311
4132
4460
4705
5094
4919
4184
5052
5056
5108
4184
5052
5108
4654
4184
4955
4875
4654
4876
4830
5015
5114
4906
4839
4119
5037
4810
4747
4170
4132
4747
4747
5114
4985
4747
4747
5052
5052
5052
4876
4931
4931
5118
5068
4589
4927
5108
4852
4589
4747
4384
5118
4747
5094
4384
5052
4346
5110
5015
4539
4876
5115
5118
4132
4889
4906
5052
4615
4484
4384
4889
4889
5114
5114
5118
4661
5110
4589
4384
5118
4955
4341
4848
4949
4911
4414
5114
4848
4184
5108
4201
4274
4625
4132
4889
5052
4384
4539
5087
4170
5115
5114
4201
5110
4621
4474
4861
4184
4852
5110
5096
4905
5114
5110
4862
4615
4654
4962
4145
4654
5012
4926
5058
4970
4960
4970
4763
4705
4861
4132
4184
5059
4747
4170
5042
4926
5059
4460
4955
5059
5015
4889
5052
4903
4858
4747
4659
4318
4386
5041
4661
4305
5094
4971
4747
4153
5079
5059
5118
5118
5015
4460
4926
4197
4539
5118
4955
4318
5097
4747
4170
4151
5056
4145
4497
4926
4985
4150
5114
5110
4539
5015
4368
4606
4456
4776
4127
4821
4702
4150
4983
5108
4625
4829
4654
4654
4962
4132
4747
5052
5012
5058
4934
5029
4601
4905
5052
5068
4151
4747
4184
4871
4747
4654
5058
4184
4862
5094
5037
4938
4460
4384
4606
4484
5056
4771
4170
4720
4961
4962
4862
4962
5110
4654
5114
4654
4962
5114
5114
5012
4747
5114
4150
4150
5114
4876
4625
4962
4858
4127
4876
4589
4934
4962
5118
4589
5052
5114
4962
4589
4905
4589
5094
4311
4858
4835
4950
5052
4384
4606
4432
4221
5114
5052
5059
4589
4615
5059
4927
4184
5052
4620
4747
4889
4446
4876
5052
4876
5114
4955
4889
5052
4889
4625
5015
4962
5015
4934
4747
5058
4810
4132
5015
4985
5059
4934
4876
4906
4726
4150
5022
5052
4861
4876
4589
4876
5052
4919
4589
4927
5110
4889
5015
5114
4589
4456
4931
4654
4858
4318
4221
4862
4926
4962
5052
4629
5108
4170
4983
5114
4629
4934
4860
4184
4460
5056
4862
4771
5096
4830
5114
5052
5059
5114
5052
4747
4858
4889
4615
5118
4132
4384
4132
4810
5058
5114
5114
4384
5094
5094
5110
5118
4864
9223
5156
5502
6083
5766
5766
5391
6002
5391
5924
5814
5391
5982
5832
6048
5816
5834
5391
6103
5532
5832
5495
5495
6004
5477
5495
5832
5310
6002
5625
5231
6097
5834
5773
5834
5480
5331
5766
5477
5495
5533
6083
6004
5495
6103
5766
5495
5533
6097
6109
5766
6073
6097
5310
5793
5414
5414
6109
6089
6083
6140
5303
6097
5332
6140
6109
5245
5268
6140
6097
5231
5805
5832
5533
5811
5555
5159
5391
5834
6083
5391
5503
5657
5391
5800
5725
5725
5323
5840
5183
5811
5527
6110
5725
6101
5657
5456
6082
5173
5816
5268
5536
5229
6110
5391
5391
5657
5772
5323
5495
6110
6073
5287
6103
5856
6103
6027
5425
5829
5931
5773
5793
5844
6005
6048
6039
6083
5725
5417
5772
5811
5495
6059
5766
5982
5657
6064
5473
5986
6017
5388
5805
5574
5908
6119
5670
5268
5834
6002
5268
6005
5805
5268
5533
5502
6110
5533
6004
5793
5834
5778
6073
5225
6103
5834
5985
6048
5498
5533
5800
5657
5745
5772
6002
5495
5834
5805
5185
5229
5533
5391
5258
5908
5745
5635
5801
5173
5183
5495
5245
5938
5805
5974
5814
5801
5310
6083
5988
6108
5498
6050
6020
5577
5498
6012
6109
6110
5498
6024
5231
5498
6039
6109
5800
5498
5657
5597
5800
5690
5856
6110
5800
5498
6005
5258
6127
5310
5231
5310
5502
5832
5533
6024
5657
6048
5811
5278
5986
5834
5477
5323
5657
6004
6083
5772
5982
5839
5495
5495
6027
5726
5856
6089
5736
5832
5533
5477
6019
5625
5173
6020
5834
5527
5310
5231
6127
5310
5495
6110
6127
5231
5495
5310
6083
5924
5766
5574
5924
6064
5473
6004
6083
5310
6109
5673
5796
5231
5724
5811
6020
5924
6024
5498
5231
5805
5495
5502
6104
5517
5811
5766
5493
5772
5634
6103
5724
5495
5625
6109
5811
5657
5456
5813
5456
5456
5832
5625
6073
5618
5839
5262
5183
5231
6127
6083
5370
6109
5310
5183
5856
5318
5625
6002
5498
5725
6002
5473
5209
5625
5834
5310
5840
6109
5942
5456
6110
6083
5766
6004
6002
5805
6004
6020
6050
5502
5625
5474
5805
5574
5130
5805
5373
6020
5856
5310
6005
6103
5310
6002
5657
5231
6020
5800
6027
5231
6073
5800
5772
5657
5391
5832
5231
5179
5736
6004
5574
5502
6004
6024
5726
5502
5502
6020
5159
5502
6024
5231
6089
5924
5495
6083
5480
5828
5726
5391
5800
5772
5832
5839
5495
5310
5832
5856
6050
5231
5231
5657
5391
6109
6103
5832
5856
5813
5725
5477
6004
5574
5988
5577
5832
6109
5924
5832
5832
5832
5839
5924
5869
5793
5579
6059
5856
5310
6005
5303
5772
5577
5502
6073
5925
5310
6103
6073
5495
6083
5577
5574
6073
5495
5209
5743
5367
6072
6019
5462
5619
5800
5645
6071
5800
6050
5391
5832
5231
5533
5310
5816
6131
5125
5648
5657
6024
5310
5327
5634
5310
5533
5832
6109
5924
5574
6005
5574
5726
6005
5982
6103
6103
5310
6109
5495
5766
6059
6071
6071
5367
6109
6097
5331
5805
6020
6103
5130
6020
5816
5310
5310
6024
5982
5924
5495
5832
5381
5856
5726
5708
5533
5811
5885
6097
6089
5672
5869
5310
5577
5209
6020
6024
6110
5231
5209
6069
6002
5696
5657
5391
6027
5814
5173
5183
5839
6127
6097
5736
5527
6020
5839
6024
5726
6020
6029
5856
5159
5374
5997
5414
5964
6097
6050
5495
5839
5856
6024
5856
5533
6027
6020
5495
5811
5657
5574
5726
5367
6048
5745
5156
5536
6138
5824
6020
5772
5577
5832
5832
5816
5123
5231
6020
5910
6083
6109
5123
6022
6029
5533
5625
5391
5303
6005
6024
6004
6024
5811
6024
5832
5574
5832
5574
6005
5414
5574
6024
6005
6059
5814
5869
5832
5766
5495
6029
5834
5803
5925
5832
6020
5310
5477
5159
5310
5517
6103
5310
5924
5832
5231
5834
5536
6027
6074
5331
5832
6050
5805
5839
5498
6024
5495
5832
6024
5391
5495
5772
5657
5123
5800
5772
5477
5805
5793
5159
5772
6002
5634
5811
5982
5832
5209
6005
5832
5498
6004
6004
6004
5772
5805
6012
5832
5685
6002
5745
6017
6029
5766
6020
6050
6083
5310
5310
6073
5568
6103
5726
5772
5814
5745
5725
6029
5563
5813
5231
5498
5477
6050
5982
5323
5536
5982
5533
5159
5924
5811
5832
5988
5832
5832
6127
5414
5657
5231
5635
5310
6050
5559
5832
5726
5869
5839
5766
5495
6024
5310
6089
5832
6048
5574
6005
5814
5331
6059
6109
6048
6024
9224
6329
6958
6649
7073
7073
6284
6160
6845
6912
7031
7047
6478
7119
6380
6574
7126
6638
7149
7126
7047
7149
7149
7031
6185
6855
7119
6845
6556
6776
6185
6478
6154
7119
6163
6160
7031
6574
6740
7139
7149
6478
6827
7119
6605
6478
7155
7149
6776
7047
6845
6185
6995
7047
6605
6494
7081
7139
6631
6631
6969
6931
6931
6827
6638
6931
6918
6931
6329
6854
6931
6484
6844
7047
6646
6912
7090
6768
7081
7081
6778
6778
6854
6605
6249
6478
6574
7139
6802
6530
6322
6638
6517
6768
6778
6907
6995
6484
6864
6849
6543
7064
6154
6153
6768
6154
6605
6995
7055
6478
7075
7090
7106
6776
6605
6776
7081
6494
6765
6758
7008
6778
7008
6487
6322
6530
7155
7007
6778
6374
6322
6776
6574
6329
6154
7047
6487
7057
6928
6785
7091
6675
6931
6154
6558
6628
6550
6931
6646
6442
7008
6480
6779
6646
6768
6605
6574
6579
6896
6329
6912
7149
6574
6163
6585
6776
6605
6605
6304
6484
6487
6969
6649
6649
7075
6638
6649
6493
6163
6165
6872
6249
6605
6646
6995
6163
6582
6925
6931
6837
7081
7075
6776
6208
6907
6631
6329
6357
7164
6848
6812
6837
6868
6827
6836
7031
7155
6995
7068
7149
7149
6281
7031
6931
6854
7090
6969
6329
6566
6163
6776
6912
6649
6574
6646
6556
6646
6160
6778
6154
7014
6845
6776
7047
6284
6437
7148
6834
6971
6721
6154
7073
6995
7139
6154
7031
7139
6160
6845
7047
6556
6605
6154
7126
6845
6845
7047
7072
7154
7149
6638
6262
6429
7149
7139
6776
6776
6556
6574
6574
6185
7119
6827
6185
7090
7090
7155
7072
7081
7081
6768
6517
7031
6284
6585
6778
6585
6778
7126
7119
7126
7055
6776
7031
6845
6154
7081
6895
6827
6970
6827
6638
7072
6649
6437
6241
7047
6827
6459
6459
7075
6827
7014
7126
6621
6437
6556
6907
6556
6782
7032
6478
6478
6848
6542
6185
6556
7031
6827
7139
6631
6517
6827
7100
6163
7155
7073
6649
7155
6845
6605
6962
6556
6784
6534
7126
6741
6794
6958
7149
6794
6969
7119
7126
6534
6768
7031
6329
7139
7126
6509
6284
6995
6836
6845
6646
7155
7073
7126
6556
6154
7075
7149
7126
7126
6556
6556
6556
7047
6574
6185
6494
7073
6705
6189
6284
6605
6813
6185
6912
7073
6827
6646
7029
7126
6646
6827
6556
7149
6646
6163
7072
7007
6478
6646
6284
7047
7149
6776
6776
6154
6322
6958
7155
7029
6845
6160
6740
6827
6845
6579
7149
6780
7081
6290
6383
6631
7075
6556
6776
6185
6995
7047
6845
7014
7067
6958
6556
6556
6154
7155
6845
6556
6478
6212
7075
6478
6969
7047
6284
7047
6776
7119
6912
6958
6827
6776
7126
6556
6705
6494
6159
6289
7104
6864
7108
6277
6545
7064
7139
7100
6558
7155
6827
6845
6845
6649
6722
6646
7126
7081
6646
6778
6638
6922
6843
6154
6776
6864
6922
6845
7149
6605
6845
6705
6827
7139
6776
6776
6556
6556
6579
6621
6696
6556
6554
6867
6995
7047
6284
6827
7155
6958
6574
6680
7047
6776
6185
6776
7047
6995
6185
6834
6284
7155
7104
7072
6912
6304
6605
6564
7047
7155
7115
7115
6517
7029
7072
6160
7155
6631
6556
6649
7075
6478
6848
6380
6605
7081
7090
6605
6322
6649
6534
7115
6845
6574
7073
6556
6560
6892
7165
6758
7104
6741
6764
6483
6530
6646
6845
6185
6776
6969
6776
6969
7047
7155
7047
6995
7029
7149
6556
7149
6912
7073
6530
6628
6788
6721
7155
6284
6605
7075
7149
7149
7075
6845
6845
6649
7139
6827
6881
6621
6778
6484
6776
6487
6322
6910
6776
6322
6649
7155
7155
6827
6605
6776
6845
6556
7126
6845
7090
7155
6834
7072
7047
7047
7081
6534
6995
6827
7110
6478
7126
6995
6969
7075
6284
7155
6995
6827
6574
6845
6776
7067
6574
6912
6380
6437
7002
6649
6778
7031
7031
6827
6995
6284
6556
6631
6574
7073
7166
7149
6969
6776
6478
7029
6843
6511
6478
6163
7155
7031
7149
6845
6976
6649
7155
6995
6995
6969
6969
6778
6638
6160
7139
6249
6582
6827
6907
6487
6185
7047
6628
6969
6478
7073
6605
7119
6827
6154
6556
6776
6380
7044
6958
7155
6778
7166
6249
7155
6502
6478
7155
6776
6574
7047
6776
6845
6827
7047
6185
7031
6778
6912
6638
6907
6154
6154
6638
6845
7126
7081
7073
6556
6995
7155
7073
6556
6185
6827
6160
6845
7139
6705
6249
6827
7031
6886
6778
6483
6322
9225
7532
7411
7459
8161
8076
7924
7923
8161
7940
7796
7967
7696
8055
8058
8002
7532
7718
7532
8145
7459
8076
7352
7950
7459
7574
8028
8076
8028
7715
7730
7696
7845
8042
8183
7963
7911
8055
8181
8076
7967
7924
7653
7632
7718
7720
8183
8055
7730
7991
7862
8183
8028
7709
7653
8141
8058
7754
8034
7557
7590
8055
8053
8165
7326
8112
8002
7835
7528
7694
8162
7967
7678
8053
7916
7731
7954
8162
7729
8162
7912
8096
8002
7352
7652
7653
7612
7348
8034
7524
7352
8104
7466
7528
7450
8055
7911
7945
7625
7684
8162
7845
7411
7411
7735
8177
7549
8165
7950
7532
8039
7202
7320
7845
8015
8028
7731
7612
7487
8064
7574
7451
7326
7352
8161
8104
8165
7459
7621
7719
8161
7352
7652
7715
7897
7940
8162
7426
8058
7753
7718
8101
7495
7949
7437
7435
7893
7694
7715
7579
7460
8053
7718
7728
7845
7694
7718
7950
7718
8112
7932
7612
8002
7574
7950
7923
7657
7557
7694
7730
7967
7718
7835
7916
7653
7533
7621
7981
8093
7532
7311
7510
7897
8034
7884
8112
8055
7532
8093
8162
7720
7305
7902
7671
7948
7950
8042
7948
8051
7528
7776
7510
7207
8162
7794
8076
7835
8002
7694
7835
7893
8055
7528
7963
7940
7730
8164
7632
7518
7794
8055
7694
8055
7574
7916
7574
7730
7862
8162
7932
7574
8002
7737
7862
8162
7696
8161
7684
8042
7209
7796
7991
7532
8076
8021
8055
7940
7459
8002
8002
8002
7459
7216
7459
7574
8039
7352
8064
7558
7932
8181
8112
7720
8174
7967
8028
7718
8162
7459
8145
7718
8162
7694
7911
8076
7916
7967
7916
7510
8100
7533
7532
7574
8161
7753
7720
7715
7593
7905
8145
8028
7923
7532
7794
8076
8064
8075
7961
8096
7911
8104
7657
8181
7559
7916
7532
8002
8058
7718
7967
8104
7754
8183
8064
7916
8162
7715
8063
8034
7835
7653
7793
8002
7718
8039
7911
7954
7845
7653
7923
8002
7669
7720
7794
7508
7574
7459
8162
7835
7796
7730
7718
7173
7720
7715
7940
7173
8076
7754
7835
8002
8183
8055
8002
8055
7950
7954
7557
7459
8183
7924
7660
7574
7991
7411
7916
8028
7532
7411
7923
7574
7557
7796
7663
7954
7720
7950
7696
7696
7696
7653
7967
8002
7557
7678
8076
7991
7828
7835
7950
8021
7510
7574
7923
8106
7720
7796
7574
7678
8145
7548
7715
7720
8034
7612
8093
7612
7459
7411
7715
7950
7796
7954
7715
7948
7796
7549
7663
7730
8145
8028
8170
8093
7653
7753
8002
8145
7730
8164
7916
7411
8028
8002
7532
7574
7653
7923
7548
8076
8096
7916
7632
7653
7684
8181
7932
7862
8162
7548
7967
8076
7459
7657
8106
7532
7796
8076
8028
7532
8076
7900
7793
7804
7932
7753
7514
8142
7508
7523
8055
7678
8145
7845
7796
8064
8145
7326
7924
7574
7532
7653
7991
7678
7839
7991
8055
8076
7565
8174
8104
7459
8093
7916
8039
7459
7730
8039
7923
7963
8145
7954
7738
7612
7654
7590
7198
7411
8096
7659
8076
7916
7532
7459
8104
7574
8068
8076
7911
7718
7923
8002
7916
8071
8162
7533
7963
7574
7459
7510
8106
7638
7954
7916
8183
8076
7699
8076
7991
8174
8021
8076
8076
7548
7704
7528
8164
7794
7796
7518
7250
7924
7967
7694
7715
7718
7718
8164
8183
7862
8096
7374
7653
7996
8028
8101
7621
7699
7753
7796
7993
7845
8028
7911
7940
8055
7916
7730
7932
7459
8106
7574
7459
7924
7754
7326
7621
7950
7835
7835
7559
7845
7796
8021
7532
7862
8002
8076
7967
8096
8028
7548
7718
8028
7815
8002
7621
7773
7764
7586
7694
7574
7835
7532
7459
7796
7796
7459
8068
7653
8002
7696
7950
7696
8106
7950
7828
7950
7715
7923
7203
7533
8002
7718
8183
7923
8106
7730
7459
7718
8104
8028
7950
7718
8028
7730
7916
7720
7793
8164
7345
8106
7528
7459
7459
8021
7533
7459
7796
8174
7720
8076
7954
7923
8076
7696
7932
7653
8042
7659
8039
7940
8183
8028
8161
7815
7940
7796
8162
8028
7459
7694
7923
8162
7720
7459
7718
7678
7590
7835
8161
7948
8028
7533
7653
7653
7715
8183
7718
7967
7730
7954
7653
7730
7653
8064
8104
8106
7773
8161
8002
7533
7803
7923
7653
7897
8002
8162
7916
7574
7459
7694
8162
8002
7753
7574
7796
7557
8076
7916
7246
8145
8028
8174
7754
7950
7916
7696
7459
8170
8162
8183
8028
8076
7730
7730
8162
7940
7557
7730
7916
7632
8058
9226
8852
8863
8365
9051
8365
8650
8750
8820
8820
8720
9037
9027
8664
9129
8892
8893
8814
8820
8365
8893
8234
8575
8575
9020
8585
8535
9139
9139
9027
9020
9139
8664
8893
8735
9132
8760
8514
9211
8585
9204
8708
9167
9051
9204
9123
9027
9181
8365
8602
8667
9210
9210
9211
8365
8936
8863
9037
9027
8372
8293
9089
8971
8372
9205
9089
8750
8831
8650
9089
8839
8535
8602
9123
8660
8852
9037
8234
8602
8538
8750
9118
8585
8491
9024
9123
9153
8769
8429
8402
8820
8234
8852
8575
8647
9024
9070
9111
8846
9132
8514
9089
8200
8720
8650
8863
9029
8839
8879
8790
9128
9123
8444
8988
8661
8892
9129
9043
8708
9166
8558
9118
8429
8860
8820
8970
8234
8814
8831
8831
9181
8459
8892
8676
8650
8429
8659
8558
9123
8200
8372
9168
8928
8327
9015
8936
8602
8444
9089
8961
8602
9020
8442
8676
8940
8998
8726
9181
8420
8667
9204
8204
8771
8839
8429
9139
8697
9129
9024
8790
9211
8234
8558
8960
8839
9024
8501
8514
8255
9210
9027
8998
8234
9173
8750
8708
8365
9211
8751
9051
8429
8438
9186
9079
8864
9211
9139
9024
8850
8790
8667
8659
9101
8365
8650
8585
9181
8997
8851
8851
8255
8893
8997
8452
8662
9010
8697
9211
8206
9123
8365
9204
8664
8585
9024
9051
8862
8708
8697
9123
9027
8535
8862
8546
8365
8676
9132
8863
8305
8438
9153
9153
8893
9091
8893
9027
8893
9123
8234
9204
8667
8365
9070
8893
9129
9020
9211
9027
9070
8751
8659
8960
8720
9027
9118
8852
9139
9139
9171
9181
9020
8893
9167
8650
9139
8664
9211
9139
8608
8792
8726
8204
8585
8551
8546
8546
8501
8199
8862
9210
9029
8535
8820
8602
9123
8782
8234
8381
8852
9211
8535
8535
9132
9020
8936
8514
8862
8936
9189
8660
9211
8585
8658
8790
8676
9139
8782
8909
9168
9076
8892
8814
8514
8831
8726
9051
8676
9024
8575
8839
8472
9210
8750
8650
8782
9123
9024
9181
8501
9211
9181
8417
8365
8425
9211
9079
8831
8365
8893
9024
9020
9020
9129
8664
9123
9020
9010
9091
8790
9204
8365
8676
9132
8575
8820
8585
8602
8750
8903
8429
8575
9123
9123
8575
8459
9211
9211
9211
9123
8750
8839
8420
8535
8909
9037
8998
8514
8664
9129
9211
9129
9204
9123
8365
8839
8365
8667
9123
9024
9123
8602
8208
8820
9139
8790
8535
8893
8750
8575
8602
8602
8501
9204
9204
8667
9020
9123
9181
8726
8893
9020
9123
9211
8782
9204
9027
8514
9051
8585
8820
8514
8831
8839
9211
8820
9020
8720
8667
9204
8708
9189
8585
9129
9210
8234
8438
8501
8852
9029
9047
9153
8831
9181
8820
8708
9020
9091
9211
9020
8546
8941
8200
9153
8206
8621
8551
8368
8365
8774
8913
8608
9153
9037
9027
9051
9129
8958
9008
8831
9020
8365
9139
9020
9073
9183
9205
8365
8429
8575
8814
8664
8790
9020
8893
9010
9181
9181
8664
8892
8893
8750
9211
8575
8507
9020
8775
8717
9014
9205
9123
8839
9139
8893
9211
9129
9027
8750
8664
9204
9211
9123
8726
8507
8809
9129
8943
9123
9011
8585
9181
9051
8234
8726
9189
8585
8820
9129
9204
9139
9129
8750
9153
8852
8697
8913
8659
8602
8782
8839
8661
8659
9211
8708
8472
8726
9211
8820
9020
9027
9061
8575
9024
9051
9051
8671
8372
8760
8702
8726
8750
8814
8200
8575
8667
8365
9139
9139
8893
8903
8750
9139
9129
8650
8864
9211
8381
9205
9076
9205
8664
8200
8491
8697
8650
8852
9024
8585
8501
9129
8750
8831
8215
8892
8575
8726
8863
9189
8868
8535
8514
8726
9027
8893
8501
8820
8893
8720
9139
9129
8667
9123
9129
8575
9037
9181
9027
9123
8546
8621
8820
8234
8535
8782
8365
8998
8585
9051
9027
8820
9051
9024
8514
9211
8514
9027
9129
8200
9024
8662
8751
9029
8942
8839
9020
9139
9020
9204
9020
8750
9020
8618
8365
9181
8667
8852
8708
8814
8850
8234
8726
9129
9196
8535
8790
9129
8820
8820
8893
9051
9051
9051
8365
9051
9091
8535
8998
9051
8693
8501
8819
8585
9181
8726
8750
9024
8893
8862
9037
8514
8814
8514
8551
9211
9139
8983
9167
9079
9070
9098
8518
9029
8712
8880
9189
9139
9008
8402
8365
8892
9181
8234
9020
9204
9139
9051
8514
8618
9020
8662
9129
8831
8893
9123
8667
9027
8893
8750
8750
8820
8667
9020
8667
9010
8710
9204
9210
9027
8491
8708
8726
8893
8501