9217
9218
257
104
497
179
603
911
285
911
285
911
925
210
599
6
6
787
704
830
208
178
556
208
830
208
945
208
830
406
666
406
4
749
749
10
666
406
666
945
666
406
666
406
666
406
666
406
666
406
666
406
406
666
406
666
406
666
406
666
179
406
608
349
406
704
925
179
406
666
406
666
406
817
427
114
945
945
830
327
210
489
517
13
463
13
148
803
148
803
385
759
1015
803
1015
786
427
114
789
238
1015
171
123
482
210
169
169
533
533
533
238
533
238
939
238
974
238
114
238
871
238
871
238
766
238
974
786
893
238
847
758
932
847
238
766
758
766
758
427
114
608
575
766
758
766
758
766
123
893
349
704
758
7
758
766
758
766
758
766
23
758
766
824
874
210
599
158
13
533
18
385
884
939
270
939
270
757
803
171
171
427
303
960
379
204
160
343
18
148
32
148
803
148
803
171
123
830
704
153
781
6
6
805
805
830
830
676
178
503
830
676
155
908
830
921
155
921
155
676
155
676
957
676
957
562
349
659
352
285
660
925
660
925
660
23
471
285
660
285
660
271
704
114
178
556
537
335
660
335
660
285
179
335
503
503
10
749
749
271
516
265
556
660
270
911
270
179
270
830
787
749
749
786
162
352
556
179
256
917
818
215
818
917
765
787
179
82
210
599
599
726
148
18
148
148
148
285
148
285
660
285
660
285
660
285
660
335
787
4
787
985
162
352
862
503
682
985
682
985
335
985
335
985
335
335
985
335
985
335
4
787
749
335
960
379
599
928
18
148
18
148
335
660
285
660
285
335
335
335
285
179
285
335
960
379
599
160
928
285
148
148
285
148
660
285
335
660
660
285
985
335
4
335
59
335
960
379
599
599
13
533
13
533
18
939
18
939
664
939
664
939
664
939
406
666
406
666
406
666
666
666
666
406
666
684
878
684
932
666
406
666
666
406
666
684
406
666
179
406
179
406
179
335
666
666
335
666
406
666
179
335
704
335
985
335
179
335
335
971
335
666
335
971
335
210
599
599
640
390
36
539
707
667
878
12
667
10
660
10
667
749
786
405
788
788
975
597
858
210
599
160
463
774
830
704
178
932
661
621
252
398
252
399
399
399
252
399
399
608
758
608
399
766
501
399
786
788
788
352
358
352
623
9219
1777
1097
1097
1115
1349
1097
1097
1097
1347
1097
1347
1300
1347
1347
1347
1347
1347
1347
1835
1924
1659
1981
1777
1911
1349
1349
1653
1607
1807
1347
1903
1807
1371
1903
1349
1347
1347
1347
1097
1801
1097
1347
1347
1097
2046
1777
1911
1349
1349
1777
1903
1349
1777
1347
1903
1347
1347
1903
1777
1777
1115
1349
1777
1349
1349
1347
1347
1347
1349
1777
1394
1349
1589
1903
1349
1777
1496
1115
1115
1777
1115
1349
1777
1394
1349
1394
1394
1349
1349
1777
1394
1349
1777
1911
1349
1777
2000
1394
1349
1777
1349
1349
1777
1232
1349
1928
2000
1903
1394
1589
1995
1417
1777
1394
1394
1777
1232
1232
1155
1924
1653
1924
1924
1924
1924
1924
1298
1298
1298
1298
1298
1298
1298
1298
1298
1981
1981
1981
1981
1981
1981
1981
1981
1981
1981
1181
1181
1181
1653
1653
1653
1653
1653
1653
1981
1155
1723
1981
1723
1345
1160
1723
1515
1924
1456
1515
1723
1456
1628
1456
2000
1723
1515
1995
1903
1515
1723
1515
1628
1456
1628
1723
1515
1628
1723
1454
1858
1928
1394
1928
1928
2000
1454
1748
1858
1252
1858
1456
1628
1928
1454
1858
1879
1454
1995
1394
1928
1371
1928
1928
1928
1858
1879
1454
1858
1454
1879
1879
1454
1928
1928
1928
1723
2000
1454
1456
1858
1454
1454
1858
1454
1454
1858
2043
1454
1456
1858
1748
1454
1858
1900
1454
1858
1097
1188
1298
1331
1694
1188
1720
1694
1981
1155
1924
1903
1807
1991
1815
1317
1807
1759
1097
1807
1155
1653
1981
1723
1777
1097
1807
1777
1903
1481
1720
1924
1777
1298
1298
1807
1807
1807
1807
1807
1807
1981
1981
1981
1981
1981
1334
1181
1995
1181
1181
1371
1895
1815
1664
1764
1155
1815
1317
1417
1523
1815
1317
1417
1815
1417
1417
1417
1807
1777
1589
1807
1777
1777
1349
1807
1777
1349
1981
1777
1903
1317
1349
1903
1903
1349
1777
1903
1349
1777
1777
1417
1777
1801
1097
2046
1777
1097
1317
1349
1777
1349
1349
1777
1903
1349
1777
1115
1349
1097
1777
1417
1349
1777
1349
1349
1995
1903
1903
1349
1589
1097
2035
1417
1903
1417
1777
1417
1349
1807
1777
1895
1349
1417
1417
1317
1347
1115
1903
1903
1777
1097
1097
1216
1216
1690
1097
1777
1347
2046
1097
1097
1097
1097
1097
1097
1959
1959
1115
1417
1777
1777
1903
1097
1097
1690
1959
1690
1959
1959
1701
1097
1561
1097
1097
1911
1097
1097
1097
1589
1097
1349
2000
1911
1097
1788
1287
1331
1780
1653
1317
1981
1807
1097
1801
1815
1815
1807
1807
1807
1801
1924
1815
1097
1349
1807
2035
1777
1903
2035
2035
1807
1777
1777
1097
1815
1347
1349
2000
1371
2000
1097
1991
1349
1903
2035
1995
1097
1903
1097
1481
1807
1417
1417
1777
1589
1097
1097
1991
1097
2035
1417
2035
2035
1807
1807
1481
1777
1299
1299
1097
2000
1349
2000
1347
1317
1835
1924
1334
1835
1903
1349
1801
1097
1097
1097
1097
1097
1347
1347
1097
1347
1097
2035
1097
2035
2035
2035
1097
1097
1481
1097
1097
1589
1417
1694
1181
1981
1981
1155
1924
1777
1924
1317
1807
1807
1777
1801
1815
1815
1589
1807
1807
1807
2035
1815
2035
2035
1300
1481
1777
1417
1589
1115
1807
1807
1115
1349
1925
1324
1188
1835
1780
1181
1835
1924
1815
1188
1807
1924
1903
1807
1155
1924
1317
1807
1924
1815
1981
1777
1924
1317
1807
1924
1815
1807
1777
1924
1317
1807
1801
1903
1317
1347
1801
1349
1807
1801
1815
1589
1807
1777
1903
1807
2046
1097
1317
1097
1777
1347
1807
1777
1347
1349
1807
1924
1347
1807
1777
1815
1347
1347
1777
1097
1097
1777
1903
1097
1777
1777
1349
1349
1097
1097
1097
1807
1097
1911
1903
1417
1777
1481
1349
1777
1097
1895
1777
1115
1347
1349
1777
1995
1995
1911
1349
1347
1589
1394
1777
1903
1911
1720
2015
1155
1653
1777
1076
1232
1155
1903
1807
1349
1924
1349
1115
1076
1903
1807
1349
1777
1317
1777
1777
1903
1232
1076
1777
1349
1905
1417
1777
1115
1115
1777
1115
1371
1777
1188
1155
1928
1981
1334
1371
1777
1334
1995
1777
1995
1995
1928
1895
2000
2000
2000
1895
1232
1371
1928
1903
1928
1884
1995
1394
1515
1371
1748
1995
1928
1628
1115
1723
2000
1928
2000
1928
1371
1628
1928
1349
2000
1371
1371
1349
1394
1777
1995
1903
1911
9220
2920
2430
2343
2628
2912
2608
2162
2735
2567
2531
2775
3055
2942
2697
2567
2162
2942
2985
2368
2097
3069
3028
2789
2985
2156
2048
2253
3009
2793
2608
2156
3041
2567
2350
2791
2964
2985
2567
2411
3041
2877
2907
2411
2889
2813
2990
2535
2877
2564
2990
2748
2162
2628
2735
2735
2964
2219
2907
2907
2564
2889
2944
2944
2985
2735
2484
2825
2735
2883
2990
2889
2813
2989
2612
2628
3055
2986
2735
2883
2735
2735
2330
2937
2889
2869
2411
2985
2649
2608
2990
2735
2813
2694
2535
2813
2452
3050
2649
2411
2452
2649
2162
2694
3009
2735
2942
3009
3009
2320
2701
2647
2048
2860
2985
2156
2156
3009
3009
3009
3009
2942
2949
2350
2788
2788
2788
2989
2976
2694
2976
3009
3009
2694
2694
2801
2746
2788
2788
2694
2694
2644
2821
2976
2976
2350
2608
2694
2694
2869
2869
2869
2350
2350
2248
2330
2097
2933
2649
2788
2694
2608
2619
2119
2694
3008
2791
2791
2649
2990
2936
2478
2608
2608
2748
2048
2253
2860
2608
2990
3017
2649
2694
2860
2787
2608
2925
2735
2350
2612
2735
2877
2452
2813
2791
2813
2976
2748
3009
2694
3069
2877
2472
2649
2944
2813
2649
2985
2976
2791
2985
2649
2253
2813
2748
2608
2961
2961
2813
2985
2976
2985
2592
2478
2552
2735
2162
2564
2990
3007
2411
2990
2735
2162
2564
2990
3007
2564
2990
2162
2097
2990
2735
2162
2452
2535
2883
3050
2274
2883
2989
2612
2869
2928
3009
2869
3009
3007
2628
2454
2347
2085
2619
2848
2928
2619
2889
2484
2986
2889
3007
3055
3017
2815
2544
2788
2638
2091
2347
2091
2907
2907
2920
2091
2907
3017
3050
3055
3055
3055
2642
2788
2801
2253
2860
2869
2350
2701
2255
3042
2097
2777
2109
2544
2936
3042
2939
3000
3007
2944
2506
2889
2515
2515
2276
2732
2732
2777
2777
2276
2777
2628
2777
2777
2777
2276
2777
2777
2777
2777
2777
2777
2777
2777
2777
2628
2777
2276
2777
2453
2777
2889
2694
2777
2777
2889
2813
2628
2510
2813
2777
2985
2777
2883
2777
2936
2777
2777
2985
3008
2787
2796
2938
2813
2989
2777
2777
2411
2990
2907
2277
2985
2877
2777
2777
2777
2777
2833
2130
3007
2777
2791
3009
2907
2694
2985
2119
2484
2694
3009
2883
3055
3012
3007
2564
2942
2521
2162
2619
2877
2162
2219
2567
2791
2564
2889
3007
2942
2567
2868
2868
2868
2735
2289
3041
2942
3050
2942
2942
2942
2942
2608
2564
3071
2701
2813
2472
3017
2248
2332
2484
2680
2680
2510
2544
2489
3050
2097
2130
2130
2907
2869
2818
2097
2148
3050
3055
2869
2945
3050
2964
2452
2942
2801
2252
3007
2544
3008
2985
3050
3017
2371
2907
3009
3017
2452
2276
2945
2883
2694
3028
2933
2579
2869
2276
2777
2567
2990
2800
2276
2452
2452
3050
2452
2777
2820
2777
2777
3007
2552
2989
2777
2535
2639
2777
2777
2990
3009
2452
2762
2781
2097
2869
2964
2130
2869
3007
2889
2649
2746
2649
2274
2612
2889
2452
2833
2452
2452
2162
2912
2694
2274
2877
2649
3050
2818
2990
3017
2990
3017
2443
2869
2869
3017
2976
2421
2330
2544
3008
3017
2788
3041
2612
2694
2801
2063
2452
2989
2097
2694
2350
3017
2907
2552
2877
2985
2531
2869
2990
2789
2833
2833
2939
2119
2147
2859
2813
2677
2907
2788
2996
2964
2411
2330
2869
2869
2165
3008
2907
2411
2133
2889
2628
2800
2628
2649
2452
2628
2694
2869
2628
2276
2225
2800
2972
2350
2544
2411
2949
2350
3055
3041
2501
2907
2452
2985
2419
3000
2989
2083
2544
2883
2619
2506
2961
2874
2985
2869
3041
2330
2889
3041
2945
2552
2869
2484
2472
2789
2907
2789
3050
2889
2942
2619
2619
2789
2564
2083
2907
3050
2800
2936
2510
2552
2877
2592
2421
3017
2544
2990
2990
2990
2868
2649
2789
2986
2727
2907
2789
2857
3032
3009
2889
2789
2789
3000
2801
2907
2789
2789
2889
3017
2788
2985
2631
2224
2330
2869
2990
2800
2986
3007
3008
2944
2694
2818
2119
2985
3012
2944
2791
2936
2680
2818
2133
2119
2883
2190
2190
2277
2818
2224
2964
2800
2800
2544
2411
3039
2818
2985
2985
2735
2907
3012
2452
2765
3055
2735
2694
2649
2119
2119
2936
2936
2922
2644
3012
2964
2162
2119
2162
2936
2162
2119
2889
2789
2411
2907
2877
2813
2976
2791
2800
2190
2985
2566
2552
3017
3007
3012
2694
2735
9221
3919
3673
3394
3870
3304
3526
3888
3888
3622
4053
3596
3223
3327
4008
3684
3690
3464
3843
3739
3903
3674
4088
3739
3673
4079
3887
3111
3235
3888
3235
3880
3951
3237
3888
3901
3935
3935
3843
3903
3740
3778
3327
3276
3843
3517
3736
3970
3777
3704
3966
3880
3843
3234
3880
3182
4072
4039
3777
3970
3970
3843
3843
4054
3778
3777
3552
3942
4056
4079
3237
3839
3725
3304
3469
3304
4054
3447
3259
3777
3777
3148
4008
3904
3284
3843
4054
3284
3778
3891
3959
3880
3843
4079
3887
3901
3891
3782
3903
3903
3284
3880
3750
3585
3904
3901
3237
3778
3778
3903
3782
3088
4054
4088
3778
3901
4079
3843
3843
3914
3499
3115
4039
4039
3804
3804
3824
3940
3824
3824
3674
3338
3824
3542
3893
3891
3843
3824
3824
3891
3935
3952
3880
3880
3880
3778
3824
3335
3843
3843
3928
4008
4087
3782
3893
3950
3737
3951
3951
3778
3893
3824
3933
3843
4032
3935
3904
3891
4079
4039
4052
4072
3824
4088
3950
3237
3904
3284
4054
3577
3335
3843
3928
3891
3673
3901
3335
3843
3997
3929
3987
4079
3824
3725
3747
3951
4072
3725
4039
4039
3725
3843
3843
3987
3725
3843
3928
3778
3778
3115
4054
3843
4072
3778
3778
4088
3891
3843
3869
3869
3987
3901
3904
3413
3725
3824
4072
3904
3891
3725
4054
3950
4072
3880
3869
3824
3893
3893
3891
3891
4054
3725
3891
3824
3869
3747
3401
3682
3555
3284
3925
3585
3585
3284
3585
3702
3702
3702
3380
3530
3890
3138
3555
3259
3377
3674
4072
4088
3965
3526
3893
3704
3500
3087
3797
3797
3486
3869
3690
3797
3797
3797
3797
3797
3797
3437
3797
3987
4042
3950
3618
3929
3843
3804
4039
3778
3115
3542
3504
3511
3914
3825
3109
3891
3558
3950
3256
3914
3778
3933
4039
3950
3740
3183
3526
3276
3276
3183
3488
4095
3822
3390
3800
3822
3247
4036
3822
3800
3800
3822
3822
3822
3822
3822
3800
3914
3247
3747
3727
3247
3688
3951
3542
3782
3880
3839
3891
3987
3935
4094
3965
3880
3777
3747
3777
3777
3891
3951
3935
3740
3736
3950
3843
3843
3420
3839
3778
3777
3284
3901
3836
3777
3836
4054
3335
4056
3843
3951
3903
3747
3924
3782
3164
3950
3950
3778
4042
3555
3536
3376
3702
3530
3880
4051
3942
3904
3530
3530
3904
3747
3143
3952
3839
3259
3891
3284
3904
3888
3839
3890
3843
3843
3935
3935
4020
4009
4079
3450
3690
4053
3778
4088
3890
3903
3672
3843
3843
3843
4079
3182
3844
3446
3933
3970
3259
3542
3997
3753
3542
3812
4039
3950
3325
4091
3933
3674
3684
3950
3977
4054
3684
3413
3198
3725
3724
3965
3997
3966
3526
4042
3094
4039
3674
3891
3950
3782
3764
4079
3935
3352
3777
3888
3888
3839
3622
3673
3747
3947
4095
4095
4095
4095
4095
4095
3857
3933
3673
3166
4094
3836
3950
3880
3247
3235
3526
3903
3876
3952
3447
3747
3360
3782
3284
3719
3812
3970
3778
3526
3810
3880
3870
3887
3868
3965
3868
3928
3870
3719
3887
3797
3890
3890
3797
3674
3950
3797
3868
3797
3933
3887
3764
3856
3237
3080
3951
3111
3674
3542
3673
3901
3940
4008
3284
3154
3154
3945
3777
3887
3449
3555
3933
3870
3810
3284
3802
3115
3682
3965
3893
3198
3698
3690
3690
3237
3804
3530
3804
3526
3987
3782
4042
3647
3673
3904
3526
3673
3736
3880
3674
3673
3674
3951
3674
4088
3843
3198
3673
3674
4042
3935
3940
3951
4053
3904
3673
3447
3869
3284
3940
4088
3893
3674
4079
3901
3690
3966
3747
3893
3965
3831
3965
4039
3736
3880
3893
3747
3107
3933
3933
3951
4039
3893
3747
3966
3965
3335
3970
4008
3750
3736
4072
3887
3965
3869
3893
3313
3869
3552
4054
3747
4054
4072
3950
3745
3880
3647
3952
3777
3887
3284
3891
3782
3880
3935
3901
3935
3893
4054
3782
4079
3674
3335
3335
4072
4054
3719
4072
3824
3976
3893
3951
4039
3901
3478
4008
3887
3284
3935
3747
4072
4072
4054
3919
3674
3935
3284
3284
3724
3940
3901
3674
4094
3498
3753
3555
3783
3500
3111
3951
3555
3111
3747
3966
3284
3891
3555
3950
3951
3198
3777
3335
3966
4054
3284
3428
3950
3674
3976
4072
3618
4054
3901
3924
4094
3929
3952
3526
3618
3891
3839
3950
3782
3919
4079
3335
3909
4088
3478
4008
3839
3952
3869
3555
3674
4039
3198
3698
4079
4079
3284
3111
3111
9222
4771
4948
5040
5089
4899
4559
4961
4305
4453
4715
4561
4852
5096
4331
5059
4983
5059
5110
4175
4985
4589
4955
4305
5039
4801
4150
4926
4985
4835
4416
4862
5089
4853
4593
4189
4700
5089
4654
4334
5012
4830
4921
4950
5049
4332
4800
4810
4615
4771
4150
4431
5037
4810
5110
4150
4324
4771
4864
4132
4150
4460
4866
5112
4926
4150
5049
4771
4905
4800
4120
5095
4167
4800
4864
4926
4460
4861
5118
5012
5058
4864
4150
4800
5052
5114
4876
4985
4800
4431
4150
4835
4835
4835
4934
4985
4332
4332
4950
4850
4240
5029
4332
4835
4221
4332
4800
4120
4934
5012
5022
4705
4985
4431
4926
4615
4625
4962
4955
4934
4224
4593
4931
5110
4384
4774
4800
4747
4962
4332
4800
4983
4384
5049
5058
4747
4431
4962
4955
4384
4384
4184
4955
5049
4985
4864
4931
5114
5114
4460
5052
4233
4460
5118
4636
5009
4926
5015
4985
5029
4985
4905
4150
4927
4589
4170
4985
5110
4889
4934
4927
5015
5052
5011
4255
4150
4747
4810
4810
4460
4835
5015
4962
5118
4654
4654
4305
4962
4184
5015
4889
4810
4800
4119
4835
4835
4835
4384
5015
5052
4150
4835
5058
4835
4934
5058
5110
5029
4889
5012
4747
4654
4150
5015
4837
5115
4150
4962
5015
4985
4962
4119
4835
5094
4145
4835
4926
4145
4170
4132
4384
4170
4835
4962
5118
4926
4132
4853
4384
4926
4889
5114
5015
4926
4654
4460
5029
4876
4955
4955
4484
5009
5089
5114
5115
4727
4905
4860
4573
4660
4385
4728
5041
4727
4728
4460
4872
5118
4835
4934
4801
4876
4972
4305
5114
4589
5018
4876
4876
4613
4132
4384
4384
4194
4627
4307
4852
4864
4589
4983
5059
4810
4170
4484
4876
4853
4876
4374
4895
4175
4625
4274
4894
4353
4890
4890
4645
4894
4894
4353
4654
4864
4705
4537
4890
5105
5105
4894
5011
4546
5079
5011
4510
4318
4489
4660
4153
4733
4893
4170
4720
4873
4889
4654
5052
4905
4349
4624
4705
4619
5050
5109
4873
4952
4624
4382
4132
4132
4926
4653
4654
4942
4889
4484
4926
4934
4860
4432
5115
4905
5029
4170
4324
4860
4510
4661
4890
5109
4150
4727
4705
4942
4705
4546
4955
4373
4931
4379
4985
4589
4150
4873
5108
4890
5115
4624
4676
4097
4961
4421
4615
4660
4955
4605
4888
4918
5112
5012
4605
4918
4121
4728
4654
4558
4221
5052
4589
4456
5049
4508
4636
5118
4335
4539
4927
5112
4858
4119
4335
5011
4510
4889
4175
4335
4305
4127
4950
4926
4170
4132
4601
4676
4624
4917
4705
5089
4858
4948
4845
4318
5040
5040
4177
4145
4759
5027
4384
5052
5027
5041
4477
4715
5027
4817
5089
4589
5114
5040
4889
4948
5115
5090
4972
5012
4985
4589
4876
4510
4890
5114
5005
4889
4384
4384
4882
4917
4890
4285
5105
4733
4705
4861
4403
4660
4145
4721
4161
4801
4384
4132
5114
5114
5110
4374
4403
4593
4589
5058
4829
4776
4972
4145
4119
4845
5079
5089
4194
4194
4845
4881
4961
4861
4170
4961
5058
4537
4194
4845
5103
5089
4133
4846
4684
5103
4194
4862
4881
4145
4119
4196
4624
4119
5040
4839
4589
5079
4864
4460
4931
4905
5115
4926
5114
4353
4876
5012
4624
4318
4339
4170
5118
4864
4296
4497
4961
4893
4876
4873
4876
4456
4384
4589
4862
4925
4324
4654
5096
4625
4456
4278
4437
4150
5059
4771
4950
4927
4747
4771
4771
4120
5118
4771
4889
4860
4120
4389
4384
4384
4221
4221
4955
4334
5058
4858
5058
5041
5090
4702
4835
4145
4955
4416
4654
4835
5112
4739
4934
4771
4484
4845
4763
4782
5110
4770
4465
5112
5041
4654
4983
4589
5110
4460
4705
4431
4876
4763
4145
4615
4589
4766
4589
4792
4589
4589
4589
4899
4782
4684
4852
4829
4782
4772
5090
4934
4839
4546
4170
4654
4747
4170
4971
4926
4817
4589
4170
4170
4622
4589
5095
4589
4905
5114
4800
4898
4810
5079
4835
4739
4132
5029
4861
4625
4625
5115
5058
4931
5058
4862
4812
4589
4852
5058
4170
5058
4500
5118
4926
4431
4934
4810
4170
4510
4660
4256
5029
4660
4660
5052
4875
5018
4660
4624
4624
4624
4624
5059
4739
4624
4456
5094
5114
4132
4927
4971
4720
5058
4934
4949
5114
4876
4934
4589
5011
4983
4654
4934
4589
4927
4132
4119
5110
4589
4132
4747
4589
4654
4460
4589
4589
4456
5015
4889
4829
4431
4624
4934
4132
5094
4810
4170
4305
4747
9223
5937
5323
5495
6127
6032
6101
5530
5316
6110
6022
5951
5903
6032
5566
6048
5267
5840
6086
5391
6039
5951
5951
5816
6110
5805
5159
6087
5165
5473
6024
5473
5170
5209
6005
6059
5287
6127
5931
5745
5514
6109
5473
5635
5982
5805
5908
5924
6005
5595
5527
6097
5665
6110
5235
5473
5665
5530
5908
5701
6103
5814
6069
5173
5231
5457
5925
5726
5747
5498
5517
6101
5625
6097
6097
5318
5924
5159
6022
5982
5498
5951
5950
5834
6097
5331
5805
5625
5533
6101
5982
6097
5159
5805
5814
6004
6048
6097
6097
6113
5726
5834
5834
5924
6127
5574
5814
5561
5574
5745
6083
6083
5814
6012
6110
5814
5457
5951
5233
5805
5908
5457
5414
6004
6048
6027
5982
5310
6050
5310
5766
5951
6004
5811
6109
6097
6027
5231
5231
5527
5742
5574
5495
5805
5415
6004
5159
6048
6004
6004
6004
6048
5832
5527
5726
6083
5231
5225
5869
6002
6109
5159
5310
5310
5701
5805
6002
5414
6002
5533
5832
5726
5527
5498
6097
6083
6048
6087
5805
6002
6004
6005
6005
5924
6024
5766
6083
5924
5766
5856
5498
5536
6089
5231
6004
5988
6048
5832
5982
6048
5924
5726
5726
5726
5832
5159
5766
5805
6050
6024
6097
5310
6110
5310
5310
5495
5726
5495
5805
6002
5988
5310
6050
5988
6050
6109
5498
5495
5231
5527
5527
6048
6109
5527
5310
5924
6002
5231
5766
5495
6109
6048
6048
5766
6027
5226
6071
5834
6032
5414
5657
5318
6083
6032
5793
5808
5205
5814
6103
5715
5997
5657
6101
5643
6073
5772
5726
5231
5130
6022
5862
5452
5460
5625
5406
6029
5625
5135
5625
5908
5725
5452
5452
5811
5203
6022
6050
6024
5814
5533
5951
5533
6110
5231
6020
5574
5533
6110
5986
5268
5517
5492
5772
6097
5800
5805
5231
5291
5185
5457
5305
6140
5170
5245
5303
5185
5305
5937
5245
5880
5331
5769
5135
6110
5373
5536
6140
5904
6140
6140
6140
5331
5331
5331
5963
5268
5331
5268
5268
5355
5999
6110
5291
5287
5924
5726
5245
5561
6023
5803
5527
5937
6005
6023
5245
5982
5161
6103
6089
5231
6029
5318
5318
5498
6048
6017
6103
5773
6140
5480
5278
5916
5517
5473
6002
6140
6119
6140
5268
5597
5999
5305
5414
5220
5517
6110
5497
5391
5643
5808
5481
5268
5503
5457
5481
5895
5597
6048
5895
5643
5772
5657
5657
5849
5587
5498
5805
5495
6101
5283
5159
6101
6101
5805
5805
6059
5574
5211
5805
5988
6032
5988
5303
5496
5527
6103
5625
6073
6097
5561
5815
5726
5318
5318
6032
5856
5856
5233
5982
6059
5233
5456
6004
6103
5577
5773
5731
6085
5465
5881
6048
6083
5982
5189
6024
5310
5287
5982
5530
6109
6050
5135
6024
5924
5925
6032
5904
6140
6109
5268
5898
6069
5395
5724
5886
5599
5287
5268
6140
6110
5869
6140
5856
5170
5833
5268
6078
5388
5305
5816
6073
5566
5268
5266
6050
5566
6032
5480
5898
5811
6109
6048
5814
5473
5220
5411
5530
6127
5433
5903
5373
5480
5657
5480
5988
5874
5869
5383
5318
5692
5303
5139
5937
6082
5815
6082
5777
5125
5480
6120
6109
5574
6005
5533
6109
5536
6073
5741
6032
6140
5849
5574
5937
5964
5644
5474
5800
5726
5772
6109
5657
5670
6045
5456
5614
5225
5183
6097
5267
5772
5862
5951
5266
5257
5924
6097
5456
5489
6103
5701
6038
5287
5692
5566
5988
5908
5811
5856
6005
5814
6004
5811
5747
6012
5533
5724
5814
6004
5935
6089
5839
6012
5929
5856
5566
5226
5527
5793
5374
5533
6017
5814
5657
5657
5800
6109
5310
6024
5736
6110
6022
6042
5800
5318
5170
6082
5793
5566
5581
5566
5220
6040
5533
5814
6109
5574
5303
5657
5834
5726
5869
5123
5159
5708
5811
5502
5657
5495
5141
5231
6024
5927
6113
6024
5391
5988
6005
5159
6048
5372
6032
5772
5635
5614
5657
5533
5318
5745
5772
5530
5814
6083
6127
5495
5982
6113
5287
5839
6110
5495
5310
5811
5414
5421
5400
5477
6050
5731
6083
5614
5931
5310
5931
5956
5220
5173
5220
5318
5159
5123
6103
5220
5150
6005
5611
6101
5495
6110
5805
5383
5955
6109
5982
6127
5766
6050
5665
5816
5811
5614
5725
5498
5834
5178
5725
5495
5391
6045
5772
5811
5498
6109
5498
5924
5391
5672
5498
6002
5498
5477
5498
5527
5964
5310
6004
5766
5532
5225
6004
5477
5333
5391
6083
6027
5527
5495
6127
6103
5495
5159
5502
5566
9224
7119
6505
6386
6925
6778
7031
6970
7155
6487
7107
7157
6392
6357
6146
6783
6705
6622
6383
7115
6605
6337
6621
6711
7031
7155
7008
6907
6556
6646
6810
6622
6705
6758
6549
6755
6303
6605
7072
6622
7014
6303
6794
6928
7078
6870
6693
6661
6303
6837
6784
6189
7067
6191
6779
6189
6605
6700
6249
7091
6570
6958
6303
6517
6810
6189
6958
6995
6543
6164
6995
6303
6189
7149
6674
6303
6794
6776
7081
6646
6827
6969
6794
6649
6790
6661
6303
6794
6684
7090
6827
6303
7082
7073
6631
6383
6958
7022
6693
6912
6154
6631
6969
6189
6912
6776
6631
6199
7155
6631
6189
7064
6794
6517
6969
6729
7014
6487
6322
7075
6480
6579
6211
6628
6794
6649
6556
7115
6303
6238
6705
7119
7073
7064
6958
6855
7073
6329
6163
7073
6185
6185
6383
6478
6631
6794
7119
6649
6303
6794
6705
6794
6969
7047
6189
7139
6478
6574
6556
7149
6189
6329
6487
7073
7029
6912
6284
6969
6958
7149
6163
6631
6631
7090
7031
6845
6649
6649
6776
6487
7029
6705
7126
6958
7014
6886
6574
6649
6154
7073
7025
6329
6163
6383
7047
7047
7108
6827
6969
7126
6163
6185
7149
6776
6329
6154
6631
6303
6794
6478
6579
6478
7047
6579
6185
6776
7083
6284
7047
6284
7149
6969
6511
6605
6646
6912
7139
7047
7047
6845
6912
6329
7025
7149
7029
7149
7149
6154
6776
6154
6185
7139
7155
6579
7088
7119
6478
6517
6605
7119
6931
6931
6931
6931
6931
6995
6530
6741
7155
6854
6406
6868
6406
6406
6638
6854
7008
6705
7125
6605
6154
6530
6530
6827
6827
6377
6958
6788
6895
7024
6652
6483
6966
7155
6817
7072
6628
7075
7002
6711
6912
7119
6638
7000
7073
6638
6776
6969
6380
6418
7139
6506
6437
6709
7120
6384
6999
6969
6917
6250
6304
6998
6785
7148
6984
6865
6728
6543
6931
6543
6931
7032
6931
6931
6843
6922
6931
6931
6931
6918
6868
6931
6931
6931
6931
6534
7067
6931
6705
6931
7107
6931
6748
6203
6324
6931
6788
6925
6969
7024
7014
6437
6163
6785
6429
6785
7047
6622
6289
6163
6845
6947
6969
6622
6163
6643
7047
6931
6998
6854
6643
6931
6931
6969
6153
6768
6868
6550
6812
6969
6585
6855
6837
6517
6646
6802
6649
6148
6827
6459
6575
6369
6620
6620
7072
6947
7107
6208
6741
6406
6146
6931
6931
6534
6776
6827
6674
6638
6788
6693
6553
7002
7014
6480
6794
6284
6788
6458
6329
7029
7155
6628
6191
6553
7029
7075
6163
6827
6622
7085
7002
6154
6160
6571
6605
6638
6154
6160
6494
6649
6180
6574
6711
6357
7107
6776
6605
6471
6154
7042
6179
6471
6179
6784
6605
7068
6976
6494
6380
7000
7081
6551
7047
7107
6517
6848
6148
6166
6638
6998
6931
6931
6931
6931
6896
6378
6709
6557
6382
6931
6931
6234
6154
6748
6969
6931
6931
6931
6505
6931
6593
6785
6774
6931
6534
6931
6931
6631
6812
7031
6779
6728
6895
6483
7149
6346
7119
6693
7149
6843
7029
6250
6984
6922
6927
6720
6346
7132
6779
6166
7133
6553
7007
6657
6450
6958
6775
7131
6534
6958
6951
6674
6834
6778
6478
6969
6284
6509
6169
7038
7007
6969
6983
6195
6747
6539
6843
6516
7031
6855
6868
6542
6684
6682
6994
6492
6160
7007
6700
6560
7000
6711
6674
6530
6649
6481
6284
6631
6782
6827
6817
6412
7007
7139
6631
6711
6794
6873
6605
6638
6711
6969
6958
6958
6483
6154
7067
6963
6958
6868
6172
6951
6720
6172
6958
6827
6895
6892
6492
7073
6925
6837
7119
6303
6958
6189
6329
6947
6605
7147
6947
6657
7073
6154
6646
7090
7028
6855
6836
6649
6189
6649
7075
6564
6646
6631
7147
7039
6556
6794
6951
6502
7100
6661
6925
6969
6585
6925
7149
7088
6827
7147
6939
6895
6711
6163
6776
7075
7115
6194
7088
7075
6323
6154
6163
6303
6530
6925
6888
6746
6329
7075
7149
6533
6284
6383
6322
7029
7126
6303
6154
6827
6768
6185
6817
6284
6922
6827
7090
7029
6478
7058
6284
6478
6163
7064
6969
6944
7075
7047
6827
6329
6705
6912
7029
7139
6189
6912
6817
6995
6530
6764
7073
6160
7029
6776
6768
6574
7155
6778
7115
6605
6605
6329
7119
7126
7090
6827
6848
6649
6995
6778
7119
7031
6543
7090
7139
6605
7155
6995
6776
7031
6970
7004
6768
6827
6778
7126
6778
6185
6995
6912
7115
6995
7149
6163
7073
6776
7139
7073
7007
6163
9225
7764
7796
8106
7557
7753
8172
7533
8034
8172
7578
7659
7910
7646
7720
7559
8161
7923
8105
7519
8104
7991
7486
7694
7845
7528
7963
8013
8093
8094
7461
7752
7842
8151
7183
7532
7646
7499
8063
7533
7246
7696
8151
7577
7916
8044
8093
7632
8055
7484
7646
8002
8162
8055
8042
8093
8106
7714
8096
7513
7835
7184
8021
7246
7528
7967
7533
7882
7718
8112
7528
7862
7948
8096
7754
8029
7924
7940
7731
8034
7897
7519
7720
7534
7905
7967
8093
7411
7621
7462
8028
7275
7696
7932
8112
7715
8096
7577
8064
7967
8096
8183
7183
7319
7897
7528
8093
7533
7897
8165
8125
7897
7932
7246
7577
7963
7932
8145
7459
7842
8039
7632
8145
7897
7897
7897
7924
7897
7835
7948
8034
7557
7577
8142
8161
8145
8002
8183
8161
7533
8145
8076
7173
7242
7663
7794
7577
7897
7794
8076
7577
8021
8042
7528
7326
7923
8183
7694
8164
7246
8076
8101
8039
7950
8164
8021
7835
7694
8183
8076
8145
7753
7923
7948
8063
7923
7653
7940
7354
8076
7718
7940
7718
7940
7459
7950
7459
8076
7940
7720
8106
7835
7835
8034
8164
8106
7967
8034
8076
8034
7835
7653
7940
8145
7948
7967
7577
7932
8028
8021
7577
7897
7653
8183
7940
8076
7948
7932
7730
8162
7730
7632
8028
8064
7940
7653
8145
7835
7730
8162
8034
7940
8162
8145
8183
7730
8145
7940
7940
7730
7612
8183
7940
7510
7950
7940
7469
7932
7715
8055
8064
7578
7828
8164
7796
7586
7653
7993
7547
8058
8054
7912
8053
7510
7911
7590
7709
7924
7932
8002
7652
7911
8151
7183
7678
7720
7275
7638
7991
7678
7305
7648
7911
8112
8174
8055
7528
8183
8162
8093
8161
8055
8068
7954
7991
7923
7950
7911
7948
7396
7839
7693
7940
7460
8029
7484
7574
8162
7794
8165
7517
8104
7337
8042
8053
7579
7461
7995
7923
7356
8053
8151
7579
7579
7293
7831
7889
8164
8042
7204
7699
7991
7228
8088
7916
7326
8088
7905
8151
7638
7467
7346
7962
7728
7277
7954
8161
8145
8042
7912
7794
8165
7735
7456
7818
8013
8002
8053
7845
7459
7414
7678
7912
7911
7460
7459
7910
8174
8093
7728
8141
7621
7621
7831
7195
7905
8029
7202
7422
7202
7929
7528
7991
7579
7528
8101
7573
7678
7246
8054
7720
7556
7754
8002
7451
7559
7449
8186
7459
7783
7630
7230
8054
7754
8044
7632
7220
7638
7497
7678
7776
7557
7590
7173
7484
7694
7621
7577
8128
8002
8044
7495
7282
7654
8044
7326
7715
8161
8161
7638
7753
8172
8161
7586
7407
7459
8037
8039
8112
8162
7897
8172
8093
8161
7524
7954
8183
8162
7795
8039
7696
8004
7715
7621
7548
8002
7484
7577
8076
7923
7557
8013
8104
7557
8174
7528
8042
8145
7882
8073
8039
8053
8153
8112
8177
7182
8177
7841
7459
7755
7349
7290
7893
7659
8025
7592
7349
7250
7893
8161
8002
7905
8042
7680
7202
7669
7525
7694
7200
7646
8055
7411
7653
8101
7669
7967
7796
7275
7638
7923
7519
7940
7815
7632
7519
7288
7893
7715
7246
7718
7882
7476
7722
7576
7565
7974
7183
7236
8151
7828
7924
7411
7533
8165
7950
8034
7694
8160
7962
7796
7411
7680
8162
8044
7419
7652
7574
8044
7762
7487
7694
8064
8174
7250
7991
8125
7778
7720
7548
7778
8042
8029
7905
7643
8034
7612
7828
8106
7967
7459
7414
7967
7293
7459
8096
7411
8028
8096
7577
7246
7923
7173
8064
8112
8028
7678
7967
7967
7577
8055
7459
8151
7612
7532
7932
7293
7319
7492
7228
7183
7752
7352
7445
7715
7634
8183
7612
8002
7532
8162
8164
7841
7814
8133
7451
8107
7577
7484
8162
7715
7766
7897
7532
7696
7577
7897
7183
7183
7411
8013
7796
7195
7183
7275
7949
7923
8142
7757
7948
7577
7275
7916
7715
7843
8183
8104
7577
7451
7728
7183
7557
7961
7532
7579
8166
8034
7880
8034
7696
7264
7842
8162
8076
7574
7967
7214
8076
7753
8101
7460
7940
7932
7532
7916
7663
8053
8042
7882
7204
8165
7533
7866
8034
7836
7796
7879
7820
7916
7923
7940
7533
7740
7967
8183
7449
8013
8021
8013
7766
8013
7730
8013
7897
8161
7940
7577
7932
8161
7954
8161
7923
7940
8151
8162
7923
8002
7916
7533
8034
8161
7932
7459
7653
7574
8162
7275
8028
7416
7532
7715
7916
8183
7961
8162
7967
7796
8162
7954
8076
7678
8021
7835
7718
7411
8162
7905
7718
8161
7923
7753
8002
7715
9226
8417
8493
9129
8664
8661
8991
8515
9070
8917
8664
8708
8558
8220
8208
8255
8905
8365
8313
8501
9037
8602
9021
9070
9027
9185
8661
9129
8402
8760
9024
8518
8863
8751
8208
8660
9205
8661
9162
8365
9196
8381
8980
9149
8294
8651
9015
9123
8760
8255
8820
8831
9181
8424
8483
8661
8661
9210
9196
9027
8414
8650
9007
9196
8755
8831
9153
8998
8514
9165
9070
8893
8365
8735
8998
8602
8661
8839
8594
8248
8661
8987
8661
8862
8661
8413
8299
9037
9189
8831
8998
8429
8365
9010
9166
8750
8893
9010
8402
8863
9070
8465
9123
8402
8535
8602
8852
9123
8755
9157
8204
8658
8843
8411
8514
9022
8852
8998
8402
9168
8631
8820
8892
9008
8472
8720
8365
8664
9211
9091
8514
8820
9037
8381
8365
8667
8712
8365
9123
8234
8667
9123
8750
9129
9180
8760
8365
9020
8575
9139
8365
9051
8365
9027
8960
8606
8575
8852
8736
8402
9091
9051
8790
8501
8535
8575
9020
9020
8234
8514
8234
8425
9204
8204
8365
8327
9020
9051
9010
8909
8893
9139
8429
9210
9211
8820
9204
8893
9204
8712
9129
8750
8820
9027
9181
8585
9205
8667
9020
9020
8893
8726
9129
8514
9027
9010
9129
8831
8365
8402
9211
9181
8892
8602
9091
9204
9091
9181
9010
8365
9139
8831
9129
8429
9020
8535
8893
8365
9210
9181
9167
8585
8667
8750
8820
8820
8667
8852
9091
8892
9123
9167
8852
8893
8575
8932
8234
9010
9210
8831
8852
9070
8608
9211
8409
9129
8538
8851
9029
8960
9029
8997
8444
8664
8661
8936
8538
8372
8909
9123
9210
8892
9007
8909
8712
8814
8537
9037
8661
8755
8575
8697
8365
8980
9204
8760
9123
8234
9037
8900
9123
9037
8234
8365
9196
8514
9123
9089
8444
8602
8627
9116
8444
8493
9089
8440
9128
8558
8365
8255
9132
8650
8751
8526
8910
8555
9051
8413
8322
8502
9070
8843
8520
8568
9089
8974
8367
8759
8621
8831
8635
8444
8650
8766
8372
8851
8514
9132
8851
8842
8285
8708
8847
9129
8743
8679
9180
9171
8428
9024
9089
8535
8621
8255
8621
8661
8851
9204
8862
8708
8327
8664
8585
8444
8862
8697
8593
8530
9128
9204
8602
8546
9070
9180
8667
9211
8893
8935
8235
8751
8762
9051
8418
8823
9132
8429
8548
8518
8514
8755
9157
8895
8425
9029
8354
8602
8257
8871
9185
8409
8354
9038
9211
8535
8800
9051
9045
8621
8642
9063
8585
9181
8998
9078
8843
8936
8537
9027
8907
9139
8667
8255
8790
9139
8502
8831
8825
8712
8998
9023
8535
8323
9029
8546
8717
9177
8831
8697
8970
8621
8714
9027
8208
8416
9095
9079
9037
8664
8998
8337
8664
8722
8661
9013
8365
9027
8985
9211
8529
9070
8647
8546
8575
8425
9129
9089
8751
8664
8622
8551
9211
8516
9037
8661
8518
9070
8542
8440
8993
8472
8855
9157
8444
8863
8708
8685
8682
8444
8650
8501
9129
8750
8831
9070
8386
8862
8676
8722
9180
8234
8726
8608
8831
8697
8235
8750
8822
8974
8612
8502
8936
8773
8330
9181
8255
8327
8365
8346
8493
8200
8923
9102
8838
8660
8775
8936
8750
8852
8432
8831
8650
8661
9139
8661
8444
9029
9211
8372
9204
8650
9180
8850
8206
8429
8820
8631
8618
9166
8708
8362
8303
8586
8438
8661
9070
8936
8521
8676
8514
8820
9205
8207
8621
8850
9181
8514
8546
8839
8892
8425
9132
8720
8893
8535
9027
8998
9181
9116
8535
8551
8465
8594
9210
8743
9210
8820
8960
8903
8501
8975
9051
8950
8892
8465
8667
9051
8708
8661
9007
8535
8920
9029
8751
9074
9123
8708
8751
8998
8424
8839
8664
9195
9139
8980
8998
8660
9210
9023
8575
9205
8936
8820
8998
8852
8575
8722
9132
9129
8852
8751
9199
8667
9166
9132
8895
9205
8365
9024
8255
8411
9098
8863
9027
8602
8341
8402
9139
9007
8414
9098
8893
8327
8936
8551
8330
8575
8667
8535
9123
8726
8863
8998
8608
8372
8664
8372
8750
8575
8664
9132
9196
9027
9181
9199
9205
8208
8514
8750
8438
8863
8459
9181
8790
8538
9089
9181
8204
8814
8234
8750
8208
8472
9076
8920
9157
9189
8852
8820
8585
8851
9210
8664
8892
9114
8664
9020
9020
8851
9196
8664
8738
8750
8402
8664
8664
9196
8893
9037
8667
9139
8575
9027
9189
9196
8575
8234
8667
9196
9027
8546
8575
9037
9020
9139
9129
8514
8852
9027
9123
9204
8575
8831
8823
8738
8514
8760
8402
8608
9020
9014
8936
8429