9217
9218
257
104
1016
103
682
503
765
26
271
704
574
628
548
780
10
957
10
4
26
704
620
591
763
778
763
778
765
765
210
599
599
726
158
313
137
103
137
610
137
579
137
579
137
579
765
4
628
574
237
574
758
76
608
620
516
763
778
763
778
679
778
679
957
679
778
679
778
679
4
575
765
766
574
766
457
266
960
210
726
928
763
778
763
148
679
778
679
778
679
778
765
171
792
792
1016
265
1016
503
1016
210
379
160
688
928
765
347
206
792
267
148
843
1016
688
1015
781
6
6
6
831
831
858
379
160
599
765
767
574
148
758
358
893
206
792
265
831
97
270
97
608
598
765
171
574
548
123
267
267
265
411
917
411
957
765
4
574
171
704
704
238
380
566
380
380
758
974
267
267
903
76
598
667
47
758
970
23
267
265
267
985
957
52
765
171
766
766
430
766
76
76
37
523
210
599
582
13
533
1022
986
1022
198
1022
1022
26
847
511
667
164
511
847
800
46
88
850
960
379
599
13
13
390
178
178
847
688
501
919
237
688
608
430
847
570
598
598
608
57
123
210
489
517
13
343
9
785
9
785
148
932
982
238
518
982
847
987
598
598
205
669
843
847
847
987
598
76
667
843
9
974
566
280
238
280
238
171
123
405
598
367
178
607
178
178
178
789
608
398
839
398
385
780
847
847
847
385
839
76
839
758
280
839
830
816
839
758
839
457
960
379
169
13
533
463
533
238
518
238
518
238
518
548
847
238
847
847
847
608
758
974
531
744
758
548
758
26
267
917
497
497
850
792
831
911
850
516
980
265
763
778
980
980
980
975
137
137
694
704
137
694
137
60
654
60
654
60
654
60
654
60
60
23
654
60
60
60
60
60
60
60
60
60
60
60
60
60
60
60
23
60
60
60
575
4
765
37
37
980
591
975
930
379
599
928
293
928
765
628
620
591
591
579
137
658
137
137
137
4
980
206
763
179
763
778
293
778
765
4
980
591
591
579
293
579
293
579
765
765
171
620
79
6
313
654
854
765
4
704
704
850
781
210
38
79
403
798
798
798
757
798
757
798
957
798
757
798
206
79
1014
821
1014
821
1014
821
1014
765
171
171
123
79
60
654
60
654
60
654
60
765
171
980
591
233
6
293
975
293
505
293
4
765
704
792
856
9219
1981
1981
1807
1807
1807
1807
1807
1232
1232
1371
1777
2025
1777
1777
1895
1371
1653
1903
1895
1903
1995
1895
1371
1349
1349
1371
1349
1911
1076
1884
1777
1097
1097
1347
1097
1097
1097
1097
1801
1801
1777
1884
1903
1155
1924
1334
1835
1924
1188
1720
1694
1188
1924
1349
1807
1903
1300
1349
1991
1903
1659
1807
1924
1349
1807
1515
1349
1394
1903
1454
1252
1748
1456
1456
1454
1371
1723
1928
1515
1454
1300
1523
1857
1347
1895
1995
1895
1995
1895
1349
1895
1115
1115
1496
1115
1911
1097
1097
1911
1097
1097
1903
1349
1371
1928
1371
1879
1371
1879
1858
1879
1454
1371
1858
1454
1911
1720
1653
1324
1324
1324
1324
1653
1895
1181
1981
1181
1181
1981
1981
1981
1981
1981
1981
2023
2023
2023
2023
2023
1298
1777
1801
1801
1777
1924
1924
1777
1884
1884
1895
1720
1334
1298
1298
1981
1181
1324
1653
1252
1298
1298
1981
1748
1653
1653
1653
1252
2023
2023
2023
1748
1653
1777
1394
1959
1959
1995
1232
1347
1371
1232
1995
1188
1155
1694
1981
1924
1981
1924
1981
1924
1748
1252
1748
1252
1394
1371
1995
1777
1903
1232
1924
1884
2000
1995
2025
1995
1394
1394
1777
1748
1157
1653
2023
1454
1653
1252
2023
1349
1653
1252
1456
1371
1924
2023
1456
1653
1924
1748
1628
1653
1252
1748
2043
1653
2023
1454
1628
1252
2023
2043
1653
2043
1748
1858
1653
2023
1456
1454
2000
1858
1456
1456
1454
1748
1628
1456
2023
1454
1454
2041
2023
1858
1723
1723
1456
1456
1456
1515
1454
1454
1252
2023
1858
1858
1858
1858
1858
1456
1456
1454
1456
1454
1900
1454
1858
1419
1720
1981
1394
1903
1334
1076
1334
1349
1076
1349
1115
1417
1417
1417
1417
1076
1417
1417
1417
1417
1076
1777
1777
1394
1777
1777
1903
1903
1911
1995
1928
1371
1371
1748
1155
1181
1981
1694
1653
1371
1924
1981
1252
1232
1252
1232
1653
1995
1628
1371
1628
1748
1394
1748
1928
1371
1371
1653
1777
1928
1928
1928
1928
2000
1995
1628
1928
1777
1659
1777
1995
1298
1298
1298
1298
1981
1981
1981
1981
1981
1981
1981
1981
1181
1181
1181
1181
1653
1653
1653
1653
1653
1653
1653
1653
1653
1924
1924
1924
1924
1252
1252
1252
2023
1298
1298
1298
2023
2023
1298
2023
1981
2023
1981
1981
1981
1981
1981
1748
1748
1748
1653
1653
1653
1815
1815
1815
1815
1815
1815
1895
1924
1924
1924
1895
1924
1995
1298
1777
1298
1298
1298
1298
1298
2023
1981
2023
1981
1981
1981
1981
1981
1981
1748
1748
1748
1653
1653
1653
1653
1653
1653
1653
1653
1653
1252
1924
1252
1252
1252
1252
1777
1759
1317
1981
1515
1991
1371
1924
1723
1515
1628
1903
1515
1723
1515
1723
1456
1628
1723
1515
1371
1456
1515
1723
1232
1252
1456
1628
1928
1515
1748
1456
1928
1723
1371
1371
1456
1928
1928
1515
1928
1115
1347
1115
1347
1115
1115
1394
1995
1928
1347
1347
1347
1347
1428
1622
1347
1097
1097
1911
1097
1097
1115
1097
1097
1857
1911
1097
1115
1701
1701
1959
1097
1959
1097
1097
1097
1959
1959
1097
1561
1523
1097
1300
1347
1457
1347
1347
1561
1561
1561
1561
1561
1701
1300
1300
1300
1097
1701
1300
1300
1097
1300
1300
1300
1300
1097
1097
1097
1300
1300
1300
1300
1300
1300
1300
1300
1300
1300
1300
1300
1300
1300
1300
1300
1300
1300
1300
1371
1496
1496
1496
1496
1879
1690
1097
1097
1115
1115
1317
1780
1317
1298
1287
1807
1188
1181
1324
1924
1777
1298
1807
1981
1181
1815
1815
1801
1300
1298
1981
1981
1815
1815
1777
1349
1777
1097
1097
1097
1097
1097
1097
1903
1097
1349
1349
1097
1777
1628
1428
1911
1690
1097
1523
1097
1097
1097
1097
1801
1097
1097
1097
1115
1115
1157
1252
1252
1777
1523
1690
1714
1690
1659
1801
1777
1097
1371
1076
1496
1349
2000
1995
1371
1928
1884
1764
1331
1694
1188
1807
1924
1334
1317
1547
1115
1115
1232
1115
2023
1928
1653
2000
1777
1777
1995
1995
1252
1076
1349
1777
1903
1349
1807
1777
1903
1349
1777
1903
1349
1777
1252
1748
2023
1252
1748
2023
1777
1701
1347
1690
1347
1097
1097
1801
1347
1347
1347
1347
1097
1777
1252
1349
1523
1523
1561
1701
1801
1690
1807
1561
1097
2046
1694
1181
1981
1115
1232
1924
1653
1371
1981
1097
1300
9220
2918
2777
2421
2588
2588
2707
2964
2788
2788
2510
2820
2162
3012
2818
2989
2985
2119
2936
2949
2119
2350
2801
2350
2968
2936
2579
3000
2868
2791
2350
2944
2815
2818
2791
2942
2412
2818
2564
2694
2694
2818
2985
2818
2314
2126
2869
2746
3069
2694
2829
2918
2513
2513
2513
2513
2513
2925
2990
2513
2513
2513
2333
2513
2513
2513
2513
2513
2452
2162
2877
2531
2990
2452
2942
2945
2612
2694
2813
2694
2990
2091
2815
2276
2830
2552
2830
3055
2830
3050
2119
3050
2378
2936
2847
2628
2847
2694
2267
2818
2800
2968
2489
2485
2544
2407
2544
2818
3017
2818
2800
2818
2411
2552
2119
2936
2907
2696
2869
2936
3069
3055
2968
2096
2801
2791
2232
2956
2128
2544
2791
2119
3055
2096
2489
2830
2119
3035
2411
2097
2214
2097
2694
2936
2986
3012
2510
2884
2214
2791
2889
2126
2884
2214
2214
2869
2694
3050
2119
2314
2949
2694
2788
2869
2869
2350
2097
3012
2097
2791
2869
2350
2506
2936
2989
2789
2700
2767
2993
2350
2184
2470
2762
2638
2097
2801
2883
2771
2883
2609
2694
2224
2907
2694
2350
2788
2677
2976
2350
2097
2352
3044
2470
2352
3044
2350
2928
2314
2944
2350
3044
2976
2976
3012
2748
2791
2907
2452
2889
2939
2248
2990
2990
2907
2544
2748
2325
2907
2694
2990
2990
2694
2788
2813
2877
2788
2119
3012
2936
2452
2889
2990
2544
2791
2788
2642
2649
2968
2694
2350
2985
2452
2452
2350
2985
2990
2452
2162
2649
2649
2612
2990
2564
2985
2976
2592
3017
3017
3017
2788
2990
2925
2990
2990
2944
2907
2411
2907
2813
2350
2748
2813
2907
2735
2788
2990
2350
2411
2619
2869
2813
2535
3032
2452
2989
2525
2097
2330
2777
2907
2949
2748
2989
2330
2091
2748
2694
2748
2925
3008
3008
2544
2789
2818
2818
2976
2350
2478
2788
2907
2985
2119
2986
2552
2608
2815
2869
3017
2771
3032
2788
2544
2936
2869
3012
2478
2119
2748
2944
2945
2788
2791
2942
2936
2985
2976
2694
2619
2813
2350
2411
2818
2411
2421
2944
2048
2818
2097
2097
2800
2694
3008
2907
2788
2421
2976
3008
2857
2976
2350
2801
2694
2857
2694
2694
2869
3008
2350
2350
2350
2985
3008
2985
2985
2478
2478
2694
2694
2097
2097
2097
2097
2694
2694
2694
2788
2788
2801
2788
2964
3008
2694
2694
2694
2694
2350
2869
2869
2350
2869
2869
2869
2694
2320
2983
2048
2119
2860
2986
2791
2462
2936
2097
2860
2097
2350
2788
2857
2253
3050
2608
2608
2800
2788
2472
2552
2857
2976
2694
2694
2506
2800
2791
2350
2869
3008
2789
2869
2818
3008
3012
2789
2961
2119
2694
2800
2097
2791
2788
2746
2453
2394
2883
2989
2949
2467
2925
2119
2411
2314
2813
2748
2813
2818
2976
2119
2990
2789
2544
2748
2877
2748
2694
2478
2800
2393
2990
2452
2791
2748
2119
2925
2694
2478
2452
2452
2990
2942
2972
3009
2813
3007
2912
3023
3043
2564
2972
2942
2791
2767
2470
2844
2628
2162
2510
3035
2856
2190
2190
2190
2190
2190
2585
3039
2815
2129
2513
2818
2857
3024
3024
3024
2657
3024
3024
2198
2918
3024
2834
2834
2834
2834
2834
2834
2834
3062
3062
3062
2054
2419
2482
2400
2400
2400
2400
2400
2400
2398
2834
2834
2834
2834
2834
2834
2834
2400
2400
2400
2400
2400
2400
2834
2834
2834
2834
2834
2834
2419
2400
2400
2400
2400
2400
2400
3055
2398
2398
2398
3043
2972
2694
2411
3055
2190
2190
2190
2190
2401
2540
2540
3023
2434
2440
2907
2694
2608
2190
2350
2531
2860
2788
2513
3050
2462
2513
2501
2097
2501
2462
2091
2198
2786
3000
2818
2788
2788
2907
2889
2944
2411
2800
3050
2190
2347
3017
2552
2421
3017
2889
2985
2190
2190
2190
2190
2925
2190
2190
2190
2190
2190
2190
2190
2350
2350
2889
2540
2788
2400
2400
2758
2400
2400
2400
2400
2400
2400
2907
2818
2609
3055
2848
2928
2649
2411
2323
2599
2599
2770
2484
2983
2628
2928
2470
2985
2907
3017
2848
3045
2325
2844
2848
2174
2174
2091
2844
2928
2889
3017
2323
2323
2628
2608
2983
2983
2983
2323
2323
2323
2608
2983
3017
2411
2162
2694
2907
3055
2400
2400
2400
2400
2400
2400
2400
2400
2400
2400
2400
2400
2920
2789
2649
2190
2063
2081
2883
2190
2190
2190
2190
2552
2717
2801
2956
2628
2190
2097
2694
2928
2889
2976
3012
2777
9221
4091
4091
3665
4036
3802
3802
3802
4094
3914
3966
3660
3585
3869
3552
3552
3552
3747
4072
3310
3935
3869
3987
3552
3880
3950
4039
3887
3552
3335
3824
3843
3883
3492
3194
3492
4039
3506
3990
3084
3492
3747
4039
4008
3804
4088
4008
3893
4088
4079
3401
3647
3914
3950
3388
3106
3933
3367
4087
3388
3715
4072
3903
3428
3997
3670
3452
3674
3645
4087
3552
4079
4054
3111
3893
4072
3869
3674
4054
4054
3725
3500
3887
3950
3933
3413
3157
3103
3157
3950
3084
3840
3933
3154
3764
3950
3095
3901
3133
3736
4039
3935
4008
3157
3812
3933
4087
3284
4039
4079
4087
4087
3933
4087
4072
3782
3933
3333
3942
3824
3517
3951
3719
4088
3618
3929
3437
3869
3950
3880
3929
3437
3716
3890
3909
3698
4088
3704
3904
4008
3951
3777
3585
3673
4067
3307
3269
4036
3724
3880
3307
3313
3576
3893
3950
3288
3916
3307
3942
4072
4039
4039
4039
3674
3747
3935
3933
3966
3940
4088
3690
3965
4088
3893
4053
3951
3990
3182
3647
3925
3747
3896
3715
3925
3782
3966
3526
3925
3699
3824
3893
3782
4088
3893
3725
3952
3356
4072
3929
4079
3783
4088
3952
3422
3259
4065
3745
3810
3795
3928
3747
3530
4087
3904
3928
4061
4054
3901
3747
4061
3237
3674
3940
3284
3901
3674
3940
4079
3719
3674
3824
3950
3891
3951
4061
4039
4039
4061
3893
4039
3869
3950
4054
3919
3869
3966
3966
3904
4061
3901
3904
4088
3893
3764
4072
3928
4079
3904
3869
3966
4088
3904
3904
3952
3893
3901
3891
3674
3259
3284
3928
3530
3810
3904
4079
3904
3924
3901
3891
3891
4054
3987
4072
3893
3747
4061
3893
3869
3198
4094
3891
3987
3887
3674
3942
3919
3982
3088
3202
3904
3952
3913
3913
3965
3621
3913
3965
3965
4054
4094
3674
3764
4087
3804
3804
3940
3919
3965
3674
3965
3933
3782
3950
3495
3824
3639
3919
3782
3935
3940
4039
3919
4094
3950
3869
3893
3919
3747
3725
3764
3935
3585
4039
3880
3111
3950
3869
3869
3839
3887
4079
3542
3824
3747
3674
3478
3507
3778
3951
3942
3935
3940
3950
3674
3950
3987
3824
3530
3893
3940
3940
3521
4008
3824
3940
3940
3893
3698
3698
3698
3690
3526
3674
3782
3940
3824
3778
3891
3725
3950
3690
3782
3933
3891
3690
3690
4088
3725
4088
4039
3111
4079
3869
3747
3747
3824
3952
3951
4088
3824
3935
3108
3778
3950
3843
3919
3928
3951
3778
3335
3844
3843
3126
3414
3778
3115
3690
3843
3674
3804
3893
3893
3335
3274
3940
4053
3284
3674
3869
3880
3787
3893
3893
3940
3690
4042
3893
3111
4054
3526
3674
4008
3869
3883
3690
3935
3933
3940
3690
3674
3935
4042
3577
3778
4042
3893
4079
3750
3940
3940
3891
3843
3950
4054
3198
3725
3725
3824
3725
3750
3690
3869
3335
4039
3904
3901
3674
3950
3824
3690
3674
3952
4039
3782
3690
3950
4072
3940
3782
3690
3674
4039
3914
3764
3904
4053
4072
3109
3925
3327
4079
3777
3925
3777
3413
3935
3095
4016
3802
3790
3790
3224
3707
3967
3777
3933
4072
3802
3913
4033
3940
4004
3816
4077
3839
3903
3913
3849
4077
4054
3924
3300
3598
4077
3613
3649
3649
3698
3668
3815
3354
3815
3673
3970
3970
3165
3300
3368
4088
3165
3802
3165
3725
4014
4014
3802
3802
3802
4094
3165
4053
3165
3165
3165
4006
4006
3165
3354
3690
4014
3165
4094
3260
3260
3870
3719
3736
3783
3335
3368
3368
3335
4087
3291
3305
3107
3305
3802
3183
3256
3555
3449
3600
3555
3449
3555
3675
3862
3987
4087
3552
3914
3825
4087
3533
3552
3913
3824
3732
3674
3903
4087
3970
3704
3890
3924
3824
3965
3965
4072
3935
3747
3797
3950
3862
3437
3437
3950
3965
3935
3704
3305
3555
3344
3555
3790
3790
4016
3942
3495
4042
4042
4087
3495
3555
3698
3965
3492
3802
3492
4006
3504
3299
3299
3283
3891
3950
3880
3924
3623
3904
3839
3966
3522
3270
3795
4019
3200
3600
3623
3600
3600
3600
3925
3547
3530
3924
3698
3530
3237
3891
3891
3966
3530
3891
3698
4054
3530
3891
3303
3822
3822
3778
3498
3891
3303
3303
4042
3822
3778
4042
3804
4072
3893
3698
3111
3736
3398
3891
3398
4006
4006
3965
3398
4085
3745
4006
4006
3368
3914
3338
3891
3906
3555
3555
3430
3517
3529
3555
3449
3555
3449
3293
4087
3182
3777
3530
4079
3623
3530
3743
3928
9222
4763
4676
5009
4763
4894
4106
4862
4455
4624
4161
5114
5114
5095
5106
4747
4132
4771
4771
5114
4771
4771
4771
4866
4747
4771
4711
4726
5009
4962
5029
4624
4852
4820
4855
4705
4768
4948
4501
4855
4254
4318
4948
4731
5029
5037
4615
4484
4889
4771
4510
4500
5110
4860
4820
4335
4500
4924
4924
4977
4812
5112
4853
4170
4921
4808
4720
4384
4924
4924
5118
4919
5058
4589
4589
4771
4771
4460
5059
4771
4985
4782
4676
4948
4855
4948
4768
4254
4768
4845
4242
4768
4948
4759
4875
4845
4615
4845
4948
4845
4948
4845
4948
4931
5015
4629
4747
4810
5110
5012
4747
4654
4170
5052
4837
4384
4970
4926
4926
5118
5018
5077
4625
4686
4972
4132
4810
4858
4771
5089
5089
5089
4810
4255
5114
4972
4445
5015
4654
5058
4983
4620
4711
4184
5012
5027
4817
4810
4646
5110
4510
5108
4737
5112
4977
5029
4654
4810
5012
4876
5114
4889
5110
5012
4876
4589
4654
4184
4810
4184
4654
4384
4170
5052
4830
4431
4508
5003
5018
4711
4782
5052
4771
4927
4861
4200
4654
4432
4830
4583
4810
5114
4747
4654
4889
5015
5058
4601
4934
5037
5018
4755
4625
4972
4625
5090
4629
4449
4985
4893
4800
4931
5012
5114
4460
5118
4810
5052
4170
4845
5089
4335
5040
4926
4900
4624
4950
4554
5058
5114
4977
4876
4654
4876
4876
4926
4311
4876
4876
4876
4876
4601
4905
4955
5118
4720
4132
4654
4654
5015
5110
4934
4985
4830
5114
4926
4955
4962
4961
5115
4460
5114
4132
4955
5095
5114
4950
4927
4384
4962
4374
4170
4934
4961
5015
4955
5114
5114
4145
4934
4962
4926
4384
4384
4955
4460
5029
5058
4202
4852
4876
4934
4926
4829
5115
5118
4972
5058
4771
4771
4771
4934
4460
4384
4132
4852
4852
4905
4771
4726
4988
4860
4384
4933
4145
4534
4686
4656
4983
4884
4950
5114
4625
4747
4145
4184
4810
4384
5115
5079
5056
4654
4384
4830
5108
5029
4625
5115
4384
5114
4876
5015
5115
5115
5108
5115
5029
5108
4170
5118
4876
5108
4905
4150
5108
4927
4389
5094
5110
4961
5115
4905
4184
4654
5114
5118
4810
5094
4589
5118
5052
4810
4305
4747
5059
4384
4615
4654
4145
4145
5015
4810
4150
5114
4384
4384
4132
5114
4934
4934
4931
5052
4654
5110
4384
4589
4747
4145
5015
4926
4905
5029
5118
5052
5052
4810
5015
4962
4747
4934
4747
4654
4615
4955
4810
4145
4484
5114
4132
4950
4889
5094
5089
4739
5040
4654
5029
4950
5110
4985
5094
4384
5015
4145
4559
5114
4305
5029
4500
5094
4170
5015
4921
5015
4654
4955
4624
4853
4830
4955
5052
4810
4460
5012
4384
5115
4615
5115
4654
5015
4802
4884
4132
4132
4456
4173
5118
5118
5114
5029
4747
4384
4625
4589
4926
4150
5114
4830
5118
4934
5058
4739
4983
4145
4934
5015
4889
5118
5094
4919
4926
4830
4985
4150
4800
4625
5052
5012
4950
4873
5018
4460
4720
4443
5112
5110
4593
5008
4950
4699
4510
4858
4460
4889
4876
4194
5049
4422
5118
4451
4108
4351
4351
4866
4332
4924
4824
4924
4624
4942
4942
4795
4377
4296
4476
5012
4926
4313
4522
4715
4414
4539
4305
5089
4705
5012
4795
5096
4313
4589
5022
4393
4747
4472
4539
4624
4305
4462
4462
4624
4462
5096
4714
4292
4292
5096
5059
4539
4292
4305
4292
4589
4624
4624
5096
5096
5059
4539
5096
4292
5118
4539
4462
4305
4539
5015
4759
5115
5015
4747
5059
4759
5015
4782
4800
4556
4973
4256
4120
5049
4927
4285
4508
4318
4318
4720
4484
4747
5015
5052
4269
4150
4561
4924
4759
5041
4782
5118
5115
4335
4931
5110
4924
4624
4269
4335
4905
4948
4845
4845
4948
4948
4386
4948
4948
4845
4254
4948
5041
4484
4451
4905
4440
4459
4459
4800
5079
4459
4246
4539
4539
4973
4660
4660
4875
5114
5109
4561
4305
5069
4684
4539
4414
4414
5114
4931
4589
4170
4221
4962
5118
4919
4200
4999
4254
4285
4705
4453
4593
4307
4983
4565
4125
4948
5040
4997
5079
4858
4624
4889
5118
4782
4397
4615
4905
4962
4961
4905
4731
4733
4881
4949
4484
4934
4702
4410
4624
4150
5089
5052
4889
4150
4876
5052
4962
4589
4221
4905
4835
5079
4931
5015
4292
4615
5037
4351
4296
4296
5012
5052
5118
5112
4660
4820
4120
4241
4285
4705
4610
4108
4800
4461
4660
5058
4274
4624
4705
5058
5118
4955
4455
4835
9223
6017
5231
5294
5456
6005
5875
5805
6035
5226
5930
5583
5159
5532
6103
5947
5910
6083
5856
5231
5310
5533
6083
5433
5947
5856
5563
6017
5635
5310
6097
5563
5130
5856
5412
6090
6102
5559
5316
5941
5725
5559
5769
5938
5964
6005
6073
6073
6073
5726
5530
5231
5249
5456
5527
6083
5982
6109
5411
5984
5574
6050
5566
5726
5566
6113
5840
5766
5947
6073
5947
5465
5800
5766
5495
5374
6024
5495
5527
5832
6109
5159
5874
5559
5938
6022
5493
5951
5938
6090
5498
5316
5970
6127
5433
5951
5566
5725
5724
5725
5725
5725
5725
5559
6004
5316
5982
5574
6004
5310
5625
5220
6024
5725
5231
6048
6071
5814
5533
6010
5498
5595
5467
5530
6106
6020
5997
5272
5839
5457
5130
5951
5566
6059
6083
5886
5816
6004
5625
5726
5125
5502
5374
5159
5839
5313
5829
5205
5956
5502
5281
5924
5467
5211
5988
5724
5566
5241
5988
6050
6005
5800
5574
5772
5231
5766
5383
6020
5533
5811
5566
5856
5856
5574
5726
5467
5844
6024
5566
5566
5910
5929
5566
5495
5772
5982
5391
5391
5800
6109
5391
6024
6005
5159
5391
6004
6020
5725
5324
5988
5725
6032
6110
5726
6110
5533
5529
6059
6020
5956
5736
5766
5310
5391
5574
5495
5231
6024
5726
5856
5456
5526
5456
5310
5856
6020
5766
6005
5811
5495
5566
6048
5924
5574
5766
5574
5924
6109
6103
6048
5495
5924
5574
5839
6024
5726
6103
6110
5982
5495
6127
6099
5766
5772
5391
6002
5310
5310
6083
5231
5310
5982
6103
5832
5829
5772
5231
5982
6002
5772
5566
5566
6002
5310
5657
5310
5527
5924
5982
5231
5231
5231
5310
5982
5816
6002
5495
6110
5862
6083
5585
5924
5310
6020
5533
5924
5924
5318
6050
5159
6101
5988
5811
5868
6083
5458
5211
5477
6109
6014
5625
5276
5498
5595
5283
5701
5657
5935
5856
5834
5625
5625
5231
5924
6004
5766
5231
6109
6073
5502
6089
6103
5495
5159
5574
5531
5231
5988
6050
6073
6050
5574
5502
6048
5726
5868
5869
5231
5231
5502
6109
5805
5226
6004
5414
5527
5363
6086
5231
6089
5908
6027
5574
5832
6087
5856
5498
6024
5805
6050
5811
5839
5533
6020
6020
5574
5766
5231
5726
6083
5310
5231
5869
6050
5805
5766
5726
5231
6097
5832
5924
5574
6097
5310
5568
5869
6024
5832
6005
5574
6024
6109
5726
5811
5310
6048
5766
5310
6005
6005
5231
5231
5834
6110
6101
6024
6005
5635
6050
6089
5496
5159
5318
5527
5456
5226
6097
5310
6050
6050
6032
6005
5527
6097
5527
6083
6083
6050
6097
6050
6017
5517
5910
6005
6005
6089
5726
5231
6103
5856
6005
5527
5766
5231
5982
6002
6005
5574
5982
5527
5816
6073
5805
6004
6097
5303
5805
5173
6004
6127
5635
5209
5310
5310
5370
5574
5832
6103
6109
5527
5303
5235
6089
6127
6050
6050
5726
5527
6004
6050
6109
5231
6089
6024
5159
5495
6109
5924
6050
5391
6048
5477
6028
5532
6110
5924
6039
6097
5278
5976
5220
6060
5856
5772
5475
5839
5995
6094
5640
5846
5725
6005
6050
5493
5159
5785
5532
6027
5931
6109
5644
5811
5927
5140
6073
5482
5351
6104
5533
6004
5457
6073
5803
5645
5881
5752
5473
5752
5527
5903
6110
6087
5778
6019
6087
6019
5456
6110
6040
6087
6027
6087
5780
5708
5566
6027
6027
5480
5480
5310
5635
6019
6087
6087
6112
6112
6087
5832
6027
6073
5832
5480
6019
6019
5331
5871
6082
5527
6110
5527
5495
6103
5625
6071
6041
5734
5409
6104
5730
6012
5651
5440
5162
6017
5303
5834
5805
5477
6020
6127
6085
5816
5731
6101
5367
5931
6032
5493
6083
5211
5367
5973
5726
6085
6042
5287
5559
5559
5559
6134
6134
6134
5445
5559
5734
5559
5559
5625
5318
5725
6104
6012
5264
5911
5446
5741
5158
5993
5374
5446
5323
5310
5495
5996
6005
6048
5574
6082
6059
5811
6071
5310
6103
5614
6004
5803
5951
5310
6101
5625
5951
5367
5323
5477
6032
5526
5799
5318
5869
5803
5800
5800
5614
5937
6109
5532
5766
5668
5869
5997
5495
6137
5834
5495
5625
5805
5310
5961
6023
5614
5517
5814
6023
5310
6023
5898
6002
6023
5924
6110
5772
5310
5814
5391
5310
5635
6101
5331
5708
5318
5123
6089
5158
5634
5924
5929
6083
5495
5331
5951
5480
5221
5254
5465
6109
5631
5203
5780
5323
5123
5669
6052
5398
5231
5495
5231
5477
5391
6050
6127
5772
6002
9224
6785
6785
6785
6845
7072
6785
6785
6517
6426
6969
7085
6306
6574
7047
6310
7029
6812
6487
6557
7044
6154
7139
6534
7081
6487
6836
6711
7139
6645
6163
6638
6494
6190
7045
6778
6249
7149
6386
6462
6386
6249
6534
7119
6284
6944
7007
7149
6827
6995
6868
6931
6817
6349
6179
7067
7126
6759
7155
7072
6564
6633
6931
6631
7119
6958
6755
6755
6843
7075
6969
7075
7081
7090
7155
6585
6958
6969
7081
6995
7126
6574
7005
6210
6765
7107
6203
6377
6768
6249
7139
6310
6693
6386
7149
6262
7090
6886
7156
6827
6322
7149
6471
7039
6886
7029
7139
7139
6649
6185
7090
7031
7047
6605
7073
6605
7073
6530
7031
6705
6720
6597
6492
7166
6556
6784
6693
6329
7072
6487
6784
6711
6778
6741
6557
7090
6845
7029
6827
6740
7149
6931
6329
7125
6494
6834
6574
6780
6499
6820
6784
6429
6837
7075
7139
7073
6638
6322
6925
6154
6478
6478
6478
7067
6605
6579
7139
6284
6654
6284
7126
6185
6574
6574
6951
7154
6797
6542
6160
7002
6711
6558
7085
6925
6776
6776
7000
6827
6845
6922
6912
7149
6574
7149
7073
6776
6711
7029
7029
6351
6995
6333
6802
6711
6585
6969
6970
6912
6927
6834
6631
6284
6383
7119
7047
6776
6776
6556
6163
6163
6154
6646
6837
6560
6585
7126
6163
7149
7047
6329
6827
6185
6556
6284
6845
6827
6478
6776
7073
7029
7007
6478
7139
7155
6478
6649
6478
7090
6776
6969
7073
6776
7073
7073
7047
6517
6776
7073
6776
6163
7073
7073
6154
6649
6855
6705
7149
7125
6995
6154
6995
6163
7155
6969
7149
6969
7073
6776
7025
6995
7073
6995
6649
6638
7155
7126
7155
6556
6983
7029
6958
6478
6478
6185
7073
6958
6969
7149
6855
7002
6969
7090
6792
7081
6748
7072
6675
7158
7149
6437
7149
7067
6776
7067
6886
7149
6579
6776
6827
6478
7031
7029
6778
6995
6776
6958
7014
6322
6761
6419
7149
6442
6530
6478
6886
7029
6827
6194
6478
6478
6969
6768
6827
6479
6886
7139
7139
7073
7149
7047
6154
6320
6383
6487
6556
6284
7081
7029
6556
6163
6813
7149
6574
7139
6649
6163
6776
6776
6776
6605
6827
7055
6918
6969
6995
6827
7149
6185
7025
6154
6579
7126
6556
7149
6185
6556
6556
6556
6556
7029
7149
6605
7090
7025
7075
6556
6163
7029
6478
6154
7155
7126
6163
7139
6574
7047
7029
6827
7155
6845
7139
6995
7047
6644
6571
7029
6874
6574
6478
7047
6444
6444
6377
6556
6843
6995
6556
7073
6487
7075
6160
7155
7072
7047
7072
6574
6969
6958
6776
7090
6894
6154
7073
6969
6958
7047
6574
7139
7047
6478
6530
6912
6163
7155
6705
6827
7075
6912
7149
7029
7133
6322
6542
6776
6154
6322
7047
6638
6605
6912
7007
6534
7073
6886
6897
6638
6605
6329
6329
6329
6329
7075
6827
7067
6329
6329
6912
7047
6958
6185
7126
7073
7047
6794
6154
6574
6329
6534
6605
6649
6705
6530
7107
7075
6958
6931
6530
6912
6574
7029
7107
7107
6190
6471
6634
6487
6533
6713
7063
6154
6622
6260
7029
6154
7081
6179
6778
6185
6154
6494
6494
6517
6749
7028
6458
6602
6163
7115
6746
7115
6458
7149
6836
6671
7119
6517
7007
6504
6755
6421
7139
6649
6240
6594
6755
6755
6610
6504
7075
6755
6845
6755
6574
6492
6163
6458
6458
6704
6329
6755
6185
6755
6755
6755
6329
7061
6163
6785
6458
6517
6164
6594
6845
7031
6387
6886
6845
7139
6284
6605
6912
6925
6605
6621
7063
6487
7064
7064
6560
7097
6484
6594
7007
6879
6718
6517
6382
7072
6812
7090
7125
6649
6574
6574
6527
7133
7135
6944
7024
6705
7081
6746
6560
6995
6431
7073
6976
6160
6462
6243
6740
6249
6154
6776
6516
6638
7029
6329
7139
7155
6163
7063
6534
6636
6264
6530
6663
6693
6693
7016
6620
6809
6154
7126
6478
6868
7073
7149
6284
6333
6333
7126
6437
6534
7149
7119
6845
6478
6505
6927
7047
7139
6163
6851
6752
6241
6867
7057
7107
6912
6616
6517
6958
6827
7081
7081
7029
6437
7067
6585
6845
6755
6711
7067
6696
6530
7125
6788
6784
6509
6459
6711
6784
6194
6776
6958
6487
6768
6925
7126
6649
6154
6969
7149
6605
6827
6995
6534
6827
6357
7013
6458
6574
6594
6333
6574
6543
6574
6594
6969
6515
6394
7061
7107
7155
6544
7087
6888
6494
6488
7107
6620
6509
6382
7081
6517
6705
7139
7047
6329
6622
6284
9225
7559
7314
7967
7562
7715
7715
7642
7735
7638
7614
8096
7940
7993
8034
8183
7510
8064
7678
8055
7191
7932
7653
8064
8002
7950
7932
7911
8161
7715
8170
7484
8044
7532
8042
7559
7509
7775
7935
8114
7754
7528
7314
7840
7638
7967
7916
7653
7612
7718
7879
8181
7720
7646
7657
8055
7869
7947
7621
7842
8151
7204
7294
7621
7612
8137
7345
7322
7533
7753
7774
8101
7653
8112
7924
8076
7940
8096
7923
7923
7653
7621
7183
7621
7775
7407
7932
7200
8038
7352
7753
7420
7732
7200
7775
7430
7775
7678
8166
7601
7646
7834
7646
7801
7862
7495
7352
7564
7528
8162
7923
7459
8055
7352
7940
7484
8076
8161
7528
8119
8151
7275
7932
7612
7519
7696
7484
7989
8162
7950
7696
8104
7657
8183
7696
7495
8021
8106
8161
7940
7528
7730
7764
7693
8151
8064
7296
7694
7678
8039
8055
8102
7991
8161
8034
7678
7835
8042
7774
8034
7950
8028
8183
7963
7696
8162
8028
7696
8076
7916
7411
8002
7916
7510
7961
7935
7493
8058
7835
8064
7495
7557
8096
7720
7862
7845
8002
7354
7954
7932
7932
7411
7796
7923
8028
7940
7694
7694
8055
7754
7963
7699
7715
8155
7967
8042
7815
7319
7932
8183
7612
7897
8002
7632
8028
7653
8183
7950
7484
8164
7696
7459
8151
7793
7967
7696
8151
8162
8093
8028
8028
8151
8021
7730
8002
8112
7950
7916
8145
7730
8183
8028
7730
7696
8145
8104
7696
7916
8162
7753
7796
8145
8028
7950
7916
8145
7510
7954
7663
7459
8076
7738
8028
7574
8164
8064
7954
8101
7533
8064
8055
8002
7532
7796
7246
8028
7730
8021
8162
8028
7954
8183
7940
7923
7950
7730
8021
7923
8162
8112
7199
8112
7967
7730
7948
7718
8064
8053
7735
8112
8053
7460
8042
7735
7612
7577
7740
7754
7445
7851
7991
7472
7728
7796
7694
7835
7963
7950
8064
7911
7753
7510
7954
7532
8145
7940
7657
7916
7532
7720
7574
7532
8002
8145
7835
7932
8074
7835
7228
7532
7486
7459
7835
7557
8055
8053
7532
7694
8115
7923
8162
7653
7574
7694
7586
7202
7986
8002
8162
7574
8162
7796
7411
7715
7950
7916
7715
8162
7794
8028
8028
7577
8162
8183
8183
8183
7532
8162
8162
7459
7967
7923
7940
7694
7459
8170
7923
7950
7932
8055
7924
7653
8076
7720
7720
7940
7940
7940
8106
7653
7459
7940
7950
8145
8170
7916
7916
8076
8076
7923
7730
8145
8002
7528
8112
8151
7621
7854
8162
7866
8044
7967
7510
8042
8028
7828
7590
7510
8002
8028
8042
7940
7718
8093
7459
7924
8076
7879
7879
8002
7950
7916
7967
8042
8055
7612
8004
7730
7459
7882
7715
7916
8112
8145
7967
8145
7911
7653
7653
7764
7880
7354
7563
7940
7730
8181
7577
8161
7510
7715
7696
7897
7940
7967
7577
7897
7510
7718
7577
7897
7967
7897
7718
7897
8028
7954
7577
7897
7940
7940
7940
7246
7940
7932
7961
8145
7718
7940
7577
7923
7730
8186
7601
8029
7632
7632
7950
7652
8096
7411
7948
8071
7621
7309
7484
8161
7183
7183
7897
7333
7449
7183
8004
8008
7897
8044
7510
7601
8125
7932
7985
8112
8151
7459
7790
7430
8035
7754
7845
7985
7849
8028
7459
7459
8164
7282
8112
8028
7523
7845
7667
8168
8096
7932
7754
8035
8104
8064
7774
8035
7459
8035
8042
8028
7985
8106
7753
7533
7950
7667
8104
7932
7646
7528
7528
8042
7510
7235
7753
7910
8042
8073
8042
7235
8034
8096
7533
7472
7519
7533
8064
7940
8112
7773
7897
8076
7577
8113
7449
7676
8149
7929
7929
7272
7483
7954
8145
8164
7195
7803
7924
8040
7621
8028
7576
7967
7756
7715
8076
7814
7200
7977
7632
7646
8002
8161
7958
8106
8063
7732
8189
8040
7374
7732
7370
7533
7576
7775
8040
7173
7528
8186
8136
8144
7873
8136
7510
7897
7556
7977
7621
7548
7519
7612
8055
7632
8053
7967
7735
7742
7982
7200
7459
8042
7735
7820
8053
7796
7528
7510
7796
7574
7653
7783
8106
7854
7816
7528
8096
7882
7169
7459
7962
7948
8106
7510
8042
8042
8002
7484
7796
8055
7932
7989
7754
7293
8151
7459
7246
7663
8106
7556
7227
8101
7730
7962
8104
8181
8002
8073
7653
7653
8076
7916
7411
7632
7536
8013
8053
7661
7911
7621
7950
7911
8125
7533
8064
8042
7696
7411
7548
7576
8179
7621
7667
7572
7962
8035
7557
7753
7803
7374
7874
7564
7411
8162
7200
7528
8055
7835
8076
7940
9226
9051
8256
8809
8831
9157
8514
8943
8436
8660
8200
8676
8760
8891
8200
8831
9010
8208
9079
9211
9205
8200
9027
8647
8499
8820
8820
9027
8208
8472
8208
8852
8331
8402
8678
9153
8472
8842
9029
8499
8727
9177
9103
9074
8782
9010
8667
9211
9211
8647
8413
9027
9037
8309
9210
9037
8199
8280
9091
9027
9088
9051
8220
8594
8247
8501
8817
8551
8960
9123
9123
9020
8208
9123
8852
9020
8842
8661
9129
8667
9027
8608
8850
8634
8687
8743
8192
8476
8660
8515
9100
9043
8223
9074
8915
8915
8499
9074
8782
9177
8911
9177
8499
8852
9027
9029
8831
8727
8546
8712
8712
9181
9091
9181
9211
9010
8750
8877
9204
8712
8863
9182
8234
8831
8831
8852
8939
9010
8760
9002
8950
8750
9204
8234
8750
9024
8234
9024
8365
8667
8501
8839
8839
8850
8839
8327
8971
9153
9020
8679
8792
8527
8650
9204
9132
8535
9181
8750
8535
8365
8585
8814
9139
8365
8750
8750
9196
8750
9027
8429
9204
8751
9024
8429
8893
9070
8794
8892
9024
8608
9037
8514
9129
8750
8667
8720
8708
8667
9027
8726
9211
8667
9181
8726
8602
8712
8712
8831
9027
8650
8558
8892
8790
8659
9020
8760
8694
8384
8814
8820
8365
9024
9123
9139
9027
9181
9020
9140
8535
8664
9037
8463
8235
8667
8661
9189
8365
8831
8365
8365
8575
8831
9211
9167
9129
9020
9020
9123
8961
9020
8501
8365
8501
8546
8514
9020
9123
8893
8667
9123
9020
9181
9091
8750
8365
8575
9210
9181
8814
8893
8893
9204
8820
8726
8429
8820
9167
9129
8606
9211
8235
9189
8820
8429
9181
8892
9020
8750
9010
8893
8365
8893
8820
8893
8893
8892
8664
9181
8618
9051
9108
8814
8664
8602
8372
8464
8234
8372
8235
8444
8667
8647
8501
9027
8647
8823
8402
8863
8677
8712
8676
8208
8676
8372
8650
8429
8823
8667
8839
8234
8820
8546
8708
9060
9204
8575
9091
9129
8697
8852
9037
9037
8330
8472
8863
8228
9037
9051
8602
9139
9139
8751
8820
8820
8365
8501
8204
8365
8839
8585
8893
8893
8585
8772
9181
9139
8514
8850
8661
8661
8661
9196
8204
9129
8365
8535
9181
8514
8831
9020
8814
9196
8893
8820
8667
9051
8820
9210
8438
9204
9129
8365
9123
8710
8667
9181
8365
9091
9211
9027
9123
8839
9129
9181
8602
9210
8750
8365
9211
8365
8667
8501
8750
8893
9123
8820
8535
8893
9139
8429
8667
9140
8708
9139
8676
8814
8365
8620
8814
8491
8575
8501
8337
8518
8671
9051
9010
8647
8575
9079
8208
9210
8760
8546
8575
8820
9129
9211
9132
8208
9079
9123
9010
8501
8831
8514
9181
8998
8429
8750
8664
9211
8365
8501
8575
9129
8501
8936
8585
9153
8743
8620
9211
9166
8750
9010
9020
9129
9139
8365
9051
8546
8755
9211
8330
8575
8998
9051
8602
9139
8664
9204
8501
8501
8365
8402
9139
8501
8546
9204
8708
8667
8998
9180
9140
9010
8755
8820
9020
8365
8998
8814
8708
8885
8851
9013
8685
8676
8864
8501
8893
8546
9171
9024
8738
8676
8662
9153
8303
9201
9037
8303
8530
9129
8585
9196
8754
8782
8627
8546
8575
9070
8680
8546
8782
8247
8760
8247
8831
8439
8665
8885
8518
8947
8386
9123
8995
8708
8256
8650
8809
9131
8660
8370
8688
8650
9131
8664
8199
8546
8893
8546
8837
8507
8651
8277
8708
9074
8507
8641
9189
8311
8546
9108
8386
8888
9108
8354
8546
9170
8608
8809
8735
8667
8651
9205
9181
9171
9181
8365
9211
9024
8234
8820
8507
8366
8564
8781
8599
8445
8662
9027
8851
8349
8646
8775
9037
9123
8820
8661
9020
8247
9051
8755
8719
9195
8737
8255
9029
8971
8770
8420
9189
8208
9079
8699
8442
8402
8660
8864
9157
8660
8329
8395
9011
8442
9153
8850
8852
8936
9076
8712
8691
8661
8998
8831
8658
9037
8695
9051
8757
8402
9181
9024
8608
8429
8863
8697
8596
8288
8950
9020
8809
9089
8799
8850
9020
9128
8585
9037
8299
9180
8790
9074
8356
8205
8620
8414
8621
8247
8491
9051
8984
8200
8354
8760
8814
8608
8472
8365
8750
8501
8608
9196
8708
8990
8537
9139
8790
8903
8235
8822
8417
8697
8200
8750
8328
8429
8365
8676
9204
9211
9129
9024
8831
9180
8501
8885
9028
8208
8631
8365
9205
8775
8660
8429
8664
8935
8660
9180
9189
8757
9207
8775
8541
8234
8698
8893
8775
8852
8585
8980
8746
9117
8929
8851
8429
9181
8575
9210
8203
8647