9217
9218
310
104
104
987
752
752
752
349
703
688
347
688
178
932
752
752
57
233
703
703
471
179
10
854
471
179
987
659
10
854
23
761
761
48
930
588
742
206
516
265
256
667
10
781
304
704
862
930
588
599
273
582
13
533
238
347
238
955
803
955
803
347
282
987
91
703
955
955
194
955
830
3
590
659
91
385
385
194
955
347
590
282
987
659
755
803
955
479
955
590
955
33
955
803
955
758
955
758
608
282
987
349
3
590
249
590
347
854
590
249
786
91
206
358
265
519
215
761
761
858
379
599
928
13
343
463
148
72
949
803
194
803
385
803
955
803
282
566
347
755
780
398
667
761
761
854
858
588
742
160
928
343
780
148
347
780
780
780
347
598
780
780
194
780
658
780
780
957
780
4
4
171
987
91
703
941
903
124
608
903
903
232
210
599
517
13
347
91
533
238
533
347
347
238
206
331
265
331
955
684
955
72
955
570
830
72
955
385
486
194
165
347
590
987
659
165
684
955
955
282
347
347
486
570
91
703
313
471
194
486
570
347
775
590
955
486
608
971
165
608
590
758
971
758
752
758
752
758
608
758
766
282
233
659
987
659
471
471
206
469
404
26
516
50
50
256
761
2
960
379
160
928
13
780
780
347
347
803
780
949
780
863
987
347
780
579
780
566
547
863
398
48
761
761
960
742
160
928
13
148
966
863
780
780
987
91
703
313
597
566
597
579
597
579
863
863
863
863
398
863
398
347
398
863
347
608
843
4
4
171
59
171
123
347
516
385
659
50
358
48
854
2
930
588
742
517
72
463
347
878
628
786
91
862
537
971
537
398
608
457
233
703
703
313
313
471
471
471
471
854
10
786
91
862
971
761
59
761
761
960
379
742
13
928
607
148
72
949
72
949
358
218
398
987
830
3
10
957
10
987
830
3
208
884
854
884
457
123
233
693
693
217
215
818
930
742
781
830
10
884
628
457
347
91
313
84
789
347
854
758
854
761
761
960
588
599
582
533
91
703
313
703
757
780
385
780
955
987
854
811
761
858
210
742
928
160
343
463
148
780
148
789
194
878
957
780
987
830
761
761
858
588
742
177
966
174
10
103
270
103
103
270
957
228
911
766
766
37
304
37
210
489
517
836
886
76
690
658
208
856
9219
1899
1694
1317
1248
1417
1345
1345
1317
2046
1720
1720
1694
1317
1317
2046
1481
1886
1886
2046
2046
1720
1481
1694
1317
2046
1481
1481
1857
1991
2046
2046
1481
1481
1317
1317
2046
1807
1589
1807
1991
2046
2046
1815
1481
1347
1317
1349
1347
1347
1347
1317
1347
1181
1835
1345
1181
2035
1529
1764
1216
1860
1305
1159
1159
1287
1369
1759
1993
1519
2046
2046
2006
1798
1291
1998
2015
2010
1160
1860
1977
1675
1248
1167
1696
1345
1991
1743
1594
1481
1481
1694
1248
1807
1181
1694
1298
1317
1588
1696
1807
1345
1588
1167
1807
1481
1694
1287
1317
1181
1979
1298
1317
1588
1759
1807
1345
1743
1720
1807
1899
1694
1298
1317
1588
1694
1287
1317
1167
1720
1807
1886
1815
1331
1807
1720
1694
1287
1317
1892
1801
1287
1317
2046
1720
1807
1345
1991
1298
1417
1720
1694
1287
1248
2046
1899
1807
1317
2046
1720
1481
1589
1991
1287
2046
1815
1801
1298
1248
1966
2006
1771
1886
1703
1771
1216
2032
1299
1299
1299
2046
1998
2017
2017
2017
1051
1051
1051
1188
1280
1280
1588
1588
1588
1588
1588
1588
1324
1324
1324
1324
1798
1324
1798
1324
1798
1324
1759
1759
1759
1759
1759
1759
1331
1331
1331
1331
1331
1287
1287
1807
1991
1104
1317
1759
1159
1159
1159
1192
1192
1192
1192
1404
1404
1404
1404
1835
1835
2017
1764
1188
1188
1188
1188
1188
1188
1291
1291
1588
1588
1588
1588
1588
1588
1588
1588
1324
1324
1324
1324
1324
1324
1324
1324
1924
1924
1924
1924
1924
1924
1924
1924
1924
1924
2042
1534
1899
1155
1694
1104
1248
1181
1899
1345
1334
1181
1155
1345
1345
1324
1248
1298
1481
1993
1287
1035
1860
1759
1287
1317
1588
1759
1287
1886
1743
1331
1807
2006
1694
1287
1035
1181
1694
1287
1317
1167
1759
1404
1345
1743
1331
1807
2006
1694
1287
2046
1588
1759
1287
1317
1167
1720
1807
1886
1743
1287
1807
2006
1694
1287
1317
1798
2006
1404
1317
1167
1720
1481
1886
1743
1287
1347
1181
1694
1287
2046
1798
1720
1886
1317
2046
1720
1035
1815
1991
1287
1417
1720
1345
1317
1317
1160
1720
1345
1317
1248
1287
1347
1815
1991
1287
2046
1815
1886
1886
1815
2046
1515
1903
1884
1925
1287
1669
1771
2032
1409
1703
1669
1771
1669
1940
1771
1409
1519
1998
1998
1638
1851
2017
2017
1051
1051
1291
1291
1188
1188
1280
1280
1588
1588
1588
1588
1588
1588
1588
1798
1798
1798
1798
1798
1798
1798
1798
1759
1759
1759
1759
1759
1759
1759
1287
1298
1287
1287
1287
1998
1192
1192
1404
2017
2017
2017
2017
1188
1188
1188
1188
1188
1291
1280
1280
1588
1588
1588
1588
1588
1588
1588
1798
1798
1798
1798
1798
1798
1798
1798
1798
1759
1759
1759
1759
1759
1331
1331
1331
1331
1331
1331
1331
1331
1287
1287
1287
1298
1298
1298
1298
1298
1298
1981
1981
1404
1188
1291
1291
1291
1291
1291
1291
1291
1664
1588
1291
1481
1097
1299
1159
1835
1317
1720
1835
1588
1798
1167
1991
1287
1835
1188
1815
1720
1991
1287
1807
1188
1588
1815
2046
1287
1807
1835
1317
1720
2046
1807
1519
2035
1815
1815
1720
1287
1589
1417
1815
1694
1720
1991
1481
1914
1515
1815
2035
1807
1481
1589
1299
1815
1347
1287
1807
1807
1588
1057
2046
1743
1780
1780
1331
1192
1404
1764
1181
1588
1694
1924
1720
1287
1481
1589
1181
1588
1694
1759
1287
1835
1317
1589
1481
1815
1991
1801
1720
1807
1334
1589
1815
1777
1349
1903
1481
2046
1334
1903
1924
1299
1396
1396
1396
1925
1216
1216
1216
1216
1426
1291
1057
1299
1835
1780
1764
1720
1694
1807
1991
1588
1298
1317
1991
1759
1481
1720
1815
1835
1899
1815
2025
1886
1317
2046
1317
1481
2025
1280
1915
1160
1860
1780
1404
1991
1860
1057
1886
1886
1743
1167
1481
2006
1993
1287
2046
1588
1759
1287
1317
1588
1759
1886
1347
1347
1589
2017
1104
2017
1051
1051
1280
1280
1280
1588
1588
1588
1588
1588
1798
1798
1798
1798
1324
1798
1798
1798
1798
1759
1759
1759
1759
1720
1287
1886
1291
2017
1759
1280
1291
1759
1588
1188
1720
1694
1317
1998
1759
1317
1188
1720
1694
1188
1720
1759
1368
1835
1899
1334
1981
1252
1653
1748
1924
1709
1167
1581
1780
1780
1780
1780
1780
1324
1694
1588
1181
1588
1181
1324
9220
2330
3032
2949
2799
2642
3017
2085
2964
2407
2748
3069
2830
2985
2791
2791
2789
3032
2224
2443
2097
2085
2777
2085
2789
2423
2791
2939
2964
2434
2097
2986
2989
2350
2277
2968
2721
2777
2506
2403
2165
2307
2986
2936
2137
2507
2820
2510
2907
2791
2489
2936
3012
2989
2783
2788
2883
2986
2528
2628
2869
2439
2330
2330
2601
2821
2209
2467
2403
2277
2703
2350
3032
2717
2783
2707
2986
2309
2709
2717
2986
2677
2873
2801
2986
2677
2709
2801
2638
2506
3063
2186
2148
2268
2883
2467
2277
2439
2661
2989
2453
2793
2741
2989
2117
3063
2350
2741
2788
2347
2949
2330
2439
2703
2717
2632
2330
2680
2741
2178
2869
2510
2314
2748
2199
2467
2644
2325
2801
2985
2467
2721
2314
2268
2925
2147
2813
2741
2612
2949
2403
2721
2325
2350
2612
2632
2321
2889
2314
2907
2147
2330
2443
2330
2949
2330
2619
2325
2350
2309
2484
2728
2986
2741
2274
2365
2453
2869
2889
3047
2925
2781
2321
2212
2746
2925
2544
2791
2292
2510
2350
2425
2330
2677
2771
2309
3050
2276
2186
2721
3032
2869
2443
2443
2147
3069
3069
2489
2467
2467
2467
2949
2330
2989
2097
2989
2097
2949
2224
3007
2531
2638
2531
2740
2535
3069
3009
2644
2694
2552
2330
2510
2165
2097
2535
3069
3069
2825
2986
3050
3050
2489
2862
2467
2347
2347
2459
2907
2230
2907
2148
2347
2579
2628
2314
2277
2801
2801
2060
2060
2764
3069
2355
2365
3069
2717
2510
3009
2777
2506
2628
2505
2505
2097
2350
2350
2579
2521
2889
2191
2531
2165
2165
2746
2781
2368
2309
2455
2311
2746
2439
2377
2619
2677
2097
2118
2126
2956
2968
2060
2097
2274
3063
2317
2330
2309
2680
3035
2252
2489
2337
2312
2453
2820
3009
2268
2489
2869
2350
2511
2274
2240
2182
2453
3009
2147
2717
3009
3017
2368
2268
2117
2801
2277
2741
3009
2209
2453
2721
2325
2232
2925
2453
3055
2453
2703
2572
2801
2277
2741
3009
2484
2368
2985
3009
2949
3009
2709
2949
2368
2741
2925
2467
2330
2741
2889
2484
2607
2788
2325
2703
2309
2455
2453
2619
2741
2907
2147
2330
2788
2703
2330
2771
2330
2936
2330
2351
2869
2219
2451
2741
2869
2365
2989
2741
2741
2949
2148
2907
2619
2741
2263
2276
2715
2536
2538
2815
2421
2811
2815
2481
2243
2809
2911
2063
2992
2252
2347
2788
2133
2989
2989
2274
2274
2800
2186
2544
2243
2243
2443
3069
3069
2147
3069
2365
2721
2499
2506
2190
2307
2544
2224
2703
2350
2546
2748
2224
2815
2190
2544
2944
2877
2506
2528
2717
2964
2642
2109
2883
2717
2552
2478
3032
2579
2421
2190
2330
2314
2801
2165
2165
2443
2930
2453
2933
2619
2535
2243
2771
2429
2721
2949
2705
2190
2190
2989
2097
2949
2351
2531
2531
2531
2531
2887
2429
2821
2133
2063
2190
3008
2313
2964
3065
2883
2883
2883
2642
2907
2907
2309
2309
2748
2830
2680
2730
3055
2552
2277
2212
2232
3050
2277
2232
2284
2119
2694
2453
2763
2165
2645
2869
2531
2453
2986
2165
2117
2277
2777
2818
2989
2165
2535
2910
2777
3069
2467
2727
2453
2760
2875
2986
3069
2820
2877
2612
3063
2294
2964
2344
2224
2510
2813
2604
2777
2531
2057
3032
3032
2321
2510
2753
2330
2777
2945
2949
3012
2097
2868
2330
2330
2619
3007
2117
2879
3008
2883
2330
2740
2400
2760
2883
3007
2986
2986
2746
2741
2781
3009
2883
2703
2989
2453
2612
2774
2709
2506
2088
2925
2531
2453
2721
2777
2777
2777
2868
3012
2531
2097
3009
2506
2549
2990
3009
2411
2631
2788
2993
3050
2314
2857
3061
2421
2133
2425
2258
2677
2297
2881
2638
2709
2631
2086
2619
2741
2986
2628
2350
2224
2399
2801
2944
2721
2993
2767
2788
2126
2813
2638
2738
2996
3050
2277
2890
2873
2315
2453
2250
2709
2255
2344
2771
2702
2801
2097
2788
2642
2691
2741
2788
2209
2717
2764
2936
2661
2399
2680
2944
2091
3035
3050
2252
2740
3032
3050
2317
2276
2680
2869
2147
2619
2130
3069
2403
2771
2944
2944
2467
2717
2411
2989
2989
2350
2350
2815
2478
2165
2276
2506
2741
2453
2276
2277
2859
2156
2691
2579
2153
2365
2925
3023
2320
2944
3055
3055
2945
2735
2284
2644
2869
2644
2097
2564
2564
2944
2944
2907
2511
2703
2511
2661
2097
2346
2857
2815
2225
2567
2321
2083
2619
2620
2938
2135
9221
3673
3368
3940
3576
3940
3772
4094
3111
3368
3368
3706
3542
3965
3904
3329
3198
4039
3904
3674
3672
3869
3235
3559
3951
3888
3296
3888
3940
3889
3888
3950
3368
3632
3428
3904
4036
3621
3638
4036
3154
3583
4008
3782
3647
3088
4008
3980
3657
3891
3901
3824
3307
3747
3673
3737
3542
3945
4095
3309
3373
3736
3437
3712
3622
3966
3572
3672
3727
3673
3535
4072
4008
3356
3859
3464
3492
3296
3284
3673
4019
3284
3284
3628
4008
4094
3791
3727
3284
4030
4088
3822
3074
3464
3868
3268
4094
3904
3915
3951
3552
3712
3904
3137
4054
3919
3237
3296
4072
4094
3284
3555
3904
4019
3325
3605
3836
3401
3689
3673
3111
3647
3555
3449
3555
3449
3884
3284
3880
3487
3467
3198
3673
3313
3673
3542
3268
3437
3951
3555
3868
3310
3198
3982
3747
3555
3915
3526
3942
4072
3542
3542
3284
4056
3868
3951
4094
3111
3478
3777
3503
3284
3437
3985
3383
3888
3154
3987
3384
3760
3950
3198
3406
3791
3337
4017
3736
4093
3622
3901
3736
3966
3787
4072
3467
3296
3904
3737
3284
3422
3478
3987
3777
3880
3935
3605
3919
3671
3880
3747
3436
3951
3942
3814
3736
3727
3736
3727
3727
3787
3188
3727
3987
3261
3976
3254
3154
3777
3869
4087
3904
4039
3814
3660
3727
3724
3704
3652
4079
3782
3747
3887
3891
3952
3950
3623
3555
3753
3859
3673
3741
3467
3891
3890
3736
3257
3535
3647
3673
3856
3486
3997
3345
3345
3868
3235
3389
3651
3284
3942
3198
3398
3619
3600
3715
3715
3727
3970
3966
3987
3970
3970
4042
4088
3261
3806
3903
3576
3077
3887
3869
3527
3526
3876
4039
3698
4088
4072
3712
4063
3868
3782
3868
3880
3647
3691
4091
3294
3880
3704
3154
3868
3428
3876
3401
3447
3698
3382
4053
3673
3704
3111
3919
3710
3454
3893
3903
3394
4094
3111
3903
3924
3903
3903
3728
3467
3380
3950
3340
3284
3903
3261
3940
4008
3652
3728
3772
3814
4072
3690
3751
3747
3235
3771
3674
3310
3966
3288
3712
3834
3942
3891
4089
4054
3903
3736
3903
3782
3674
3951
3880
4054
4039
3876
3257
3903
4072
3542
3268
3987
3690
3268
3261
4039
3491
3526
3903
3868
3401
3901
3657
3329
3888
3307
3706
3736
3704
3915
4042
4055
3368
3265
3368
3730
3377
3296
3581
3198
3881
3555
3138
3921
3488
3521
3424
3760
3740
3185
3736
3555
3891
3325
3592
3876
3976
3862
3647
3647
3976
3555
4042
3997
3533
3868
3555
3555
3777
3526
3368
3674
3095
3380
3185
3672
3301
3555
3933
3555
3747
3704
3621
3950
3901
4042
3935
3497
3915
3449
3259
3467
3752
3777
3555
3511
3340
3982
3340
3555
3686
3281
3555
3970
4083
3846
3555
3449
3555
3464
3449
3304
3555
3449
3281
3237
3265
3449
3555
3686
3727
4016
3270
3921
3937
3148
3338
3880
3500
4000
4079
3304
3449
3265
3437
3469
3782
3270
3727
3868
3727
3997
3997
3909
3182
3738
4039
3084
3904
3186
3486
3274
3514
3284
3619
3401
3237
3414
3356
3839
3745
3578
3884
3284
4087
3839
3368
3782
4033
3185
4094
3747
3270
3933
3952
3198
3202
3673
3652
3724
3074
3511
4008
3764
3660
3684
3467
3284
4079
4088
3952
3499
3884
3582
3736
3284
3284
3284
4042
4054
3915
3966
3648
3727
3467
3652
4079
3919
3951
3623
3869
3914
3310
4072
3887
3555
3120
3621
3741
3337
3235
4036
3284
3368
3141
4088
3111
3559
3935
3551
3284
3690
3111
4030
3621
3747
3294
3111
3673
3673
3389
3698
3111
3727
3414
4008
3919
3982
4036
4042
3652
3179
3651
3699
3928
3530
3966
3967
3782
3868
3403
3238
3982
3639
3198
3739
3084
3868
3559
3900
3810
3530
3880
3810
3928
3095
3633
3928
3182
3891
3928
3810
3673
3976
3795
3970
3736
3530
3976
3810
3530
3706
3810
3454
4063
3268
3542
3552
3810
3073
3478
4008
3896
3498
3577
3542
3896
3876
3673
3303
3966
3698
3843
3613
3454
3736
3198
3928
3753
3557
3182
3589
4072
3955
3365
3535
3325
3987
3478
3987
3987
3777
3503
3782
3340
3736
3673
3673
3736
3622
3380
3694
3928
3622
3810
3736
3843
3810
3690
4061
3976
3742
3202
3935
3542
3777
3918
3935
3810
4013
3928
3987
4004
3737
3638
3348
3530
3368
3296
3997
3995
3530
3499
4072
3237
3270
3966
3747
3777
3531
3535
3937
3868
3704
3868
3542
3940
3447
3107
3109
3890
3715
3237
3542
9222
4593
4676
4770
4599
4873
4988
4560
4692
4497
4600
4931
5029
4227
4398
4737
4905
4759
4759
4988
4759
4221
4814
4955
5022
5108
5108
4691
4931
4497
4646
4836
5108
4227
4248
4988
5054
4907
4510
4711
4432
4852
5018
4287
4921
4817
5029
4927
5040
5007
4905
4860
4971
4919
4931
5029
5108
5068
4527
4497
4660
4339
4899
5008
4332
4477
4353
4866
4654
4908
4608
4894
4830
4260
4353
4170
4983
4756
4891
5115
4593
4726
4921
4860
5110
4921
4858
4431
4983
4770
4132
5115
4763
4678
5109
5029
4864
5114
4862
4934
5042
4770
5052
4460
4456
5109
4711
5079
4862
4919
5114
4931
5089
4830
5068
4770
4601
4442
4919
4770
4624
4605
5095
4201
4982
4853
4599
4623
4810
4274
4864
4601
4720
5029
5011
4620
4456
4830
4950
4457
4934
4170
4720
4770
5095
4645
4456
4445
4676
4866
4890
4645
4771
4601
4972
4119
4905
5029
4705
5110
4972
4833
4931
4382
4594
4608
5029
4660
4170
5095
4678
4331
4770
4487
4483
4236
4608
5109
4759
4443
4661
4613
4967
4919
4890
4830
4972
4852
4624
4533
4119
4972
4615
5012
4386
4221
5042
4608
4739
4460
4835
4860
4853
4830
4181
4624
4132
4830
4821
4780
5095
4890
4860
5089
4949
4221
4132
4624
5040
5040
5008
4221
4510
4720
4678
4899
4645
4720
4810
4830
4894
4983
4221
4860
4853
4145
5040
4660
4624
4862
4810
4654
4934
4403
5089
4705
5106
4720
4860
4705
4907
4660
4624
4660
4660
4660
5118
4919
4853
4835
5012
4705
4670
4654
4615
4615
4924
4733
4705
4861
5114
4636
4924
5029
5068
4210
4431
5037
4374
4546
4891
5011
4983
4197
4201
4490
4919
4117
4770
4873
4654
4654
4132
5112
4579
4808
4926
4601
4720
4145
4460
4817
4701
4929
4876
4983
4374
4786
4432
4114
4625
4767
4184
5067
4770
4132
4416
4967
4601
4608
4950
4957
4782
4876
4876
4864
4662
4983
4971
5025
4949
4720
5018
4675
5029
5029
5094
4830
4184
4971
4201
5108
4957
5045
4601
4437
4919
4676
4287
4836
4982
4931
4384
4184
4654
4201
4830
5068
4905
5068
4899
5068
4915
4771
4835
5108
4184
4416
4274
4497
4983
4601
4955
4226
4835
4739
4460
4227
4739
4772
4601
4826
4717
5068
4872
4546
4196
5012
4860
4873
5041
4873
4251
4912
4120
4243
4720
4549
4556
5066
4568
4918
4470
5089
4172
5040
4699
5041
4226
4917
4443
4470
4835
4593
4346
4113
4497
4660
4660
4615
4384
5018
5089
5011
4979
4245
5009
4221
4460
4332
4416
4384
4519
4705
4556
4974
4660
4176
4782
4660
4537
5095
4732
4977
4120
4256
4971
4221
5018
4955
5058
4465
4490
4470
4256
4919
4660
4384
4906
4226
4763
4322
4660
4256
4864
4864
4384
5079
5011
4624
4337
4221
4850
5110
4922
4906
4787
4898
5049
4905
4443
4905
4739
4525
4332
4705
5049
4918
4720
5058
4221
4850
5008
4374
4660
4926
5029
4905
4889
4860
4853
5110
4274
4948
4906
5089
4119
4894
4855
4884
4375
4226
4914
4860
4934
4660
5058
4681
4763
4905
4299
4900
4782
4810
4484
4830
5094
4853
5029
5008
5115
4905
4931
4926
4645
5109
5109
5109
4624
4983
4983
4431
4860
4891
4810
4804
4766
4855
5008
4619
4926
4619
4830
4384
4771
4278
4835
4835
4477
4099
5110
4654
4972
4763
4977
4221
4132
4936
4926
5108
5109
4890
4934
4278
5040
4971
4810
5074
4931
4977
4594
4615
4705
4924
4705
4529
4720
4890
4890
4654
4890
4810
4145
5095
4926
4705
4654
5011
4835
4236
4594
5058
4170
4424
5118
5110
4810
5115
4484
4905
4927
4615
4705
4970
4905
4362
5003
4752
4533
4850
4505
5020
4153
4711
4907
4786
4200
4711
4931
4864
4903
4601
5040
4961
4955
4919
5009
4985
4934
4145
4538
4889
4132
4465
5058
4763
4853
4705
4773
4334
4484
4453
4302
4831
4927
4583
4676
4985
4732
4831
4157
4977
4899
4161
4449
4801
4801
4631
4801
4801
4801
4864
4899
4896
4125
4153
4961
4715
4985
4961
4587
4835
4772
4477
4725
4899
4170
4839
4860
4283
4817
4899
5020
4983
5040
4983
4985
4961
4684
4845
4770
4384
4100
4269
4860
4814
4676
4926
4853
4269
5048
4773
4907
5008
4477
4961
4845
5015
4919
4773
4484
4985
4725
4875
4477
4961
5020
4243
4500
4704
4771
4983
4926
5114
5110
4170
4201
4129
4891
4864
4651
5110
4305
4720
5089
5079
4899
4740
4615
5018
5009
4770
9223
5581
5414
6005
5531
5313
5477
5467
5530
5473
5437
6017
5500
5652
5458
5691
5705
5502
6019
5726
5491
5829
5778
5211
5386
5715
5531
6110
5705
5583
5618
5386
5373
5726
5531
6073
5800
5869
5700
5477
6042
6083
5276
6032
5696
5498
5502
6005
6073
5220
5502
6037
5495
5369
5276
5179
5644
5862
5686
5803
5508
5930
5324
5879
6017
5706
5135
6050
6032
5305
5574
5625
5305
5262
6103
5595
5635
5764
6109
5904
5310
6140
6020
6110
5904
6060
5414
5595
6140
5533
5595
5333
5414
6071
5409
6140
6020
5745
6140
5533
5761
5988
6140
5764
5745
5840
6089
6140
5664
6060
6140
5726
5808
6004
6069
5927
5924
5477
5555
5383
5474
5323
6089
5364
5937
5625
5305
5724
5625
5976
5745
5643
5495
5178
5272
5745
5173
6032
6140
5333
6140
5382
6140
6140
6020
5318
6103
5856
5797
5988
5225
5624
5268
5814
5856
6020
5457
5252
5414
5593
5514
5876
6020
6044
5209
5305
5305
6024
5209
5951
5974
6119
5904
5575
5808
5205
5773
5408
5268
5825
6040
5202
5272
5937
6071
6032
5159
5212
5179
5268
5566
6103
5797
5595
5374
5985
5231
5834
5726
5964
6002
5808
5856
6032
6071
5834
5473
5726
5911
6020
6140
5498
5473
6005
5726
5291
5823
5664
5231
5185
6002
5209
6140
6140
6060
6109
5530
5374
5231
5266
5766
5757
5815
5125
5772
5726
5814
5233
5183
5161
5797
5773
6109
5159
6109
5597
6140
6140
6042
5585
5291
6040
5391
5579
5988
5305
5910
5988
6048
5766
5999
6083
5281
5566
5574
5473
5154
6048
5898
5834
6059
6004
5571
6110
5715
5305
6017
5635
5331
6063
6110
5925
5925
5530
5924
5536
5233
5910
6020
6087
6020
6073
5845
6017
5986
5814
5597
6127
5290
5209
5898
5502
5585
5988
5378
5391
5675
5700
5498
5502
5840
5563
5159
5502
5988
5988
6002
5805
5924
5498
5796
5745
5583
6050
5318
6105
6039
5241
6101
5898
5220
5536
5502
5209
5996
5982
6032
5487
5598
5502
5410
6032
5898
6020
5978
5135
5623
5815
5924
5498
5502
5583
5581
5135
5502
5952
5856
5498
5978
5502
5770
5498
5159
5597
5988
5226
6110
5477
5502
5691
5840
5473
6099
5635
6007
5614
5371
6032
5746
5305
5623
5811
5531
6039
6127
6101
5570
5229
5209
6059
5761
5587
5910
6060
5944
5480
5665
5816
5839
5233
5747
5409
5710
5811
5481
5629
5670
5226
6127
5721
5287
5937
5808
6014
5724
5287
6073
5283
5445
5530
5665
5665
5849
5433
5226
5814
5665
5808
5125
5665
5235
6012
5665
6069
5924
5747
6071
5811
5374
5721
6012
5665
5665
5840
5241
5815
5665
5816
6083
6040
5643
5808
5203
5477
5816
6024
5414
5757
5379
5665
5821
5821
5142
5763
5281
5324
5747
6012
5514
5577
6069
5281
5222
5477
5165
5816
5747
5323
5457
5895
5414
5574
5741
5570
5964
5726
5796
5747
6089
6012
5801
6069
5324
6005
5489
5725
5434
5726
6029
6004
5495
5310
5159
6090
5862
5938
5316
5964
5178
6032
5768
5498
5387
5345
5715
5778
5553
5209
6032
5178
5226
5745
5139
5245
5148
5726
5988
5159
5834
5741
5266
5834
5268
5310
5173
5635
5498
6073
5281
6140
5231
5904
5869
5814
5209
5482
5856
5635
5414
5849
5268
5691
5268
5419
5599
5964
6060
5209
6020
5800
5539
5245
5492
5209
5574
5374
5823
5173
6110
6140
5442
6127
6109
6140
6020
5814
5876
5935
6089
5281
5574
5876
5904
5331
5661
6017
5377
5639
6019
5833
5457
5869
5268
6127
5268
5268
5268
5613
5898
5266
5613
5266
5268
5268
5268
5268
5135
6140
5966
5575
5502
5254
5142
5487
5189
6024
5380
5351
5876
6071
5800
6113
5414
5509
5930
5588
5614
5988
5495
5670
5400
5839
5912
5377
5862
6063
5635
5811
5692
6002
5834
5800
5814
6017
5800
5383
5657
6085
5745
5700
5731
6085
5731
5465
5773
5800
5624
6009
5731
6083
5839
5839
6101
5502
5947
5738
5142
5931
5189
5474
5310
5497
5334
5704
5465
6037
5156
5927
5231
6127
5497
6087
5572
5738
5761
5931
5189
5931
5947
5931
5947
5931
5935
5793
5947
5391
6024
6050
6005
5964
6032
5731
5231
5805
6032
6049
5223
5421
6039
5454
5894
5222
5525
5859
6020
5561
5467
5874
6070
5834
6071
5869
5238
5738
5924
6083
5581
5125
5473
5924
5710
6002
6024
5527
6110
5766
5797
5414
5723
6109
5159
6040
6083
6085
6019
5927
5778
6022
5226
5473
5856
5480
9224
6761
7146
6622
6622
7125
6855
6154
6467
6534
6617
6590
6820
6646
7146
6590
6622
6537
6419
6357
7061
6965
6357
7047
6965
6581
6483
6478
6622
6965
7125
6773
6354
6589
6740
6357
6937
6354
6965
6419
6160
6638
6937
6537
6945
6582
6922
6479
6746
6478
6659
6711
6817
6924
6163
6768
6995
6849
7044
6772
6202
6998
6509
6785
6638
6422
6380
6711
6216
6517
6303
6960
6327
6885
6425
6682
6951
6888
6425
7087
6322
6976
6746
6931
7031
6675
6931
6931
7148
6675
6284
6931
6931
6931
6768
6778
6931
7052
6290
6931
6487
6931
7031
6931
6675
6931
6675
7148
6675
7007
6327
6322
6638
6931
6788
6931
6585
6931
6931
6931
6675
7139
6258
6848
6593
6716
6931
6931
7031
6931
6958
6778
6484
6304
6931
6466
6931
7115
6769
6711
6841
6931
7017
6983
6931
6516
6931
7068
6542
6931
6843
6646
6383
6183
6542
6530
6588
6792
6588
6931
6931
6855
6693
6931
6998
6931
6931
6785
6931
7039
6792
6344
6576
6712
6228
7031
6169
6542
6351
6586
6813
6778
6798
6578
6383
6756
6931
7007
6931
6837
6785
6785
6216
6922
6190
6843
6505
6931
6542
6792
6931
6792
6931
6931
6806
6931
6778
6931
6605
7007
6530
6931
6931
6643
6931
6509
6484
6514
6415
6153
6931
7090
6778
6740
6638
6542
6768
6931
6792
6931
7154
6931
6931
6593
6542
6360
6238
6788
6800
6530
6931
6638
6785
6716
6931
7002
6998
6931
6931
6643
6404
6711
7090
6154
7008
6649
6931
7067
6329
6931
6318
6160
6812
7090
6931
6931
6194
6931
6556
6931
6638
6931
7107
7047
6187
6369
7014
6598
7008
6556
7166
6365
6322
6922
6585
6557
6556
6971
6845
6768
6995
6705
6574
6854
6412
6598
6953
6294
6360
6925
6947
6890
7106
6163
7090
6709
6160
6180
6888
6517
6537
6921
6585
6969
7075
7090
6442
6784
6690
7022
6938
6186
6480
7008
6945
6480
7064
6646
6351
6598
6693
7039
6598
6479
7133
6646
6471
6419
7075
6589
6397
6924
7067
7039
7029
6631
7147
7119
7022
6674
6927
7113
6574
6556
7125
6380
6768
6938
6164
6654
6654
6674
7147
6479
6768
6574
6921
6589
6186
6386
6776
6646
6646
7067
6605
6556
6646
6512
6589
6386
6419
6354
6425
6556
6646
7155
7024
6574
6925
6260
6938
6194
7119
6516
6696
6918
6315
6843
6922
7147
6264
6357
6616
6557
6313
6951
6535
6285
6794
6810
6968
7139
7029
7107
6843
6648
7107
6622
6925
6741
6194
6805
6827
6357
6944
6812
6810
6729
6303
6945
6543
6425
7087
6934
6209
6210
6189
6471
6322
6788
7068
6329
6768
7107
7149
6693
7107
6194
6794
6148
7107
6616
7139
6429
7075
7068
6238
6674
7008
6471
6278
6798
6918
6944
6303
6810
6264
7008
7136
6303
6794
6918
6705
6598
6843
6327
6189
6649
6539
6505
6794
6539
6931
7162
6931
6636
6931
6539
7081
6854
7108
6351
6648
7085
6516
7155
7073
7073
6769
7149
7090
6837
6163
6303
6790
7029
6886
6705
6785
7138
6471
6469
6593
7107
6931
6593
6931
6656
6504
6768
7031
6785
6593
6603
6888
6785
6785
6785
6931
6931
6383
6931
6917
6483
6976
6917
6764
6711
6383
6800
6693
6922
6675
6888
6234
6357
6785
6674
6931
7139
6479
6711
6183
6815
7087
6931
6284
6542
6904
7031
6855
6798
6484
6593
6575
6970
6964
6223
7087
7002
6450
6858
6556
6638
6284
6848
7067
6788
6558
6740
7100
6956
7007
6160
6675
6931
6931
7061
6329
6322
6951
6931
6788
6931
6715
6998
6931
6849
7055
6931
6693
7119
6160
6238
6557
7047
6931
6998
6931
6917
6931
6836
6284
7139
6234
6620
6573
6831
6636
6587
6598
6643
6462
6970
6698
7082
6790
6644
6711
6711
6700
6204
6988
6556
6834
6303
6925
6623
6638
7073
6499
6750
6958
6487
6556
6945
6286
6897
6953
6649
6605
7017
6897
7075
7027
6605
7081
7081
6292
6582
6608
7014
6538
6711
6483
6951
6459
6740
6459
6945
7115
7133
6922
6480
6204
6557
6638
6826
6659
7157
6745
6925
6808
6779
6769
6912
6622
6827
7013
6204
7100
6628
6746
6493
6154
6585
6581
6480
7125
6888
6349
6983
6969
6322
6962
6711
7042
6962
7042
6969
6543
6194
6765
6644
7067
6360
6549
6166
6179
6921
6891
6768
6693
6945
6333
7119
6693
7107
6416
6631
7047
6478
6556
6530
6574
6845
7047
6671
6837
6487
6649
6995
6556
6768
6605
6320
6646
6530
6895
6478
6696
6886
9225
7495
7647
8058
7464
7720
7855
7923
7718
8165
7820
8073
7652
8141
7911
7612
7713
8124
7694
7230
7513
8141
7845
7296
7702
7793
8071
7296
7519
7835
7230
7661
7845
8028
8151
8093
7577
8039
8096
7699
7296
7912
7532
7754
7464
8151
7912
7586
8112
7407
8107
7829
8145
7933
7646
8039
7831
8110
7557
7188
7675
7886
8147
7577
7326
8033
7308
8166
7643
7498
8100
7961
7317
7484
8174
7773
7911
7419
8002
7352
8096
7893
8186
7954
8186
8161
8015
8076
7612
7893
7544
7312
8174
7541
7577
7893
7586
7434
8042
7955
7728
8110
8048
8028
7954
7973
7845
7326
8186
7496
8162
7460
7168
7409
8186
7991
7989
8034
7676
8161
7893
7737
8153
7428
7996
8162
8055
8053
8039
7769
8064
7842
7852
8024
8002
7893
8058
7893
7600
7924
7835
7893
7200
7893
7600
7349
7557
8029
7544
7612
7911
7694
8164
7882
7409
7557
7898
8128
7949
7882
8151
7450
8053
7899
7883
7658
7230
7460
8053
7202
7993
8011
8141
7879
7768
7934
7530
7312
7225
7352
7481
7893
8053
7769
7326
7678
7510
7796
8177
7459
7720
7198
7882
8186
7749
7793
7544
7484
7963
8051
8161
8071
8161
7305
8164
7720
7632
7835
7694
7993
7533
7764
7460
8002
7954
7842
8058
7754
8053
7533
8161
7460
8151
7528
7777
8088
7862
8071
8042
7700
8063
7950
8053
7842
8055
7528
7416
7884
8165
7691
7949
7209
7843
8093
7694
8151
8040
7346
7728
7690
7460
7728
7720
7852
7720
8161
7532
7579
7202
7411
8104
8151
7954
8076
7612
7612
7528
7179
8162
7774
8021
7533
7816
7950
7764
7653
8053
7961
7590
8055
7653
7916
7932
7954
8028
8073
7961
8112
8076
8028
7678
7459
8151
7981
8153
7412
7774
8161
7407
8037
7225
7410
7484
8172
7961
8009
8166
7198
7796
8104
7198
8101
7715
7757
8104
8166
7586
8107
7191
7715
7230
7411
7828
7354
7718
8162
8096
7991
7835
7991
7290
8106
7459
7862
7841
7519
7586
7486
8166
7720
7246
7793
8064
8063
7730
7663
7527
8002
7911
8010
8042
7963
7519
8010
7835
7532
7841
7950
7966
8162
7669
7666
7384
7815
7519
8162
7680
7559
7963
7198
7696
8034
7828
7924
8107
7612
7337
7481
7255
7532
7460
7354
7587
8161
7565
7460
7967
7920
8161
7648
8096
7430
7909
7680
7909
7432
7659
8160
7872
7878
7665
7337
7573
7191
7981
7449
7880
7613
8186
7657
7464
7646
7874
7893
7173
7552
8073
7557
8053
7646
8029
7935
7557
7326
8186
7609
7495
8151
8151
7923
7753
8034
7245
7847
7449
7459
8112
7577
8102
8107
8104
8076
8191
7554
7663
7951
7601
7590
7926
8054
8181
7402
7484
7893
7374
7648
7612
7744
7646
7660
7173
8106
7912
8165
7449
8112
8186
7893
7934
7934
7191
8134
8165
8083
7878
8106
7847
8165
7678
7897
8071
7495
7923
7879
7954
7794
8076
7754
8034
7753
7246
7753
7893
8181
8034
7564
7459
8162
7577
7564
8145
8093
7732
7216
8037
7601
7842
7753
7882
7577
8112
7208
7893
7579
8161
7663
8184
7842
7794
8186
8053
8115
8002
7601
7883
7835
7532
7718
7202
7202
7460
8177
7660
8096
7730
7320
7209
7814
8096
7991
8160
7601
8183
7579
7198
7616
7251
7244
8177
8018
7557
8162
7669
7895
8112
7728
8071
7349
7735
8053
8053
8174
8186
8034
8053
8104
7995
7486
7601
7993
7321
7404
7728
8093
8186
7835
8128
7728
7811
7735
8002
7381
7720
7828
7664
7532
7764
7209
8053
7293
8104
7320
8039
7202
7517
7541
7367
7352
8053
7730
7895
7574
7796
7354
8002
7460
7728
7836
8153
7579
8076
7349
7916
8055
8141
7949
7702
8100
8181
7244
7887
7676
7275
7728
7845
7186
7994
7458
7663
7864
7702
7740
8076
7198
8164
7816
7311
8008
7924
7879
7565
7954
8076
7842
8093
7541
7897
7209
8162
7730
7559
8073
8073
7671
7866
7793
7882
8076
7718
7557
7445
7816
7718
7954
7657
7716
7879
7911
8183
7346
7354
7612
7532
8151
7962
8002
7612
8161
7577
7875
8098
7753
7601
7663
8028
8034
7720
7583
7195
8112
7528
7231
7866
7740
7646
7715
7183
8087
7715
7524
7993
8039
7995
8172
7407
7414
7764
7772
8181
8028
7183
7811
7653
7505
7322
7961
8040
7533
7696
7552
7984
7897
8106
7426
7879
7505
8172
8166
7524
7897
7322
7715
8042
7932
8145
7916
7774
7523
7378
8107
7916
7586
7923
8076
7847
7209
7337
7796
7699
7961
7548
7862
9226
9028
9086
8676
8671
9047
8777
8484
8750
8752
8980
8729
8738
9132
8492
8541
8842
8913
9170
8330
8822
8751
8527
8223
8694
8527
8654
8587
8852
8662
8816
8327
8661
8661
8530
8661
8228
9189
8492
8518
9070
8802
8664
8280
8462
8712
8535
8693
8751
8575
8247
8610
8389
8966
9116
8628
8434
8501
8444
8459
9022
8464
8857
9029
9196
8997
8625
8755
8712
8585
8277
8770
8528
9027
9171
8413
9089
8895
8755
8892
9020
8432
9010
9196
8751
8255
8444
8200
8234
8662
9132
8444
8863
8452
8983
9211
8234
8575
8234
8839
8234
8200
8851
8862
8203
8305
8381
8903
8845
8444
8667
8606
8661
8852
9089
8652
8833
9008
9089
9089
8781
9089
8697
9089
9211
8444
8920
8942
9089
9210
8234
8444
8444
8759
8429
8440
9035
8903
8820
9190
8650
8575
8419
8662
8444
9166
8444
8936
9180
8608
8208
9060
8851
8679
8903
8535
8372
9010
8501
9168
9014
8634
8354
9204
8988
8365
8501
9081
8978
9033
8491
8838
9180
8847
9196
9210
9028
8330
8528
8372
8620
8847
8906
8843
8235
8851
8909
8980
9196
8760
9123
8980
8476
8210
9101
8862
8546
8364
8851
9038
8825
8892
8822
9036
8901
8234
9089
9089
9089
8501
9051
8370
8234
9196
8234
9196
8974
9210
8892
8664
9089
8464
9129
8479
8409
9124
8608
8372
8760
8608
8851
8817
8234
8792
8851
8712
8223
9029
8331
8234
8751
8842
8535
9101
8546
8444
8908
8530
9013
9023
8692
8667
8220
8711
8661
8372
8760
8760
9047
8667
9037
9210
8418
8608
8327
9027
8365
9132
8327
8327
8585
8831
8528
8726
9171
9129
8606
8852
9204
9079
8852
8708
9204
8863
8831
9211
8863
8760
9123
8365
9051
8842
8901
8863
9118
8985
8839
8845
8679
9139
8587
8927
8886
8837
8515
8862
8839
8755
8707
8602
8484
9186
8538
9020
8831
8664
9180
8788
8515
8231
9152
8807
9024
8909
9029
8894
8501
8488
8514
8602
8803
9180
9189
9137
8596
9204
8901
8519
9211
8601
9037
9208
8459
8845
8839
8535
9002
8372
8586
8452
8755
8255
8756
9157
9076
9033
8765
8392
8722
8602
8398
8575
8779
8501
8538
8707
8726
9037
8909
8852
9180
8658
8673
8535
8515
8602
8608
8676
9029
8372
8575
8650
8507
8788
9021
9076
8676
8660
8760
9123
8438
8822
8894
8758
8796
8568
9198
9059
8969
8998
8409
8839
8942
8293
8608
8658
8845
8379
8722
8754
8418
9166
9010
8492
8210
8879
8419
9029
8302
9157
9010
8538
8998
8851
9129
8432
8831
8980
8257
8514
8743
8997
8575
8851
8342
8969
9027
8697
9115
8676
9157
8608
8892
8750
8402
8947
8303
8998
8472
8756
9129
8354
9070
8499
8892
8998
8901
8851
8851
8736
8806
8952
8718
8909
8330
9059
8820
8796
8647
9212
8998
8662
9024
8635
8800
9157
8368
8851
8825
8845
8984
9157
8402
9183
9210
8299
8263
9194
8234
8718
8429
8354
8514
9043
9204
8961
8852
8650
8892
8909
8820
8299
8192
8245
8850
9109
9043
9000
9189
9126
9051
9196
8414
8772
8365
8233
8722
9089
8464
8822
8850
9089
8523
8862
8661
8694
8856
8786
8697
8903
8418
8750
8192
8372
8197
8814
9056
8980
8650
8661
9012
8662
8354
8771
8401
8960
9023
8215
8624
8969
9020
8883
8402
8255
8712
8472
8839
9172
8976
8417
9174
9070
8755
8625
8546
9070
9010
8883
8810
8575
8200
8409
8851
8535
9027
8354
8372
8518
9089
9008
8459
9196
8894
8816
8234
9051
8444
9013
9129
8606
9010
8702
8535
8255
8980
8571
8711
8243
8372
9213
8372
9089
9029
8831
8368
9137
8958
9010
8499
8372
8893
8893
8851
8257
8800
8651
9095
8478
8424
9116
8889
8482
8410
8328
8515
8923
8634
8546
8402
8722
9124
8970
8570
8207
9195
8790
9189
8327
8860
8309
9067
9210
8535
8256
9051
8383
8602
8585
8839
9079
8491
8255
8834
8814
8327
9143
8862
9010
8940
9079
8980
8535
8892
8612
8619
8625
8587
8256
8870
8396
8208
8546
8844
9210
8538
8958
8720
9012
8602
8207
8612
8515
9181
9181
8647
8917
8234
8769
8852
8842
9116
8575
8459
9037
8602
9079
8208
9029
8587
9020
8578
8587
8255
9139
8402
9162
9153
9152
8524
9004
8354
8491
8923
8575
8402
8208
8661
8208
9079
9010
8365
9116
9051
8235
9029
9189
9079
9010
8452
8664
8903
8501
8208
8204
8365
8726
9196
8671
9157
8936
9027
8831
8760
9180
9132
8661
8862
8936
8888
8520
8365
8514