194
668
655
655
918
482
482
482
828
402
973
53
210
210
242
967
343
645
312
198
215
215
215
215
462
604
17
723
723
90
90
979
543
618
374
462
462
403
19
362
574
846
337
442
442
655
655
655
320
320
274
274
507
507
543
224
507
703
43
902
362
652
846
337
337
442
113
503
973
210
210
242
686
343
343
312
198
215
215
215
215
580
604
604
17
723
90
90
142
543
543
17
111
111
79
36
543
58
107
641
749
529
529
529
853
848
529
529
527
121
362
652
846
337
337
442
113
500
652
846
337
337
442
113
503
973
210
210
242
686
343
343
312
198
215
215
215
215
90
604
604
17
723
90
90
90
543
543
17
618
462
79
36
362
652
846
337
442
442
655
655
387
553
320
320
274
507
507
543
224
507
703
43
43
43
224
224
43
43
79
902
503
973
18
210
242
686
343
343
312
198
215
215
215
215
462
604
848
17
723
90
90
142
462
543
17
90
462
79
36
362
652
846
337
337
442
113
500
652
846
337
337
442
113
500
652
846
337
337
442
113
519
362
574
846
337
442
442
113
973
18
210
242
686
343
343
312
198
198
215
215
90
36
362
652
846
337
337
442
113
500
652
846
337
442
442
113
500
652
846
337
337
442
16
655
484
387
320
320
507
402
190
362
574
846
337
442
442
113
362
574
846
337
442
442
113
973
18
210
242
686
686
343
312
312
198
215
215
80
142
543
604
17
723
90
90
90
888
543
224
507
462
24
79
109
991
58
107
641
749
542
529
618
853
29
529
440
90
19
362
574
846
337
442
442
113
362
574
846
337
442
442
113
973
18
210
669
686
686
343
343
312
198
215
215
340
36
503
18
18
210
242
686
343
503
973
18
210
242
686
343
247
362
574
447
447
151
702
889
521
333
739
1000
149
149
616
521
521
1000
827
257
616
149
785
227
29
257
527
339
339
973
18
210
669
242
686
343
645
312
198
618
215
1010
953
462
604
17
953
1010
527
527
140
227
853
29
140
848
788
691
362
574
846
337
442
442
655
655
655
666
320
802
274
507
5
604
17
71
703
842
179
362
652
846
337
337
442
113
503
973
210
210
242
686
343
673
973
18
210
242
686
343
247
973
18
210
242
686
343
247
973
18
210
242
686
343
247
362
574
846
405
