306
20
149
482
527
121
266
839
862
114
642
967
647
647
647
647
647
461
647
647
647
461
543
227
647
647
647
910
647
910
647
267
267
267
647
267
647
910
910
657
657
647
190
381
747
961
467
573
504
539
806
647
684
684
937
937
901
852
664
118
834
647
395
647
647
647
657
657
657
657
657
657
657
391
429
609
360
669
841
967
967
645
51
14
215
215
215
142
618
409
551
478
354
80
254
619
462
888
374
888
104
462
142
142
19
499
460
961
97
800
329
459
320
320
320
320
320
320
518
402
446
460
434
448
660
832
873
207
207
207
443
518
901
828
402
897
316
592
669
841
967
510
645
645
14
215
1010
953
54
492
822
478
331
667
566
254
979
54
659
979
888
104
79
79
902
765
381
434
961
660
660
584
459
320
320
320
320
320
518
492
672
834
444
703
461
979
659
659
888
104
79
888
79
79
902
190
897
316
592
669
841
967
510
645
14
732
215
1010
142
142
409
368
478
749
749
529
963
975
975
975
125
376
54
222
142
36
765
460
434
582
660
573
329
459
320
320
320
320
518
492
19
381
925
434
582
660
584
690
135
320
320
320
320
518
518
518
109
341
609
592
669
841
967
510
645
585
585
215
215
953
142
409
368
478
989
461
566
963
963
376
975
54
963
54
979
142
222
757
737
236
434
593
660
584
702
459
320
320
320
320
518
518
109
435
834
224
566
979
888
979
79
104
79
372
79
372
79
902
109
341
316
592
669
841
967
510
585
585
585
585
585
953
492
951
671
231
354
566
254
254
979
461
659
104
79
79
79
334
446
925
961
961
660
60
329
461
320
320
320
320
320
621
492
19
499
460
582
660
800
584
584
618
320
320
320
320
518
518
19
897
316
592
669
841
967
510
68
14
340
732
1010
142
142
492
368
478
989
80
749
542
376
550
550
376
963
54
54
222
492
988
265
460
961
467
60
702
459
320
320
320
320
320
739
241
212
671
331
667
566
254
979
979
979
104
888
24
79
79
79
109
897
316
592
669
841
967
510
645
585
585
585
585
585
585
492
926
478
989
667
749
542
376
963
975
975
963
54
222
222
167
334
315
236
434
582
60
329
702
320
553
320
320
320
621
121
263
381
434
582
660
660
329
459
618
320
320
320
320
456
534
