151
198
980
866
721
134
607
576
451
435
578
314
1001
681
120
1
1001
213
866
264
323
427
300
84
68
314
332
456
687
333
648
28
49
435
882
470
752
611
84
84
882
551
752
47
613
84
84
314
332
752
366
601
84
84
84
314
50
314
272
681
19
154
866
426
607
607
188
6
774
234
578
80
511
80
230
80
230
80
230
80
752
47
613
234
578
578
80
80
681
681
82
1
230
1
50
866
191
47
611
84
84
435
396
207
681
681
185
314
369
426
637
576
47
47
300
84
396
314
332
541
637
576
400
154
129
481
752
47
611
84
180
215
268
907
891
347
347
158
347
154
481
950
47
47
300
84
904
23
852
185
681
154
65
332
541
268
766
347
154
347
65
347
154
980
332
541
268
536
366
366
613
84
80
50
587
50
587
866
541
637
576
774
891
578
963
995
883
980
866
866
541
637
576
184
891
574
742
526
742
526
742
589
589
589
708
742
526
526
742
526
98
324
721
687
333
316
30
578
526
578
1
526
866
866
875
541
637
576
184
742
963
502
306
314
19
24
22
441
637
576
904
23
400
742
400
154
963
963
875
922
862
576
576
742
400
400
429
524
922
922
1020
1020
613
316
84
19
19
19
301
511
207
896
721
687
615
19
301
19
301
19
19
207
369
240
687
333
615
502
207
80
19
314
19
213
19
866
397
862
576
918
891
904
23
400
207
742
400
896
721
687
615
316
891
511
511
511
154
511
50
866
551
456
687
607
766
30
32
995
578
896
620
681
541
637
576
891
1016
742
742
414
592
491
19
213
19
980
52
637
766
976
891
742
481
721
687
25
613
32
30
50
185
50
681
50
1
526
213
866
456
718
637
576
576
493
855
1016
742
721
333
37
37
184
891
578
207
589
8
526
8
207
324
324
1020
1020
164
659
891
963
332
456
687
978
576
502
316
23
578
80
396
301
19
301
19
502
502
240
191
277
576
23
904
891
896
450
687
731
32
37
32
891
457
681
272
139
154
526
139
139
120
589
995
139
98
976
481
481
24
721
333
576
253
801
435
578
80
92
1
326
1
526
866
866
541
637
268
904
891
161
896
687
333
613
637
576
576
578
1
526
681
272
1
980
980
481
541
637
1020
1020
103
435
980
866
721
687
434
259
975
185
578
962
2025
2939
3764
4201
1884
2284
3929
4561
1723
3070
3348
4696
1515
2165
3511
4414
1561
2325
3623
4414
1349
2350
4077
4822
1300
2771
4077
4854
1327
3050
3880
4862
1215
2186
3458
4825
1103
2725
3419
4137
1780
2492
3671
5114
1331
2388
3659
4156
1331
2272
4055
5059
1192
2942
3111
4643
1969
2781
3997
4249
1188
2665
3551
4964
1448
2673
3952
4950
1368
2083
4056
5026
1324
2771
4079
4886
1780
2801
3952
4539
1924
2182
4052
4927
1298
2922
3185
4873
2034
2746
3982
4852
1298
2697
3478
4830
1298
2990
3310
4593
1404
2665
3198
5029
1981
2944
3682
5110
1232
2869
3951
4853
1981
2942
3787
4977
1181
2564
3747
4927
1798
3051
3851
4970
1455
2754
4032
4465
1886
2219
3843
4460
1167
2320
3647
4822
1720
2470
3901
4456
2025
2964
3243
4839
1248
2579
3843
4132
1720
2320
3672
4661
1554
2165
3315
4328
1287
2887
3928
4955
2034
2467
3925
5114
1720
3007
3810
4460
1535
2514
4090
4562
1635
2404
3970
4381
1589
2333
3982
4801
1969
2091
3073
4801
1622
2091
3839
4864
1588
2091
3670
4675
2034
2174
3394
4972
1759
2525
4048
5009
1714
2091
3098
4675
2034
2971
3268
4726
1759
3007
3940
4726
1554
2964
3801
4497
1424
2054
3704
4140
1950
2860
3198
4921
1481
2815
3202
4456
1835
2937
3824
4873
1317
2564
3887
4852
1317
2877
3940
4121
1368
3032
3825
4801
1831
3032
3887
5096
1815
2717
3940
4676
1555
3042
3949
4167
1500
2764
3327
5018
1857
2478
4070
4455
1622
2926
3787
4801
1991
3038
3420
4720
1547
2148
3428
4624
1622
2097
3313
4999
1720
2162
3845
4416
1807
2169
3857
5094
2025
2907
3325
4589
1317
2944
3621
4244
1604
2364
4008
5033
1443
2516
3369
4788
1755
2705
3521
4283
2006
2278
3371
4151
1892
3001
3333
4262
1955
3050
3530
4820
1417
2971
4039
4961
1905
2986
3672
4914
1801
2735
3674
4728
1960
2964
4072
4111
1991
3035
3704
5031
1675
2944
3621
4507
1481
2788
4072
4926
1995
3008
3904
4873
1587
2452
3844
4950
1347
2552
3592
4955
1991
2325
3690
4763
1886
2972
3107
4967
1711
2216
3778
4384
1160
3008
3810
5029
1991
2452
3997
5110
1607
2544
4079
4983
1992
2429
3350
4424
1745
2200
3796
4538
1897
2134
3262
4476
1868
2447
3625
4328
1789
2447
3177
4328
1837
2498
3289
4845
1691
2804
3791
4122
1837
2101
3104
4513
1837
2113
3217
4122
1660
2249
3117
4122
1660
2283
3825
4122
1660
2249
3706
4825
1660
2540
3760
4149
1660
2695
3641
4717
1860
2794
3339
4343
1860
2498
3670
4442
1860
2498
3484
4111
1860
2090
3812
4482
1860
2589
4089
4813
1860
2811
3812
4562
1892
2088
3845
4237
1588
2457
3660
4217
1588
2337
3812
4990
1565
2887
3812
5037
1565
2887
3639
5022
1729
2673
3447
4526
1565
2817
3237
4633
1743
2897
3581
5043
1743
2906
3933
4460
1798
3038
4077
4845
1798
2176
3107
4915
1743
2156
3872
4197
1558
2667
3872
4766
1798
2249
3348
5096
1798
2619
3439
4846
1993
2715
4094
4821
1694
2730
3300
5095
1993
2351
3839
4484
1993
2351
3919
4733
1759
2424
3919
4399
1759
2424
3659
4823
1759
2424
3202
4484
1759
2944
3333
4791
1331
2529
3576
4845
1720
2535
3484
4800
1759
2822
3791
4320
1759
2883
3804
4675
1720
2121
3704
4500
1720
2880
3869
4386
1915
2922
3859
4691
1159
2332
3504
4488
1206
2880
3496
4168
1594
2161
3377
4481
1287
2945
3987
4739
1167
2677
3952
4860
1920
2638
3790
4324
1335
2967
4090
4250
1104
2082
3632
4456
1481
2967
3733
4961
1831
2788
3542
4972
1831
2788
3530
4814
1775
2579
3804
4860
1589
2883
3136
4484
1589
2564
3942
4624
2034
2925
3377
4546
1720
2944
3737
4985
1607
2314
3377
4593
1554
2320
3261
4755
1554
3032
3940
5114
1851
2458
3147
4891
1391
2144
3296
4860
1262
2218
3176
4752
1841
2364
3918
4732
1737
2591
3697
4719
1588
2800
3622
5020
1785
2262
3933
5038
1104
2320
3376
4255
1949
2979
3810
4899
1969
2467
3670
4620
1287
2612
4032
4384
2046
2272
3935
4170
1798
2506
3674
4985
1554
2925
3585
4931
1851
2511
4024
4681
1979
2535
3388
4379
1188
2655
3883
4170
1331
2346
4061
4825
2015
3047
3313
4892
1905
2907
3554
5031
1905
3023
3185
5114
1711
2314
3675
4949
1155
2330
3952
4201
1780
2735
3743
5096
1981
2421
3839
4589
1739
2811
3248
4732
1947
2644
3929
4971
1206
2825
3098
4119
1892
2942
3087
4465
1831
2278
3310
4437
1167
2771
3652
4624
1798
2960
3712
4314
1263
2157
3495
5038
1746
2156
3464
4190
1849
3007
3673
4314
1335
2811
3824
4640
1335
2097
3674
4921
1694
2421
3682
4927
1835
2573
3982
5041
1694
2452
4038
4175
1835
2644
3951
5049
1547
2644
3542
4548
1675
2897
3933
5114
2034
2907
3708
4119
2034
2612
3674
4431
1775
2815
3304
5029
1969
2815
4030
5058
1816
2925
3363
4970
1219
2251
3949
4673
1455
2169
3615
4632
1057
2470
3348
4488
2001
2800
3844
4691
1209
2616
3542
4855
2028
2245
3859
4096
1206
2920
3327
4919
2032
2920
3919
4905
1788
3008
3335
4302
1857
2260
3245
4615
1714
2833
3883
4484
1585
2398
3753
4983
2035
2607
3248
4653
1788
2933
3491
4416
1368
2470
3670
4770
1815
2990
3844
4749
1892
2937
3098
4457
1947
2224
3938
4150
1815
2965
3639
4437
1110
2897
3630
4203
1104
2630
3259
4772
1104
2311
3673
4702
2015
2162
3966
4985
1914
2677
3644
4101
1969
2619
3500
4150
1554
2764
3915
4135
2001
2964
3147
4961
1317
2735
3824
5031
1711
2868
3869
5094
1368
2748
3935
4839
2025
2314
3478
4927
1903
2877
3928
4221
1815
2649
3325
4615
1589
2097
3447
4771
1694
3050
3530
4460
1594
2709
3202
4861
1696
2642
3268
4193
1979
2109
4030
4916
1270
2249
3420
4853
1194
2403
3872
4883
1535
2953
3770
5049
1557
2340
3535
4648
2015
2905
3235
4526
1831
2360
4077
5058
2015
2529
3333
4349
1788
2589
3660
4215
1104
2463
3168
4739
1392
3023
3952
4414
1392
3023
3611
4860
1931
2176
4072
4414
2003
2257
4020
4950
1700
2741
3919
4739
1659
2942
4077
4477
2025
2945
4077
4477
1641
2804
3363
4135
1989
2144
3503
4905
1110
2703
4007
4711
1336
2728
3366
4675
1977
2991
3878
4894
1110
2165
3500
4732
1892
2642
4007
4893
1977
2920
3952
4468
1104
2311
3335
5118
2046
2920
3781
4926
1903
2419
4077
4813
1232
2877
4077
4810
2025
2788
4077
4955
1349
2889
3747
4170
1181
2939
4079
4197
1723
2579
3904
4562
1589
2717
3727
5114
2000
3028
3674
4601
1103
2425
3824
4560
1693
2581
3077
4484
1110
2554
3573
5031
1999
2620
3236
4490
1171
2620
4005
4413
1336
2465
3096
4747
1093
2620
3175
4654
1892
2581
3111
4474
1629
2054
3500
5029
1262
2879
3297
4862
1675
2722
4053
4810
1167
2581
3257
5096
1977
3065
3778
4955
1167
2054
4008
5052
1977
2608
3723
4962
1279
2531
4053
4927
1711
2813
3335
4484
1279
2741
3778
4810
1711
2863
3843
5110
1675
2741
3778
4684
1160
2178
4053
4810
1675
2889
3335
4955
1160
2925
3778
5012
1675
2813
3843
5059
1160
2748
3778
5012
1345
2350
4053
4170
1248
2925
3335
4733
1345
2813
4053
4311
1248
2419
3904
5012
1345
2649
3778
4170
1248
2788
3843
5012
1345
2649
3778
4889
1248
2452
3843
5096
1899
2649
3335
4934
1327
2177
3226
4714
1732
3021
3380
4135
1991
3009
3641
5087
1160
3012
3901
5059
2025
2150
3888
5115
1554
2209
4043
5096
1991
2735
3165
4918
1884
2925
3747
4728
1884
3012
3987
4539
1160
2700
3747
5030
1903
2452
3111
4171
1160
2224
3824
4727
1903
2735
4052
4171
1160
3071
3536
4589
1903
2813
3951
5096
1248
3071
3335
4942
1456
2877
3210
5058
1248
2777
3824
4727
1481
2552
3552
4918
1167
2226
3697
4533
1488
2372
3842
4982
1650
2632
3781
4967
1802
2126
3907
4882
1262
2423
3446
5050
1660
2238
3704
4187
1802
2879
3535
5059
1167
2246
3733
4894
1899
2818
3940
4170
1547
2552
3710
4771
1884
2857
4055
4907
1995
2314
4036
4864
2025
3000
3536
4860
1232
2818
3552
5030
1685
2238
3727
4942
1377
2857
3552
4710
1206
2048
3325
4733
1581
2262
3085
4328
1780
2883
3589
5009
1082
2591
3333
4321
1262
2825
3168
4891
1148
2126
3115
4396
1093
2343
3824
4985
1881
2219
3974
4659
1711
2169
3726
4439
1160
2470
3804
4358
1167
2352
3500
4145
1675
2234
3567
4255
1607
2575
3690
5037
1966
2528
3388
4243
1775
2788
3111
4961
1279
3000
3966
4150
1991
2234
3111
4860
1554
2968
3419
4711
1995
2925
3674
4621
1054
2135
3933
4621
1054
2535
3268
4342
1110
2374
4031
4166
1999
3034
3881
4446
1110
2266
3924
4812
1660
2390
4004
4123
1110
2259
3791
5095
1660
2117
4004
4175
1279
2314
3942
4449
1711
2136
3270
4704
1206
2608
3727
4725
1711
2242
3168
4105
1104
2899
3567
4906
1892
2857
3109
4812
1991
2899
3928
4861
1054
2325
3726
5079
1892
2841
3333
4865
1087
2057
3949
5086
1975
2919
3232
4282
1950
2730
3529
4743
1481
2261
3377
4398
1886
2452
3447
4743
1801
2564
3671
4926
1886
2261
3904
4906
1417
3017
3313
4725
1317
2443
3447
4500
2046
2261
3663
4437
1417
2820
4056
4921
1167
2881
3517
4948
2046
2261
3810
4100
1703
2351
3478
4299
2046
2238
3605
4702
1720
3017
3982
4542
1720
2762
3733
4564
1044
2352
3676
4374
1960
2456
3176
4752
1218
2980
3611
4933
1886
2815
3107
4773
1886
3000
3311
4961
1905
2443
3284
4269
1317
2944
3333
4676
1317
2944
3157
4542
1317
2626
3940
5040
1317
2085
3907
4889
1589
2337
3384
4773
2046
2857
3333
4845
1995
2883
3965
4601
1720
3000
3088
4624
1720
2552
3384
4296
1720
2243
3642
4150
1720
2820
3304
4593
1589
2352
3919
4120
1589
2937
3919
4500
1327
2245
4049
4931
1651
2249
3928
4937
1317
2296
3918
4171
1317
2245
4088
4854
1044
3000
3955
4254
1905
2926
3367
4961
1317
2857
3810
4919
1966
2626
3824
4317
1589
2421
3727
5090
2025
3017
3810
5090
1155
3017
3690
4465
1155
3017
3845
4583
1884
3017
3868
4254
1884
2467
3812
4457
1884
2564
3274
5094
1417
2564
3157
4384
1115
2325
3526
4150
1903
3017
3530
4971
1115
2352
3495
4457
1895
2949
3810
4961
1999
2836
3630
4452
1171
2144
4007
4432
1999
2179
3490
4961
1171
2714
3482
4254
1082
2725
3814
4948
1093
2259
3812
4738
1660
2714
3726
4661
1206
2144
3778
4948
1660
2581
3919
4839
1279
2281
3478
4528
1711
2467
3812
4497
1093
2741
3812
4625
1711
2467
3812
4324
1279
2314
3507
4948
1711
2419
4030
4254
1991
2756
3582
4876
1892
2398
4008
4876
1535
2249
4053
4514
1392
3021
3831
4171
1481
2419
3812
4245
1991
2419
3157
4908
1160
2789
3919
4508
1886
2398
3107
4171
1167
2398
3824
4624
1481
2093
3107
4150
1991
2253
3107
4328
2046
2701
3942
4624
1481
2419
3791
4784
1991
2756
3928
4752
1160
2789
3919
4961
2025
2453
3810
4722
1248
3017
3740
4999
1884
3017
3185
4767
1248
3017
3674
4810
1995
2453
3747
4853
1777
2944
3940
4948
1115
2119
3447
4747
1077
2881
3396
4514
1521
2297
3454
4230
1860
2825
3887
4139
1594
3032
3704
4593
1181
2525
3982
4384
1835
2626
3660
4640
1334
2097
4094
4948
1368
2443
3107
4705
1694
3035
3782
4624
1481
2933
3644
4948
1720
2455
3663
4908
1589
2352
4010
4484
1835
2162
3810
4945
1331
2346
4090
4349
1104
2989
3812
4625
1554
2097
3825
5095
1654
2476
3812
4435
1488
2721
3812
4398
1660
2896
3781
4343
1802
2275
3812
4291
1262
2626
4014
5076
1977
2632
3111
4860
1110
2764
3209
4770
1892
2199
3394
4931
1977
2601
3919
5045
1167
2741
4053
4593
1160
2453
4053
5031
1345
3017
3981
4254
1248
3017
3589
4654
1115
2090
3690
4931
1298
2791
3237
4949
1899
2224
4094
4948
1298
3032
3869
4830
1777
2411
3812
4460
1252
3017
4094
5114
2023
3017
3111
4624
1628
3017
3904
4624
1248
2708
3715
4876
1110
2531
3176
4737
1167
2642
3325
4733
1155
2925
3526
4386
1899
2976
3940
4889
1899
2536
3638
5041
1977
2985
3804
4150
1345
3012
3530
4500
1345
2638
4088
5094
1317
2443
3727
4384
1327
2284
3986
4195
1512
3021
3231
4487
1700
2708
3880
4514
1188
2302
3741
4478
1924
2788
3109
4171
2034
2463
3928
4949
1317
2644
3300
5012
1924
2619
3343
4950
1349
2177
3782
4889
2000
2700
3891
5089
1334
2535
3915
4539
1155
2890
4087
4460
1349
2841
3839
4494
1515
2314
3880
4625
1155
2985
4087
5079
1349
2700
4079
4955
1334
2976
3839
5110
1924
2939
4087
4889
1349
2907
4079
5115
1515
2619
3824
5029
1777
2813
3952
4484
1628
2907
4087
4170
1748
2619
4087
4830
1419
2985
4087
4539
1843
2907
3727
4414
1650
2372
3470
4513
1243
2543
3442
4966
1387
2144
3211
4379
1110
2614
3567
4733
1852
2315
3747
4922
1746
2279
3463
4961
1094
2665
3868
4317
1979
2388
3781
5029
1977
2953
3428
4546
2015
2313
3166
4636
1094
2741
3442
4931
1996
2868
3878
4574
1392
2944
3473
4416
1160
2492
3671
5094
2025
2883
4036
4384
1895
2945
4036
4889
2034
2968
3115
4931
2034
2800
3422
4864
2025
2552
3335
4908
1995
3043
3459
4955
1895
2794
4032
4150
1995
2985
3778
4201
2025
2544
3843
4955
1995
2837
3951
4962
1884
2800
3966
5041
1232
2619
3335
4926
1368
2813
3500
4985
1895
2985
3843
5059
1884
2608
3715
4747
1371
2925
4053
4677
1995
2977
3335
5094
1895
2604
3856
4184
1995
2735
3843
5094
1635
2264
3918
4624
1396
2730
3830
4623
2035
2085
4089
4215
2000
3017
3950
4702
2034
2421
3690
5110
1248
2912
3884
4926
1995
2266
3901
4173
1895
2564
4008
5059
1884
2085
3270
5052
1252
3050
3997
4919
1115
3017
3715
4845
1232
2944
3284
4876
1062
2686
3165
4970
1081
2589
3970
4514
1851
2992
3919
4639
1029
2423
3422
4374
1291
2169
3555
4215
1794
2572
3600
4720
1945
2186
3812
4814
1947
2102
3447
5099
1947
2243
3442
4726
1750
2680
3663
4754
1696
2284
3555
4921
1831
2085
3088
4381
1969
2528
3555
5094
1368
2169
3970
4202
1115
2789
3839
4374
1481
2626
3592
4621
2025
2133
3812
4621
1589
2552
3970
4432
1587
2243
3589
4983
1966
2085
3935
4705
1945
2680
3343
4905
1905
2085
3526
4374
1960
3007
3281
4615
1966
2243
3296
4248
1635
2815
3083
4676
1534
2455
3703
4705
1057
2140
3396
4692
1839
2963
3600
4905
1945
2626
3482
4153
1791
2403
3600
4342
1722
2667
3377
5094
1977
2626
3859
4919
1969
2467
3414
4374
1696
2525
3175
4127
1594
2837
3734
4412
1167
3065
3710
4988
1517
3015
3401
4193
1368
2890
3632
4876
1317
3065
3844
4227
1589
2455
4094
5096
1622
2113
3261
4484
1835
2728
4036
5094
1981
2906
3383
4215
2034
2351
3795
4692
1181
2883
3639
4407
1775
2857
3310
4853
1981
2925
3111
4921
1884
2351
4055
4754
1188
3007
3942
4711
1607
2777
3340
5015
1317
2968
4036
4852
1991
2801
3940
4711
2000
2442
3772
5079
1981
2393
3747
4510
1884
2990
3772
4971
1515
2421
3950
4871
1515
2314
3747
4201
1607
2506
3839
5094
1232
2869
3111
4132
1723
3012
3942
4889
1981
2452
3951
5058
2000
2727
3876
5090
2000
2626
3887
4926
2000
2945
3464
4705
1515
2883
3284
4654
1515
3012
3982
4810
1607
2506
4072
4926
1607
2274
3111
5058
1723
3007
3747
4927
1723
2777
3951
5110
2023
2942
3935
5115
1056
2283
3780
5033
1238
2057
3104
5010
1110
2880
3663
4733
1977
2421
3418
4374
1743
2512
3872
4651
1660
2085
4073
4389
1279
2967
4036
4210
1696
2394
4036
4891
1675
2888
4036
4283
1892
2294
4036
4776
1629
2746
3296
5050
1160
2527
4036
4599
1977
2186
3919
4814
1167
2274
3632
4481
1404
2728
3452
4993
1167
2275
3107
4510
1899
2689
4036
4921
1104
3069
4036
4999
1711
2109
4036
4414
1991
2097
3727
4814
1515
2097
4036
4853
1723
2314
4036
5094
1160
2801
3447
5115
1851
2512
3595
5011
1581
2117
3074
4751
2008
2620
3690
4957
1554
2330
3270
4150
1335
2949
3335
4625
1317
2914
3495
5059
1696
2667
3974
4678
2015
2857
3628
4184
1720
2694
3778
4484
1349
2608
3966
4711
1327
2439
3675
4218
1755
3055
3542
4962
1815
2771
3261
4414
1981
3012
4053
4625
1192
2699
3526
5037
1160
2258
3966
4609
1345
2090
4054
4934
1248
2925
4042
4763
1404
2728
3887
4132
1780
2661
4030
4720
1345
2649
3647
4460
1981
2284
3804
4676
1981
2467
4004
5012
1924
2967
3876
4346
1515
2985
3904
4853
1334
2883
3893
4170
1628
2925
3782
5114
1924
2964
3901
4751
1628
2097
3880
5118
1653
2813
3893
5094
1748
2748
3904
5094
1981
2717
3268
4955
1252
2325
3715
4934
1992
2433
3190
4999
1110
2218
3781
4891
1678
2085
3721
4807
1689
2085
3660
4561
1558
2741
3812
4537
1743
2258
3384
4825
1892
2274
3812
4533
1188
2590
3919
4964
1188
2598
3997
5110
1248
2085
3951
4927
1801
3023
3333
4202
1801
3017
3856
4676
1166
2275
3622
4300
1231
3021
3373
4922
1974
3069
3325
4797
1181
2964
3810
4817
1759
2352
3527
4230
1331
2820
3621
4961
1331
2649
3810
4215
1801
2604
3928
5040
2035
3026
3360
4961
1404
3044
4093
5047
1404
2470
4085
4997
1377
2787
3698
4786
