151
198
678
270
260
260
1003
1003
678
678
678
101
678
101
101
1003
1003
378
101
101
678
678
829
260
1003
101
1003
101
678
678
678
102
678
101
1003
1003
678
678
678
102
101
101
101
678
678
678
678
101
101
101
362
101
101
101
538
678
678
101
101
101
594
101
101
594
101
976
101
678
101
101
101
101
101
207
101
120
572
572
655
572
19
976
572
572
572
572
362
995
572
976
572
213
387
623
572
213
387
387
387
82
387
387
213
991
377
377
377
213
387
377
219
128
751
398
751
398
751
814
394
814
394
447
394
447
394
447
394
610
610
447
394
394
394
447
394
447
394
394
447
394
14
14
394
838
770
770
623
864
599
668
465
599
983
168
921
168
43
168
653
717
805
14
326
599
14
942
525
805
180
388
14
379
243
269
185
453
969
177
14
177
243
264
853
853
188
188
1002
1002
207
312
755
755
343
936
343
33
599
270
755
692
865
129
480
805
14
853
853
842
504
705
14
14
599
270
14
270
14
270
14
599
14
599
599
14
270
270
357
599
480
955
389
599
345
14
599
850
599
553
597
270
864
120
270
668
128
398
751
367
956
921
168
409
553
553
553
569
365
365
365
474
270
1018
270
1018
558
297
751
398
751
814
394
814
805
447
805
447
805
447
805
858
805
814
805
145
805
447
447
805
447
805
805
805
805
525
942
873
805
270
646
41
893
525
805
525
805
41
788
41
270
152
270
214
646
646
270
270
788
270
802
269
214
214
646
1003
157
779
83
503
503
788
270
157
779
214
779
343
41
802
503
802
157
779
214
779
157
270
646
503
270
214
779
51
214
779
656
646
446
157
270
779
1003
378
779
656
893
157
270
157
779
646
682
779
656
270
646
270
148
255
33
807
807
751
398
751
398
394
850
152
54
152
61
41
14
805
14
805
779
170
805
826
270
826
474
195
270
779
811
779
270
865
599
357
270
357
599
814
599
814
599
814
51
858
805
858
270
157
270
270
858
893
957
270
797
14
805
157
218
218
957
218
218
858
893
858
805
858
805
525
942
858
805
893
858
797
797
525
942
525
805
646
270
957
312
348
446
348
231
189
231
223
72
72
270
270
668
255
398
751
751
398
394
814
805
858
805
858
805
858
610
1013
858
599
858
599
270
447
932
88
447
368
2025
2884
4028
4650
2025
2924
3251
4334
1347
2644
3420
4480
1589
2644
4028
4278
1589
2608
4059
5042
1589
2628
3959
5042
1589
2968
3148
4817
1347
2119
3912
4637
1690
2721
3382
4120
1299
2506
3675
4184
1347
2506
3728
4334
1347
2820
3951
4233
1054
2945
3719
4802
2025
2349
3743
4145
2025
2628
3959
5005
2025
2330
4079
5007
1589
2628
4079
4800
1589
3012
3959
5105
1589
2694
3747
5049
1589
2944
3291
5105
1884
3050
3747
4120
1299
2859
3862
4810
1299
2968
3952
4332
1690
2735
3673
4810
1690
2825
3577
4184
1368
2214
3657
4170
1589
2942
3264
4955
1589
2628
3730
4334
1589
2976
3148
4318
1589
2349
3929
4460
1589
2944
3469
4324
1884
3035
3148
5110
1349
2944
3869
5056
1300
2944
3469
5108
1300
2735
3329
4817
1097
2735
3469
5029
1299
2968
3307
5049
1054
2510
3684
4246
1995
2884
3338
4955
1589
2884
3420
4132
1589
2214
3764
5118
1589
2628
3909
4637
1589
2996
3659
4120
1884
2820
3777
4654
1884
2936
3862
4800
1347
2859
3111
4771
1232
2330
3952
5015
1232
2628
3890
5029
1232
2330
3839
5108
1097
3012
3887
4332
1903
2349
3869
4106
1589
2968
4087
4119
1589
2860
3747
5005
1589
2608
3747
5108
1884
2884
4079
4150
1884
2214
3777
4145
1884
2214
3965
5096
1884
2820
3777
4985
1232
2489
3952
4925
1232
3009
3675
4899
1232
3035
3728
4132
1097
2942
4008
5029
1097
2942
3307
4660
1097
3012
3469
4296
1589
2224
3684
4705
1589
2694
3747
4817
1589
2190
3824
4893
1884
2976
3672
5029
1884
3050
3950
5108
1232
2944
3585
4660
1232
2820
4094
4456
1394
2820
3935
4443
1097
2671
3935
4120
1097
2942
3338
4660
1394
2190
3313
4955
1394
2628
3313
4817
1394
2628
4079
4660
1911
3012
3469
4654
1911
2585
3747
4899
1911
2944
3111
4660
1911
2944
3111
4660
1394
2190
3952
5029
1394
2190
3950
4763
1232
2820
3585
4763
1232
2820
3777
5094
1911
2942
3862
4624
1911
2190
4079
5015
1911
2190
3313
4332
1911
2190
3313
4484
1911
2190
3313
4546
1911
2190
3924
4460
1911
2190
3952
4332
1911
2190
3950
4460
1911
2735
3950
4460
1928
2735
4087
4660
1911
2735
4008
4322
1281
2735
4079
4119
1281
2990
3901
4660
1803
2990
3555
4221
1803
2644
3862
4624
1803
2564
3862
4624
1803
2564
3862
4624
1803
2564
3824
4660
1803
2566
3555
4221
1803
2190
3952
4221
1911
2190
3952
4747
1803
2190
3935
4221
1803
3008
4087
4705
1803
2976
3950
4955
1803
2942
4094
4660
1803
2976
4079
4660
1281
2190
3940
5015
1281
2190
4088
4654
1281
2628
4039
4624
1281
2628
4039
4624
1281
2628
4039
4624
1281
2628
3950
5015
1281
2628
3935
4624
1281
2628
3869
4624
1281
2628
3933
4624
1281
2628
3674
4876
1281
2628
4039
4810
1281
2628
4039
4384
1281
2628
4008
4384
1281
2628
3750
5094
1281
2628
3750
4460
1281
2628
3858
4747
1281
2628
3933
4747
1281
2628
4039
5015
1281
2628
4039
4769
1281
2628
4039
4384
1281
2628
3950
4132
1281
2628
3950
4769
1281
2628
3869
4654
1281
2628
3933
4747
1281
2628
3933
5029
1281
2628
4008
4747
1281
2628
4008
4384
1879
2628
4087
4384
1281
2628
3951
4747
1281
2628
3951
4747
1281
2628
4008
5015
1281
2628
4008
4132
1879
2628
4087
4132
1879
2628
4039
5115
1281
2628
4039
4384
1130
2628
3950
4769
1281
2628
4008
5094
1879
2628
3108
5115
2043
2628
3725
4170
1499
2800
3777
5115
1130
2628
3674
5012
1900
2628
3674
5115
1130
2628
3750
4384
1499
2628
3804
5012
1900
2628
4061
4624
2041
2628
3891
5115
1900
2628
3725
4624
1130
2472
3777
5015
1130
2628
4039
4624
1900
2976
3777
4384
2041
2976
3777
4384
1281
2961
3777
4624
1130
2472
4087
5052
1281
2961
4008
5015
1130
2472
3111
4810
1496
2472
3919
5058
1179
2365
3413
4418
1347
3068
4047
5070
1426
2882
3720
4273
1426
2882
3857
4447
1119
2681
3877
4906
1452
2882
3943
4862
1690
2882
3851
4328
1690
2048
3556
4849
1682
2733
3929
4422
1347
2623
4052
4705
1481
3044
3413
4164
1931
2375
3289
4634
1452
3044
4041
4794
1426
2693
3291
4422
1426
2693
3413
4451
1426
2693
3224
4647
1426
2693
3293
4500
1136
2693
3678
5097
2028
2594
3678
4494
1426
2946
3269
5020
1299
2646
3905
4911
1299
2331
3678
4414
1186
2368
3678
4544
1299
2269
4041
4179
1299
2693
3269
4926
1299
2884
3474
4297
1299
2646
3288
4684
1426
2137
3506
4756
1690
2884
3976
4914
1299
2693
3288
4831
1347
2331
3533
4318
1347
2971
3805
5024
1426
2170
3506
4684
1426
2269
3678
4315
1347
3008
3623
4776
1690
2594
3388
4788
1426
2639
4033
4453
2035
2928
4041
4498
1426
2815
3116
4108
1995
2291
3898
4971
1347
2800
3547
4699
1481
2260
3531
4494
1515
2800
3522
4318
1895
2993
3580
4957
1895
2649
3256
4997
1995
2818
3914
4681
1955
2137
3215
4612
1054
2963
3777
4527
1928
3008
3777
5089
1394
2813
3585
4732
1928
2748
3925
4835
1394
2214
3270
4971
1349
2928
3307
4835
1515
2694
3251
4962
1456
2762
3111
4384
1748
2748
3111
4184
1394
3055
4072
4711
1252
2884
4079
4852
1371
2619
3585
4810
1232
2748
3585
4654
1371
2649
3950
4830
1748
2452
4053
4763
1777
2119
3719
4494
1456
2820
3914
4184
1777
2791
3307
5089
1903
2567
3142
5005
1515
2119
3783
4494
1995
2820
3987
4494
1803
3012
3950
4494
1895
2177
3251
5040
1371
2936
3623
4931
1803
2791
3904
4460
1371
2976
3585
4170
1371
2694
3935
4460
1371
2813
3951
5056
1371
2119
4072
4955
1456
2119
3725
5058
1496
2925
3623
5059
1456
2976
3777
5095
1628
2119
3880
4889
1995
2968
4054
5015
1777
3012
3901
4589
1895
2694
3777
4962
1371
2628
4039
4170
1371
2925
3951
4705
1371
2119
3304
4456
1628
2564
3880
4460
1371
2162
3951
4460
1884
2628
4072
4985
1456
2628
3869
4810
1232
2628
4072
5029
1232
2628
3618
4170
1777
2791
3325
4132
1995
2644
3777
4170
1777
3012
3777
5094
1349
2936
3777
5058
1371
2628
4039
4931
1884
2478
3777
5096
1995
2628
3952
4170
1777
2628
3950
4926
1232
2628
4087
5029
1232
2276
3725
4889
1232
2628
3904
4554
1903
2936
3869
5018
1895
2224
3777
5058
1903
2791
3777
4132
1216
2791
3653
4508
1626
2479
3919
4881
1690
2096
3964
4285
1857
2089
3909
5081
1519
2128
3935
4726
2035
2119
3909
4194
1955
2278
3797
4763
1857
2096
3909
4808
1857
2694
3929
4726
1690
2851
3340
4731
1589
2119
3797
4456
1589
2096
3802
4477
1857
2972
3985
4480
1949
2462
3177
4589
1179
2091
3573
4791
1884
2278
3751
4554
2035
2789
4038
4786
1547
2489
3929
4278
1347
2789
3552
4511
1547
2884
3901
4711
1347
2462
3437
4510
2025
2161
3457
4414
1589
2123
3777
4305
1589
3059
3933
4875
1589
3012
3416
4875
1682
2936
3304
5029
1682
3023
3929
4985
1884
2787
3618
4145
1884
2608
3385
4845
2046
2996
3675
4119
2035
2161
3363
5029
1547
2123
3777
5031
1690
2996
3739
4589
1903
2976
3783
4175
1589
2649
3909
4771
1216
2091
3557
4624
1519
2901
3547
5095
1519
2901
3072
4972
2046
2091
3555
5029
1426
3023
3965
4801
1519
2928
3952
4726
2035
2091
3860
4456
2046
2096
3952
4856
1857
2868
3801
4221
2046
2791
3925
4846
1426
2225
3777
4620
1299
2260
3719
4215
1857
3059
3623
4931
1857
2830
3138
4782
1299
2813
3307
4961
1925
2928
3777
4985
1519
2137
3072
4680
1857
2884
3577
4484
1519
3044
3747
5003
2035
2214
4032
4955
1554
2253
3777
4196
2001
2719
3676
4782
1554
2628
3244
5031
2046
2937
3307
4432
2028
2137
3727
5110
1589
2884
3777
4615
1299
2884
3464
4899
1720
2628
3499
4196
1299
2214
3727
4662
2035
2936
3552
4662
1857
2694
3891
4150
2028
2694
3073
5108
1903
2419
3764
5108
2028
2860
3237
4184
2046
3012
3764
4624
1636
2260
3672
4456
1955
3064
4091
4960
1857
2901
3133
4318
1690
2411
4053
4505
1426
2856
3631
5066
1690
2748
3764
4376
2028
3059
3825
4938
1788
3008
3913
4434
1949
2269
3486
4604
1801
2544
4091
4455
1955
2137
4088
4828
1589
2568
3234
4705
1949
2844
3530
4320
1949
2848
4039
4510
1426
3007
3573
5049
1720
2260
3777
5029
1857
2609
3674
4771
1299
2791
3138
4615
2035
3044
3243
4924
1426
2968
3469
4950
1714
2628
3521
4145
1299
2048
4039
4175
1914
2253
3325
4120
1635
2168
3346
5069
1635
2438
3908
4180
1635
3001
3162
4543
1519
2505
3662
4123
1519
2494
3935
5066
1896
2531
3669
4971
1047
2905
3694
4320
1216
2905
3694
4599
1651
2820
4045
4398
1635
2629
3869
4120
1925
2208
3784
4889
1857
2349
3271
5090
2035
2789
3469
4919
1925
2054
3952
5049
1968
2996
4010
4370
1969
2276
3388
4654
1914
2697
3929
4698
1554
2628
3856
4707
1867
2735
3909
4494
1867
2368
3950
4971
1867
3011
3087
4705
2028
2514
3804
4620
1955
2971
3215
4501
1905
2693
3652
4332
1857
2628
3921
4494
1690
2423
3937
4242
1955
2693
3293
4332
1925
2860
3985
4739
1857
2462
3315
4800
1589
2800
3335
4460
1949
2851
3777
4328
1925
2789
3777
4587
2007
3008
3269
4320
2007
2279
3226
4698
1035
2971
3530
4740
1315
2693
3542
4439
1035
2749
3336
4519
1857
2646
3237
4740
1452
2398
3148
5108
1452
2419
3952
4328
1682
2434
3952
4911
1452
2787
3645
4652
1682
2918
3577
4464
1682
2434
3556
4721
1438
2874
3396
4415
1974
2997
3289
4699
1372
2665
3317
4629
1635
2470
3240
4972
1438
2564
3609
4960
1974
2552
3416
4686
1974
3028
4039
4395
2007
2054
3621
4456
2007
2945
3572
4305
2007
2510
3406
4629
2007
2470
3883
4480
1690
2789
3876
4721
1136
2289
3847
5105
1240
2879
4091
4651
1707
2510
3820
4480
1452
2972
3375
4267
1669
2928
3925
4971
1426
2510
3396
4193
1240
2859
3984
5082
1707
2639
3789
5105
2001
2749
3820
4517
1973
2352
3739
4570
1925
2844
4091
5095
1426
2945
3870
4510
1547
2575
3671
4389
1682
2307
3480
4677
1136
2920
4084
4953
1622
2628
3223
4364
2032
2916
3572
4439
1240
3023
3483
5046
1209
2166
3734
4878
1707
2944
3869
4510
1136
2968
3081
4914
1426
2945
3245
4364
1707
2721
3547
5089
2025
2749
3471
4184
1519
2575
3951
5112
1426
2168
3777
4239
2035
2791
3935
4771
1669
2470
3812
4460
1136
2224
3800
4866
1426
2945
3586
4890
1925
2799
3241
4875
2001
2777
3198
4197
1519
2921
3950
4721
1409
2166
3557
4646
1136
2506
3776
4353
1669
2327
3705
4480
1097
3044
3868
4337
1973
2470
3674
4553
1209
2644
3138
5031
1519
2631
3951
4119
1925
2095
3747
4918
2001
2464
3586
4227
1519
2789
3752
4127
1315
2224
3413
5108
1426
2246
3183
5029
1240
2510
3690
4510
1606
2727
3820
4510
1519
2393
3552
4227
1925
3044
4088
4305
1179
2946
3763
4253
1669
2214
3474
4698
1714
2214
3817
4318
1519
2762
3690
4899
1925
2269
3775
5008
2046
2137
3887
4449
1519
2767
3284
4654
1867
3041
3825
5105
1209
2762
3829
4510
1925
2921
3870
4711
1179
2464
3413
4193
1519
2559
3900
4761
1637
2224
3916
4654
1519
2137
3869
4306
1669
2137
3297
4221
2035
2884
3674
4855
1587
2170
3705
4750
1867
3041
3352
4455
1519
2848
3887
4227
1925
2921
3735
4620
2001
2330
3928
4243
1519
2918
3747
4325
1925
2920
4079
4711
1519
2818
3935
4999
1925
2789
3914
4852
2032
2631
3844
4196
1519
2330
3219
4680
1925
2649
3607
5056
1216
2137
3952
4477
1669
2549
3705
4739
1690
2724
3389
4227
1587
2918
3403
4763
1925
2918
3623
4771
1519
2694
4067
4872
1925
2800
3916
4739
1216
2868
3940
4193
1519
2789
4091
4227
1209
2224
3777
4411
1857
3000
3183
4449
1589
2971
3800
4335
1409
2214
3822
4999
1714
2214
4038
4985
1925
2936
3288
4510
1690
2983
3288
4988
1925
3010
3800
4296
1925
2733
3935
4453
1216
2214
3621
4921
1857
2214
3583
5056
1519
2947
3198
4119
1925
2423
3486
4335
1714
2727
3777
4211
1179
2544
3805
4692
1216
2972
3270
4510
1714
2137
3820
4197
1216
2996
3892
4227
1968
2276
3514
4184
1857
3042
3820
4701
1523
3041
3247
4646
1925
2735
3802
5090
1925
2936
3585
4170
1216
2936
3178
4707
1589
2972
3413
4184
1925
2868
3820
4455
2035
2393
3869
4926
1426
2462
3777
4830
1690
2800
3800
4184
1519
2628
3288
5030
1216
2789
3307
4522
1857
2777
3307
4227
1857
2936
3552
4145
2035
2936
3241
5089
1925
2434
3565
4227
1925
3035
3822
5056
1622
2536
3915
4896
1690
2464
3187
4692
1519
2884
3826
5059
1925
3055
3940
4692
1857
2789
3869
4587
1519
2489
3585
5030
1299
2815
3389
4480
2035
2119
3266
4711
1216
2719
3822
5011
1857
2942
3552
4193
1857
2137
3183
4524
1299
2942
3269
4988
1216
3039
3583
4184
1925
2916
3623
4776
1857
2412
3925
4829
1519
2536
3313
4985
1925
2464
3777
4507
1857
2628
3715
4698
1714
2544
3375
4460
1857
2942
3307
4432
1519
2884
3777
4145
1925
2884
3822
4334
1857
2214
3398
4337
1857
2918
3428
4221
1867
2791
3777
5039
1347
2789
3398
4460
1968
2579
3710
4681
1857
2646
4036
4335
1788
2346
3623
4934
1867
2423
3095
4234
1519
2096
3238
4836
1925
2936
3941
4615
1606
2848
3575
4675
1669
2848
3506
4215
1925
2269
3098
4646
1519
2789
3822
4934
1857
2993
3951
4665
1636
2868
3801
4221
1519
2848
3398
4510
1426
2936
3705
4829
1857
2260
4088
4926
1857
2470
3920
4480
1896
2727
3802
4150
1925
2944
3284
4287
1857
2874
3111
5078
1519
2307
3747
4835
1925
3022
3555
5025
2035
2874
3127
4692
1669
2972
3822
5110
1857
2946
4065
5089
1636
2054
3498
4620
1519
2579
3493
4676
1216
2246
3603
5066
1857
2398
3925
4791
1857
2712
3933
4906
1519
2628
3389
4193
1925
2609
4036
4776
1857
2769
3644
5018
1519
2936
3900
4539
1867
2307
3366
4099
1519
2700
3955
4788
1925
2589
3747
4510
1867
3035
3329
4835
1519
2340
4042
5087
2038
2119
3933
4414
1564
2506
3231
4292
1523
2091
3586
4925
1448
2946
3514
4795
1519
2791
3822
4498
1299
2942
3600
4286
1299
2859
3398
5096
1925
2489
4065
4460
1448
2884
3777
5056
1519
3055
3585
4508
1925
2942
3585
4791
1857
2137
3381
5105
1209
2628
3672
4184
2001
2776
3142
5030
1955
2628
3710
4384
1925
2972
3098
4508
1857
2649
3530
4646
1315
2833
4039
5020
1315
2727
3531
4810
2032
3043
3925
4127
1968
2398
3531
5025
1857
2906
3951
4985
1714
2579
4084
4620
1714
2844
3935
4551
1714
2628
3080
4961
1637
2224
4094
4583
1714
2129
3591
4739
1179
2884
3480
5050
1925
2920
4005
4701
1690
2430
3952
4449
1817
2920
3398
5096
1179
2412
3098
5020
1179
2946
3416
4664
1179
2412
3777
5018
1179
2946
3952
4540
1179
2972
3498
4586
1547
2419
3082
4763
1209
2412
4079
5029
1209
2412
3925
4253
1209
2123
3540
4729
1209
2412
3743
4456
1547
2137
3413
4258
1452
2972
3505
4791
1690
2354
3111
4335
1583
2972
3560
4620
2028
2412
3649
5031
1583
2972
3540
4894
1867
2412
3751
4424
1635
2412
3231
4305
1606
2412
3420
4511
1635
2412
3552
4305
1867
2693
3416
4190
1635
2693
3855
4292
1867
2412
3432
4190
1635
2412
3513
4178
2028
2693
4038
5109
1264
2906
3473
4705
2028
2693
4043
4589
1583
2920
3473
4598
1690
2430
3473
4432
2035
2693
4014
4541
1690
2693
3216
4836
1583
2054
3368
4743
1351
2644
3434
4456
1351
2996
3591
4540
1867
2693
3337
4540
1635
2693
3591
4540
1867
2693
3675
4540
1179
2946
3116
4546
1564
2920
3716
4335
1817
2920
3829
4893
2028
2920
3716
4387
1179
2628
3416
4296
1179
2412
3763
4586
1179
2693
3416
5093
2028
2054
3735
4353
1519
2693
4054
4743
1564
2607
3985
4878
2038
2096
3961
4377
1857
2515
3082
4791
1857
2278
3217
4494
1519
2678
3847
4322
1925
2412
3870
4810
1857
2733
3346
4757
1857
2400
3506
4434
1175
3055
3862
4599
2035
2510
3705
4335
1651
2693
3649
4248
1626
2637
4094
4494
1635
2054
3177
4788
1755
2479
3095
4972
2038
2509
3513
4875
1535
2398
3087
4486
1606
2340
3788
4795
1327
2449
3405
4960
1755
2215
3300
4454
1755
2215
3851
4714
1755
2789
3618
5047
1714
2161
3510
4739
1589
2920
3252
4763
1714
2412
3763
4271
1299
2912
3851
4443
1216
2398
3087
4884
1299
3007
3763
4861
1564
2879
3260
4972
1351
3059
3727
4112
1209
2693
3256
5017
1347
2137
3964
4217
1209
2878
3674
4693
1209
2672
3115
4643
1240
2695
3441
4974
1707
2996
3449
4791
1707
2101
3416
4211
1315
3032
3585
4731
1299
2324
3363
4911
1216
2617
3814
5024
1264
2644
3705
4652
1714
2884
3385
4911
1179
2833
3672
4911
1186
2724
3600
4911
1209
2693
4051
4426
1315
2716
3450
5007
1606
2972
3074
4911
1606
2127
3329
4882
1277
3019
3506
4878
1277
3019
3763
4911
1606
2996
3450
4353
1637
2270
3771
4976
1209
2971
3774
4911
1315
2137
3575
4536
1714
2881
3269
4911
1299
2884
3313
4507
1315
2248
3313
4691
1606
2401
3771
4792
1216
2349
3523
4700
1606
2719
3592
4327
1936
2368
3244
5049
1606
2137
4059
4530
1925
2971
3269
4782
1945
2884
3870
4536
1925
2920
3266
4494
1606
2671
3573
4196
1409
2536
3565
4834
