895
428
428
960
221
193
379
166
319
379
70
379
319
92
304
178
563
708
319
166
705
918
705
623
33
987
298
954
398
722
196
475
730
42
415
79
619
586
864
770
919
571
11
956
471
569
864
379
640
813
478
813
11
990
571
990
955
406
835
569
864
379
542
668
885
641
167
856
807
320
983
956
345
475
345
394
447
56
91
942
91
676
858
48
549
394
850
610
525
442
233
617
640
569
1011
676
542
191
428
861
614
379
319
379
38
163
163
199
205
205
77
451
730
172
817
141
817
141
121
56
121
649
676
275
275
56
275
813
275
138
619
619
569
919
120
573
298
191
428
345
722
717
729
619
553
586
640
233
961
954
192
320
320
389
475
345
475
170
894
170
56
182
56
990
589
990
443
569
319
61
443
563
61
166
164
603
147
685
660
900
960
560
443
61
319
976
319
976
976
976
1011
419
58
732
584
960
68
282
120
725
379
70
379
319
976
627
627
4
861
207
976
120
976
98
976
403
980
995
419
205
60
451
960
729
70
305
70
305
319
569
987
558
571
398
48
569
365
474
61
474
365
474
811
558
737
954
467
732
196
420
196
420
145
42
415
141
406
233
624
229
842
722
82
956
478
729
275
61
961
559
961
841
192
676
275
169
1022
500
275
559
121
813
121
649
573
676
298
676
921
61
921
168
43
168
43
168
43
168
43
1000
1000
111
903
409
172
409
79
569
640
967
51
171
967
192
749
192
571
345
610
345
610
409
835
569
365
365
954
670
191
584
585
960
729
147
729
82
705
614
705
927
51
749
48
163
141
199
141
199
141
141
121
121
926
121
1000
428
850
722
850
729
406
813
838
624
11
926
275
954
229
238
722
729
614
729
614
705
668
760
885
641
167
571
807
169
212
420
720
534
496
534
496
358
182
381
37
121
553
428
478
729
478
813
478
813
781
171
813
171
676
298
955
467
320
345
475
850
138
850
233
238
709
919
571
11
571
11
325
385
350
385
350
409
835
553
709
1011
205
732
842
320
147
193
147
475
70
563
70
563
542
163
571
199
394
345
394
394
394
447
447
138
850
927
542
954
428
428
722
597
49
163
751
199
586
814
649
814
352
58
433
116
500
40
932
415
559
182
559
596
813
596
676
596
48
596
394
389
394
447
559
368
1424
2999
4068
4697
1211
2692
3662
4143
1592
2725
3529
4350
1737
2591
3738
4748
1584
2965
3751
4664
1346
2588
3590
5075
2042
3062
3618
4802
1427
2528
3324
4398
1555
3062
3224
4702
1832
2311
3740
4598
1455
2462
3622
4253
1211
2753
3845
4897
1747
2451
3775
4641
1806
2887
3551
4553
1950
2837
3324
4226
1705
2568
3668
4459
1758
2875
3615
4537
1785
2815
3668
4571
1746
2324
3256
4795
1918
2913
3645
4732
1670
2577
3401
4426
1555
2826
3773
5111
1590
2423
3588
4829
1849
2613
3780
4657
2042
3039
3588
4844
1979
2172
3559
4655
1743
2796
3428
4730
1950
2627
3201
4283
1436
2857
4017
4562
1533
2940
3721
4657
1584
2274
3388
4180
1758
2424
3742
4651
1500
2940
3503
5033
1749
3066
3524
4743
1729
2208
4000
4488
1584
2463
3625
4526
1655
2424
3477
5064
1500
2787
3104
4249
1385
2753
3450
4925
1913
2463
3197
4234
1040
2632
3234
4110
1893
2062
3425
4585
1559
2490
3650
4099
1836
2213
3922
5062
1827
2072
4023
4269
1645
2902
3543
4433
1893
2213
3692
4442
1644
2114
3390
4189
1553
2286
4095
4178
1170
2228
3246
4576
1510
2465
3153
4941
1089
2522
3820
4675
2030
2418
3489
4410
1425
2686
4024
5086
1551
2213
3811
4614
1584
2213
3166
4946
1346
3028
3796
4657
2030
2577
3819
4764
1455
2898
3246
4728
1729
2198
4013
4965
1586
2811
3153
4180
1406
2284
3514
4616
1532
2277
3354
4167
1840
2470
3930
4444
1962
2636
3645
4846
1779
2364
3618
4822
1779
2318
3787
4264
1584
2613
3409
4600
1346
2874
3671
4192
1730
2751
3687
4554
1455
2819
3671
4686
1852
2697
3186
4362
1926
2991
3242
5082
1888
2591
3427
5082
1730
2751
3297
4684
1880
2178
3879
4879
1470
3029
3930
4330
1479
2991
3649
4965
1406
2329
3489
4233
1730
2774
3708
4692
1105
2522
3304
4975
1544
2089
3930
4457
1528
2342
3328
5064
1346
2658
3930
4639
1787
2623
3602
4240
1670
2338
3930
4802
1528
2887
3930
4874
1584
2647
3115
5072
1597
3038
3416
4236
1654
2671
3716
5082
1455
2448
3177
4139
2042
2525
3729
4627
1784
2830
3243
4653
1725
2185
3185
4755
1950
3035
4091
4096
1443
2854
3773
4690
1194
2705
3514
4486
1088
2364
3931
4772
1290
3021
4038
4855
1535
3008
3234
4901
1683
2565
3924
4620
1745
2122
3662
4402
1486
2122
3494
4908
1321
2764
3420
5064
1683
2752
3774
4575
1274
2465
3480
4536
1683
3057
3662
4567
1844
2590
3480
4536
1729
2850
3615
4536
1238
3038
3978
4536
1729
2693
3396
5025
1841
2371
3774
4779
1683
2582
3905
4536
1586
2913
3774
5023
2030
2693
3615
5084
1730
2811
3957
4330
2004
2512
3275
4408
1034
2112
3336
4545
2030
2270
3710
5067
1034
2716
3709
4959
1679
2312
3945
4545
1844
2624
3100
4791
1760
2270
3385
4124
1683
2914
3119
5100
1584
2312
3758
4536
1346
2333
3450
5067
1679
2991
3100
4616
1683
2695
3758
4959
1584
2491
3602
4536
2004
2807
3255
5025
1620
2913
3100
5034
2042
2118
3450
5034
1430
2225
3100
5034
1609
2061
3100
4442
1730
2811
3100
4563
1348
3046
4067
4536
1620
2738
3512
5074
2042
2806
3080
4328
1346
2806
3187
4135
1513
2249
3892
4536
1262
2697
3993
4536
1629
2806
3297
4372
1555
2806
3993
5074
1629
2806
3729
4941
1555
2806
3741
4756
1784
2806
3166
4299
1683
2764
3866
4777
1841
2840
3672
4730
2042
2312
3866
4873
1660
2633
3259
5100
1500
2806
3590
4787
1436
2274
3297
4783
1206
2497
3590
4851
1892
2312
3561
4849
1629
2501
3620
4667
1262
2579
3256
5020
1584
2665
4038
4800
1262
2320
3816
4096
1629
3050
3428
4796
1425
2926
3631
4777
1778
3065
3671
4990
1102
2048
3105
4380
1962
2643
3186
4524
1548
2611
3978
5039
1459
2904
3780
4912
1459
2068
3428
4725
1238
2563
3900
4381
1376
2118
3671
4634
1821
2436
3516
4444
1458
2632
3694
4400
1546
2603
3193
5020
1965
2749
3878
4966
1965
2712
3780
4709
1965
2762
3780
4856
1965
2991
3900
4709
1821
2715
3109
4573
1910
2999
3485
4752
1376
2457
3403
4709
1591
2486
3367
4725
1730
2616
3642
4213
1105
2643
3821
4803
1470
2115
3438
5044
1528
2643
3396
4333
1106
2940
3515
4284
1293
2991
3439
4451
1030
2764
3515
5017
1322
2626
3784
4149
1106
2684
4073
4637
1393
2210
3428
4911
1811
2787
3462
5017
1528
2846
3692
4545
1852
3006
3864
4990
1528
2785
3864
4213
1625
2562
3930
4220
1779
2953
3930
4394
1106
2061
3930
5049
1193
2923
3984
4449
1930
2703
3766
4284
2006
2292
3473
4731
1784
2645
3416
4512
1996
2691
3237
4702
1193
2941
3186
4299
1387
2222
3999
4167
1406
2562
3902
4761
1406
2317
3828
4788
1406
3053
3828
4122
1551
2726
3608
4168
1559
2937
3694
4518
1586
2937
3770
4312
1406
2055
3444
4473
1730
2729
3444
4731
1730
2625
4003
4293
1730
2338
4003
4994
1730
2923
3354
4912
1730
3053
3680
4098
1470
3053
3998
4232
1479
2600
3549
4302
1984
2832
3507
4246
1824
2851
3275
4699
1479
2507
3385
4585
2042
2098
3513
4779
1274
2612
3931
4194
1082
2600
3176
4366
1453
2234
3817
4583
2030
3038
4003
4558
1730
2595
3115
4530
1402
2354
3153
4097
1866
2249
3671
4133
1774
2878
3930
4928
1028
2882
3425
4330
1627
2470
3452
5064
1567
2106
3796
4824
1584
2132
3930
5078
1254
2300
3564
4390
1486
2137
3215
4491
1841
2559
3076
4330
1586
2753
3187
4789
1679
2862
3687
5025
1678
2049
3499
4647
1269
2882
3513
5082
1678
2947
3851
4352
2027
2185
3670
4288
1758
2132
4089
4243
1806
2697
3210
4096
1497
2884
3622
4943
1424
2306
3622
4330
1984
2293
3729
5030
1737
2765
3536
5072
1737
2393
3763
5030
1839
2434
3739
4358
1737
2503
3309
4503
2011
2434
3977
4884
1304
2577
3456
5038
1348
2434
3559
4358
1784
2434
3680
5030
2011
2434
3947
4207
1980
2577
3671
5025
1348
2526
3192
4514
2024
2577
3918
4455
1340
2434
3269
4190
1560
2565
3480
4806
1747
2050
3166
5082
1270
2731
3215
5093
1191
2212
3210
4264
1597
2434
3634
4259
1354
2809
3191
4122
1636
2684
3407
4987
1555
2122
3927
4894
1396
2613
3721
4389
1996
2925
3684
4113
1824
2604
3873
4537
1263
2246
3611
4707
1513
2192
3728
4695
1950
2192
3394
5082
1750
2434
3684
4918
1886
2192
3364
4738
1480
2149
3918
4350
1564
2619
3309
4918
1925
2192
3880
4203
1824
2050
3274
4243
2006
2192
3924
4874
1669
2090
3694
5025
1669
2751
3485
4143
2006
2294
3876
4780
2001
2228
3671
4696
2001
3011
3685
4657
1867
2978
3305
4534
2012
2715
3654
4841
1862
2868
3663
4203
1932
2459
3334
4514
1730
2188
3742
5111
1081
2764
3721
4313
1812
2629
3259
4365
1828
2085
3557
4731
1980
2802
3743
4777
1666
2978
4005
4872
1396
2180
3200
4281
1612
2219
3694
4281
1409
2730
3523
4444
1636
2881
4003
4623
1480
2188
3107
5043
1669
2837
3520
4965
1583
3035
3778
4806
1936
3028
3523
4302
1828
2815
3681
4817
1564
2629
3729
4532
2010
2261
3187
4469
1857
2881
3887
4382
1984
2916
3500
4302
1867
2830
3200
4947
1564
2168
3879
4419
1564
2691
3625
4260
2008
2320
4083
4419
1636
2050
3244
4302
1949
2567
3881
4145
1519
2925
3740
5108
2001
2177
3888
4127
1857
2883
4093
4924
2028
2712
3888
4657
1867
2830
3974
5069
1925
2467
3982
4942
1925
2393
4067
4122
1857
3012
3219
4918
1703
2905
3428
4653
1564
2972
3924
4295
1564
2857
3950
4352
1516
2859
3223
4414
1359
2765
3467
4436
1655
2528
3458
4872
1975
2360
3740
4350
1814
2168
4003
4653
1683
2438
3177
4758
1683
2438
3564
4916
1737
2621
3280
4885
1737
2625
3428
4638
1915
2953
3670
4806
1469
2765
3514
4864
1567
2851
3694
4124
1984
2455
3149
4454
1469
2992
3525
5077
1504
3020
3377
4414
1877
2168
3425
4439
1057
2793
4065
4585
1782
2477
3252
4232
1211
2906
3551
4516
1758
2623
3101
4197
1590
3047
3468
4097
1736
2393
3471
4478
1402
2484
3887
4856
1193
2130
3425
4693
1402
2604
3997
4516
1839
2995
3123
4938
2024
2964
3724
4421
1517
2568
3662
4745
1932
2462
3854
4756
1410
2300
3663
4722
1567
3058
3994
4202
1564
2756
3458
4936
1268
2916
3442
4703
1174
2811
3662
4792
1939
2249
3520
4211
1268
2857
3934
4846
1403
2787
3979
4999
2044
2589
3595
4906
1631
2210
3757
4428
1560
2815
4073
4407
2042
2083
3669
4448
1212
2293
3378
4544
1876
2637
3197
4236
1978
2624
3879
4793
1559
2682
3854
4262
1559
2098
3851
4198
1763
2098
3355
4473
1486
2286
3517
4441
1586
2515
3514
4838
1400
2206
3118
4511
1893
2280
3525
4345
1162
2085
3963
4692
1904
2828
3275
4733
1459
2574
3995
5067
1459
2205
3606
4846
1459
2497
3175
4395
1625
2664
3759
4724
1994
3029
3264
4845
1994
2455
3291
4408
1994
2185
3906
4322
2032
2320
4055
4800
1877
2223
3503
4897
1528
2337
3224
4131
1551
2101
3439
4180
1684
2937
3246
5019
1528
2505
3444
4120
1840
2701
3937
4681
1406
2785
4050
4686
1591
2402
3513
4603
1730
2253
3502
4816
1616
2329
3315
4277
1528
3051
3466
4850
1105
2585
3205
4733
1718
2250
3224
4436
1528
2771
3444
4232
1779
2695
3208
4451
1470
2585
3881
4710
1479
2392
3246
4437
1926
2611
3649
4524
1274
2860
3427
4155
1406
2562
3996
4283
1730
2430
3811
4978
1730
2253
3246
4489
1880
2338
3811
4098
1312
2914
3259
4481
1470
2305
3995
4180
1105
2324
3879
4923
1393
2596
3141
4465
1527
2601
3753
4965
1972
2702
3606
4928
1957
2537
3763
5038
1730
2322
3246
4885
1758
2206
3990
5016
1590
2674
3100
4555
1455
2874
3217
4555
1752
2946
3186
4178
1866
2423
3262
4516
1402
2294
3136
4551
1883
3029
3632
5107
2018
2153
3608
4823
1745
2837
3287
4915
1424
2601
3263
4166
1034
2182
3608
4684
1783
2740
3796
5117
2027
2699
3401
4116
1602
2333
3760
4264
1984
3069
3633
4180
1866
3051
3466
4180
1814
2180
3780
4759
1984
2077
3354
4105
1274
2274
3432
5078
1814
2629
4043
4124
1932
2862
3796
4462
1065
2208
3225
4292
1385
2077
3418
4292
2027
2208
4043
4111
1424
2808
3691
4369
1866
2808
3684
4816
1783
2862
4043
5078
1745
2208
4043
4892
1274
2179
3474
4264
1783
2292
4043
4497
1745
2591
4043
4855
1274
2914
3816
4663
1679
2897
3149
4471
1745
2695
3608
4892
2004
2657
3916
4264
1133
2947
3861
4761
1553
2303
3536
4761
1644
2717
3996
4691
1604
2757
3930
4313
1238
2965
3127
4933
1745
2738
3930
4517
1837
2693
3187
4194
1909
2178
3607
4616
1609
2705
3477
4149
1918
2390
3887
4402
1595
2276
3739
4224
1679
2604
3444
4513
1436
2876
4043
5079
1602
2716
3343
4264
1620
2769
3743
4751
1758
2343
3307
4879
1602
2443
3187
5109
1866
2390
3607
4788
2027
2499
3879
4366
1745
2501
3328
4264
1829
2455
3307
4444
1961
2884
3780
4180
1679
2499
3246
4701
1961
2923
3976
4295
1745
2826
3930
4264
1961
2689
3246
5105
2004
2693
3399
5078
1844
2057
3984
4264
1866
2693
3742
4816
1028
2695
3930
4598
1785
2283
3252
4283
1892
2291
3470
4829
1743
3058
3949
5077
1418
2340
3909
5028
1769
3021
3452
4972
1558
2905
3715
4422
1753
2222
4059
4883
1683
2809
4090
4764
1841
2356
4038
4897
1980
2738
3291
4283
1827
2257
3304
4363
1739
2312
3223
4980
1584
3035
3232
4845
1980
2528
3484
4503
1604
2862
3931
4928
1385
2388
3152
4223
2024
2829
3741
5043
1739
2644
3826
4316
1455
3043
3937
4696
1730
2484
3490
4253
1985
2527
3977
4469
1455
2293
4038
4994
1211
2228
3324
4850
1824
2238
3324
4464
1718
2429
3123
4866
1513
2293
4090
4781
1854
3035
3796
4554
1610
2399
3787
4203
1737
2792
3649
4632
1806
2718
3826
4262
1661
2168
3581
4722
1528
2096
3535
4247
1294
2489
3762
4166
1294
2353
3419
4395
1887
2136
3974
4753
1479
2321
3197
4407
1470
2470
3367
4309
1075
2242
3842
4178
1821
2245
3460
4585
1927
2965
3461
4400
1372
2630
3197
4704
1272
2847
3633
4633
1458
2672
3723
4965
1470
2611
3248
4965
1470
2682
3811
5044
1528
2807
3450
4195
1479
2744
3606
4673
1293
2973
4019
4360
1579
2744
3252
4180
1293
2697
3548
4653
1559
2674
3324
5080
1293
2997
3373
4194
1730
2744
3516
4416
1470
2682
3548
4683
1978
2497
3466
4482
1293
2874
3529
4427
1030
2876
3742
4242
1106
3028
3354
4733
1528
2672
3287
5049
1479
2305
3104
4995
1406
2182
3516
4194
1730
2658
3681
4915
1962
2372
3753
5087
1528
2672
3930
4372
1994
2497
3930
4327
1105
2938
3811
4391
1293
2349
3742
4180
1994
2588
3232
5072
1753
2962
3978
4629
1528
2565
3753
4372
1983
2989
3553
4877
1984
2121
3232
5025
1351
2890
3291
4836
1674
2573
3338
4122
1250
2399
3937
4474
1753
2423
3805
4217
1806
2096
4030
4217
1610
2050
3681
4166
1779
2208
3313
4783
1178
2484
3900
4414
1718
2090
3625
4888
1874
2350
4003
4407
1412
2294
3363
4677
1878
2868
3142
4918
1878
2064
3724
4316
1878
2122
3976
4563
1878
2715
3143
5105
1610
2366
3854
4519
1480
2489
3536
4253
1830
2830
3485
4137
1470
2563
3816
4571
1913
2212
3375
4641
1729
2096
3884
4316
1539
2206
3324
4098
1325
2049
3622
4171
1941
2049
3104
4106
1763
2522
3934
4194
1854
3046
3681
4741
1584
2096
4024
4469
1734
3059
3414
4939
1787
2454
3716
4641
1980
2132
4024
4262
1980
2286
3738
4954
1477
3059
3618
4641
1854
2466
3622
4268
1980
2601
3369
4236
1806
2689
3181
4917
1612
2096
3499
4873
1980
2057
3998
5078
1612
2689
3606
4509
1880
2645
3796
4790
1874
3051
3712
4806
1486
2660
3348
4789
1424
2155
3906
4128
1396
2180
3783
4389
1883
2764
3243
4421
1385
2403
3620
4615
1034
2230
3517
4731
1348
2133
3414
4325
1346
2403
3398
4666
1346
2888
3282
4933
1838
2371
3264
4325
1749
2386
3742
4113
1455
2433
3622
4672
1909
2225
3333
4288
1455
2082
3496
4553
1874
2433
3447
4180
1909
2416
3444
4267
1455
2082
3841
4295
1455
2433
3841
4774
1595
2957
3647
4322
1908
2705
3504
4839
1528
2544
3241
5064
1814
2133
3737
4719
1477
2252
3074
4457
1346
2838
3521
5075
1346
2613
3930
4405
1725
2184
3430
4103
1259
2309
3624
4180
1787
2206
3622
4960
1477
2770
3133
4315
1912
3014
3191
4850
1608
2309
3291
4178
1820
2309
3685
4099
2042
2584
3903
4561
1950
2459
3871
4833
1666
2148
3531
4923
1813
2355
3914
4616
2042
2677
3516
4969
1455
2964
3871
5097
1604
2601
3947
4519
1806
3039
3291
4565
1989
2632
3684
4579
1455
2175
3104
5097
2024
2249
3783
4702
1455
2663
3851
5119
1980
2596
4038
4696
1691
2416
3580
4203
1509
3044
3930
4293
1753
2720
3930
4236
1779
2060
3930
5006
1105
2208
3409
4370
1718
2311
3879
4686
1436
2596
3289
4681
1555
2291
3514
4897
1950
2608
3377
4965
2006
2148
3889
4699
1764
3029
3393
5018
1764
2293
3325
5027
1263
2567
3619
4598
1817
2321
3486
4503
2033
2608
3596
4120
1178
2978
3329
4436
1683
2462
3142
5013
1385
2629
3216
4330
2004
2887
3738
4143
1841
2786
3629
4281
1888
2695
4056
4112
1567
3063
3423
5108
1193
2346
3382
4544
1246
2806
3297
4227
1610
2430
3352
4939
1877
2214
3442
5040
1737
2786
3598
5025
1837
2333
3598
4283
1555
2716
3379
4618
1304
2137
3185
4618
1402
2638
3610
4338
1877
2806
3242
4211
1263
2223
3598
4413
1784
2568
3476
4939
1555
2903
3670
4696
1530
2286
3394
5028
1580
2282
3208
4994
1877
2112
3720
4646
1453
2643
3135
4915
1917
2611
3097
4452
1304
2399
4022
4570
1556
2380
3941
4142
1915
2371
3720
4263
1509
2327
3240
4958
1123
2348
3120
4164
1758
2071
3758
4246
1910
2720
3374
4451
1340
2191
3959
4772
1883
2127
3328
4381
1461
2913
3511
4429
1620
2180
3073
4227
1580
2343
3477
5054
1438
3011
3996
4816
1759
2161
3908
4678
1998
2965
3883
5087
1592
2454
3866
4224
1592
2332
3109
4194
1559
3053
3622
4253
1827
2364
3973
4402
1975
2645
3738
4428
1509
2902
3101
4431
1737
2849
3619
4683
1678
2321
3516
4988
1040
2525
3334
4806
1586
2799
3232
4573
1893
2208
3199
4227
1040
2312
3723
5026
1586
2208
3178
4317
1870
2209
3245
4774
1396
2188
3583
4407
1435
2433
3275
5075
1382
2555
3820
4804
1509
2740
3311
4514
1586
2563
3232
4867
1470
2503
3628
5067
1965
2875
3668
4240
1386
2850
3908
4433
1684
2503
3458
4532
1274
2891
3553
4916
1459
2613
3219
4358
2030
2603
3126
4591
1147
2580
3916
4204
1294
2082
3861
4497
1544
2249
3536
4707
1965
2875
3879
4691
1965
2765
3444
4685
1948
2740
3687
4532
1424
2306
3859
4711
1965
2399
4076
4561
2033
3051
3892
4700
1424
2722
3314
4096
1984
2766
3444
4903
1385
2740
4038
4414
1915
2603
3722
4965
1385
2883
3916
4751
1455
2756
3224
4285
1455
2088
3654
4537
1597
2536
3819
4716
1424
2846
3819
4537
1424
2643
3704
4103
1211
2875
3532
5063
1224
2242
3238
4741
1972
2846
4007
4241
1778
2607
4007
4752
1935
2563
3422
4761
1346
2559
3201
4404
1909
2349
3282
4282
1778
2640
3551
4242
1346
2848
3708
4965
1348
2284
3713
4663
1307
2536
3959
4965
