168
672
672
672
672
817
183
286
888
888
253
209
547
409
503
228
595
672
387
947
547
761
286
57
370
528
724
578
114
135
135
876
144
780
86
336
277
789
76
503
370
835
188
188
188
343
721
234
334
102
702
501
181
947
237
956
895
87
57
595
258
188
343
343
704
475
475
503
626
228
626
801
451
409
963
543
639
108
724
578
614
95
95
876
491
286
894
947
789
986
286
286
370
835
258
188
371
371
257
257
9
210
348
163
260
801
451
409
647
163
786
570
188
193
371
371
193
339
193
555
193
372
396
409
191
191
27
370
814
724
45
270
1009
842
491
491
193
491
396
947
277
986
716
716
716
639
570
188
188
371
721
179
555
191
254
716
336
67
956
323
490
490
639
421
831
343
371
860
191
409
776
251
228
717
547
482
184
792
286
450
724
78
578
270
373
95
33
491
876
82
54
166
277
986
10
741
808
639
29
258
343
721
234
405
631
743
434
743
459
162
174
10
757
808
65
570
188
579
343
622
229
229
225
251
228
372
115
667
535
535
406
844
724
288
101
467
95
418
491
876
876
844
947
277
745
715
599
626
626
65
188
188
192
721
179
179
434
990
821
252
21
816
739
42
626
814
639
74
831
20
445
779
474
857
631
251
431
482
431
857
431
857
844
786
223
724
578
114
445
95
418
491
876
816
336
277
536
986
474
900
438
639
258
188
188
721
80
229
298
555
431
857
459
162
739
42
626
626
639
570
188
308
192
179
555
490
191
251
717
191
323
739
62
641
319
844
223
578
270
373
95
418
491
876
491
387
277
536
986
1009
319
844
786
570
188
579
721
80
229
674
743
102
780
459
162
434
457
413
42
786
278
258
343
445
252
620
252
620
555
228
889
620
434
620
620
42
844
724
619
467
270
418
614
491
876
346
876
82
459
166
237
956
921
376
639
258
114
445
51
631
234
177
702
900
162
431
431
947
67
789
844
639
570
188
970
192
179
229
833
251
717
717
654
336
67
654
254
833
814
223
78
123
114
1009
135
614
491
992
82
174
191
947
237
191
191
191
570
306
188
80
192
80
229
191
702
191
191
251
166
717
647
191
191
639
258
424
248
716
668
668
833
668
251
717
827
336
277
827
42
844
274
724
541
270
581
597
597
597
264
533
1703
2487
3104
4537
2032
2257
3182
4621
1545
2579
3949
4928
1788
2257
3628
4792
1519
2649
3327
4656
1798
2837
3202
4424
1905
2275
4056
4763
2006
2818
3682
4885
1759
2274
3807
4998
1206
2868
3890
4117
1955
2082
3875
4998
1287
2887
3732
4676
1587
2788
3509
4717
1535
2105
4031
4670
1604
3042
3621
4347
1996
2206
4067
5047
1759
2314
3202
4755
2046
2912
3327
4197
2046
3047
3887
4264
2035
3008
4087
4967
1188
3008
3935
4335
1759
2841
3577
4830
1557
2529
3764
4817
1635
2693
3747
4468
1535
2126
3392
4244
1519
2459
4055
4549
1788
2130
3202
4751
1914
2720
3660
4831
1057
2498
3653
5009
1877
2868
3647
4713
1886
2506
3862
4931
2028
2365
3804
4127
1991
2762
4042
4456
1831
3007
4055
4315
1720
2429
3313
4332
1923
2052
3576
4764
1830
2802
3439
4648
1557
2529
3856
5023
1369
2457
3719
4106
1909
2803
3517
4902
1541
2796
3485
4927
1500
2126
3296
4629
1159
2947
3630
4337
1765
2397
3282
4943
1860
2153
3418
4809
1677
2620
4033
4788
1051
2250
3166
4255
1860
2968
3231
4977
1581
2837
3842
4739
2015
2823
3467
4843
1860
3065
3098
4826
1581
2133
3470
4675
1263
2141
3806
4327
1860
2511
3288
4971
1114
2222
3377
4497
1594
2423
3741
4346
2005
2763
3499
4362
1192
2864
3292
4698
1545
2949
3639
4705
1977
2421
3724
4891
1268
2940
3917
4598
1270
2728
3878
4491
1683
2243
3088
4389
1838
2150
3986
4342
1353
2121
3662
4402
1655
2589
3205
4653
1950
2445
3201
4370
1297
2249
3419
4404
1217
2225
3921
4561
1664
2406
3235
4971
1998
2243
3464
4653
1993
2224
3581
4906
1993
2307
3772
4508
1886
3066
3933
4830
1696
2989
3477
4891
1759
2313
3812
4717
1588
2789
3202
5047
1998
2626
3482
4977
1057
2307
3348
4334
1587
2350
3447
4210
1584
2837
3366
4848
1585
2912
3676
4608
1788
2740
3237
5094
1291
2485
3576
4755
2046
3065
3933
4369
1557
2740
3270
4145
1664
2800
3737
4318
1327
2150
3333
4610
1800
2728
3608
4465
1583
2962
4093
5077
1597
2082
3930
5024
1262
2527
3739
5072
1931
2722
3986
4242
1975
2717
3557
4960
1455
2320
3202
4606
1996
2140
3710
4740
1892
3022
3982
4332
1991
2253
4077
4763
2046
2869
3259
4600
1759
2741
3552
4477
2015
2811
3542
5094
1104
2148
3428
4324
1557
2415
3208
4530
1161
2243
3198
4151
1418
2581
3662
4796
1807
2787
3259
4934
1993
2066
3115
4806
1977
2134
4043
4324
1097
2971
3952
4460
2015
2355
3913
4822
1801
2860
3743
4924
1903
2314
3950
4782
1334
2529
3335
4484
1835
2463
3982
4494
1755
2314
3777
4661
1335
2380
3674
4522
1998
2484
3928
4849
1038
2606
3762
4903
1158
2986
3341
4534
1159
2507
3389
4758
1785
2841
3500
4505
1541
2484
3115
4821
1780
2568
3413
4432
1851
2238
3971
4705
1837
2708
3373
4412
1369
2360
3903
4705
1287
2309
3814
5079
1588
2717
3698
4455
1103
2465
3525
4455
1391
2620
3503
4197
1588
2425
3424
4487
1543
2448
3159
4713
1765
2638
3202
4826
1588
2250
3981
4286
1709
2144
3982
4558
2015
2873
4032
4767
1798
2403
3300
4710
1696
2672
3903
4488
1181
2210
3418
4554
1535
2314
3478
4967
1631
2380
3938
4567
1743
2625
3363
4111
1638
2915
3125
4983
1443
2697
3231
4151
1584
2371
3360
4914
1110
2873
3464
4197
1993
2717
3595
4567
1800
3029
3704
4306
1403
2642
3777
4502
1093
2255
3739
4788
1764
2642
3831
4924
1206
2639
3952
4149
1335
3071
3552
4424
1886
2801
3398
4924
1896
2090
3158
5028
2046
2850
3697
4821
1931
2258
3542
4201
1597
2746
3621
4414
2015
2232
3743
4414
2028
2165
3727
5059
1896
2354
3933
4601
1896
2612
3903
4789
1764
2506
4053
4684
1801
2452
3924
4965
1694
2118
3704
4739
1521
3009
3843
4414
1896
2905
3924
5039
1573
3029
4068
4103
2009
3066
3986
4885
1147
2225
3210
5013
1147
2274
4094
4414
1346
2306
3593
4306
2033
2455
3620
4402
1555
2503
3716
4489
1817
2814
3902
4161
1555
2814
3136
4474
1502
3034
3788
4352
1291
2891
3647
4511
2008
2306
3619
4222
1452
2224
3734
4657
1291
2784
3119
4687
1287
2282
3257
4225
1481
2669
3950
4274
1555
2799
3909
4216
1044
2313
4095
4455
1798
2096
3589
5043
1044
2344
3833
4456
1771
2278
3484
5077
1186
2730
3621
4864
1206
2089
3929
5046
1896
2453
4082
4221
2003
2547
3470
4316
1925
2730
3243
4881
1759
2089
3890
4198
1107
2479
3715
4722
1158
2286
3220
4918
1464
2306
3909
5019
2033
2781
3879
4656
2031
2503
3906
4489
1661
2814
3252
4242
1502
2804
3182
4352
1132
2891
3788
4242
1147
2967
3459
4836
1839
2306
3993
4872
1782
2732
3303
4376
1391
2791
3148
4878
1588
2489
3454
4646
1369
2784
3829
5018
1996
2799
3704
4637
1662
2153
3378
4793
1114
2276
3178
4267
1860
2240
3734
4540
1193
2576
3360
4933
1578
2495
3258
4551
1156
2864
3303
4765
1567
2101
3441
4998
1837
2139
3509
4119
1156
2803
3509
4402
1211
2123
3441
4371
1878
2229
3289
4598
1739
2481
3556
5028
1841
2548
3760
4137
1877
2063
3237
5106
1400
2144
3137
4598
1749
2548
3307
4965
1237
2063
3307
4561
1746
2716
3508
4172
1817
2888
3307
4422
1764
2716
3555
4122
1719
2481
3931
4478
1719
2085
3665
4881
1452
2730
4038
4755
1156
2699
4038
4983
1915
2101
3373
5006
1585
2600
3107
4977
1866
2677
3851
4126
1709
2292
3918
4570
1555
2278
3245
5098
1186
2799
3470
4814
1044
2344
3799
4479
2008
2585
3156
4988
1317
2401
3304
4293
1263
2811
3154
4404
2028
3054
3818
4349
1830
2585
3804
4414
1234
2709
3517
5006
1455
2891
3464
4354
1883
2306
3258
4872
1683
2792
3440
4358
1584
2503
3727
4426
1262
2814
3618
4885
1263
2603
3393
5079
1892
2603
3306
4844
2006
2891
3931
4686
1892
2600
3485
4255
1588
2306
4063
4456
1167
2788
3536
4113
1059
2257
4051
4454
1059
3021
3772
4320
2003
2148
3949
4478
1896
2949
3997
5029
2035
2722
3398
4455
1392
3012
3414
4360
2046
3012
3274
4810
1104
2276
3834
4828
1694
2968
3237
4510
1558
2968
3950
5110
1481
2088
3346
5112
1835
2968
3398
4889
2046
2649
3951
4893
1188
2122
3348
4281
1114
2528
3476
4204
1078
2986
3294
5095
1464
2781
3418
4816
1860
2703
3201
4619
1158
2274
3784
4637
1305
2573
3478
4739
1851
2314
3945
4436
1132
2724
3933
4900
1369
2939
4089
4843
1638
2632
3535
4234
1588
2937
3844
4601
1369
2945
3825
4432
1391
2687
3154
4160
1132
2727
3178
4500
1369
2498
4017
4542
1784
2781
3844
4493
1132
2601
3374
4680
1662
3067
3137
4506
2005
2425
3487
4905
1839
2732
3621
5026
1802
2677
3681
4678
1545
2784
3856
4416
1369
2348
3605
4542
1436
2614
3583
5062
1798
3065
4094
4903
1864
2512
3101
4881
1669
2930
3687
4230
1661
2180
3651
4990
1215
2249
3390
4786
1443
2453
3986
4126
1536
2751
3608
4792
1669
2568
3517
5074
1513
2307
3296
4325
1669
2117
3149
4973
1094
2232
3462
5010
1849
2536
3289
4367
1565
2262
3890
5003
1448
2374
3831
5094
1746
2133
3414
4615
2001
2546
3198
4593
1669
2309
3442
4120
1409
2916
3684
4284
1759
2944
3546
4418
1409
2410
3906
4526
1849
2505
3684
4903
1950
3012
3325
4854
1703
2186
3862
4100
1669
2820
4052
5045
2001
2727
3462
4671
2006
2119
3237
4269
1925
2788
3741
4097
1535
2953
3107
4748
1753
3037
3984
4561
1535
2328
4068
4371
1749
2717
3333
4519
1996
2134
3889
4853
1346
2717
3743
4422
1814
2399
3333
4492
1436
2738
3676
4615
2032
2619
4038
4470
1931
2429
3764
4676
2032
2619
3855
4519
2045
2979
4000
4715
1940
2642
3710
5029
1409
3038
3515
4838
1940
2374
3834
4494
1409
2531
3949
4737
2032
2945
3919
4354
1669
3035
3764
4812
2001
2689
3098
4500
1597
2538
3919
4773
1409
2190
3244
4251
1936
2807
3605
4855
1409
2050
3158
4256
1936
2625
3319
5037
1982
2507
4004
4666
1982
2989
3600
4829
1746
2818
3600
4422
1314
2960
3724
4322
1225
2667
3743
4664
1929
2989
3493
4414
1912
3026
3542
4657
1970
2947
3850
4921
1132
2885
3507
4197
1464
2857
3684
5070
1920
2192
3784
5113
1132
2968
3117
5087
1709
2250
3730
4422
1215
2276
3712
4390
1132
2626
3366
4390
1813
2388
3786
5093
1669
3066
3454
4855
2045
2186
4093
4855
1544
2082
3471
4136
2005
2801
3961
4664
1852
2478
3971
4337
1912
2966
3324
4819
1029
2712
3862
4949
1610
2456
3192
4774
1683
2659
3072
5048
1270
2192
3850
4855
1838
2149
3309
4301
1427
2966
3899
4673
1813
2208
3491
4927
1318
3021
4031
4447
1683
2498
4030
4447
1837
2573
3589
4564
1567
2920
3296
4478
1346
2746
3670
4193
1161
2630
3225
4457
1597
2512
3605
4820
2042
2956
3820
4855
1565
2966
3235
5064
1409
2720
3684
5081
1270
2809
3786
4855
1610
2965
4083
4855
1874
2966
3583
4198
1669
2492
3684
4227
2045
2966
3934
5072
1849
2659
3293
4167
1250
2192
4065
5027
1828
2881
3684
4604
1617
2659
3684
4966
1555
2799
3781
5027
1812
2966
3684
4100
1409
2828
4035
4274
1828
2828
3297
4567
1409
2828
3856
4646
1597
2536
3338
5027
1597
2467
3684
4648
1837
2249
3539
5027
1262
2232
3460
4342
1912
2699
3246
5014
1555
3028
3768
4806
1610
3044
3880
4128
1920
2498
3589
4695
1409
2728
3119
4307
1555
2771
3600
4153
1838
2557
4055
4690
2045
2638
3600
4600
1837
2213
3552
4738
1597
2557
3327
5009
1268
2213
3073
4415
1597
2948
3157
4544
2045
2557
3459
4158
1828
2557
3854
5051
1784
2847
3872
4857
1828
2847
3116
4305
1480
2557
3581
4971
2045
2213
3710
4254
1838
2919
3995
5004
1599
2284
3103
5004
1227
2639
3791
4159
1947
2339
3111
4997
1682
2945
4014
4374
1669
2623
3103
4151
1798
2121
3402
4488
1146
2627
3338
4566
1541
2912
3943
4695
1734
2300
3490
4540
1464
2721
3632
5004
1806
2465
3645
4201
1132
2926
3970
4871
1661
2922
3809
4773
1785
2717
3729
4695
1132
2390
3884
4254
2045
2213
3806
4176
1391
2228
3600
5113
1132
2399
3407
4973
1915
2901
3154
4694
1784
2709
3600
4309
1567
2724
3595
4695
1621
2175
3129
4678
1837
2557
3697
4504
1689
2557
4055
4763
1998
2219
3663
4610
1860
2253
3323
4342
1193
2345
3499
5045
1372
2956
3084
4390
1029
2213
3581
4167
1936
2746
3600
5079
2032
2149
3795
4705
1133
2105
3512
4295
1620
2964
3941
4965
1610
2767
3872
4726
1509
2812
3460
4127
1725
2252
3615
4513
1993
2860
3971
4836
1636
3066
3373
4424
2006
3009
3559
4194
1610
2811
3976
4459
1565
2320
3981
4450
1703
3011
3764
4768
1828
2368
3600
4255
1409
2847
3506
4864
1838
2557
3500
4496
1669
2412
3600
4792
1206
2333
3600
4788
1896
2793
3305
4300
1743
2166
3303
4447
1606
2930
3951
4610
1669
2378
4020
4596
1341
2222
3844
4335
1664
2213
3978
4948
1920
2213
3872
4393
1287
2700
3855
4114
1666
2727
3888
4167
1270
2585
3888
4103
1268
2693
3558
4863
1783
2225
4059
4126
1250
2638
3976
4480
1455
2250
3082
4977
1555
2697
3148
4274
1626
2351
3247
4646
1427
2276
3264
4151
1915
2521
3684
4637
1874
2585
3382
4351
1455
2671
3235
5027
1846
2828
3133
4928
1828
2591
3133
4532
1651
2792
3739
5023
1424
3047
3984
4454
1109
2538
3133
4855
1637
2079
3363
5027
1424
2792
3684
4922
2032
2937
3984
4737
1814
2828
3462
4178
1982
2828
3333
4914
1982
2820
3684
4198
1993
2820
3176
4988
1812
3005
3314
4168
1828
2993
3984
5074
1409
2468
3567
4299
1597
2536
3441
5027
1234
2728
3736
4322
1158
2082
3729
4413
1464
2804
3984
4165
1785
2360
3116
4240
1533
2673
3326
4345
1159
2828
3217
4432
1837
2425
3729
4420
1132
2800
3577
4096
1391
2259
3511
4555
1427
2820
3589
4396
2045
2279
3564
4660
1391
3061
3874
4637
1936
2728
3209
4215
1661
2243
3296
4283
1672
2182
3488
4480
1848
3048
3246
4870
1191
2063
3806
5072
1291
2246
3114
4575
1737
2531
3621
4220
1604
2102
3137
4532
1348
2214
3444
4233
1270
2820
3525
4178
1828
2484
3721
4613
1940
2888
3515
4829
1604
2820
3096
5044
1250
3057
4094
4966
1443
2455
3149
5047
2042
2926
3274
5047
1238
2546
3608
4258
1263
2261
3743
4416
1597
2219
3908
4743
1828
2667
3248
4465
1669
2351
3557
4763
1369
2277
3981
4735
1519
2176
3600
4990
1409
2667
3865
5089
1519
2607
4094
4773
1291
2616
3778
5011
1044
2506
3781
4157
1925
2721
4094
4098
2001
2899
3191
4615
1669
3026
3429
4801
1759
2091
3741
4500
1519
2947
3280
4919
1209
2631
4085
4862
1973
2644
3595
4752
1263
2563
3672
4132
1828
2809
3311
5018
2028
2492
3372
4174
1448
2978
3270
4752
1403
2626
3198
4897
1584
2399
3116
4403
1996
2094
3311
4302
1455
2722
3480
4349
1424
2846
3491
4954
1666
2407
3467
4150
1206
2712
4053
5036
1669
2616
3998
4812
1718
2309
3371
4555
1669
2863
3525
4773
1606
2535
4051
4497
1637
2349
3815
4533
1555
2351
3784
4157
1674
2276
3515
4190
1351
3038
3959
4696
2042
2956
3961
4925
1409
3012
4051
4994
1874
2246
3276
4269
1669
2883
3485
5096
1984
2126
4059
4413
1669
2091
3507
4332
1351
2588
3622
5049
1348
2859
3189
4123
1669
2815
3133
4809
1824
2938
3676
4643
1455
2398
3201
4464
2005
2967
3456
4698
1464
2083
3377
4816
1468
2398
3724
4165
1255
2642
3699
4183
1469
2270
3078
4967
1464
3063
3743
5026
1784
2321
3302
4560
1782
2588
3133
4403
1391
2510
3369
4173
1427
2238
4000
4995
1918
2973
3471
4795
1391
2941
4056
4971
1860
2536
3572
4593
1436
2093
3787
5049
1391
2632
3508
4454
1588
2697
4021
4635
1159
2887
3967
4339
1703
2873
3766
4581
1504
3038
3684
4871
1957
2206
3310
4505
1588
3009
3981
4501
1839
2079
3407
4820
1920
2180
3369
4201
1669
2972
3338
5027
1950
2677
3967
5047
1789
2393
3766
4801
1367
2822
3844
4345
1950
2635
3807
4442
2006
2835
3360
4710
1709
2869
3844
4805
1996
2901
4055
4358
1193
2762
3198
4970
1877
2249
3856
4977
1886
2712
4052
4412
1391
3061
3510
4752
1409
2947
3341
4875
1703
2536
3458
4823
1669
2822
3521
4381
2001
2403
3764
4453
1291
2510
3941
4347
1703
2942
3720
4836
1973
2284
4048
4097
1651
2260
3890
4484
1771
2791
3536
4713
1209
2165
4051
4439
1616
2511
3398
4704
1562
2276
3900
4900
1791
2697
3425
4454
1791
2927
3095
4542
1263
2314
3183
4428
1993
2645
3297
5102
1841
2811
3458
4263
1688
2074
3241
4853
1270
3070
3623
4690
1133
2554
3363
5034
1660
2978
3269
4988
1250
2884
3500
4803
1455
2506
3266
4248
2032
2883
3288
4985
1664
2716
3565
4153
1788
2269
3736
4921
1057
2137
3183
4379
2032
2796
3329
4327
1666
2214
3552
4670
1825
2693
3771
4176
1455
2719
3116
4175
1719
2940
3211
4366
1525
2627
3307
4743
1525
2887
3259
4743
1264
2344
3329
4447
1745
2214
3680
4211
1186
2277
3829
5025
1186
2274
3288
4318
1719
3034
3719
4878
1719
2505
3434
4245
1525
2579
3625
4245
1264
2978
3892
5024
1246
2233
3329
4546
1950
2214
3689
4743
1323
2620
3961
5025
1158
2642
3771
4318
1391
2164
4093
4652
1785
2403
3133
4283
1193
2186
3133
4502
1391
2191
3369
4447
1636
2079
3697
4392
1369
2388
3910
5031
1391
2856
3967
4861
1743
2973
3938
4601
1555
2973
3809
4801
1817
2722
3712
4173
1132
2866
4039
4659
1263
2096
3693
4117
1817
2887
3693
4893
1057
2792
3680
4162
1998
2792
3325
4373
1332
2792
3856
5066
1763
2746
3416
4505
1703
2737
4091
4284
1436
2079
3440
4379
2008
2079
3431
4364
1132
2079
4089
4809
1264
2079
3419
4540
1354
2079
3796
4581
1878
2457
3369
4849
1621
2049
3236
4370
1644
2940
3967
4670
1403
2973
3262
5028
2031
2973
3737
5013
1584
2973
3872
4299
1936
2941
3502
5075
1664
2530
3766
4676
1996
2309
3851
4732
1264
2712
3430
4164
1264
2952
3369
4698
1963
2573
3369
4302
1264
2079
3082
4541
1763
2233
3158
4923
1763
2639
3551
4673
1264
2079
3947
4820
1849
2079
3800
4745
1264
2538
3916
4611
1604
2049
3225
4893
1264
2973
3916
4652
1817
2973
3488
4686
1854
2941
3434
4850
1854
2126
3967
4540
1854
2638
3434
4144
1854
2949
3766
4302
2031
2884
3208
4463
1999
2214
3872
4096
1802
2214
3424
4659
1860
2903
3599
4318
1621
2719
3380
4878
1455
2911
3772
5069
1237
2063
3753
4178
1400
2638
4034
4995
1263
2049
3581
4965
1142
2148
3369
5108
1264
2548
3650
4376
1246
2281
3440
4450
1254
2827
3716
4756
1778
2847
3301
4701
1719
2680
3840
4611
1950
2137
3157
4788
1455
2884
3103
5108
1246
2741
3743
4254
1455
2214
3918
4948
1744
2535
3845
4143
1841
2719
3645
4878
1436
2784
3861
4175
1525
2457
3820
4120
1272
2445
3269
4570
1246
2671
3734
4561
1246
2349
3583
4923
1650
2677
3428
5078
1468
2374
3738
5023
1427
2076
3836
4601
2031
2629
3687
4245
1534
2306
3137
5006
2033
2823
3841
4561
1255
2814
3428
5006
1500
2603
3809
4511
1709
2306
3851
4836
1541
2306
3223
4620
1877
2258
4051
4686
1709
2393
3913
4172
1217
2074
3079
4608
1637
2855
3604
4156
1391
2141
3913
4397
