567
789
909
945
753
306
129
214
131
747
906
906
644
117
374
151
248
23
975
781
410
305
624
305
256
218
494
561
225
501
161
436
225
449
138
23
181
38
410
543
475
855
148
494
286
1011
840
102
976
151
248
297
696
505
815
848
566
262
746
406
747
215
485
902
856
232
248
449
248
23
598
781
410
305
305
624
256
25
850
1011
824
285
285
886
886
282
956
282
956
282
956
282
746
399
494
1011
1011
824
646
1020
734
391
436
505
764
824
646
377
1019
1020
222
25
586
906
906
644
596
935
183
183
477
23
781
410
305
251
305
746
218
369
1011
777
566
232
477
232
477
934
975
781
410
305
546
988
406
218
369
729
777
646
352
306
399
218
505
882
569
556
976
888
556
546
19
892
583
569
189
262
477
556
546
556
975
781
624
624
556
624
943
399
802
850
1011
646
856
102
976
143
449
211
23
410
162
888
822
746
746
819
819
811
906
777
646
597
253
211
253
388
505
882
920
306
753
214
181
131
226
729
906
189
265
477
151
482
944
975
781
410
305
624
305
546
256
819
11
1011
777
646
976
902
1019
475
543
975
38
736
196
833
297
406
819
369
180
777
646
976
102
976
449
505
764
856
848
976
54
512
181
788
369
906
906
644
265
348
183
608
183
975
781
410
305
624
305
943
788
819
11
180
856
646
976
1019
449
449
23
449
410
305
624
305
256
218
494
286
180
776
646
976
151
1020
388
505
764
1011
824
1020
752
391
763
819
369
906
906
644
826
597
826
386
23
975
781
52
784
956
282
256
819
286
72
824
501
352
151
116
130
218
505
569
848
352
130
632
632
399
598
164
781
781
408
130
546
743
218
505
764
856
352
130
130
399
399
25
892
180
189
352
85
577
212
212
23
975
781
410
977
624
943
399
25
369
180
777
856
102
944
1020
214
214
309
781
137
556
624
214
131
218
369
1011
777
646
593
86
374
746
586
505
1011
1011
436
436
752
763
814
819
906
906
644
265
869
183
834
1003
975
23
410
305
410
305
624
943
19
802
1011
906
596
869
262
477
142
310
23
975
464
6
142
546
393
399
802
583
180
869
654
224
262
222
399
218
764
569
262
1020
556
943
814
819
351
485
941
262
52
38
935
539
649
464
781
781
410
546
297
746
788
850
1011
1011
566
646
976
246
1638
2393
3872
4144
1217
2424
3662
4469
1191
3063
3339
4316
1993
2257
3500
5071
1583
2591
3504
4478
1588
2277
3796
4997
2008
3039
3663
5082
1936
3007
4004
4414
1519
2939
3979
4592
2028
2119
3164
4571
1788
2429
3542
4289
1703
2176
3439
4612
1636
2351
3788
4755
2028
2161
3366
4813
1814
2767
4068
4316
1938
2306
3158
4122
1841
2714
3177
4657
1877
2238
3459
4641
1998
2354
3579
4816
1998
2906
4094
4627
1998
2178
3710
4411
1998
2462
3741
4536
1998
2971
3851
4536
1920
2883
3080
4454
2017
3035
3428
4281
1785
2695
3696
4511
2017
2133
3243
4820
1839
2947
3104
4141
1291
2712
3709
5009
1291
2938
3426
4314
1513
2876
3982
5020
1280
2165
3869
4371
1750
2766
3887
5011
1263
2856
3576
5090
1217
2506
3315
4810
1217
2968
3467
5020
1217
2720
3824
4853
1217
2267
4093
5001
1178
2673
3918
4826
1403
2122
3930
4741
1424
2186
3949
4385
1678
2911
3859
4478
1782
2911
3347
4665
1525
2654
3628
4691
1560
2334
3776
4414
1782
2766
3801
5018
1824
2765
3340
4741
1806
2527
3281
4585
1075
2126
3348
4888
1119
2294
3850
4886
1491
2191
3583
4687
1555
2714
3820
4405
1564
2268
3482
4124
1661
2274
3505
4988
1555
2691
3884
4200
1209
2677
4084
4692
1806
2638
3114
4645
1950
3026
3429
4477
1461
2746
3889
4570
1915
2933
3937
4413
1950
2528
3912
4711
2028
2349
3208
5035
1612
2218
3649
4120
1998
2465
3898
4319
1525
2829
3428
4240
1878
2991
3382
4117
1246
2455
3339
4327
1436
2076
3773
5018
1424
2903
3768
4103
1877
2424
3288
5042
1191
2719
3275
4134
1612
3063
3513
4947
1920
2642
3321
4831
1167
2978
3477
4220
1950
2642
3508
5090
1920
3035
3523
5027
1703
2914
3340
4650
1513
2642
3596
4459
1839
3047
3934
4459
1516
2723
3401
4122
1753
2933
3604
4122
1849
3051
3787
4452
1635
2762
3235
4459
1993
2818
3119
5009
1217
3025
3900
4549
1993
2887
3381
4459
1993
2119
3260
4600
1798
3012
3260
4854
1565
2964
3913
4440
1993
2811
3913
4522
1798
2635
3869
4970
1592
2603
3347
4386
1461
2346
3123
4267
1461
2527
4029
4802
1436
2846
3694
4483
1445
2960
3670
4724
2010
2643
3171
4536
1191
2837
3490
4390
1262
2806
3998
4316
1703
2905
3158
4802
1839
2191
4083
4822
1839
2097
4083
4789
1585
2314
4083
4678
1215
2309
4083
4431
1215
2967
3480
4411
2001
2386
3934
4097
1968
2677
3856
4839
2011
2057
3325
4397
1886
2394
3990
4153
1808
2764
3672
4497
1629
2552
3375
4133
1977
2925
3414
4739
1914
2507
3868
4127
1660
2851
3786
5099
2006
2115
4004
4977
1857
2642
3423
4484
1636
2109
3665
4483
1627
3021
3464
4856
1792
2822
3130
4230
1238
2640
3796
4498
1683
2327
4007
4224
1950
2260
4011
4459
1749
2758
3941
4119
1555
2801
3979
4459
1950
3066
3636
4463
1597
2791
3166
4459
1565
2275
3123
4318
1666
2723
3567
5027
1597
2897
3935
5099
2032
2561
3576
4448
1666
2591
3931
4853
1555
2949
3485
4893
2032
2936
3442
4478
1597
2933
4000
4200
1743
2393
3862
4140
1564
2691
3862
4371
1925
2925
3862
4503
2032
2360
3670
4421
1558
3011
3504
4766
1759
2119
4077
4315
1583
2097
3491
5027
1666
2463
3884
4122
1410
2828
3979
4583
1567
2122
3236
4891
1555
2404
4027
4886
1713
2257
3913
5013
1250
2309
3913
4374
1998
2918
3878
4497
1403
2333
3467
4885
1892
2905
3512
4453
1057
2514
3710
4440
1597
2199
3377
4831
1564
2505
3653
4507
1439
2404
3662
5022
1535
2399
4032
4733
1392
2140
3453
4103
1996
2340
4045
4536
1915
2225
3297
4122
1555
2255
3502
4452
1427
2249
3525
4588
1564
2165
3727
4819
1993
2150
3608
5027
1263
2850
3447
4319
1396
2905
4039
4881
1993
2317
4036
4136
1886
2089
4019
4915
1523
2619
3559
4881
1403
2277
3703
4194
1119
2117
4036
4335
2010
2833
3517
4305
1874
2912
3346
5103
1437
2117
3257
4597
2005
2371
3807
4972
1920
2971
3707
4954
1211
2887
3281
4741
1785
2703
4055
4316
1839
3035
3281
4737
1839
2096
3686
4908
1839
2166
3680
4972
1839
2927
3682
4722
1513
2756
3682
5006
1513
2851
3497
4346
1263
2238
3921
4619
1217
2632
3967
4890
1263
2403
3369
4490
1348
2933
3628
4711
1217
2403
3651
5031
1784
2863
3772
4629
1798
2632
3760
4500
1798
2568
4094
4921
1798
2330
3546
4113
1798
2941
3497
5027
1798
2049
3947
4585
1735
2515
3985
4866
1688
2360
3512
4882
1840
3023
3591
4864
1705
2947
3118
4139
1782
2082
3607
4890
1920
2191
3181
4644
1453
2272
3578
5077
1597
2638
3153
4645
1996
2947
3470
4509
1709
2175
3337
4287
1709
2246
3548
4390
1348
2604
3153
4534
1709
2132
4067
4942
1709
2326
3909
4792
1402
2746
3651
4665
1348
2097
4038
4441
1709
2935
3766
4192
1348
2057
3343
4258
1812
2354
3704
4619
1224
2114
3450
4621
1436
2197
3313
4561
1436
2459
3450
4578
1824
2082
3143
4878
1998
2489
3393
4727
1998
2324
3983
4754
1354
2947
3424
4788
1354
2164
3149
4639
1443
2525
3851
4126
1839
2890
3514
4603
1950
2430
3476
4277
1217
2486
3657
4439
1051
2356
3693
5007
1067
2214
3177
4340
1217
2214
3930
4604
1427
2354
4067
4954
1186
2936
3244
4878
1217
2716
3351
5027
1817
2186
3996
4316
1854
2861
3120
4722
1525
2186
3100
4990
1264
2906
4055
4408
1808
2884
3996
4402
1558
2088
3728
5064
1798
2261
3663
4957
1794
2214
4089
4425
1798
2820
3136
4198
1824
2868
3996
4760
1583
2986
3996
4119
1610
2606
3092
4386
1585
2712
3996
4193
1874
2224
3603
5070
1874
2270
3235
4829
1583
2292
3979
4911
1874
2531
3903
4780
1759
2627
3779
4274
2008
2206
3372
4342
1709
2276
3209
4592
1709
2117
3572
5109
1287
2851
4066
4534
1817
2433
3468
4549
1287
2724
3331
5117
1159
2825
3243
5035
1287
2980
3964
4328
2028
2270
3704
4960
1287
2270
3177
4919
1287
2419
3996
4919
1998
2506
3980
4160
1287
3009
3772
4549
1998
2703
3889
4505
1835
2489
4094
5003
1968
2484
3933
4629
1291
2097
3385
4826
1291
3012
4032
5070
1291
2270
3739
5018
1839
2270
3743
4331
1291
2270
3235
4629
1882
2741
3851
4728
1215
2724
3760
4558
1429
3021
3846
4490
1178
3021
3876
4681
1535
2228
3511
4463
1217
2284
3363
4558
1753
2249
3282
4616
1191
2430
3366
4616
1403
2531
3595
4459
1217
2626
3996
4331
1535
2182
3243
4936
1947
2498
3942
4489
1565
2990
3854
4922
1947
2905
3951
4262
1798
2635
3739
4390
1947
2712
3982
4629
1947
2177
3231
4995
1800
2588
3502
4465
2032
2712
3903
4454
1824
2177
3252
4414
1610
2492
3825
4817
2032
2905
3851
4314
1925
2905
3136
4220
1558
2890
3969
4821
1564
2953
3390
4549
1886
2165
3477
4681
1709
2868
3514
4459
1993
3011
3985
4153
1403
2712
4048
4353
1270
2863
3990
4999
1800
2257
3751
4319
1883
2890
3174
4833
1583
2313
3857
4454
2005
2277
3909
4526
1583
2238
3231
4313
1211
3065
3847
4459
1029
3015
3915
4999
1765
2670
3382
4761
1705
2437
3662
4940
1427
2930
3231
4978
1784
3007
3930
4416
1263
2905
3325
5047
1059
2510
3684
4411
1418
2861
3181
4586
1812
2861
3252
4249
1993
2823
3652
4743
1664
3069
3696
5006
1635
2811
3737
4456
1161
2972
3255
4463
1565
2057
3996
4190
1896
2720
3996
5026
1925
2196
3887
4225
1564
2642
3603
4445
1564
2841
3604
4355
1564
2436
3450
4490
1354
2390
3539
4459
1666
2800
3100
5027
1606
2558
3414
5027
1670
2741
3235
4342
1416
2535
3309
5064
1798
2371
3309
4398
1798
3012
3282
4519
1798
2371
3413
4397
1798
2430
3555
4966
1798
2270
3235
4692
1798
2393
3603
4249
1798
2270
3621
4474
1798
2270
3938
4592
1798
2090
3603
4413
1759
2877
3996
4549
1759
2811
3100
4927
1759
2796
3740
5027
1759
2399
3409
5027
1703
2528
3903
4928
1759
2279
3929
4873
1703
2097
3859
4354
1287
2936
3787
4196
1968
2097
3728
5087
1287
2314
3904
4196
1925
2967
3526
4549
1287
2443
3964
4875
1813
2122
4038
4906
1535
2967
3244
4710
1812
2635
3966
5028
1584
2746
3734
4454
1297
2956
3807
4791
1812
2609
3104
4381
1915
2161
3414
5020
1841
2671
3174
4439
1778
2109
3925
4550
1877
2846
3506
4916
1778
2717
3675
4167
1691
2821
3998
4295
1272
2303
3757
4180
1445
2922
3171
4390
1778
2179
3922
4845
1860
2585
3422
4881
1996
3007
3293
4903
1427
2838
3703
4405
1502
2521
3164
5050
1502
2930
3074
4363
1502
2938
3074
5050
1502
2838
3976
4915
1502
2424
3889
4882
1849
2239
3530
4943
1849
2844
3235
4493
1250
2905
3464
4594
1250
2174
3493
4990
1754
2591
3281
4914
1297
2214
3508
4755
1034
2116
3681
4965
1920
2529
3244
4675
1560
2716
3225
4385
1935
2828
3244
4180
1920
2863
3382
4459
1560
2703
3665
4998
1367
2257
3772
4096
1392
2922
3728
5023
1057
2457
3281
4096
1800
2255
3728
4803
1830
2968
3878
4914
1392
2277
3652
4494
2032
2861
3189
4808
1764
2967
3996
4936
1915
2741
3478
4618
2032
2677
3100
4870
1391
2546
3100
4999
1287
2712
3442
4965
1263
3000
3208
5047
1886
2820
3990
4852
1886
2400
3365
4613
1925
2691
3719
4861
1179
2332
3274
5026
1800
2905
3949
4739
1755
3008
3231
4454
1436
2393
3492
4328
1806
2910
3175
5070
1737
2102
3452
4894
1263
2830
3348
4915
1217
2756
4089
4549
1217
2830
3913
4656
1217
2489
3073
4331
1750
2403
4051
4706
1750
2403
3416
5041
1993
2397
4051
4862
1918
2949
3752
4197
1029
2180
3876
4388
1558
2321
3100
4134
1798
2619
3491
4549
1798
2964
3472
4113
1057
2507
3864
4537
1057
2147
3619
5026
1057
2949
3573
4549
1057
2564
3673
4269
1057
2949
3409
5027
1057
2972
3903
4900
1057
2268
4074
4681
1057
2531
3903
4432
2010
2531
3742
4314
1830
2855
3663
4999
1878
2126
3202
4414
1509
2661
3137
4983
1996
2967
3450
4161
1112
2457
3385
4126
1743
2880
3990
4457
1791
2529
3400
5017
1709
3015
3728
4549
1709
2820
3363
4935
1813
2953
3517
4532
1391
2574
3447
4639
1709
2225
3814
5001
1722
2459
3503
5038
1287
2467
3430
4896
2028
2528
3503
4921
1635
2455
3930
4852
1998
2283
3293
4134
1669
2544
3523
4732
1998
2283
3736
5009
1998
2498
3341
4977
1947
2484
3595
4390
2017
2949
3999
4381
2017
2219
3999
4151
1703
3051
3602
4484
1664
2922
3903
4197
1535
3051
3496
4977
1732
3051
3682
5023
1509
2771
3101
4380
1396
2730
3331
4788
1655
2802
3331
4661
1427
2730
4090
4990
1867
2323
4094
4494
1250
2147
3839
4194
1664
2168
3293
4122
2028
2090
4090
4151
1743
2320
3740
4459
1588
2937
3231
4979
1993
2944
3373
4346
1161
2875
3526
4830
1565
2635
3950
4864
1161
2320
3463
4414
1231
2429
3662
4255
1993
2833
3497
4494
1279
3029
3111
4120
1057
2949
4087
4711
1558
3029
3503
5029
1279
2347
3274
4955
1558
2989
3645
5077
1161
2580
3816
4924
2001
2384
3542
4728
1331
2330
3964
4810
1652
2942
3111
5095
2003
2635
3959
4864
1813
2169
3558
4661
1661
2453
3427
4789
1479
2549
3424
4370
1534
2535
3549
4718
1107
2453
3670
4153
1765
2168
3471
4881
1534
2359
3358
4098
1369
2323
3846
5098
1909
2372
3241
4440
1638
2588
3171
4737
1369
2083
3799
4873
1427
2407
3978
4894
1919
2252
3809
4909
1369
2156
3809
4931
1820
2147
3223
4114
1211
2616
3368
4640
1784
2544
3200
4619
1670
2153
3687
4133
1304
2644
3832
4780
1669
2467
3867
4661
1369
2407
3413
5050
2011
2625
3586
4897
1785
2796
3665
4098
1534
2801
3998
5111
1735
3021
3297
4476
1381
2677
3773
4226
1915
2259
3606
4447
1455
2591
3881
4671
1839
2118
3320
4388
1211
2991
3998
4306
1610
2796
3883
4881
1737
2701
3117
4151
1785
2881
3775
4676
1661
3032
3171
4933
1567
2407
3307
4731
1785
2137
3883
4845
1915
2815
3243
4881
1297
2359
3929
4478
1427
2460
3728
4925
1877
2920
3274
4935
1369
2561
3883
4603
1427
2253
3856
4864
1877
2261
3861
4870
1369
2261
3393
4316
1264
2629
3094
4870
1785
2884
3964
4283
1057
2214
3282
4372
1186
2689
3595
4623
1427
2719
3202
4655
1998
2719
3741
4715
1369
2333
3307
4565
1525
2060
3256
4355
1453
2137
3432
4136
1264
2126
3751
4715
1820
2334
3094
4772
1785
2214
3280
4416
1057
2719
3352
4899
1369
2719
3660
5009
1427
2760
3307
4156
1998
2137
3257
4660
1369
2474
3382
4711
1263
2884
3889
5119
1785
2214
3098
4288
1353
2460
3266
4178
1250
2616
3879
4906
1838
2719
3751
4452
1610
2057
3307
4281
1567
2137
4070
4713
1291
2133
3382
4259
1057
2884
3743
4215
1369
2214
3733
4519
1186
2938
3242
4351
1998
2719
3876
4556
1705
2716
3496
4733
1817
2183
3382
4164
1785
2331
3730
4819
1057
2805
3485
4215
1250
2905
3639
4800
1765
2989
3464
4096
1211
2423
3470
4691
1533
2185
3536
4694
1427
2172
3710
4890
1211
2765
3959
4400
1234
2501
3740
4761
1314
2729
4016
4271
1785
2484
3999
4800
1661
2499
3095
4120
1567
2051
3440
4332
1785
2115
3291
4358
1689
2729
3202
4678
1029
2489
3815
4898
1785
2355
3790
4332
1057
2051
3533
4854
1369
2722
3709
4457
1637
2274
3576
4711
1998
2776
3079
4770
1696
2913
3799
4928
1960
2284
4055
5027
1785
2267
3634
4554
1703
2246
3573
4232
1918
2501
3115
4802
1427
2102
3291
4591
1535
2604
3785
4850
1800
2962
3095
4233
1504
2968
3879
4621
1765
2487
3505
4743
1410
2267
3567
4743
1993
2579
3231
4455
1838
2525
3764
4264
1410
3065
3758
4362
1029
2224
3313
4950
1215
2344
3876
4931
1998
2198
3825
4710
1369
2971
3088
4743
1936
2869
4048
4850
1998
2631
3959
4788
1564
2501
3473
4817
1945
2535
3473
5009
1764
2499
3887
4496
1998
2591
3729
4743
1759
2564
3473
4451
1291
2835
3473
5081
1920
2914
3959
4925
1714
2177
3443
5079
1209
2255
3804
5079
1945
2841
3413
4424
1867
2572
3473
4918
1161
2972
3903
4494
1535
2069
3825
4616
1567
2730
3458
4497
1597
2284
3315
4743
1427
2144
3331
4843
1519
2730
3264
4908
2015
2121
3880
5029
1886
2462
3094
4985
1797
2213
3682
4604
1029
2802
3590
4304
1977
2572
4055
4625
2006
2093
3893
4234
1798
2544
4013
4135
1798
2717
3557
4845
1161
3063
3940
4690
1896
2255
3868
4755
1896
2467
3526
4447
1558
2862
3439
4732
1597
2949
4005
4615
1896
2452
3542
4403
1057
2679
3551
4641
1798
2379
3503
4699
1694
2153
3464
4763
1324
2219
3413
4621
1217
2699
3325
4150
1694
2869
3526
4684
1521
2972
3504
4525
1418
2861
3259
4661
1832
2459
3459
4983
1263
3035
3981
4860
1574
2799
3856
4537
1839
2347
3489
4283
1217
2348
3330
4833
1669
2390
3697
4818
1427
2667
3781
4251
1785
2394
3311
4657
1877
2727
3372
4112
1391
2830
3687
4903
1709
2631
3333
4872
1661
2604
3200
4345
1369
2228
3687
4167
1369
2297
3536
4350
1784
2718
3210
4224
1217
2667
3649
4433
1839
2321
3912
4657
1920
2445
3456
5104
1785
2346
3372
5045
1391
2899
4020
4731
1391
2582
3367
4711
1159
2492
3477
4704
1262
2277
3468
4566
1029
2919
3631
4834
1369
2574
3395
5038
1215
2321
3390
4241
1217
2535
3469
4816
1037
2374
4052
4103
1056
2642
3429
4509
1667
2436
3742
4812
1785
2094
3834
4965
1855
2707
3159
4263
1661
2846
3837
4400
1746
2697
3493
4787
1747
2691
3224
4652
1469
2821
3621
4873
2031
2631
3377
4973
1445
2186
3699
4136
1565
2466
4091
4687
1427
2899
3511
5105
1838
2993
3469
4612
1211
2815
3877
4325
1838
2531
3937
4678
1915
2351
3937
4855
1436
2857
3557
4666
1369
2997
3138
4914
1369
2762
3457
4415
1832
2993
3157
4820
1217
2811
3912
4948
1669
2869
4089
4834
1427
2307
3631
4949
1785
2536
3464
4254
1838
2351
3734
4494
1211
2565
3468
4737
1534
2741
3849
4735
2045
2097
3289
4605
1824
2174
3442
5003
1297
2153
3702
4266
1782
2953
3801
4878
1307
2949
3576
4584
1565
2631
3485
4839
1427
2655
3947
4397
1785
2993
3183
4761
1785
2276
3377
4948
1513
2148
3085
5011
1638
2344
3229
4217
1410
2467
4041
4122
1661
2897
3157
4418
1369
2277
4090
4610
1369
2968
3517
4932
1217
2351
3768
4437
1860
2933
4094
4661
1427
2707
3464
4812
1427
2727
3185
4905
1785
3023
3869
4269
1391
2351
3209
4755
1391
2769
3205
4752
1915
2351
3231
4165
1661
2290
3465
4468
1400
2116
3930
4710
1739
2548
3930
5044
1782
2911
3668
4738
2031
2884
3894
4178
1860
2081
3087
4957
1427
3032
3208
4739
1222
2999
3521
4751
1391
2549
3281
4380
1136
2097
3264
4153
1747
2063
3734
4468
1705
2784
3912
4605
1525
2360
3202
5103
1416
2360
3889
4227
1240
2348
3094
4928
1918
2993
3164
4509
1588
2574
3229
4605
1136
2510
3401
4128
1839
2484
3515
4127
1291
2883
3248
4358
1513
3044
4030
4724
1886
2097
3376
4773
1973
2352
3419
4332
1369
2079
3296
4561
1057
2479
3446
4866
1635
2079
3698
4939
1174
2249
3608
4376
1655
2144
3780
4164
1920
2632
3413
4864
2042
2552
3976
4629
1427
2225
3910
4836
2042
2781
3149
4629
1998
2925
3766
4458
2010
2906
3177
4185
1410
2320
3542
4549
1661
2262
3500
4478
1867
2425
3680
5095
