168
672
672
773
900
431
251
1019
148
323
431
900
900
251
717
501
792
501
376
223
678
282
838
170
662
828
251
493
184
761
641
730
227
111
622
571
179
662
251
493
547
184
921
376
278
368
417
46
592
9
246
210
339
350
5
976
171
439
114
758
240
1015
398
889
493
895
406
757
696
38
915
678
467
138
614
662
828
210
106
184
14
730
645
645
912
964
354
1001
1001
354
354
1001
354
556
904
100
384
305
721
241
571
241
339
241
506
346
561
158
777
777
323
241
785
625
648
241
506
652
693
64
421
1000
282
305
779
964
828
354
106
354
1001
556
645
227
111
426
192
269
339
251
538
652
955
425
376
278
417
931
350
641
674
339
350
971
350
319
645
167
288
583
305
842
241
823
160
889
574
506
182
992
108
227
369
138
305
779
336
788
369
350
900
900
730
813
777
305
955
827
788
111
493
241
191
336
629
186
484
721
191
434
668
191
254
241
191
72
629
369
138
1009
779
788
788
369
680
435
319
203
147
439
462
1009
779
788
848
120
254
191
336
629
926
1018
1009
779
191
828
191
991
191
27
281
629
103
138
80
779
625
788
986
571
160
254
160
72
111
369
80
661
788
111
680
974
160
27
203
147
17
445
445
312
152
140
681
206
117
206
681
21
869
681
482
206
206
206
681
681
599
681
597
681
639
100
384
492
721
179
425
120
106
620
106
148
106
641
777
777
114
1021
597
264
788
788
917
681
319
438
223
156
439
467
779
779
425
828
493
1021
315
713
72
111
426
425
425
229
555
251
493
620
857
413
958
278
368
434
46
425
620
206
702
620
319
844
203
130
812
583
240
4
33
828
256
535
413
315
696
151
444
467
583
516
779
1007
828
242
631
148
319
324
730
886
148
323
317
817
251
256
535
413
511
713
778
969
85
721
26
571
674
339
377
339
148
246
829
869
777
153
717
148
771
817
537
493
36
511
713
810
421
439
583
516
779
667
647
817
218
307
761
982
705
384
975
445
229
1007
251
493
992
823
862
376
278
368
368
445
46
298
9
339
148
900
501
163
64
167
948
114
758
240
1015
251
899
955
413
757
376
639
915
678
756
170
899
398
434
889
250
350
406
786
301
645
777
964
1001
354
693
354
1001
354
511
713
556
778
306
305
721
305
106
241
668
236
1878
2108
3184
4743
1878
2778
3142
4743
2014
2077
3450
4552
1535
2640
3195
4519
1535
2174
3195
4215
1828
2978
3444
4179
1396
2850
4022
4743
1535
2497
3195
4202
1396
2844
3231
4893
1975
2844
3539
4180
1535
2277
3138
4514
1424
2971
3801
4149
1424
2684
4085
5087
1396
2498
3623
4385
1396
2923
3338
4202
1828
2225
3231
4573
1396
2905
3195
4202
1396
3047
3819
5020
1396
2649
3839
4411
1396
2850
3231
4829
1485
2627
3229
4494
1862
2850
3796
4498
1812
2923
3699
4235
1669
2850
3819
4397
1597
2225
3530
4826
1455
2940
3555
4325
1626
2453
3403
4660
1455
2859
3608
4823
1396
2225
3449
5041
1088
2513
3116
4319
1038
2150
3555
4761
1610
2923
3647
4277
1250
2923
3564
4942
1250
2923
3166
4120
1535
2355
3281
5049
1455
2989
3555
4264
1597
2989
3504
4660
1597
2923
3247
4136
1626
2923
3752
4605
1485
2923
3839
4636
1485
2174
4024
4899
1485
2923
3449
4636
1931
3050
3231
4121
1216
2850
3231
4786
1626
2850
3231
4899
1940
2225
3925
4773
1396
2850
3810
4817
1732
2923
3660
4603
1066
2315
3231
4126
1802
2380
3366
4481
1597
3028
4077
4845
1535
2877
3829
4133
1485
2877
3608
4861
1396
2521
4013
5079
1485
2727
3833
4939
1455
3007
3644
4829
1396
3034
3148
4098
1535
2735
3952
4278
1485
2877
3625
4648
1583
2850
3783
4514
1626
2905
3352
4814
1867
2881
3403
4634
1635
2820
3504
4702
1216
2905
3839
4958
2028
3071
4077
4335
1216
2850
3270
4460
1818
2905
3798
4414
1535
2831
4024
4200
1878
2923
3860
4506
1343
3021
3195
4317
1535
2052
3231
4831
2009
2861
4091
4235
1218
2923
3135
4235
1535
3052
3619
4839
1755
3052
3238
5037
1535
3052
3944
5028
1485
2371
3231
4175
1385
2923
3804
5110
1583
2861
3783
4855
1485
2564
3231
4266
1867
2923
3952
4589
1635
2923
3202
5056
1846
2923
3943
4796
1867
2923
3839
4739
1912
2147
3281
4885
1813
2794
3555
4175
1537
2764
4003
4512
1812
2557
3182
4893
1975
2964
3297
4792
1396
2863
3206
4672
1396
2730
3231
4284
1396
2525
3231
4457
1396
2990
4077
4098
1396
2937
3745
4845
1396
2649
3285
4834
1359
2923
3101
5005
1359
2923
3171
4271
1535
2730
3376
4850
1824
2352
4093
4120
1947
2470
3075
5095
1216
2787
3839
4145
1940
2884
3297
4332
1396
2796
3829
4106
1626
2877
3175
4637
1535
3056
3771
4850
1878
2923
3884
4975
1483
2344
3444
4253
1270
2208
3978
4321
1560
2097
3796
4332
1270
2531
3231
4419
1896
2596
3288
4700
1813
2811
3581
4494
1516
2923
3839
4949
1396
2825
3231
5011
1597
2937
4056
4567
1651
2923
3896
4731
1564
2905
3338
5054
1830
2048
3231
4232
2032
2881
3307
4806
1635
2470
3925
4332
1452
2091
3382
5031
1651
2608
3796
4635
1651
2214
3796
4203
1830
2923
4067
4139
1862
2923
3604
4701
1626
2923
3989
4520
1535
2452
3585
4098
1535
2109
3613
4166
2012
2884
3675
4846
1218
2978
3843
4194
1535
2352
3271
4522
2012
2257
3200
4662
1535
3036
3662
5108
2012
2077
3308
4748
2012
2884
3554
4897
1218
2320
3458
4691
1789
3021
4067
4416
1218
2978
3623
4881
2012
3050
3410
4980
1218
2091
4088
5108
1385
2208
3269
4109
1806
2957
3177
4965
1254
2292
3575
5064
1066
2950
3985
4691
1219
2128
3851
5103
1075
2861
3622
4673
1975
2923
3269
4194
1271
3059
3608
4980
1854
2832
3246
4144
1763
3011
3930
4133
1075
3023
3930
4846
1617
2861
3797
4779
1075
2479
3930
4124
1089
2950
3930
4598
1617
2730
3252
5103
1763
2861
3516
4133
1854
2565
3851
4633
1763
2123
3320
4491
1854
2684
3320
4345
1396
2049
3833
4512
1975
2089
3188
4312
1975
2847
3597
4194
1854
2684
4078
4395
1351
2114
3930
4276
1617
2061
3719
4194
1411
2730
3930
4334
1617
2257
3354
5107
1763
2874
3246
4196
1396
2089
3153
4788
1617
2716
3484
5024
1718
2730
3514
4726
1443
2139
3471
4519
1156
2923
3833
4459
1763
2684
4085
4415
1854
2123
3246
4415
1763
2940
3736
4198
1854
2968
3246
4415
1626
2253
3738
4650
1083
2633
3393
4563
2045
2214
3778
4742
1878
3039
3798
4259
1668
2554
3854
4149
1735
2096
3796
4306
1028
2257
3346
4707
1535
2510
3087
4615
1485
2923
3165
4460
1359
2130
3231
5025
1535
2535
3176
4844
2012
2289
3307
4235
2012
2567
3410
4748
1359
2208
3433
4722
1109
2214
3410
4494
1830
2470
3811
5025
2012
2567
3288
4414
2012
2128
3504
4324
2012
2257
3965
4779
1535
2884
3458
4552
1535
2418
3459
4184
1980
2214
3232
4371
1980
2565
3231
4846
1726
2061
3878
4176
1662
2529
3177
4389
1812
2122
3796
4566
1646
2076
3796
4691
1612
2121
3796
4367
1612
2697
3986
5025
1980
2940
3771
4194
1178
2257
3998
5106
1535
2851
3585
4865
1246
2940
3736
4324
1812
2128
3557
4324
1980
2214
3819
4796
1396
2791
3591
4861
1396
2791
3916
4676
1396
2253
3382
4258
1718
3071
3819
4216
1718
2608
3274
5049
1686
2608
3848
5025
1088
2923
3558
4098
1535
2547
3307
4734
1878
3023
3231
4707
1535
3052
3331
4707
1535
2923
3433
4133
1270
2253
3231
4792
1939
2820
3743
4414
1535
3052
3929
4218
1535
2719
3195
5007
1812
2923
3138
4332
1535
2289
3307
5018
1535
2884
3195
4740
1535
2851
3195
4845
1535
2316
3200
4877
1535
2884
3195
4127
1186
2077
3600
4184
1341
2693
3989
4418
1940
2851
3757
4748
1935
3035
3789
4213
1943
2458
3793
4306
1763
3066
3757
4445
1505
2684
3529
4211
1763
2292
3796
4980
1854
2730
3620
4788
1257
2139
3370
4106
1471
2257
3499
4376
1396
2079
3796
4309
1156
2847
3473
4686
1254
2414
3434
4262
1270
2137
3449
4788
1778
2196
3771
4495
1459
2185
3281
4180
1257
2063
3961
5049
1400
2208
3338
4138
1400
2821
3960
5007
1778
2548
3961
4233
1461
2073
3707
4725
1142
2289
3251
4179
1582
2061
3190
4213
1422
2960
3578
4126
1270
2962
3620
4565
1975
2967
3484
4686
1617
2730
3801
4755
1246
2344
3422
4573
1396
2331
3492
4620
1812
2114
3246
4312
1626
2170
3111
5107
1906
2326
3898
4856
1604
2118
3455
4519
1830
2231
3446
4266
1535
3008
3988
4519
1910
2307
3415
4475
1830
2762
3816
4814
1626
2170
3694
5108
1626
2923
3383
5056
1707
2225
3375
4454
1867
2170
3802
4494
2018
2693
3496
5090
1264
2978
3575
5056
1894
3000
3176
5020
1763
2292
3246
4409
1264
2132
3246
4698
1396
2096
3934
4180
1170
2584
3251
4761
1411
2978
3393
4633
1894
2457
3797
4779
1186
2514
3087
4633
1617
2730
3307
4639
1285
2940
3455
4779
1894
2128
3788
4116
1763
2260
3819
4868
1854
2096
3195
4627
1975
2479
3466
4180
1726
2328
3197
5107
1786
2725
3475
4638
1878
2123
3246
5066
1683
2114
3208
4114
1271
2208
3676
4264
1089
3059
3195
4126
1894
2940
3153
4380
1763
3052
3246
4551
1894
2278
3246
4409
1763
2923
3587
4806
1505
2940
3195
4180
1763
2923
3771
4409
1854
2923
3716
4551
1617
2923
3509
4627
1365
3041
3195
4728
1854
2494
3444
5016
1763
2123
3620
4238
1089
2511
3625
4656
1120
2197
3096
4746
1505
2516
3328
4639
1572
2940
3133
5007
1505
2956
3694
4806
1763
2249
3212
4511
1854
2077
3153
4306
1763
2077
4049
4787
1854
2123
3246
4766
1246
2225
3087
4875
1729
2128
3310
4761
1443
2214
4064
4741
1812
2128
3206
5034
1365
2903
3133
4337
1975
3000
3929
4748
1812
2292
3188
4463
1396
2800
3819
4551
1617
2971
3373
4620
1975
2161
3499
4178
1469
2332
3620
4194
1878
2114
3791
4098
1739
2851
3195
4884
1246
2717
3805
4965
1617
2716
3960
4565
1246
2923
3529
4164
1617
2923
3153
5076
1814
2076
3195
4293
1854
2182
3246
4681
1975
2479
3236
4564
1854
2923
3529
4632
1814
2479
3833
4965
1975
2923
3142
4663
1975
2479
4043
4869
1894
2316
3961
4551
1763
2077
3763
4551
1066
2286
3225
4471
1219
2114
3780
4482
1271
2128
3306
4806
1170
3026
3319
4126
1854
2459
3153
4806
1763
2292
3977
5023
1505
3069
3473
5001
1763
2292
3608
4399
1854
2132
3370
4264
1572
2940
3756
5038
1411
2529
3153
4264
1572
2940
3513
4816
1089
2233
3608
4323
1617
2923
4038
4766
1411
2957
3075
4980
1894
2939
3796
4526
1411
2957
3444
4408
1894
2957
3398
4116
1593
2061
3587
4690
1509
2286
3780
4509
1170
2520
3796
4274
1774
2962
3153
4409
1878
3059
3444
4192
1854
2923
3364
5103
1170
2208
3833
5103
1854
2962
3195
4473
1683
2479
3246
4660
1274
2278
3879
4453
1729
2950
3246
5019
1854
2347
3246
5103
1975
2479
3797
4736
1854
2978
3444
4846
1254
2950
3246
4736
1854
2693
3186
4264
1617
2923
3516
4736
1975
2089
3985
4736
1396
2716
3231
4846
1075
2131
3236
4585
1737
2118
3489
4125
1075
2196
3096
4804
1365
2292
3497
4877
1075
2730
3343
4855
1617
2139
3516
4665
1396
2730
3287
4217
1075
2730
3569
4878
1693
2915
3957
4255
1683
2483
3981
5064
1975
2738
4060
4948
1075
2589
3746
4787
1975
2950
4082
4481
1535
2161
3998
4124
1075
2368
3215
4676
1075
2257
3466
5019
1452
2123
3200
4855
1396
2806
3966
4516
1026
2516
3636
4813
1405
3021
3676
4709
1174
2716
3796
4415
1608
2589
3918
4709
1535
2289
3344
4254
1975
2234
3556
4768
1975
2234
3724
4845
2047
2764
3840
4180
1485
2789
3868
4120
1359
2451
3796
4855
1535
2600
3406
5042
1535
2462
3726
4552
2047
2214
3504
4175
2044
2600
3166
4868
2047
2451
3244
4845
1535
2789
3924
5045
1789
2333
3329
4429
2044
2567
3365
4532
1789
2333
3662
4663
1535
2826
3100
4113
1674
2333
3929
4786
1535
3038
3464
4969
1964
3008
3662
4143
1535
2462
4000
4549
1351
2860
3447
4180
1535
2826
3950
4942
1830
2226
3450
4189
1606
2693
3486
4184
1940
2333
3623
4444
1606
3071
3307
4457
2047
2494
3182
4414
1830
2462
3984
4211
1964
3014
3979
5024
1674
2650
3336
4348
1940
2971
3938
4500
1674
2225
3940
4558
2047
3000
3428
4937
1674
2978
3790
4912
1809
2971
3231
5086
1319
2283
3410
4108
1133
2259
3502
4748
1535
2627
4005
5017
1975
2383
3388
4639
1535
3052
4093
4150
1365
2156
3890
4215
1985
2905
3200
4457
1864
2983
3231
4366
1351
2214
3171
4180
1535
2048
3195
4755
1351
2168
3247
4180
1718
2249
3738
4877
1718
2940
3917
4957
1718
2577
3771
4098
1985
2323
3307
4965
1412
2608
3819
5108
1626
2599
3389
4567
1626
2693
3681
4369
1535
2323
3244
4823
1718
2565
4019
5107
1412
2420
3839
4178
1985
2061
3554
4950
1975
2701
4079
4194
1674
2623
3447
4845
1351
2906
3637
4639
1674
3028
3740
4881
1718
2913
3608
5058
1674
2608
3276
4551
1985
2815
4056
4183
1455
2753
3994
4696
1604
2789
4077
4653
1830
2684
3389
4999
1535
2786
3833
4719
1674
2213
3632
4878
1396
2482
3888
4512
1606
2470
3176
4881
1940
2333
3257
4720
1087
2462
4088
4098
1878
2226
3377
4933
1668
2275
3215
4852
2047
2105
3698
4287
1250
2383
3231
4970
1535
2183
3623
4510
1396
2985
3757
4875
1674
2684
3406
5050
1270
2789
3539
4414
1674
2289
3924
4679
1626
2971
4083
4145
1674
3000
3238
4474
1535
2501
3778
4498
1535
2462
4047
4855
1351
2511
3762
5064
1396
2701
3547
4337
1626
2226
4046
4788
1814
2618
4024
4188
1792
2343
3348
4587
1238
2574
3248
4967
1604
2323
3739
4106
1535
2837
3832
4776
1985
2344
3315
4567
1985
3071
3685
4591
1985
2850
4032
4354
1351
3044
3504
4653
1270
2048
3596
4933
1812
2253
3704
4370
1626
2253
3987
4510
1830
2208
3740
4809
1814
2608
3231
4354
1396
2876
3509
4877
1396
2283
3195
4549
1083
2905
3511
4324
1626
2128
3231
4334
1930
2646
3511
5105
1666
2289
3928
4881
1814
2333
3672
4411
1088
2906
3410
5024
1878
2260
3246
4127
1535
2618
3195
4229
1165
2923
3410
4331
2044
2923
3248
4126
1674
2923
4007
4510
1535
2947
3195
4439
1674
2912
3246
4194
1535
2947
3076
4184
1385
2462
3195
4603
1351
2923
3974
4829
1081
3071
3195
4305
1940
2923
3641
4099
1606
2833
3933
4259
1535
2226
3293
4364
1270
2462
3246
4593
1535
2724
3195
4615
1688
2923
3512
4754
1535
2191
3195
4313
1270
2971
3470
4259
1081
2660
3231
4525
1412
2923
3828
5112
1412
2213
3231
4347
1936
2697
3231
4603
1718
2751
3663
4910
1718
2833
3517
5064
1412
2789
3235
4848
1940
2462
3675
5088
1940
2925
3119
4606
1940
2646
3119
4715
1940
2923
3184
4914
1963
2331
4019
4943
1083
2798
4077
4971
1455
2741
3974
4396
1874
2253
3119
4126
1083
2390
3234
5056
1535
2965
3644
4690
1645
2527
3110
4180
1535
2691
3195
4461
1739
2164
3232
5024
1812
2939
4056
4444
1812
2133
4005
4180
1535
2820
4093
4552
1270
2618
3733
4546
1412
2812
3962
4800
1455
2577
3921
4320
1455
2190
3458
4420
1455
2848
4041
4419
1964
2655
4083
4937
1270
2820
3231
4507
1936
3071
3684
4337
1626
2818
3962
4119
1812
2270
3465
4651
1666
2421
3925
4136
1930
2905
3824
4802
1455
2618
3933
4660
1830
2394
3879
4258
1940
2270
3231
4709
1940
2166
3450
4149
1583
2800
3783
4768
1940
2225
3687
4899
1455
2544
3555
5027
1626
2081
4007
4817
2032
2065
3707
4364
2032
2820
3107
4339
1535
2166
3195
4660
1982
2923
3802
4097
1982
2770
3231
4202
1081
2741
3610
4385
1814
3000
3109
4256
1626
2421
3465
5090
1798
2434
3843
4676
1396
2445
3620
4161
1412
2190
3159
4983
1783
2995
3739
4935
1786
2424
4050
4987
1986
3021
3388
4410
1878
2963
3710
4660
1878
2226
3231
4451
1936
2905
3477
4875
2018
2544
3547
4180
2018
2208
3202
4351
1830
2818
3231
4315
1081
2923
3596
4340
2009
2820
3796
4552
2009
2421
3246
4235
1695
2923
3921
4411
1940
3071
3231
4161
1939
2253
3231
4854
1940
2225
3625
4443
1732
2923
3504
4573
1732
3008
3246
4302
1597
2552
3246
4120
1830
2818
3363
4943
1535
3029
3256
4519
1814
2670
3384
5072
1535
2670
3870
4549
1535
2133
3270
4401
2018
2429
3210
4284
1982
2833
3231
4893
1982
2134
3231
4700
1982
2699
4077
4145
1081
2225
3987
4175
1666
2421
3719
4325
1930
2330
3514
4864
1940
2284
4077
4853
1424
2800
3819
4829
1830
2964
3496
4414
1526
3065
3235
4384
1747
2940
3902
4748
1412
2877
3276
5018
1982
2344
3276
4364
1466
2717
3470
4370
1535
2463
3707
4746
1560
2177
3662
4153
1359
2923
3957
4878
1535
2731
3076
4727
1455
2923
3841
4791
1365
3034
3264
4514
1695
2596
3960
4471
1830
2326
3195
4149
1830
2990
3246
4221
1940
2751
3075
4761
1814
2544
4008
4180
1583
3008
3962
4205
1812
2344
3231
4256
1083
2923
3536
4374
1396
2818
3498
4299
1083
2649
3940
4484
1982
3050
3933
4853
1290
2823
3323
4519
1645
2601
3581
4230
1535
2284
3114
4942
1753
2992
3246
5082
1537
2208
3450
4473
1535
3033
3358
4770
1982
2833
3862
4414
1982
2946
3685
4859
1412
2133
3449
4180
1412
2820
4016
4776
1830
3000
4059
4965
1165
2705
3558
4724
1940
3054
3758
4965
1424
2190
3515
4928
1936
2081
3796
4332
1936
2861
3264
4766
1396
2618
3473
4177
1982
2990
3247
4742
1535
2651
3739
4275
1695
2259
3231
4126
1535
3011
3110
5026
1535
2060
3383
4690
1535
2477
3195
4715
1535
2627
3195
5029
1695
2923
3952
4676
1535
3052
3375
4461
2009
2596
4090
4455
1535
3052
3323
4350
1800
2257
3195
4364
1800
2596
3465
5091
1535
3046
3801
4919
1535
2153
3195
4443
1789
2923
3398
4949
1846
2225
3555
4414
1846
2945
3231
4605
1732
2923
3644
4414
1485
2923
3092
4892
1789
2697
3579
4965
1582
2126
3475
4761
1390
2531
3930
4792
1211
2689
3444
4554
1814
2750
3796
4731
1396
3012
4082
4567
1975
2741
3484
5003
1396
2830
3082
4846
1396
2219
3246
4980
1412
2085
3206
4884
1385
2077
3455
4214
1396
2923
3320
4249
1409
2547
3319
4893
1396
2498
3333
4896
1424
2815
3504
5043
1083
2552
3231
4846
1636
2529
3365
4948
1564
3041
3310
4731
1535
2489
3259
4823
1535
2504
3231
4845
1814
2968
3444
4845
1645
2888
3232
4895
1161
2259
3297
4937
1250
2791
3243
4429
1564
2567
4077
4249
2024
2940
3088
4686
1939
2600
3348
4896
1455
2064
3715
4567
1564
2399
3775
4436
1825
3035
3867
5028
1455
2123
3930
4678
1732
2128
3662
4399
1564
2225
3191
4203
1666
2567
3177
4444
1940
2128
3097
5020
1930
2292
3976
4843
1455
2565
3437
4567
1535
2064
3259
4203
1564
3012
3450
4845
1612
2771
3931
4846
1806
2581
3398
4971
1626
2850
3618
4409
2018
2514
3348
4418
1178
2514
3274
4194
1218
2905
3797
4119
2012
2344
3763
4845
1695
2958
3963
4881
1695
2208
3600
4235
1732
2978
3243
4194
1878
3039
3613
4098
1939
2978
3797
5026
1535
3000
3797
4276
1695
3021
3605
4651
1931
2978
3603
4776
1537
3021
3726
4874
1878
2230
3603
4681
1535
2670
3526
4849
2018
2424
3783
5049
1325
2561
3136
4471
1786
2096
3197
4114
1285
2565
3232
5005
1271
3053
3246
4345
1360
2738
3796
5019
1271
2923
3773
4516
1763
2077
3354
4437
1854
2600
3256
4264
1170
2257
3256
4686
1271
2950
3930
4370
1360
2161
3399
4971
1075
2851
3930
4516
1505
2514
3771
4264
1763
2973
3246
4582
