920
976
167
186
101
725
312
152
140
210
799
163
362
58
58
915
670
856
461
552
157
958
855
790
970
721
697
179
234
702
377
377
47
194
810
670
123
365
860
257
157
324
886
945
952
565
576
576
314
991
702
647
54
976
670
856
131
762
860
817
696
855
867
867
721
26
233
102
743
333
743
54
137
194
368
609
20
860
860
173
203
147
186
186
293
931
298
702
210
951
184
761
286
194
915
670
123
860
257
696
778
790
867
371
80
571
179
743
102
339
364
761
450
984
788
717
547
576
49
976
167
17
484
11
240
1015
135
251
743
102
250
921
106
324
162
10
457
552
759
722
167
867
492
492
571
1015
495
558
743
102
743
863
21
324
801
10
457
552
759
438
167
186
186
293
312
234
246
210
991
184
761
286
722
670
126
20
365
785
696
16
790
867
912
492
697
704
743
210
743
971
921
585
130
329
126
240
1015
135
324
324
945
952
293
931
43
246
434
251
184
761
647
194
585
619
126
90
859
157
778
790
867
579
492
233
234
743
102
743
853
54
208
1019
613
801
126
762
641
844
167
288
186
293
931
43
495
51
51
956
435
761
976
585
288
329
20
762
303
438
855
790
867
721
26
229
102
743
102
246
434
5
730
585
123
831
317
785
5
722
156
17
831
240
152
140
558
828
210
140
43
636
260
21
447
636
43
381
203
311
790
975
492
365
135
152
828
210
246
447
636
829
260
648
536
317
895
106
274
167
186
186
445
312
152
339
210
702
377
62
413
730
108
670
123
831
859
157
64
100
867
975
492
721
179
229
102
102
631
413
203
171
288
329
126
785
859
921
324
945
94
931
565
576
210
246
210
62
921
976
171
123
831
831
434
298
696
100
790
970
492
365
229
863
106
631
102
743
36
370
1019
916
831
525
895
49
167
147
186
417
931
312
152
828
210
991
345
49
543
810
670
856
831
525
157
786
570
855
492
492
950
233
102
339
210
377
47
47
585
130
329
581
681
535
203
171
588
329
758
309
309
140
152
140
117
206
117
881
260
799
447
971
971
976
311
790
867
721
492
1015
495
495
102
246
863
636
599
829
730
777
115
576
49
203
147
186
484
293
576
234
246
210
951
314
346
848
203
670
588
126
365
552
35
705
867
248
867
492
365
229
681
236
1191
3021
3815
4562
1950
3015
3553
4563
1896
3021
3095
5034
1883
2512
3208
4137
1841
2354
3208
4943
1424
2962
3545
4300
1517
3021
3426
4681
1666
2693
3115
5006
1783
2257
3509
4342
1783
2932
3401
4304
1783
2356
3104
4135
1555
2460
4073
4568
1564
2630
3243
4822
1191
2283
4090
5009
1984
2863
3872
4598
1666
2283
3592
4681
2008
3062
3763
5028
1666
3070
3399
5077
1812
2691
3985
4161
2032
3011
3199
4731
1814
2802
3737
4432
1592
2793
3195
4598
1828
2766
3833
4239
1683
2208
3393
4253
2031
2273
3581
4400
1396
2061
3243
4918
1270
2600
3439
4346
1812
2899
3182
5042
1424
2123
3512
4181
1480
2751
3598
4187
1480
2528
3685
4398
1424
2756
3109
4295
1985
3069
3743
4806
1509
2130
3743
4936
1506
2707
3225
4897
1984
2277
3374
4126
1443
2830
3796
4404
1862
2687
3796
4222
1666
3011
3716
4733
1683
2320
3687
4137
1985
2494
3231
4140
1984
2922
3372
4640
1479
2085
3200
4675
1825
2253
3101
4102
1597
2811
4051
4897
1985
2208
3639
4127
1480
2991
3599
4373
1409
2833
3456
4978
2032
2849
4094
4720
1828
2089
3536
4661
1503
2498
3367
4692
1230
2916
3890
4133
1855
2337
3738
5119
1081
2875
3681
4168
1555
2529
3931
4763
1455
2284
3429
4424
1455
2094
3694
4352
1082
2154
3687
4703
1950
2133
3372
4253
1584
2082
4038
5106
1610
2253
3340
4700
2042
2802
3430
4264
1348
3028
3098
4500
1846
2406
3223
4264
1535
2655
3817
4634
1906
2257
3622
4120
1985
2905
3136
4100
1583
2280
3677
4422
1191
2857
3611
4363
1610
2509
4000
4634
1982
2815
3642
4236
1626
2990
3929
4269
1936
2964
3724
5056
1940
2937
3245
4171
1867
2756
3081
4287
1867
2401
3520
4500
1666
2837
3365
4752
1583
2337
3315
4500
1585
3070
3783
4752
1824
2868
3828
4722
1947
2343
3324
4226
1596
2967
3225
4291
1935
2459
3380
4232
1985
3062
3166
4355
1849
2591
3783
4640
1666
2613
3231
4972
1874
2343
3388
4264
1950
3066
3580
4372
1636
2133
3081
4194
1148
2434
3763
5105
1452
2997
3816
4113
1346
2825
3432
4852
1627
2107
3177
4313
1655
2459
3348
4607
1612
2769
3974
4282
1584
2978
4090
4805
1500
2402
3577
5039
1406
2717
3608
5103
1424
2492
3368
4424
1455
2687
3304
4124
1346
3011
3879
4598
1824
2510
3073
4454
1874
2627
3368
4269
1937
2962
3292
4704
1479
2169
3760
4476
1606
2663
3682
4422
1186
2354
3669
4500
1406
2208
3367
5005
1406
2674
3235
4500
1984
2253
3738
4943
1230
3038
3256
4943
1470
2802
3517
4507
1165
2857
3780
4299
1683
2707
3685
4126
1406
2180
3816
4324
1597
2354
3685
4194
1814
2300
3685
4862
1455
3010
3270
4715
1681
3000
3622
4648
1950
2320
3509
4884
1431
2877
3509
5097
1937
2636
3556
4613
1314
2511
3205
4133
1982
2964
4077
4264
1830
2512
3081
4454
1984
2849
3419
4363
1920
2849
3595
4921
1564
2726
3311
4788
1270
2629
3597
4752
1250
2802
3671
4137
1824
2616
3977
4795
1635
2869
3685
4414
2032
2467
4077
4269
1828
2208
3641
4551
1519
2645
3982
4316
1519
2645
3982
4234
1516
2730
4004
4656
1409
2627
3439
4133
1666
2727
3325
4369
1896
2965
3950
4752
1940
2939
3580
4469
1824
2050
3115
4339
1107
2630
3856
4166
1424
2128
3414
4809
1664
2600
3961
4496
1828
2525
3929
4733
1629
2600
3348
4972
2008
2952
3740
4678
1950
2887
3393
4639
1812
2390
3380
4851
1839
2105
3243
4518
1814
2644
4038
4855
1875
3016
3796
5032
1864
2833
3620
4316
1683
2253
3234
4347
1385
2991
3796
4884
1346
2161
3474
4264
1617
2751
3813
4713
1455
2161
3531
4468
1830
2851
3797
4597
2042
2574
3587
4530
1982
2128
3773
4198
1424
2944
3409
4334
1669
2997
3793
4836
1307
2802
3854
4237
1341
2887
3839
4600
1985
2938
3947
4426
1828
2600
3580
4914
1828
2162
3929
4696
1583
2111
3947
4881
1409
2905
3327
5094
1984
2631
3236
5022
1034
2770
3371
4758
1597
2721
4077
5063
1557
2467
3098
4788
1812
2224
3740
4530
1828
2741
3111
4171
1216
2249
3585
4428
1669
2741
3623
4526
1555
2699
3738
4854
1896
2105
3613
5011
1381
2720
3818
4509
1230
2762
3816
4342
1684
2632
3883
4452
1695
2497
3662
4792
1828
2692
3248
4893
1443
2868
3889
4897
2024
2787
3437
4943
1387
2320
3280
4156
2045
2978
3722
4232
1950
2647
3654
4495
2027
2208
3846
4230
1730
2661
4013
5018
1824
2430
3276
4098
1424
2429
3828
4444
1346
2615
3659
4494
1973
2850
3095
4893
1874
2253
3236
4957
1950
2501
3740
4819
1950
2712
3694
5037
2042
2937
3694
4881
1947
2266
3833
4203
1348
2290
3340
4127
1348
2538
3663
4477
1703
2178
3248
4838
2008
2862
3998
4128
1620
2944
3675
4821
1609
2208
3425
5009
1057
2253
4024
4619
1837
2769
3186
4408
1562
2249
3753
5001
1678
2247
3521
4103
1679
2624
3618
4118
1975
3061
3675
4665
1814
2574
3988
4855
1683
2825
3247
4932
1984
2646
3506
4814
1984
2390
4084
4838
1525
2915
3689
4156
1455
2837
3375
4631
1681
2234
3373
4266
1424
2386
3389
4839
1862
3029
3669
4139
1828
2705
3649
4931
1555
2945
4041
4132
1270
2333
3234
4171
1936
2277
4090
5005
2042
2920
3179
4916
1081
2298
4095
4953
1584
3000
3900
4106
1718
2680
3925
4349
1880
2122
3694
4233
1950
2467
3078
5039
1985
3046
3672
4994
1828
2266
3947
4407
1409
2048
3198
4594
1984
2272
3401
4171
1920
2298
3459
4098
2008
2937
3309
4442
1519
2978
3843
4194
1824
2992
3622
4623
1255
2255
3499
4885
1800
2712
3377
4134
1846
2978
3540
4903
1813
2623
3232
4284
1940
2360
3126
4678
1789
2860
3366
5097
1431
2290
3509
4314
1950
2320
4022
4189
1564
2156
3447
4714
2045
2594
3599
4739
1940
2607
3235
4478
1597
2730
3934
4620
1666
2837
3320
4604
1583
2767
3185
4933
1931
2421
3828
5059
1896
2421
3525
4845
1209
2612
3611
5049
1947
2501
3414
4670
1739
2283
3772
4398
1381
2249
3998
4369
1681
3029
3726
4171
2045
2332
4043
5090
1862
2206
3200
4140
1597
2380
3446
4765
1455
2714
3317
4171
1984
3007
3875
4171
1828
2274
3447
5105
1436
2771
3694
4672
2032
3000
3977
5105
1586
2163
3558
4386
1597
2529
3216
4537
1935
2890
3954
4277
1800
2283
3525
4820
1830
2599
3809
4459
1597
2599
3875
4200
1837
2968
3439
5096
1800
2322
3780
4957
1800
2642
3366
4234
2032
2498
3597
4559
1800
2791
3796
4413
1351
2208
3822
4983
1837
2769
3324
4659
1996
2238
3733
4921
1666
2351
3669
4234
1620
2608
3856
4788
1583
2419
3335
4295
1909
2283
3859
4659
1691
2182
3681
4921
1509
2206
3509
4400
1739
2802
4070
4562
1238
2257
3867
4168
2018
2938
3947
4548
1250
2888
3622
4150
1346
3000
3509
4716
1348
2892
3509
5071
1718
2766
4045
5075
1348
2860
3428
4369
1431
2608
3509
4228
1612
2934
3509
4369
1800
2344
3843
4369
1800
2632
3796
4720
1864
2906
3796
4185
1597
2190
3149
4922
1812
3008
3870
4171
1783
3054
3209
4171
1583
2401
3868
4854
1666
2083
3924
4724
1867
2412
3179
5022
1597
2169
3498
4190
1837
2283
3333
4914
1931
2150
3598
4621
1336
3035
3439
5094
1666
2085
3256
4370
1564
2938
3377
4171
1392
2421
3078
4696
1424
2721
3870
4113
1980
2741
3974
4855
1912
2512
3407
4564
1967
2090
3380
4201
1950
2712
3836
4538
1346
2860
3107
5045
1424
2599
3813
4843
1985
2153
3684
4530
1555
2344
3602
4369
1828
2599
3826
4161
1409
2259
3509
4702
1669
2604
3778
4733
1814
2717
3977
4854
1203
2266
3511
4230
1597
2238
4014
4227
1424
2544
3978
4619
1864
2999
3663
4473
1683
2279
3138
5028
1681
2991
3274
4150
2042
2712
3657
4991
1609
2849
3375
4855
1480
2121
3436
4410
2045
2144
3107
4242
1307
2088
3138
4103
1455
2510
3531
4648
1980
2443
3498
4839
1874
2209
3463
4369
1841
2627
3938
4126
1950
2434
3582
4593
1597
2421
3376
4109
1660
2434
3428
4421
1984
2687
3366
4738
1852
2529
4013
4198
1620
2712
3363
4806
1307
2131
3253
4600
1967
2101
3343
4916
1597
2712
3606
4292
1984
2510
3978
5043
1718
2823
3098
4285
1409
2697
3509
4680
1424
2721
3509
4166
1828
2153
4043
5105
1469
2272
3500
4820
2045
2552
3080
5105
1812
2723
3141
4968
1191
3051
3509
4494
2045
2869
3366
4382
1814
2721
3509
4715
1936
2599
3425
4788
1270
3025
3384
4916
1666
2510
4032
4283
1982
2849
3126
4103
1783
2394
3333
4391
1590
2956
3104
4814
1666
2796
3309
4103
1846
2320
3276
5070
1828
2424
3478
4559
1947
2402
3191
4469
1945
2209
3740
4806
1846
2990
3796
4705
1940
2177
3986
4140
1408
2551
3806
4980
1996
3028
3867
4172
1750
2925
3205
4106
1838
2944
3251
4743
1846
2599
3813
4391
1824
2952
3509
4701
1812
2119
3704
4783
1824
2156
3432
5024
1940
2253
3509
5009
1950
2170
3236
4171
2018
3042
3432
4131
1066
2561
3471
4469
1975
2938
3966
4693
1683
2307
4046
4360
1307
2269
3363
4289
1681
2250
3771
4171
2045
2170
4085
4526
1307
2473
3521
4287
1824
2450
3459
5102
2045
2246
3111
4716
1307
2260
3317
4987
1828
2937
3857
4696
2045
2279
3232
4806
1669
2850
3333
4788
1824
2991
3088
4103
1703
2529
3925
4432
1824
2632
4083
4444
2045
2800
3081
4873
1597
2936
3232
4483
1936
2269
3739
4558
1734
2722
3171
4143
1753
2677
3509
4482
1985
2949
3177
4468
1455
2627
3597
5103
2042
2968
3456
4203
1925
2253
3839
4714
1718
2802
3557
4648
2011
2937
3425
4526
2008
2990
3998
4503
1555
2623
3142
4814
1954
2967
3104
4822
1443
2380
3622
4886
2042
2390
3197
4098
1455
2561
3580
5043
1725
2529
3849
4314
1812
2294
3681
5056
1938
2050
3407
4266
1828
2800
4003
4352
2045
2561
3757
4481
1081
2730
3339
4399
1156
2195
3478
4269
1984
3035
3883
4175
1409
2800
3681
4184
1178
2815
3152
4826
1409
2122
3219
4881
1564
3008
3997
4665
1936
2939
3307
5043
1612
2564
3311
4691
1635
2536
4056
4845
1882
2646
4006
4670
1564
2181
3929
4145
1982
2269
3540
4893
1939
2860
3208
5009
1940
2181
3333
4530
1940
2083
3149
4750
1982
2460
4003
4184
1519
2905
3610
4437
1936
2892
3502
5037
1534
2377
4032
4264
1736
2311
3986
4381
1566
2403
3608
4325
1385
2938
3611
4785
1230
2208
3185
4757
1814
2497
4084
4502
1866
2826
3619
4189
1908
2326
3175
5078
1846
2257
3660
5005
1670
2393
4043
4189
1932
2837
3403
4436
1081
2608
3977
4743
1081
2538
3429
4442
1824
2944
3685
4304
1824
2899
3107
4856
1812
2094
3206
4184
1828
2249
3943
4853
2045
2460
3588
5069
1984
2208
3299
5078
1984
2933
3447
4416
1936
2529
3890
4215
1424
2371
3681
4253
1336
2670
3413
4856
1555
2540
3924
4184
1950
2623
3642
4987
1896
2421
3896
4253
1950
2561
3890
4715
1812
2682
3509
4834
1867
2937
3447
4807
2028
2937
3107
5050
1346
2453
4003
4269
1297
2313
3208
4488
1996
2579
3428
4242
1535
2317
3787
5089
1830
2906
3509
4443
1800
2421
3880
4893
1940
2150
3686
4481
1940
2697
3884
4263
1666
2558
3662
4416
1982
2953
3922
4743
1666
2945
3465
4293
1825
2257
3724
4888
1940
2682
4003
5105
1846
2156
4077
4126
1846
2213
3598
4373
2028
2990
4077
5022
1940
2990
3974
4862
1409
2860
3878
4460
1824
2608
3976
4641
1824
2608
3997
4150
1812
2564
3663
4145
1912
2169
3319
4738
1034
2126
3561
4339
1830
3029
4043
4881
1455
2433
3938
4893
1555
2913
3733
5047
1526
2421
3509
4856
1936
2802
3509
4977
1938
2825
3494
5105
1409
2935
3381
4660
1081
2825
4030
4334
1358
2535
3088
4547
1555
2058
3109
4421
1681
2249
3333
5087
1270
2830
3238
4514
2030
2815
4022
4443
1307
2802
3881
5063
1828
3070
3890
4554
1608
2802
3247
4916
1455
2968
3659
4443
1820
2850
3399
4293
1820
2762
3521
4253
1597
2955
3343
4760
1982
2331
3107
4356
1982
2635
3684
4217
1424
2769
3399
4103
1820
2833
3352
4171
1985
2612
3459
4131
1814
2589
3614
4999
1314
2992
3407
4490
1755
2464
3531
5007
1838
2421
3366
4369
1984
2191
3738
4936
1940
3029
3867
4403
1409
3061
4030
4716
1424
2767
3509
4173
1288
2253
3425
4487
1718
2629
3790
4529
1820
2599
3633
4748
1820
2697
3884
4324
1081
2676
3713
4403
1535
2536
3416
4527
1800
2243
3420
4527
1940
2219
3878
5108
1846
2257
3526
4131
1424
2670
3109
5028
1985
2346
3116
4773
1985
2117
4077
4529
1940
2623
3919
4468
2008
2498
3327
4613
1583
2117
3200
5079
1583
2800
3469
4414
1583
2649
3154
4512
1896
2604
3719
4676
2032
2868
3979
5011
2032
2700
4087
4755
1947
2712
3685
5044
1912
3066
3981
4474
1560
2425
3123
5082
1455
2723
3106
4731
1555
2083
3685
5056
1874
2590
4019
4881
1555
2344
3711
4526
2032
2442
3459
4776
1635
2344
3078
5105
1985
2374
4007
5105
1828
2983
3547
4613
1940
2613
3200
4717
1632
2546
3986
4826
1346
2812
3596
4140
1814
2506
3256
5025
1346
2290
3185
4136
1681
2275
3660
4597
1385
2501
3225
4113
1683
2616
3685
4542
1081
2802
3685
4914
1081
2164
3805
4133
1409
2629
3462
4957
2047
2751
3943
4806
2042
2913
3372
4223
1424
2701
3611
5045
1081
2916
3816
4100
1669
2837
3107
5105
1967
3034
4043
4436
2045
2766
3688
5020
1820
2723
3458
4923
1081
2629
3819
4824
2045
2670
3816
4997
1584
2552
4024
4494
2042
2077
3614
4818
1584
2665
3754
4752
1597
2393
3688
4171
1800
2257
3430
4462
1081
2262
3998
5105
1346
2599
3994
4647
1824
2802
3462
4366
1940
2346
3867
5102
1483
2191
3352
4299
1996
2538
3685
4886
1385
2290
3464
4897
1509
2552
3399
5039
1565
2442
3663
4413
1950
2647
3685
4792
1215
2623
4010
4469
1800
2211
3104
4661
1682
2290
3899
4266
1597
2787
3373
4665
1985
2825
3663
4537
1666
2800
3611
5018
1666
2857
3685
4210
1950
2290
3171
4266
1945
2290
3770
4127
1824
2608
3632
4494
1635
2423
4077
4513
1947
2540
3535
4184
1974
2283
3947
4971
1455
2599
4032
5001
1408
2636
3101
4928
1193
2225
3447
4512
1812
2186
3621
4098
1877
2815
3998
4864
1093
2462
3675
4965
2008
2802
3313
4519
1555
2243
3867
4947
1558
2243
3602
4364
1637
2649
3109
4320
1250
2460
3819
4316
1683
2054
3400
4267
1425
2981
3551
4762
1455
2670
3786
4320
1745
2337
3779
5072
1963
2726
3642
4422
1908
2326
3796
4644
1081
2804
3889
4704
1670
2670
3372
4562
1938
2424
3684
4586
1940
3028
3364
4559
1597
2083
3723
5077
1783
2453
3598
4680
1800
2257
3778
4437
1758
2940
3985
4324
1846
2257
3244
4652
1984
2177
3253
5029
1348
2460
3292
4628
1620
2209
4077
4189
1217
2986
3447
4122
1354
2169
3796
4681
1081
2906
4070
4264
1081
2764
3107
4850
1597
2837
3383
4500
1938
2443
3856
5062
1963
2612
3291
5026
1940
2613
3682
4670
1945
2849
3367
4592
1829
2804
3816
4100
1877
2283
3533
5009
1936
2978
3429
4497
1250
2697
3115
4500
1678
2762
3685
4503
1604
2809
3389
4971
1597
2421
3375
4931
1812
2648
3149
4827
1754
2914
3439
4730
1830
2181
3078
4529
2047
3065
3588
4527
1800
2789
3389
4730
1081
2463
3351
4439
1412
2670
3444
4957
2018
2257
3660
5005
1864
2682
3663
4389
1270
2993
3283
4854
1985
2181
4052
4554
1824
2670
3111
4916
1635
2467
3237
4264
1424
2243
3881
4264
1424
2255
3438
4264
1597
2651
3796
4836
1812
2498
3078
4881
1535
2294
3078
4432
1583
2344
3580
5102
1950
2498
3333
4824
1800
2938
3188
4391
1896
2340
3420
4403
1912
2601
3878
4661
1486
2689
3773
4758
1984
2962
3296
4699
1250
2510
3197
4864
1535
2818
3086
4434
1679
2930
3223
4269
2047
3047
3291
4987
1098
2249
3685
4802
1814
2762
3205
4806
1773
2589
3251
4579
2018
2269
3538
4126
1424
2935
3815
4864
1984
2457
3668
4738
1749
2269
3439
4180
1385
2681
3264
4126
1874
2290
3389
4166
1270
2965
3903
4916
1824
2290
3311
4528
1800
2647
3959
4406
1597
2906
3815
4526
1606
2633
3119
4099
1674
2274
3633
4371
1431
3062
3533
4897
2047
2484
3796
4957
1984
2549
3671
5045
1455
3062
3490
5056
1263
2905
3596
4917
1824
2331
4024
4468
1824
2632
3611
4411
2032
2594
3924
4904
1533
2888
3949
4406
1270
2762
3870
4137
1753
2849
4000
5064
1597
2459
3733
4925
1455
2234
3254
4125
1535
3008
3660
4437
1896
2971
3611
4900
1666
2906
3831
4184
1812
3000
3234
4414
1392
2727
3928
4428
1635
2164
3251
4403
1950
2980
3324
4925
1996
2612
4065
4589
1635
2331
3669
4374
1886
2269
3843
4919
1438
2255
3142
4872
1931
2331
3978
4788
1666
2269
3090
4171
1583
2800
3778
4122
2010
2320
3585
4458
1107
2890
3675
4612
1270
2452
3813
4886
1424
2445
4089
4403
1424
2598
3313
4269
1424
2770
3414
4725
1346
2111
3185
4307
1666
3014
3367
4436
1874
2531
3888
4859
1874
2651
3509
4744
1522
2070
3781
4126
1609
2284
3608
4253
1800
2346
3197
4719
1424
3043
3805
4544
1230
2250
3191
4567
1866
2256
3672
4725
1866
2910
4070
4456
1950
2850
3602
4339
1081
2604
3498
4171
1982
2333
3694
4714
1584
2393
3669
4495
1424
2501
3111
4171
1597
2579
3087
5042
1846
2767
3324
4885
