920
672
184
409
543
295
705
867
430
26
233
102
743
102
743
503
809
180
126
126
90
859
175
862
696
993
945
613
801
314
175
345
647
517
761
137
194
153
824
199
762
762
538
303
64
100
867
430
430
974
647
743
102
175
35
35
503
180
126
126
762
785
849
42
537
993
945
175
345
175
345
175
333
177
345
434
742
916
635
951
859
175
303
604
438
100
867
430
430
233
102
743
102
175
35
370
984
180
126
90
762
785
120
324
38
886
424
175
345
951
503
629
132
430
1011
58
585
123
131
762
848
146
370
134
100
416
430
430
704
102
743
102
631
36
36
585
619
635
323
317
303
370
528
735
439
138
386
95
702
647
251
82
184
951
184
316
424
90
317
761
808
639
100
416
430
974
697
229
102
743
102
702
901
503
835
180
126
283
699
785
641
775
886
74
967
317
715
720
411
333
411
761
362
137
903
180
90
762
983
983
705
867
430
26
233
234
411
102
411
720
411
362
362
197
180
126
283
699
983
983
38
613
74
831
659
899
659
899
411
720
761
406
543
835
199
804
90
859
983
185
867
430
974
26
233
102
102
411
720
411
144
362
973
180
126
437
283
766
775
278
424
954
801
801
345
175
364
346
702
175
184
27
194
742
529
762
785
303
281
416
867
492
492
974
102
743
702
102
42
303
203
585
329
115
762
170
303
376
167
311
123
270
386
614
345
780
345
175
345
175
381
730
603
801
90
43
696
16
790
580
430
26
233
102
743
102
743
345
175
345
960
568
916
762
183
303
696
105
568
609
11
576
592
175
210
175
345
175
35
197
180
180
126
90
859
757
281
969
867
430
912
233
102
743
345
175
345
175
49
835
208
126
126
762
559
844
167
670
812
131
1009
135
491
780
175
345
175
345
137
778
72
132
680
976
171
288
360
329
126
365
434
849
33
459
780
620
406
450
713
336
629
369
974
435
585
130
101
329
114
762
135
844
72
629
917
974
43
381
894
629
1005
492
26
229
234
181
72
111
369
369
435
435
72
629
680
405
234
435
381
72
111
369
26
704
435
528
735
103
101
270
257
140
152
140
210
206
117
206
324
799
66
206
43
381
894
705
103
360
492
30
179
779
210
828
990
404
381
47
180
629
369
283
173
173
528
735
101
912
240
236
2025
2766
3623
4500
1622
2170
3535
4370
1481
2791
3307
4253
2025
2162
3142
4866
1622
2331
3622
4739
1884
2646
3674
4269
2025
2260
3914
4460
1394
3012
3890
5056
1083
2168
3398
4546
1730
2457
4068
4317
1424
2962
3375
4540
1535
3044
3733
4943
1535
2085
3383
4324
1583
2168
3662
4957
1867
2986
3402
4748
1635
2374
3375
4414
1635
2818
3389
4414
1426
2577
3333
4562
1669
2815
3623
4881
2035
2462
3681
4455
1583
2451
3200
4849
1519
2501
3274
4422
2046
2277
3242
4845
1554
2862
3592
4615
1216
2883
3585
5094
2028
2333
3951
5056
1083
2942
3590
4716
1626
2549
3119
4740
1083
2269
4006
4111
1083
2604
3896
5031
1216
2800
3274
4748
1669
2770
3733
4701
1788
2945
3142
4517
1896
2224
3447
4195
1519
2971
3498
4830
1216
2863
3727
4145
2028
2770
3582
5056
1519
2535
3847
4473
1047
2604
3413
4175
1931
2224
3297
4933
1690
2411
3940
4203
1788
2442
3251
4132
2032
2411
3388
5108
1788
2681
3924
4786
1801
2990
3251
4364
1426
2111
3363
4221
1481
2366
3805
4588
1925
2260
3270
4953
1587
2567
3585
4676
1969
2770
3805
4694
2035
2748
3340
4875
1884
2628
3942
4544
1884
2727
3876
4755
1368
2248
3647
4687
1690
2213
3292
4583
1300
2250
3888
4784
1755
2090
3226
4156
1867
2162
3111
5108
1635
3005
3352
4203
1947
2331
3459
4672
1409
2681
3888
4484
1669
2525
3251
4559
1519
2269
3888
4881
1867
2730
3623
5072
1587
2256
4063
4234
1519
2269
3237
4786
1982
2594
3582
4338
1925
2536
3719
4830
1745
2457
3226
4592
2045
2598
3251
4494
1485
2269
4077
4362
1931
2962
3352
4817
1867
2635
3251
4437
1896
2529
3557
4782
1788
2968
3896
4714
1896
2506
3928
4782
1788
2253
3742
4740
1622
2874
3496
4397
1481
2830
3778
4927
2007
2546
3251
4907
1949
2224
3810
5090
1949
2594
3965
4845
1720
2452
3585
4334
2046
2269
4042
4559
1884
2182
3976
4296
1554
2536
3723
4735
1230
2762
4024
4143
1083
2712
3142
4442
1985
2111
3585
4814
1828
2939
3623
4648
1083
2916
4032
4307
1669
2612
3398
4813
1083
2938
3822
4216
1867
2289
3839
5108
1626
2521
3623
4162
1083
2699
3389
5050
2032
2378
3585
4526
1947
3022
3498
4997
1635
2990
3757
5112
2028
2248
3585
4387
2028
2567
3905
4559
1925
3022
3142
4702
1788
2791
3251
4911
1409
2343
3857
5081
1669
2608
3340
4705
1519
2791
3389
4906
1857
3012
3498
4869
1669
2048
3154
4991
1519
2791
3303
4687
1585
2412
3889
4985
1925
2944
3498
4548
1519
2938
3715
4869
1867
2429
3352
4654
1368
2884
3381
4370
1481
2735
3500
4249
1626
2727
3867
4738
1950
2464
3639
4387
1452
2775
3375
4713
1947
2782
3976
4184
2028
2331
3154
4236
1931
2681
3504
4387
1481
2884
3498
4397
1925
2944
3925
4717
1585
2506
3226
4266
2035
2631
3530
4387
1669
2860
3107
4143
1519
2937
3251
4786
1409
3007
3733
5056
1866
2277
3533
4543
1455
3051
3611
4748
1896
2450
3602
5050
1535
2275
3530
4559
1789
2257
3585
4436
1931
2681
4077
5039
1583
2433
3251
4869
1585
2536
3602
4653
1448
3007
3896
4714
1720
2277
3126
4307
1775
2119
3623
4512
1775
2464
3498
4720
2028
2224
3376
5056
1481
2990
3747
4184
1481
2248
3303
4132
1583
2162
3498
4690
1585
2467
3577
4184
1341
2712
3443
4898
1083
2833
3251
4730
1083
2990
3187
4218
1930
2681
3737
4364
1931
2170
3661
5112
1666
2331
3315
4610
1669
2608
3392
4803
1519
2162
3119
4364
2032
2701
4093
4457
1519
2628
3226
4560
1519
2868
3924
4364
1867
2990
3623
5041
1846
2860
3251
4260
2028
2269
4005
4875
1867
2993
3609
4917
1925
2225
4084
4324
1788
2162
3307
5072
2032
2717
3623
5087
2032
2577
3822
4830
1175
2863
3154
4099
1690
2612
4042
4546
1931
2269
3737
4917
1346
2249
3251
4338
1535
2721
3585
4437
1755
2727
3498
4848
1755
2162
3982
4705
1801
2253
4054
4414
1959
2860
4088
4927
1519
2213
4084
5079
1912
3025
3619
4180
1354
3012
3154
5071
1682
2885
3805
4833
1857
2942
3251
4172
1925
2269
3333
4592
1519
2646
3440
4242
1426
2307
3940
4453
1896
2269
3080
4162
1519
2170
3388
4189
1535
2631
3798
4648
1846
2681
3715
4259
1812
2775
4084
4864
1606
2775
3657
4743
1644
2552
3608
4701
1828
2544
3235
4184
1535
2062
3291
5059
1732
2945
3662
4841
1583
2484
3452
4414
1755
3008
3280
4648
1896
2631
3530
4307
1925
2269
3142
4149
1519
2594
3494
5094
2007
2636
3585
4416
1047
2681
3235
4150
2001
2701
3251
4927
1867
2627
3585
4979
1867
2162
3621
4957
1867
2169
3661
4665
1867
2815
3244
4171
1635
2462
3498
5041
1664
2588
3370
4554
1635
3041
3400
4334
1519
2478
3500
4200
1857
2793
3375
4733
1587
2214
3557
4763
1519
2331
3997
4127
1857
2947
3623
4733
1925
2260
3952
4953
1583
2269
3951
4171
1867
2727
3661
4546
1455
2804
3619
4665
1691
2822
3812
4701
1993
2165
3606
4494
1925
2644
3585
4539
1801
2330
3623
4185
1788
2464
3888
4752
1104
3028
4079
5005
1949
2314
3399
4196
1788
2564
3657
4149
2046
2411
3375
5041
2046
2907
3901
4184
1931
2945
3603
4269
1892
2577
3182
4171
2035
2767
3810
4834
1481
2467
3933
4314
1589
2192
3111
4153
1991
2332
3367
4829
1690
2443
3376
5099
2028
2859
3375
4274
1669
2531
3142
5022
1317
2536
3307
4752
1094
2681
3880
4950
1585
2525
3251
4931
1585
2506
3857
4983
2035
2246
3888
5025
1991
3012
3585
4364
1775
2976
3623
4810
2046
2791
3500
4184
1931
2224
3898
4970
1846
2117
3095
4494
1693
2201
3248
4987
1535
2448
3925
4865
1535
2438
3424
4369
1535
2438
3639
5043
1635
2314
3623
4127
1651
2968
3622
4539
1828
2208
3950
4423
2001
2791
3685
4732
2001
3071
3947
4498
2001
2119
3747
4878
1867
2937
3965
4858
1886
2726
3557
4194
1886
2579
3843
4845
2028
2300
3965
5108
1682
2085
3623
4759
1587
2936
3818
4925
2007
3023
4039
5005
1755
2594
3990
4232
1426
3047
4003
4379
1503
2802
3851
4532
1828
2952
4038
4730
1083
2343
3929
4532
1519
2567
3620
4532
1626
2884
3459
4829
1867
2613
3500
4532
2028
2214
3923
4324
2028
2618
3389
5093
2028
2478
3923
4334
1669
2577
3929
4532
1732
2672
3977
4800
1666
2863
3605
4739
2032
2567
3726
4800
1950
2506
3909
5089
1519
2567
3088
5119
2032
2802
3783
4906
1519
2280
3325
4721
2028
2952
3987
4437
1867
2567
3727
4636
1481
2952
3890
4955
2046
2567
3585
4139
2035
2613
3270
4701
2034
2567
3942
4519
1589
2751
3413
4919
1589
2567
3839
5105
2028
2608
3929
5105
1519
2701
3343
4440
1587
2214
3890
4437
1136
2506
4056
4621
1874
2214
3171
4241
1925
2331
3849
4730
2032
2681
4090
4715
1448
2884
3965
4356
1703
2269
3738
4118
2028
2214
3176
4971
2028
2260
3622
5108
1682
2224
4024
4407
1564
2629
3251
4544
1792
2257
3633
4662
1583
2962
3396
4840
1535
2767
3634
4914
1896
2925
3925
4950
1896
2727
3389
4295
1896
2331
3497
4126
1973
3071
3623
4414
1481
2467
3389
4513
1925
2269
3185
4931
1886
2214
3376
5020
2001
2549
3459
4845
1317
2421
3950
5056
1317
2170
3869
4861
1788
2536
3340
5108
1682
2977
4039
4792
1955
2279
3251
4145
2046
2269
3924
5094
1720
2791
3142
5009
1720
2944
3388
4748
1519
2681
3868
4759
1165
2257
3380
4603
1812
2618
3716
4530
1083
2933
3447
5107
1526
2830
3587
4872
1626
2629
3375
4845
1083
2150
4038
4881
2032
2567
3447
5108
2028
3028
3623
4532
1669
2802
3540
4184
1519
2567
3315
5056
1635
2649
3890
4957
2006
2111
3585
4784
1558
2459
3623
4119
1448
2225
3728
5071
1526
2536
3252
4560
1682
2494
4052
4763
1857
2567
3382
4873
2007
2636
3375
4200
2028
2128
4005
4166
1426
2952
3764
4627
1925
2567
3623
5105
1703
2722
3618
4460
1949
2791
3890
5105
2006
2123
3867
4615
1925
2857
3585
4236
1714
2964
3783
4560
1857
2429
3909
4369
1914
2567
3478
4656
1755
3014
3559
4908
1788
3012
4083
4598
1996
2331
3875
4502
1519
2646
3727
4711
1448
2170
3898
4789
1925
2269
3645
4696
1519
2646
3738
4710
1426
2791
3816
4853
1867
2681
3965
4636
1925
2170
3081
4875
1679
2498
3878
4437
1932
2606
3796
4269
1755
2256
3487
4830
1800
2257
3805
4293
1392
2170
3439
4919
1896
2331
3542
4654
1973
2209
3623
4150
1519
2717
3756
4494
1857
3012
3307
4814
1886
2646
3747
4786
2028
2447
3935
4620
2001
2681
3500
5011
1317
2935
3966
4184
1788
2536
3109
4792
1317
2567
3623
4581
1622
2314
3585
4927
2046
2848
3935
4889
1703
2726
3142
5112
1155
2137
3928
4881
1720
2762
3900
4861
1535
2549
3464
4461
1307
2618
3324
4653
1396
2565
3681
5064
1431
2547
3177
4665
2032
2881
4005
4143
1564
2629
4084
4532
1626
2881
4082
4173
1409
2936
3737
4532
1703
2997
3437
4532
1564
2608
4004
4133
1867
2096
3675
4715
1931
2331
3504
4715
1519
2123
3623
4389
1583
2214
3459
5108
1925
2269
4093
5107
1892
2881
3747
4196
2007
2881
3737
4665
1892
2567
3890
4845
2028
2531
3890
4184
1489
3032
3839
5005
2028
2567
4056
4900
1896
2525
3890
4721
1519
2608
3738
5112
1448
2567
3738
5105
1966
2567
3738
5027
1947
2577
3763
4844
1775
2567
3381
5079
1857
2452
3909
5105
1914
2128
4093
4530
2035
2119
3909
4715
1526
3050
3851
5079
2032
2945
4052
4869
2045
2681
3206
4426
1240
2511
3654
4711
2007
2269
3934
4720
1867
2609
3783
5078
1409
2331
3072
4437
1666
2681
3471
4586
2035
2170
4004
4869
1553
2492
3796
4483
1824
2225
3352
4400
1412
2830
3663
5005
1270
2646
3109
4766
1564
2978
4084
4554
1812
2346
3657
4542
1409
2646
3388
4987
1940
2225
3851
4397
1849
2849
3633
4701
2001
3011
3783
4957
2001
2344
3976
4662
1669
2868
3352
4332
2001
2887
3585
4458
1920
2608
3198
5025
2028
2159
3324
4823
2028
2922
3898
4731
1925
2646
3464
4654
1925
2331
4030
4881
1949
2429
3805
4845
1427
2872
3581
4236
1915
2613
3898
4713
2032
3065
3623
4601
1585
2256
3500
4701
1206
2269
3424
4875
1947
3000
3142
4782
2028
2331
3447
4866
2028
2681
3582
5058
1925
2649
3251
4921
1519
2877
3925
4931
1535
2629
3474
4194
1467
2257
3672
4282
1669
2057
3176
4788
1753
2588
3565
4103
1813
2863
3857
4380
1947
2895
3896
4494
1597
2677
3363
4498
1931
2097
3375
4372
1666
2741
3896
4221
1583
2162
3783
4150
2032
3051
3694
4218
2032
2628
3843
4864
1947
2484
3705
4921
2028
2700
3737
4733
1931
3008
3375
5050
1993
2521
3335
4539
1896
2610
3195
4324
1788
2162
4067
4334
1896
2452
3442
4120
2028
2700
3805
4546
2028
2700
3327
4654
1535
2331
3380
5009
1669
3062
3623
4772
1583
2240
3389
4126
1996
2552
3408
5056
1896
2971
3352
4487
1519
3009
3408
4706
1945
2513
3805
4210
1867
2925
4084
4705
1666
2501
3608
5005
1034
2201
3101
4784
1862
2257
3303
4140
1535
2751
3438
4387
2009
3021
3764
4363
1396
2815
3605
4494
1635
2429
3598
4931
1626
2164
3585
4200
1583
2608
3535
4915
1583
2800
3952
4403
1583
2859
3585
4755
2032
2945
3623
4105
2032
3008
3251
4650
2028
2913
3715
4436
2028
2567
4077
4145
2028
2546
3585
4919
1666
2738
4079
4949
1788
2568
3389
4305
1949
2712
3856
5056
1949
2567
3260
5078
1801
2452
3950
4161
1519
2990
3888
4893
1352
2697
3373
4503
2001
2594
4045
4852
2008
2331
3970
4595
1867
2164
3623
5010
1240
2665
3439
4113
1947
2815
3898
4195
1947
3000
3623
4526
1426
2564
3530
4496
1931
2944
3979
5056
1666
2789
3608
4740
2008
2905
3398
4419
1651
2877
3805
5040
1523
2169
3783
4216
1519
2735
3647
5056
1867
2343
3352
4242
1788
2549
4077
4377
1896
2990
4043
4189
1867
2612
3304
5022
2028
2651
4077
4145
1519
2649
3996
5003
1519
2933
3366
4492
1583
2800
3623
5064
1585
3071
3843
4145
1896
2928
3981
4587
1867
2452
3764
4384
2028
2989
3669
4782
2028
3000
3376
5050
1930
2889
3841
5095
1489
2925
3623
4242
1083
2159
3447
4189
1083
2269
3752
4971
1669
2770
3623
5078
1828
2234
3585
4900
1526
2727
4039
4747
1925
2567
3251
4487
1973
2770
3398
5056
1750
2214
3498
4339
1997
2324
3986
4362
1620
2962
3477
4131
1535
2607
3389
4325
1830
3035
3097
4230
1535
2497
3881
4997
2045
2511
3654
4786
1409
2180
3498
4933
1424
2715
3251
4850
1424
2521
3447
5005
2028
2646
3526
4852
1597
2567
3733
4730
1669
3015
3571
4503
1526
2765
3623
4850
1526
2343
4043
4542
2032
3062
3856
4278
2045
2536
3258
4487
1409
2681
3283
4236
2028
2594
3283
4776
2028
2850
3588
4364
1626
2877
3804
4663
1812
2812
3447
4436
1950
2697
3441
4292
1830
2464
3187
4195
1669
2180
3805
4710
1636
2935
3107
4755
1409
2457
4074
4548
1669
2182
3366
4740
1636
2485
3743
4437
2045
2351
3082
4732
1669
2487
3251
4731
1211
2756
3495
5056
2045
2288
3562
4891
1862
2549
3581
4740
1973
2269
3226
4915
1750
3015
3142
4346
1925
2877
3868
4231
1828
2841
3126
4171
2032
2635
3234
4184
1703
3062
3375
5071
1669
2746
3623
4508
1709
2992
3251
4183
1666
2337
3307
4983
1666
2313
3352
4216
1215
2700
3585
4324
2045
3023
3408
4105
1635
2393
3505
4904
1352
2971
3661
5045
1705
3022
3600
4740
2008
2787
3307
4291
1940
2646
3597
4893
1034
2712
3389
5033
1874
2269
3365
4339
1792
2594
3621
5046
1800
2945
3663
4869
1896
2787
4000
4788
1846
2764
3115
4788
1534
2938
3400
4215
1666
2873
3464
4507
1867
2913
3949
4871
1535
2627
3098
4195
1950
2170
3576
5011
1936
2939
3585
4171
1424
2185
3739
4691
1606
2579
4024
4263
1396
2681
3447
4111
1996
2185
3671
4184
1669
2689
3585
4843
1824
2859
3283
5025
2032
2343
4032
4171
1828
2775
3283
5099
2045
2506
4042
5029
2001
2487
4007
4231
1722
2567
3115
4997
2001
2937
3142
4939
1409
2620
3585
4324
1635
2681
3549
4814
1480
2577
3389
4391
2032
2168
3889
5050
1436
3070
3940
4740
1263
2646
3078
4457
1370
2915
3875
5046
1996
2738
3498
4468
1824
2623
3458
4179
1950
2693
3907
4496
1828
2457
3623
4559
1931
2791
3530
4648
1513
2383
3898
4189
1234
2561
3805
4554
1920
2225
3533
5078
1950
3069
3844
4189
1800
3021
3156
4173
1565
2830
3307
4436
1812
2937
3623
4740
1985
2492
3226
4915
1930
2536
3663
4324
1812
2933
3111
4153
1824
3000
3111
5089
1489
2453
3176
5050
1828
2980
3447
4410
1424
2769
4007
4189
1947
2510
4077
4196
1178
2164
3251
4468
1666
2749
3557
4856
2010
2424
3352
4714
1828
2331
3540
4978
2045
2134
3630
4503
1409
2457
3352
5026
1882
2283
3736
4788
1686
2102
3593
4126
1555
2058
3737
4437
1874
2111
3770
4372
1830
3028
3977
4985
1814
2307
3192
4567
1669
2833
3521
4560
1626
2645
3729
4429
1984
2506
3525
4700
1812
2324
3325
5029
2001
2787
3585
4097
1666
2809
3715
4916
1812
2701
3237
5089
1566
2712
4086
4126
1396
2935
3303
4884
1424
2531
3740
4530
1409
2712
3739
4922
1812
2536
4077
4885
1985
2942
3517
4957
1409
2568
3898
4304
1812
2762
3126
4740
1824
2260
3987
4800
1745
2448
3898
5011
1812
2450
4070
4337
1940
2945
3740
4121
1597
2224
3857
4103
1597
2813
3998
4942
2032
2937
3447
4132
1635
2800
3668
4488
1896
2647
3825
4899
1583
2588
3870
4539
1583
2841
3376
4098
1679
3070
3740
4424
1718
2478
3142
4126
1455
2905
3166
5063
1597
2344
3705
4906
1583
2833
3297
4243
1583
2944
3585
4994
1940
2176
3296
4530
2032
2574
3672
4702
1216
2905
3839
4351
2028
2333
3777
4800
1534
2210
3839
4891
1753
2579
3202
4503
1250
2514
3728
4871
1906
3021
3559
4872
1849
2340
3694
5087
1597
2967
3142
4126
1950
2331
3663
4866
1270
2681
3101
4844
1800
3028
3543
4698
1824
2964
4003
4287
1597
2681
3758
4126
1846
2181
3373
4363
1984
2771
3540
5063
1825
2424
3372
4954
1583
2050
3585
4320
1666
2986
3623
4494
1824
2181
3251
5063
1824
2224
3887
4500
1947
2646
3780
4740
1800
2181
3389
4126
1846
2120
3805
5063
1597
2594
3876
4500
1666
2331
4003
4805
1666
2681
3979
4374
1583
2594
3694
4447
1950
2849
3864
5005
1800
2681
3101
4145
1800
2120
4084
4419
1846
2771
3237
4230
1306
2364
3907
4129
1709
2644
4055
4122
1535
2429
3195
4860
1753
3021
3966
4622
1610
2833
4053
4805
1455
2956
3740
4546
1250
2470
3652
4414
1838
3071
3577
4196
1455
2156
3389
5047
1161
2925
3952
4603
1604
2253
3296
4527
1867
2225
3585
4722
1409
2905
3315
4358
1409
2320
3363
4782
1452
2937
3772
4103
1635
2681
3971
4810
1669
2905
3978
4184
1583
2897
3876
4806
1583
2489
3623
5050
1626
2881
3381
4844
1984
2872
3890
4592
1455
2952
3373
5025
1535
2612
3890
4150
1424
2730
3708
4653
1409
2599
4077
4921
1455
2168
3599
4884
1996
2863
3166
4872
1812
2672
3509
4802
1583
2292
3446
4872
1855
2979
3963
4354
1604
2873
3252
5043
1535
2527
3514
4794
1753
2802
3881
4773
1564
2630
4093
4456
1452
2833
3694
4817
1812
2117
3876
4106
1764
2529
4024
4184
1635
2881
3840
4120
