168
672
672
346
180
126
115
762
785
251
54
54
208
585
619
360
155
386
998
210
51
717
435
761
58
810
585
619
838
170
146
370
194
855
867
485
697
233
234
743
102
743
102
47
585
130
547
698
317
761
36
810
147
123
240
155
152
140
102
33
210
799
43
206
324
799
482
482
43
319
203
790
867
579
622
912
179
495
210
210
246
971
43
381
730
180
126
126
762
42
696
915
25
360
360
698
662
33
102
743
129
129
286
194
180
585
288
131
859
696
267
790
867
721
26
233
234
743
102
743
413
761
194
180
568
126
20
859
303
696
108
421
186
138
565
135
662
702
333
409
184
194
194
368
126
20
895
42
285
171
790
867
492
721
234
743
102
743
102
761
194
894
629
1005
20
576
849
434
696
167
186
101
461
170
336
629
717
717
317
54
503
629
1005
369
762
203
585
999
611
92
492
931
1015
102
89
743
86
457
10
761
958
1019
613
547
317
761
958
171
17
754
725
309
152
140
210
140
117
140
117
346
260
799
117
636
381
381
171
790
867
192
492
233
674
246
210
246
377
641
907
381
153
603
831
967
525
436
167
186
101
576
516
662
398
210
637
43
637
43
137
194
613
153
831
967
817
203
790
867
975
622
371
641
246
377
743
907
971
829
984
984
568
831
860
257
173
274
915
186
11
516
779
662
637
210
991
314
951
381
730
984
609
831
74
525
696
16
790
867
975
492
233
234
743
102
434
899
971
829
730
984
74
831
860
257
346
438
108
670
123
20
298
140
210
799
210
636
907
636
194
108
585
831
860
257
157
639
16
790
492
371
257
229
558
991
364
971
413
47
1019
74
72
111
717
435
47
295
147
17
754
312
152
152
140
210
140
117
881
907
799
260
482
447
971
757
381
167
790
867
492
233
234
743
102
743
102
733
733
829
324
21
612
447
971
413
896
167
17
101
516
135
662
33
210
250
708
129
137
58
460
915
670
756
170
157
543
100
867
143
192
233
234
743
102
743
667
971
58
58
585
25
11
762
1015
702
324
886
613
447
659
317
702
459
991
333
761
761
450
585
17
123
762
614
1015
696
16
790
867
492
492
229
102
743
102
743
708
406
829
984
180
126
434
20
120
203
147
186
11
20
135
702
743
333
250
535
406
901
203
130
123
236
1555
2498
3581
4691
1828
3021
3619
4500
1982
2182
3796
4728
1626
2753
3231
4126
2008
2050
3805
4928
1867
2355
3557
5112
1385
2588
3796
4269
1412
2188
3909
4242
1806
2884
3327
4532
1455
2720
3244
4370
1612
2764
3728
4696
1555
2344
3591
4452
1806
2802
3514
4653
1783
2968
3719
4656
1555
2770
3259
4316
1857
2945
3947
4972
2001
2997
3815
4960
1564
2501
3580
4548
1930
2874
3303
4494
1984
2625
3231
4096
1912
2833
3582
4752
1436
2439
3459
4389
1751
2962
3268
4400
1535
2888
3622
4219
1270
2905
3551
5023
1604
2933
3796
4604
1555
2604
3760
4621
1828
2478
4003
5098
1950
2849
3985
4713
1555
3039
3591
4217
1354
2906
3663
4820
1584
2715
3096
4298
1867
2890
3446
4961
1931
2877
3868
4454
1666
2320
3237
4559
2032
2314
3512
4957
1824
2856
3760
4504
1812
2567
3459
4681
1555
2764
3654
4881
1855
2661
3991
4636
1837
2535
3161
4971
1626
2936
3843
4180
1860
2255
3890
4621
1564
2860
3890
4339
2032
2452
4088
4854
1555
2455
3335
4601
1939
2701
3464
5077
1812
2454
3339
4432
1346
3043
3406
4943
1830
2320
3719
4363
1358
2502
3949
4607
1479
2799
4032
5064
1683
2506
3947
4806
1718
2332
3439
5097
1178
2511
3796
4317
1597
2121
3480
5005
1812
2616
3947
4456
1516
2631
3796
4721
1597
3028
3409
4253
1824
2390
3929
4641
1950
2050
3719
4770
1555
2646
3949
4135
1455
2589
3251
4969
2045
2724
3215
5056
1597
2511
3352
4826
1666
2980
3585
4990
1812
2423
4077
4866
1533
2105
4073
4739
1998
2850
3843
4921
2032
2283
4055
4328
1597
2309
3188
4728
1557
2467
3662
4184
1950
2531
3406
5050
1392
2762
3662
4560
2006
2905
3389
4940
2032
2735
3406
4845
1555
2905
3623
5059
1867
2467
4077
4215
1855
2527
3378
4354
1346
2968
3073
4277
1610
2762
3728
5066
1758
2283
3182
4748
1691
2681
3330
4741
1864
2594
3553
5071
1081
2329
3943
4389
1597
2596
4040
4957
1950
2962
3389
5063
1555
2181
3592
4834
1606
2240
4003
4974
1263
3062
3994
4106
1555
2050
3158
4782
1597
2498
4003
4971
1812
3038
4003
4496
1996
2689
4003
4554
1583
2536
3444
5022
1812
2300
4003
4496
1800
2594
4003
4636
1635
2181
3585
4648
1837
2681
3742
4496
1846
2181
3251
4765
1597
2269
3119
5071
1403
2181
3623
4905
1583
2050
4084
4839
1597
2181
3925
4546
1583
2181
3870
4125
2032
2331
3149
5022
1392
2088
3095
4730
1113
3067
4030
4389
1584
2153
3878
4675
1351
2712
3104
4440
1555
2498
3889
4738
1906
2529
3363
4266
1984
2442
3269
5028
1250
2787
3742
4143
1455
2594
3605
4307
1584
2701
3231
4859
1824
2512
3659
4743
1932
3021
3380
4363
1424
2563
3345
4171
1597
2645
3623
4494
1455
2979
3854
4784
1666
2945
3307
4250
1874
2905
3367
4215
1191
3007
3585
4494
1950
2050
3542
4503
1800
2594
3796
4751
1535
2922
3668
4999
1975
2525
3623
4480
1683
2501
3166
4239
1455
2952
3603
4670
1950
2332
4056
4133
1996
2253
3654
4324
1867
2253
3661
4889
1812
2599
3846
4680
1996
2730
3315
4369
1455
2343
3681
4957
1584
3023
3509
4748
1912
2186
3623
4339
1191
2399
3454
4478
1812
2990
3432
5005
1846
2730
3232
4143
1906
2989
3780
4640
1666
2619
3740
4126
1996
2511
4077
5003
1824
2717
3078
4743
1480
2249
3675
4903
1947
2971
3585
4487
1191
2625
3644
4126
2006
2170
3854
4740
1936
2531
3585
4098
1597
2615
3443
4503
1666
2156
3389
4782
2010
2701
3517
4189
1703
2905
3540
4503
1179
2467
3389
4496
1830
2636
3900
4414
1683
2825
3661
5045
1385
2764
3376
4400
1562
2660
4030
4248
1837
2206
3333
4825
1985
2388
3376
4943
1743
2344
4065
4939
1455
2647
4084
4980
1788
2253
3398
5102
1996
2766
3623
4317
1669
2467
3952
4127
1627
2393
3986
4452
1644
2250
3475
4266
1812
2398
3930
4194
1683
2544
3307
5104
1732
3021
3576
4881
1674
2632
3251
4194
1996
2972
3111
5056
1270
2748
3504
4990
1812
2791
3187
4269
1081
2492
3500
4814
1555
2209
3881
4106
1812
2714
3303
5026
1409
2259
3484
5045
1597
2438
3119
4283
1674
2717
3888
4648
1263
2972
3215
4975
1703
2944
3366
4661
1828
2121
3855
5071
1230
2774
4013
4661
1830
2646
3400
5119
1984
2863
3389
5063
1346
2874
3898
4936
1812
2646
3815
4137
1674
2464
3179
4242
1455
2511
3585
5094
1812
2681
3498
4546
1824
2549
3091
4579
1610
2647
3431
4323
1438
2378
3538
4234
1409
2093
4007
4881
1270
2272
3094
4909
1381
2249
3109
4103
1862
2165
3819
4437
1354
2346
3796
4490
1535
2300
3578
4978
1950
2457
3754
4722
1828
2860
3639
4469
1610
2791
3639
4478
1996
2645
3366
5005
1940
2807
3994
4392
1666
2399
3994
4949
1209
2433
3111
4269
1583
2333
3420
4389
1886
2646
3694
5041
2032
2050
4048
4710
1564
2972
3598
5056
1455
2567
3796
4315
1412
2331
3811
4931
1862
2473
3608
4111
1828
2209
3916
4578
2045
2208
3715
4200
1270
2731
3585
4710
1812
2735
3401
4487
2045
2224
3251
4853
1896
2331
3480
4251
1812
2876
3303
4391
1409
2833
3303
4184
1455
2972
3652
4725
1211
2967
3654
4701
1627
2313
3589
5010
1566
2712
3741
5073
1250
3021
3511
4465
1814
2921
3232
4653
1950
2971
3890
5008
1626
2246
3585
4494
1985
2455
3111
4755
1348
2165
3525
4567
1597
2253
3372
4215
1660
2253
4056
4830
1950
2672
3384
4480
1824
2672
3998
4579
1436
2320
4085
4339
1947
2770
3175
5011
1555
2131
3251
4410
1455
2811
3248
4977
1666
2646
3235
5068
1412
2521
3811
4738
1339
2364
3318
4193
1396
2672
3820
4792
1346
2833
3820
4445
1812
2289
4000
4581
1996
2371
3205
4356
1874
2255
4084
4644
1874
2712
3671
5056
1950
2498
3241
4369
1824
2612
3585
5047
2006
2833
3843
4673
1263
2935
3924
4738
1627
2424
3741
4949
1877
2753
3795
4925
1583
2945
3764
4857
1555
2949
3149
4231
2006
2121
4030
4896
2045
3063
3945
4875
1348
2255
3943
4852
1336
2529
3706
4720
1627
2307
3598
4247
1725
2380
3302
4561
1824
2877
3380
4878
1824
2249
3622
4589
1800
2320
3463
4562
1828
2647
4077
4439
1606
2429
3888
4410
1996
2807
3072
5022
2008
2787
3348
4711
1666
2213
4090
4184
1553
2256
3680
4764
1824
2716
3608
4411
1828
2249
3403
4193
1996
2331
3149
4148
1830
2269
3540
4599
1812
2246
3771
4484
1409
2150
3187
4991
1533
2581
3120
5106
1636
2455
3428
4339
1263
2459
3251
4864
1597
2459
3762
4233
1528
3015
3558
4866
1683
2645
3133
4644
1812
2646
3156
4648
1754
2888
3661
4922
1597
2269
3811
4899
1841
3043
4004
4943
1828
2549
3364
4260
1874
2463
3940
4503
1270
2883
3231
4533
2042
2825
3974
5005
1193
2398
3623
4586
1480
2298
3839
4567
1886
2331
3447
4755
1703
2681
3366
5112
2008
3028
3251
4221
1950
2928
4053
4287
1703
2360
3639
4194
1651
2549
3096
4856
1812
2567
3878
4287
1737
2209
3226
4997
1812
2159
3694
4233
1526
2317
3888
4999
1597
2762
3542
4629
1886
2623
3765
4897
1936
2645
3231
4189
1746
3028
3623
4494
2028
2735
3547
4704
1996
2206
3595
4368
1235
2725
3475
5111
1814
2294
3737
5107
1105
2933
3796
4760
1812
2601
3205
4578
1346
2516
3694
5017
2047
2134
3694
4561
1732
2467
3149
4650
1412
2531
3790
4740
1412
2442
3943
4713
1535
2993
3158
4532
1535
2213
3921
4377
1535
2965
3603
4732
1535
3062
3420
4671
1800
2561
4070
4598
1797
2770
4052
4131
1878
2608
3464
5042
1535
3062
3698
4166
1812
2535
3913
4488
1535
2815
3903
4364
1535
2270
3280
5022
1783
2257
3100
4699
1800
2758
3429
4437
1535
2705
3888
5079
1797
2925
3082
4413
1535
2937
3226
4313
1535
2399
3603
4370
1535
2616
4005
4953
1583
2121
3913
4740
1783
3022
3913
4436
2031
2390
3517
4699
1922
2764
3986
5045
1509
2185
3694
4633
1984
2635
3578
4925
1644
2940
3542
5107
1612
2134
3493
5022
1455
3011
3978
4665
1830
2796
3654
4171
1666
2883
3577
4171
1270
3038
3984
4915
1828
2849
3716
4696
1812
2278
4052
4171
1424
3059
3081
4507
1406
2275
3642
4972
1409
3062
3087
4908
1597
2516
3380
4755
1996
2498
3740
4939
1455
3015
3652
4704
1824
2796
3414
4149
1583
2134
3726
4551
1191
2589
3637
4763
1403
2945
3758
4661
1812
2182
3231
4183
1812
2787
3839
5042
1906
2257
3297
4684
1526
2930
3598
4554
1666
2249
3843
5038
1555
2861
3428
4253
1800
2257
3559
4234
1597
2101
4003
5041
2031
2424
3499
4194
1867
2753
4077
4797
1354
3047
4024
4468
1583
2753
4084
4414
1583
3062
3581
4344
1403
3062
3598
4949
1610
2283
3237
4426
1750
2121
3090
4731
1867
3017
3602
4561
1737
2879
3437
4381
1583
2333
3783
4255
1996
2857
3669
4726
1635
2421
3111
4927
1703
3062
3994
4731
1597
2552
3439
5096
1896
3008
3942
5063
1931
2421
3413
4874
2006
3062
3996
4481
1812
2333
3672
4760
1412
2629
3757
4720
1396
2705
3611
4119
1250
2771
3654
4532
1535
2567
3478
4715
1996
2619
3890
5105
1597
2600
3504
5108
2042
2905
3841
4715
1557
2881
3764
4414
1555
2411
3783
4784
2032
3062
3393
4203
1066
2272
3564
4572
1644
2677
3439
4411
1359
2613
3458
4884
1975
2565
4034
5019
1270
2259
3509
5028
1745
2604
3136
4916
1812
2905
3104
5112
1290
2567
3226
4937
1516
2161
3253
4473
1455
2905
3251
5112
1830
2631
3305
4598
1950
2210
3577
4957
1535
2567
3585
4922
1424
2083
3175
4196
1932
2257
3889
4184
1846
2436
3226
4424
1564
2250
3413
4702
1666
2284
3641
4119
1535
2672
3365
4364
1814
2320
4056
4416
1824
2188
3789
4277
1597
2874
3681
4389
1984
2294
3929
4210
1191
2424
3090
4873
1666
2249
3187
4676
1597
2123
3994
4223
1800
2937
3504
4653
1660
2213
3153
4916
1424
2802
3914
4738
1812
2817
3373
4444
1909
2746
3671
5001
1211
2753
3557
4419
1783
2406
3847
4845
1830
2857
3181
4897
1564
2153
3119
4239
1985
3063
3641
4287
1597
2567
3773
5042
1436
2857
3251
4334
1838
2591
4003
4702
1812
2730
3588
5025
1812
2787
3610
4195
1119
2756
4093
4218
1985
2589
3737
4211
1059
2257
3452
4972
1626
2525
3843
4772
1996
2860
3843
4656
1583
2992
3373
4473
1392
2672
3226
5018
1626
2800
3538
4174
1191
2701
3913
4998
1939
2613
3514
4916
1436
2544
3843
4681
1812
2064
4077
4864
1812
2851
3418
4733
1455
2477
3778
5112
2032
2314
3333
4884
1666
2057
3577
4640
1703
2516
3243
4900
1800
2731
4038
4755
1857
3062
3982
4655
1593
2888
3144
4159
1381
2939
3499
4827
1984
2463
3138
4788
1385
3035
3909
5026
1455
2712
3919
4462
1830
2564
3288
4478
1950
3070
3985
4334
1597
2393
3506
4392
1800
2767
3813
4648
1455
2382
3834
4135
1346
2516
3618
4437
1874
2150
4032
5010
1783
2433
3126
4389
1191
3035
3985
4943
2045
2115
3557
4478
1178
2351
3675
4496
1424
2815
3598
4444
1081
2283
4038
4702
1455
3039
3913
4426
1812
2672
4077
5103
1396
2618
3531
4703
1812
2608
3685
4175
1745
2825
3475
5042
1846
2257
3783
4731
1555
2712
3834
5107
1666
3011
3226
4472
1597
2849
3475
5095
1950
2567
3367
4814
1270
2552
3270
4512
1489
2330
3333
4189
1636
3062
4093
4977
1912
2424
3205
4608
1268
2096
3697
4473
1812
2604
4056
4691
1610
2123
3107
4436
1250
2266
3909
4751
1753
2968
3478
4126
1250
2525
3618
4468
1597
2516
3531
4551
1535
2812
3409
4561
1270
2121
3169
4792
1824
2199
3107
5077
1626
2863
4088
4845
1403
2612
3504
4567
1846
3062
3881
4536
1812
2531
3226
4468
1666
2529
3603
4194
1812
3015
3681
4943
1535
2442
3993
4536
1814
3011
3737
4347
1830
3010
3738
4732
1533
2088
3856
4664
1270
2771
3400
4739
1597
2887
3876
5040
1666
2057
3255
4284
1597
2850
3260
4923
1950
2915
4038
4536
1812
3020
3215
4175
1932
2746
3283
4151
1604
2168
3872
4194
1535
2823
3991
4715
1644
2624
3983
4418
1584
3029
3742
4189
1412
3059
3459
4444
1814
2278
3641
5105
1385
2600
3588
4133
1455
2128
3611
4156
1617
2443
3933
5081
1874
2991
3514
4562
1830
2096
3237
5010
2042
2618
3716
4530
1939
2128
3512
4696
1489
2284
4094
4526
1669
2618
3320
4455
1930
2877
3603
4469
1666
3035
3107
4954
1666
2442
3226
4397
1830
2608
3101
4834
1800
2225
3603
5112
1837
2882
3270
4687
1800
2314
3998
4414
1660
2995
3321
4315
1602
2191
3959
4897
1950
3062
3313
5056
1597
2225
4077
4462
1626
3008
3888
4494
1940
3062
3297
4831
1597
2905
3909
4324
1867
2174
3878
4889
1455
2121
3483
5018
1730
2771
3321
5029
1883
2283
3581
4211
1666
3057
3976
4408
1424
2882
3502
4639
1783
2487
3598
4153
1906
2393
3251
4619
1828
2887
3768
4788
1862
3066
3603
4503
1270
2627
3671
5094
2045
2150
3975
4603
1783
2815
3169
4105
1967
2283
3126
4671
1535
2774
3447
4821
1307
2589
4007
4735
1674
2938
3251
4859
1950
2121
3844
4567
1830
2090
3403
4935
1191
2906
3226
4628
1812
3012
4077
4183
1424
2506
3888
5099
1862
2932
4020
4496
1392
2498
3982
4317
1455
2861
3694
4257
1583
2538
4035
4990
1535
2064
3226
4477
1583
2691
3868
4544
1846
2756
3619
5040
2045
2944
3676
4469
1409
2861
3551
4539
1627
2510
3336
5068
1684
3046
3581
4956
1553
2632
3101
4129
1940
2833
3308
5071
1830
3008
3805
4543
1424
2722
3690
5099
1789
3046
3791
4208
1948
2591
3339
4250
1866
2691
3525
4748
1681
2300
3439
4701
1783
2337
3389
5040
1307
2552
3887
4814
1828
2451
3082
4187
1409
2457
3098
4437
1385
2993
3827
4374
1984
2054
3389
5045
1961
2424
3414
4323
1455
2253
3458
4496
1812
2464
3950
4496
1597
2756
3831
4183
1424
2307
3490
4496
1862
2920
3504
4496
1602
2890
3506
4356
1191
2635
3943
4183
1784
2833
3375
4424
1783
2756
3226
4527
2045
2209
3914
4370
1679
2665
3637
4675
2032
2756
3398
4504
1940
3028
4005
5070
1954
2307
3806
4659
1915
2254
3414
4583
1597
2082
3680
4701
1403
2635
3905
4184
1996
2723
3097
4461
1597
2119
3283
4845
1666
2635
3402
5043
1750
2723
3856
4740
1597
2374
3169
4575
1750
2528
3887
5043
1564
2270
3878
4733
1597
2887
3887
4208
1583
2882
3875
5056
1424
2144
3603
5031
1824
3039
3389
4562
1635
2935
3603
5072
2042
2506
3603
4661
1718
2487
3757
4469
1385
2672
3509
4424
1814
2608
3733
5105
1985
2561
3613
4838
1874
2642
3685
4731
1332
2857
3440
4519
1431
2890
4013
5105
1705
2829
3509
5056
1812
2294
3377
4893
1178
2298
3225
4979
1626
2766
3100
5056
1424
2825
4029
4414
1828
2344
3340
4740
1544
2460
3232
4944
1584
2705
3126
5106
1718
2399
3529
4301
1830
2693
3919
4140
1620
2701
3878
5108
1931
3044
3953
4738
1666
2253
3506
4469
1666
2467
3970
5050
1996
2882
3320
4604
1597
2937
4077
4200
1837
2850
3115
4488
1846
2531
3549
4275
1597
2628
3582
5022
1846
2771
3740
4701
1830
2860
3073
4414
1191
2887
3246
4925
1800
2320
3274
4414
1424
2599
3577
4473
1424
2227
3883
4994
2024
2862
3509
4716
1314
2347
3799
4253
2045
2787
3425
4514
1691
2778
3509
5010
1936
2284
3509
4369
1270
2916
3754
4478
1812
2407
3585
4369
2045
2083
3867
4342
1409
2343
3509
4609
1812
2601
4055
4369
1996
2791
3107
4831
1864
2552
3380
4184
1812
2877
3680
4583
1564
2253
3781
4991
1874
2977
3320
4641
1812
2825
3540
4830
1828
3011
3847
4429
1846
2185
3158
4788
1666
2552
3900
4853
1982
2284
3540
4399
1597
2770
3585
4241
1820
2283
3950
4143
1996
2463
3933
4786
1947
2174
3669
4237
1936
2552
3237
4496
1947
3062
3757
4800
1824
3000
3363
4496
1945
2249
3623
4955
1950
3062
3257
4423
1534
2642
3081
4706
1604
2253
3498
4174
1250
2225
3509
4680
1584
2787
3242
4744
1455
2294
3675
4891
1982
2599
3269
4373
1838
2794
3081
4334
1800
2133
3425
4414
1940
2833
3512
5105
1083
2990
4077
4786
1936
2741
3787
4145
1546
2264
3854
5018
1424
2476
3238
4744
1975
2818
3291
4722
1745
2636
3938
4987
1564
2599
3783
4852
1424
2629
3757
4786
1940
2720
3681
4407
1830
2993
3234
4295
1874
2818
3251
4458
1950
2133
3447
5056
1783
2406
3142
4639
1409
2162
3236
4972
1874
3061
3081
4660
1636
2192
3292
4665
1455
3039
3622
4442
1455
2935
4042
4408
2045
2191
3579
4414
1705
2510
3908
4562
1669
2762
3934
4119
1424
2061
3313
4133
1412
2329
3432
4481
1984
2225
3940
5105
1412
2421
3188
4559
1984
2323
3428
4332
1455
2511
3773
4167
1396
3008
3509
4893
1982
2623
3415
4648
1455
2769
3325
5105
1718
2876
3509
4455
1677
2225
3595
4843
1985
2538
3366
4332
1828
3044
3872
4269
1838
2712
4045
4873
1564
2629
3949
4332
1947
2459
3459
4979
1940
2224
3622
4457
1940
2455
3738
4171
1936
2933
3596
4171
1409
2182
3447
5056
1982
2083
3107
4389
1867
2133
3681
4861
1874
2599
3463
4696
1940
2506
3082
4885
1857
2277
3540
4525
1936
2607
3257
4234
1828
2552
3078
4123
1984
2879
3226
4337
1564
2766
3276
4676
1912
2938
3297
4967
1191
3006
3712
4971
1365
2156
3806
4171
1610
2178
3652
4171
1669
2874
3338
4716
1409
2119
3955
4806
