920
916
672
672
998
184
286
958
855
416
143
485
697
9
621
621
71
1019
115
698
599
998
552
808
982
1019
368
952
565
998
552
286
194
984
368
609
20
859
785
862
376
705
416
143
485
697
704
621
9
194
916
609
20
859
785
552
808
194
7
288
467
138
614
257
157
194
984
687
889
317
792
552
286
194
705
416
143
485
697
704
234
225
194
1019
609
323
859
998
47
713
194
368
568
952
565
46
552
5
194
7
288
282
386
170
662
157
194
16
416
143
485
697
704
621
137
151
735
588
583
516
240
157
157
194
984
952
293
565
641
157
921
194
984
609
115
859
552
346
862
194
281
416
143
622
485
234
621
960
194
609
777
762
659
552
406
808
194
984
568
952
931
565
54
503
194
235
588
282
59
240
552
157
958
295
227
388
143
1013
697
704
47
960
180
126
283
365
785
202
42
42
295
915
678
467
270
135
157
346
960
1019
952
889
46
552
406
503
194
185
416
143
485
697
704
621
960
71
1019
889
321
346
552
406
808
960
993
945
952
931
565
406
808
151
735
588
588
758
240
552
157
194
539
16
416
143
485
697
704
621
958
984
609
915
130
467
614
662
157
181
29
886
293
121
552
406
808
958
1019
952
293
698
552
761
808
87
705
388
975
912
697
179
621
102
71
71
777
547
434
552
406
808
982
568
952
417
931
912
552
503
171
288
588
329
462
365
842
773
814
267
227
388
485
697
704
621
47
960
984
126
283
120
254
474
988
722
444
439
138
725
312
662
434
157
181
742
952
931
317
406
808
137
64
100
416
143
485
697
704
621
71
984
613
482
317
659
434
406
808
730
568
952
931
565
998
552
808
722
735
588
282
386
170
552
406
376
16
416
143
485
485
234
621
47
722
156
288
583
516
170
157
647
960
1019
952
417
698
998
406
808
587
984
368
609
461
998
552
286
543
778
227
143
492
492
179
558
558
71
71
777
482
447
998
406
163
543
984
568
952
293
931
552
406
503
194
368
609
126
437
474
42
988
194
16
416
143
485
697
704
621
960
984
609
283
365
785
859
201
958
722
235
588
270
59
135
662
491
899
687
687
162
317
457
184
808
137
295
100
416
143
721
234
9
621
960
1019
66
698
317
998
552
759
194
730
568
952
293
698
998
225
722
444
1626
2466
3385
4562
1412
2844
3488
4425
1867
2756
3740
4414
1583
2406
3639
4449
2046
2579
3149
4270
2028
2470
3868
4351
1047
2407
3900
4802
1675
2881
3764
4501
1547
2907
3133
4843
2046
2616
3259
4296
1857
2857
3327
4501
1635
3042
3205
4414
1365
2870
3879
4938
1425
2490
3192
4644
1683
2916
3908
4937
1270
2466
3657
4453
1535
2764
3335
4182
1939
3021
3829
5095
1535
2647
3265
4326
1936
2766
3209
4802
1485
2324
3512
4629
1555
3039
3675
4144
1564
2813
3950
4097
1523
2972
3997
4320
1651
2457
3336
5069
1635
2972
3095
4534
2032
2793
4077
4504
1882
2920
3390
4653
1519
2850
3598
5095
1940
2612
3804
4676
1991
2791
3908
4249
1481
2791
3634
4950
1857
2877
3383
4324
1299
2936
3778
4539
1991
2936
3420
4463
1585
3017
3652
4640
2006
3012
3855
4681
1564
2850
3684
4620
1783
2380
3296
4305
1270
2209
3608
5041
1789
2326
3437
4468
1886
2723
3843
4711
1940
2665
3458
4308
1931
2351
3684
4414
2028
2411
3327
4501
1448
2935
3834
5094
1886
2815
4077
4763
1659
2944
3467
4127
1392
2320
3446
4305
1412
2577
3313
4510
1412
3069
3649
4746
1385
2257
3875
4413
1606
3035
3142
4985
1635
2659
3890
4873
1606
2968
3333
5040
1564
3034
4053
5087
1626
2813
3919
4839
1882
2833
3133
4839
1209
2833
3403
4931
2046
2912
3934
4103
1636
2717
4072
4961
1886
2701
3327
4700
1875
2493
3512
4223
1841
2774
3310
4531
2014
3046
3608
4232
1535
2925
3740
5090
1535
2632
3974
5049
1535
2972
3768
4239
1830
2644
3512
4856
1626
3008
3885
4332
1812
2694
4065
4973
1940
3069
3974
4755
1392
3050
4077
4875
1583
2712
3513
4269
1412
2085
3307
4675
1864
2432
3819
4287
1950
3071
3335
4624
1830
2448
3639
4893
1896
2925
3950
4624
1812
3039
3933
4319
1925
3015
3710
4559
2032
2140
3176
4754
1703
2968
3447
4439
1519
2467
3098
5096
1519
2300
3512
4340
1914
3022
3325
4720
1412
2920
3523
5040
1878
2178
3591
4875
1645
2275
3558
4492
1664
2406
3327
4925
1993
2360
3887
4436
1764
2355
4077
4422
2032
2350
3870
4726
1931
3041
3198
4379
2032
2620
3715
5039
1481
2925
3095
4876
1788
2452
4039
4985
1931
3050
3198
4905
2032
2575
4042
4582
1892
3035
3542
4970
1925
2277
3843
5089
1746
2552
3257
4098
1886
2119
3891
4639
1519
2419
3329
4862
1886
2359
3778
4627
1775
2248
4053
5025
1914
2920
3890
5066
1857
2360
3891
4305
1481
2936
3307
4484
2032
2531
3965
4961
2006
2333
3810
4754
1412
2564
3535
4586
1687
2493
3709
4129
1584
2340
3366
4526
1604
2703
3771
4788
1535
2786
3621
4822
1535
2320
3400
4979
1669
2905
3733
4620
1830
2888
3245
4159
1564
2644
3096
4972
1564
2250
3585
4853
1666
2246
3915
4414
1555
2452
3816
4739
1455
2283
3810
4192
1409
3015
4013
5099
1270
2478
3420
4351
2045
2283
3856
5007
1703
2945
4056
4377
1583
2564
3383
4127
1690
2564
3674
4987
2006
2579
4042
4612
1392
2443
3512
4436
1867
2813
3368
5094
2001
2442
4008
4855
2006
2877
4077
4393
1925
2275
3889
4644
1412
2868
4085
5094
1984
2868
3202
4453
1812
2859
3136
4299
1789
2452
3504
4906
1635
2531
4077
4554
1583
2333
3598
4961
1867
2579
3674
5037
1392
2874
3928
4414
2032
3038
4077
4955
1896
2818
3710
4853
1666
2721
3928
4504
2046
2419
4077
5108
1412
2332
3176
4161
1954
2134
3599
4547
1661
2531
3274
4449
1263
2529
3578
5116
1764
2660
3820
4436
1610
2521
3938
4593
1597
2398
3166
4127
2028
2939
3335
5089
1519
2225
4039
4432
1675
3035
3951
4755
2028
2922
4024
4507
1813
2544
3552
4100
1964
3042
3216
4494
1878
2390
3529
5003
1786
2766
3578
4916
1604
2388
3536
4583
1862
2457
3828
4353
1535
2188
3198
4782
1359
2753
3639
4890
1635
2971
3919
4494
1931
2489
3671
5041
1564
2429
3777
4457
2032
2787
3982
4210
1635
2748
3647
4546
1597
3022
3605
5012
1359
2225
4076
4854
1084
2531
3558
5003
1191
2801
3256
4603
1664
2406
3576
4593
1915
2552
4006
4828
1626
2421
3951
4331
1759
2720
3778
4510
1597
2121
3242
4193
1857
2567
3964
4384
1764
2467
3176
5089
1764
2489
3856
4364
1764
2253
3987
4926
1216
2521
3567
4184
1412
2717
3977
4559
1359
2756
3166
4414
1931
2489
3189
4331
1564
2813
3935
4414
1635
3008
3952
4227
1564
2748
4072
4999
1216
2791
3872
4848
1949
2121
3437
4317
1993
2868
3437
4852
1949
2123
3778
4855
1216
2928
3437
4145
1626
2564
3684
5039
1412
2332
3938
4985
1812
2612
3834
4200
1862
2257
4042
5029
2010
2529
3406
4258
1896
2564
3559
4127
2006
2371
3654
5079
1519
2314
3684
4510
1215
2644
3942
4839
1703
2644
3951
4351
1666
2222
3684
4949
2006
2478
4042
4351
2032
2419
3632
4473
1626
2443
3909
5029
1425
2977
3330
4859
1980
2249
3199
4316
1830
3021
3928
4469
1270
2224
3474
4961
1270
2813
3389
5011
1846
2962
3525
4720
1862
2936
3979
4856
1583
2971
3198
4770
1635
2510
3335
4539
1666
2701
3736
4145
1626
2762
3915
4149
1396
2942
3212
4845
1396
2608
3641
4873
1824
2402
3166
4143
1824
2953
3115
4180
1218
2421
3839
4414
1936
2443
4077
4502
1703
2121
3925
4559
1940
2343
3504
4876
2028
2818
3990
4370
1216
2390
3649
4358
2032
2944
3950
4390
2028
2511
3933
4315
1626
2925
3843
4384
1635
3028
3964
4145
2032
2800
4006
4985
1597
2627
3875
4855
1862
2590
3608
4432
1635
2284
3098
5066
1867
2655
3652
4337
2001
2176
3366
4676
1519
2460
3237
4711
1519
2456
3284
5094
1519
2351
3690
4631
1635
2356
4017
4970
1626
2487
3951
4540
1626
2813
3935
4720
1531
2457
3918
4764
1993
2986
3094
4907
1191
2406
3791
4251
1403
2791
3259
5059
1565
2771
3265
4871
1940
2936
3737
4561
2032
2966
3787
4829
1216
2883
3111
4234
2006
2947
3726
4539
1925
2985
3855
4624
1622
2833
4032
4484
1412
3069
3915
5058
1626
2162
4056
4641
1671
2364
3663
4908
1672
2741
3366
4332
1878
2466
3619
4463
1604
2939
3810
4103
1651
2890
3904
4629
1597
2390
3572
4106
1583
2150
3437
4126
1635
2925
3476
4164
1867
2544
4077
4931
2032
2382
3933
4629
1485
2939
3504
4221
1626
2735
3098
4771
1975
2343
3831
4766
1396
2225
3849
4504
1396
2085
3990
5079
1439
2802
3615
4948
1435
2667
4000
4529
1396
2775
3849
4507
2001
2881
3259
4586
1396
2629
3257
5070
2032
2277
3552
4287
1637
2628
3325
5108
1874
2226
3632
5007
1703
2912
3276
4919
1412
2456
3881
4691
1674
2850
4067
4127
1065
2794
3986
5063
1638
3066
4048
4494
1606
2677
3611
4599
1209
2467
3795
4939
1606
2311
3557
4948
2028
2971
3320
4173
1666
2423
3876
4127
2032
2789
3982
4254
1209
2847
3201
4939
1554
2309
3491
4127
1874
2456
3843
4157
1610
2108
3557
4949
1892
2544
4053
4170
1179
2255
3383
4119
1857
2905
4029
4985
1179
2833
4077
4705
1481
2787
3995
4103
1558
2905
3307
4127
2028
2478
3335
4340
1315
2825
3843
5108
1585
2920
3868
4606
1991
2168
3940
4150
1412
2990
3661
4640
1455
2881
4067
4814
1498
2457
3443
5033
1238
2568
3410
4418
1535
2503
3981
4720
1683
2920
3912
4437
1359
2451
3942
4869
1812
2848
3876
4916
1985
2521
3663
4680
1583
2460
3504
4434
1535
2430
3883
4196
1209
2150
4079
4200
1985
3071
3274
4414
1666
2971
3942
4949
2046
2386
3107
4145
1940
2793
3668
4800
1209
2700
3990
4834
1931
2789
3901
4414
1392
2238
3382
5087
1947
2462
3901
4783
1519
2789
3691
4961
1209
2877
3597
4657
1714
2470
3966
5115
1209
2863
3974
5115
2032
2701
3634
4500
1867
2470
3428
4484
1636
3007
3649
4860
1585
2912
3551
5063
1635
2619
3878
4446
1846
2492
3807
4242
1931
2511
3764
4670
1755
2619
3530
5011
1896
2352
4077
4412
1974
2150
3475
4752
1583
2608
4065
4293
1682
2939
3843
4414
1931
2990
3995
4114
2032
2245
4077
4253
1824
3071
3740
4215
1408
2969
3101
4245
1280
2289
3918
4994
1270
2715
3558
4548
1250
2623
3319
4826
1565
2333
3747
4150
1555
2746
3990
4348
1993
2971
3659
5102
2032
2575
3751
4175
2006
2095
3094
4603
1426
2255
3951
4860
1828
2575
3499
4895
1439
2419
3778
4099
1385
2352
3855
4938
1830
2560
3919
4921
1671
2804
3796
4408
1840
2175
3520
5028
1270
3008
3443
5069
1604
2922
3473
4331
2044
2868
3307
5028
1830
2877
3995
4313
1635
2579
3669
4799
1846
2860
3336
4414
1674
2608
4087
4826
1583
2820
3557
5095
1270
2857
3447
4240
1359
2694
3843
4933
1597
3070
4053
4339
1812
2260
3427
5056
1626
2850
3698
4961
2027
2463
3986
4954
1877
2876
3401
4670
1813
2825
3928
4451
1666
2445
3078
4324
2032
2883
3419
4475
2028
2990
4032
4583
2001
2877
3526
4411
1824
2054
3401
4733
2028
2564
3900
4254
1925
2525
3398
5020
1583
2907
3504
4374
2003
2345
3231
4284
1846
2608
3673
4806
1583
2607
3928
4140
1794
2253
3215
4583
1947
3044
3377
4927
1368
2470
3966
4926
1585
2920
3974
4733
1279
2567
3810
4111
1368
2470
3880
5049
1585
2985
3900
4957
2032
3022
3270
4953
1412
2608
3724
4593
1535
3007
3928
4699
1635
3044
4089
4140
1635
2470
3478
4316
1216
2649
3955
4374
1666
2857
3634
4623
2035
2942
4046
4340
1714
2820
4007
4453
1547
2248
3398
4839
2035
2320
3935
4589
1589
3012
3740
4384
1299
2735
3933
5094
1671
2804
3149
4622
1422
2121
3827
4126
1455
2498
3363
4504
1878
2714
3442
4512
1109
2936
3410
4623
1830
2971
3176
4949
1109
2346
4052
4347
1830
2371
3198
4970
1396
2850
3084
4918
1583
2133
3180
4994
1635
2727
3784
4702
2028
2248
4077
4660
1666
2989
4000
5018
1824
2868
3810
4739
1523
2354
4077
5079
1651
2219
3234
4653
1755
2521
3335
5095
1867
2462
3504
5049
1896
2920
3843
4262
2007
2939
3710
4673
1299
2990
3928
4641
1931
2857
3698
4860
1585
2462
3810
4873
1179
2939
4093
4985
1519
2972
3741
5094
2046
2623
3839
4928
1403
2225
3690
4414
1535
2721
3981
4334
1910
2255
4038
4215
1674
2815
3198
4456
1714
2249
3764
4302
1940
2589
3280
5018
1931
2156
3716
4315
2046
2470
3077
5011
1905
2452
3747
5096
2025
2800
3297
4786
1627
2424
3083
4970
1638
2383
3782
4884
1610
2383
3161
4369
1753
3001
3791
5119
1365
2252
3543
4255
1975
2484
3581
4399
1412
2629
3702
4982
1626
2978
3772
5106
1396
2429
3965
4150
1565
2697
3764
4623
1396
2162
3924
4888
1606
2680
3595
4728
1396
2800
4048
4159
1396
2177
3870
4556
1535
2484
3449
4856
1425
2273
3344
4869
1604
3010
3662
4099
1683
2296
3366
4650
1535
2980
3884
4150
1846
3021
3834
4302
1825
3021
3577
5011
1583
2791
3778
4414
1597
2623
3619
4599
1674
2989
3945
5056
1583
2470
3437
4414
2003
2478
3504
4436
1270
2264
3649
4900
1683
2764
3684
4215
1412
2347
3928
4722
1396
2966
3924
4281
1396
2398
3384
4821
1874
2085
3530
4646
1771
2833
3245
4403
1396
2354
4024
4241
1874
2085
3820
4502
2006
2881
3178
4797
1947
2348
3890
4613
2008
2989
3964
4909
2032
2799
3398
4505
1531
2210
3342
4562
1782
2120
3088
5028
1191
3071
3468
4741
1812
2398
3558
5095
2028
2350
3073
4196
1764
2162
3928
4165
1896
2972
4032
5041
1557
2937
3208
4431
1703
2860
3365
4414
1857
2421
3442
4203
1743
2411
3734
4897
1886
2253
3733
5009
1167
2912
3824
5052
1315
2054
3880
4977
1982
2284
3773
4763
1666
2835
3639
4253
1905
2452
3710
5047
1931
2168
3209
4414
1905
2623
3710
4903
2007
2644
3951
4589
1547
2709
3294
4563
1481
2701
3764
4927
1991
2398
4088
4831
1947
2054
3824
4530
1606
2225
3849
4099
1535
2567
4068
4702
1425
2058
3364
4428
1774
2756
3262
4458
1535
2337
3726
4434
1535
2607
4089
4167
1812
2971
3188
4196
1800
2451
3608
4898
1535
2371
3487
4662
1626
2877
3115
4494
2032
2467
3940
5034
1940
3008
4032
4469
1651
2928
4056
4822
1637
2884
3782
4439
1626
2333
3839
4456
1867
2314
3329
4657
1583
2176
3738
4961
1635
2972
3567
4622
1637
2535
3109
4322
1583
2972
3532
4459
1949
2623
3634
4610
1179
2283
3810
5087
2008
2972
3952
4985
1179
2162
3987
4589
1947
2972
3810
4985
1299
2913
3915
4653
1690
3008
3982
5089
1597
2815
3751
4860
1270
2742
3608
4899
1950
3071
3639
5028
1755
2245
3162
5029
1931
2682
3413
4978
2028
2623
3613
4482
2007
2939
4077
4542
1585
2972
3955
5042
1481
2789
3764
4782
1547
2990
3942
4931
2046
2462
3530
5037
1690
2119
3974
5079
1466
2660
3762
4561
1565
3047
3842
4339
1838
3028
3333
4196
1410
2906
3810
4504
2001
2591
3955
4525
1813
2740
3883
4145
1947
2844
3964
4593
1764
2470
3442
4150
1666
2352
4054
4314
2006
2848
4030
4184
2028
2470
3634
4150
2032
2933
3928
4848
1814
2905
3726
4572
1425
2220
3083
4613
1672
2971
3186
4935
1812
2579
3995
4670
1830
2156
4065
4558
1830
2990
3908
4243
1732
2398
3728
4937
1950
2971
3078
5025
1635
2386
3288
4508
1351
2215
3839
4819
1583
2968
4005
4526
1635
2470
3997
4120
1626
2283
3807
4829
1359
2225
3216
4908
1668
2661
3558
4179
1860
2459
4070
4562
1250
2354
4055
4393
1838
2309
3694
4784
1626
2324
3974
4416
1896
2912
3500
4324
2028
2971
3109
4919
1788
2976
3238
4374
1291
3044
3880
4458
1664
2393
3109
4351
1764
2429
4052
4839
2032
3022
3764
4754
1830
2607
3530
4532
1564
2877
3928
4814
1824
2226
3606
4179
2028
2787
3970
4145
2001
2766
3928
4242
2032
2343
3862
4961
1947
2575
3517
4660
1481
2097
3928
4437
1583
2296
3293
4985
1947
2567
3810
5059
2028
2735
3778
4397
1812
3015
3674
4559
1830
2817
3529
4938
1695
2257
3078
4317
1583
2820
3933
4159
1606
2833
3909
4384
1867
2470
3446
4150
2032
2672
3781
4747
2028
2623
3812
4808
2008
2608
4019
4197
1585
3023
4079
4755
1947
2920
3997
4848
1481
2787
3738
4822
1867
2352
3952
4562
1365
2432
3784
4938
1425
2058
3733
4694
1267
2830
3608
4869
1683
3007
3853
5047
1270
2971
3384
5108
1812
2978
3979
4822
1814
2085
3824
4839
1939
2881
3890
4633
1402
2825
3260
4143
1874
2905
3447
4830
1824
2443
3399
4207
1947
2971
4000
4422
1666
2972
3437
4955
1583
2628
3810
4414
1635
3041
3955
4505
2032
2345
3660
4675
1896
3044
3982
4589
1867
2470
3503
4414
1931
2352
3478
4872
2032
2567
3925
4562
1775
2575
3107
5096
2028
2649
3928
4909
1583
2649
3901
4858
2034
2567
3810
4962
1947
2857
3107
4720
1626
3007
3300
4351
1812
2478
3259
4496
1516
2888
3208
5089
1830
2887
3839
4494
1583
2544
3231
5089
1564
2813
3928
4537
1931
2800
3085
4512
2007
2209
3437
5096
1800
2257
3270
4985
2028
2939
3928
5112
1335
2881
3810
5118
1583
2775
4006
4866
1412
2863
3289
5059
1626
2874
3639
4606
1270
2789
3109
5050
1812
2868
3097
4985
1975
3034
3398
4715
1396
2820
3293
4784
1396
2833
4053
4962
1771
2060
3333
4227
1771
2225
3178
4189
1455
2809
3734
4420
1771
2820
3964
4988
2032
2354
3583
4715
1583
2799
3953
5099
1626
2997
3178
4237
1535
2908
4024
4150
1687
2346
3558
4803
1864
2249
3687
4578
1555
2498
3190
4728
1270
2972
3259
4773
1455
2939
3847
5023
1535
2875
3109
5029
1597
2741
3900
4700
1583
2868
4077
5094
1583
2971
3270
4715
1626
2905
4000
4939
1424
2957
3660
4503
1814
2552
3310
4782
1814
2700
3672
4498
1396
2971
3487
4287
1396
2820
3868
4254
1396
2085
3300
4414
1396
2277
3388
4821
1396
2629
3157
4647
1626
2268
3654
4979
1597
2881
3308
4776
1714
2162
3327
4119
1558
2907
3107
4739
1626
2644
3737
5056
1846
2432
3119
4623
1422
2057
3608
4547
1367
2164
3504
4640
1915
2815
3381
4512
1857
2463
3764
4886
1565
2119
3810
5064
1813
2544
3574
4629
1564
2343
3990
4263
1690
2800
4039
5050
1867
2206
3869
5086
1940
3042
3377
4823
1925
2552
3880
4411
1966
2830
3883
4715
1968
2320
3974
4177
1955
2561
3628
4970
1960
2344
3876
4715
1564
2921
3276
4676
1857
2314
3887
4851
1564
3032
3600
4817
1857
2525
3270
4864
1905
2347
3133
4810
1966
2320
3284
4197
2032
2407
3781
4917
2046
2815
3747
4931
2006
2274
3950
4985
1412
3050
3644
4720
1412
2558
3092
4439
1875
3070
3999
4933
1841
2587
3104
4507
1604
2510
3780
4100
1535
2812
3897
4431
1424
2905
3174
4492
1812
2607
3912
5047
1950
2255
3257
4193
1635
2939
3504
4676
1651
2219
4042
4655
1597
2815
3478
4897
1812
2857
3771
4380
1583
2224
3940
4625
1583
2971
3095
4251
1635
2552
3868
4414
2028
2789
3791
4119
1392
2324
3307
4739
1583
2906
3072
4287
1775
2971
3585
4998
1711
2976
3585
4763
1585
2253
3425
5007
1905
2939
4072
5007
1966
2452
3728
5095
1455
3042
3296
4961
2032
2629
3955
4292
1597
2644
3990
4254
1812
2283
3297
5110
1516
2206
3340
4732
1867
2478
3928
4990
1931
2990
3990
4884
1755
3012
3987
4876
1167
2939
3111
4743
1557
2818
3504
4505
1925
2612
3166
5050
1481
2474
3109
4446
1703
2714
3878
4436
1627
2344
3986
5023
1638
2383
3847
4221
1813
2439
3094
4711
