920
672
672
381
387
705
388
143
485
697
674
674
674
71
66
482
447
599
907
971
47
151
444
588
583
516
312
346
140
66
799
434
482
447
971
43
381
778
705
388
143
485
704
9
674
907
71
66
482
447
482
708
971
907
260
869
372
447
971
907
971
436
171
288
583
725
614
152
971
907
381
16
227
388
485
697
229
674
47
108
156
288
583
516
312
907
636
434
869
777
482
592
636
907
636
47
869
260
482
434
907
907
971
381
896
16
227
388
485
697
229
674
47
108
670
812
583
592
140
152
140
47
1019
66
482
592
971
43
971
381
869
777
20
592
46
43
9
381
281
969
388
485
697
46
674
47
210
71
609
912
592
636
43
381
436
235
288
754
725
309
117
140
117
799
260
206
117
206
43
971
381
778
306
789
1010
59
692
152
157
543
670
812
131
447
614
43
971
157
730
568
609
11
20
1015
900
436
171
439
583
365
170
1015
900
157
281
969
388
485
704
409
163
503
194
670
588
583
365
170
1015
157
921
324
568
424
317
599
552
759
203
444
368
758
762
785
862
42
285
778
306
789
1010
1010
135
157
503
194
670
368
758
240
170
558
157
696
324
568
424
659
10
406
808
958
171
439
758
516
170
552
157
134
281
969
143
975
485
234
229
225
203
288
609
131
461
346
157
895
134
730
568
609
445
785
406
434
976
171
999
162
10
457
10
406
808
295
227
789
1010
1010
240
1015
157
696
108
670
838
912
170
552
157
157
730
568
609
20
317
218
862
285
203
288
484
240
461
218
862
157
134
16
227
580
485
697
229
225
555
810
670
756
240
863
848
863
895
696
902
568
801
317
538
303
303
203
130
609
758
516
457
617
42
134
778
935
789
1010
1010
1015
157
4
171
288
676
538
863
863
157
157
625
613
609
762
323
298
834
862
436
915
288
838
317
955
5
303
450
295
72
111
369
72
789
1010
558
336
67
676
758
72
51
243
157
285
810
915
588
758
240
614
834
876
780
162
333
250
184
761
286
281
705
143
309
309
309
140
495
206
117
881
66
881
117
881
881
733
206
733
749
358
636
636
636
647
183
510
623
510
510
951
183
346
391
391
510
510
434
510
510
510
510
98
183
391
510
510
510
510
60
510
902
510
510
510
510
749
139
139
139
391
139
741
792
533
1194
3041
3938
4773
1412
3021
3724
4500
1535
2470
3365
4773
1535
3028
3314
4899
1535
2833
3242
5079
1385
2529
3348
4285
1830
3028
3996
4756
1365
3041
3695
4919
1063
2774
3123
4968
1443
2830
3499
4230
1812
2253
3197
4623
1365
2579
3103
4363
1830
2962
3644
4357
1359
2485
3096
4275
1365
2647
3890
5003
1975
2234
3398
4421
1359
2418
3504
4432
1830
2565
3504
4299
1485
3028
4077
4414
1814
2544
3096
4150
1862
2418
3619
4931
1846
2223
3845
4954
1365
2424
3329
4462
1385
2957
3708
4235
1365
2478
3171
4235
1424
2700
3931
4384
1365
2407
3925
4127
1365
2564
4052
4098
1359
2990
3950
4741
1984
3028
3908
4363
1535
3028
3276
4184
1535
2644
3106
4822
1997
3015
3817
4244
1509
2377
3619
4380
1812
2915
3912
4721
1565
2890
3477
5119
1412
2989
3638
4217
1359
2190
3143
4686
1412
2478
3613
4615
1359
2830
3796
4340
1753
2874
3208
4853
1830
2225
3743
5003
1270
2333
3517
4236
1846
2697
3819
4145
1351
2521
3485
4414
1814
2209
3881
4948
1535
2272
3577
4358
1535
2850
3546
4970
1824
2623
3881
4100
1424
2912
4056
4469
1535
2535
4090
4318
1814
2627
3672
4641
1351
2105
3884
4702
1674
3071
3869
4420
1862
2912
3274
4717
1351
2939
3796
4770
1789
2283
3504
4173
1997
2474
3073
4644
1586
2240
3123
4600
1812
2833
3807
4472
1683
2307
3843
5109
1365
2094
3619
5096
1535
3050
3270
4124
1424
2697
3310
5049
1359
2188
3189
5072
1939
2529
3259
4403
1359
2091
3662
4226
1359
2936
3319
4999
1535
2175
3477
4836
1535
2057
3681
4357
1984
3050
3737
4422
1385
2531
3929
4244
1814
2478
3935
4122
1270
2529
4042
4743
1535
2877
3111
4686
1824
3071
3103
4407
1683
2644
3771
5007
1535
2877
3849
4243
1812
3028
3771
4567
1359
2452
3358
4138
1830
2735
3398
4743
1270
2695
3154
4743
1424
2225
3491
4103
1812
2284
3710
4498
1830
2740
3994
4654
1878
2233
3945
4386
1270
2552
3530
4480
1812
2621
3096
4593
1535
3009
3837
4943
1830
2830
4077
4727
1964
2944
3979
4388
1270
2877
4056
4414
1109
2892
3491
4414
1535
2619
3200
4109
1517
2314
3094
4414
1211
2915
4094
4864
1739
2644
3862
4215
1753
2386
3660
4291
1753
2769
3327
4977
1537
2257
3738
4525
1270
3035
3869
4539
1535
2731
3638
4750
1610
2121
3080
4437
1250
2253
3742
4918
1830
2463
4017
5064
1940
2105
3533
4442
1359
2818
3581
5098
1535
2284
3923
4583
1553
2837
3115
4126
1683
2765
3994
4928
1812
2510
3685
4145
1359
2857
3558
4432
1365
2604
3951
4556
1270
2478
3511
4116
1424
2249
3179
4654
1535
2937
4024
4621
1385
2702
3410
4562
1270
2253
3927
4660
1359
2820
3674
4126
1396
2905
4007
4676
1422
2644
3753
4126
1297
2989
3600
4838
1191
2915
3708
4153
1250
2700
3166
4603
1565
2820
3398
4866
1838
2833
3663
4537
1412
2365
3478
4965
1270
3007
3994
4948
1412
2920
3801
4494
1250
3021
3876
4632
1270
2253
3094
4459
1535
2644
3406
4462
1753
2429
3745
4705
1365
2947
4048
4905
1830
2085
3881
4547
1359
3012
3324
4924
1365
2883
3844
4684
1109
2529
3924
4692
1359
2918
3157
4134
1830
2820
3103
4472
1359
2438
3831
4854
1535
2942
3870
4163
1359
2968
3403
4705
1535
2464
4091
4772
1535
2393
3839
4177
1365
2972
3698
4934
1830
2579
3881
4445
1270
2284
3810
4874
1365
2627
3768
4654
1109
2618
3814
5011
1270
2564
3232
4839
1351
2712
3847
4636
1351
2130
3420
4663
1674
2833
4077
4743
1606
2890
3890
4862
1939
2225
3810
4285
1975
2215
3171
4885
1626
2320
3579
4451
1878
2995
3610
4519
1034
2057
3663
4863
2042
2945
3608
4298
1683
2771
3691
4190
1975
2914
3934
4994
1812
2623
3945
4325
1683
2724
3555
4943
1535
2223
3487
4285
1455
2529
3706
5029
1351
2791
3456
4897
1365
2314
3530
4472
1830
2700
3216
4518
1674
2344
3201
4983
1531
2967
3608
4925
1782
2191
4089
4806
1830
2789
3753
4414
1270
2800
3232
5105
1504
2552
3075
4321
1753
2968
3454
4971
1830
2267
3979
5082
1535
2133
3810
4271
1940
2939
4077
4899
1353
2552
3126
4264
1564
2165
3933
4911
1830
2452
3166
4414
1695
2257
3859
5026
1732
2986
3974
4713
1814
2340
3740
5024
1535
2830
3878
4224
1830
2912
3931
4805
1535
2419
3207
4977
1535
2489
4029
4610
1864
3050
3499
4965
1940
2890
3639
4676
1365
2468
3950
4546
1535
2421
3802
4851
2047
2257
3884
4111
1535
2462
4079
4465
1535
2121
3738
4787
1365
2813
4094
5022
1597
2915
3423
4351
1814
2225
3885
4782
1365
3000
3698
4127
1830
2971
3990
5082
1270
2972
3869
4728
1812
3050
3512
4795
1535
2284
3223
4911
1535
2826
3883
4672
1270
2274
3663
4381
1359
2818
3965
4503
1593
2061
3602
4867
1034
2421
3608
4546
1424
2470
3439
4198
1359
2936
3952
4953
2047
2121
3608
4887
1109
2424
3426
4881
2009
3021
4010
4437
1535
2991
3186
4961
1695
3021
3106
4424
1878
2448
3621
5003
1485
2906
3747
4539
1535
2833
3830
4354
1109
2283
3940
4140
1359
2978
3542
4839
1365
2564
3919
4424
1830
2418
3749
4487
1109
2833
3410
4948
1359
2905
3154
4484
1270
2060
3819
4782
1535
2990
4072
5105
1359
2990
3727
4305
1830
2813
3938
4414
1385
2815
3437
4305
1812
2529
3621
5047
1535
2579
3904
4969
1662
2697
3949
4199
1250
2727
3450
4605
1739
2848
3608
5031
1537
2928
3555
4603
1535
2277
3508
4687
1878
2638
3530
4360
1178
2552
3260
4741
1359
2820
3801
4911
1537
3021
3576
4584
1535
2352
3577
4524
1359
3064
3410
4801
2014
2964
4077
4119
1535
2720
3542
4439
1270
2749
3933
4526
1754
2589
3950
4953
1754
2905
3425
4220
2014
2552
3260
4457
1385
2848
3933
4331
2018
2928
3348
4501
1351
2925
3979
4501
1830
2818
3530
4673
1535
2727
3933
4260
2018
3007
3662
4411
1535
2394
3888
4584
1535
2936
3856
5009
1792
2890
3700
4999
1567
2504
3271
4856
1509
2347
3101
4855
1739
2910
3101
5065
1753
3041
3884
4939
1838
2883
3530
4921
1270
2986
3109
4497
1565
2607
3995
4254
1753
2371
3736
4263
1838
2833
3238
4948
1270
2986
3938
4145
1739
2525
3109
4753
1517
2277
3950
4578
1500
2345
3377
4437
1838
2827
3364
4906
1712
2829
4020
4149
1610
3011
3103
4798
1782
2575
3208
4316
1565
2188
3859
5086
1455
2552
3523
4738
1838
2133
3073
4916
1838
2095
3660
4197
1838
2253
3491
4450
1915
2390
3157
4784
1915
2818
3084
4999
1410
2345
3758
4606
1985
2505
4093
4439
1584
2915
3114
4131
1250
2345
3753
4948
1250
2085
3995
4788
1555
2470
3384
4450
1812
2801
3202
4611
1372
2225
3869
4608
1455
2800
3893
4567
1555
3045
3225
4616
1396
2452
3603
4566
1191
2459
3557
5009
1782
2274
3764
4810
1975
2404
3995
4401
1915
2505
3772
4897
1610
2978
3974
4985
1083
3044
3884
4806
1455
2105
3403
4479
1396
2399
3900
4307
1606
2833
3913
5106
1838
2501
4054
4125
1838
2185
3740
4946
1838
2091
3995
4900
1838
2333
3810
4833
1875
2958
3512
4355
1584
3063
3599
4583
1346
2575
3608
4600
1783
2257
3098
4443
1755
2818
3843
5102
1250
2921
4020
5078
1597
2741
3557
4397
2032
3064
3526
4414
1565
3044
3208
4563
1666
2844
4055
5010
1597
2928
3532
4533
1975
2949
3293
4334
1814
2091
3675
4317
1841
2105
3282
4234
1691
2947
3504
4347
1396
2883
3384
4692
1270
2301
3225
4638
1396
2214
3094
4692
1396
2607
4006
4227
1612
2432
3820
4974
1824
2282
3740
4356
1396
3012
4000
4127
1838
2881
3235
4346
1669
2177
3620
4848
1637
2697
3382
4127
1718
2549
3383
4411
1813
2119
3734
4347
1703
2380
3778
4104
1838
2784
3403
4899
1812
3016
3820
4982
1636
2862
3178
4961
1703
2489
3335
4855
1409
2489
3319
4661
1874
2863
3245
5024
1874
2820
3583
5070
1597
3035
3684
4917
1753
2510
3377
4854
1469
2915
3734
4125
1250
2165
3297
4988
1753
2398
3974
4127
1828
2507
3590
4640
1455
2213
4090
4216
1424
2322
3590
4227
1985
3028
3661
4796
1718
2865
3475
4814
1412
2674
3335
4301
1606
2986
3818
4526
1612
2054
3564
5020
1396
2407
4089
4098
1237
2223
3178
4789
1875
3021
3097
4103
1877
2507
3829
4159
1935
2638
3385
4457
1737
2714
3513
4490
1211
2054
3157
4402
1610
2560
4085
4961
1664
2212
3734
4313
1785
3028
3953
4200
1915
2445
3491
4676
1610
2356
3152
4629
1412
2912
3350
4993
1412
2674
3094
4305
1436
2550
3675
4474
1691
2230
3918
4985
1683
2964
3311
4347
1874
2986
3644
4400
1396
2350
3576
5105
1427
2550
3706
4965
1824
2280
3615
4744
1838
2156
3730
4623
1915
3014
3126
4644
1396
2133
3713
4537
1782
2470
3467
4113
1409
2986
3383
4159
1606
2588
3967
4523
1874
2830
3094
4418
1737
2581
3376
4224
1839
2759
3902
4755
1936
3065
3940
4735
1436
3000
3310
4854
1838
2393
3555
4503
1985
2148
3907
4676
2001
2169
3184
4513
1610
2830
3452
4737
1771
2215
3333
4852
1412
2419
3686
4974
1211
2915
3981
4710
1533
2915
3957
5063
1250
2477
3308
4487
1838
2820
3647
4852
1874
2552
3447
4599
1455
2223
3812
4099
1637
3029
3590
4536
1674
2741
3210
4479
1606
2162
3827
5009
1455
2337
3856
4918
1606
2925
3615
5008
2032
2430
3398
5045
1237
2872
3157
4618
1321
2150
3986
4639
1683
2938
3641
4230
1975
2057
3733
4309
1878
2484
3115
4502
1270
2619
4065
4620
1270
2920
3888
5056
1812
2830
3979
5026
1396
2535
3157
4486
1109
2360
3585
4414
1424
3007
3969
4254
1455
2820
3115
4352
1874
2150
3928
5070
1683
2939
3152
4346
2031
2130
3529
4997
1753
2915
3661
4131
1838
2850
3694
4785
1396
3051
3810
4693
1396
2442
3157
4844
1396
2462
3103
4873
1396
2535
3727
4254
1610
3028
3981
5020
1610
3035
3781
4299
1047
2354
4090
4459
1396
2394
3924
4450
1412
2423
3622
4542
1412
3007
3915
4661
2047
2443
3398
5064
1455
2133
3248
4227
1396
2399
3477
4855
1610
3008
4090
4193
1636
2913
3744
4374
1824
2881
3414
4704
1674
2933
3178
4841
1612
2971
3734
4888
1396
2798
3270
4501
1612
2913
3828
4418
1455
2802
3383
4500
1534
3063
3447
4603
1610
2568
3467
4193
1606
2330
3682
4247
1455
3000
3738
5096
1288
2434
3476
4608
1703
3014
3176
4782
1771
2720
3238
4500
1703
2881
3098
4443
1982
2242
3890
4125
1703
2799
3388
4242
1771
2720
3839
4812
1703
2567
3335
4938
1975
2386
3188
4559
1671
2535
3854
4157
1745
2962
3876
4918
1655
2257
3559
4855
1211
2945
3523
4653
1739
2968
3372
4414
1263
2728
3583
4768
1509
2257
3800
4853
1985
2660
3178
4556
1782
2333
4030
4755
1753
3061
3504
4739
1838
2085
3634
4636
1838
2573
3734
5095
1915
2818
3787
4193
1782
2811
3820
4458
1191
2252
3309
4470
1455
2057
3702
4145
1996
2584
3581
4821
1998
2850
3623
4127
1637
2097
3739
5109
1915
2591
3293
4305
2001
3035
3737
4939
1455
2356
3499
4983
1606
2186
4091
5096
1396
2627
3335
4132
1838
2277
3223
4641
1838
2430
3880
4296
1604
2257
3734
4897
1975
2979
3809
4545
1610
2754
3820
4334
1597
3050
3840
4197
1950
2529
3293
4768
1610
2655
3098
4704
1812
2321
3907
4692
1396
2925
3428
4302
1396
2720
3862
4283
1412
2966
3403
5069
1874
2833
3841
5009
1531
2190
3092
4692
1504
2741
3291
4741
1509
2957
3536
4414
1838
3035
3883
4586
1455
2989
3178
4715
1812
2371
3715
4205
1597
2579
3841
4988
1812
2966
4048
4347
1940
2925
3390
4549
1812
2647
3684
5009
1412
2247
3384
4681
1412
2238
3583
5026
1564
2925
3504
4358
1686
2627
3843
4720
1687
2474
3780
4295
1814
2632
3171
4766
1830
2261
3662
4643
1975
2538
3734
4139
1351
3050
3994
4400
1753
2354
3820
4379
1351
3028
3862
4971
1830
2820
3598
4243
1718
2564
4051
4804
1985
3028
3210
4247
1396
2859
3728
4830
1975
2048
3187
4804
1841
2884
3790
4437
1691
2830
3716
4450
1975
2214
3242
4861
1975
2608
3684
5025
1396
2573
3684
4348
1915
2716
3583
4136
1396
2253
3684
5034
1874
2137
3178
4855
1674
2065
3269
4619
1246
2407
3225
4609
1246
2764
3235
4416
1597
3038
3293
4244
1950
2915
3394
4420
1674
2799
3740
4768
1424
2820
3953
4227
1455
2456
3622
4356
1784
2716
3737
4193
1838
2718
3384
5010
1950
2659
3382
4113
1985
2820
3724
4988
1396
2398
3583
4715
1555
2344
3728
4227
1874
2937
3447
4646
1186
2659
3965
4873
1638
2297
3288
4694
1610
2881
4077
4254
1455
2716
3529
4236
1396
2360
3307
4559
1455
2280
4055
4954
1412
2682
3884
4390
1246
2775
3310
4430
1985
2452
3763
4921
1270
2214
3833
4414
1156
2214
3704
4554
1597
2547
3783
4119
1396
2719
3443
4198
1412
2945
3989
4098
1776
2905
3680
5108
1679
2059
3078
4748
1509
2406
3191
4707
1678
2825
3329
4881
1993
2579
3644
4184
1427
2214
3107
4255
1396
2214
3407
5022
1610
2646
4038
4783
1424
2719
3564
4283
1427
2716
3843
4814
1838
2137
3324
4836
1403
2320
3243
4349
1536
2884
3301
4502
1250
2333
3443
4604
1427
2214
3762
4683
1186
3066
3162
4606
1526
2874
4021
4316
1915
2535
3953
4662
1739
2168
3475
4620
1880
2949
3307
4393
1782
2137
3293
4624
1779
2801
3740
4665
1480
2884
3149
4244
1480
2333
3414
4691
1290
2459
3771
5097
1838
2168
3771
4733
1812
2148
3219
4578
1555
2789
3176
4653
1396
2716
3997
4947
1346
2224
3319
5108
1409
2619
3861
4939
1409
2331
3414
4741
1396
2762
4054
4096
1838
2333
3202
5003
1606
2149
3918
4860
1123
2484
3771
5105
1270
2386
3409
4142
1254
2741
3319
5034
1533
2811
4093
4758
1250
2489
3924
5064
1427
2137
3582
4886
2045
2278
3981
4200
1436
2544
3574
5117
1828
2333
3861
4864
1409
3033
3660
4096
1828
2594
3406
4243
1862
2406
3876
5025
1396
2942
3771
4281
1669
2470
3398
4119
1878
2719
3974
4490
1994
2222
4085
4759
1267
2438
3796
4099
1683
2938
3382
5013
1385
2300
3538
4897
1846
3021
3728
4876
1405
3021
3743
4670
1596
2185
3080
4103
1610
2498
3989
4223
1753
2716
3580
4370
1838
3028
3585
4860
1610
2331
4088
4439
1784
2558
3336
4402
1028
2884
3608
4565
1838
2347
3876
4096
1739
2214
3129
4502
1753
2731
3690
4450
1838
2277
4089
4253
1814
2544
3591
4228
1841
2552
3348
5005
1753
2137
3661
4660
1718
2512
3831
4665
1868
2884
3581
4430
1661
2225
3293
4479
1250
2214
3293
4105
1412
2820
4055
5097
1830
3066
3928
4119
1841
2311
3089
4670
1838
2186
3620
4853
1250
2862
3620
4796
1915
2889
3825
4755
1814
2185
3244
4245
1424
2972
3324
4900
1396
3038
4045
4715
1412
2642
3384
4772
1424
2274
3876
4211
1666
2148
3674
4691
1940
2883
3474
4605
1947
3050
3580
4961
1396
2082
4093
4301
1874
2343
3974
4675
1409
2830
3928
4821
1606
2429
3876
4766
1703
2947
4093
4453
1936
2863
3622
5020
2008
2613
3398
4998
1874
2928
3340
4188
2032
2133
3925
5022
1940
2925
3822
4263
1875
2061
3780
4670
1267
2894
3197
4869
1878
2821
3789
4999
1878
2672
3915
4575
1878
2279
3918
4728
1878
2607
3828
4351
1878
2857
3937
4516
1814
2905
3787
4391
1878
2506
3673
4558
1878
2773
3603
4782
1385
2999
3855
4136
1878
2176
3463
4567
2018
2833
3662
5096
1695
3021
4000
4720
1878
3039
3496
4943
1830
2787
3746
4293
1695
3021
3189
4309
1385
2939
3567
4990
1878
2721
3500
4519
1535
2250
3928
4461
1878
2714
3554
4911
1270
2905
3087
4672
1695
2724
3436
5028
1385
2048
3169
4722
1830
2270
4052
4594
1535
2796
3260
4367
1535
2421
3990
4278
1814
2691
3126
4918
1535
2354
3536
4260
1359
2882
3257
4156
1535
2162
3533
4461
1359
2628
3602
5023
1535
2735
3839
4575
1830
2324
3577
4097
1270
2489
3257
4410
1564
2467
3210
4567
1812
2672
3510
4567
1814
2968
4022
4670
1109
2589
3425
4636
1564
2925
3623
5011
1109
2064
3375
5023
1812
2284
3559
4806
1351
2800
4056
4924
1830
2716
3608
4728
1597
2787
4039
4620
1812
2133
3231
5074
1940
2647
3878
4374
2018
2741
3598
4970
1820
2333
3231
4750
1612
2983
3949
4942
1806
2048
3687
4386
1936
2619
3915
4776
1564
2314
3115
4952
1828
2936
3974
4106
1564
2253
3947
4782
1270
2465
3115
4414
1812
2133
3523
4502
1940
2489
3632
4838
1718
2968
3622
4421
1940
2796
3999
4715
1982
2623
3324
4823
1564
2619
3126
4912
1936
2787
3818
4537
1081
2702
3475
5037
1963
2208
3152
4630
1982
2253
3868
4971
1940
2320
3308
4198
1968
2937
3436
4510
1718
2741
3843
5081
1703
2787
3950
4830
1985
2830
3742
4459
1982
2048
3839
4113
1718
2815
3997
4855
1936
2793
3884
4459
1564
2658
3341
4855
1936
2253
3687
5074
1564
2672
3684
4694
1985
2644
3721
4197
2001
2623
3747
4325
1718
3028
3674
4942
1982
2393
3810
4727
1669
2701
3486
4411
1438
2225
3183
4829
1606
2817
3955
4416
1985
2815
4007
4739
1982
2324
3868
4347
1940
2090
3507
5011
1936
2937
3308
4136
1985
2825
3073
4590
1438
2224
3447
4893
1703
2323
3098
4861
1985
2721
3859
4134
1874
2054
4045
4605
1828
2168
3884
5029
1409
2608
3573
4680
2001
2320
3579
4567
2045
3044
3373
4702
