920
888
200
974
632
632
632
87
888
132
200
1011
409
18
573
286
772
353
57
430
974
860
286
441
180
126
90
762
348
348
146
403
810
7
541
462
1009
842
596
960
916
115
925
925
60
901
137
441
781
906
577
750
773
666
773
164
973
888
200
974
342
3
164
316
301
925
60
884
925
137
884
976
670
619
373
131
901
36
722
17
734
734
462
992
992
823
992
992
372
992
823
992
992
992
105
278
94
992
992
992
664
664
324
568
992
664
992
664
992
722
705
926
270
1009
312
863
140
210
799
863
538
863
404
863
381
434
568
801
538
863
538
863
960
916
228
96
46
43
206
818
381
537
568
74
860
592
46
117
848
15
180
635
90
592
971
381
722
235
439
462
1009
779
842
201
596
726
916
115
714
714
761
163
781
781
417
577
486
773
666
773
888
867
975
572
290
714
955
988
301
153
316
714
409
963
884
976
441
734
282
992
842
992
814
311
186
467
182
597
950
597
884
164
153
342
771
631
771
608
65
278
417
581
931
950
597
264
722
311
45
45
745
135
641
106
324
886
424
659
10
962
10
14
324
902
10
14
10
406
901
274
311
926
581
950
240
531
140
210
799
66
482
592
206
43
381
278
568
258
831
714
409
409
503
180
126
762
631
120
146
370
436
235
17
282
59
842
827
666
531
742
916
433
115
457
35
982
781
906
577
931
61
666
773
201
539
888
200
974
714
229
5
51
916
916
115
457
552
921
884
511
619
809
534
925
925
36
972
311
103
754
908
118
734
140
992
799
664
664
206
992
599
992
814
7
288
282
521
692
531
776
960
916
437
82
681
636
558
319
164
181
973
7
103
467
152
309
152
140
117
206
907
977
977
977
977
977
977
641
977
977
977
977
977
977
977
977
977
977
977
977
977
977
977
977
977
977
977
977
977
977
977
977
977
977
977
977
977
977
98
977
977
977
977
977
977
977
977
977
977
977
977
977
77
977
977
977
977
977
977
977
977
977
977
977
977
977
977
977
977
977
977
977
977
977
977
8
977
977
977
977
977
434
977
921
353
228
94
698
977
977
977
387
261
653
293
566
977
332
406
808
528
735
282
40
170
662
286
625
278
613
698
530
463
759
376
705
866
50
866
1011
704
704
621
517
517
517
409
77
792
533
1352
2051
3507
4814
1671
2424
3986
4639
1583
2660
3149
4227
1635
2990
3478
4539
1931
2741
4000
4414
1585
2971
4019
5090
2034
2833
3670
4639
1368
2905
3825
4776
1585
2333
4008
4771
2034
2462
3608
4510
1368
2971
3494
4931
1554
2451
3822
4914
1671
2962
4036
4161
1535
2354
4019
4127
1755
2612
3786
5109
1397
2365
3398
4971
1755
3023
3600
4593
1589
2833
3822
4653
1300
2735
3690
4122
1349
2162
4077
4111
1589
2939
3526
5012
1368
2694
4036
5094
1607
2989
3398
4589
1723
2467
3690
5008
2000
2985
3839
4447
1788
2511
3997
4616
1878
2457
3586
4374
1327
2134
3433
4720
1906
2940
3919
4615
1392
2404
3878
4285
2003
2717
3197
4497
1931
3069
4036
4122
2003
2859
3608
5112
1345
2177
3940
5050
1160
2283
3952
4971
1659
2277
3504
4970
1870
2665
3830
4339
1947
2902
3315
4980
1216
2147
3675
4307
1703
2652
3310
4387
2032
2639
3171
4519
2006
2130
3660
4985
2001
2639
3384
4548
1216
2057
3175
4098
2028
2726
4032
4510
1047
2253
3358
4387
1409
3023
3740
4977
1424
2746
3297
4705
1975
2535
3157
4651
1425
2186
3178
5033
1560
2340
3104
4127
1270
2181
3245
4883
1753
3007
3583
4741
1814
2916
3377
4805
1830
3035
3820
4805
1874
2085
3505
4227
1583
3035
3734
5100
2024
2085
3942
4988
2006
2510
3245
4561
1771
2188
3797
4272
1669
2337
3346
5003
1047
2133
3491
4194
1925
2130
3522
4135
1764
2451
4091
4677
1047
2697
3668
4335
1216
2501
3751
4875
1216
2462
3401
4861
2001
2501
3753
4125
1047
2986
4053
4517
1714
2454
3552
4820
1669
2280
4007
4701
1975
2640
3844
4758
1975
2112
3555
5050
1878
2962
3605
4805
1878
2945
3281
4805
1754
2196
3672
4918
2045
3064
3449
4358
1975
2721
3255
4556
1910
2802
3686
4557
1814
2920
3281
4243
1669
2354
3953
4121
2045
2196
3465
4358
1681
2727
3281
4713
1838
2579
3555
4587
1136
2283
3868
4594
1374
2715
3608
4928
1064
2424
3998
4512
1867
2937
4036
4937
1931
2937
4077
4432
1867
2789
3647
4324
1635
2942
3982
4488
2028
2905
3670
4675
1993
3028
3507
4483
1949
2085
3315
4854
1583
2775
3335
4145
2028
2419
4019
4899
1788
2421
3259
4190
1949
2501
3745
5105
1315
2876
3675
5112
1047
2789
3810
4926
1558
2406
3528
4554
1949
2462
3674
5071
1720
2567
3478
4866
1519
2766
3373
4763
1925
2176
4091
4751
1669
2394
3645
5031
1669
2825
3154
5037
1519
2525
3583
5039
1813
2108
3202
4692
1262
2512
3098
5039
1675
2332
3468
4140
1892
2830
3154
4601
1093
2830
4000
4751
1899
2347
3918
4201
1759
2584
3724
4751
1629
2274
3186
4295
1711
2133
3867
4711
1047
2097
3869
4337
1826
3051
3662
4190
2013
2081
3348
4937
1040
2072
3921
4451
1459
2190
3686
4444
1938
2065
3281
5028
1272
2063
3753
4136
1294
2065
3449
4465
1778
2065
3707
4714
1509
2063
3730
4802
1739
2081
3545
4126
1753
2911
3912
4660
1684
2190
3921
4443
1655
2190
3281
5028
1938
2063
3104
4660
1739
2481
3370
4774
1509
2548
3632
4724
1081
2190
3949
4804
1385
2081
3148
4114
1211
2349
3458
4556
1412
2481
3312
4291
1938
2190
3104
4888
1250
2753
3555
4299
1814
2081
3784
4389
1778
2548
3641
4805
1878
2294
3937
4443
1983
3021
3449
4802
1753
2561
3707
5070
1940
2481
3366
4850
1936
2516
3281
4715
1936
2585
3874
4419
1730
2671
3449
4923
1081
2349
3281
4898
1081
2063
3535
4128
1412
2081
3148
4805
1610
2772
3912
5093
1940
2772
3629
4443
1936
2081
3540
4386
1480
2772
3540
4763
1412
2863
3449
4178
1982
2643
3107
4496
1081
2821
3107
4496
1940
2401
3373
4990
1940
2772
3540
4281
1940
2063
3488
4615
1936
2192
3715
4470
1936
2585
4074
4496
1982
2883
3686
4332
1571
2219
3502
4468
1211
2457
3878
4242
1806
2512
3734
4140
1178
2085
3979
4933
1178
2148
3663
4193
1178
3021
3338
4173
1980
2529
3459
5108
1980
2529
3212
4570
1612
2712
3579
4570
1081
2565
3684
4112
1864
2509
3875
4473
1864
3021
4055
4593
1862
3021
3234
4451
1878
2707
4093
4730
2024
2820
3663
4232
1681
2407
3439
4655
1646
2257
3684
4988
1646
2257
3684
4256
1806
2529
3382
4422
1178
2257
3115
4227
1178
2257
3178
4491
1178
2257
3684
4646
1939
2529
3244
4988
1939
2987
3979
4973
2018
2257
3583
5007
1359
2641
3862
4414
1081
2884
3685
4402
1412
2769
3289
5007
1862
2140
3734
4928
1535
2261
3352
4715
1617
2857
3684
4733
1359
3008
3307
4319
1429
2932
3307
4248
1982
2890
3585
4351
1985
2121
3684
4494
1564
2314
3189
4817
1878
2140
3525
4109
1166
2721
3209
5017
1535
2617
3621
4276
1535
2283
3076
4772
1535
2222
3344
5017
1789
2121
3734
4990
1429
2920
3796
4399
1178
2589
3583
5036
1535
2831
3846
4633
1939
2989
4077
4599
1939
2962
4045
4646
1878
2916
3704
5041
1906
2565
3269
4680
1604
2492
3363
4905
1270
2424
3195
4428
1800
2535
3504
4315
1535
2465
3916
4759
1931
2459
3872
4119
2003
2463
3307
4414
1557
2849
3094
4343
1931
2077
3335
4357
2009
2214
3504
4369
1931
2820
4093
5025
1516
2820
3231
4200
1396
2484
3770
4788
1597
3069
3652
4334
1516
2564
3577
4414
1535
2508
3867
4287
2032
2905
3600
4733
1557
2628
4077
4741
1626
2399
3970
4680
2032
2874
4077
4119
1161
2649
4079
4203
1788
2978
3653
5108
1868
2216
3881
4285
1644
2989
3439
4703
1848
2784
3608
4187
1173
2799
3608
4248
1812
2282
3212
4122
1564
2282
3120
4512
1695
2348
3796
4299
1604
2320
3734
4400
1635
2261
3245
4242
1932
3021
3583
4302
1824
2540
3625
4692
1669
2064
3583
4733
1669
2143
3974
4193
1764
2557
3513
4398
1930
2756
3400
4662
1930
2741
3185
4554
1047
3028
3094
4122
1489
2579
3296
4540
1175
2467
3935
4917
1519
2877
3914
4739
1764
2487
3952
4814
1896
2945
3276
4335
1801
2111
3904
4540
1864
3042
3955
4867
2013
2548
3644
5013
1142
2514
3720
4664
1910
2243
3854
4354
1754
2454
3410
4418
1123
2514
3253
4942
2014
2588
3436
4951
1409
2640
3555
4390
2045
2536
3449
4836
1754
2130
3707
5030
1409
2906
3702
4325
1828
2354
3465
5105
1396
3012
3450
4556
1425
2969
3253
4476
1730
2928
3757
4976
1351
2921
3538
4731
1931
2421
3898
5098
1519
2907
3107
4788
1969
3028
3529
4504
1969
2463
3783
5089
1969
2585
3982
5089
2001
2802
3802
4232
1801
2874
3504
4560
1409
2085
4008
4615
1523
2942
3504
4416
1831
2085
3398
5087
1755
3028
3200
4319
1585
2510
4083
4881
1723
2912
4091
4980
2007
2547
3216
4754
1690
2983
3526
4299
1047
3007
3681
4447
1801
2253
3619
5089
1930
2545
3500
4751
1597
2544
3918
4771
2028
2628
3398
4472
1938
2545
3321
4717
2030
2911
3784
4268
1608
2190
3784
4443
2042
2548
3264
4715
1081
2190
3874
4299
1211
2190
3730
4573
1874
2190
3912
4385
1455
2063
3921
4472
1936
2190
3180
4470
1455
2772
3462
4743
1346
2481
3784
4923
1684
2371
3458
4322
1737
2821
3205
4217
1081
2191
3959
4513
1824
2585
3275
5061
1565
2354
3730
4862
2028
3024
3210
4226
1666
3024
3883
4381
1824
3024
3242
4728
1674
2764
4027
5030
1993
3038
4027
4942
1996
2939
3210
5067
1950
2459
3576
4918
1936
2511
4073
5093
2003
2277
3773
4763
1764
2912
3997
5009
1583
2818
3704
5022
1666
3000
4074
4530
1666
3062
3440
4281
1764
2815
3815
4727
2008
2800
3398
4800
1936
2181
4007
4120
1764
2932
3198
4109
1947
2333
3540
4281
1573
3042
3608
4593
1573
2249
3202
4728
1826
3021
3365
4603
1535
2786
3794
4661
1674
2612
4014
4965
1606
2316
4077
4504
1351
2789
3499
4946
1674
2612
3216
4942
1606
2789
4085
4242
1832
2225
3176
4954
1674
2588
4006
4942
1637
2181
3414
5045
1209
2181
3259
4537
1592
2089
3753
5066
1729
2547
3722
4343
1406
2101
4046
4794
2024
2139
3106
4218
1156
2346
3787
4234
1985
2101
3323
5023
1455
2139
3677
4893
1081
2547
3856
4731
1351
2342
3856
4899
1346
2730
3073
4822
1156
2765
3106
4234
1636
2101
3918
5050
1984
2730
3494
4843
1938
2965
3812
5104
1980
2351
3484
4117
1409
2576
3502
4731
1156
2546
3831
4751
1402
2547
3407
4897
1985
2691
3202
4418
1985
2117
3079
4731
2024
3023
3428
4292
2024
2333
3978
4197
1156
3039
3833
4661
1156
2061
3710
4814
1806
2101
3670
4841
1637
2266
3833
4530
1156
2724
3816
4306
1636
2579
3200
4190
1480
2971
3320
4676
1982
2354
3320
4234
1828
2478
3209
4530
1636
2818
3883
4140
1985
2906
4083
4853
1666
2585
3708
4215
1522
2940
3986
4802
1356
2257
3796
4999
1211
2506
3149
5068
1406
2312
3691
4151
1674
2874
3485
4468
2044
2766
3536
4993
1961
2115
3456
4916
1681
2571
3634
4371
2044
2947
3949
4416
1830
2313
3536
4103
1846
2083
3608
4364
1666
2723
3998
4182
1830
2468
3890
4414
1535
2990
3747
4360
1535
2270
4020
4756
1626
2905
3088
4763
1535
2057
3964
4772
1535
2990
3450
4999
1535
2857
3702
4844
1535
2695
3450
4615
1606
2905
3675
4138
1626
3012
3890
4508
1830
2249
3699
5047
1218
2944
3149
5027
1516
2723
3890
4928
2003
2883
3979
4911
1931
2591
3791
4848
1392
2764
3351
4459
1481
2813
3891
4795
1519
2612
3154
4623
2035
2741
3890
4983
1807
2859
3890
5115
1777
2990
3931
4873
1991
2225
3931
4755
1481
2820
3154
4862
1257
3029
3675
4975
1083
3023
3993
4979
1703
2639
4042
4700
2032
2639
3952
4636
1812
2130
3078
4829
1703
2764
3795
4540
1216
2455
3526
4540
1925
2130
3868
4510
1635
2639
3932
5061
1537
2498
3979
4510
1830
2468
3348
5076
1814
2521
3314
4343
1655
2498
4030
4557
1128
3063
3608
5107
1270
2316
3583
5034
1604
2307
3819
4931
1939
2874
3509
4692
1270
2677
3811
4581
1753
2936
3178
4149
1838
2565
3734
4617
1862
2983
3245
4896
1862
2697
3583
4741
1830
3035
3583
4137
1612
2484
3583
4422
1431
2962
3111
4276
1535
2936
3751
5027
1867
2833
3879
4156
1209
2344
3095
4813
1925
2826
3185
5041
2028
2252
3106
4249
1083
2707
3670
4711
2032
2289
3162
4267
1047
2869
4091
5037
2028
2952
3870
4756
1936
2862
3932
4722
1425
2117
3686
4363
1878
2760
3465
4816
2014
2939
3512
4556
1846
2640
3702
4230
1606
2921
3281
5047
1874
2928
3555
4687
1947
3064
3890
4573
1409
2762
3450
4385
1703
2607
3555
4380
1824
2848
3450
4470
1606
2133
3707
4103
1764
2800
3702
4436
1754
2156
3932
4780
1856
2589
3512
4966
1635
2505
3256
4478
1846
2738
3309
4414
1931
2942
3660
4502
1755
2944
3843
4866
1947
2564
4042
4789
2028
2834
3826
4255
1949
3043
3526
4314
1635
2293
3870
4150
1666
2240
3675
4472
1945
2130
4014
4936
1209
2915
3944
4855
2001
2937
3423
4834
1209
2153
3681
4774
1315
2326
3313
4170
1925
2920
3890
4961
1949
2333
3997
4756
1949
2913
4042
4340
1209
2233
4059
4526
1874
3042
3325
4758
1669
2238
3810
4556
1610
2354
3449
4301
1263
2735
3496
4538
1669
2972
3702
5024
1637
2855
3583
5095
1669
2222
3844
4227
2008
2246
3491
4917
1291
2857
3487
4646
1696
3016
3734
4999
2015
2966
4030
4792
1794
2874
3583
4103
1857
2875
3583
4289
1339
2660
3986
4560
1133
2699
3608
4440
1753
2741
3733
4103
1535
2689
3508
5105
1173
3021
3672
4203
1671
2202
3433
4316
1040
2183
3224
5119
1778
2548
3545
5023
1081
2063
3180
4299
1908
2481
3730
4420
1294
2815
3707
4299
1975
2922
3338
4443
1178
2190
3281
5064
1878
2183
3881
4556
1178
2481
3883
4774
2018
2548
3921
4103
1975
2821
3384
4651
1081
2481
3515
4483
1878
2499
3331
4451
1975
2521
3338
4443
2047
2821
3281
4418
1753
2911
3462
4223
2024
2529
3784
4443
1753
2121
3264
4925
1081
2063
3959
4586
1531
2958
3738
5111
1436
2525
3912
4676
1806
2261
3224
4197
1636
2529
3449
4565
1936
2635
3275
4802
1980
2261
3478
4117
1838
2703
3224
4203
1674
2176
3264
4478
1838
2443
3264
4700
1936
2225
3523
4576
1664
2608
3990
4976
1455
2971
3296
4353
1565
2121
3101
4918
1824
3035
4008
4227
1824
2333
3500
4459
1635
2266
4051
4965
1564
2148
3758
4971
1626
2905
3452
4727
1664
2529
3137
4657
1666
2971
3536
5027
1824
2802
3940
4253
1940
2612
3210
4589
1993
2333
3414
4727
1824
2717
3485
4145
1351
2525
3274
4860
1764
3028
3903
5029
2044
2850
3834
4587
1745
2182
3558
4362
1848
3023
3176
4905
1669
2971
3913
4743
1789
2364
3491
4697
1789
2971
3511
4180
1789
2830
3796
4727
1789
2400
3796
4526
1535
2830
3690
4346
1178
2257
3582
4988
1535
2506
3270
4481
1535
2436
3890
4720
1939
2712
3870
4618
1535
2544
3259
4730
1864
2567
3504
4654
1535
3071
3990
4589
1862
3022
4077
4459
1535
2789
3807
4335
1535
2111
3095
4817
1535
3012
3940
4549
1789
2257
3691
4875
1535
2119
3491
4351
1564
2498
3935
4153
1535
2111
3845
4844
1535
2398
3923
4618
1535
2944
3428
5047
1535
2478
4064
4604
1828
2940
3300
4458
1535
2054
3605
4610
1939
2912
4077
4856
1535
2544
3920
5112
1939
2419
4077
4465
1535
2398
3119
4537
1864
2257
3212
5096
1626
2905
3870
4342
1862
2940
3698
4917
1626
2412
3915
4478
1862
2940
3945
5096
1535
2942
3923
5059
1789
2257
3855
4730
1535
2224
3178
4286
1535
2506
3297
4307
1635
2121
4053
4193
1535
2054
3459
4248
1606
2498
3934
4862
1755
2971
3990
5024
1789
3022
3098
4414
1755
2912
3933
5037
1939
2868
3248
4414
1626
2498
3459
4560
1867
2912
4077
4942
1939
2257
4053
4661
1635
3022
3111
4603
1867
2565
3764
4548
1626
2223
3613
4149
1351
2224
3866
4823
1626
2944
3778
4817
1925
3022
4077
4953
1755
2419
3335
4861
1789
3022
3491
4788
1867
2054
4077
4763
1635
3010
3335
4759
1626
2905
3119
4953
1519
2419
3300
4175
1755
2398
4088
4364
1535
2506
3388
5041
1626
2608
3900
5049
1867
2791
3783
4558
1755
2791
3119
5037
1867
2791
4077
4852
1755
2945
3335
4906
1626
2972
3111
4740
1867
2623
3082
4792
1755
3008
3119
4539
1867
2223
3300
5059
1755
2419
3119
4792
1925
3022
4077
4305
1867
2529
4008
4852
1635
2419
3540
4893
1755
2100
3111
4202
1755
2119
3338
4861
1635
2119
3598
4771
1626
2789
3081
4711
1519
2700
3649
4810
1755
2937
3843
4296
1519
2791
3300
4684
1755
2972
3082
4487
1867
2791
3669
5059
1755
2791
3747
4711
1867
2936
3649
5087
1626
2482
4087
4197
1626
2972
3996
4700
1690
2936
4077
4800
1755
3012
4004
4548
1867
2972
3843
4332
1626
2857
3335
4190
1867
2972
4056
4830
1690
2789
4077
4342
1925
3022
3639
4120
1755
3041
3511
4875
1635
2968
3598
4935
1457
2419
4053
5115
1519
2412
3335
4810
1755
2119
3310
5041
1519
2700
3335
4296
1690
2800
3764
4120
1867
2791
3914
4496
1690
2905
3945
4265
1867
2791
3649
5041
1519
2936
3675
4296
1690
2800
4077
4898
1857
2149
3148
4351
1690
2789
4077
4800
1867
3012
3498
5049
1690
2936
4077
4221
1925
3022
3335
4120
1690
2700
4053
4813
1925
2944
3506
4696
1690
3012
3305
4939
1690
2944
3498
4496
1635
2857
3498
4120
1690
2791
3778
4332
1519
2119
3119
4800
1690
2064
3111
5059
1519
2307
4077
4296
1701
2857
4053
4338
1914
2712
3081
4502
1690
2215
4039
4919
1867
2149
3673
4351
1690
2791
4077
4496
1622
2712
3888
4451
1457
2936
3698
4759
1622
2529
3870
4332
1867
2054
3327
4636
1690
3012
3081
4732
1622
2253
3914
4955
1690
2968
3498
4496
1925
2577
3747
5050
1300
2419
3839
4496
1587
2398
3327
4755
1659
2119
3942
4864
1732
2457
3276
4432
1755
2122
3870
5070
1755
2054
4042
4711
1755
2791
3885
4546
1690
2887
3715
4494
1895
2791
3327
4322
1700
2912
4004
4906
2025
2567
4053
4332
1959
2567
3675
4496
1622
2912
3327
4132
1547
2936
4056
4496
1279
3028
3498
4496
1755
2942
4077
4128
1755
2735
3914
4332
1700
3012
3335
4414
1959
2813
3778
5112
1690
3012
3952
5022
1622
2585
3690
4800
1690
2119
4008
4190
1300
2119
3257
5096
1884
2333
4089
4554
1884
2997
4010
4728
1300
2791
3690
5037
1914
2401
3398
4661
1943
2424
3746
4468
1104
2255
3478
4919
1694
2677
3486
4145
1594
2791
3201
4507
1181
2467
3914
5096
1801
2920
3270
5022
1807
2649
4053
4654
1694
2054
3914
4694
2025
2192
3257
5110
1547
2531
3924
4950
1931
3039
3783
4860
1397
2277
3413
4776
1659
2886
3876
4362
1807
2971
3727
4974
1300
2905
3478
4546
1622
2717
3783
4810
1995
2333
3704
5059
1884
2912
4008
4283
2000
2971
3914
4615
1884
2333
3935
4145
1300
2215
4088
4489
1547
2307
3654
4192
1495
2364
3981
4110
1443
2962
3670
4908
1535
3071
3639
4714
1087
2712
4077
4356
1385
2547
3558
4444
1659
2748
3940
4474
1755
2224
3674
5058
1755
2818
4039
5115
1622
2833
3952
5047
1755
2857
3997
4654
1659
3012
3778
4860
1349
3012
4077
4950
1959
2789
3891
4845
1843
2350
3504
4305
1232
2253
4072
4150
1884
2452
3824
5059
1232
2168
3259
4150
1371
2748
3935
4296
1049
2419
3747
4589
1349
2942
3870
4926
1371
2592
3952
5096
1300
3012
3335
4905
2000
2820
3925
4955
