567
749
863
863
169
419
763
577
378
749
464
863
320
874
662
152
153
749
749
657
320
697
238
859
504
317
982
863
320
761
455
871
267
153
87
587
87
396
618
169
131
368
698
87
820
159
618
169
169
837
7
7
965
941
53
501
313
9
310
449
23
475
543
475
543
313
543
78
933
317
372
779
916
779
360
779
360
779
360
779
657
779
360
360
169
131
456
66
965
941
501
48
9
867
248
449
975
870
360
870
360
870
4
943
667
379
698
87
61
163
396
169
647
406
317
87
264
396
820
396
618
131
456
555
965
941
614
501
48
102
248
449
360
543
360
870
360
870
525
250
814
583
698
87
87
396
163
396
169
406
317
390
87
396
163
159
618
455
808
153
372
965
941
889
528
528
449
248
449
100
587
240
396
525
169
647
564
921
309
598
704
97
704
807
657
65
379
698
87
15
163
396
169
131
456
66
941
965
941
501
48
9
310
449
475
23
475
543
313
543
313
543
69
153
691
916
779
360
779
779
360
779
360
962
360
779
360
779
525
169
69
153
197
965
941
614
48
9
248
449
360
23
360
870
360
870
525
419
612
555
698
691
87
396
820
169
169
406
317
87
87
820
396
169
169
169
148
153
197
941
614
205
501
464
528
310
464
360
23
360
870
360
297
169
814
829
273
87
87
396
163
169
169
943
973
390
87
396
820
169
169
169
267
66
372
684
941
614
161
9
641
449
248
532
100
587
163
674
213
871
455
19
317
321
945
321
339
169
169
131
328
164
390
321
339
618
242
169
328
664
66
965
941
941
501
528
9
232
248
23
410
396
224
396
224
18
210
612
933
698
204
945
459
204
459
224
279
570
279
279
570
279
570
455
267
153
7
941
614
53
9
641
248
9
475
543
224
224
18
224
570
18
250
148
762
197
321
321
801
169
169
438
267
317
321
321
339
618
169
169
148
7
7
965
941
157
161
9
9
248
543
475
410
543
410
374
305
704
667
933
153
153
321
503
502
503
169
97
267
317
321
321
163
503
618
328
148
66
495
965
941
501
161
9
248
449
612
608
321
740
801
174
864
419
667
464
586
309
807
307
704
807
463
206
725
581
440
321
339
618
169
131
456
66
489
965
941
501
48
9
116
608
224
58
224
464
224
224
297
246
1975
2966
3953
4178
1606
2659
3178
4472
1365
2065
3864
4646
1915
2966
3293
4804
1764
2966
3398
4822
1764
2659
3165
4391
1764
2966
3525
4633
1764
2966
3832
5065
1981
2966
4091
5097
1764
2659
3673
4150
1974
2744
3734
4905
1216
2966
3727
4905
1975
2659
3086
4295
1978
2966
3529
4741
1412
2065
3553
4165
1396
2301
3734
4391
1083
2065
4040
4890
1985
2966
3539
4615
1588
2659
3832
4799
1588
2659
3603
4785
1216
2966
3440
4484
1300
2966
3440
4911
1300
2966
3982
5096
1438
2261
3079
4900
1637
2701
3245
5096
1205
2966
3197
5109
1975
2659
3104
4382
1844
2065
3734
4545
1915
2966
3331
4586
1813
2659
3684
4225
1915
2659
3684
4149
1985
2966
3947
4193
2006
2263
3399
4692
1993
2659
3188
4977
1788
2966
3673
4601
1718
2274
3539
4205
1209
2659
3245
4565
1985
2455
3986
4535
1365
2966
3979
4274
1755
2097
3200
4855
1365
2966
3964
4804
1412
2065
3583
4312
1626
2966
3745
4804
1626
2659
3862
4537
1523
2966
4006
4646
1216
2659
3293
5110
1523
2659
4072
4193
1347
2966
4077
4875
1047
2093
3862
5112
1914
2156
3603
5011
1980
2450
3215
4477
1878
2828
3358
5108
1246
2828
3250
4223
1254
2257
3728
4692
1365
2716
3514
5027
1525
2635
3999
4360
1636
2298
3984
4242
1636
2828
3471
4476
1882
2828
3657
5082
1914
2137
3728
4249
1216
2506
3728
4132
1097
2450
3951
4132
1396
3042
3684
4654
1230
2513
3251
4592
1178
2957
3728
4247
1178
2957
4027
4211
1980
2828
3583
4211
2045
2856
4008
5027
1980
2884
3728
4623
1857
2450
3892
5115
1216
2828
3514
4096
1914
2334
3398
5027
1914
2702
3275
4364
1914
2946
3857
4654
1049
3009
3243
4721
1523
2771
4088
5049
1678
2049
4059
4697
1425
2774
3276
4537
1425
2195
3141
4394
1425
2137
3569
4765
1294
2155
3337
4768
1063
2257
3957
4703
1205
3021
3310
4247
1608
2890
3649
4570
1908
2349
3475
4860
1396
2463
3686
5105
1908
2740
3303
4167
1936
2434
3200
4496
1975
2701
3934
5003
1272
2126
3447
4496
1874
2121
3707
4696
1963
2801
3449
4724
1982
2121
3260
4556
1824
2190
3091
4561
1608
2415
3872
5119
1806
2336
3107
4612
1838
2190
3091
4402
1814
2190
3348
5119
1938
2190
3305
4547
1982
2350
3686
4136
1396
2585
3727
4140
2001
2401
3555
4655
1882
2591
3876
4470
1857
2944
3692
4459
1230
2378
3133
4454
1178
2915
3426
4312
1608
2378
3569
4911
1963
2378
3967
4808
1608
2378
3766
4395
1963
2378
3098
4262
1612
2792
3075
4930
1806
2378
3548
4697
1938
2491
3133
4768
1081
2378
3759
4709
1963
2378
4019
4948
1982
2128
3119
4254
1963
2941
3790
4312
1938
2941
3119
4664
1564
2128
3119
4948
1980
2378
3957
4144
1081
2378
4019
4768
1412
2714
3650
4673
1257
2378
3548
4880
1763
2412
3554
4242
1936
2378
3569
4213
1564
2378
3701
5088
1817
2847
3531
4281
1982
2544
3797
4254
1882
2567
3084
5046
1968
2243
3119
4221
1500
2581
4005
4970
1913
2559
3401
4295
1425
2172
3401
4586
1933
2962
3652
4549
1425
2407
3957
4598
1913
2276
3820
4741
1178
2364
3178
4425
1806
2669
3953
4947
1576
2257
3261
4299
1980
2540
4038
4227
1482
2801
3466
4988
1325
2746
3583
5103
1612
2128
3776
5026
1980
3053
3502
5043
1482
2243
3931
4612
1806
2600
3753
4175
2024
2128
3450
4468
1612
2600
3939
5027
1753
2128
3425
4468
1564
2564
3931
5027
1612
2808
3373
4445
1237
2808
3514
4504
1882
2128
3419
4422
1982
2432
3931
4546
1857
2824
3736
4656
1914
2148
3931
4265
1949
2949
3368
5047
1481
2314
3354
4432
1764
2875
3450
4687
1913
2901
4073
4254
1913
2085
4005
4937
1612
2712
3253
4121
1612
2579
4077
5067
1576
2257
3857
4621
2024
2716
3816
4924
2024
3070
3307
4309
2024
2540
3260
4121
1925
2901
3260
4763
1955
2716
3260
4961
1216
2096
3924
4397
2001
2557
3672
4665
1246
2644
3653
5076
1806
2594
3654
5025
1186
2498
3951
4676
1396
2719
3580
4616
1719
2540
3250
4389
1525
2571
3077
4460
1636
2055
3728
4136
1636
2828
3142
4177
1636
2055
3152
4732
1636
2540
3999
4430
1448
2055
3684
4211
1857
2828
3944
5025
1097
2828
3704
4654
1519
2804
3244
4318
1933
2148
3598
4638
1425
3059
3918
4855
1230
2407
3862
4759
1600
2659
3517
4973
1975
2474
4014
4180
1878
3043
3369
4497
1975
2079
3583
4893
1963
2282
3369
4897
1975
2623
3080
4800
1814
2784
3625
5031
1612
2282
3766
4768
1975
2525
3569
4988
1612
2966
3652
4994
1564
2697
3820
4501
1612
2079
3215
4915
1081
2049
3841
4880
1980
2378
3957
4418
1081
2378
3333
4254
1980
2378
3977
4948
2024
2663
3622
4768
1963
2378
3569
4505
2024
2378
3098
4673
1636
2378
3840
4442
2001
2378
3467
5011
2028
2378
3583
4829
1589
2985
3543
4257
1583
2378
3467
4737
1299
2525
3682
4236
1178
3009
3504
4400
1980
2298
3984
4676
1980
2334
3984
4616
1865
3039
4035
5067
1254
2828
3309
4157
2024
2828
3219
4567
1365
2828
3799
4362
1564
2729
3728
5011
1237
2828
3296
4253
1452
2365
3580
4122
1925
2828
3269
5093
1968
2828
4055
4707
1330
2484
4083
5027
1646
2111
3608
5027
1681
2121
3130
4855
1806
2498
3999
4430
1564
2884
3951
4122
1246
2828
3077
4567
1186
2828
3654
4987
1964
2830
3684
4414
1564
2940
3471
4244
1882
2884
4027
4418
1882
2828
3776
4419
1519
2828
3573
4258
1519
2820
3198
4455
1764
2697
3269
4817
1230
2076
3488
4971
1325
2079
3569
4349
1425
2792
3497
4855
1425
2769
4060
4130
1975
2966
3663
4854
1205
2121
3569
4142
1963
2635
3953
4692
1608
2348
3590
4512
1482
2784
3215
4205
1718
2552
3961
4958
1975
2714
3178
5080
1739
2923
3245
4973
1535
2799
3554
5006
1984
2552
3178
4927
1424
2669
3506
4855
1824
2646
3366
4958
1719
2232
3365
4570
1386
2233
3245
5027
1525
2193
3684
4692
1246
2989
3178
4616
1409
2214
3734
4854
1669
2968
3595
5027
1587
2883
3715
4454
1808
2825
3684
4193
1882
2888
3820
4356
1882
2716
3304
4570
1554
2830
3861
4193
1564
2535
3652
4855
1589
3012
3734
4614
1955
3047
3245
4921
1925
2601
3820
4862
1955
2564
3178
4196
1815
2090
3684
4988
1317
2777
3839
5108
1589
2907
3368
5108
1720
2912
3554
4678
1554
2986
3843
4193
1589
2936
3284
4855
1589
2162
3893
4988
1554
2320
3684
4827
1857
2612
3684
4284
1612
2351
3728
4906
1612
2716
3253
4122
1525
2723
3820
4616
1246
2758
3130
4966
1412
2214
3849
5077
1564
2719
4027
4249
1564
2716
4027
5026
1669
2828
3585
5106
1955
2828
4084
5081
1690
2119
3130
4244
1777
2791
3684
4665
2035
2884
3684
4835
1936
2489
3942
4855
1806
2380
4016
4285
1332
2198
3189
4822
1600
2529
3304
4709
1425
2941
3421
4614
1040
2064
3663
4312
1878
3016
3976
4158
1425
2398
3304
4958
1814
2282
3175
4768
1984
2133
3910
4458
1975
2799
3846
4151
1975
2282
4005
4797
1975
2601
3525
4988
1975
2591
3583
4183
1975
2181
3210
5011
1272
2525
3245
4741
1445
2833
3310
4525
1824
2447
3533
4724
1975
2817
3245
4898
1081
2799
3555
4126
1940
2282
3398
5093
1963
2989
3686
4646
1936
2081
3224
5050
1982
2063
3180
4855
1982
2190
4006
4324
1982
2421
3555
4712
2032
2897
3827
4646
1952
2830
4016
4532
2024
2552
3183
4692
1482
2149
3875
4507
2024
2378
3596
4607
1412
3011
3369
4259
1975
2378
3641
4376
1963
2378
3313
4419
2024
2378
3103
4152
1963
2941
3812
4400
1608
2378
3766
4696
1963
2378
3409
4345
1612
2792
3290
4763
1820
2847
3693
4242
1612
2378
3883
4254
1806
2378
3888
4612
1612
2378
3447
4629
1806
2378
3342
4629
1612
2941
3888
4987
1617
2968
3694
4948
1817
2154
3305
4723
1396
2792
3188
4390
1806
2378
3548
4951
1491
2378
3447
4376
1806
2378
3373
4469
1960
2584
3996
4370
1955
3017
3869
4175
1857
2213
3434
4422
2025
2214
3802
4673
1980
2161
4008
5033
1806
2105
3585
4944
1425
2407
3322
4570
1425
2502
4013
4616
1425
2305
3809
4247
1528
2941
3123
4768
1646
2257
4052
4768
1975
2292
3178
4745
1975
2669
3236
4998
1683
2591
3213
4193
1814
2282
3740
4663
1975
2156
3450
4745
1975
2856
3245
4947
1636
2966
3123
4947
1806
2348
3492
4533
2024
2459
3931
4988
1980
2717
3931
4958
1980
2090
3466
4227
1806
2950
3734
4511
2024
2128
3499
4193
1612
2600
3554
4472
1636
2860
3931
4316
1993
2280
3409
4731
1949
2818
3931
4988
1895
2799
3182
4988
1759
2525
3951
4388
1882
2944
3734
4686
1703
2719
3682
4755
2045
2771
4039
4522
1980
2298
3179
5106
1913
2828
3906
4281
1612
2828
3970
4766
1612
2918
3322
4418
2024
2055
3684
4468
2024
2884
3999
4422
2024
2828
3763
4862
1925
2298
4035
4546
1925
2884
3786
4829
1925
2456
3984
4227
1587
2212
3984
4988
1564
2828
3653
4193
1806
2828
3266
4861
1953
2716
4002
4161
1178
2828
3861
4676
1980
2884
3814
4824
1491
2654
3728
4795
1365
2448
3322
4220
1968
2571
3384
4096
1857
2820
3892
5027
1394
2884
3984
4919
1914
2918
3647
4196
1857
2644
3288
4432
1857
3008
3673
4817
1636
2694
3862
4343
1975
2378
3851
4733
1482
2378
3414
4144
1325
2447
3883
4709
1425
2259
3507
4452
1878
2443
3572
4603
1294
2561
3957
4203
1975
2313
3871
4768
1739
2544
3178
4159
1325
2348
3310
4916
1691
2561
3583
4611
1608
2282
3663
4541
1963
2079
3734
4447
1608
2966
3872
4447
1806
2348
3104
4787
1612
2941
3245
4965
1806
2941
3820
4700
1612
2483
3178
4440
1820
2890
3245
4226
1612
2079
3820
5112
1806
2079
3253
4646
1612
2817
3369
4242
1564
2378
3325
4768
1857
2378
3887
5011
1759
2412
3888
4345
1857
2720
3839
4397
1588
2224
3182
4119
1925
2905
3351
4621
1216
2626
3918
4184
1178
2183
3558
5067
1980
2955
3984
4096
1612
2214
3813
4900
1409
2450
3288
5105
1412
2828
3309
4631
2024
2828
3820
5081
2024
2828
3166
4422
1186
2115
3346
4655
1925
2828
3288
4860
1925
2702
3909
4422
1925
3041
3684
4667
1955
2918
3747
5027
1882
3012
3665
4456
1967
2119
3288
5081
1178
2716
3814
5027
1980
2137
3382
4987
1980
2884
3684
5047
1246
3025
3684
5027
1254
3025
3728
4318
1612
2828
3288
4241
1925
2828
4040
4756
1925
2552
3684
5027
1857
2936
4035
5015
2025
2137
3398
5027
1925
2161
3382
4884
1968
2854
3851
4876
1963
2380
3766
4621
1063
2105
3632
4544
1963
2193
3480
4142
1230
2407
3957
4227
1600
2049
3729
4713
1608
2861
3545
4784
1963
2712
3855
4376
1878
2166
3610
4988
1963
2784
3788
5025
1975
2818
3274
4768
1412
2714
3862
4112
1396
2263
3799
4166
1718
2489
3872
4855
1985
2282
3640
4220
1396
3043
3734
4744
1351
2659
3377
4715
1730
2966
3993
4209
1479
2093
3659
4485
1984
2966
3216
4949
1437
2876
3117
4442
1438
2505
3095
4803
1984
2301
3335
4324
1283
2261
3359
4570
1351
2820
3659
4193
1599
2966
3420
4805
1438
2820
4079
4351
2034
2820
3603
5031
1828
2769
3684
4799
1626
2497
3970
4458
1083
2647
3555
4782
1480
2253
3555
4927
1718
3023
3702
4364
1718
2320
3526
4985
1528
2652
3371
4980
1828
2701
3849
4541
2001
2674
3812
4264
1682
2081
3645
4174
1047
2682
3281
4113
2007
2759
3418
4318
2001
2701
3449
4726
1722
2701
3237
4334
1243
2048
3384
4853
1480
2253
4045
4285
1730
2085
3623
4549
1669
2454
3320
4175
1669
2085
3313
4693
1669
2540
3283
4380
1985
3023
3812
4292
1985
2174
3659
5076
1969
2345
3719
5096
1969
2253
3965
4899
1937
2682
3849
4334
2001
2859
3508
4098
1770
2540
3673
4098
1770
2085
3843
5058
1975
2631
3706
4430
1774
2253
3686
5087
1501
2165
3608
4501
1840
2247
3745
4804
1878
2081
3470
4673
1948
2206
3555
5109
1390
2487
3608
4710
1390
2848
3197
4131
1625
2418
3098
4255
1915
3012
3803
4623
1681
2811
3707
4878
1270
2945
3784
4403
1612
2798
3302
4117
1681
2484
3730
4256
2045
2450
4030
4364
2024
2436
3104
4660
1728
2347
3805
4322
2045
2883
3625
4132
1307
2484
3660
4644
1681
2252
3476
4161
2045
2955
3784
4905
1307
2379
3240
5001
1838
2594
3786
4390
2045
2549
3517
4225
1587
3066
3737
4529
1094
2579
3184
4272
1973
2938
3114
4613
1330
2536
3304
4555
1409
2945
3928
4949
1967
2529
3801
4183
1396
2174
3996
4918
1396
2174
3485
4476
1396
2901
3915
4243
2014
2865
3579
4878
2014
2174
3662
4138
1409
2901
3287
4605
1626
2192
3949
4676
1862
2901
3504
4592
1123
2074
3567
4529
2014
2192
3443
4584
1136
2487
3686
4939
1828
2174
3915
4888
1669
2911
4085
4301
2045
2540
3686
4530
1828
3024
3281
4726
1409
2192
3801
4097
1828
2524
3567
4530
1669
2548
3986
4942
2045
2063
3913
4161
1669
2081
3644
4319
1867
2702
3534
5024
1519
2901
3472
4655
1707
2759
3111
5097
1975
2963
3180
4948
1774
2715
3415
4478
1948
2693
3555
4159
1994
2548
3974
5028
1528
2190
3803
4164
1548
2962
3682
4288
1975
2061
3440
4584
2014
2105
3469
4965
1250
2344
3702
4921
1250
2510
3075
5070
2014
2591
3840
4502
1718
2874
3449
4766
2045
2911
3995
4332
1828
3008
3465
4800
1828
2818
3469
4919
1669
2213
3148
4733
1307
2149
3157
4297
1243
2697
3103
4430
2045
2281
3694
4134
2045
2948
3157
5026
1828
2915
3600
4342
1880
2557
3847
4562
1480
2181
4022
5004
1409
2928
3656
4640
1707
2868
3600
4487
1969
2352
3398
4274
1801
2314
3600
4949
2007
2206
4090
4480
1985
2701
3704
4440
1396
2983
3704
5087
1216
2323
3715
4678
1341
2874
3996
5079
1984
2101
3577
4535
1985
2323
3175
4487
1985
2730
3549
4908
1409
2983
4082
4820
2028
2942
3323
4855
2028
2608
3183
4983
1589
2323
3914
5027
1974
2738
3447
4720
1949
2983
3526
4549
1682
3028
3653
4254
1528
3023
3986
5105
1779
2320
3685
4733
1105
2652
3255
4194
1156
2253
3978
4768
1718
2618
3952
4547
1985
2860
3484
4803
1529
2918
3675
5119
1974
2957
3484
4221
1589
2253
3822
4731
1949
2336
3928
4895
1048
2323
3839
4293
1094
2665
4013
4145
1210
2529
3401
4358
1681
2198
3281
4223
1425
2546
3702
4258
1332
2762
3421
4402
1332
2921
3281
4345
1504
2912
3608
4583
1681
2232
3803
4666
1864
2063
3346
4820
1504
2243
3684
4898
1985
2313
3880
4256
2045
2090
3515
4961
1754
2738
3827
4703
1705
2349
3248
4149
1940
2986
3376
4752
1936
2885
3937
4097
1936
2063
4016
4358
1982
2626
3579
4157
1982
2351
3210
4138
1945
2603
3281
4398
1925
2097
3933
4383
2001
2791
3485
4733
1925
2097
3535
5022
1448
2097
3449
4831
1587
2097
3585
4221
2025
2097
3966
5042
1287
2429
3884
4808
1622
2097
3890
5114
1287
2868
3095
4817
1930
2561
3261
4774
1243
2323
4013
4318
1406
2323
3315
4855
1730
2323
3597
4731
1985
2151
3484
4285
1880
2983
3247
4731
1718
2757
3443
4881
1599
2859
3415
4845
1985
2859
3260
4288
1969
2983
4082
5027
2046
2945
3154
4194
1554
2547
3928
4755
1969
2730
3935
5027
2001
2323
3398
4608
1365
2061
3171
4855
1718
2874
3703
5043
1718
2997
3100
4655
1985
2644
3558
4845
1626
2983
3605
4194
1409
2514
3685
4650
2028
2983
3439
4264
1409
2983
3126
4855
1831
2659
3200
5031
1048
2323
3325
4108
1330
2323
3487
4167
1448
3044
3297
4422
1967
3042
3274
4183
1307
2901
3736
4510
1948
2206
3129
4751
1425
2767
3910
4513
1390
2962
4065
4550
1814
2785
4085
4621
1400
2821
3208
5020
2014
2727
3420
4556
2014
2631
3763
4621
1081
2941
3104
4888
1270
2815
3555
4839
1838
2582
3937
4573
1409
2283
3621
4349
1406
2484
3555
4961
1480
2168
3281
4687
1480
2907
3833
4862
1105
3023
3154
5043
1718
2089
3685
4524
1528
2101
3247
4805
1985
2280
3833
4535
1974
3066
3200
5047
1438
2415
3517
4563
1682
2869
3107
4098
1599
2801
3685
5102
1974
2801
3343
4676
1588
2825
3200
4978
1588
2644
3171
4318
1588
2644
3320
4875
1831
2949
3436
4234
1589
2350
3890
4548
1884
2320
3970
4864
1895
3050
3530
4593
1690
2945
3673
4624
1097
2411
3555
4854
1777
2937
3449
4676
1589
2910
3843
4660
1589
2985
4053
4624
1777
2672
4079
4624
1884
3017
3778
5056
1895
2928
3284
5079
1884
2253
3950
4859
1589
2944
3777
4460
1470
2659
3420
5068
1876
2323
4013
4937
1528
2825
3694
4855
1984
2382
3450
4175
1409
2623
3986
4881
1409
2650
3247
5105
1452
2730
3415
4965
1682
2730
3685
4690
2001
2323
3399
5081
2007
2758
3935
4194
1974
2644
3777
4422
1837
2647
3251
4601
2021
2450
4093
4116
1254
2450
3919
4391
1079
2321
3443
4189
1425
2868
3357
4869
1878
2105
3525
4142
1878
2646
3254
4645
1294
2298
3729
4741
1683
2712
3791
4952
1307
2697
3515
4263
1828
2986
3248
4422
2045
2228
3547
4766
1307
2298
3912
4122
1967
2450
3921
4878
1840
2594
4085
4898
1307
2298
3721
4666
1967
2450
3253
4869
1840
2450
3399
4255
1728
2298
3111
4878
1828
2937
3657
4281
1864
2450
3324
4388
1307
2211
3856
5097
1452
2635
3302
4780
1448
2579
3836
4403
1330
2577
4030
4422
1519
2987
3704
5005
1949
3022
3630
4473
