920
672
925
10
538
10
538
148
761
36
281
969
579
910
910
26
334
102
246
148
776
434
667
457
184
895
730
813
777
148
826
298
535
631
210
801
184
925
925
925
925
722
444
948
557
516
62
662
925
925
89
925
925
925
925
925
783
778
969
866
910
26
229
234
702
148
62
148
457
350
925
925
958
778
72
866
910
641
704
674
334
210
409
350
62
1021
925
286
982
72
111
85
912
1013
451
641
818
631
556
556
925
792
350
286
802
311
1000
557
305
309
152
140
148
828
241
636
599
636
241
971
381
108
670
557
557
779
907
828
148
702
148
636
148
971
148
319
438
778
227
970
970
721
305
334
241
246
828
148
62
148
319
319
829
539
156
1000
557
574
779
561
828
241
190
241
826
561
506
924
506
904
915
948
557
561
779
148
828
148
828
148
659
148
659
148
151
444
948
557
516
779
779
148
620
62
148
148
62
148
319
267
705
85
85
910
622
571
234
246
377
702
62
62
62
350
319
896
147
1000
557
305
779
410
190
410
190
410
826
148
599
36
137
713
778
156
1000
557
305
779
241
33
241
826
148
637
241
826
844
108
444
948
557
516
779
779
148
702
148
599
148
826
148
450
281
969
426
910
426
1013
241
334
241
828
148
62
148
631
148
844
151
444
948
557
516
779
298
637
558
62
62
62
739
62
413
319
730
108
156
557
557
1015
779
899
641
899
148
62
148
319
899
958
810
948
557
557
516
779
558
637
148
62
148
62
599
413
49
267
969
85
910
910
622
1013
334
377
246
62
631
818
818
319
556
108
444
557
557
596
779
596
828
148
828
148
62
62
148
319
896
295
156
588
114
445
779
298
33
148
33
148
62
148
457
413
438
167
948
557
912
899
148
250
148
828
148
62
148
62
413
319
438
100
969
85
910
1013
864
334
377
246
148
743
148
62
43
319
438
477
948
557
170
298
298
779
148
991
62
148
62
62
434
844
438
274
915
948
557
516
779
561
62
148
62
148
62
148
319
450
778
444
948
557
516
779
9
33
148
955
760
62
62
148
319
844
267
969
85
910
910
622
1013
377
555
246
148
62
62
43
434
319
167
948
1000
305
955
596
828
148
828
148
148
652
964
556
693
645
295
915
1000
557
305
310
241
828
241
190
241
190
924
506
863
533
1626
2313
3414
4330
1940
2807
3101
4106
1857
2393
3608
4994
1949
2406
4077
4620
1047
2222
3475
4767
1564
2219
3575
4665
1896
2794
3251
5050
1925
2360
3522
4603
1867
2120
4077
5009
1949
2936
3094
4268
1636
2860
3269
4268
1867
2610
3929
4346
1626
2420
3304
4347
1925
2196
4004
4226
2028
2231
4067
5046
1327
2505
3111
4436
1997
3015
3744
4341
1191
2812
3122
4397
1385
2695
3506
4416
1191
3015
3772
4599
1443
2699
3104
4694
1535
2863
3176
4859
1270
2933
3641
4103
1161
2249
3762
4800
1409
2897
3104
4232
1666
2565
3307
4155
1867
2371
3876
5080
1635
2057
3979
4134
1057
2905
4053
4255
1652
3035
3602
4993
2003
2888
3918
4545
1788
2905
3978
4356
1788
2996
3715
4939
1892
2226
3890
4620
1764
2137
3072
4939
2001
2209
3940
4746
2006
2670
3101
4332
1966
2463
3467
4939
1979
2150
3598
4957
1392
2250
3856
4509
1949
2255
3623
4939
1564
2949
3940
4461
1635
2801
3104
4710
2032
2249
3661
4647
1940
2374
3255
5045
1867
2097
3783
4939
1896
2591
3462
4875
1558
3071
3674
4549
1788
2963
3603
4374
1960
2550
3694
4114
1905
2905
3088
4939
1931
2818
3373
4536
1831
2514
4089
4502
1557
3041
4035
4494
1966
2829
3736
4567
1895
2883
3100
4171
2025
2097
4032
4426
2025
2647
3603
4835
1558
3023
3673
4872
1554
2568
3670
4260
2025
3055
3673
4119
2034
2993
3094
4839
1788
2735
3903
4324
1531
2493
3742
5099
1410
2457
3159
4314
1192
2457
3897
4763
1690
2119
4077
5049
1815
2314
4016
4786
1519
2869
3280
4800
1764
2270
3166
4684
1764
2270
3447
4267
1287
2697
3903
4817
2025
2528
3338
5027
1759
3023
3698
5094
1694
3047
3111
4431
1588
2825
4077
4835
1589
2944
3903
4830
1835
2848
3682
4554
1991
2825
3891
4449
1955
3008
3673
4637
1991
2097
3673
4835
1955
2552
3307
4979
1991
2985
3933
4484
1317
2564
4010
4184
1867
2815
3932
5112
1062
2869
3660
4122
1755
3008
3586
4861
1422
2283
3558
4650
1996
2424
3398
4548
1133
2150
3608
4284
1133
2940
3673
4140
1218
2337
3796
4708
1626
2442
3739
4782
1161
2333
3384
4414
1583
2818
3094
4639
1867
2537
3094
4322
1664
2564
3978
4120
1966
2494
3366
4150
1896
2544
3370
4856
1635
3061
3370
5018
1659
2494
3883
4431
1801
2793
3498
4800
1831
2625
3290
4821
1815
2905
3307
4284
1368
2700
3880
4305
1991
2421
3866
5024
1167
2544
3728
4971
1481
2644
3498
4532
1895
2619
3498
5018
1626
2818
3743
4848
1801
2978
3704
4600
1066
2257
4017
5028
1621
2940
3482
4766
1250
3015
3976
4639
1996
2150
3166
4334
1996
2283
3422
4324
1410
2912
3511
4253
1161
2531
4088
4434
1516
2422
3384
4766
1996
2463
3094
4817
1460
2561
3719
4173
1392
2465
3641
5031
1896
2665
3259
4349
1652
2448
3208
4810
1652
2133
3935
4937
1659
2350
3365
4334
1664
3000
3366
4648
1188
2978
4070
4600
1807
2510
3690
4307
1298
2791
3333
4755
1924
2672
3325
4676
1777
2933
3970
4829
1694
2868
3778
4189
1635
2905
3647
4938
1566
2457
4068
4803
1531
2673
3209
4561
1830
2965
3796
5002
1769
2404
3410
4487
1769
3021
3715
4943
1161
2134
3780
4864
1597
2088
4077
4567
1931
3066
3774
4514
1755
2484
3772
4776
1764
2498
3715
4370
1896
2905
3739
4581
1410
2506
3872
4519
1652
2225
4077
4508
1755
2350
3526
5047
1460
2083
3504
4478
1659
2120
3156
4494
1807
3041
3933
4839
1807
2699
4053
5018
1515
2119
3413
4899
1155
2936
3904
4487
2025
2083
3107
4363
1815
2608
3551
4414
2046
2266
4055
4476
1087
2317
3984
4203
1306
2561
3197
4680
1661
2932
3149
5117
1260
2765
3410
4371
1418
3021
3452
4961
1830
2309
3581
4508
1830
2918
3788
4481
1812
2210
3724
5077
1932
2529
3095
4452
1830
2460
3478
5027
1830
2061
3931
4436
1359
2812
3114
4124
1535
2897
3531
5027
1812
2630
4049
4283
1604
2941
3104
4386
1830
2918
3458
4895
1830
2394
3437
5027
1359
2430
3410
5090
1812
2918
4052
4304
1812
2787
3289
4119
1597
2121
3984
4436
1830
2863
4077
4477
1964
2769
3499
5023
1812
3011
3473
4150
1516
2466
3502
4843
1830
2457
3685
4721
1765
2232
3641
4797
1691
3015
3872
4166
1565
2850
3971
5086
1250
2309
3208
4396
1830
2888
3508
5078
1535
2830
3782
4694
1270
2552
3300
4414
1964
2421
3699
4414
1830
2443
3488
4770
1830
2119
3649
4140
1939
2225
3335
4937
1732
2182
3925
5028
1535
2659
3315
4786
1830
2720
3945
4175
1535
2445
3810
4328
1732
2837
3504
4494
1732
2800
3900
4509
1535
2753
3478
4875
1800
2644
3933
4159
1526
2279
3506
4458
1666
2529
3403
4861
1846
2225
3504
4839
1789
2206
3216
4722
1412
2275
3788
4330
1644
2210
3126
4554
1560
2430
3410
4150
1504
2552
4089
4732
1713
2598
3772
4159
1604
2278
3994
4519
1353
2424
3577
4803
1250
2787
3949
4465
1250
2682
3846
4627
1263
2498
3557
5009
1516
2724
3684
4487
1516
2459
3651
4684
1813
3023
3439
4460
1583
2165
3115
4414
1635
2535
3945
4402
1161
2684
3499
4373
1565
2604
3085
4894
1666
2801
3862
4422
1939
2257
4004
4234
1564
2630
3684
4349
1940
2699
3984
4619
1666
2085
3491
4153
1597
2390
3208
5082
1830
2398
3473
4522
1351
2787
3237
4350
1739
2728
3812
4505
1132
2877
3775
4891
1410
2320
3104
4629
1998
2529
3878
4283
1452
2573
3872
4200
1564
2877
3883
4241
1597
3017
3462
4508
1635
2121
4059
4122
1812
2540
3576
4451
1666
2529
3449
4263
1597
2714
3876
4332
1830
2079
3157
4905
1838
2608
3508
4442
1557
2529
3740
4965
1597
2529
3090
4583
1610
2793
3766
5047
1940
2939
3437
4468
1583
2467
3530
4281
1931
2561
3903
4839
1250
2451
3241
4302
1824
2905
3974
4505
1812
3044
4005
4478
1931
3066
3335
4117
1939
2257
3778
4855
1950
2905
3739
4681
1107
2134
3201
4859
1132
2940
3176
4899
1939
2383
3386
4765
1982
2439
3460
4763
1535
2731
3500
4903
1940
2890
3437
4193
1354
2257
3452
4884
1564
3000
4083
4733
1940
2746
4077
4817
1867
2383
3431
4136
1635
2121
4005
4180
1939
3047
3662
4872
1867
2612
4077
4351
1635
2561
3950
4460
1583
3035
3116
4895
1940
2820
3862
4126
1635
2905
3104
4308
1583
2505
3123
4360
1755
2584
3175
5047
1635
2121
4083
4561
1626
2944
3961
4792
1627
2825
3339
4676
1868
2822
3500
4402
1631
2897
3773
4610
1565
2525
3205
4134
1867
2459
3072
4436
1583
2225
4088
5011
1583
2936
3675
4650
1755
2791
3741
4899
1489
2478
3431
4966
1583
2735
3327
4284
1931
2561
3887
4559
1564
2691
3154
5094
1535
2156
3351
4131
1939
2257
3739
4519
1635
2412
3859
4814
1597
2678
3188
4935
1867
2119
3235
4487
2003
2412
3123
4488
1583
2968
3890
4567
1931
2659
3942
4743
1755
2818
3890
4221
1940
2833
3557
4615
1788
2813
3598
4226
1466
2134
3318
4137
1688
2642
3740
4741
1191
2939
3770
4593
1841
3057
3542
4713
1403
2937
3705
4987
1535
2297
3522
4733
1403
2833
3104
4864
1812
2935
3289
5050
1812
2905
3862
4484
1535
2941
3464
4756
1410
2619
3786
4145
1812
2360
3909
4684
1993
2412
3740
4253
1931
2864
3732
4536
1392
3066
4094
4302
1664
2741
3876
4281
1557
2965
3315
4447
1931
2788
3598
4364
1410
2412
3598
4817
2032
2412
4053
4536
1557
2162
3095
4990
1931
2380
3380
4743
1392
2990
4077
4335
1800
2257
3335
4335
1841
2274
4048
4772
1877
2354
3104
4650
1764
2925
3870
4919
1565
2786
3931
5032
1813
2678
3879
4503
1666
2378
4048
4266
1931
2419
3585
4255
1896
2378
3953
4184
2032
2420
3890
5050
1583
2412
3095
4242
1682
2850
3473
4691
1985
2581
3987
4625
1800
2253
3504
4286
1812
2608
3473
4144
1626
2419
3325
4203
1597
2939
3672
4561
1606
2177
3385
4618
1998
2412
3845
4283
1931
2168
3829
4414
1583
2531
3719
4242
1755
2796
4045
4732
2009
2257
3924
4817
1597
2813
3919
5068
1984
2449
3503
4175
1409
2238
3126
4808
1627
2277
3476
5038
1031
2403
3739
4478
1912
2606
3649
4803
1588
2398
3899
4381
1813
2887
3916
5096
2032
2137
3189
4140
1950
2137
3512
4782
1597
2330
4035
4096
1610
2531
3929
4508
1824
2884
3872
4215
2032
2884
3104
4522
2008
2884
3970
4220
2008
2055
3366
4377
1947
2457
3728
5011
1936
2388
3288
4216
1950
2607
3219
4987
1403
2716
3101
4176
1525
2771
4032
4315
1637
2884
3208
4862
1950
2693
3283
4691
1985
2478
4077
4978
1984
2860
3999
4618
1392
2451
3456
4915
1028
2275
3345
4509
1132
2589
3881
4286
1993
2320
3709
4538
1410
2425
3586
4891
1565
2057
3790
4398
1867
2789
3104
4723
1666
2419
3745
4508
1635
2531
3876
4364
1626
2990
3175
4320
2032
2314
3649
4676
1583
2720
3498
4512
1896
2531
3810
4931
1597
3035
4000
5031
1392
2121
3984
4921
1812
3039
3231
4320
1666
2457
3736
4789
2006
2905
3862
5059
1392
2935
3827
5068
1583
3063
4077
4931
1564
2944
3585
5047
1635
2424
3965
4305
1392
2990
3226
4633
1627
2565
3149
4557
1621
2309
3282
4741
1604
2283
3348
4494
1219
2612
3906
4227
1133
2314
3410
4304
1830
2890
3199
4990
1509
2940
3844
4146
1830
2525
3659
4681
1830
2214
3698
4797
1354
2818
3608
4629
1410
2925
3608
4464
1535
2979
3394
5007
1564
2884
3576
4408
1583
2869
3335
4983
1838
2591
3778
4977
1931
2788
3504
4622
1867
2300
3398
4662
1813
2693
4090
5076
1535
2811
3989
4652
1392
2716
3502
5065
1824
2989
3307
4306
1635
2971
3919
4287
1931
2877
4077
5042
1755
2925
3603
5009
1133
2601
3924
5033
1159
2150
4077
4987
1192
2060
3542
4230
1635
2652
3608
4320
1410
2833
3603
5089
1557
2986
3504
4305
1583
2942
3777
4266
1565
3071
3811
4862
1788
2833
3420
4946
1755
2883
4042
4893
1583
2529
4030
4575
1635
3005
3738
4592
1557
2579
3984
4431
1867
2333
3672
5027
1161
3000
3504
4755
2003
2912
3739
4220
1583
2694
3984
4924
1583
2771
3996
5108
1635
2344
3603
5007
1755
2869
4053
4364
1940
2225
3603
4643
1867
2978
3848
4211
1392
2421
3984
4414
1982
2540
3876
4171
1755
2097
3653
4371
1424
2505
3641
4370
1056
2815
3576
4414
1664
3035
3096
4924
1565
2693
4005
4216
1626
2119
3966
4599
1857
3066
3603
4340
1940
3005
3308
4103
1557
3050
3869
4324
1564
2936
3414
4733
1936
2565
3942
4414
1755
2791
3526
4184
1535
2064
4091
4266
1564
2889
3608
4298
1564
2175
4077
4809
1862
2257
3384
4925
1651
3035
3774
4905
1939
2257
3745
4961
1626
2489
3552
4784
1939
2257
3782
5003
1939
2257
3704
5017
2006
3011
3107
4202
1857
2165
3398
4215
1908
2989
3623
5038
1191
2090
3641
4620
1367
2926
3996
4891
1813
2665
4077
4320
1664
3046
3955
4320
1564
2746
4029
4771
2032
2333
3984
4726
2006
2635
4004
4220
1755
2619
3508
4197
1597
2156
4077
4244
1583
3032
3924
5108
1635
2457
3143
5072
1664
3008
4077
4150
1788
2971
4083
4726
1635
3050
3933
4817
1813
2529
3307
4283
1583
2333
3116
4274
1755
3008
3631
4408
1410
2857
3876
4878
1626
2462
3165
4593
1583
2564
4077
5094
1396
2612
3764
4484
1755
2877
3094
4604
1867
2906
3984
4494
1466
2444
3796
4586
1841
3063
3265
4468
1841
2498
3296
4786
1841
2876
3878
4702
1713
2383
3468
4189
1535
2689
3535
4586
1812
2535
3300
4145
1812
2771
3780
5102
1059
2510
3504
4220
1263
2249
3539
4909
1813
2506
3737
4414
1755
2877
3966
4150
1583
2097
3955
4482
1161
3012
3504
4990
1516
3022
3557
4358
1218
3047
4094
4306
1516
2905
3659
4306
1354
2283
3661
4230
1218
2459
3552
4893
1755
2877
3885
4654
1896
2905
3413
5095
1161
2283
3883
4629
1583
2976
3916
4320
1940
2986
3847
4380
1314
2715
3096
4129
1588
2061
3387
4771
1993
2945
3802
4414
1837
2484
3747
4255
1755
2971
4083
4306
1452
2309
3774
4893
1896
2712
3176
4817
1867
2313
3961
4635
1392
2820
3504
5069
1626
3012
3961
4971
1597
2462
3441
4523
1664
2452
4077
4876
1666
2564
4094
4132
1516
2705
4077
4839
1764
2196
4005
4157
2032
2905
3603
4856
1626
2996
3982
4728
1896
2944
3143
4561
1626
2568
3966
4567
1755
2922
3929
4318
1564
2383
3587
4629
1867
3047
3335
4526
1216
3008
3901
4196
1455
2521
4077
4836
1596
2741
3608
4379
1159
2915
3920
4978
1464
2680
3775
4478
1874
2552
3420
4741
1564
2796
3377
4335
1743
2457
4042
4434
2032
2421
4070
4413
1664
2403
3119
4200
1838
2219
3244
4782
1828
2608
4077
4629
1500
2484
4077
4754
1867
2313
3496
4345
1982
2944
3251
4782
1784
2639
3949
4501
1982
2134
3613
4335
1583
2313
4036
4788
1968
2890
4005
4570
1886
2209
3839
4988
1263
2540
3158
4494
1950
3007
3508
4202
1936
2424
3829
4579
1354
2591
4004
4774
1597
2933
3802
4702
1408
2868
3558
4885
1782
2875
3726
4478
1410
2771
3939
4548
1491
2283
3795
4099
1947
2837
3317
4854
1824
2604
3473
4513
1968
2529
3296
4349
1940
2134
3485
4700
1558
3028
3735
4918
1564
2933
3735
4727
1564
3008
3492
4478
1564
3023
3727
4281
1583
2968
3727
4739
1666
2121
3523
4305
1886
2424
3583
4854
1564
2799
3473
4299
1755
2097
3151
4853
1597
2261
3742
4494
1635
2261
4007
4664
1161
2700
3504
4817
1800
2825
3880
4447
1635
2134
3736
4302
1583
2412
3872
5058
1535
3063
3437
4715
1212
2771
3986
4286
1383
2275
4010
5001
1604
2915
3420
5047
1604
3015
3373
4696
1133
2544
3512
4543
1871
2516
3752
4554
1133
2257
3842
5001
1133
2424
3719
4612
1290
2274
3889
4230
1424
2661
3577
4990
1354
2257
3639
4494
1800
2119
3104
4640
1830
2257
3704
4463
1392
2986
3896
5106
1783
2717
3424
4414
1666
2949
3935
4335
1666
2856
3862
4831
1931
2830
3598
4839
1535
2525
3673
4121
1732
2466
3504
4200
1931
2800
4094
4526
1931
2266
3473
4860
1800
2272
3104
4528
1896
2121
3961
4782
1604
2404
3951
4487
1112
2257
3934
5038
1404
2311
3477
4739
1950
2297
3189
4447
1666
2224
4077
4314
1666
2552
3928
4468
1597
2815
3274
4961
1939
2351
3740
4354
1597
2260
3253
4526
1597
2243
3876
4120
1846
3029
3623
4459
1800
2267
3246
4459
1583
2942
3237
5047
1755
2945
3508
4431
1564
2411
3504
4526
1526
2330
3735
4103
1583
2868
3231
5020
1666
2589
3166
4447
1931
3028
3292
4539
1931
2697
3639
4593
1635
2371
3447
4829
1161
2208
3802
4202
1931
2645
3659
4817
1867
2793
4007
4335
1824
2940
3754
4305
1596
2516
3704
5064
1159
2206
3486
4926
1631
2257
3977
4291
1565
2544
3940
4281
1535
2300
4008
4536
1535
2119
3156
5040
1626
2294
3198
4999
2032
2678
3511
5022
1557
2579
3381
4743
1666
2939
4056
4509
1940
2850
3883
4567
1931
2997
3202
4788
1635
2818
3843
4733
1583
2820
4077
4150
1867
2649
3970
5026
1635
2344
3879
4393
1392
2820
3504
5022
1867
2412
3119
5049
1635
2412
3201
5022
1583
2777
3473
4390
1867
2883
4077
4988
1535
2815
3419
4335
1710
3021
3653
4299
1025
2191
3839
4277
1367
2406
4007
4629
1915
2581
3879
4117
1392
2990
3393
5048
1800
2412
3796
4659
1940
2307
3719
4335
1800
2257
3195
4453
1557
2800
3492
5031
1626
2720
4048
4416
1812
2775
3970
4140
1583
2412
3340
4854
1455
2149
3265
4805
1664
2412
3158
4274
1564
2412
3844
4621
1789
2887
3504
4561
1597
2968
3605
4414
1896
2457
3613
4221
1896
2905
3176
4956
1940
2939
3935
4536
1626
2452
3381
4889
1059
2714
3504
4696
1755
2945
3810
4335
1557
2412
3921
4592
1238
2250
3986
5047
1422
2620
3225
4502
1133
2117
3339
4763
1133
2274
3339
4695
1531
2879
3862
4230
1535
2177
3487
4282
1830
2279
3663
4854
1191
2699
3300
4819
1896
2905
3735
5087
1597
2412
3979
4136
1597
2225
3592
4618
1755
2869
3176
4971
1940
2940
4094
4889
1764
2283
3715
4411
1931
2800
3719
4274
1896
3008
3736
4459
1651
2412
3500
4810
1161
2257
3950
4817
1161
2412
4077
4934
1755
2354
3698
4673
1755
2818
4091
4346
1583
2869
3305
5094
1564
2260
3310
4759
1755
2800
4042
4487
1469
2498
3440
4281
1132
2589
3935
4364
1403
2536
3101
4379
1813
2928
3216
5023
1410
2536
3967
4533
1867
2097
3437
4447
1635
2978
3270
4820
1583
2350
3824
4305
1849
2412
3810
4639
1626
2168
3878
4636
1664
2090
4077
4136
1564
2399
3649
4502
1635
2119
3870
4119
1555
3065
4077
4696
1651
2573
4094
4496
1564
2544
3237
4494
1403
2478
3747
4414
1626
2505
3976
4990
1327
2813
3740
4357
1931
2166
3271
4916
1481
2697
3504
4540
2028
2531
3876
4927
1690
2990
3674
4905
1392
2419
3443
5069
1455
2945
3768
4606
1133
2459
4094
4368
1464
2083
3775
4402
1391
2360
4032
4886
1217
2868
3104
5025
1817
3070
3260
5056
2008
2109
3269
4414
1186
2061
3875
4905
1635
2925
3728
4763
1950
2884
3672
4605
1564
3005
3153
4316
2006
2292
3984
4805
1610
2594
3136
4893
1993
2390
3107
4456
1263
2884
3758
4587
1985
2178
3856
4598
1968
2884
3791
4556
1597
2937
4073
4360
1950
2398
3107
4196
1392
2627
3876
4767
1557
3012
3984
4921
1830
2638
3984
4532
1403
2861
3743
4779
1452
2693
3684
4182
