920
873
672
242
304
672
242
873
898
898
898
759
87
228
906
868
565
543
662
660
425
425
660
469
425
524
524
891
425
895
425
775
122
258
343
698
242
60
660
425
18
242
764
174
60
18
792
895
286
689
590
122
343
868
704
234
743
333
250
86
242
174
242
10
406
552
921
895
713
122
52
94
1010
662
135
242
251
817
146
91
174
659
10
406
764
901
87
524
122
906
293
912
660
4
333
991
455
641
174
174
174
173
895
895
873
5
64
122
2
211
445
257
135
307
647
660
174
459
174
873
409
184
346
307
450
64
52
595
868
698
873
873
895
873
174
174
824
957
437
895
895
963
503
58
64
122
417
931
202
898
898
898
898
898
202
202
660
202
202
252
202
660
202
65
906
94
202
283
202
534
776
89
237
174
174
689
524
460
667
120
895
448
122
906
957
80
779
160
660
776
403
524
524
437
661
661
254
895
431
543
58
122
906
488
61
785
4
667
667
895
174
174
957
348
764
895
895
921
450
772
122
94
341
461
898
898
900
431
494
957
61
174
431
431
877
667
431
403
775
122
293
931
431
599
431
900
431
431
174
174
647
431
659
307
319
201
438
539
524
45
502
59
692
418
491
251
873
307
307
660
307
771
895
307
307
844
122
906
293
547
524
284
437
307
826
174
801
307
307
307
307
895
895
844
772
306
258
341
445
898
898
481
251
307
307
771
307
434
307
771
307
895
895
438
122
906
293
307
771
608
307
771
307
307
174
307
524
524
956
667
895
307
438
724
578
467
692
307
95
660
660
876
166
237
307
307
771
379
895
49
689
194
122
569
578
59
692
307
491
876
876
809
581
581
873
202
637
201
776
963
65
306
341
445
933
298
898
202
555
494
174
174
791
626
434
895
667
330
134
421
360
284
59
240
418
491
620
425
620
174
174
120
667
826
620
319
776
134
724
724
103
502
59
641
418
491
876
809
667
174
667
254
298
826
739
844
438
122
94
248
524
284
863
785
431
431
809
174
431
431
900
431
524
957
303
64
306
341
341
431
898
431
339
431
900
372
174
660
826
431
666
431
660
431
65
906
94
431
576
431
660
4
863
242
91
431
146
524
431
826
431
844
436
724
103
502
502
95
431
491
660
146
524
237
431
486
431
641
431
533
1752
2957
3724
4939
1583
2697
3812
4414
1626
2918
4065
4731
2032
2129
3339
4407
1452
2521
3925
4935
1583
2457
3238
5072
1352
2487
4084
5066
1794
2380
3414
4559
1513
2935
3705
4411
1224
2209
3101
4638
1783
3029
3604
4397
1722
2918
3480
4363
1752
2879
4056
4414
1770
2684
3088
5050
1243
2506
3900
4998
1794
2050
3955
5043
1722
2061
3293
4453
1048
2118
4065
4949
1937
2968
3720
5110
1867
2997
4041
4970
1166
3037
3313
4180
1583
2905
3088
4125
1867
2800
3439
4325
1635
2424
3873
4814
1925
2850
3611
4449
1886
2283
3381
4866
1794
2165
3428
4980
1583
2525
3558
4721
1746
2388
3905
4407
1794
2380
3834
4461
2007
2270
3365
4751
2007
2623
3760
4351
1937
3022
3659
4370
1722
2720
3763
4613
1857
2253
3758
4465
1526
2787
4089
5027
1094
2283
3577
4431
1635
2937
4063
5050
1425
2701
3138
4951
1525
2997
3307
4129
1048
2860
3352
5072
1167
2470
3990
4161
2032
2608
3797
4364
1703
2320
3147
4508
1974
2182
3280
4638
1973
2253
3119
4640
1682
2769
3119
4898
1682
2457
3660
4823
1166
2402
3577
4868
1535
2850
3775
5026
1839
2930
3726
4316
1918
2077
3200
4464
2006
2122
3270
4234
1794
2787
3772
4846
1950
2156
4077
4845
2007
2938
3919
4853
1892
2623
3539
4886
1448
2277
3171
4648
1784
2168
3246
4805
1352
2787
3818
4671
2045
2608
3359
5046
1751
2701
3619
4422
1775
2647
3603
4873
1327
2925
3803
4671
1682
2876
3119
4676
2007
2343
3119
4233
1973
3046
3119
4703
2006
2701
3676
4720
1969
2253
3325
4373
2001
2882
3420
4997
1519
2860
3787
5022
2045
2872
3633
4168
1626
2701
3235
4150
1974
2255
3447
4586
1812
2647
3246
4194
1230
2909
3316
5064
1789
3056
3729
4442
1178
2249
3513
4412
1994
2269
3446
4129
1886
2623
3420
4696
1755
2916
3880
4536
1547
2756
3420
5017
1583
2100
3603
5019
1794
2198
3675
4340
1886
2198
3236
4119
1583
2796
3591
4306
1824
2863
3843
4647
2032
2619
3234
4711
1764
2324
3198
4140
2010
2588
3119
4412
1985
2721
3100
5037
1846
2923
3670
4579
1583
2343
3868
4364
1519
2647
4007
4408
1984
2771
3855
4681
1583
3014
3788
4370
1949
2791
3603
4866
1746
2856
3478
4599
1666
2972
3887
4370
2032
2789
3603
4978
1635
2465
3815
4558
1330
2344
3536
4512
2010
2971
3832
4398
1584
2977
3675
4713
1573
2178
3986
4271
1735
2807
3608
5023
1403
2057
3104
4640
1048
2525
3197
4559
1583
2516
3940
4896
1770
2787
3671
5077
1048
2529
3557
4178
1597
2811
3187
4813
1209
2644
3246
5050
1783
2923
3304
5041
1846
2636
3248
4414
1635
2057
3315
5064
1666
3038
3446
4627
1352
2333
3577
4306
1974
2693
3596
4799
1722
2877
3456
5072
1794
2111
3787
4990
1940
2720
3385
4661
1722
2333
3976
4383
1950
2400
3633
5011
1867
3008
3540
4331
1519
2462
3726
4351
1866
2589
3119
5077
1635
2093
3819
4877
1452
2860
3336
4759
1984
2064
3844
4897
1686
2731
3917
4356
1490
2201
3336
4457
1960
2908
3297
4352
1166
2048
3272
4552
1718
2424
4045
4269
1564
2320
3215
4306
1867
2735
3868
4234
2007
2723
3757
4581
1635
2623
3348
4731
1751
2935
4082
4990
1216
2619
3826
4990
2032
2314
4013
5022
2032
2791
3705
4098
1635
2177
3998
4200
1583
2180
3819
4218
1583
2717
3504
4990
1438
2511
3773
4977
1583
2860
3654
4484
1666
2181
3916
5072
1867
2787
3246
4370
2008
2382
3604
4740
1597
2129
3703
5095
1626
2851
3171
5011
2028
3022
3831
4921
1751
2979
3990
4234
1914
2175
4013
5072
1489
2447
3664
5017
1448
2957
3136
4422
1587
2175
3293
4654
1345
2945
3843
4546
1583
2815
3951
4355
1425
2500
3623
4098
1684
2159
3096
4129
1996
2457
3333
4857
1666
2875
3597
4692
1455
2535
3168
5064
1947
2712
3952
4397
1583
2590
3246
5119
1597
2825
3827
4997
1392
2561
3945
5119
1950
2815
3506
4384
1669
2581
3447
4597
1947
2868
3306
4997
1882
2225
3447
4945
1711
2712
3176
4888
1392
2180
3472
4396
1392
2705
3336
4351
1557
2756
4005
4351
2032
2712
3388
4407
1083
2651
3580
4414
1523
2818
3257
4660
1519
2238
3498
4935
1936
2506
3500
5110
2032
2552
3603
4855
1982
2225
3702
5029
1982
2964
3592
4926
1409
2741
3107
4660
2006
2905
3686
4334
1940
3029
3656
4301
1671
2215
3339
4380
1205
2551
3458
4512
1351
2979
3297
4185
1931
2986
3772
4661
1931
2259
3238
4320
1940
2817
3797
4896
1669
2457
3535
4846
1626
2918
3644
4551
2045
2918
3610
4192
2035
2874
3802
4377
1392
2388
3127
4414
1083
2457
3241
4522
1452
2840
3825
4105
2032
2820
3900
4925
1237
3057
3684
4573
1035
2487
3299
4556
1814
2501
3309
4480
1186
2213
3986
4402
1555
2213
3979
4348
2045
2697
3590
4511
1783
2957
3774
4730
1857
2070
3621
5108
1481
2657
3460
5079
2035
2628
3869
4934
1882
2888
3974
4791
1825
2344
3986
4979
1797
2192
3671
4121
1996
2181
3465
5022
1241
3021
3376
4402
1846
2645
3458
4972
1824
2617
3389
5028
1825
3021
3507
5103
1409
2424
3751
4921
1824
2294
4003
4472
2001
2772
3870
4218
1224
2849
3945
4573
1781
2915
3325
5029
1984
2304
3513
4299
1752
2771
3359
4458
1479
2759
3351
5064
1406
2215
3376
4139
1880
2906
3376
4419
1479
2371
3555
4218
1730
2683
3281
4792
1470
2181
3555
4324
1984
2430
3281
5022
1824
2691
3226
4584
1637
3015
3728
4638
1351
2598
3283
4681
1597
2121
3283
5103
1874
2971
3283
5065
1351
2750
3087
4965
1351
2430
3331
4972
1191
2756
3283
4398
1984
3062
3760
4218
1178
2744
3637
4316
1866
2161
3529
4419
1878
2482
3815
4620
2030
2849
3555
4343
1878
2081
3588
4284
1754
2333
3555
4613
1470
2699
3444
4573
1984
2923
3964
5020
1674
2923
3760
4411
1828
2923
3949
4121
1424
2972
3702
4414
1597
2923
3149
4299
1783
2257
3449
4813
1626
2407
3376
4287
1932
2923
3242
4665
1920
2933
3432
4841
1950
2440
3087
4806
1703
3062
3729
4715
1513
2192
3516
4190
1758
2255
3293
4556
1498
2257
3892
4628
1136
2874
4003
4662
1651
2244
3826
4665
1874
2596
3832
4905
1412
2420
4024
4597
1985
3070
3323
4198
1751
2257
3800
4940
1081
2857
3171
4120
1973
2700
3096
4605
1867
2174
4093
4178
1166
3037
3088
4514
1932
3051
3478
4826
1250
2496
3418
4414
1841
2276
3366
4233
1270
2882
3697
4919
1409
2660
4041
4687
1597
2971
3991
4681
1985
2432
3959
4124
1985
2516
3368
5049
1455
2176
3659
4454
1610
2947
3903
4807
1564
2642
3702
4454
1351
2901
4006
4633
1658
2761
3878
4662
1525
3057
3184
4691
1604
2825
3813
4443
1409
2501
3813
4496
1996
2098
3588
4335
1666
2536
4011
4133
1824
3062
3707
4656
1669
2833
3702
4516
1669
2901
3293
4503
1812
2848
3376
4808
1896
2938
3745
4961
1583
2579
3449
4743
1519
2261
3555
4755
1686
2406
3768
4743
1425
2734
3579
4475
1878
2901
3694
4893
1683
2050
3458
4605
1910
2754
3650
4806
1754
2290
4050
4287
1123
2149
3266
4483
2014
2192
3796
4309
1910
2208
3977
4556
1984
2174
3733
4137
1597
2756
3376
4121
1606
2616
3465
4275
1996
2432
3555
4210
1455
2772
3974
4795
1982
2489
3745
4175
1837
2174
3381
4743
1606
2901
3702
4143
1535
2901
3242
5022
1424
2192
4003
4411
1412
2293
3663
4888
1606
3029
3238
4705
1270
3012
3473
5093
2045
2793
3813
4754
1263
2840
3235
4600
1996
2176
3965
4503
1846
2978
3504
4397
1703
2477
3260
4496
1610
2084
3434
4977
1480
2412
4014
4459
1730
2888
3623
4687
1983
2772
3916
4743
1932
2962
3768
4443
1479
2849
3579
4893
1406
2901
3363
4137
2027
2901
3475
4135
1901
2703
3925
4686
1942
2550
3619
4503
1937
2702
4022
4567
1722
2646
3979
4567
1880
2876
3801
4806
1770
2174
3259
4411
1947
2174
3427
4567
1794
2840
3251
4149
1400
2497
3215
4716
1142
2876
3796
4198
1830
2081
3796
4290
1535
2911
3654
4428
1535
2192
3538
4818
1270
2901
3093
4121
1597
2901
3696
4663
2014
2665
3801
4626
1828
2174
3465
4904
1307
2174
3305
4956
1424
2192
3449
4653
1828
2901
3715
4121
1984
2901
4077
4573
1910
2635
3801
4651
1783
2174
3889
4418
1406
2481
3432
4200
2027
2548
3796
4883
1983
2481
3324
4831
1910
2915
3801
4359
1681
2174
3622
4443
1754
2715
3281
4893
1424
2901
3702
4664
2014
2081
3554
4496
1387
2848
3773
4584
1669
2174
3149
5090
1754
2661
3376
4664
1984
2901
3866
4620
1669
2844
3406
4626
1479
2968
4085
4831
1412
2174
3330
4530
1412
2174
3636
4885
1754
2807
3813
4443
2014
2665
3707
4540
1824
3000
3082
4605
1940
2174
3598
4922
1936
2084
3741
5071
1828
2849
3522
4732
1982
2844
3579
4650
1824
2412
3508
4439
1940
2066
3684
4414
1940
2840
3238
4862
1439
2509
3927
4555
1703
2243
3745
4784
1237
2407
3238
4605
1425
2761
3611
5071
1369
2561
3465
5022
1029
2561
3801
4264
1536
2481
3096
5018
1868
2234
3579
4878
1666
3033
3821
4138
1564
2240
3465
4829
1564
2404
3698
4439
1565
2815
3500
4510
1940
2272
3596
4183
1936
3022
3801
4153
2018
2257
3195
5099
1982
2134
3822
4839
1081
2874
3702
4108
1565
2421
3997
4385
1812
2421
3686
4125
1683
2815
3801
4826
1963
2225
3686
4424
1936
2712
3281
4432
1936
2063
4022
4621
1982
2081
3094
4349
1081
2911
3339
4997
1597
2081
3255
5045
1940
2911
3475
4263
1940
2626
3449
4159
1939
2971
3801
4200
1489
2844
4094
4770
1982
2249
3964
4407
1878
2923
3938
4670
1830
3000
3702
4161
1564
2619
3924
4453
1940
2134
3384
4908
1824
2261
3644
4706
1683
2225
3269
4557
1246
2225
3702
4230
1982
2719
3710
4237
1812
2137
3703
4817
1597
2214
3790
4351
1626
2269
3671
4990
1812
2549
3604
4468
1940
2177
3504
4385
1597
2544
3555
4850
1812
2081
3610
4912
1824
2565
3964
4628
1354
2820
3246
4774
1564
2833
3982
4411
1812
2421
3188
4715
1812
2815
3449
5050
1940
2467
3608
4660
1812
2190
3424
4713
1666
3029
3088
4351
1455
2968
3080
4484
1597
2939
3101
4322
1535
2720
3348
4377
1830
2181
4065
4496
1866
2574
3096
4763
1212
2822
3347
4134
2027
2249
3497
4385
1926
2540
3365
4443
1942
2833
3465
4226
1470
2661
3555
4593
1406
2171
3363
4470
1752
3028
3422
5061
1479
3015
3346
4600
1406
2876
3608
4401
1783
2343
3608
5027
1984
2723
3996
4178
1480
2939
3447
4320
1874
2294
3331
4776
1409
2270
3256
4249
1932
2536
3504
4900
1984
2815
3293
4327
1940
2833
3449
5095
1940
2317
3899
4418
1669
2243
3259
4882
1936
2945
3319
4177
1424
2478
3384
5094
1609
2083
3684
5102
1984
3000
3449
4817
1932
2731
3819
4121
1770
3028
3722
5027
1406
2171
3492
4401
1880
2604
3398
4301
1984
2932
3702
5017
1878
2876
3798
4465
1081
2283
3874
4990
1878
2481
3722
5032
1683
2911
3152
4263
1754
2190
3333
4730
1936
2861
3745
4385
1800
2861
3522
4831
2018
2861
3319
4888
1500
2940
3097
5050
1081
2801
3819
4363
1814
2923
3743
4573
1940
2548
3246
4855
1936
2063
3694
4997
1455
2243
3694
4402
1431
2536
3152
4678
1597
2849
3184
4374
2028
2192
3465
4459
1746
2540
4093
4965
1940
2174
3107
4180
1425
2609
3664
4512
1525
2775
4003
4573
1664
2892
3801
5064
1489
2535
4003
4605
1526
2921
4003
5050
1410
2882
4055
4139
1666
2470
3120
4532
1936
2550
3199
4443
1753
2848
3346
4678
1703
3045
3415
4715
1025
2460
3348
4200
2031
2989
4046
4558
1297
2498
3623
4149
1661
2283
3857
4178
1996
2097
3610
4256
1982
2272
3444
4573
1950
2429
3508
4317
1354
2820
3790
5064
1664
2591
3293
4532
1489
2631
3073
4532
1812
2887
3728
4967
1980
2859
3579
4772
1797
2727
3376
4374
1813
2848
3331
4292
1385
2969
3857
4562
1597
2759
3579
5048
1846
2421
3444
4121
1669
2759
3078
4416
1424
2848
3283
4873
1838
2928
3686
4367
1982
2923
3579
4635
2032
2063
3632
4239
2028
2848
3540
4416
1557
2536
3340
4414
1396
2859
3707
4917
1635
2809
3297
4573
1128
2264
3796
4248
1878
2901
4081
4854
1878
2175
3399
5022
1910
2050
3458
4556
1662
2903
3694
5064
1683
2050
3733
4385
1963
2535
4003
4716
1841
2450
3482
4806
1910
2772
3419
5064
1745
2309
3256
5064
1691
2257
3686
4125
1081
2457
3376
4903
1504
2174
3805
4126
2024
2705
3579
4478
1996
2169
3246
4397
1915
2255
3246
4112
1936
2772
3098
4292
1915
2501
3611
4218
1361
2050
3449
4561
1637
2849
3485
5113
1674
2712
3256
4484
1637
2977
3226
4971
1409
2324
3107
4713
1597
2912
3603
4190
1832
2225
3380
5007
1982
2601
3872
4138
1589
2874
3465
5102
1317
3022
3857
4442
1392
2887
3585
4993
1674
2920
3234
4900
1166
2488
3348
4552
1486
2958
3815
4873
2027
2458
3538
4149
1603
2529
3366
4511
1406
2741
4084
5010
1824
2897
3364
4679
1984
2574
3702
4706
1751
2219
4003
4739
1783
2240
3475
4784
1984
2430
3283
4829
1824
2154
3591
4696
1984
2741
3909
4149
1351
2564
3513
5072
1237
2697
3707
4851
1237
2849
3686
4215
1681
2911
4003
4402
1961
2481
3611
4253
1535
2734
3770
4292
1612
2589
3702
4821
1812
2058
3707
4475
1535
2481
3993
4715
1341
2874
3281
4122
1341
2590
3702
4896
1940
2753
4003
4239
1480
3062
3686
5076
2014
3028
3796
4888
1910
2352
3813
5044
1878
2228
3560
4121
1645
2081
3588
4741
1142
2715
3197
4897
1254
2408
3324
4470
1740
2887
3588
4556
1739
2594
3977
4470
1525
2849
3555
4143
1915
3070
3465
4665
1980
2772
3994
4556
1838
2658
3912
4641
1186
2623
3685
4256
1105
2963
3449
4418
1718
2887
3147
4422
1599
2457
3449
4246
1985
2787
3921
4556
1985
2700
3639
4496
1779
2700
3098
4443
1409
2623
3902
5022
1669
2253
3686
4246
1396
2700
3338
4680
1940
2912
3469
4443
1626
2190
3981
4386
1936
2800
3297
4994
1982
2498
3338
4275
1982
3015
3419
4898
2045
2841
3096
4287
1955
2937
3547
5105
1930
2176
3514
4314
1452
2501
3644
4309
1237
3008
3900
4806
1408
2590
3986
4597
1999
2833
3872
4400
1565
2695
3720
5022
1533
2516
3887
4416
1410
2626
3953
4528
1813
2609
3096
4414
2014
2455
3623
4496
1136
2459
3672
4496
1664
2174
3590
4971
1565
2536
3579
4414
1830
2464
3441
4459
1610
3064
4024
4446
1862
2257
3447
4302
1237
2722
3281
4462
1237
2741
3555
4243
1396
2081
3276
4956
1814
2181
3555
4496
1555
2529
3465
4496
1409
2889
3555
4711
1925
3054
3465
4334
1409
2762
3707
4496
1270
2093
3644
4443
1409
2561
3707
4100
1270
2672
3449
4352
1669
2787
3990
4727
1830
2481
3175
4414
1789
2257
4088
4374
1409
2314
3582
4559
1878
2868
3558
4559
1862
3021
3847
5050
1825
2347
3231
4140
1424
2478
3608
5105
1719
2850
3561
4439
1246
2506
3969
4665
1254
2858
3796
4605
1525
2514
3097
4743
1555
2498
3142
4229
1583
2269
3184
4713
1996
2844
3251
4544
1555
2498
3375
4296
1564
2174
3456
4532
1828
2833
3702
4532
1824
2767
3707
4507
2045
2771
3864
4750
1936
2529
3896
4560
1862
2712
3829
4831
1910
2457
3478
4299
1564
2214
3450
4562
1996
2618
3955
4990
1880
2844
3485
4225
1535
2921
3877
4795
1186
2269
3866
4629
1719
2084
3238
4253
1719
2849
3251
5086
1123
2805
3588
4187
2014
2805
3590
4556
1687
3057
3339
4605
1983
2852
3482
4230
1212
2327
3460
4862
1470
2464
4085
4140
1274
2609
3608
4831
1824
2888
3720
4743
1603
2529
3444
4605
1846
2804
3964
4207
1824
2861
4022
4281
1812
2735
3400
4856
1480
2723
3459
4728
2045
2529
3644
4738
1597
3070
3661
4702
1409
2712
4004
4726
1424
3032
3517
4888
1555
3007
3686
4140
1984
2861
3475
4385
1828
2457
3686
4978
1409
2283
3237
4711
1824
3015
3449
4352
1564
2174
3365
4918
1409
2467
3865
4573
1828
2140
3473
4453
1564
2844
3996
4807
1783
2536
3327
4281
1555
2261
3900
4476
1824
2249
4022
4558
1828
2735
3255
4728
1878
2665
3599
4758
1178
2727
3232
5102
1745
2921
3281
4481
1754
2120
3439
4443
1828
2833
4043
4915
1604
2245
3473
4358
1825
2923
3281
4292
1824
2923
3283
4299
1984
2351
3605
4727
1828
2509
3219
4728
1351
2050
3260
4758
1525
2759
3420
4325
1984
2805
3376
4814
1246
2337
3866
4949
2014
2525
4024
4806
1307
2848
3319
4728
1910
2231
3543
4153
1754
2817
3376
4578
1123
2651
3376
5028
2027
2457
3680
4125
1707
2498
3567
4874
1136
2050
4032
4584
1416
2134
3436
4419
1240
2253
4003
4468
1123
2443
4003
4161
1707
2787
3283
4407
1136
2402
3593
4187
1910
2178
3339
4265
1999
2311
4022
4562
1860
2689
3978
4939
1782
2498
3941
4496
1367
2516
3577
4605
1915
3007
3174
4346
1597
2528
3101
4304
1838
2868
3171
4831
1838
2210
3988
4382
1860
2904
3310
4726
1123
2186
3599
4618
2014
2678
3850
4126
1136
2457
3764
5106
1910
2811
3171
4628
1194
2354
3493
5033
1123
2738
3578
4473
1707
2833
3654
4801
1910
2844
3737
4647
1910
2181
4003
4347
1416
2712
4043
4792
1240
2249
3436
5022
1123
2589
3694
4648
1222
2940
3694
4784
1910
2351
3732
5047
1416
2134
3107
4400
1240
3070
3511
5106
1438
2430
3447
4916
