920
657
657
195
195
291
271
723
691
706
836
83
213
689
657
657
195
291
271
689
394
141
186
471
471
271
204
633
633
149
530
271
204
802
627
178
178
858
878
878
633
149
517
793
271
271
802
723
56
56
471
213
213
657
657
195
291
213
213
723
691
836
836
83
878
271
273
367
149
291
213
271
723
141
343
868
471
271
204
273
195
195
291
271
271
802
723
627
178
858
878
878
800
633
149
213
213
689
590
657
56
56
471
213
204
657
195
195
291
271
204
723
691
836
83
83
271
273
657
195
195
291
271
802
723
2
258
471
471
271
204
633
149
911
793
271
802
723
627
178
858
878
878
800
633
633
213
213
213
204
723
875
56
471
213
204
657
657
195
291
89
271
802
691
706
836
83
77
271
273
367
149
291
271
689
394
723
875
868
471
271
394
273
633
149
911
77
755
723
723
627
178
858
878
878
97
633
149
213
213
213
273
723
56
56
471
213
213
273
657
195
291
291
271
204
691
836
836
83
471
204
657
195
195
291
291
204
394
2
343
258
471
271
204
657
633
149
911
271
204
723
627
178
858
858
878
878
633
633
633
213
213
204
723
414
56
56
471
213
689
657
195
195
291
213
213
723
691
836
836
83
271
204
367
149
144
213
271
204
723
875
343
471
471
271
204
657
195
149
911
271
204
723
723
178
178
858
878
878
800
633
149
213
213
204
723
875
56
471
471
213
213
657
657
195
291
291
204
723
691
706
836
83
878
273
367
657
195
291
291
394
394
518
343
371
471
530
204
633
657
149
530
271
204
723
691
178
178
858
878
878
587
657
195
291
213
204
394
875
56
56
96
446
446
367
657
195
96
446
204
691
706
836
83
471
271
273
367
633
149
877
89
271
469
478
945
343
912
271
19
273
657
195
291
271
802
723
691
178
178
858
221
524
367
321
321
321
321
802
723
742
56
56
750
321
144
273
657
195
291
291
802
19
691
836
836
83
321
524
273
657
195
291
291
204
723
875
258
471
471
271
19
273
657
149
271
689
590
590
691
178
178
858
878
878
71
517
517
530
271
802
590
195
56
56
471
271
273
367
657
195
291
291
802
723
691
836
83
83
271
524
367
149
346
689
877
204
590
993
945
258
471
271
273
273
691
130
83
689
533
1232
2695
3325
5013
1928
2325
3335
4899
1412
2854
3994
5037
1094
2114
4004
4826
1838
2498
3744
4812
1694
2779
3456
4999
1622
2883
3649
4942
1694
2608
3210
4676
1622
2484
3843
4456
1924
2533
3951
5059
1349
2937
3795
4157
1801
2253
3526
4249
1263
2939
3830
4548
1422
2660
3193
4192
1055
2620
3854
4168
1125
2088
3104
4490
1029
2589
3386
4661
1924
2527
3597
4905
1334
2253
3386
4810
1155
2985
3778
4810
1334
2255
3843
4955
1878
2775
3083
4497
1817
3016
3599
4337
1396
2313
3664
4681
1884
2869
3296
5109
2025
2276
3335
5110
1884
2968
4053
5058
1232
2939
3935
4150
1995
2972
4054
5029
1252
2791
3715
4739
1878
2761
3977
4827
1584
2317
3372
4908
2005
2274
3854
4690
1112
2424
3619
4822
1391
2940
3708
4728
1700
2439
3598
4512
1981
2700
3335
4364
1899
2452
3647
4625
1334
3008
3335
4927
1155
2985
3672
4853
1903
2869
3778
5089
2006
2989
3335
4938
1788
2976
4052
4848
1924
2788
3876
4987
1628
2248
4072
4539
1456
2325
3778
5118
1928
2419
3935
5012
2000
2531
3778
4934
1252
2325
3951
4889
1349
2889
3987
4654
1252
2411
3891
5015
1087
2889
3310
4414
1120
2173
3608
4282
1084
2424
3854
4250
1549
2692
3796
4478
2031
2424
3232
5031
1161
2693
4032
4485
1755
2787
3850
4631
1659
2623
3597
4743
1801
2860
3893
4889
2038
2320
3783
4414
1317
2048
3881
4925
1991
2608
3182
4296
1995
2647
3719
4771
1155
2470
3925
4931
1903
2701
3526
5079
1995
3043
3804
4830
1924
2608
4094
4934
1248
2253
3893
4830
1252
2649
3778
4739
1777
2833
3673
4335
2013
2969
3443
5031
1534
2958
3265
4941
1291
2723
3881
4255
1798
2439
3307
4197
1188
2492
3826
4346
1696
2608
3856
5079
1188
2048
3844
4358
1155
2682
4088
4733
2015
2701
4072
5110
1594
2860
3638
4970
1856
2202
3077
4757
1094
2883
4021
5030
1587
2989
3308
4424
1188
2883
3843
4676
1780
3012
4053
4501
1188
2701
3727
4860
1924
3012
3826
5079
1188
2912
3856
4150
2006
2514
3986
4464
1668
2596
3581
4751
1314
2780
3830
4509
1988
3031
3780
4659
1970
2249
3772
4538
1280
2589
3867
4983
1181
2498
3209
4955
1349
2942
3843
4478
2000
2869
3778
4763
1928
2942
3893
4876
1803
2944
3725
4876
1975
2969
4064
4544
1720
2268
3649
5077
1694
2608
3966
4358
1155
2054
4087
4589
1334
2168
4072
4150
1155
2701
3210
5079
1334
2860
3880
5115
1155
2608
3795
4907
1653
2253
3966
4201
1626
2232
3952
4693
1533
2201
3772
4456
1535
3056
3881
4380
1755
2443
3659
4369
1659
2525
3313
4559
1700
2608
3682
4414
1334
2350
3843
5022
1155
2860
4061
4876
1995
2889
3675
4654
1777
2788
4053
4771
1412
2625
3323
4245
1925
3001
4055
4720
1884
2912
3478
4132
1349
3012
4053
4654
1371
2119
3409
5096
1232
2920
3270
4931
1454
3043
3111
4905
1454
2907
4072
4934
1454
2942
4088
4654
1300
2429
3747
4170
1425
2107
3392
4180
1647
2406
3549
4944
1531
2057
3741
4825
1507
2249
3878
4821
1273
2163
3345
5028
1056
2488
3410
4468
1557
2905
3675
4455
2017
3071
3126
4486
1161
2383
3335
4172
2017
2093
4077
5059
1759
3069
3745
5031
1188
2264
3585
4422
1780
2860
3712
4810
1188
2608
3976
4624
1924
2883
3826
4624
1334
2869
3335
5031
1155
2985
3843
4860
1334
2869
3928
5114
1040
2761
3317
4603
1874
3043
3237
4168
1739
2638
3558
4574
1581
2883
3649
4483
1284
2516
3087
4412
1720
2905
3649
4153
1334
2869
3778
4539
1155
2419
4077
4620
1334
2869
3966
4985
1155
2701
4088
4985
1334
2535
4053
4589
1425
2600
3424
4892
1849
2986
3881
5077
1835
2937
3760
4985
1884
2986
3843
4599
2025
3043
4031
4416
1995
2619
3585
4324
1981
2976
3764
4656
1720
3043
3335
4727
1659
2791
4032
4636
1526
2165
3800
4149
2013
2677
3306
4291
1677
2288
3232
4187
1185
2514
3966
4171
1581
2528
3473
4772
1155
2905
3771
4748
1924
2165
3585
5059
1628
2119
4077
4985
1456
2248
3966
4810
1485
2761
3928
4414
1686
2257
3591
4820
1610
2587
3177
4506
1884
2883
3945
4889
2025
3069
3111
4784
1884
2398
3674
4546
2025
3069
3335
5041
1622
2484
4053
4875
1653
2791
3335
5079
1622
2484
3843
5059
1230
2511
3345
5033
1627
2590
3558
4914
2031
2463
3878
4989
1860
2581
3971
4703
1345
2463
3674
4876
1248
2787
3284
4203
1777
2325
3843
4494
1903
2813
3893
5031
1723
2788
3725
5018
1349
2531
3881
4201
1557
2478
3413
4150
1975
2844
3762
5049
1981
2681
3454
4872
1777
2644
3268
4875
2000
2748
3966
4985
1628
2325
3335
4972
1456
2350
3747
4311
1723
2608
4009
4934
1157
2944
3891
4830
1686
2257
3542
4991
1559
2967
4068
4272
1668
2675
3830
4996
1842
2958
4007
4173
1702
2249
3104
4131
1535
2191
3785
4784
1410
2457
3754
4513
2003
3069
3597
4891
1896
2555
4032
5028
1694
2682
4077
4334
1764
2156
3366
5068
1694
2860
3736
5079
1838
2608
3653
4974
1694
2048
3357
4886
1188
2608
4072
4962
1924
2305
3526
4456
1188
2860
3268
4770
1924
2701
4088
4985
1981
2253
3976
4654
1924
2325
3778
4771
1686
2596
3096
4708
1678
2305
4046
4134
1638
2962
3438
4510
2015
2890
3274
4171
1896
2589
4052
4219
2015
2608
3149
4889
1720
2093
3095
4875
1188
2531
3577
5072
1924
2411
3843
5015
1686
2521
3665
4684
1681
2156
3947
4434
1737
3020
3507
4506
1622
2346
4032
4860
2007
2938
3304
4792
1622
2883
3862
4624
1694
2253
3951
4456
2025
2701
3182
4426
1884
3069
3674
5079
1835
2608
3935
4615
1194
2908
3906
5096
1466
2257
3817
4509
1383
2321
3096
4129
1988
2216
3104
4631
1051
2254
4077
4987
1641
2109
3104
5079
1181
2930
3370
4856
1349
2623
3850
4985
1181
3071
3778
4171
1777
2813
3335
4478
1087
2230
4053
4487
1703
2253
3736
4895
2046
2608
3536
4905
1694
2048
3536
4727
1248
2976
3778
4977
1995
2771
4032
5079
1155
3012
3778
4625
1334
2976
3675
5029
1155
2325
4053
5112
1739
2627
3746
4498
1659
2496
3843
4970
1332
2909
3197
4210
1460
3021
3876
5056
1659
2905
3268
4821
1700
2425
3107
4171
1685
2787
3843
4171
1981
2976
3843
4320
1924
2788
3778
4171
1828
2909
3672
4373
1777
2972
3951
4589
1161
2224
3316
4180
1565
2696
3699
4497
1777
2638
3783
4861
1653
2942
3782
4431
1928
2325
3965
4305
1653
2531
3935
5114
1628
2860
4088
4830
1653
2608
3951
5059
1628
2325
3843
4983
1975
2969
3351
4526
1425
2107
3248
4492
1219
2380
3280
4165
1698
2424
3072
4915
1088
2873
3201
4937
1381
2249
3723
4967
1755
2429
3231
4825
1418
2801
3708
4967
1652
2253
3796
4620
1418
2608
3796
4771
1696
2905
4032
4886
1753
3042
3304
4793
1720
2411
3843
4546
2015
2949
3928
5089
1155
2883
3335
4636
1694
2048
3647
4862
1835
2608
3868
4170
1694
2717
4032
4747
1981
2411
3778
4962
1993
2264
3502
4119
1425
2223
4068
4744
1369
2305
3144
4656
1056
2841
3420
4690
1327
2321
3828
5003
1280
2883
3649
4806
1780
2787
3542
4960
1188
2419
4038
4283
1696
2860
3715
4791
2015
2701
3893
4972
1594
2860
3377
4119
1425
2804
3779
4572
1193
2455
3369
4402
1330
2817
3143
4436
1835
2602
3783
4711
1694
3012
3329
4563
1835
2506
4052
5108
1780
2054
3843
4931
1188
2608
3942
4810
1924
2862
3310
4927
1418
2860
3314
5087
1425
2221
3083
4436
1114
2082
3122
4219
1677
2302
3872
4168
1192
2967
3300
4171
1298
2905
3778
4961
1298
2907
3843
4349
1252
2788
4077
4830
1748
2907
3335
4318
1777
2097
4053
4201
1230
2938
3394
5119
1925
2910
3143
4464
1317
2100
3552
4728
1720
3012
3525
4875
1317
2100
3088
4484
1155
2976
4051
4677
1334
2253
4004
5096
1155
2608
3111
4625
1690
3069
4032
4970
1683
2839
3559
5068
1455
2083
3581
5079
1059
2093
3872
4543
1290
2206
3346
4722
1481
2642
3649
4494
1903
2700
4093
4494
1317
2841
3843
4983
1155
2860
3880
4919
1345
2701
3880
4985
1723
2735
4053
5114
1516
2854
3475
4494
1828
3056
3887
4878
1317
2631
3375
4929
1928
3012
3924
4876
1653
2860
3982
4456
1252
2649
3530
4654
1723
2531
3893
5096
1628
2411
4072
5118
1456
2649
3876
5052
1087
2881
4077
4867
1617
2857
3372
4720
1657
2072
3608
4154
1841
2488
3872
4543
1101
2457
3502
4209
1268
2967
3339
4703
1410
2689
3126
4937
1813
2589
3905
4843
1410
2048
3356
4468
1188
2787
3386
4625
1696
2701
3589
4791
1788
2252
3978
4766
1155
2097
3335
4720
1788
2945
3083
5041
1155
2097
3778
4601
1334
2869
3843
4817
1155
2985
3778
4274
1334
2701
3982
4456
1155
2985
4053
5118
1349
2608
3727
4889
1087
2920
3504
4145
1058
2586
3830
4765
1217
2900
3953
4405
1367
2148
3126
4442
1317
2635
3795
4897
1652
2638
3712
4171
1188
2793
4005
4384
1924
2419
3500
4889
1188
2860
3652
4184
1924
2419
3782
4884
1509
2854
3881
4586
1040
2868
3558
4509
1263
2707
3191
4934
1057
2811
3335
4500
2015
2161
3111
4681
1594
2100
3791
4625
2015
2054
4004
5041
1594
2721
3327
4934
1694
2608
3935
5118
1835
2253
3753
4830
1359
2897
4089
4937
1559
2249
3377
4997
1177
2113
3599
4468
1289
2879
3360
4562
1078
2589
3712
4379
1298
2589
3557
4432
1298
3071
3843
4414
1928
2905
3778
4519
1334
2788
3557
5114
1349
2411
3414
4334
1382
2201
3115
4760
1694
2054
3536
4274
1720
2860
3296
4942
1349
2419
3747
4942
1155
2262
3740
4771
1334
2976
3335
4942
1777
3012
4032
4484
1981
2912
3880
4747
1777
3012
3715
4484
1087
2406
3950
4436
1534
2946
3120
4924
1702
2676
3796
5068
1931
2978
4030
4770
1345
2529
3928
4771
1981
2529
3335
4903
1815
2048
4061
4872
1981
2787
3673
4983
1252
2619
3843
4934
1981
2748
3965
4985
1087
2075
4093
4414
1409
2292
3760
4895
1884
3012
3824
4549
1232
2419
3582
5031
1777
3012
3870
4274
1928
2788
3987
4170
1653
2097
3325
4654
1252
2649
3893
4589
1496
2788
3782
5052
1349
2990
3970
5029
1975
2908
3830
4643
2013
2160
4023
4880
1038
3015
3208
4129
1492
2864
3339
5080
1702
2249
3208
4198
1535
2191
3726
4883
1410
2829
3234
4414
1059
2608
3410
4183
1998
2540
4032
4829
1993
2589
3832
4911
1764
2305
3296
4871
1993
2126
3653
4458
1188
2464
3115
4938
1924
2467
3698
4334
1188
2608
3727
5052
1924
2419
3307
4860
1188
2860
3673
4934
1924
2411
3335
5118
1981
2889
4053
4950
1425
2909
3306
4941
1391
2403
3472
4512
1173
2249
3726
5048
1217
2890
3437
4826
1720
2787
3856
4478
1188
2054
3787
4676
1924
2787
3747
4860
1188
2419
3935
4539
1924
2411
4053
4431
1188
2608
3880
4624
1720
2097
3719
4334
1856
2202
3308
4943
1576
2201
3104
4497
1210
2817
3826
4412
1835
2587
3675
4860
1694
2944
3122
4640
1835
2787
3211
4364
1780
2054
4042
4203
1188
2484
3935
4624
1759
2305
3864
4854
1774
2978
3991
4597
1346
3007
3832
4825
1476
2940
3743
4938
1413
2199
3104
5082
1851
2516
3915
4604
1981
2467
3649
4478
1188
2608
4077
4654
1628
2109
3843
4171
1334
2608
3928
5050
1396
2909
3649
5068
2007
2910
3498
5025
1878
2761
3401
4562
1054
3016
4038
5079
1622
2883
3437
4589
1884
2889
3764
5118
1054
2608
3706
4374
1884
2889
4053
5042
1232
2411
4087
4132
1516
2545
3504
4821
1345
2252
3542
4175
1230
2459
4023
5019
1691
2457
3837
4587
1837
2080
3558
4583
2003
2516
4020
5096
1248
2986
4077
4444
1995
2869
3675
4171
1924
2813
4053
4786
1334
2608
3952
4927
1155
3008
3843
4853
1812
2330
3653
5025
1299
2314
3675
4938
1519
2255
3762
4539
1777
2942
3078
4608
1371
2619
4032
4519
1371
2314
3778
5041
1628
3012
3843
4460
1371
2813
3935
5096
1334
2920
3268
4962
1523
2761
3778
4249
1425
2909
3476
4622
1765
2253
3986
4904
1422
3066
3201
4937
1507
2249
3458
4528
1273
2457
3161
4137
1056
2134
3215
4703
1755
2528
3388
4959
1460
2257
3115
4341
1652
2253
3208
4414
1188
2787
3413
4589
1759
2048
3782
4494
1664
2854
3807
4512
1746
2526
3502
4629
1317
2614
3764
5042
1924
2883
3078
4830
1334
2627
4053
5058
1155
2608
3500
5079
1334
2419
3437
4852
1232
2253
3924
4889
2013
2257
3342
5086
1159
2779
3712
4685
1684
2958
3649
4673
1862
2498
3693
5028
1354
2635
4032
4656
1652
3012
3880
5028
1460
2156
3104
4571
1652
2253
3502
4171
1460
2700
3597
4320
1652
2253
3095
4743
1753
2545
3104
4617
2038
2986
3456
4484
2018
2735
3111
4478
1789
2979
3104
4134
1059
2631
3265
4949
1835
2723
3649
5034
1694
2635
3641
4150
1460
2257
3111
4546
1652
2619
3978
4171
1838
2382
3182
4848
1466
2297
3564
4129
1045
2781
3867
4547
1541
2455
3387
4939
1641
2516
3360
5037
1653
2700
3780
4245
1181
2216
3881
4876
1723
2608
4077
5118
1349
2350
3498
4210
1155
2649
3310
5031
1812
2909
3783
4305
1720
2054
3237
4839
1788
2860
3558
4726
1899
2701
3942
4654
1981
2093
3257
5052
1924
2608
4094
4972
1931
2224
3104
4640
1899
2787
3824
4684
1334
2701
3111
4755
1155
2860
3747
4926
1626
3042
3880
4931
1417
2452
3697
4749
1327
2842
3342
4741
1755
2411
3498
4654
1557
2881
4077
4726
1397
2841
3963
4817
1924
2905
3824
4539
1248
2700
3901
5118
1155
2608
3880
4539
1788
2048
3297
4903
2032
2696
3276
5111
1087
3042
3398
5108
1216
2965
3745
4895
1884
2054
3437
4720
1995
2791
3335
4215
1995
2398
3966
5031
1371
2907
3843
5058
1232
2612
3406
4654
1928
2325
4072
5031
1425
2909
3197
4520
2013
2903
3458
4315
1483
2321
3348
4869
1045
2424
3266
4822
1549
2589
3878
4779
1319
3031
3339
4184
1535
2887
3916
4979
2003
2256
3310
4151
1755
2681
3547
4727
2038
2331
3691
4414
1254
2201
3324
4372
1299
2549
3736
4395
1417
2903
3825
4972
1054
2269
3384
4287
1054
2170
3284
4926
1035
2719
3268
4615
1720
2549
3388
4299
1054
2681
3398
4845
1054
2331
3704
4876
1054
2646
4008
4792
1856
2202
3247
4430
1771
2549
3188
4127
1307
2969
3288
5107
1327
2238
3657
4431
2038
2723
4067
4705
1519
2700
3657
5047
2025
2594
3366
4133
1884
2333
4094
4119
2025
2789
3269
4792
1589
2972
3824
4926
1975
2230
3657
5051
1299
2214
3673
4484
1913
2969
3439
4972
1587
2479
3747
4477
1448
2719
3824
4501
1622
2137
3747
4624
1884
2791
3420
4175
1995
2936
3307
4830
1884
3008
3824
4184
1109
2969
3756
4126
1317
2214
3751
4415
1230
2804
3083
4267
1483
2437
3262
5078
1234
2080
3502
4788
1078
2463
3339
4184
1777
2333
3623
4991
1331
2928
4000
4453
1371
2214
3690
4349
1777
2789
3307
4132
1485
2969
3892
4547
1417
2681
3777
4839
1878
2995
3297
4368
1973
2835
3529
4197
2025
2936
3831
4624
1587
3032
3335
4713
2025
2398
3935
4460
1622
2054
4084
4934
1995
2945
3335
5110
1928
3012
3778
4860
1626
2230
3300
4184
1745
2962
3474
4662
1660
2210
3611
5047
2003
2516
3527
4119
1392
2979
3661
4539
1899
2700
3310
4494
1300
2150
3942
4414
1628
2314
4061
4184
1160
2813
3725
4625
1812
2230
3260
4983
1703
2696
3517
4656
1755
2854
3257
5108
1884
2869
3876
4508
1232
2942
3966
5059
1928
2793
4039
4926
1371
2411
4072
5108
1456
2135
3530
4871
1671
2915
4060
4543
1425
2761
3083
5111
1686
3069
3986
5082
1365
2905
3171
4690
1455
2875
3986
4364
1847
2315
3208
4966
1702
3034
3366
4571
1388
2457
3878
4172
1327
2573
3517
4357
1755
2746
3839
4201
1127
2097
3904
4907
1397
2393
3398
5114
1700
2700
3940
5058
1843
2501
3804
4351
1394
2990
3965
4145
1349
2748
3690
5058
1777
2452
3966
4875
1371
2939
4072
4955
1903
2452
3965
5029
1748
2452
3736
5114
1903
2748
3690
4889
1087
2364
3737
4875
1425
2674
3830
5119
1915
3030
3078
4449
1631
2707
3659
4454
1327
2533
3814
5048
2038
2937
3672
4990
1884
2253
3300
4620
2025
2608
3915
4460
1884
2623
3831
4221
1903
2420
3935
4296
1547
2150
3512
5096
2013
2201
3832
4216
2035
2908
4032
4918
1307
2161
3558
4278
1448
2506
3621
4924
1622
2942
3778
4510
1884
2419
4094
4771
2025
2860
3437
4127
1995
2320
3715
4412
1232
2628
4072
5041
1425
2761
3751
4532
1438
2317
3529
5096
1383
2773
3094
4129
1988
2199
3104
4538
1851
2369
3101
4436
1280
2701
4025
5116
1181
2860
3854
4201
1995
2382
3772
4414
1903
2048
4077
4856
1788
2608
3932
4684
1975
2201
3248
4705
1417
2779
3327
4727
1903
2253
3368
5058
1349
2608
3951
5115
1653
2419
3843
4657
1685
2860
4052
4132
1995
2791
4032
5115
1412
2436
3830
4385
1995
2937
3883
4786
1371
2619
4053
5058
1975
2969
3127
4203
1394
2777
3507
4971
1327
3032
4068
4413
1755
2604
3317
4512
1392
2209
4087
4648
1931
2262
3327
4320
1345
3071
3081
4954
1723
2905
3966
4595
1349
2788
4087
5087
1412
2761
3807
5023
1682
2276
3716
4829
1755
2320
3272
4306
1408
2522
3746
4151
1045
2303
3630
4659
1280
2113
3649
4733
1641
2179
3268
5031
1181
2701
3824
4559
1815
2869
3778
4970
1064
2684
3558
4714
1959
2412
3974
4876
