310
929
281
552
760
577
133
739
506
926
506
926
124
264
56
264
56
56
427
736
736
164
159
277
712
67
552
150
217
133
739
506
926
506
926
548
264
124
264
385
264
124
264
76
264
39
39
189
427
724
253
968
968
739
848
36
667
621
621
621
44
44
621
44
621
44
26
621
282
277
544
544
724
760
548
739
26
81
860
36
44
44
621
44
621
44
621
44
46
277
712
712
189
337
281
760
566
133
739
848
941
506
926
124
124
941
124
264
124
264
124
903
26
114
233
277
544
552
724
577
133
739
848
789
789
789
124
921
940
921
44
921
44
921
44
921
417
277
189
67
281
126
133
739
848
921
786
427
736
736
164
621
44
548
921
921
44
921
76
249
282
189
67
150
150
736
133
739
369
926
506
926
59
124
124
264
124
264
385
124
124
39
277
712
67
281
770
150
559
369
739
506
506
506
621
56
621
56
621
56
56
56
76
264
1015
57
570
277
281
150
760
577
566
92
711
667
621
44
621
44
621
44
44
987
900
217
7
797
929
929
337
281
126
577
113
739
506
506
124
264
124
824
124
427
736
736
164
164
249
543
921
266
544
841
189
724
126
113
739
59
921
427
736
164
72
449
72
548
72
56
56
56
249
457
277
544
67
760
577
867
640
369
707
610
610
312
72
56
84
56
56
786
46
811
850
781
190
189
552
150
760
867
640
369
707
401
707
401
511
610
228
401
511
837
84
828
84
669
800
189
67
281
235
867
640
287
36
287
707
312
84
312
669
669
26
88
575
164
159
159
811
712
337
281
150
760
867
36
610
374
36
252
399
252
252
399
252
198
252
716
252
501
716
575
712
67
235
140
867
640
287
707
287
707
312
84
312
84
312
312
84
501
312
84
76
76
189
189
544
724
760
640
640
174
707
59
401
401
84
610
610
669
716
837
84
837
800
811
277
277
337
281
235
844
577
369
707
287
707
837
228
837
228
837
228
837
228
837
228
76
39
277
544
544
724
760
859
597
155
597
597
506
427
736
736
334
164
607
669
597
669
716
669
159
277
712
337
281
736
943
29
174
707
401
228
837
84
837
228
837
228
786
427
736
164
249
277
712
544
724
760
640
867
640
174
707
401
707
401
228
837
84
57
417
419
598
223
929
929
170
