580
898
898
898
898
566
898
874
382
552
150
805
805
369
566
926
926
506
926
124
21
64
21
64
427
427
81
736
328
58
607
64
21
714
102
187
755
217
7
926
941
926
124
926
124
21
59
264
21
124
941
124
21
124
21
124
21
824
841
427
81
724
952
462
739
966
785
9
72
56
72
56
486
56
486
56
547
56
264
56
486
56
282
570
102
551
693
217
223
217
499
926
506
926
506
800
506
213
363
39
67
281
81
567
836
75
447
9
785
418
418
621
621
949
621
44
949
621
949
621
360
360
360
360
360
360
360
360
360
360
360
360
360
149
931
187
323
755
994
7
481
117
481
117
548
117
117
117
481
117
360
117
360
117
360
360
360
360
360
360
418
372
7
7
481
117
360
360
360
360
360
360
360
360
786
427
81
81
640
539
36
360
457
149
931
551
693
693
223
797
499
589
499
692
59
692
692
348
716
669
716
786
81
81
81
669
716
669
189
189
150
424
510
363
915
98
510
915
510
98
59
98
98
98
232
281
235
736
736
164
75
730
847
847
149
931
323
133
739
7
926
506
926
506
264
124
264
124
481
974
264
124
264
124
264
124
264
124
824
714
427
882
517
281
462
462
75
9
785
9
72
56
59
56
56
72
56
847
56
847
847
847
847
282
149
551
693
693
217
499
217
499
926
506
926
506
797
800
363
39
281
126
126
968
75
836
75
785
9
418
418
372
949
621
949
621
949
795
949
218
795
360
795
360
795
360
360
360
360
360
360
360
360
282
102
931
323
755
7
7
7
566
117
481
117
481
117
481
117
117
360
117
481
117
360
481
360
360
974
547
418
598
755
360
360
360
360
360
360
360
360
360
360
360
457
427
893
598
867
504
504
221
221
102
187
150
217
867
640
860
481
860
707
610
610
915
510
915
510
566
510
363
510
915
510
915
510
63
67
849
882
577
369
739
369
785
506
785
518
264
449
264
124
824
786
427
736
736
164
597
277
159
67
552
760
577
369
739
506
926
449
72
518
385
847
884
847
884
847
547
847
847
548
847
417
712
67
253
126
736
968
607
966
607
449
72
449
72
56
56
264
56
786
1008
56
264
56
56
249
712
67
552
760
223
217
739
966
739
926
506
72
56
264
56
264
56
824
786
427
856
