587
208
208
104
699
209
699
209
231
308
350
8
517
512
457
613
190
210
8
517
163
690
163
18
838
690
838
784
838
569
838
4
838
690
53
838
481
667
690
784
53
569
221
59
76
358
924
10
64
792
370
763
501
221
221
995
995
980
133
597
10
4
933
304
221
350
319
965
965
217
133
739
860
784
860
818
215
679
778
980
246
293
246
246
246
980
980
842
221
858
350
204
626
802
369
676
506
358
370
385
370
370
110
171
59
171
987
209
711
850
811
929
858
350
8
163
358
163
1016
163
707
610
763
957
763
957
221
598
980
980
171
293
995
995
4
39
574
206
171
792
924
1016
1016
957
980
206
763
778
763
221
995
995
980
980
304
788
970
293
4
850
850
308
319
965
217
626
739
506
358
681
385
518
681
518
238
518
803
518
681
518
803
786
980
980
137
858
350
8
126
137
699
699
137
579
137
137
69
350
8
328
163
886
233
699
597
699
293
37
523
350
8
163
886
163
163
59
838
838
238
53
53
53
53
53
620
591
591
579
4
966
980
579
597
579
137
579
137
579
137
579
137
980
980
591
293
579
597
995
293
667
980
374
763
854
980
137
350
160
965
217
965
980
133
966
597
246
293
579
293
206
137
957
137
579
137
699
327
980
293
597
350
204
726
626
328
730
803
110
32
32
110
803
171
868
385
331
597
4
206
79
48
850
114
350
8
517
821
667
821
789
667
821
821
949
821
789
821
789
789
598
821
957
821
789
575
995
995
789
821
789
821
957
821
608
798
957
798
941
957
757
605
757
608
995
59
608
304
605
798
995
605
605
69
319
160
605
373
463
798
757
667
667
941
757
605
941
551
551
217
757
798
757
798
995
605
605
69
319
204
798
551
223
798
110
926
206
110
980
331
654
551
654
658
654
4
137
551
551
2
858
350
8
517
597
163
591
163
481
838
385
838
481
838
481
838
597
838
481
838
597
481
995
374
265
763
838
838
838
481
838
53
59
53
53
903
380
903
53
903
995
995
903
970
59
37
699
516
394
858
350
160
965
965
965
217
499
763
246
4
667
1016
957
676
957
676
957
765
792
699
145
97
145
97
69
319
726
626
945
110
945
945
206
792
110
145
110
97
608
765
854
792
164
945
854
945
858
350
8
517
856
