580
316
779
779
779
779
779
779
779
779
779
779
779
779
779
779
779
500
500
500
500
500
500
500
500
500
500
500
500
500
500
500
500
500
500
643
355
355
318
643
355
355
318
643
355
355
318
643
355
355
318
318
643
355
318
318
643
355
355
318
643
643
355
318
318
643
355
355
643
643
635
318
318
643
355
318
643
643
355
318
643
643
635
318
643
643
635
318
643
643
355
318
643
643
635
318
643
30
635
635
635
643
643
635
635
635
635
635
635
635
635
635
635
635
635
635
635
635
635
635
635
635
635
635
635
635
635
635
635
635
635
635
635
635
635
635
635
635
635
635
768
480
480
984
474
316
316
768
480
480
212
212
212
212
212
212
212
212
212
554
554
554
554
554
245
245
771
771
353
353
353
353
709
932
709
709
709
709
709
709
709
709
709
709
709
709
932
709
709
709
709
709
709
771
771
353
353
353
709
728
728
728
245
245
771
771
771
353
353
728
728
728
245
245
245
771
771
353
709
709
709
709
709
709
709
709
709
709
709
709
709
709
709
709
709
709
709
709
728
728
888
888
888
500
910
888
889
898
316
316
779
779
779
779
779
779
779
779
779
779
779
779
779
779
500
500
500
500
500
500
23
500
500
500
500
500
500
500
500
500
500
500
643
643
355
318
318
643
355
318
318
643
355
355
318
643
355
355
318
643
355
355
318
643
355
355
318
318
355
355
318
318
643
355
318
643
643
355
318
318
643
355
318
643
643
355
318
643
643
355
318
643
643
355
318
643
643
355
318
643
643
635
318
318
635
635
635
635
643
643
635
635
635
635
635
635
635
635
635
635
635
635
635
635
635
635
635
635
635
635
635
635
635
635
635
635
635
635
635
635
635
635
635
635
635
635
635
768
768
480
984
213
474
316
768
480
480
212
212
212
212
212
30
212
212
212
212
554
554
554
554
554
245
771
771
353
353
353
353
709
30
709
709
709
709
709
23
709
709
709
709
709
709
245
709
709
709
709
709
709
709
771
771
353
353
353
728
728
728
245
245
245
771
771
353
353
353
728
728
728
245
245
771
771
353
353
709
709
709
709
709
709
709
709
709
709
709
709
709
709
709
709
709
709
709
709
728
888
888
888
500
500
910
302
804
898
316
779
779
170
