587
104
104
9
115
115
566
115
115
527
213
37
266
433
364
770
770
390
75
9
57
570
662
906
906
906
452
440
535
169
844
463
983
29
828
195
494
457
364
642
452
976
523
444
101
226
715
964
715
964
1011
964
1011
26
88
976
428
890
127
226
95
964
501
964
1011
964
501
399
594
976
801
428
764
268
770
328
966
530
776
1007
374
662
147
499
976
801
186
922
770
113
328
983
463
486
570
40
543
597
983
451
428
444
101
226
95
607
964
715
1011
1011
1011
800
88
451
644
433
1012
253
597
155
597
155
597
566
644
77
461
435
452
428
108
444
268
564
167
1001
671
1001
671
436
662
604
451
801
997
535
535
29
29
983
910
147
671
57
408
40
604
801
428
433
764
483
770
737
530
776
1007
1007
408
40
910
45
976
428
890
922
770
737
983
983
147
1007
57
408
662
604
451
428
764
764
567
343
116
983
116
940
282
436
662
451
451
801
440
922
944
567
116
983
607
282
987
983
910
502
451
428
983
890
887
770
530
983
530
989
55
417
594
364
435
452
527
186
364
770
737
463
530
737
570
436
662
217
133
530
9
347
547
518
264
1007
983
1007
613
689
693
994
994
966
1007
347
147
56
1007
347
1007
570
923
693
323
755
7
481
347
926
117
481
347
264
117
347
903
824
613
983
502
824
923
693
578
499
589
499
797
667
906
526
526
526
526
526
835
187
566
526
143
143
143
143
143
566
143
143
143
143
143
143
143
143
143
143
175
143
143
143
143
143
143
143
102
187
323
143
143
383
861
420
1009
54
565
565
824
613
689
693
693
805
499
589
499
692
262
604
502
613
983
502
102
799
927
502
499
692
348
143
651
359
54
565
565
526
526
1023
1023
526
143
527
143
143
1008
3
143
74
485
456
931
187
502
143
74
143
143
420
1009
359
565
565
824
475
3
214
143
475
3
143
233
799
502
456
436
910
502
266
323
231
143
143
143
143
175
1009
359
886
565
526
526
143
214
143
143
143
143
613
689
693
456
131
693
223
589
149
835
927
502
456
983
910
502
613
262
604
613
190
604
566
1009
359
54
565
565
966
526
526
782
526
74
143
143
456
835
187
502
143
143
143
143
122
799
502
233
799
135
143
122
376
502
456
262
135
143
613
262
135
456
262
135
502
523
969
760
170
