257
104
104
964
800
363
970
711
970
63
77
764
309
567
447
116
940
940
940
481
940
264
940
21
63
108
1012
357
95
167
715
964
115
115
1008
662
604
45
451
428
433
127
226
95
167
715
964
501
964
1011
594
594
45
88
428
890
101
226
463
295
416
501
62
430
62
800
801
1020
428
890
127
226
226
167
715
964
715
964
1011
494
800
801
801
428
890
1012
253
113
607
174
607
1001
562
155
511
570
910
801
997
764
309
483
259
259
989
989
989
91
543
494
182
45
712
440
890
535
844
29
174
29
195
195
494
543
543
45
451
428
997
309
357
113
328
259
989
989
989
989
989
989
989
45
219
890
535
844
844
174
29
195
983
195
828
594
45
45
219
440
127
407
564
167
564
983
1001
671
671
494
91
451
45
219
890
1012
407
564
167
983
983
964
964
1001
594
904
904
440
876
309
357
113
259
259
442
983
989
989
408
40
989
45
1017
433
922
535
844
844
983
195
195
195
408
494
147
904
219
997
764
268
567
113
530
983
910
1007
55
494
594
45
45
219
997
922
770
113
113
530
776
1007
59
55
594
91
451
801
997
127
407
564
167
564
167
1001
671
671
436
662
451
801
801
997
108
1012
407
564
167
715
964
1001
964
40
604
451
801
876
309
309
483
259
259
989
989
989
385
989
494
105
105
904
997
922
357
231
113
92
970
970
59
417
494
604
904
219
440
876
309
770
113
530
776
1007
1007
1007
494
1008
45
904
904
997
922
944
567
711
527
527
970
59
970
40
711
711
904
219
876
309
268
770
113
530
776
1007
63
408
427
88
451
712
428
876
357
113
328
259
259
989
989
923
693
604
1020
904
219
997
127
357
567
968
530
776
1007
1007
55
55
594
904
904
482
433
764
483
113
530
776
1007
1007
543
543
164
451
45
801
108
127
268
844
29
174
195
195
195
543
461
543
452
451
997
1012
309
407
844
174
671
1001
671
923
689
662
604
904
428
876
309
770
113
259
259
966
989
989
91
494
569
451
45
219
890
535
844
29
174
29
195
195
689
662
604
604
451
417
440
764
268
567
797
499
797
936
233
693
805
59
105
45
63
876
357
567
481
860
481
941
860
481
117
481
594
451
428
876
309
268
328
259
259
989
481
420
461
571
363
711
440
876
357
567
113
566
530
784
860
170
