257
104
104
155
569
811
811
644
77
1012
226
226
564
167
1011
84
1011
84
1011
84
1011
23
1011
398
501
1011
59
1011
1011
57
570
872
872
323
902
797
167
416
707
1011
486
1011
84
575
501
57
420
764
435
700
700
213
37
219
108
127
268
226
167
564
167
740
213
302
711
970
711
898
898
613
872
872
502
915
510
98
186
108
931
253
564
640
564
256
287
784
312
84
312
84
312
961
961
312
961
961
312
961
961
961
961
547
214
961
961
961
961
961
961
961
961
961
961
961
961
961
961
510
961
961
800
901
901
63
186
364
253
872
931
483
739
860
926
506
926
949
21
949
72
949
21
117
486
117
406
105
105
901
39
189
764
969
253
836
116
447
940
757
605
940
605
548
757
940
605
757
757
757
757
757
605
757
570
931
187
755
755
7
884
416
416
757
605
757
941
757
605
757
420
364
435
700
700
901
901
440
364
309
268
253
328
390
607
449
72
949
72
949
486
949
486
757
547
214
486
164
249
164
282
149
931
187
755
755
739
416
416
416
26
510
915
510
363
363
420
364
944
435
231
447
249
282
644
890
127
407
564
328
369
739
449
569
449
569
915
569
915
456
872
364
770
700
737
249
213
186
764
969
483
577
447
966
416
926
940
264
940
940
264
940
282
835
547
547
331
1015
249
282
149
931
764
770
567
113
530
416
785
518
32
385
32
949
264
955
547
214
547
955
32
282
105
1017
102
872
169
169
844
29
416
416
195
195
828
84
828
84
828
57
433
364
435
700
105
452
901
82
764
268
140
770
113
530
416
785
839
785
566
839
56
57
570
872
872
147
797
56
527
57
102
931
323
755
577
7
416
416
926
214
430
498
527
811
1017
186
364
435
700
105
92
711
63
523
764
268
836
567
447
116
416
115
795
115
115
115
46
46
37
149
872
872
502
566
970
510
63
523
764
253
113
328
369
416
416
921
449
72
449
72
56
72
282
835
775
56
884
105
1017
901
189
433
764
54
328
259
548
259
569
989
569
157
569
989
569
282
872
872
775
893
658
394
658
569
102
187
755
569
569
569
569
59
569
786
872
569
155
569
282
569
835
187
755
569
155
105
901
186
108
407
407
328
564
167
1001
671
1001
671
1001
84
1001
671
901
186
364
435
113
328
259
566
562
856
