310
266
764
191
543
543
921
447
921
921
921
548
949
547
518
921
839
547
786
88
451
976
997
127
268
407
167
715
167
1001
84
494
408
662
147
76
208
420
876
944
567
447
797
390
115
44
115
1015
594
594
45
904
440
127
309
407
167
564
607
1001
84
893
569
55
594
801
801
428
876
764
357
113
328
259
569
989
989
989
408
40
604
451
801
433
127
407
407
564
167
1001
671
1001
570
494
594
604
45
801
428
890
1012
407
167
564
966
1001
964
1011
408
40
45
910
801
428
108
309
407
564
530
174
671
1001
800
594
91
461
451
904
219
890
764
543
543
113
607
776
548
1007
1007
408
40
910
801
801
440
922
309
567
113
530
776
1007
776
1007
55
40
910
451
451
428
433
922
253
113
530
776
966
776
1007
408
494
594
45
904
266
433
764
567
543
968
447
921
115
115
408
408
55
45
904
219
433
922
357
567
116
447
447
966
115
55
55
594
45
904
219
433
922
357
91
331
776
607
776
1007
55
494
424
45
976
801
440
890
944
113
545
776
607
776
566
1007
55
40
40
904
219
440
764
309
567
567
116
447
115
115
566
115
494
594
543
451
428
890
944
253
113
328
607
776
1007
1007
55
436
662
604
801
428
876
309
483
113
530
776
1007
776
1007
55
408
494
45
904
219
108
127
226
226
167
715
964
1011
964
1008
40
147
408
910
440
876
357
268
150
577
92
59
970
970
417
374
374
904
976
428
108
1012
231
854
167
715
84
1011
84
548
55
408
40
604
219
997
876
309
483
113
259
966
989
989
989
91
494
604
105
45
219
186
922
357
113
530
92
363
363
711
88
436
662
604
976
428
444
444
268
226
564
797
715
707
26
781
662
461
452
801
219
543
876
253
113
328
447
607
949
249
55
408
436
755
904
428
108
1012
407
407
564
167
1001
671
1001
671
1001
800
45
801
219
890
1012
407
150
167
860
481
1001
59
1001
312
501
84
312
57
997
876
357
309
577
447
264
776
1007
55
374
494
424
904
976
415
440
922
357
328
259
259
966
486
989
55
1008
594
910
801
219
997
922
309
483
113
607
776
486
989
55
494
494
45
904
904
440
876
357
113
328
174
607
776
1007
906
662
662
604
904
59
219
890
535
844
844
29
174
195
570
225
594
481
860
527
263
997
876
253
567
328
447
623
