257
104
601
601
30
601
601
601
611
154
34
754
754
754
754
947
34
154
34
154
34
154
34
154
34
154
34
154
34
154
34
154
34
154
34
154
34
154
34
154
34
154
34
154
34
154
34
154
34
154
34
423
932
34
34
34
34
154
34
154
34
154
34
154
34
154
154
34
154
34
154
34
154
34
154
34
154
34
154
34
154
34
154
34
154
34
154
34
154
34
154
34
154
34
154
34
34
154
34
154
932
34
154
154
34
154
34
154
34
154
34
154
34
154
34
154
34
154
34
154
34
154
637
153
153
153
153
601
601
601
601
601
998
488
998
488
998
488
998
488
998
488
998
488
998
488
998
488
998
488
488
998
488
998
488
998
488
488
998
488
99
99
99
99
99
99
99
99
99
99
99
99
99
99
99
99
99
99
99
99
99
99
99
99
99
99
998
99
998
488
998
488
998
488
488
998
488
998
488
998
488
998
488
998
488
488
998
488
998
998
488
998
488
998
488
998
423
423
423
998
998
488
30
488
998
488
998
488
998
488
30
488
998
488
998
488
488
998
488
998
488
998
488
998
488
998
488
998
488
488
998
488
998
488
488
998
488
488
998
333
998
336
754
488
998
611
606
606
606
65
332
606
606
606
606
606
606
606
606
606
606
74
861
606
861
383
861
383
138
138
138
727
138
861
98
874
153
601
153
601
153
601
133
601
848
601
601
601
269
601
111
269
601
601
601
111
111
111
111
111
111
111
932
269
269
269
269
269
269
269
269
269
269
269
269
269
269
269
269
269
727
269
269
269
269
111
111
111
111
111
111
111
754
754
30
333
333
333
111
111
111
111
111
111
111
111
754
754
874
153
153
153
153
601
601
133
601
848
926
601
601
111
727
111
611
606
269
269
269
269
269
269
269
269
269
269
269
269
269
269
269
269
74
269
269
269
269
111
111
111
111
111
111
111
754
333
727
333
111
111
111
111
111
111
111
111
111
111
111
111
111
111
111
111
111
111
111
111
111
111
111
627
269
269
269
269
269
269
269
269
269
269
269
269
269
269
269
470
269
5
111
998
548
5
5
5
5
5
5
5
269
269
470
470
269
470
470
470
269
74
269
606
606
606
606
861
842
861
804
138
138
804
138
153
153
606
807
686
807
170
