580
383
383
74
383
383
383
383
383
383
383
383
383
383
383
383
383
383
383
383
383
175
383
383
383
383
383
383
383
383
874
823
883
794
958
199
199
199
672
672
672
833
561
561
561
561
714
794
820
753
753
814
814
814
814
1020
485
981
981
791
278
365
958
199
199
833
672
672
833
672
561
561
561
561
278
820
820
820
753
814
814
814
814
814
981
981
415
791
794
365
958
199
833
199
672
672
815
561
561
561
561
520
820
820
753
753
814
175
814
814
852
225
965
690
455
794
365
958
199
833
833
672
833
672
561
561
561
561
419
820
820
753
753
814
814
814
814
225
225
965
690
455
278
365
958
199
833
672
672
561
237
561
561
561
561
149
794
820
820
753
753
814
814
814
225
225
965
690
690
278
794
958
199
199
833
672
672
561
561
561
561
561
570
794
820
753
753
753
753
814
814
814
175
814
936
456
278
794
958
199
199
833
672
833
672
561
225
561
76
410
278
820
820
753
753
814
417
237
814
814
981
1020
121
278
794
365
958
199
833
672
672
672
833
561
561
561
561
278
820
820
753
753
814
814
833
814
814
981
852
121
278
794
958
958
199
833
672
672
672
672
561
561
561
561
149
794
820
753
833
814
814
814
814
814
981
1020
121
455
794
365
958
199
833
672
672
672
672
561
561
561
561
278
820
820
753
753
814
833
814
814
852
225
965
690
455
794
365
958
199
833
672
672
833
672
561
561
561
561
149
794
820
820
753
814
814
833
225
225
965
223
604
819
794
365
958
833
833
833
672
672
672
561
561
561
613
296
820
820
753
753
833
814
175
814
1020
981
121
456
278
365
958
199
833
833
833
672
672
561
561
561
561
561
613
665
820
820
753
833
814
814
1020
814
981
121
485
455
278
365
958
199
199
672
906
209
781
475
889
474
690
523
794
958
886
805
805
607
672
672
672
561
121
410
570
794
365
567
836
116
670
670
86
670
249
852
209
296
82
278
365
559
462
619
619
86
86
57
225
417
296
296
455
278
365
559
95
1022
86
86
86
608
410
410
296
296
455
794
365
743
199
463
672
860
860
561
561
561
121
68
278
365
559
559
833
619
966
860
941
86
941
410
852
68
455
794
365
559
199
833
672
561
561
561
121
121
852
278
794
559
559
623
