587
703
441
901
609
523
560
809
169
546
943
29
174
508
828
785
566
828
828
570
854
571
889
711
609
894
560
204
546
546
701
943
730
508
730
868
868
385
972
528
50
701
172
571
889
82
560
809
140
546
701
313
701
508
993
993
993
78
972
528
528
313
400
400
609
523
560
448
118
522
986
295
986
963
813
963
78
78
972
528
701
854
172
889
609
894
809
140
546
403
701
993
508
172
172
889
889
363
78
788
788
788
854
400
82
560
204
546
546
394
313
701
966
730
508
868
868
786
26
528
955
803
854
282
894
809
140
546
403
701
403
508
993
508
993
993
993
78
972
528
313
701
172
172
609
782
214
972
516
394
996
788
975
788
975
975
501
26
26
788
915
915
562
915
609
894
560
204
546
943
701
730
508
730
508
868
78
972
528
313
701
730
508
868
868
233
799
889
972
528
184
1014
184
1014
400
915
609
898
316
516
184
1014
1014
184
609
82
894
809
809
546
403
701
287
508
610
508
993
993
78
972
528
528
184
172
400
609
894
560
719
546
943
701
986
256
986
508
813
813
490
498
490
498
490
172
172
889
37
894
809
140
546
403
701
287
508
1001
610
172
889
302
331
363
562
915
59
609
609
894
560
204
388
546
730
508
730
730
868
972
972
528
313
701
385
730
508
868
868
714
102
388
472
472
313
184
1014
400
915
510
915
59
88
510
510
915
510
915
82
560
38
546
943
701
730
701
730
508
868
518
385
238
331
394
518
518
803
868
266
78
972
972
528
313
184
858
588
169
813
828
78
972
528
313
508
828
172
457
560
809
95
522
26
701
986
52
986
854
52
78
78
528
917
52
800
172
889
609
894
560
169
546
943
701
174
174
508
828
813
828
714
489
358
859
184
400
609
894
560
38
546
943
701
730
730
59
730
518
574
518
238
280
331
26
901
363
609
82
560
809
546
546
943
174
508
508
828
828
570
972
528
528
313
172
172
889
609
894
560
204
546
546
943
701
730
730
508
868
385
972
528
313
701
313
508
172
889
609
523
560
809
140
701
403
701
993
993
993
993
972
528
528
394
996
400
811
609
523
560
448
118
295
986
295
986
963
498
963
498
78
972
528
528
917
400
963
172
889
894
809
140
546
403
701
993
508
993
993
993
972
528
623
