310
1017
266
210
599
599
517
13
343
18
148
18
18
148
148
752
411
786
128
704
358
352
217
499
10
858
210
599
517
517
13
343
238
847
847
974
847
847
238
475
3
847
238
475
847
457
960
210
599
517
836
238
343
789
620
158
265
18
148
774
148
774
620
591
863
774
971
774
203
774
863
684
863
971
774
920
863
684
863
920
863
684
863
920
47
920
863
920
47
920
47
920
47
920
47
920
47
920
47
971
47
920
47
920
47
920
47
920
47
920
47
920
47
920
47
920
179
920
47
920
47
920
47
920
47
920
47
920
47
920
23
920
774
863
47
985
863
863
47
985
608
774
960
742
726
928
162
148
18
694
18
694
557
694
557
694
557
694
557
694
830
557
694
557
694
557
694
557
694
557
694
557
694
694
694
694
694
694
694
694
557
694
694
694
694
557
503
557
694
557
503
787
232
962
169
533
18
533
18
178
166
166
168
12
682
637
930
505
160
928
759
148
682
503
32
628
179
908
821
503
406
932
682
960
704
367
646
725
178
18
178
908
178
682
666
10
178
787
855
855
960
379
169
13
533
18
533
18
939
406
939
406
666
406
666
406
666
406
666
406
666
406
666
666
666
406
971
406
666
406
666
406
666
406
349
406
666
406
529
23
529
406
529
529
406
529
575
704
704
352
10
178
179
529
406
178
406
666
406
666
406
749
10
766
10
817
945
817
945
917
945
917
945
917
945
917
945
917
945
917
787
271
162
162
162
831
911
270
911
270
911
270
930
210
599
599
765
646
787
628
162
103
1016
503
682
503
179
503
682
957
682
932
682
503
682
215
682
503
682
503
682
503
682
503
787
749
688
503
688
529
23
529
529
529
688
766
688
503
430
457
960
210
599
599
767
403
158
403
358
148
358
265
765
171
758
171
171
123
114
114
704
18
178
18
178
945
960
505
160
928
821
148
821
4
749
271
206
162
148
18
148
270
957
911
270
957
270
911
2
858
210
599
726
726
148
18
206
347
303
23
194
285
660
203
165
684
203
165
660
203
660
285
203
285
971
48
12
203
971
165
203
203
575
660
203
660
285
971
285
660
684
660
471
203
787
787
684
203
925
660
203
660
165
786
659
471
971
1014
821
210
599
160
160
928
821
148
148
967
908
623
