310
267
267
411
957
497
208
208
6
208
267
208
497
208
497
208
208
792
208
831
208
831
957
208
208
208
780
208
208
267
267
957
411
957
501
765
171
792
305
917
411
917
765
4
501
792
206
831
831
373
270
830
765
82
588
726
1016
265
1016
1016
830
290
304
316
588
726
646
305
103
497
103
765
171
792
206
831
265
854
854
270
850
960
588
38
831
265
1016
924
270
110
792
206
763
265
854
763
290
293
37
960
962
273
792
265
831
103
270
103
270
4
171
781
461
461
270
884
270
960
962
582
620
265
763
110
370
110
803
124
620
206
137
232
461
273
889
92
266
588
726
591
265
293
579
293
110
293
110
293
579
293
110
763
110
4
110
765
171
59
171
903
124
903
548
903
124
76
280
903
124
974
380
903
380
824
620
620
265
1016
265
1016
4
792
265
1016
957
304
858
588
169
248
571
1017
37
316
538
1016
265
765
781
248
831
588
538
160
403
512
354
501
354
354
354
354
354
620
831
831
765
781
6
588
160
945
928
574
363
304
63
308
538
299
564
512
354
290
248
571
523
538
538
564
620
305
305
984
441
354
354
354
354
620
305
10
354
354
354
354
501
354
792
305
305
990
400
354
354
354
620
620
265
305
990
765
354
574
354
430
232
588
582
830
13
533
758
37
308
489
204
642
9
238
280
839
839
280
620
79
313
184
658
441
110
441
839
574
839
280
839
974
839
280
280
123
620
763
50
763
58
441
171
548
171
59
331
331
56
264
56
780
417
304
620
38
50
305
499
400
970
63
651
538
299
574
564
781
248
17
538
299
620
79
654
313
990
508
354
501
354
354
26
84
354
354
570
6
588
582
763
50
519
499
400
609
420
538
538
407
574
354
781
248
571
82
538
620
50
519
256
564
441
248
571
523
538
538
140
354
354
354
233
6
38
763
928
441
110
574
839
830
304
588
742
13
343
574
124
123
620
79
79
313
821
1014
821
4
654
373
654
192
654
582
654
533
654
533
654
658
654
955
658
658
658
658
654
667
137
694
137
60
60
60
60
575
60
60
60
60
60
60
60
575
60
60
60
60
575
60
818
575
60
60
137
505
742
137
694
694
137
48
930
588
489
137
928
137
302
302
37
123
588
962
620
79
313
654
654
658
137
566
137
623
