257
703
605
605
605
74
915
510
915
605
201
906
457
128
793
793
182
741
182
741
741
741
741
741
884
741
201
884
389
884
905
427
893
23
394
741
741
741
741
741
741
741
237
741
741
201
741
201
43
874
751
3
81
81
220
81
220
430
220
786
593
23
220
758
220
220
220
547
220
758
766
74
220
566
220
220
201
906
220
201
766
201
905
20
472
906
472
810
810
810
915
32
898
898
898
898
898
898
201
898
898
893
859
859
859
859
155
562
155
562
562
155
562
74
155
751
898
898
316
893
893
793
394
741
741
741
741
74
741
727
741
898
201
383
316
768
793
996
667
182
996
741
741
1015
741
43
758
741
43
593
898
981
874
893
859
859
859
155
562
155
562
155
562
155
987
475
302
155
593
155
727
547
758
74
898
667
383
898
898
46
46
489
302
233
209
302
123
874
1006
698
599
582
13
343
831
148
270
148
23
270
911
270
667
695
270
930
210
16
726
726
158
313
18
778
679
198
679
778
778
679
778
679
778
679
778
679
749
271
162
352
556
503
503
503
503
503
682
503
503
682
503
682
503
682
749
271
162
352
831
985
932
270
911
335
179
270
179
335
727
270
911
787
749
271
352
162
556
503
503
682
503
682
503
682
503
682
503
10
637
10
749
271
352
862
660
556
637
679
637
679
570
830
398
679
637
10
917
787
179
271
352
862
917
497
971
497
917
616
971
497
917
497
960
698
160
928
928
148
497
148
660
497
658
471
660
660
660
471
48
2
858
698
710
517
13
403
980
863
591
863
774
863
774
863
774
863
774
863
774
4
749
206
162
265
763
778
679
778
679
778
778
778
679
778
778
679
778
679
271
271
352
1016
503
1016
503
682
503
503
503
503
503
503
682
503
682
503
787
749
162
352
831
985
270
985
270
985
985
985
985
985
335
335
985
335
985
382
271
162
352
556
503
682
503
682
688
830
10
985
335
985
335
985
335
985
575
985
10
215
787
854
430
232
489
517
13
343
688
304
457
232
698
489
517
343
13
343
183
343
238
518
830
238
497
417
238
497
456
210
16
710
533
158
158
313
18
539
654
658
168
990
168
990
60
109
168
990
168
271
271
352
556
178
688
178
688
178
688
503
688
503
682
503
503
406
749
749
271
162
178
623
