257
104
104
863
863
863
774
863
774
863
774
863
774
23
774
975
332
855
855
735
735
735
735
735
735
581
735
807
985
182
985
35
35
35
985
35
985
35
985
35
35
35
985
35
35
35
35
35
35
30
35
35
35
35
35
35
35
35
35
35
35
35
35
35
35
35
35
35
35
35
35
35
35
35
35
35
35
35
35
35
35
35
35
35
35
35
35
35
735
735
303
985
303
985
35
985
35
985
35
985
35
985
35
985
985
35
35
35
35
35
332
855
855
735
332
332
35
581
35
581
303
166
35
35
35
35
35
35
35
35
35
35
35
932
35
35
35
35
35
35
35
35
35
35
35
35
35
35
35
35
35
35
35
35
35
749
271
749
162
14
303
812
14
908
315
908
30
908
908
908
932
908
908
908
908
908
908
908
908
908
30
908
908
908
908
532
664
695
532
532
532
30
315
908
908
908
166
166
166
166
166
925
581
908
96
166
166
166
166
96
166
96
96
878
315
817
817
817
817
315
878
315
878
315
817
817
817
817
315
817
817
817
817
817
817
817
817
817
817
817
557
315
557
279
557
279
557
694
557
694
557
694
557
166
557
32
315
557
694
557
557
109
109
109
109
557
694
557
332
332
855
271
162
162
166
303
279
303
863
774
30
925
581
774
971
664
684
378
12
315
774
12
332
30
271
162
162
581
897
166
166
166
932
925
12
12
897
166
897
166
897
897
897
12
897
897
166
166
897
96
96
897
897
166
166
96
897
897
166
166
166
166
315
878
96
96
30
14
735
166
166
166
96
315
878
315
878
315
315
878
315
918
878
236
109
109
236
738
315
315
878
236
918
878
236
878
749
236
738
315
236
738
236
918
738
236
109
878
236
878
109
236
878
166
236
738
855
315
622
735
735
735
622
622
332
332
332
332
332
332
622
622
932
622
622
622
622
622
622
622
622
622
622
622
622
622
622
622
622
622
622
622
622
622
622
622
622
622
622
622
622
622
622
622
622
622
622
622
622
622
622
622
622
622
622
622
622
622
622
622
622
622
622
622
622
622
622
622
622
622
622
622
622
622
622
622
622
622
622
622
622
622
622
622
622
622
622
622
622
622
622
622
622
622
622
622
332
332
332
622
622
622
622
622
622
622
622
622
23
623
