587
480
984
984
9
758
9
758
766
758
548
758
766
751
751
37
123
768
768
480
943
984
984
463
508
508
215
10
10
749
768
768
480
984
984
400
179
557
557
694
557
694
557
557
667
557
608
557
694
557
4
768
768
305
480
984
984
975
774
863
774
774
4
316
768
768
480
984
637
774
774
232
46
774
863
774
863
774
975
774
975
774
863
774
316
768
768
984
984
984
637
557
616
557
925
925
316
768
768
352
984
984
925
616
557
925
925
925
581
557
925
932
925
925
581
925
232
382
204
158
343
343
664
343
238
343
238
238
457
316
768
140
177
545
403
238
766
238
548
183
183
280
380
380
380
566
903
898
74
123
316
316
768
305
984
984
984
508
766
574
766
123
316
768
305
480
984
984
574
766
302
501
766
758
766
766
751
898
898
898
898
123
516
516
768
556
352
943
182
984
508
628
628
171
620
516
768
480
480
984
984
508
628
574
828
574
828
238
766
238
548
766
766
766
123
316
516
768
768
701
984
984
984
574
815
813
123
316
768
768
480
943
701
174
508
166
574
815
574
518
238
518
847
839
238
766
123
316
768
768
768
519
943
984
984
508
628
574
813
316
768
768
480
701
943
984
628
508
815
574
518
238
518
238
974
325
629
758
766
824
316
316
768
480
480
943
256
58
18
58
27
4
557
316
768
480
480
480
256
984
557
557
557
694
557
694
694
694
694
557
694
694
557
575
980
591
768
768
480
943
725
155
774
155
774
155
774
575
768
768
859
155
774
155
774
155
774
23
774
155
774
975
975
667
975
975
774
975
787
855
768
768
480
943
328
986
557
694
557
694
557
930
768
768
118
694
557
694
557
694
557
694
557
694
557
694
557
694
694
557
557
510
823
930
382
169
646
13
533
18
939
32
939
32
232
382
768
480
943
13
343
238
939
238
939
238
608
758
842
711
970
690
842
562
23
970
123
516
930
382
646
646
992
58
992
695
992
695
695
992
695
695
695
992
695
695
992
695
992
695
992
695
992
695
674
967
992
967
659
787
628
303
646
303
646
394
646
18
778
394
967
182
778
679
778
394
996
182
996
182
996
996
996
182
757
914
914
798
757
605
605
932
605
667
605
123
768
768
943
47
943
47
463
47
985
10
352
10
352
623
