151
198
997
100
938
240
232
7
7
7
877
877
877
877
100
100
100
100
100
100
100
100
918
912
4
4
60
164
659
925
207
925
659
925
659
528
19
739
100
100
100
332
938
39
25
808
648
249
68
158
396
158
20
158
100
100
100
623
429
997
520
480
997
450
731
249
193
957
997
997
341
907
154
166
166
234
100
100
100
155
997
240
721
7
7
7
7
877
877
957
797
154
100
154
797
907
797
957
747
154
589
911
4
719
68
719
659
154
154
207
925
100
154
716
158
599
158
100
907
896
938
422
25
913
294
1009
283
283
348
189
189
231
167
20
807
1009
283
283
1009
336
311
756
189
641
72
100
158
100
480
166
910
184
910
910
1009
283
100
283
938
721
7
808
7
7
877
877
877
877
100
910
1009
283
1009
1009
283
1009
912
912
100
911
778
931
68
283
100
936
283
283
100
283
936
283
100
100
100
100
419
422
25
808
316
931
100
100
100
100
100
100
100
100
100
100
100
100
912
100
4
58
504
808
931
100
925
100
100
100
100
100
100
100
100
100
100
100
100
456
721
7
7
7
7
877
877
100
100
100
100
100
100
100
100
429
100
100
4
911
4
100
659
925
207
100
100
185
100
925
100
100
594
100
100
100
100
100
938
422
25
316
294
32
65
100
348
612
189
612
112
100
72
20
827
100
301
4
433
900
294
32
301
725
100
976
429
429
33
603
403
816
449
207
100
154
922
721
7
7
7
877
877
877
396
715
8
286
8
286
8
102
8
102
139
912
8
4
4
827
411
315
411
8
411
8
411
8
177
154
177
997
997
8
419
419
25
913
861
8
286
8
177
82
997
715
347
8
102
8
102
8
912
8
450
433
808
294
997
997
491
725
260
211
154
418
211
400
154
997
369
551
997
456
7
7
7
7
877
877
877
877
877
877
20
997
98
684
747
603
403
997
4
311
60
294
80
261
997
787
511
80
511
995
997
403
9
603
403
997
997
240
938
422
25
504
234
32
877
725
8
976
98
102
98
976
98
976
976
551
658
24
516
731
403
32
877
976
976
98
976
98
725
387
98
563
98
98
997
481
938
721
7
7
7
877
877
877
877
877
877
997
997
98
704
715
177
997
997
4
10
670
731
861
997
997
207
286
715
290
997
997
286
477
1795
2315
3989
4422
1417
2992
3329
4647
1136
2423
3293
4662
1240
2268
4041
4789
1426
2268
4027
4952
1240
2594
3371
4263
1525
2928
3943
4475
1707
2681
3256
4961
1949
2415
3522
4881
1079
3021
3329
4354
1525
2269
3979
4904
1755
2629
3562
4704
1535
2609
3436
4814
1754
2549
3979
4664
1426
2849
3994
4704
1136
2269
3677
4806
1707
2078
3663
4354
1523
2789
3590
4239
1299
2700
3389
4554
1299
3071
3542
4472
1054
2269
3349
4953
1707
2899
3938
4211
1707
2552
3642
4466
1333
2078
3399
4789
1240
2331
3139
5005
1525
2852
3276
4789
1136
2681
4034
4684
1707
2681
3580
4651
1240
2078
3800
5094
1426
2549
3580
4422
1115
2971
3523
4906
1525
2269
4033
4555
1222
2078
3258
4422
1240
2549
3399
4411
1299
2450
3588
4500
1240
2884
3580
4600
1136
3045
3256
4704
1136
2857
4027
4436
1707
2594
3705
4330
1525
3032
3933
4971
1982
3007
3800
4296
1136
2716
3429
4699
1865
2609
3311
4997
1525
2159
3665
4241
1707
2918
3367
4662
1240
2884
3311
4422
1136
2719
3560
5062
1714
2353
3560
4957
1044
3033
3372
4679
1240
2884
3429
4377
1426
2716
3311
4447
1035
2646
3656
4542
1426
2137
3560
4812
1707
2585
3179
4622
1589
2563
4027
4287
1240
2594
3372
4961
1525
2269
3258
4773
1707
2214
3642
4900
1547
3009
3307
4500
1179
2884
3660
5097
2035
2815
3849
4330
1136
3000
3367
4108
1186
2262
3142
4326
1426
2362
3710
4384
2035
2681
4043
4422
1523
2700
3512
4994
1583
2549
3805
5095
1925
2681
4027
4171
1651
2631
4027
4500
1240
2727
3633
4356
1240
2331
3533
4241
1044
2415
3429
4426
1044
2242
4045
4701
1966
2079
3165
4701
1707
3038
3142
4241
1044
2899
3585
4157
1044
2563
3185
4389
1426
2242
3244
4906
1044
2681
3367
4109
1044
2242
3719
5108
1707
2899
3974
4319
1240
2671
3747
4812
1299
2136
3709
4175
1426
2563
3302
5094
1707
2136
3301
5025
1044
2563
3236
4363
1886
2646
3311
4687
1426
2549
3345
4773
2046
2451
3900
4924
1426
3008
3631
4269
1707
2563
3868
4739
1240
2242
3236
4695
1937
2899
3834
4391
1409
2156
3340
4521
1746
3070
3266
4953
1874
2424
3659
4403
1348
2048
3548
4818
1880
2611
3439
4474
1770
2529
3898
4477
1480
2079
3217
4422
1304
2079
3659
4600
1984
3059
3429
4241
1839
2242
3402
4960
1461
2661
4027
4757
1778
2430
3096
5014
1719
2353
3497
4791
1525
2805
3560
4957
1865
2876
3906
4241
1719
2615
3367
4241
1525
2805
3586
4100
1186
2595
3372
4691
1186
2700
3542
4773
1403
2563
4084
4241
1222
2242
3258
4143
1525
2159
3237
5005
1186
2594
3147
4326
1719
2269
3341
4707
1411
2159
3072
4812
1461
2214
3188
4957
1186
2334
3642
4578
1865
2719
3371
4834
1186
2207
3989
4477
1572
2581
3372
4105
1719
3015
3367
4815
1386
2215
3311
4126
1719
2840
3461
4639
1386
2353
3677
4578
1617
2849
3372
4313
1617
3059
3855
4472
1411
2214
3979
4819
1651
2899
3370
4554
1186
2509
3855
4514
1763
2161
3634
4472
1894
2542
3217
4757
1585
2426
3372
4382
1348
2398
3642
4184
1264
2914
3967
4732
1763
2315
3217
4454
1854
2353
3252
4852
1186
2136
3985
5038
1817
2563
3233
4757
1411
2215
3460
4475
1186
2606
3898
4505
1854
2594
4045
4619
1763
2368
3825
4662
1894
2920
3187
4862
1186
2947
3466
4704
1452
2295
3216
4732
1452
2724
3461
4976
1763
2197
3586
4725
1854
2825
3985
4701
1719
2197
3586
4789
1411
2825
3367
4475
1186
2646
3586
4511
1719
2136
3162
4229
1246
3038
3985
4505
1894
2823
3288
4773
1411
2353
3752
4662
1894
2549
3087
4684
1411
2681
3367
4971
1333
3044
3541
4566
1186
2681
3505
5003
1525
2906
3985
4516
1865
2615
4084
4314
1186
2427
3367
4691
1299
2136
3970
4330
1572
2362
3788
4124
1119
2362
3311
4813
1505
2996
3188
4323
1525
2197
3830
4656
1411
2334
3659
4684
1264
2724
3269
4861
1246
2159
3944
4435
1411
2132
3804
4344
1894
3034
3418
4287
1264
2214
3522
4938
1186
2197
3188
4866
1264
2393
3349
4998
1894
2719
4033
4587
1186
2705
3466
4434
1411
2286
3258
4373
1817
2292
3839
4428
1264
2535
3560
5030
1867
2519
3752
4918
1186
3008
3311
5103
1505
2315
3418
4915
1763
2315
3556
4748
1817
2078
3949
4757
1411
2049
3188
4587
1572
2334
3409
4270
1505
2843
3219
4355
1285
2843
3269
4587
1894
2940
3311
4681
1755
2899
3586
4516
1535
2716
3788
4168
1763
2242
3339
4775
1399
2589
3943
4752
1411
2693
3985
5070
1701
2792
3780
4587
1617
2368
3251
4168
1854
2615
3760
4211
1788
2049
3430
4973
1763
2197
3642
4372
1399
2843
3788
5038
1411
2161
3985
4662
1162
2315
3409
4637
1854
2941
4033
4278
2046
2161
3259
4221
2001
3059
3976
4927
1788
2162
3687
4144
1996
2128
4051
4469
1996
2114
3149
4314
1617
2479
3473
4124
1399
2161
3788
4122
1763
2693
3985
4786
1119
2792
3434
4724
1854
2979
4042
4500
1763
2368
3909
4773
1817
2733
3311
4757
1905
2899
3466
4839
1763
2161
3188
4260
1399
2315
3788
4917
1411
2479
3714
4849
1894
2979
3976
4326
1264
2899
3388
4542
1817
2563
4007
4525
1854
2195
3233
4500
1763
2161
3442
4278
1894
2856
3788
4812
1411
2368
3934
4434
1817
3059
3997
4505
1817
2941
3236
4999
1411
2161
3909
5018
1894
3059
3409
5021
1894
2278
3788
5069
1411
2479
3136
4974
1894
2197
3133
4168
1854
2286
3431
5006
1763
2315
3985
4187
1817
2792
4006
4812
1365
2941
3513
4670
1505
2161
3985
4873
1763
2737
4038
4349
1894
2424
3766
4655
1535
2161
3311
4873
1763
2849
3760
4376
1894
2197
3432
4791
1505
2315
3766
4187
1799
2479
3985
4664
1894
2197
3693
4454
1505
2315
3967
4629
1763
2161
3565
4974
1817
2792
3466
5066
1817
2941
3573
4900
1264
2612
3851
4124
1763
2699
3642
4109
1817
2123
4024
5091
2028
2128
3425
4529
1264
2453
3369
5077
1162
3059
3301
5006
1505
2843
3766
4775
1763
2161
3188
4500
1817
2197
3516
4752
1854
2049
3788
4986
1572
2315
3985
4501
2035
2180
3931
4421
1411
2128
3752
5062
1525
2792
3252
4756
1505
2362
3800
4344
1426
2079
3485
4511
1854
2805
3642
4221
1264
2511
3521
4174
1186
2197
3892
5068
1411
2413
3788
4404
1763
2197
3560
4196
1719
2278
3560
4221
1426
2079
3213
4292
1246
3059
3560
4366
1222
2941
3614
4259
1411
2362
3943
4466
1894
2159
3133
4613
1854
2427
3788
4651
1763
2331
3311
5019
1894
2996
3329
4269
1264
2681
3136
4924
1817
2415
3943
4566
1186
2699
4027
4350
1719
2563
3703
4756
1411
2805
3311
4221
1186
3059
3142
5044
1817
2269
3429
4681
1411
2979
3311
4665
1299
2594
3429
4776
1719
3059
3252
4500
1854
2286
3943
5062
1411
2479
3985
4454
1572
2123
3142
4356
1854
2427
3369
4466
1763
2137
3588
4511
1854
2549
3853
4647
1411
2214
3399
5019
1719
2368
3399
4266
1237
2549
3367
4555
1035
2671
3302
4521
1186
2123
3254
4292
1854
2899
3179
4455
1186
2353
3909
4555
1264
2440
3461
4689
1519
2733
3250
4100
1763
2440
3943
4991
1854
2211
3853
4616
1719
2362
3254
4829
1763
2594
3179
4454
1264
2214
3302
4721
1411
3059
3493
4403
1264
2379
3542
4757
1246
2679
3673
4704
1865
2955
3258
4431
1186
2450
3372
4662
1186
2379
3367
4511
1719
2879
3896
4803
1525
2269
3369
4157
1525
2594
3367
4727
1240
2278
3302
4812
1719
2955
3409
5062
1525
2211
3311
4292
1865
2379
3866
4269
1817
2955
3805
4292
1740
2315
3813
4783
1865
2447
3618
4662
1719
2269
3665
4269
1523
2955
3429
4521
2021
2594
3665
4637
1719
2331
3665
4500
1246
2376
3665
4515
1237
2214
3179
4721
1719
2879
3857
4521
1237
2440
4002
4572
1246
2594
3580
5067
1719
2955
3894
4725
1740
2379
3788
4707
1035
2679
3266
4542
1222
2719
3254
4752
1525
2362
3580
4403
1525
2379
3892
4789
1246
2379
3240
4789
1204
2078
3240
4124
1452
2269
3409
4725
1237
2549
4002
4721
1237
2379
3288
4369
1771
2679
3240
4800
2021
2387
3179
4500
1035
2955
3461
4364
1222
2368
3688
4721
1204
2589
3311
4338
1854
2915
3585
4952
2021
2646
3165
4834
1239
2563
3269
4472
1254
2161
3688
4812
1237
2719
3688
4664
1525
2679
3364
4521
1254
2563
3688
4299
2021
2594
3302
4834
1237
2211
3165
4124
1222
2955
3665
4539
1204
2549
3434
4834
1136
2899
3399
4952
1452
2678
4002
4812
1771
2211
3984
4582
1035
2899
3688
5024
2021
2334
3179
4258
1461
2379
3665
4662
1452
2563
3465
4849
2021
2387
3254
4628
1035
2955
3783
4721
1452
2211
3426
5077
1136
2137
3580
4515
1186
2211
3813
4114
1525
2379
3251
4500
1525
2679
3805
4521
1186
2594
3813
4403
1216
2298
3586
4221
1237
2899
3688
4721
1452
2450
3485
4662
2021
2549
3302
4383
1222
2955
3372
4813
1525
2440
3429
4628
1237
2379
3665
4147
1452
2679
3642
4292
1525
2955
3139
4269
1237
2450
3466
4725
1452
2379
3349
4505
1452
2563
3562
4689
1763
2679
3372
4455
1817
2540
3367
4712
1204
2315
3813
4997
1452
2679
3349
4712
1452
2899
3580
4515
1239
2843
3275
4707
1222
2955
3288
5044
1035
2379
3813
4752
2021
2387
3943
4689
1035
2214
3254
4521
1237
2211
3993
4936
1237
2955
3288
4721
1426
2733
4002
5063
1452
2192
3857
4500
1707
2413
3254
4196
1240
2298
3396
4605
1771
2211
3857
5037
1035
2289
3311
4403
1237
2549
3984
4572
1035
2450
3586
4820
1664
2298
3588
4581
1237
2679
3588
5024
1237
2450
3665
4462
2001
2679
4043
4628
1237
2955
3497
4292
1886
2450
3367
4462
1035
2918
3254
4500
1237
2211
3698
4725
1480
2884
3317
4385
1237
2211
3925
4369
1755
2450
4084
4480
1237
2955
3943
4651
1204
2127
3311
4794
1186
2594
3254
4795
1426
2905
3251
4422
1237
2940
3179
4812
1452
2450
3461
4952
1237
2879
3688
4100
1237
2594
3254
4743
1417
2298
3993
4888
1136
2733
3179
4135
1035
2640
3688
4546
1035
2854
3156
4332
1035
2955
4052
4701
1690
2594
4091
4721
1690
2351
4091
4721
1035
2955
3813
4985
1035
2540
3302
4647
1867
2095
3684
4157
1707
2644
3813
4952
1240
2447
3182
4730
2001
2075
3302
4679
1035
2447
3764
4856
1585
2594
3398
4812
1035
2874
3580
4269
1035
2694
3254
4480
1035
2242
3665
4689
1035
2918
3476
4529
1317
2918
3585
4867
1035
2860
3942
4529
1035
2253
3580
4721
1035
2841
3498
4638
2046
2450
3735
4938
1452
2955
3371
4334
1035
2412
3429
4661
1035
2646
4063
4500
2046
2331
3586
4715
2001
2842
3237
4373
1291
2874
3428
4500
1094
2276
3320
4176
1035
2672
3705
4810
1925
2379
3665
4301
1179
2791
3536
4366
1035
2944
3631
4952
1240
2707
4013
4455
2045
2089
3665
4475
1973
2993
4027
4728
1862
2253
3986
4097
1718
2712
3611
4243
1828
2849
3536
4702
1485
2944
3979
4194
1485
2983
3473
4422
1626
2519
3520
5069
1307
2928
3459
4472
1409
2101
4090
4257
2001
2700
4013
4866
2001
2447
3311
4098
1452
2156
3800
4899
1828
2101
3800
4150
1682
2089
3813
4285
1243
2547
3642
4338
1452
2698
4013
4732
1417
2946
3833
5112
1480
2370
3822
4916
1949
2918
3247
4846
1216
2628
3320
4980
1243
2323
3959
4698
1094
2289
3778
4510
1243
2156
3435
4400
1480
2089
3498
5105
1480
2101
3747
4849
1880
2323
3480
5104
1880
2101
3586
4636
1824
2089
3633
5105
1937
2547
3900
5105
2001
2697
3323
4194
1479
2879
3998
4701
2001
2937
3489
4773
1984
2547
3358
4851
1409
2585
3489
5119
1936
2089
3699
4232
1880
2101
3091
4161
1828
2089
3672
4704
2001
2101
3349
4541
1984
2089
3800
4552
1387
2101
3415
4462
1452
2420
3734
4292
1824
2996
3757
4723
1227
2831
3200
4524
1703
2576
3147
4108
2001
2672
3506
4394
2001
2382
3484
5119
1722
2647
3183
4447
1480
2338
4020
4387
1227
2320
3178
4291
1669
2101
3800
4275
1973
2348
3234
4108
1937
2799
3832
5066
1770
2320
3183
4731
1784
2945
4032
5018
1784
2860
3340
5112
1409
2733
3832
4894
1312
2644
3154
4234
1974
3070
3247
4292
1480
2340
3171
4595
1156
2372
3800
4391
1880
2576
4006
4167
1585
2944
3247
4731
2001
2944
3548
4972
2001
2623
3303
4824
1387
2576
3588
4773
1480
2089
3165
4897
1949
2101
3323
4383
1949
2089
3631
4165
1969
2289
3982
5043
1974
3007
3485
4711
1438
2194
3692
4980
1513
2323
4020
4614
1480
2608
3692
4329
1227
2983
3586
5104
1438
2101
3586
4803
1949
2089
3234
4588
2001
2672
3822
4461
2001
2701
3833
4510
2028
2342
3877
4978
1480
2733
3171
4955
1949
2323
3586
4334
1949
2946
3633
4510
1969
2320
3413
5104
1828
2733
3822
4940
2001
2547
3091
4508
2001
2517
4013
4246
2001
2547
3460
4535
1452
2351
3165
4731
1237
2447
3415
4578
1480
2730
4059
4897
1426
2700
3583
4437
1925
2815
3974
5105
1824
2089
3341
4684
1597
2799
3927
4799
1747
2920
3820
4285
2001
2576
3826
4906
1299
2787
3485
5104
1452
2276
3469
4166
1299
2813
3959
5096
1949
2181
3937
4424
1949
2787
3777
5109
1347
2628
3952
4619
2001
2368
3200
4898
2001
2168
3959
5109
2028
2966
3074
4705
1949
2547
3606
4510
1949
2799
3826
4333
1720
2323
3368
4698
2001
2276
3757
4546
1044
2365
3200
4579
2025
2576
3091
4927
1035
2547
3631
4746
1044
2579
3727
4638
1949
2089
3982
4770
1167
2101
3800
4460
2001
2089
3506
5063
1535
2575
3165
4692
1365
2443
3165
4363
1830
2277
3420
4472
1947
2849
4094
4465
1535
2881
3742
4748
1651
2568
3952
4806
1651
2386
3334
4521
1940
2443
3979
5007
2032
2214
3979
4838
1892
2700
3771
4845
1186
3034
4053
4253
1991
3059
4006
4589
2028
2667
3771
4807
2008
2462
3296
4662
1179
2939
3800
4760
1589
2238
3822
5042
2035
2996
3919
4194
1179
2323
3987
5097
1547
2314
3822
4413
1949
2351
4084
5096
1044
2825
3200
4776
1949
2168
3822
4269
1523
2996
3778
4791
2046
2382
3506
4578
1974
2717
3822
5096
1886
2424
3234
4810
1886
3032
3778
5041
2032
2314
3822
4723
1703
2306
3822
4960
1452
2899
3188
5043
1044
2874
3687
4731
2001
2918
3372
4508
2001
2987
3937
4454
2001
2242
3474
4422
1206
2434
3833
4523
2028
2705
3587
4488
1722
2899
3096
5077
1452
2242
3270
5018
1480
2811
3087
4704
1831
2242
3413
5059
1949
2730
3705
4362
1949
2987
4088
4752
1452
2857
3833
4100
1044
2697
3372
4776
1720
2075
3436
4638
1481
2945
3413
4100
1886
2859
3942
4752
1554
2563
3398
4500
2035
2972
3372
4593
1554
2276
3802
4331
1349
3017
3802
4377
2046
2996
3096
5118
1481
2168
3311
4962
1589
2262
3919
4899
1317
2964
4013
4437
1317
2156
3822
4830
2046
2647
3822
4269
1589
2276
3928
4812
1949
2956
4006
4666
1635
2245
4006
4508
1589
2340
3699
5059
2035
2547
4006
4221
2038
2945
3560
4711
1519
3032
3822
4732
1884
2735
4006
4150
1394
2623
4006
4985
1554
2547
3843
4625
2035
2996
4013
4292
1368
2089
4090
4705
1417
2983
3297
4766
2025
2647
3804
4845
2000
2168
3935
4292
1115
2787
3304
4221
2034
2089
3335
4431
1417
2944
3843
4250
1417
2944
3171
4460
1417
3023
3778
4133
1115
2944
4013
5012
1884
2680
3952
4770
1417
2672
3642
4221
1417
2156
4004
4845
1417
2990
3843
4510
1903
2253
3822
4906
1589
2860
3461
4770
1299
2608
3822
4100
1417
2628
3775
5074
2035
2547
4006
4978
1788
2509
3832
4554
1589
2700
3237
4684
1523
2181
3642
5018
1867
2594
3560
4834
1347
2813
4006
4971
1903
2735
4027
4539
1991
2276
3982
4175
1417
2612
3200
4705
1777
2672
3822
4755
1232
2944
4094
4150
1232
2619
4094
4853
1417
2735
3727
4269
1417
2860
3868
5110
1777
2608
3237
4889
1417
2813
3175
4460
1417
2443
3843
4334
1417
2860
3727
4755
1777
2608
3982
4705
1777
2877
3757
4705
1417
2813
3822
4919
1417
2150
3822
4858
1991
2276
4013
4862
2046
2680
3335
4845
1160
2276
3919
4773
1481
2863
3311
4845
1345
2330
3073
4269
1104
3032
3235
5012
1160
2672
4088
4834
1452
2181
3188
4269
1485
2849
3413
5033
1485
2585
3622
4459
1626
2849
3952
4813
1485
2629
3979
5112
1755
2277
3478
4931
1755
2314
3738
4539
1392
2809
3443
4504
1931
2863
3152
4127
1886
2849
3154
4763
2025
2700
3778
4950
1959
2937
3890
4484
1417
2813
3890
4539
1991
2048
3154
4539
2046
2323
3804
4539
1417
2925
3778
4150
1481
2701
3822
4919
1345
2983
3413
4563
1317
2860
4052
4510
2046
2672
3367
4862
1417
2320
3782
4500
1417
2452
3843
4721
1317
2540
3978
4510
2046
2323
4087
4460
2046
2983
4087
5031
1481
2628
3247
4522
1557
2680
3504
5105
1788
2787
3800
4770
1703
2777
3822
4500
1523
2351
3843
5105
1452
2276
3191
4845
1452
2857
3901
4655
1264
2563
3582
5045
2032
2242
3822
4507
1703
2136
3200
4221
1892
2276
3802
4822
1557
2983
3560
4501
1886
2628
3413
4666
1299
2323
3724
4292
1523
2608
3154
4292
1452
2899
3154
4241
1299
2253
3822
4704
1925
2323
3311
4495
1523
2608
4088
4980
2046
2701
4082
4773
1892
2987
3429
5110
2006
2276
3311
4234
2007
2276
4093
4542
1299
2983
3560
4437
1417
2983
3413
4173
1299
2983
4056
4508
