310
198
358
525
797
14
805
156
134
116
164
359
977
508
359
871
559
871
559
697
725
241
241
689
482
562
482
562
482
562
482
703
76
871
254
871
399
871
399
492
616
871
616
871
676
848
903
952
97
871
399
871
88
871
109
871
281
281
567
871
500
871
559
508
559
871
109
871
328
697
749
281
952
871
399
871
359
359
871
109
871
676
871
281
241
241
418
418
871
418
871
559
977
926
697
848
52
405
871
460
758
508
758
508
758
871
758
915
858
797
955
260
508
758
508
879
157
758
673
673
676
957
52
241
482
689
157
562
775
562
482
185
620
76
906
906
460
508
399
508
879
508
758
508
81
52
388
906
460
508
758
508
915
871
51
508
81
848
567
157
460
537
623
879
758
508
758
537
109
848
241
341
689
242
659
242
562
242
242
332
426
76
906
460
960
460
537
915
155
936
915
969
879
685
971
900
443
563
155
915
33
915
33
33
603
33
52
405
583
460
339
165
339
474
339
973
973
915
38
571
513
751
271
751
398
138
814
138
170
710
482
790
405
275
254
170
138
238
569
597
623
709
614
822
668
246
308
367
363
389
500
792
610
858
926
328
117
121
599
500
121
559
14
559
14
14
882
636
566
756
903
952
249
451
14
68
653
894
146
61
969
955
348
231
195
231
602
231
231
602
231
231
811
710
811
581
60
807
451
249
504
475
792
865
491
969
190
971
900
525
88
931
396
341
88
936
109
969
491
697
117
148
21
341
689
604
418
604
418
604
180
971
15
994
88
604
88
88
726
399
88
604
761
81
441
567
931
634
604
88
510
510
510
977
882
81
205
900
994
931
97
88
931
88
88
604
109
977
329
547
952
861
931
88
931
88
510
510
508
882
882
4
281
952
952
418
604
88
870
953
510
977
109
697
205
60
952
451
931
374
211
399
399
109
977
109
848
117
906
861
931
88
977
88
879
149
977
322
697
848
241
241
242
995
341
562
242
562
566
242
620
971
994
931
97
149
399
977
399
977
109
109
326
697
848
117
906
254
211
459
149
399
211
109
708
845
24
971
900
935
563
563
319
563
319
563
82
563
712
24
756
241
189
689
189
562
189
562
189
995
189
733
52
567
595
254
595
563
319
563
387
563
403
658
521
241
241
865
129
477
1979
2598
3590
4850
1369
2966
3590
4258
1949
2432
3649
4390
1920
2973
3475
4390
1287
2669
3590
4563
1759
3070
3154
4737
1217
2090
3276
4935
2001
2050
3583
4434
1998
2922
3543
4599
1057
3023
3590
4711
2001
2889
3841
4570
1839
2714
3590
4463
1949
2459
3590
5079
1993
2753
3373
4897
2028
2282
3590
5042
1998
2320
3772
4390
2010
2398
3293
4664
1209
2192
3171
4376
1217
2966
3467
4149
1291
2276
3590
4432
1998
2964
3590
4640
1369
2577
4029
4144
1949
2276
3649
4144
1291
2966
3888
4345
1764
2533
3590
4749
1759
2647
3590
4274
1993
2792
3694
4692
2028
2276
3888
4173
1998
2564
3800
4419
1057
2050
3507
4988
2001
2276
3123
4737
1839
2276
3778
4419
1949
2987
3712
4173
1703
2529
3335
4908
2028
3043
3245
4384
1179
2830
4041
4193
1606
2792
3583
4108
1564
2724
3293
4227
1857
2430
3169
4570
2032
2140
3734
4664
1974
2276
3660
4193
1606
2987
3598
4692
1209
3032
4010
5022
1637
2552
3734
4144
1452
3043
3293
4683
1452
2647
3293
4502
1452
2627
3293
4165
1209
2276
3293
4692
2006
2097
3335
4422
1057
2986
3523
5022
1974
2654
3591
4570
1839
2604
4041
4282
1764
2330
3710
4153
1709
2156
3198
4403
1993
2467
3803
5070
1452
2430
3293
4646
1920
3065
3590
4988
2010
2784
3293
5059
1452
2535
3293
4692
1217
2510
3178
4647
1291
2941
3734
4373
1998
2420
3590
4142
1369
2703
3820
5096
1452
2779
3590
4227
1427
2703
4076
4610
1998
2434
3710
4604
1610
2799
3630
4897
1784
2276
3729
4362
1771
2135
3335
5010
1291
2559
3202
4646
1874
2601
3590
4994
1709
2966
3513
4601
1784
2949
3820
4313
1637
2348
3590
4200
1998
2348
3857
5026
1703
2421
3237
4393
1993
2247
3583
5026
1217
2799
3743
4789
1637
2455
3178
4917
1998
2986
4053
4144
1369
2140
3675
4988
1409
3032
4000
4555
1291
2925
3659
4755
1771
2420
3178
4621
1409
2659
3734
4327
1263
2669
3087
4370
1558
2784
3590
4702
1784
2949
3590
4193
1947
2798
3293
4692
1998
3028
3772
4692
2010
2529
3293
4227
2028
2633
3178
4635
1263
2348
3924
4611
2008
2529
3293
4988
1998
2266
3274
4422
1057
2140
3166
4960
1583
2740
3375
4390
1996
2869
3293
4215
1813
2549
3293
5066
1610
2669
3977
4555
1993
2784
3380
4597
1771
2525
3583
4390
1785
2351
3590
4692
1703
2360
3178
4527
1993
2097
3389
4227
1263
3012
3800
4362
1291
2646
3947
5010
1057
2966
3521
4513
1703
2282
4053
4647
1837
2348
3179
4266
1057
2669
3590
4783
1771
2351
4041
4193
1709
2966
3623
4644
1998
3047
3507
4629
1838
2186
3831
4221
1993
2282
3335
4993
1798
2669
3978
5018
1209
2874
3583
4373
1824
2682
3178
4389
1709
2348
3622
4355
1348
2156
3245
4678
1947
2799
3881
4356
1998
2282
3179
4181
1998
2874
3734
4843
1703
2966
3741
4827
1703
2282
3841
4224
1217
2348
3414
4715
1606
2869
3245
4715
1209
2799
3416
4855
1637
2535
3590
4463
1718
2740
3187
4988
1475
2799
3590
4389
1599
2484
3820
4854
1369
2659
3523
4434
1637
2986
3590
4193
1291
2398
3820
4681
1209
2348
3887
4390
1759
2176
3245
4706
1993
3038
3820
4390
1136
2252
3178
4391
1998
2419
3304
4641
1525
2799
3703
4236
1209
2282
3199
4768
1839
2986
3734
4673
1828
2351
3293
5002
1920
2799
3500
4954
1998
2549
3734
4140
1206
2332
3334
4143
1555
2987
3820
4398
2006
2348
3668
4397
1263
2672
3245
4647
1703
2724
3820
4755
1637
3065
3178
5070
2032
2607
3245
4720
1703
2986
3164
4140
1784
2456
3096
4205
1824
2740
3734
4647
1920
2784
3293
4268
2006
2282
3304
4766
1152
2601
3580
4399
1703
2784
3534
4398
1784
2192
3464
4222
1824
2740
3580
5109
1348
2445
3293
4645
1874
2192
3080
4645
1348
2456
3580
5109
1610
2235
3136
4431
1782
2456
3580
4347
1152
2371
3534
4885
1950
2320
3164
5097
1920
2838
3376
4686
1824
2346
3684
4353
1722
2277
3376
4459
1703
2897
3376
5079
1455
3063
3376
4645
1152
3051
3816
4759
1920
3050
3500
4759
1824
3007
3684
4694
2028
2820
3262
4458
1152
2360
3376
4715
1152
2937
3816
5026
1152
2731
3580
5040
1152
2293
3896
4935
1771
2604
3164
4824
1299
2820
3513
4585
1703
3035
3376
4885
1606
2235
4081
4331
1606
2604
3293
4534
1240
2508
3394
4586
1703
2456
3293
4839
1637
2456
3424
4641
1502
2508
3825
4627
1502
2702
3243
5059
1564
2456
3293
4594
1637
2456
3293
4720
1703
2629
3896
4498
1216
2430
3376
4426
1982
2450
3547
4262
2032
2419
3376
4748
1436
2638
3808
4715
1152
2144
3590
5072
1262
2732
3293
4314
1152
2403
3376
5070
1263
2456
3376
5109
1703
2925
3376
4319
2006
2419
3164
5022
1206
2849
3376
4549
1555
2456
3729
4641
2006
2877
3390
5009
1263
2834
3799
4197
1703
2456
3580
4226
1998
2332
3896
4715
2001
2756
3293
4759
1597
2588
3376
4681
1784
3007
3143
5070
1839
2834
3293
4445
2010
2925
3088
4907
2028
2467
3293
4307
1759
2697
3409
4899
2024
2775
3628
4833
1874
2916
3997
4619
1839
2791
3293
4890
2008
2347
3436
4890
1152
2691
3668
4153
1193
2916
3680
4411
1480
2949
3771
4919
1771
2838
3371
4182
1839
2989
3836
4317
1838
3007
3851
4382
2042
2528
3304
4454
1555
2765
3836
5103
2006
2591
3836
5103
1263
2945
3789
4353
1409
2869
3487
4353
1998
2762
4024
4972
1925
2467
3293
4933
1771
2188
3985
4465
1057
2627
3900
4759
1348
2465
3164
4419
1555
3007
3164
4398
1669
2775
3185
4755
1993
3035
3938
4759
1839
2820
3307
5097
1703
2355
3516
4760
1837
2266
3516
4890
1703
2360
3309
4860
1936
2467
3719
5109
1263
2162
3164
4398
1703
2837
3164
4613
1982
3065
3376
4302
1886
2235
3114
5022
2010
2130
3164
4760
1436
2834
3243
4864
1950
2130
3718
4375
1703
2584
3839
4759
1636
2584
3921
4605
1882
2450
3744
5082
1982
2112
3719
4340
1920
2130
3491
4106
1824
3001
3376
4719
1606
2851
3741
4759
1057
2212
3810
4759
1637
2837
3186
4332
2006
2629
3634
4896
1636
3050
3896
4696
1874
2212
3464
4759
1771
2400
3442
4812
2001
2287
3929
4483
1636
2456
3591
4800
2028
2820
3376
4432
1714
2820
3376
4791
1750
2629
3503
4500
1839
2277
3376
4884
1920
2192
3348
4676
1264
2057
3376
4585
2001
3046
3376
4454
1758
2130
3265
4550
1886
2192
3595
4353
1839
2277
3555
4661
1703
2726
3743
4121
1998
2465
3977
4327
2001
3046
4092
4103
1746
2130
3304
4458
1874
2825
3376
4537
1920
2430
3376
5009
1886
2877
3376
4860
1759
2228
3654
4322
1979
2212
3094
4948
1291
2284
3376
4819
1764
2091
4024
4792
1947
2091
3881
4659
2010
2645
3346
4879
1947
2178
3442
4209
1636
2443
3647
4814
1808
3050
3967
4755
1291
2508
3407
4987
1998
2489
3632
4604
1703
2933
3552
5095
1436
2359
3276
4873
1263
3047
3919
5066
1920
2946
3889
4500
1636
2276
3270
4621
2028
2097
3243
4767
1782
2148
3261
4562
1348
3039
3651
4987
1824
2996
3773
4820
1838
2457
3918
4445
1270
2968
3598
4434
1896
2311
4041
4904
1535
2933
3760
4510
1427
2561
4082
4285
1830
2257
3846
4337
1455
3015
4095
4236
1812
2544
3363
4274
1830
2257
3348
4621
1270
2147
3390
4337
1250
3066
3822
4542
1424
2274
3523
4826
1838
2717
3327
4510
1812
2756
3742
4414
1555
2463
4041
4256
1557
2321
3095
4796
1839
2529
3247
4574
1998
2817
3259
4353
1759
2756
3415
4853
2008
2949
3859
4989
1291
2393
3737
4285
2008
3065
3809
4535
1206
2811
3091
4918
1746
2986
4006
4619
1784
2666
3390
4224
1996
2762
3337
4730
1636
2181
3327
4598
1940
2057
4078
4193
1661
2840
3114
4744
1250
2646
3488
4127
1637
2249
3989
4928
1839
2678
3244
4796
1877
2054
3116
4791
1950
2123
3625
4250
1597
2156
3625
4733
1882
2874
3390
4436
1839
2244
3675
4534
1718
2916
3625
4173
1985
2455
3625
4890
1682
2525
4083
4646
1564
2430
3247
4796
1783
2093
4083
4897
1193
2645
3625
4974
1455
2980
3523
4412
1950
2647
3177
4796
1985
3007
3598
4680
1998
2724
3855
4796
1635
2300
3377
4796
1555
2672
3371
4796
1979
2724
3625
4242
1279
2252
3787
4681
2008
2484
3154
4912
1206
2874
3909
4819
2006
2147
3182
4605
1949
2186
3414
4305
1291
2753
3469
4900
1206
3043
3464
4497
1759
2897
3182
4559
1886
3055
3413
4335
1839
2949
3431
4176
2008
2484
3311
4584
1950
2833
3215
4920
1830
2962
4005
4670
1882
2588
4093
4818
1438
2629
3365
4595
1437
2887
3152
4200
1838
2465
3866
4489
1409
2054
3590
4513
1824
2920
3726
4266
1610
3038
4064
4777
1217
3043
3375
4854
1824
2627
3216
4958
1874
2371
3385
4187
1424
2641
3467
4216
1369
2914
3259
5109
1784
2550
3133
4645
2032
2740
3659
4331
1838
2464
3118
4599
1263
2371
3808
4869
1993
2449
3590
4609
1436
2789
3293
4256
1746
2226
3590
5007
2010
2826
3590
4594
1982
2464
3751
4149
1263
2629
3533
4351
2042
2456
3452
4497
1637
2964
3736
4799
1998
2354
3590
4381
1920
2857
3836
4398
1860
2881
3467
4156
1263
3038
3590
4802
1263
2180
3767
4882
1784
2897
3938
4233
1982
2949
3164
4397
1798
2881
4016
4253
2006
2775
3211
4619
1240
2775
3280
4619
1788
2881
3856
4619
1637
2629
3551
4679
1427
2964
3902
4722
1436
2531
3938
4750
1610
2936
3576
4236
1513
3028
3628
4445
1837
2399
3585
4653
1820
2148
3477
4340
1705
2935
3346
4349
1750
2629
3618
5011
1636
2130
3385
4212
1808
2915
3836
4346
1703
3035
3925
4539
1263
2228
3459
4496
1882
2881
3839
4257
2032
3035
3704
4939
1920
2062
3296
5109
1558
2881
3763
4554
1782
2584
3252
4687
1839
2833
4005
4856
1535
2769
3176
4928
1535
3071
3979
4864
1173
3021
3497
4983
1535
2714
3745
4973
1535
2880
3212
5019
1560
2057
3641
4817
1367
2231
3682
4431
1535
2456
3350
4331
1351
2249
3862
4908
1418
2340
3745
4126
1268
2589
3319
4134
1535
2456
3261
4218
1517
2457
3243
4319
1631
2456
3949
4990
1560
2509
3733
4524
1161
2509
3745
4941
1535
2456
3845
4314
1846
2249
3164
5006
1755
2978
3699
4212
1666
2550
3785
4164
1191
2912
3979
4481
1989
2741
3136
4587
1705
2528
3346
4574
1369
3035
3738
4096
1636
2629
3618
4660
1877
2485
3982
4345
1952
2062
3736
4770
1982
2090
3645
4172
1217
2394
3632
4164
1968
2277
3462
4636
1785
2212
3369
5090
1747
2964
3557
4537
1193
2485
3684
5038
1217
2356
3618
4677
1609
2552
4062
5007
1263
2422
3736
4104
1689
2584
3572
4477
1513
2830
3592
4960
1746
2862
3507
4481
1806
2629
3943
4376
1288
2130
3845
4164
1808
2377
3835
4793
1952
2465
3818
4227
1555
2183
3527
4647
1993
2178
3835
5077
1491
3050
3652
4623
1211
2268
3205
5054
1952
2579
3745
4549
1288
2544
3912
4193
1221
2864
3186
4393
1998
2804
3684
4912
1982
2393
3467
4655
1380
2126
3922
4715
1215
2356
3855
4853
1291
2613
3784
4337
1808
2815
3818
4135
1952
2862
3500
4285
1947
2294
3462
4677
1892
2133
3881
4510
1820
2443
3535
4399
1435
2963
3341
5031
1764
2629
3392
4501
1982
2438
3335
4549
1808
2802
3807
4866
1820
2826
3710
4504
1952
2347
3319
4773
1936
2230
3727
4173
1288
2881
3619
4269
1288
2952
3592
4436
1982
2722
3736
4779
1982
2751
3945
4465
1221
2771
4093
5096
1221
2862
3867
4432
1806
2826
3727
4957
1806
3026
3807
4502
1806
2403
4004
4836
1820
2802
3304
4640
1877
2246
3154
4608
1526
2356
3154
4204
1636
2153
3964
4160
1636
2186
3496
4828
1940
2916
3890
5046
1998
2997
3154
4971
1369
2778
3202
4197
1832
2356
3219
4457
1839
2356
3094
4457
1998
2800
3890
5005
1489
2638
3535
4767
1027
2182
3357
4157
1215
2997
3457
4498
1952
2404
3621
4299
1952
2494
3715
4549
1952
2289
3859
4242
1820
2445
3784
4260
1966
2881
3966
4971
1784
2705
3075
4928
1820
2802
3772
4869
1945
2455
3407
4439
2010
2826
3984
4773
1221
2130
3642
4859
1217
2841
3474
4339
1960
2166
3452
4595
1832
2964
3832
4565
1832
2863
3535
4983
1820
2789
3603
4792
1291
2826
3964
5054
1945
2386
3681
5105
1288
2206
3733
4296
1288
2933
3595
4834
1936
2841
3496
4127
1998
2786
4055
4416
1820
2989
3807
4845
1945
2133
3757
4436
1067
2455
3964
4413
1288
2126
3477
4423
1936
2238
3727
5087
1832
2741
3401
4845
1820
2956
3673
4869
1945
2774
3436
4733
1705
2130
3639
4692
1857
2837
3226
5096
1920
2857
3154
4463
2010
2356
3834
4424
1759
2616
3075
4437
1945
2186
3902
4881
1982
2907
3525
4305
1998
2234
3899
5095
1027
2949
3464
5106
1832
2956
3951
5063
1820
2811
4030
4834
1945
2862
3552
4864
1067
2809
3684
4902
2011
2133
3684
4879
1288
2573
3310
4340
1027
2130
3647
4446
1832
2809
3414
4164
1820
2645
3605
4789
1839
2826
3647
4873
1945
2133
3182
4296
1982
2531
3698
4715
1860
2333
3467
4269
1758
2126
3927
4854
1832
2721
3849
5110
1998
2356
3602
4422
1369
3000
3772
4646
1945
2677
3685
4988
1982
2455
3583
4337
1993
2386
4036
4522
1288
2956
3604
4227
1288
2989
4052
4244
1750
2183
3710
4988
1936
2638
3862
4474
1936
2356
3630
4181
1998
2655
3859
4720
1832
2279
3414
5082
1832
2484
3414
4855
1820
3046
3340
4244
1669
2815
3310
4864
1820
2147
3820
4502
1820
2297
3684
4130
1820
2188
3178
4113
1820
3014
3072
4988
1952
2277
3818
4662
1952
2183
3422
4193
1936
3026
3738
4522
1857
2881
3704
4973
1982
2455
3455
4855
1920
3000
3552
4855
1945
2404
3329
4817
1737
2421
3352
5076
1588
2356
3654
4795
1636
2869
3310
4973
1689
3035
3818
4943
1839
2511
3581
4399
1747
2584
3166
4571
1982
2967
3329
5009
1882
2165
3154
4498
1998
2276
3265
4575
1263
2508
3997
4283
1555
2356
3327
4822
1982
2508
3862
4114
1287
2277
3491
4855
1996
2133
4059
4608
2006
2062
3906
4422
1982
2965
4000
4855
1952
2206
3134
5008
1982
2642
3182
4337
1886
2190
3787
4912
2024
2252
3557
4288
1369
2830
3772
4187
1968
2677
3469
4490
1669
2266
3148
4914
1920
2552
3247
4903
1784
2064
3415
4623
1555
2916
3531
4278
1882
2133
3247
4599
1491
2317
3740
4659
1263
2175
3188
4399
1057
2267
3684
4535
1945
2168
3310
4278
1952
2508
3862
4255
1920
2485
3862
5097
1993
2356
4041
4817
1703
2818
3862
4647
1636
2996
3684
4274
1998
2485
3164
4288
1743
2356
3304
4535
1905
2628
3745
4890
1966
2517
3881
5109
2046
2757
3942
4248
1636
2996
3297
4814
1925
2945
3862
4337
1299
2062
3822
4451
1982
2456
3095
5070
1636
2456
3834
4535
1982
2456
3348
4546
2006
2062
3982
4221
2032
2485
3808
5049
1636
2456
3182
4510
1925
2818
3808
4376
1636
2456
3777
5029
1982
2456
3869
4221
1966
2726
3469
4894
1263
2818
3148
4353
2010
2467
3752
4660
1263
2226
3384
4850
1057
2133
3308
4772
1491
2659
3565
4931
1808
2964
3822
4917
1291
2628
3576
5058
1798
2133
3704
4535
1998
2655
3647
4305
1709
2801
3494
4173
1920
2421
3188
4960
1993
2584
3997
4391
1882
2769
3965
4855
1491
2255
3507
4599
1998
2421
3095
5097
1791
2552
3198
4184
1369
2642
3652
4287
1857
3065
3965
4907
1759
2133
3201
4504
1920
2279
3565
4855
1886
2485
4055
4593
1857
2190
3073
5018
1920
2968
3237
4974
1993
2456
3997
4460
1585
2874
3296
4345
1788
2535
3822
4960
1998
2996
3919
4855
2015
2330
3659
4711
1057
2612
3115
4285
1291
2552
3862
4641
1179
2097
3415
4720
1291
2329
3340
4711
1882
2403
3526
4890
1905
2277
3257
4817
1759
2659
3818
4172
1998
2996
3868
5059
2015
2986
3925
4985
1057
2531
3777
4594
1788
2464
3862
4599
1886
2097
3375
4109
1998
2175
4042
4599
1588
2875
3280
4659
1057
2054
3351
4193
2028
2947
3945
4782
1287
2757
3887
4624
1104
2869
3970
4974
1798
2910
3447
4588
1299
2300
3868
4337
1759
2438
3335
4654
1920
2680
3644
4546
1993
2305
4020
4608
1703
2317
3209
4830
1481
2926
3880
4971
1998
2717
3209
4770
1291
2360
3808
4705
1057
2897
3525
4903
1317
2727
4095
4810
1947
2638
3247
5096
2017
2738
3335
4983
2003
2962
3507
5069
1564
2923
3252
5019
1857
3011
3945
4705
1651
2485
3418
4989
1651
3058
3263
4604
1755
2686
3598
4559
2038
2421
4077
4604
1867
2398
3744
4230
2038
3070
3869
4221
1635
2420
3608
4678
1651
2996
4032
4242
1857
2663
4094
4859
1905
2340
3247
4722
2038
2765
3323
4562
2038
2485
4077
4864
1966
2340
3247
4426
2038
2818
3088
5050
2038
2390
3608
4855
1519
2628
3979
4874
1588
2574
3487
5050
1594
2330
3217
4560
1317
2175
3966
4931
1998
2398
3154
4604
2015
2445
3869
4654
1759
2738
3576
4431
1317
2992
3304
4971
1331
2619
3525
4864
1835
2869
3945
5018
1993
3041
3265
4864
1925
2484
3557
4899
1955
2875
3325
4176
1835
2178
3876
5059
2015
2212
3795
4629
1720
2272
4052
4927
1317
2877
3335
4339
1331
2507
3198
4490
1427
2612
3083
4627
1083
2292
3906
4458
1925
3008
3716
4540
2028
2123
3825
4917
2006
2153
3622
4853
2001
2817
3256
4972
1998
2935
3276
4969
1694
2467
3535
4784
1764
2508
3888
4864
2028
2788
3276
4760
