310
591
591
513
710
156
513
292
271
591
581
451
591
879
746
894
746
358
145
358
746
879
746
758
42
746
48
91
42
746
51
746
42
406
79
553
709
614
59
303
824
564
591
591
42
406
709
709
1011
128
856
591
460
746
49
746
580
117
348
603
602
326
33
380
205
128
156
903
591
420
399
746
534
746
534
746
359
51
42
672
879
672
358
145
696
64
109
580
580
567
64
321
696
214
399
64
399
750
534
746
358
91
942
580
580
567
746
500
977
214
580
117
672
399
672
812
672
580
580
672
51
156
281
812
348
644
195
231
602
566
811
710
807
320
254
70
59
70
59
70
59
319
915
59
319
59
70
59
292
580
281
76
888
97
59
888
399
973
59
38
59
987
987
398
398
156
117
730
406
420
640
590
11
580
567
720
79
826
474
195
710
51
811
585
556
709
357
128
298
720
856
169
720
564
131
358
131
138
121
138
121
381
850
79
838
571
11
580
580
952
471
826
644
195
231
112
474
112
641
641
167
558
556
556
534
345
381
170
580
156
363
406
835
709
709
580
544
558
367
564
367
956
156
580
700
409
409
967
553
710
760
885
856
556
564
556
564
730
758
730
758
415
358
91
358
873
758
750
42
549
758
91
91
580
156
567
549
758
871
758
91
942
873
758
750
549
42
91
942
91
156
580
903
460
549
758
91
942
91
758
750
758
758
359
182
352
580
117
212
460
597
812
212
812
580
848
567
585
460
147
59
81
876
52
567
537
758
537
758
332
876
848
281
585
743
931
879
577
733
281
567
51
758
70
758
81
380
241
281
585
960
460
220
65
551
81
281
405
537
59
70
81
580
733
903
567
103
435
65
380
380
281
952
960
129
449
449
335
51
129
70
70
691
70
812
70
580
241
567
960
59
70
59
70
59
120
691
59
70
59
70
995
580
281
603
960
147
59
59
70
61
987
558
398
751
398
956
398
156
580
196
564
406
603
919
580
128
590
11
420
720
79
826
580
117
195
568
602
474
602
811
756
737
856
556
420
750
138
170
534
91
48
170
534
409
141
850
676
271
48
11
381
385
926
409
580
580
640
709
864
59
668
885
885
167
590
983
983
381
983
676
91
955
955
850
850
835
553
233
919
856
128
363
591
42
730
580
156
169
368
1592
2198
3905
4788
1592
3060
3642
4157
1592
2179
3536
4788
1469
2539
3607
4445
1592
2661
3741
4116
1592
2524
3185
4915
1098
2660
3600
4673
2004
2075
3337
4258
1350
2383
3661
4266
1067
2134
3661
4717
1938
2851
3607
4956
1402
3015
3379
4183
1592
2430
3838
4350
1230
2198
3608
4567
1975
2520
3317
4273
1147
2744
3961
4776
1469
2503
3480
4246
1592
2088
3242
4942
1647
2603
3096
4878
1596
2257
3426
4147
1592
2242
3116
4614
1678
2639
3281
4330
1814
2563
3842
4183
1737
2306
3441
4287
1975
2997
3441
4243
1592
2244
3400
4195
1678
2295
3396
4516
1739
2282
3591
4908
1567
2784
3776
4874
1975
2799
3443
4910
1647
2282
3434
4105
1737
2660
3734
4966
1739
2784
3225
4447
1739
2282
3101
4447
1975
2888
3245
4808
1509
2731
3094
4788
1647
2383
3651
4787
1915
2474
3651
4874
1678
2515
3578
4544
1152
2490
3939
5119
1737
2127
3094
4222
1592
2784
3236
4988
1868
2282
3581
4447
1683
2660
3614
5071
1975
2295
4064
4588
1567
2684
3500
4958
1975
2515
3631
4151
1647
2989
3984
4874
1737
2838
3208
4761
1739
2693
3074
4561
1739
2684
3473
4157
1814
2282
3957
4259
1332
2473
3507
4295
1291
2465
3561
4293
1915
2093
3367
4570
1191
2346
3642
4173
1610
2242
3844
4432
1567
2054
3744
5081
1828
2869
3115
4725
1838
2109
3136
4105
1978
2459
3248
4965
1230
2244
3892
4709
1739
2784
3460
5109
1683
2282
3714
4447
1647
2669
3729
4729
1244
2171
3101
5046
1678
2669
3460
4142
1683
2660
3820
4387
1412
2744
3724
4685
1029
2697
3257
4796
1346
3063
3959
4605
1211
2625
3259
4532
1211
2476
3251
4802
1297
2529
3484
4933
1079
2904
4069
4213
1230
2281
3780
5004
1592
2847
3724
4684
1655
2414
3443
4497
1975
2371
3421
4359
1647
2919
3963
4468
1868
2075
3724
4360
1592
2414
3317
4270
1739
2182
3148
4475
1412
2899
3576
4911
1427
2380
3634
4270
1513
2093
3338
4948
1427
2952
3372
4797
1627
2453
3414
4917
1268
2919
3615
4714
1191
2559
3231
5061
1993
2136
3107
4788
1567
2630
3650
5063
1681
2208
3078
4322
1877
3062
3599
4099
1211
2544
3377
4681
1610
3019
3413
4097
1739
2775
3999
4851
1332
2782
3967
4961
1902
2404
3600
4856
1739
2269
3336
4719
1592
2384
3840
4554
1737
2191
3624
4457
1855
3066
3609
4851
1739
2384
3532
4874
1509
2289
3246
4960
1678
2281
3246
5105
1503
2147
3318
4998
1877
2697
3624
4643
1739
2764
3620
4919
1647
2384
3109
4275
1814
2205
4003
4131
1567
2618
4082
5063
1684
3029
4064
4734
1739
2406
3168
4878
1332
2384
3760
4603
1678
2384
3733
5107
1412
2297
3549
4133
1691
2744
3786
4757
1739
2870
4091
4519
1332
2782
3851
5086
1412
2473
3419
4119
1655
2557
3193
4315
1211
3005
3958
4874
1739
2505
3218
4688
1332
2557
3475
5017
1678
2524
3449
4702
1739
2901
3541
4241
1592
2179
3686
4409
1678
2171
3865
5106
1567
2874
3184
4495
1412
2945
3156
4764
2004
2645
3157
4627
1412
2787
3316
5104
1683
2470
4038
4910
1739
2919
3127
4439
1684
2557
3225
4744
1678
2352
3398
4663
1627
2105
3801
4254
1868
2660
3988
5093
1739
2619
3845
4831
1647
3007
3560
4772
1739
2352
3865
4418
1655
2557
3656
4328
1211
2847
3113
4126
1739
2511
3246
4415
1332
2257
3624
4226
1678
2082
3639
4878
1739
3066
3157
4100
1684
2257
3600
4751
1739
2383
3270
4874
1332
2257
4064
4376
1592
2551
3296
4254
1739
2678
3845
4736
1647
2174
3659
4269
1739
2901
3607
4796
1412
2971
3982
5004
1412
2121
3157
4483
1567
2712
3103
4532
1647
2118
3157
4874
1814
2206
3840
4498
1737
2320
3094
4395
1855
3066
3315
4874
1739
2457
3988
4719
1509
2913
3581
4798
1678
2648
3560
4792
1592
2215
3157
4609
1412
3061
3156
4353
1739
2932
4083
4735
1596
3066
3996
4874
1814
2847
3168
4874
1655
2764
3441
4796
1647
2457
3320
4255
1739
2134
3572
4371
1592
2179
4082
4609
1678
2525
3790
4162
1739
2672
3247
4666
1691
2223
3429
4215
1412
2455
3751
4855
1678
2933
3164
5062
1627
2657
3101
4473
1814
2455
3084
4306
1567
2660
3988
5035
1938
2561
3559
4751
1437
2487
3959
4831
1984
2390
3396
4532
1674
2148
3262
4973
1250
2349
3184
4660
1596
2589
3210
4850
1353
2958
3135
4997
1509
2546
3878
4846
1855
2589
3767
4478
1735
2915
4022
4428
1691
2623
3366
4743
1535
2467
3171
4631
1359
2672
3681
5063
1683
2608
3458
4234
1739
2589
3757
4898
1504
2089
4029
4414
1427
2353
3918
4657
1436
2811
3694
4666
1191
2704
3694
4332
1191
2726
3348
4547
1193
2344
3148
5026
1555
2726
3325
4797
1555
2726
3422
4755
1555
2579
3422
4873
1683
2448
3201
4660
1555
2677
3091
4363
1737
2989
3652
4332
1737
2746
3856
4564
1604
2406
3247
4814
1737
2746
3415
4882
1737
2573
3088
5104
1263
2459
3647
5079
1263
2364
3694
4513
1784
2677
3119
4950
1984
2677
3291
4291
1812
2579
3839
4724
1455
2964
3324
4935
1455
2964
3447
4161
1841
2230
3617
4418
1455
2692
3598
4873
1436
2833
3304
4120
1841
2484
3974
4841
1409
2881
3381
4725
1396
2564
4022
4232
1841
3007
3554
5071
1436
2697
3867
4275
1436
2697
4077
4758
1443
2324
3645
4414
1191
2355
3348
4781
1191
2355
3323
4262
1683
2355
3848
4954
1683
2765
3738
5119
1193
2213
3742
4500
1555
2213
3896
4717
1555
2874
3366
4487
1555
2915
3323
4767
1555
2459
3787
5039
1737
2989
3338
4117
1737
2964
3469
4416
1737
2746
3372
4676
1584
2521
3818
4185
1941
2521
3185
4497
1941
2580
4021
4149
1978
2517
3189
4724
1584
2757
3817
4561
1584
2585
3287
4788
1975
2378
3714
4328
1874
2993
3390
4767
1586
2594
3264
4485
1627
2641
3620
4616
1586
2729
3424
4665
1841
2120
3908
4536
1269
2771
3841
4764
1436
2111
3091
4774
1612
2775
4030
4686
1678
2064
3959
4836
1678
2721
3600
4755
1975
2935
3080
4287
1612
2459
3572
4098
1612
2406
3180
4622
1737
2535
3180
4135
1737
2332
3247
4990
1681
2266
3517
4796
1908
2888
3879
4108
1174
3063
3879
4422
1267
3058
3389
4415
1986
3021
3120
4470
1986
3021
3442
4121
1812
2802
3917
4714
1718
2849
3550
4859
1753
2230
3685
5071
1753
2849
3205
5029
1584
2817
3787
4269
1436
2691
3466
4993
1436
2691
4094
4786
1436
2789
3171
5062
1436
2050
4076
4783
1597
2136
3597
4636
1455
2852
3994
4148
1828
2526
3330
4350
1378
2553
3459
4928
1254
2799
3741
4534
1740
2515
3991
4354
1338
2594
3372
5076
1740
2863
3579
4402
1795
2660
3375
4309
1865
2380
3090
4134
1740
2952
3462
4468
1865
2516
3562
4641
1740
2362
3949
4841
1865
2401
3499
4973
1719
2311
3200
4246
1333
2118
3281
5007
1795
2535
3840
4137
1446
2455
3657
4415
1927
2620
3281
5063
1678
2296
3759
4155
1779
2516
4059
4133
1490
2139
3949
4637
1985
2282
3104
4341
1106
2311
3959
4531
1528
2101
3741
5032
1779
2771
3953
4679
1393
2459
3250
4603
1527
2729
3094
4839
1436
2957
3219
4195
1737
2939
3171
4312
1739
2945
3826
4100
1681
2252
3998
4266
1567
2612
3585
5081
1455
2168
3590
4196
1409
2579
3338
4893
1409
2256
3833
4497
1567
2351
3775
4523
1814
2647
3092
4822
1737
2933
3949
4638
1318
2962
3333
4139
1166
2060
3433
4133
1088
2910
3205
4873
1878
2890
4075
4567
1166
2311
3311
4525
1166
2347
3836
4413
1986
2930
3410
4125
1878
2883
3677
4269
1166
2284
3571
4100
1128
2589
3964
4731
1166
2060
3200
5017
1318
2962
3906
4873
1509
2249
3959
5026
1918
2980
3729
5106
1730
2268
3078
4155
1528
2591
3264
4234
1528
2303
3180
4939
1322
2596
3440
4128
1678
2048
3694
4559
1760
2401
3529
4897
1779
2862
3617
4419
1427
2253
3224
4939
1528
2311
3959
4127
1211
2156
3148
4473
1567
2575
3389
4269
1975
2767
3308
4800
1191
2168
3590
4542
1730
2740
3367
4640
1678
2647
3222
4480
1737
2253
3092
4578
1610
2065
3259
4468
1291
2899
3840
4751
1610
2619
3890
4924
1211
2671
3251
4640
1812
2986
4094
4555
1683
2601
3484
4416
1359
2972
3511
4573
1178
3029
3844
4159
2026
3039
3883
4327
1307
2489
3414
4246
1567
3050
3988
4230
1678
2431
3611
4480
1592
2817
3857
4118
1446
2287
3200
4402
1592
2274
3801
4214
1739
2278
3429
4116
1910
2782
3456
4262
1915
2756
3248
4190
1029
2787
3251
4746
1312
2404
3381
4111
1250
2331
3564
4523
1497
3039
3375
4297
1263
2762
3881
4288
1258
2660
3209
4125
1210
2835
4056
4383
1689
2913
3296
4800
1513
2972
3880
4366
1783
2786
3321
4564
2012
2364
3677
4794
2044
3043
3854
4664
1470
2938
3406
4242
2026
2623
3861
4940
1505
2245
3109
4389
1795
2197
3644
4751
1617
2483
3096
4576
1592
2336
4095
4314
1592
2732
3688
4390
1592
2276
3651
4948
1975
2814
3343
4556
1814
2732
3169
4768
1854
2206
4051
4768
1965
2383
3569
4793
1147
2380
3856
4899
1754
2406
4051
4509
1510
2379
3743
4389
1510
2257
4002
5119
1683
2753
3583
4748
1592
2729
3232
4222
1592
2953
3999
4096
1592
2282
3999
4746
2021
2424
3401
4570
1975
3019
3898
4966
1683
2503
3302
4650
1459
2603
3619
4205
1272
2255
3349
4650
1683
2814
3465
4257
1965
2915
3768
4256
1975
2057
3687
4470
1294
2955
3390
4664
1739
2295
3805
4443
1975
2186
3892
4958
1254
2669
3169
4141
1386
2303
3999
4958
1975
2348
3686
4748
1254
2594
3830
4142
1774
2106
3651
4529
1683
2681
3651
4468
1841
2063
3428
4626
1965
2516
3707
4363
1509
2295
3179
4748
1586
3019
3288
4675
1814
2137
3468
4643
1683
2282
3130
4363
2021
2262
3352
4427
1254
2055
3912
4988
1719
2799
3984
4996
1239
2262
3104
4570
1254
2075
3337
4443
1683
3019
3302
4363
1510
2549
3449
4733
1910
2186
3579
4501
1142
3019
3094
5081
1647
2295
3302
4822
1382
3019
4002
4665
1254
2329
3250
4988
1739
2453
3349
4958
1386
2312
3820
4854
1509
2884
3130
4570
1142
2671
3142
4993
1910
2211
3251
4662
1257
2927
3917
4120
1729
2838
3179
4957
1739
2063
3395
4266
1142
2383
3836
4352
2021
2887
3390
4138
1778
2256
3688
4389
1868
3019
3805
4533
1386
2275
3291
5109
1246
2246
3999
4468
1254
2383
3111
4542
1386
2741
3836
4893
1254
2838
3428
4744
1584
2256
3302
4534
1754
2548
3159
4556
1754
2911
3096
4534
1754
2306
3707
4571
1740
2515
3105
4309
1795
3066
3074
4444
1865
2515
3084
4659
1719
2309
3840
4426
1246
2784
3269
4113
1246
2535
3450
4923
1980
2741
3954
4426
1683
2359
3959
4841
2004
2312
3906
4556
1940
2186
3354
4474
1674
2445
3684
4482
1785
2398
3464
4283
1950
2785
3336
4827
1674
2097
3107
4890
1436
2881
3189
4859
1606
2619
4016
5109
1081
2284
4059
5109
1838
2877
3513
4202
1637
2459
3334
5109
1396
2793
3651
4774
1555
2912
3713
4977
1555
2406
3462
4619
1193
2326
3651
4854
1191
2531
3620
4619
1436
2585
3446
4619
1436
2176
3620
4149
1270
2588
4093
4619
1841
2176
3475
4737
1841
2452
3651
5106
1351
2406
3919
4576
1812
2553
3406
4150
1824
2419
3684
4532
1841
2252
3310
4875
1838
2751
3376
4256
1610
2952
3324
4660
1455
2130
3592
4660
1984
2130
3415
4137
1509
2588
3148
4443
1348
2349
3104
5022
1824
2190
3467
5050
1191
2535
3610
4470
1824
2181
3555
4660
1396
2301
3540
4755
1396
2162
3415
4676
1396
3046
3555
4420
1597
2190
3376
4855
2045
2820
3235
5064
1211
2629
3449
4420
1436
2165
3331
4699
1455
2740
3086
4535
1838
2822
3281
4420
1610
2421
3247
4584
1838
2190
3694
4470
1270
2536
3684
4256
1348
2255
3086
4443
1838
2820
3291
4780
1555
2764
3555
4349
1191
2531
3281
4364
1610
2869
3701
4960
1250
2629
3449
4263
1424
2869
3730
4933
1838
2629
3449
4532
1950
2190
3836
4420
1610
2190
3107
4927
1455
2081
4093
4943
1874
2349
3107
4141
1396
2881
3778
4117
1610
2629
3892
4893
1565
2206
4024
4644
1191
2467
4091
4539
1424
2344
3629
4403
1455
2455
3688
4532
1348
2225
3706
4952
1812
2450
3404
4512
1812
2881
3201
4403
1584
2967
3536
4593
1915
2186
3201
4526
1661
2491
3937
4350
1782
2507
3784
5111
1874
3066
3338
5056
1838
2295
3142
4526
1604
2549
3504
4532
1455
2748
3622
5034
1838
2607
3199
5050
1838
2165
3702
5119
1661
2344
3912
4888
1610
2467
3338
4527
1250
2884
3225
4848
1424
2406
3943
4556
1396
2681
3291
4820
1824
2821
3141
4121
1838
2515
3585
5049
1824
2671
4094
4856
1841
2910
3921
4296
1691
2585
3377
4723
1620
2515
3529
4167
1584
2515
4022
4299
1984
2629
3074
4274
1452
2927
3495
4487
1868
2515
3291
4423
1915
2643
3719
5031
1597
2184
3583
4523
1412
2757
3235
5064
1737
2272
3256
4425
1812
2862
3154
4684
1436
2496
3388
4757
1683
2741
3247
4976
1737
2933
3916
4653
1396
2820
3244
4484
1828
2347
3365
5101
1455
2888
3129
4500
1961
2568
3137
4535
1737
2054
3302
4884
1812
2393
3466
4151
1409
2333
3583
4237
1250
2300
3461
4841
1191
2510
3617
4254
1385
2764
3337
4773
1814
2910
3107
4211
1513
2919
3313
4994
1841
2989
3409
4100
1838
2492
3763
4487
1739
2802
3642
5031
1354
2629
3529
4899
1250
2371
3234
5064
1191
2510
3177
4653
1975
2185
3870
4376
1396
3028
4029
4829
1666
2881
3851
5039
1935
2276
3555
5109
1191
3050
3876
4097
1838
2945
3727
4363
1737
2721
4093
4325
1812
2986
3694
4138
1191
2862
3092
4699
1830
2406
3698
4262
1604
3016
3305
4287
1812
2767
3669
4111
1191
2964
3313
4636
1509
2731
3855
4124
1737
2834
4060
4998
1739
2300
3687
4430
1436
2111
3485
5022
1683
2741
3376
4195
1263
2332
3189
4133
1455
2881
3491
4175
1424
2660
3376
4657
1666
2881
3414
4696
1250
2512
3507
4369
1681
2403
3376
4441
1812
2153
3870
4127
1606
2498
3694
4383
1560
2274
3512
4743
1211
2246
3376
5047
1263
2820
3149
4399
1984
2629
3149
4728
1436
2971
3945
4759
1838
2877
3869
4854
1737
2892
3209
4737
1739
2111
3376
4301
1436
2464
3836
4393
1555
3064
3691
4203
1737
2722
3536
5106
1841
2892
3801
4872
1576
2554
4076
4519
1030
2466
3414
4251
1144
2623
3737
4421
1123
2311
3617
4491
1678
3028
3073
4097
1975
2977
3246
4196
1254
2676
3499
4990
1681
2528
3153
4736
1684
2480
3620
4731
1089
2252
3475
4882
1307
2292
3973
4793
1257
2659
4086
4164
1737
3019
3144
4288
1244
2715
4074
4701
1678
2137
3245
4657
1386
2887
3967
5032
1737
2861
3620
4139
1935
2657
3834
4526
1948
2351
4051
4519
1838
2253
3210
4342
1737
2351
3109
4661
1963
2919
3181
4923
1963
2643
3874
4418
1400
2932
3133
4282
1509
3010
4082
4312
1089
2120
3796
4833
1739
2137
3147
4532
1678
2406
3851
5004
1592
2480
3851
4336
1592
3039
3452
4831
1913
2758
3072
4657
1980
2343
3104
4600
1359
2891
3171
4103
2012
2604
3156
4097
1517
2629
3197
4628
1754
2717
3197
4542
1270
2686
3352
4893
1509
2514
4023
4325
1567
2517
3941
4416
1403
2517
3185
4714
1191
2510
3458
4297
1133
2978
3254
4604
1826
2978
3410
4184
1878
2182
3605
4952
1681
2650
3202
4670
1640
2549
3672
4872
1382
2712
3615
4591
1975
2596
4067
4565
1739
2517
3184
4149
1123
2347
3319
4492
1592
2574
3168
4611
1105
2660
3091
5026
1528
2406
3606
4774
1739
2647
3255
4155
1683
2100
3469
4341
1739
2320
3088
4306
1975
2156
3407
4881
1528
2130
3092
4914
1678
2672
3304
5040
1737
2904
3605
4100
1105
2775
3323
4691
1779
2517
3654
4240
1739
2937
3310
4742
1528
2484
3964
4916
1528
2874
3100
4704
1528
2660
3100
4867
1548
2406
3515
4549
1678
2782
3881
4932
1737
2730
3420
4112
1739
2322
3964
5049
1548
2252
3450
4550
1250
3005
3881
4841
1683
2937
3091
4549
1567
2270
3998
4751
1814
2323
3741
4183
1753
3006
3255
4694
1528
2280
3864
4637
1985
2512
3180
4526
1779
2535
3247
4666
1105
2660
3603
4155
1975
2672
3711
4141
2045
2802
3274
4693
1479
2741
3334
4947
1479
2863
3599
4895
1984
2252
3091
4474
1250
2983
3504
4704
1984
2347
3784
5119
1567
2644
3590
4379
1915
2088
3484
5046
1753
2133
3890
4332
1986
3021
3715
4537
1133
2958
3447
4357
1878
2272
3232
4574
1681
2579
3104
4500
1482
2631
3564
4700
1556
2517
3337
4952
1975
2433
3247
4260
1213
2660
3550
4406
1592
2767
3957
4382
1739
2631
3381
4547
1307
2118
3610
4885
1967
2535
4076
4743
1975
2727
3688
4905
1204
2766
3599
4917
1246
2240
3390
4965
1719
2838
3499
4935
1814
2594
3096
4989
1509
2224
3092
4323
1681
2238
3135
4470
2021
2921
3075
4562
1948
2481
3184
5119
1967
2618
3085
4309
1307
2498
4022
4873
1270
3041
3890
4973
1984
2764
3890
4890
1824
2463
3711
4563
1838
2280
3567
4645
1325
2921
3899
5028
1089
2358
3149
4585
1617
2292
3833
4362
1894
2890
3833
4709
1308
3069
3529
4402
1592
2941
3601
4867
1412
2941
3632
5109
1975
2941
3117
4545
1592
2930
3466
4133
1678
2859
3466
5044
1470
2529
3340
4142
1425
2049
3144
4254
1778
2527
3421
4796
1459
2081
3691
4126
1459
2403
3688
4956
1459
2257
3281
4382
