151
923
700
595
675
708
675
617
987
751
192
233
624
352
670
77
722
730
689
413
634
318
358
1013
318
633
318
790
579
318
97
318
696
996
428
318
696
318
491
318
971
318
169
439
661
439
566
465
566
409
350
961
352
117
732
192
363
720
318
358
835
553
586
326
586
246
544
571
839
571
839
75
75
258
619
709
864
770
219
219
856
297
903
564
297
534
720
534
409
729
838
812
586
303
571
619
955
640
633
988
141
839
813
345
350
817
850
205
903
320
1022
172
420
1022
138
1022
534
1022
381
1022
835
954
428
842
842
11
956
894
653
43
659
43
942
91
161
990
903
567
43
500
409
553
233
51
388
303
11
11
676
1000
971
43
169
409
835
636
760
112
641
641
72
770
1011
52
428
614
568
128
590
839
564
720
534
131
819
710
131
971
971
131
131
131
75
131
1000
428
131
161
406
161
990
117
116
254
254
534
409
79
238
660
94
597
147
636
52
117
147
254
147
709
708
617
319
623
70
147
636
566
424
441
38
172
987
751
439
835
617
246
367
564
367
1000
670
619
722
864
68
72
296
255
61
398
839
751
385
571
212
903
864
254
348
644
215
223
641
586
668
885
167
117
983
568
850
661
826
826
636
231
602
231
995
737
117
591
867
1022
420
647
534
614
296
51
586
614
812
212
749
478
568
478
400
31
470
428
94
1018
590
297
352
117
405
746
254
145
932
746
633
406
838
568
624
710
767
864
586
586
219
961
297
751
839
75
258
145
661
777
76
413
254
750
534
413
358
91
358
91
761
750
761
51
670
91
169
91
42
750
813
549
813
91
91
932
750
117
549
254
619
586
919
984
297
956
385
956
385
926
409
156
971
212
212
636
195
231
602
231
51
231
811
737
398
903
169
398
172
145
42
750
534
170
138
170
926
275
1000
971
169
287
904
439
88
672
352
215
409
835
636
1011
24
903
994
994
147
675
70
752
428
842
296
987
751
199
405
196
867
196
79
439
61
409
491
212
961
350
961
117
591
405
839
254
591
619
619
617
864
617
1018
590
465
428
591
568
921
475
43
534
318
358
91
942
318
318
790
790
903
318
91
358
318
696
850
568
961
192
325
192
670
409
838
568
624
212
961
961
636
961
192
350
1022
777
117
732
406
308
296
644
112
474
112
368
1889
2248
3750
4769
1432
2961
4061
4311
1488
2218
3363
4903
1629
2403
3623
5079
1849
2525
3341
4266
1279
2883
3139
4117
1977
2591
3521
4477
1280
2309
3906
4919
1835
3065
3500
5056
1780
2649
3304
5112
1743
3023
4042
4853
1404
2728
3727
4546
1696
2531
3952
4334
1743
2848
4094
4269
1785
2211
3943
4820
1915
2733
3375
4616
1610
2137
3235
4591
1291
2477
3480
5077
1998
2808
3233
4681
1257
2832
3347
5117
1257
3053
3280
5104
1075
2957
3833
4744
1975
2847
3864
4768
1617
2583
3840
4523
1975
2911
3763
4285
1237
2081
3323
4396
1142
2544
3529
4434
1938
2481
3177
4480
1237
2333
3449
4637
1257
2211
3663
4637
1237
2094
3302
4937
1257
2679
3073
4946
1147
2055
4002
4517
1257
2729
3536
4558
1075
2857
3877
4591
1075
2423
3485
4963
1257
2312
4051
5103
1437
2571
3485
4427
1075
2729
3240
4502
1075
2891
3130
4803
1075
2185
4051
4963
1257
2312
3691
4836
1634
2312
4095
4976
1584
2571
3687
4427
1744
2729
3395
4284
1075
2814
3130
4993
1147
2729
3383
4809
1075
2113
4051
4392
1147
3053
3772
5109
1075
3019
3401
4534
1360
2377
3337
4151
1510
3053
3216
5032
1075
2732
3240
4744
1075
2445
3074
4721
1075
2445
3240
4516
1360
2673
3240
4780
1360
2673
3836
4432
2021
2834
3440
4976
1075
2321
3651
4427
2021
2400
3440
4963
1870
2295
3439
4427
1075
2245
3687
4591
2033
2055
3246
4166
1965
2786
3130
4480
1965
2185
3687
4616
1814
2603
3314
4599
1229
2750
3474
4794
1147
2782
3229
4491
1351
3024
3242
4259
1209
2710
3608
4759
1606
3024
3940
4352
1637
2971
3305
4946
1351
2233
3690
4183
1209
2239
3416
4536
1674
2834
3673
4431
1067
2055
3287
4645
1714
2789
3413
5109
1179
2503
3396
4145
1861
2603
3802
4828
1606
2354
3651
4721
1555
2400
3210
4455
1841
2098
3953
4728
1412
2838
4065
4226
1268
2840
3615
4594
1739
2657
3994
4626
1412
2215
3164
4239
1868
2642
3456
4854
1739
2482
3652
4459
1844
2105
3834
4459
1844
2377
3305
4397
1844
2952
3305
4475
1982
2933
3114
4664
1291
2274
4069
4503
1206
2918
3781
4207
1610
2609
3165
4318
1996
2724
3138
4521
1950
2724
3925
4843
1410
2921
3165
4318
1250
2464
3986
4728
1838
2215
3259
5020
1908
2384
3443
4501
1264
2473
3949
4164
1257
2049
3505
4490
1578
2733
3354
4673
1117
2733
3177
4360
1117
2733
3763
4638
1524
2384
3354
5077
1257
2139
3985
4745
1156
2286
3354
4388
1257
2076
3484
4808
1894
2101
3466
4480
1763
2733
3773
4551
1882
2792
3529
5003
1481
2270
3998
4449
1452
2275
3450
4327
1452
2722
3604
4119
1264
2399
3586
4846
1817
2134
3409
4551
2008
2384
3760
4285
1392
2320
3450
4846
1950
2983
4074
4502
1346
2225
3359
5043
1736
2134
3359
4551
1683
2521
3974
4379
1729
2406
3243
4379
1211
2600
3193
4185
1390
2406
3605
4471
1737
2301
3208
4471
1912
2301
3101
4662
1737
2528
3092
4662
1584
2516
3749
4255
1868
2771
4067
4796
1868
2076
3865
4593
1584
2528
3385
4845
1828
2326
3865
5107
1785
2964
3297
4249
1660
2983
3123
5032
1806
3063
3252
5105
1691
2991
3323
4662
1998
2323
3772
4249
1808
2109
4041
4098
1691
2334
3865
4282
1838
2681
3939
4903
1860
2644
3251
4413
1291
2240
3998
4272
1409
3023
3800
5009
1588
2672
4041
4322
2007
2766
4079
5011
1754
2257
4051
5029
1240
2603
3635
4882
1147
2491
3860
4392
2033
2491
3109
4447
2033
2127
3138
4942
1502
3002
3210
4263
1147
2327
3210
4729
1147
3002
3860
4371
1707
2306
3636
4258
2033
2928
3485
4729
2033
2260
3485
4729
2033
2245
3485
4729
2033
2848
3434
5030
1416
2503
3434
4586
1874
2814
3939
4121
1650
2891
3692
4573
1297
2306
3233
4470
1758
2527
3240
4385
1147
2911
3190
4634
1142
2638
4034
4097
2033
2645
3449
4664
1877
2120
3890
4325
1737
2065
3772
4387
1567
2317
3720
4558
1297
2534
3699
4977
1555
2534
3403
4712
1136
2550
3146
4712
1709
2327
3661
4268
1998
2609
3319
4685
1920
2575
3319
4653
1427
2505
3644
4371
1217
2277
3431
4097
1798
2902
3644
4504
1167
2313
3685
4421
1864
2545
3359
5071
1390
2550
3177
4243
1868
2996
3760
4292
1412
2947
3142
5077
1412
2076
3276
4608
1412
2947
3075
4884
1412
2331
3216
4540
1412
2433
3276
4184
1412
2393
3409
4183
1412
2604
3815
4325
1412
2979
3307
4353
1412
2238
3929
4759
1828
2331
3305
4493
1412
2161
3305
4096
1674
2241
3403
5117
1940
2434
3536
4439
1412
2851
3270
4686
1412
2721
3409
4554
1412
3012
3851
4787
1674
2123
3305
4627
1412
3023
3138
4686
1412
2715
3657
4697
1412
2928
3559
4686
1737
2581
3340
4687
1838
2573
3931
4856
1725
2206
3931
4609
1753
2128
3877
4796
1838
2928
3119
4919
1610
2314
3388
4796
1263
2635
3307
4239
1291
2851
3540
4489
1206
2556
3985
4796
1993
2096
3497
4710
1263
3059
3582
4200
1998
2787
3368
4523
1759
2320
3990
4439
1565
2824
3606
4411
1691
2241
3625
4621
1610
2121
3305
4511
1612
2143
3865
4609
1838
2412
4005
4750
1270
2412
3557
4803
1564
2412
3526
4237
1812
2412
3825
4464
1982
2412
3851
4563
1526
2796
3560
5061
1452
2963
3453
4174
1982
2412
3557
4174
1945
3010
3671
4096
1491
2857
3171
4144
1991
2168
4006
4731
1682
2181
3542
4437
2038
2796
3739
4772
1218
2722
3585
4551
1261
3021
3335
4955
1964
2714
3192
4295
1062
2609
3698
4644
2003
2844
3446
4950
1261
2398
3698
4414
1895
2262
3952
4895
1054
2714
3673
4150
1995
2735
3437
4150
1622
2868
3764
4203
1513
2804
3817
4440
1668
2680
3377
4266
1915
2574
3640
4799
1877
2317
3165
4097
2031
2601
3569
4799
1217
2317
3924
4799
1841
2105
3330
4872
1678
2406
3676
4808
1865
2997
3892
4664
1559
2214
3578
4570
1592
2065
3742
4513
1684
2731
3219
4804
1737
3066
3620
4348
1592
2719
3571
4533
1739
2719
3581
4303
1678
2719
3647
4804
1254
2206
3561
4804
1719
2206
3583
4804
1719
2301
4049
4561
1719
2957
4049
4420
1719
2344
4049
4854
1719
3028
3620
4708
1254
2333
3358
4133
1246
2697
3561
4551
1854
2752
4049
5107
1617
2280
3181
4517
1411
2833
3075
4408
1894
2494
3986
4930
1763
2730
3091
4369
1894
2599
3166
4491
1763
2316
3867
4686
1854
2280
3620
4721
1170
2202
3524
4442
1411
2636
3153
4288
1894
2292
3711
4980
1411
2280
3181
4118
1894
2278
3075
5106
1763
2997
3771
4387
1854
2275
3620
4612
1597
2132
3739
4424
1674
2344
3514
4792
1617
2222
3225
4148
1841
2185
3393
4997
1211
2868
3348
4836
1874
3010
3578
4890
1915
2574
4038
4282
1211
2581
3682
4507
1584
2888
3595
4884
1782
2246
3514
5116
1806
2841
3177
4945
1564
2191
3087
4274
1998
2932
3931
5093
1513
2856
3554
5093
1588
2403
3567
4371
1555
2164
3876
4463
1409
2811
3900
4458
2001
2748
3367
5050
1240
2057
3841
4278
2006
2333
3469
4306
1206
3070
3565
4100
1966
2628
3521
5035
1947
2695
3699
4704
1436
2433
3699
4500
1263
2423
3781
4663
1709
2999
4084
4109
1791
2568
3138
4477
1705
3059
3604
4182
1993
2722
3586
4839
1287
2123
3183
5042
2015
3059
3685
4750
1167
2128
3715
4373
1759
2818
3409
4875
1998
2825
3772
4278
1977
2360
3736
4511
1104
2421
3876
4318
1759
2748
3966
5105
1920
2813
3862
4226
1899
2695
3095
5037
1991
2628
3976
4318
1347
2097
3733
4221
1807
2354
3182
4327
1317
3055
3442
4490
2010
3059
3639
5009
1025
2887
3209
4221
1694
2644
3409
4792
2017
2725
3907
4625
1720
2275
3182
5079
1798
2117
3095
5084
1188
2612
3403
4844
1257
2277
3379
4566
1739
2508
3135
4200
1503
2327
3847
4272
1526
2913
3156
4419
1331
2949
3924
5022
1694
2841
4020
4919
1188
2117
3783
4510
1964
2241
3419
4364
1194
2933
3944
5022
1230
2137
4055
4610
1230
2128
3629
4943
1739
2432
3912
4930
1412
2603
3423
4924
1592
2400
3156
4181
1678
2400
3492
4393
1437
2239
3647
4941
1455
2176
3741
5103
1564
2128
3320
5064
1812
3039
3721
4751
1597
2529
3393
5039
1485
2259
3681
4727
1351
2225
3964
4494
1564
3029
3979
4551
1812
2484
3681
4801
1597
2489
3539
4946
2009
2128
3539
4414
1455
2968
3577
4354
1396
2793
3393
4946
1230
2316
3549
5066
1230
2316
3311
4911
1230
2657
3109
4930
1230
2170
3604
4299
1412
2618
4082
4695
1230
2856
3716
4564
1617
2872
3242
4488
1674
2526
4078
4946
1817
2572
3541
4695
1852
2274
4020
5070
2005
2406
3153
4381
1860
2406
4005
4726
2031
2484
3604
4656
1996
2186
3587
4444
1407
2958
3306
4792
1517
2703
3872
4815
1028
2663
3662
4548
1250
2686
3976
4232
1028
3058
3148
4980
1250
2996
3175
5104
1250
2674
3232
4234
1784
2130
4013
4182
1782
2644
3320
5028
1739
3058
3998
5066
1403
2340
3323
4766
1257
2826
3502
5111
1592
2776
3393
4614
1257
2390
3654
4496
1435
2932
3276
4598
1584
2583
3554
4936
1597
2133
3081
4443
1820
2911
3148
4174
1452
2081
3722
4648
1936
2770
3921
4174
1940
2501
3302
4218
1966
2628
3166
4208
1958
3021
3346
4150
1218
3021
3509
4324
1857
3058
3890
4455
2038
2253
3373
4937
2038
2628
3740
4119
2038
3035
3909
4109
2038
2128
3366
4909
2038
2608
3487
4830
1755
2564
3613
4346
1940
2906
3817
4705
1586
2987
3541
4131
1729
2955
3765
4411
1586
2083
3461
4515
1075
2522
3143
4591
2030
2400
3516
4687
1586
3053
3745
5100
1729
2957
4002
4688
1584
2496
3156
4584
1346
2483
3636
4397
2042
2546
3685
4558
1785
2951
3138
4257
1555
2921
3685
4807
1584
2360
3699
4942
1909
2717
3699
4325
2042
2263
3601
4729
1874
2403
3567
4918
1346
2928
3165
4768
2042
2601
3165
4243
1436
2433
3800
5020
1743
2837
3685
4407
1785
3000
3095
5084
1974
3029
3983
4844
1637
2933
3931
4768
1892
2912
3536
4285
2032
2398
3997
4839
1606
2117
3496
5105
1606
2268
3500
4872
1886
2950
3706
4432
1637
2612
3685
4286
1209
2277
3685
4319
2008
2972
3685
4351
1606
2612
3817
4549
1975
2123
3450
5107
1412
2796
3685
4342
2032
2971
3681
4656
1617
2129
3380
4599
1272
2759
3378
4752
1412
2332
3084
4564
1592
2161
3446
4254
1412
2847
3884
4491
1230
2479
3797
4254
1814
2565
3103
4473
1586
2872
3157
4376
1644
3066
3840
4389
1584
2539
3753
5061
1678
2344
4007
4629
1584
2105
3572
4336
1230
2274
3264
4660
1412
2190
3086
4124
1592
2505
3912
4660
1455
2190
3398
4804
1592
2275
3415
5047
1412
2065
3323
4374
1683
2065
3264
4165
1985
2065
3937
4496
1974
2329
3777
4656
1491
2550
3200
4696
1854
2639
3224
4136
1683
2941
4013
5076
1993
2323
3542
4611
1455
2320
3091
4905
1650
2601
3323
4586
1996
2517
3685
4513
1555
2967
3323
4522
1436
2168
3822
4849
1403
2323
3504
4760
1837
2323
3557
5079
1802
2320
3620
4151
1106
2799
3475
4629
1117
2127
3548
4744
1778
2127
3089
5081
1459
2611
3939
4126
1458
2127
3959
4872
1147
2063
3434
4388
1237
2784
3963
4141
1117
2368
3797
4884
1156
2075
3826
4242
1459
2847
3434
4753
1142
3002
3515
4573
1239
2671
3311
4573
1400
2671
4016
4708
1786
2934
3707
4451
1400
2455
3635
4157
1877
2481
3635
4451
1381
2919
3572
4803
1381
2847
3548
4205
1117
2445
3548
4650
1578
2445
3572
4516
1578
2445
3460
4808
2031
2847
3460
4551
2031
2827
3460
4995
1142
2406
3635
4450
1400
2643
3094
4496
1459
2548
3440
4626
1458
2548
3345
4225
1459
2548
3607
4820
1272
2911
3450
4898
1272
2481
4049
4820
1778
2946
3421
4633
1975
3002
3840
4501
1400
3002
3338
4898
1142
2552
3148
4729
1400
2498
3091
4322
1142
2416
3180
5119
1400
2585
3091
4457
1400
2585
3364
4666
1272
2081
4049
4285
1294
2911
3247
4626
1400
3002
3424
4450
1578
2665
3506
4995
1578
2808
3463
4673
1156
2950
3591
5107
1117
2161
3443
4516
1117
2968
3548
4454
1617
2281
3510
4249
1272
2911
3838
4805
1239
2846
3635
4206
1821
2571
3456
4712
1965
2603
3999
4496
1294
2432
3311
4952
1294
2432
3555
4581
1075
2101
3582
4960
1877
2075
3250
4988
1567
2075
3551
4958
1412
2211
3749
4142
1719
2206
3179
4911
1211
2491
3138
4128
1798
2964
3269
4285
2032
2579
3976
5007
1915
2219
3188
4285
1263
2170
4036
4422
1412
2347
3699
5072
1592
3064
3332
4397
1503
2082
3642
4729
1567
2074
3180
4729
1412
2973
3631
5027
1739
2997
3693
4729
1838
2585
3450
5031
1739
2997
3784
5043
1412
2314
3291
4575
1503
2057
3085
4817
1412
2657
3993
4138
1412
2640
3924
4409
1222
2697
3604
4334
1949
2137
4017
4266
2001
2608
3257
4220
1491
3035
3542
4756
2001
2920
4039
5025
2046
2835
3375
4364
2038
2724
3450
4779
2038
2119
3187
4857
2038
2612
3979
4691
2038
2820
3979
4132
2003
2996
3231
4249
2038
2912
3785
5108
1583
3058
3990
4854
2038
2307
3513
4514
2038
2789
3698
4278
2038
2906
3965
4915
1160
2686
3656
4859
2038
2923
3745
5011
1925
2823
3560
4585
1797
2442
4027
5036
1119
2395
3898
4935
1531
2395
3266
4168
1381
2395
3739
4348
1592
2445
3273
4859
1730
2395
3982
4644
1272
2406
4055
4258
1737
2306
3581
4807
1458
2255
3554
4541
1376
2186
3109
4541
1737
2643
4049
4233
1028
2497
4049
4505
1028
2874
4049
4743
1567
2678
4049
4493
1739
2519
3453
4345
1739
2519
3821
4463
1739
2519
3766
4708
1459
2105
4049
4468
1294
2383
3636
4548
1778
2527
4049
4930
1459
2432
3711
5044
1294
2280
4049
4729
1778
2193
3561
4639
1844
2585
3561
4187
1718
2840
3910
4103
1294
2802
3078
4729
1985
2643
3561
4300
1105
2241
3730
4401
1412
2048
3312
4155
1718
2241
3320
4575
1412
2787
3432
4548
1528
2241
3757
5049
1779
2241
3107
4543
1718
2241
3803
5036
1359
2192
3490
4745
1932
3021
3944
4851
1681
2316
3804
4643
1830
2695
3312
4126
1973
2316
3763
4540
1949
2672
3552
4119
1914
3050
4094
5070
2011
2996
3416
4423
2028
2945
3670
4738
2008
2300
3929
4940
1999
2698
3191
4389
1837
2601
3809
4211
1839
2645
3630
5025
1110
2434
3552
4488
1262
2863
3861
4377
1979
2628
3745
5011
1558
2598
3269
4372
1263
2511
3162
4260
1925
2314
3760
4829
1666
2986
3595
4729
1975
2517
3979
4167
1455
2949
3323
4445
1480
2519
3487
4916
1597
2740
3745
4663
1824
2757
3152
4489
1382
2463
4013
4332
1382
3028
3872
4222
1400
2891
3091
4138
2021
2838
3312
4142
1591
2282
3489
4614
1693
2481
3091
4309
1239
2406
3487
4387
1586
2211
3577
4946
1683
2603
3913
5075
1147
2364
4093
4946
1630
2577
3593
4562
1666
3066
3164
4353
1830
2400
3780
4177
1841
2244
3164
4937
1435
2244
3945
4582
1283
2244
3178
4697
1475
3053
3996
4780
1475
2920
4082
4558
1599
2398
3734
4258
1861
2784
3978
4195
1152
2051
3609
5047
1475
2515
3539
4320
1502
2750
3639
4816
1348
2306
3506
4600
2042
2861
3456
4229
1480
2503
4011
4616
2030
2888
3341
4358
1647
2503
3275
4809
1821
2960
3864
4529
1102
2134
3686
4256
1034
2821
3415
4470
1729
2611
3323
4556
1102
2574
3148
4713
1346
2187
3264
4911
1093
2379
3292
5081
1660
2638
3463
4400
1262
2392
3440
4906
1629
2252
3218
4120
1336
2585
3919
4911
1743
3029
4059
4546
1629
2252
3903
4987
1262
3024
3839
5049
1792
3033
3685
4537
1608
2773
3515
4478
2018
2264
3996
4246
1975
2670
3450
4551
1455
2670
3681
4936
2018
3029
3517
4133
1938
2225
3934
4194
2047
2952
3681
4388
1814
2280
3788
4612
1455
2600
3994
4695
2047
3029
3373
4371
1812
2096
3523
4444
2047
2457
3514
4440
1838
2123
4093
4441
1412
2568
3763
4946
1674
2833
3591
4946
1205
2225
3523
5100
1437
2239
4010
4536
1814
2971
3749
5100
1961
3024
3797
5081
1674
2292
3913
4545
2044
2198
3260
4638
1617
2074
3695
4907
1683
2572
4051
4951
1584
2333
4051
5077
1627
2117
3984
4358
1621
2074
3250
4208
1627
2729
3467
4536
1075
2756
3939
4124
1621
2950
3317
4576
1868
2515
3383
4124
1584
2834
3939
4534
1539
2127
3536
4554
1402
2814
3774
4430
1877
2391
3687
4536
1877
2603
3939
4496
1376
2637
3434
4905
1965
2642
3434
4496
1509
2814
3434
4816
2021
2603
3434
4427
1147
2571
3927
4809
1147
2946
3229
4211
1592
2603
3920
4116
1230
2865
3485
4558
1592
2275
3536
4334
1412
2198
3420
4809
1455
3024
3634
4721
1950
2608
3631
4244
2028
2262
4010
4707
1209
2091
3210
4672
1874
2572
3304
4403
1209
2955
3639
4406
1690
2349
3132
4440
1905
2877
3691
4673
1044
2062
3409
4352
1955
2114
3383
5077
1481
2096
4039
4727
1817
2561
3967
4823
1445
2846
3344
4259
1445
2052
3447
4100
1209
2136
3314
4141
1147
2571
3510
4712
1502
2832
3539
4631
1382
2966
3330
4805
1382
2366
3162
4312
1877
2263
3321
5002
1739
2483
3953
4236
1393
2496
3110
4543
1528
2377
3978
4989
1416
2527
3525
4519
1240
2689
3569
4358
1996
2375
3569
4942
1268
2727
3796
4352
1878
2463
3138
4855
1753
2905
3900
4097
1537
2712
3662
4243
1353
2925
3410
4325
1028
3021
3605
4411
1537
3021
3767
4352
1878
2858
3297
4872
