151
198
9
290
133
9
34
34
34
9
45
34
45
45
45
34
522
890
1020
436
686
28
849
291
678
34
34
34
459
968
343
34
459
34
34
968
968
968
34
34
34
459
34
290
34
34
446
34
446
678
678
678
678
34
9
34
725
34
34
34
9
34
9
34
9
120
34
34
45
45
34
34
34
45
34
34
34
34
34
290
133
678
678
678
678
678
678
678
678
678
678
678
678
45
34
9
9
9
45
45
34
45
45
45
45
45
45
45
45
45
45
148
1020
1020
436
436
9
291
9
538
968
968
684
968
684
354
354
34
684
34
9
260
9
9
148
1020
53
164
133
242
9
725
9
9
34
9
34
203
34
9
34
133
34
133
684
830
968
771
771
890
382
47
436
204
507
282
459
868
459
1010
354
354
290
1010
459
1010
459
1010
459
1010
868
868
868
868
459
1010
678
678
459
459
868
868
868
868
356
868
868
868
459
459
459
868
459
868
356
868
356
868
191
1020
436
436
507
282
996
412
459
1010
459
331
354
290
354
331
354
354
354
354
290
354
331
354
354
968
459
492
1010
968
290
968
1010
459
968
459
968
459
727
459
727
326
727
830
968
662
863
830
662
863
662
968
968
662
830
34
133
678
133
678
133
727
45
727
45
45
290
34
45
45
45
45
45
45
830
968
830
968
830
69
45
968
45
968
45
45
45
45
45
290
45
45
45
45
191
1020
436
436
221
282
34
446
34
829
985
34
446
34
725
34
34
34
985
829
34
829
868
203
203
53
133
290
506
133
133
86
133
968
768
203
53
935
9
829
9
506
86
506
86
506
882
890
382
1020
808
451
193
282
305
412
86
506
331
506
459
492
86
1010
459
1010
459
1010
459
1010
354
354
1010
86
1010
356
1010
356
868
356
86
506
459
492
459
1010
459
868
459
1010
868
356
459
133
727
880
382
1020
436
436
765
291
374
291
354
354
354
354
354
354
354
354
354
354
459
354
82
34
446
673
678
678
678
678
678
673
459
829
868
1010
868
829
868
459
34
868
459
727
459
506
86
678
82
678
673
459
356
868
492
86
34
678
678
678
678
673
678
290
34
290
34
538
45
868
356
45
45
45
45
45
45
45
45
45
45
45
45
290
45
45
45
133
45
356
45
356
45
678
678
45
520
890
47
436
436
765
479
376
1589
2682
4091
4227
1547
2658
3978
5040
1347
2912
3431
4197
1547
2434
3938
4988
1097
2421
4054
4193
2035
2133
3335
4855
1315
2356
3176
4988
1179
2735
3754
5040
1097
2655
3778
5058
1857
2091
3668
4127
1682
2989
3676
4801
1179
3050
3649
4255
2007
2085
3764
4676
1299
2093
4036
4893
2035
2644
3257
4227
2035
2588
3107
4771
2035
3012
3335
5089
1867
3043
3459
4431
1589
3028
3843
5096
2035
2877
4039
4692
1554
3050
3447
4278
1589
2355
3335
4305
1589
2253
4008
5094
1969
2421
3178
4413
2028
3007
3438
5089
1589
2990
3935
5096
1083
3028
3083
4098
1396
2697
3739
5111
1396
2874
3758
4989
1824
2957
3668
4302
1874
2957
3904
4726
1396
2997
3837
5111
1824
2830
3235
5012
1828
2224
3829
5089
1083
2874
3420
4814
1480
2567
3291
5059
1824
3043
3993
4845
1874
2054
3839
4339
1409
2912
3583
4636
1083
2714
3178
4334
1083
2054
3919
4849
1083
2371
3078
4733
1669
2612
3507
4411
1216
2419
4032
4374
2001
2434
4007
4925
1947
2579
3719
4443
2032
2920
4072
4193
1216
2945
3778
4922
1409
2143
3734
5059
1824
2809
3388
4508
2001
3028
4053
5077
1409
2920
4091
4132
1606
2588
4005
4901
1209
3038
3754
4771
1216
2735
3245
5018
1216
2564
3621
4692
1982
3007
3580
4439
2001
2344
4053
4721
2028
2419
3933
4919
1606
2508
3202
5031
1209
3043
4007
4593
1947
2920
3727
5094
2032
2398
4091
4177
1216
2735
4032
5011
2032
2644
3820
4381
2032
2672
4036
4888
1209
2769
3914
4305
1216
2920
3997
4331
1606
2588
3778
4525
1585
2972
3660
4334
1179
2874
3675
4334
1606
2588
3901
5031
2001
2253
3997
4460
2028
2947
3940
4876
1606
2588
3804
4217
1519
2253
3952
4988
2028
2735
3583
4324
1947
2644
3082
5031
1949
2697
3843
4988
2001
2085
3824
4684
1831
2912
4053
4786
1949
2859
3690
4613
2001
2920
3284
4384
2028
2939
3778
4392
1949
2085
4074
5090
2001
2054
3826
4631
2028
2920
3111
4759
1949
3043
3107
4599
1209
3007
4000
4692
2028
2608
3888
4525
1589
2434
3883
5095
1299
2314
3659
4227
1955
2874
3754
4436
1589
2918
3284
4125
2035
3012
4010
4384
1554
2434
3690
4830
1097
2564
3480
4715
1949
2552
3734
4119
2035
2253
3491
4142
1481
2419
3284
4177
2028
2398
3178
5031
1589
3028
3073
5096
2046
2937
3535
4296
2028
2452
4053
4800
1949
2920
3684
5012
2035
2631
3365
4715
1299
2990
3869
4855
1949
3017
3778
4193
1585
2085
4053
4692
2007
2825
3707
4855
1589
2162
3778
4766
1519
2947
3820
5090
2007
2649
3950
4465
1682
2647
3465
4824
2007
2920
3747
4455
2028
2398
4005
5112
1857
2626
3530
5097
1035
2552
3914
4227
2028
2868
3734
4699
2034
2253
3256
4955
1974
2920
3715
4540
2001
2398
3652
4121
1589
2815
3815
4938
1949
2156
3914
4525
1554
3043
3583
4384
2028
2143
3384
4175
1949
2787
3938
4177
2001
2860
3812
4318
1831
2085
4014
4318
2034
2434
3335
4460
2001
2860
3914
4624
1831
2054
3555
4856
1949
2920
3924
4525
2001
2860
3997
4305
2028
2419
3605
4646
1949
2608
3924
4757
1554
2697
3919
5096
2028
3017
4036
4839
2034
3008
3480
5089
1969
2567
3844
5077
1905
2567
4020
4203
1589
2180
3740
4132
1179
3000
3919
4950
1417
2511
4089
4875
1417
2800
3914
4955
1589
3008
3810
4926
1905
2544
3734
4934
1777
2818
3660
4460
2025
3009
3675
4810
1589
2162
3933
4961
1547
2253
3952
5012
2025
3017
3335
4200
1949
2608
3284
5026
1547
2253
3952
4770
2025
3017
3478
4950
1589
2162
4054
5089
2035
2419
4094
4654
1417
2912
3997
4938
1682
2085
3810
4978
1179
2649
3154
4150
1884
2877
3839
4305
1368
2989
4053
4170
2007
3023
3216
5029
1905
2608
3107
4985
2025
2623
3904
5020
1589
2793
3107
4449
1966
2253
3296
4615
1179
2694
3987
4194
1083
2264
3438
5011
1257
2946
3664
4940
1396
2957
3777
4286
1083
2085
3764
4622
1083
2347
3940
4646
1216
2735
3398
4193
1216
2881
4019
4258
1083
3017
3768
4615
1216
2697
3245
4166
1216
2649
4065
4296
1083
2544
4024
4559
1216
2944
3868
5031
1216
2735
4036
4873
2028
2833
4091
4202
2032
3028
3914
4862
1216
2874
3738
4971
1824
2326
3333
4814
2032
3007
4091
4113
1216
2868
3997
4925
1216
2564
3997
4938
1216
2162
4004
4145
1216
2735
4036
4432
2006
2579
3660
5059
1216
2944
3583
5031
2001
2344
3178
5026
2028
2333
4091
4988
1519
2133
3557
5040
1216
2443
3914
4248
2032
2644
3940
4369
1519
2421
3965
4692
1216
2608
3715
4961
2035
2289
3674
4988
1216
2813
3171
4830
1216
2672
3997
4726
1982
2544
3653
4926
1216
2649
3932
5094
1216
3017
4072
4145
2001
2608
3933
4950
1966
2289
3740
4305
2032
2568
3530
4907
2035
2944
4091
4193
1216
2735
3925
5112
1216
2564
3843
5094
2035
2944
4072
4771
1047
2735
3542
5118
1690
2649
3736
4203
1703
2928
3747
4589
2001
2478
3530
4835
1690
2993
3154
4589
1216
2848
3977
4991
1426
3007
3284
5089
1299
3012
3839
4589
1047
2791
4053
5089
1857
2510
3178
5089
1216
3008
4008
4411
1905
2644
3888
4589
2046
2818
3888
4950
2046
2567
3869
4971
2032
2421
4045
4125
1966
2695
3870
4456
2035
2800
4088
4629
1960
2957
3531
4465
1949
2567
3522
4999
1585
2552
3259
4955
1982
3034
3736
4625
1945
2644
3880
4973
1481
2421
3530
5087
2001
2800
3428
4111
1936
2925
3925
5046
1945
2349
4024
4317
1519
2394
3469
4487
1610
2825
3107
4240
1683
2455
3539
4232
1739
2491
3103
5111
1678
2230
3234
4335
1567
2920
3401
4477
1915
2660
3673
4606
1263
3028
3569
4953
1998
2347
3888
4933
1993
2912
3918
5009
1838
2411
3585
5089
1993
3050
3892
4339
1838
2809
3555
5108
1610
2130
3449
5111
1838
2567
3982
4888
1610
2647
3496
4740
1291
2133
3335
4307
1610
2874
4053
4540
1291
2647
3675
4770
1057
2912
3661
5003
1427
2535
4048
4282
1436
2452
3419
4324
1263
2672
3376
4339
1998
3029
3595
4715
1217
2454
4047
4255
1191
3041
3132
4253
1993
3050
3997
4330
1998
2579
3567
4985
1874
2130
3497
5095
1920
2920
3715
4839
1993
3008
4091
4578
1291
2697
3726
4921
1369
2937
3687
4653
1838
3041
3754
4322
1610
2775
3335
4573
1291
2421
3357
4783
1610
2356
3205
4331
1263
2644
3867
4739
2032
2240
3847
4537
1263
3047
3736
4226
2006
2464
3706
4899
1669
3051
3623
4660
2001
2883
3890
4501
1750
2536
3647
4982
1703
2880
3887
4243
1993
2464
3743
5069
1998
2874
3138
4608
1993
2695
3835
4961
1998
2094
3384
4413
1771
3069
4053
4687
1291
2818
3983
4927
1369
2912
4008
4918
1291
2253
3935
4606
2006
2421
3966
4502
1291
2800
3810
4820
1759
2182
3843
5087
1291
2608
3447
4301
1057
3050
3824
4184
1588
2314
3530
4660
1057
2644
3778
4302
1788
2820
3919
4221
1998
2928
3645
5047
1993
2887
3740
4613
1998
2748
3403
5059
1993
3007
3862
4949
1838
2456
3292
4484
1369
3023
3632
4287
1764
2735
3982
4768
1759
2874
3888
4660
1291
2800
4055
5040
1759
2753
3764
4817
1291
2165
4053
4936
1982
2910
3966
4727
1588
2820
3073
5068
1057
2820
3325
4397
1592
2639
3846
4129
1592
2399
3218
4177
1250
2321
3945
4610
1936
2952
3303
4251
1083
2888
4030
5094
1838
2588
3182
4610
1782
2567
3478
4328
1838
2775
3739
4174
1610
2588
3888
4201
1838
2321
3131
4506
1610
2942
3619
4894
1838
2130
3884
5010
1610
2484
3888
5087
1427
2501
3957
5074
1610
2467
3507
4751
1263
2225
3754
4671
1828
2148
3078
4890
1263
2344
3595
4661
1896
2419
4091
4907
1606
2740
3689
4202
1838
2910
3918
4560
1993
2320
3818
4970
1703
2800
3753
4113
1982
2990
3385
4537
1838
2588
3634
4969
1610
2350
3673
5094
1838
2266
3209
5087
1824
2230
3235
4332
1291
2697
3933
4676
1610
2935
3605
4864
1824
2677
3223
5110
1828
2343
3839
4195
1409
2869
3280
4872
2006
2942
3940
4236
1637
2438
3993
4125
1409
2082
3507
4382
1588
2419
3839
4585
2006
2320
3868
4839
1993
2253
3467
4382
1920
2964
3675
4325
1743
2579
3778
5040
1703
2945
3876
5096
2028
2165
3335
5089
1291
2153
3751
4519
1828
2949
3111
4286
1409
2741
3778
4817
1759
2629
3887
4578
1291
2886
3335
4224
2001
2862
3438
4917
1263
2054
3736
4299
1287
2877
3875
4548
2001
2869
3740
4862
2006
2612
3747
5110
1993
2837
3242
4621
1998
2284
3525
4822
1993
2341
3449
4112
1703
2644
3745
4215
1857
2820
3468
4485
1764
2820
3237
4251
1947
2933
3284
5047
1703
2817
3891
4660
1759
2937
3884
5114
1291
2833
3507
4145
1949
2862
3406
4852
2001
2162
3954
4676
1287
2054
3736
4982
1588
2162
3605
4839
2001
2696
3380
4305
2008
2419
3373
4696
1857
2788
3870
4251
1588
2253
3470
5040
2028
2419
3333
4324
1714
2820
3316
4891
1209
2907
3414
4817
2028
2608
3526
4676
1949
3043
3738
4299
1759
2054
3467
4660
1291
2868
3870
4436
1209
2083
3424
4661
1426
2176
3384
4800
1287
3043
3380
4244
1291
2054
3384
4710
2007
2467
3825
5049
1315
3007
3965
4334
1945
2399
3216
5013
1949
2912
3373
4588
1209
2421
3380
5110
2028
2789
3478
4700
1949
2788
3438
4817
1905
2933
3967
4560
1955
2881
3209
4927
1949
2165
4053
4900
1764
2629
3418
4786
1815
2607
3496
5058
1179
2564
3982
5047
1969
2528
3728
5094
2028
2907
3437
4477
1720
2419
3787
4284
1949
2462
3778
5047
1966
2097
3649
4860
1317
2430
3486
4601
1949
2398
3237
4985
1209
3007
3843
4979
1287
3000
3887
4456
1589
2869
3507
5079
1585
2421
3843
4845
1481
2097
3660
4817
1764
2093
3437
4919
1914
2766
4094
4346
2028
2407
3182
4412
1589
2097
3729
4844
1905
2510
3335
4844
1368
2421
4053
4918
1775
2419
3880
5011
1287
2800
3585
4482
2025
2253
4042
4942
1949
2701
3887
4398
1585
2398
3787
4120
1554
2883
3843
4434
1587
2478
3335
4720
1585
2939
3778
4955
1481
2945
3235
4398
1831
3007
3891
4678
1857
2671
3280
4889
1481
2767
3890
4755
2025
2528
3890
4624
1519
2627
3237
4678
1368
2421
3728
4346
1815
3008
3839
4955
1720
2767
3940
5114
1317
2936
3706
4201
1815
2374
3935
4283
1589
3012
3268
5049
1298
2727
3715
4460
1317
2510
3933
5096
2025
2564
4055
4860
1585
2985
3951
4412
1807
2947
3333
5096
1589
2818
3078
4931
1905
2944
4072
4983
1759
3000
3385
4931
1230
2154
3378
4338
1396
2579
3964
4970
1257
2255
3202
4547
1083
2510
3689
4351
1936
2579
4091
4856
1083
2485
3198
4150
1703
2062
4074
4966
2032
2881
3742
4464
1771
2430
3486
4970
1771
2939
3576
4307
1828
2224
3888
4227
1637
2277
3098
5075
1216
3028
3881
4845
1771
2859
4055
4419
2006
2165
3297
4917
1771
2815
3156
4443
1940
3007
3525
4636
2001
2877
3579
4880
2006
2800
3369
4173
1771
2649
3388
4605
2001
2190
3719
4334
1637
2284
3216
4628
1703
2820
4039
4274
1936
2674
3109
4322
1947
2613
3331
4346
2032
2820
3881
5087
2032
2788
3521
4470
1771
2971
3459
4713
1936
2642
3647
4715
2006
2702
4056
4113
1982
2874
3901
4379
1216
2649
3940
4810
1703
2771
3297
4332
1610
2607
3487
4949
1396
3000
3713
4862
1216
2800
3107
4120
1083
2093
3982
4792
1216
2097
3970
4604
1936
2702
3217
4339
1519
2133
3216
4969
1857
2350
3818
4474
2001
2119
3419
4702
1925
2647
3862
4138
1940
3041
3592
4855
2032
2949
4053
4588
1966
2579
3781
4604
1047
2330
3596
4774
1936
3007
3384
4903
1982
2702
3526
4411
1764
2133
3919
4332
1982
3007
3912
4250
1930
3050
3073
4144
1610
3055
3672
4660
1564
3041
3839
4971
1936
2567
4094
5108
1216
2350
3428
5018
1936
2582
3154
4551
1606
2423
3738
4931
2032
2419
3572
5089
1519
2350
3684
4170
1940
2148
4079
5077
1216
2564
4059
4615
1585
2944
3783
4757
1925
2850
3268
4346
1636
2224
3706
5049
1669
2123
3088
4715
1216
2942
3595
4549
1947
3009
3280
5108
1669
2270
3307
4838
2001
2618
3424
4431
1947
2350
3243
4800
1975
2863
3174
4784
1479
2946
4023
5095
1412
2588
3973
4914
1610
2223
3764
4247
1479
2544
3900
4490
1191
2677
3927
4712
1982
2366
3467
4676
1661
2133
4024
4360
1705
2967
3421
4717
1263
2070
3176
4133
1963
3069
3314
4983
1703
2321
3839
4218
1250
2202
3644
4160
1705
2833
3377
4603
1838
2180
3699
4740
1263
3050
3551
4931
1409
2862
4032
4138
1824
2612
3401
4548
1610
2314
3535
4305
1057
2430
3229
4699
1824
2781
3392
4838
1788
2945
3199
4334
1565
2862
3743
4751
1409
3047
3559
5041
1610
2933
3304
4839
1915
3041
3148
4872
1838
2546
3704
5063
1669
2933
3256
4242
1705
2801
3652
4262
1743
2874
3304
4332
1709
2721
3581
4510
1915
2448
3674
4862
1291
2833
3478
5068
1669
2863
3340
5040
2045
2423
3595
4271
1982
2083
3945
4873
1610
2665
3924
4575
1998
2748
3073
4351
1263
2169
3699
4717
2006
2464
3090
5011
1936
2642
3276
4763
2008
2360
3447
4097
1982
2689
3736
4421
1998
2268
3933
4681
1263
2394
3743
4889
1966
2321
3784
5079
1703
2321
3333
4272
1993
3008
3945
4855
1159
3055
3751
4653
1998
2999
3824
4834
2028
2564
4042
4242
1299
2088
3888
4583
2001
2445
3535
4681
1918
2694
3522
4332
1057
2309
3619
4817
1764
2536
3727
4554
1788
2616
3940
4835
2032
2088
3270
5020
1703
2538
3887
4245
1759
2416
3987
4801
1998
2989
3535
5090
1291
2224
3447
5114
1982
2403
3795
4132
1925
3047
3937
4727
1743
2478
3310
4335
1759
2528
3912
4763
1998
2531
3815
4251
1188
2165
3951
4431
1947
2544
3880
4335
1703
2837
3682
4810
1743
3007
3807
4860
1759
2455
3933
4972
1838
2751
3672
4782
1592
2639
3743
4112
1257
2550
3281
4736
1083
2837
3596
4151
1610
2740
3436
4951
1915
2874
3616
4492
1838
2875
3652
4307
1828
3024
3166
4553
1409
2753
3615
4608
1565
2430
3622
4610
1610
2771
3888
5087
1915
2868
3890
5119
1838
2764
3690
4182
1216
2752
3970
4205
2001
2347
3357
4175
1216
2186
3146
5003
1610
2590
3377
5026
1998
2284
3993
5040
1666
2230
3907
4854
1982
2588
3694
4334
1703
2321
3638
4346
1513
2130
3198
5089
1610
2788
3699
4613
1998
2912
3554
4332
1750
3050
3743
4335
2006
3050
3869
4601
1703
2728
3818
4844
1993
2505
3632
5077
1159
2344
3674
4983
1211
2230
3919
4612
1263
2267
3335
4802
1947
3043
4024
4983
1874
2350
3807
4256
1610
2629
3976
4605
1746
2454
3649
4720
1838
2779
3388
5087
1666
2230
3970
4367
2001
2088
3216
5040
1480
2748
3293
4332
1610
3007
3698
4322
2001
2097
3182
4393
1839
2455
3166
4260
1788
2762
3783
5087
2001
2966
4055
4732
1094
2833
3699
4741
1947
2130
3659
5040
1998
2966
3689
4362
1291
2788
3647
5056
2028
2580
3684
4948
1820
2949
3182
4384
1788
2350
3202
4844
2006
2097
3668
4906
1998
2552
3293
4405
1291
2531
3783
4971
1857
2325
3185
4715
1588
2347
3327
4145
1993
3007
3710
4109
1979
2165
3585
4858
1998
2612
3783
4498
1788
2607
3304
4606
2006
2727
4008
4224
1588
2738
3546
4998
1743
2398
3111
4950
1057
3055
3478
5096
1764
2972
3652
4861
1788
2727
3870
5058
2028
2088
3815
5110
1588
2091
3768
5011
1558
2748
3818
5096
2001
2829
3704
4190
1764
2250
4030
4829
1949
2771
3783
4817
1798
2789
3136
4644
2001
2887
3862
4422
1759
2767
3623
4855
1287
2176
3715
4855
1764
2848
4042
4221
1481
3050
3120
4349
1585
2088
3447
4243
1743
2972
3304
4751
1759
2788
3925
4855
1998
2505
3280
4412
1764
2767
3719
4955
2006
3000
3114
4864
1585
2350
3428
4855
1743
2735
3925
5040
1947
2528
3909
4613
1764
2775
3807
5114
2001
2300
3870
4315
1947
2728
3325
4974
1949
2560
3872
4766
1759
2735
3280
4305
1287
2726
3985
5096
1291
2880
3209
4817
1788
2607
3978
4925
2028
2088
3525
4631
1588
2672
3862
4379
1979
2165
3649
4801
1287
2411
3335
4924
1764
2775
4053
4176
2028
2419
4042
5047
1815
2100
3772
4113
1743
2054
3621
4653
1759
2990
3539
4655
1287
2935
3634
4313
1764
2776
3710
4817
1905
2176
3876
4720
1966
2088
3559
4299
1554
2350
3880
4173
1759
2262
3335
4497
1287
3043
3868
4460
1188
2735
3909
4215
1481
2990
3447
4942
1588
2979
3176
5089
1743
2701
3133
4507
1759
2607
3087
4117
1835
2528
3133
4830
1291
2506
3623
4337
1587
2990
3623
4983
2001
2088
3907
4583
1558
2841
4053
4936
1331
2430
3940
4181
1998
2848
3778
4873
1585
2771
3710
4942
2025
2419
3577
4151
1588
2398
3327
4366
1694
2191
3352
4175
1979
2148
3810
4456
1835
2793
3377
4175
1857
2443
4004
5046
1815
2419
3887
4145
1947
2800
3440
4200
1694
2989
3623
4763
1287
2411
3690
5029
1291
2180
3419
4498
1317
2325
3530
4460
1798
2093
3712
4749
1949
2350
3764
5059
1558
2544
3365
4432
1094
2601
3497
4891
1291
2564
3388
4232
1905
2844
3647
5048
2001
2979
3649
4346
1250
2264
3315
4195
1975
2206
3083
4128
1257
2601
3953
4607
1396
2997
3259
4905
1396
2355
3924
5096
1874
2344
3554
4474
1250
3007
4064
4802
1930
2148
3724
4971
1838
2148
3431
4609
1396
2274
3192
4613
1828
2989
4013
4967
