151
205
60
451
249
193
792
475
399
792
305
211
399
211
399
977
697
281
281
952
931
49
49
211
879
829
61
341
562
242
562
332
205
60
731
451
249
193
326
412
969
88
969
399
969
446
969
109
911
10
911
861
727
727
879
508
879
691
1010
691
727
879
829
691
911
691
911
48
211
691
211
879
1010
691
727
691
1010
691
1010
691
911
4
441
341
560
727
727
691
727
727
691
727
727
727
290
829
403
51
241
341
341
562
242
135
768
562
562
242
562
242
429
733
767
135
451
249
459
211
399
403
459
1010
691
1010
691
70
691
33
52
320
731
451
249
211
699
211
335
341
341
636
341
341
51
24
117
567
249
97
249
374
211
396
969
491
341
562
189
1011
710
298
205
320
389
420
792
475
792
894
54
56
508
812
54
56
969
676
439
48
249
500
792
446
792
559
146
985
146
446
969
446
969
4
911
571
508
389
359
54
508
359
54
559
969
879
969
446
1011
676
988
571
389
559
730
894
54
61
54
985
508
812
439
599
969
61
911
955
814
599
814
75
482
75
170
562
482
725
482
566
672
761
52
767
906
460
211
758
211
758
211
758
508
985
211
109
211
336
205
484
906
460
792
49
211
446
977
446
977
879
211
109
977
733
281
567
906
460
211
49
870
829
985
211
985
812
155
712
336
205
60
731
451
249
475
792
190
792
399
863
598
863
863
691
969
4
911
48
1010
691
691
1010
868
868
868
691
691
691
1010
691
4
4
4
1010
691
691
691
1010
1010
691
725
691
1010
691
1010
691
1010
4
4
691
1010
691
1010
691
1010
691
1010
691
691
1010
1010
326
135
459
403
691
691
691
1010
691
1010
691
691
1010
691
658
135
205
320
731
451
249
49
70
305
969
879
969
691
155
691
341
281
441
731
249
460
249
49
792
691
969
41
691
969
691
969
332
205
281
731
460
249
812
792
399
792
879
969
812
238
709
597
1011
298
320
389
451
389
475
792
56
54
56
54
56
54
56
54
82
911
48
249
500
249
56
792
56
969
56
211
56
969
459
969
676
911
911
571
389
359
54
399
54
399
969
459
969
459
969
233
4
988
571
389
942
359
792
359
54
399
54
459
525
399
672
812
146
725
911
446
133
977
399
61
418
977
446
482
562
482
761
482
703
320
731
451
931
374
211
459
477
1535
2980
3929
4354
1535
2443
3393
4933
1555
2905
3475
4939
1567
2234
3094
5070
1565
2601
3608
5090
1838
2723
3209
4990
1832
2516
3599
4248
1998
2240
3722
4419
1996
2333
3201
4183
1931
2371
3745
4990
1674
2199
4016
4990
1392
2971
3101
4575
1812
2266
3994
4442
1191
2371
3315
4306
1604
2391
3517
4302
1606
2383
3520
4463
1564
2057
3872
4544
1982
2521
4077
4915
2024
2383
3630
4687
1920
3070
3641
4625
1516
2619
4000
4478
1403
2936
3475
4999
2045
2971
4000
4488
1993
2333
3907
4197
1057
2460
3462
4179
1996
2552
3104
4313
1535
2786
3919
4906
1565
2333
3598
4813
1565
2090
3669
4164
1427
2670
3506
4821
1427
2122
3506
4971
1838
2979
3654
4478
1631
2257
3241
4706
1813
2811
3855
4274
1410
2971
3925
4139
1410
2333
3925
4509
1367
2577
3552
5010
1161
2257
3576
4919
1565
2443
3133
4615
1664
2255
4039
4970
1764
3035
3300
5112
1764
2833
3182
4990
1583
2313
3870
4618
1867
2905
4039
4819
1635
2582
3915
4482
1755
2800
3881
4335
2032
2905
3649
4800
1788
2564
3921
4889
1993
3007
3928
4843
1681
2403
3126
4896
1824
2529
4019
5090
2045
2082
3855
5009
1211
2314
4032
4873
1915
2215
3907
4335
1581
2953
3623
4553
1029
2462
3949
4106
1664
2393
3889
4127
1920
2109
4010
4440
1915
2226
3872
4548
1743
2462
3729
4458
1427
2591
3607
4621
1838
2307
3709
4767
1410
2238
3773
4502
1369
2460
3884
4953
1750
2196
3677
4977
1838
2215
3878
4195
1057
2333
3598
4631
1369
2786
3834
5047
1565
2837
3710
4299
1785
2723
3825
4676
1410
2451
3964
5029
1610
2619
3607
4885
1565
3005
3073
4153
1838
3005
3270
4244
1594
2529
3419
4767
1367
2388
3684
4900
1217
2498
3422
4648
1291
3009
3460
5003
1998
2463
3292
4410
1369
2498
3702
4721
1557
2321
4053
4891
1291
2712
3237
4586
1998
2890
3704
5027
1759
2697
4035
4494
1993
3005
3094
5047
1838
3005
3373
4478
1354
2859
3684
4414
1610
2261
3438
4484
1743
2467
3284
5027
1427
2859
4035
4746
1764
2905
3601
5095
1057
3069
3419
4957
1993
2105
3903
5047
1664
2820
4077
4455
1838
2589
3288
4817
1410
2979
3684
4766
1367
2257
3881
4575
1664
2889
3984
4873
1631
2257
3539
5108
1410
2883
3796
4817
1780
2787
4092
4509
1664
2360
3086
4931
1418
2484
3504
4766
1998
2940
3482
4856
1610
2828
3261
4546
1217
2813
3366
4817
1418
2257
3307
4416
1998
2529
3952
5108
1410
2986
4032
5027
1993
2564
3576
4165
1664
2314
3684
4335
1998
2529
4007
4150
1410
2313
3504
4612
1798
2712
3502
4338
1427
2243
3641
4494
1764
2890
3424
4893
1410
2398
3997
4335
1367
2257
3843
4211
1664
2591
3335
4471
2017
2529
4053
5027
1410
2399
3335
4414
1610
2700
3883
4412
1753
2897
3903
4662
1418
2448
3684
4103
1410
2660
3382
4338
1161
2343
3984
4513
1798
2905
3889
5027
1838
2179
3111
4402
1284
3035
3477
4680
1610
2968
3441
4710
1993
2968
4077
4628
1664
2119
3104
4320
1896
2459
3077
4477
1759
3005
3446
4119
1993
2828
3487
4098
1664
2820
3881
4168
1813
2922
3876
4437
1410
2383
3673
4829
1161
2791
4077
5027
1664
2478
3984
4931
2017
2529
3862
4654
1410
2552
3274
4422
1161
2619
3684
4414
1664
2478
3949
5027
1631
2445
3984
4613
1191
2964
3603
4171
1161
2944
3966
4414
1161
2966
3982
4414
1565
2791
3478
4320
1635
2828
3303
4717
1690
2693
3095
4592
1867
2290
3741
5096
1755
2320
3904
4465
1755
3012
3554
4364
1867
2463
3551
4454
1396
2860
3862
4957
1755
2628
3745
5011
1931
2884
3862
4814
1867
2883
3804
4961
1651
2791
3659
4370
1583
2398
4077
4739
1867
2800
3824
5096
1626
2905
3884
5027
1519
2463
4035
5069
1755
2054
3802
5011
1626
2905
3098
4970
1218
2564
3504
4965
1755
2097
3747
4369
1837
2535
3887
4741
1056
2212
3738
4122
1560
2746
3743
4708
1931
2619
3478
4937
1354
2266
3104
4157
1367
2584
3682
5028
1664
2082
3819
4512
1057
2829
3976
4987
1993
2850
3603
4478
1191
2544
3104
4436
1367
2964
3662
4460
1427
2162
3366
4843
1410
2088
3414
4178
1059
2314
3728
4937
1354
2406
3721
4300
1558
2529
3502
4579
1664
2466
3984
4921
1057
2905
3208
4202
1993
2968
3384
4370
1838
2219
3727
5047
1558
2463
3984
4705
1664
2677
3930
4338
1270
2097
4083
4363
1250
2905
3136
4684
1418
2148
3660
4478
1535
2926
3889
4620
1191
2880
3274
5069
2032
2837
3498
4103
1403
2117
3498
5042
1896
2774
3745
5074
1830
2224
3966
4906
1812
2964
3883
4988
1705
2459
3672
4676
1263
2966
3414
4469
1161
2326
4077
4412
2003
2883
3581
4917
1516
2531
4077
4852
1410
2991
3424
5108
1635
2374
3961
4707
1354
2257
3728
5069
1161
2054
3728
4650
1610
2968
4072
4691
1161
2119
3930
4134
1523
2925
3095
4820
1896
3055
3235
4855
1161
2857
3984
5040
1564
2820
3185
5013
1410
3008
3777
4833
1555
2463
3366
4278
1567
2477
3081
4559
1565
2313
3813
4492
1664
3012
3971
4171
1788
2283
3966
4966
1057
2249
3970
4334
1996
2399
4077
4249
1846
2147
3504
4410
1824
2712
3778
4618
1666
2623
3403
4337
1250
2746
3365
4346
1896
3035
4042
4743
1940
2512
3101
4098
1583
2869
4053
4339
1755
2628
3880
4784
1867
2990
4007
4320
2003
3035
3585
4103
1635
3032
3778
4494
1583
2820
3649
4733
1659
2820
3868
4320
1925
2267
3961
4397
1925
3047
3735
4990
1886
2544
3188
4763
2028
2905
3869
4654
1437
3071
3424
4143
1909
2121
3500
4640
1868
2964
3887
4501
1915
2717
3263
4258
1270
2941
3467
4447
1920
2971
3572
4145
1737
2738
3772
4618
1996
2728
3807
4335
1567
2093
4035
4501
1993
2464
3949
4995
1782
2815
3115
4583
1947
2568
3803
5081
1824
2421
3133
4468
1936
2156
3735
4376
1813
2250
3551
4808
1813
2672
3966
4244
1813
2407
3413
5096
1838
2980
3567
4692
1998
2320
3094
4203
1920
2672
3766
5047
1996
2283
4064
4447
1751
2869
4002
4797
1565
2953
3188
4526
1993
2616
3839
4150
1161
2980
3247
4414
1824
2989
3631
4307
1191
2912
3274
4743
1564
2788
3133
4788
1813
2531
3870
4561
1709
2623
3508
4751
1813
2259
4029
4478
1998
2623
3740
4286
1920
2787
3082
4977
1664
2822
3649
4127
1996
3028
3597
4696
1753
2949
3649
4653
1993
2649
4055
4103
1161
2789
3526
4509
1161
2530
3888
4639
1270
2452
3810
4852
1410
3047
3778
4140
1813
2659
4004
4999
1813
2966
3460
4405
1813
2672
3649
4487
1813
2560
3107
4567
1846
2093
3104
4509
1354
2320
3094
4692
1664
2697
3843
4939
1565
2412
4052
4856
1753
2691
3525
4898
1718
2535
3280
4916
1782
2378
4014
4583
1610
2700
3231
4412
1610
2883
3878
4994
1651
2097
3810
4126
1915
2478
3517
4788
1813
2602
3365
4741
1813
2456
3217
5064
1824
2455
4056
4990
1666
2883
4028
4692
1920
2282
3649
4346
1635
2626
3094
4714
1565
2953
3734
4483
1250
2825
3581
4469
1993
2344
3333
4495
1161
2979
3796
4357
1057
2412
3365
4490
1410
2644
3764
4567
1813
3023
3598
4894
1813
2735
3508
4890
1813
2876
4036
4597
1824
3065
3209
4508
1152
2604
3175
4702
1838
2424
4094
4629
1664
2168
3710
4629
1565
2774
3254
4987
1565
2079
3791
4563
1565
2079
4029
5047
1250
2079
4005
4468
1610
2340
3551
4305
1410
2561
3237
4741
1410
2792
3953
5094
1813
2792
3722
5023
1813
2457
3890
4203
1813
2793
3177
4253
1617
2781
3473
4246
1664
2378
3208
4797
1931
2382
4077
4173
1664
2284
3694
4897
1565
2176
3909
4931
1565
2905
3841
4456
1940
3047
3491
4599
1161
2175
3977
5064
2003
2206
3928
4911
1270
3034
3995
4985
1813
2219
3177
4926
1535
2082
3966
4792
1604
2775
3208
4226
1813
2419
3297
4478
1838
2796
3870
4442
1936
2048
3816
4648
1753
2048
3887
4340
1936
2869
3740
4519
1351
2225
3126
4792
1606
2457
3862
4304
1209
2457
3577
4678
1606
2249
3434
4961
1351
2355
3955
4743
1674
2802
3724
4411
1637
2833
3988
4927
1940
2260
3080
4629
1982
2260
3997
4180
1351
2609
3816
4931
1707
2833
3406
4161
2032
2844
3994
4873
1940
2912
3524
5110
1674
2928
3176
4621
1250
2857
3879
4735
1635
2253
4077
4197
1626
2906
3854
4829
1874
2857
3215
4692
1191
2535
3758
4872
1217
2568
3149
4299
1037
2642
3773
4215
1427
2642
3694
5047
1664
2057
3259
4289
1664
2455
3591
4673
1631
2825
3120
4447
1631
2764
3523
4447
1813
2412
3727
4481
1631
2324
3965
4502
1631
2457
3358
4190
1813
2294
3106
4299
2010
2746
3337
4776
1410
2837
3104
4860
1410
2240
3111
4738
1057
2789
3470
4508
1410
2724
3253
4532
1410
2863
4024
4722
1367
2257
3474
4536
1979
2463
3710
4536
1367
2478
3246
4993
1782
2940
3990
4162
1565
2620
3715
4720
1753
2223
3463
4782
1354
2108
3672
4478
1597
2561
3716
4640
1037
2257
3446
4446
1427
2892
3639
4409
1051
2460
3202
4397
1838
2412
3677
4561
1813
2906
3104
5026
1915
2968
3831
4476
1410
2735
3491
4939
1367
2971
3851
4817
1367
3012
3615
4947
1565
2818
3365
4374
1565
2789
3149
4362
1664
2419
3671
4873
1418
3000
3862
4414
2017
2971
3693
4641
1838
2678
3704
4806
1813
2568
3388
4281
1410
2914
4077
4249
1367
2215
3514
4335
1782
2064
4014
4519
1664
2386
4089
4442
1996
2857
3473
4977
1635
2462
3104
4799
1812
2393
3743
4575
1837
2459
4000
5024
1631
2257
3844
5029
1813
2789
3876
4414
1813
2412
3727
4197
1284
3038
4032
4414
1915
2521
3677
4729
1410
2215
4077
4335
1410
2393
3259
4335
1057
2905
3965
4733
1403
2989
4005
4414
1652
2419
3504
4111
1610
3069
3100
4414
1367
2764
3406
4567
1993
2905
3500
4183
1993
2360
3523
5037
1743
2223
3506
4817
1743
2971
3887
4817
1743
2801
3964
4501
1588
2612
4077
4652
1521
2791
3504
4494
1455
2297
3080
4706
1691
2380
3775
4251
1612
2812
3216
4320
1838
2313
3216
4782
1689
2487
3422
4367
1784
2060
3450
4703
1896
3035
3845
4251
1935
2741
3739
4381
1785
2971
3505
4792
1583
2313
3406
4873
1849
2223
3557
4990
1191
2371
3257
4360
1209
2986
4077
4713
1838
2914
3868
4474
1689
2971
3582
4792
1674
2274
3791
5036
1057
2906
3365
4289
1993
2691
4014
5105
1838
2607
3366
4671
1610
2157
3297
4615
1996
3066
3216
4408
1057
2462
3918
4249
1666
2380
3100
4765
1758
2462
3743
4817
1743
2971
3419
4320
2017
2460
3647
4627
1610
2343
3933
4122
1664
2837
3542
4891
1191
2811
3984
5045
1993
3005
4070
4539
1838
3005
3270
4402
1403
2638
3876
4384
1263
2225
3984
4600
1270
2964
3684
4684
1263
2905
4074
5026
1354
2257
4048
4861
1993
2196
3388
4270
1838
2589
3727
4132
1403
2989
3335
4414
1996
2869
3603
4299
1896
2354
3370
4911
1250
2516
3673
4220
2017
3005
3999
4819
1367
2257
3684
4320
1664
2837
3862
4320
1057
2850
3721
5027
1993
2905
3603
4739
1764
2109
4077
4484
1610
2619
3274
4824
1664
2677
3984
4099
1410
2088
3504
4349
1263
2589
3842
4721
1354
2061
3554
5108
1161
2429
3984
4526
1838
3005
4008
4755
1759
2829
3576
4831
1664
2677
3603
4616
1354
2257
3690
4196
1993
2612
3603
5047
1211
2208
3844
4620
1896
2126
3984
4815
1664
2531
4083
4220
1354
2989
3400
4414
1993
2905
3856
4220
1838
3023
3984
4782
1403
2638
3706
4539
1516
2424
3845
4360
1896
2601
3335
4220
1993
2314
3107
4539
1838
2944
3984
4905
1161
2738
3745
4220
1664
2897
3422
4861
1191
2964
3430
4782
1993
2270
3307
4494
1764
2837
3849
4455
1367
2399
3662
4418
1996
2693
3671
4661
1940
2484
3984
5078
1993
3005
3176
4861
1838
2274
3984
4924
1367
2257
3080
4604
1263
2905
3094
4684
1354
2270
3829
4656
1250
2270
3473
5007
1291
2905
3382
4320
1410
2884
3876
4727
1666
2740
3984
4558
1354
2972
4083
4509
1367
2644
3143
4788
1838
2699
3984
4210
1057
2940
3970
4320
1250
2771
3409
4726
1354
2990
3447
5000
1367
2693
3304
4457
1664
2905
3158
4663
1270
2208
3839
5047
1250
2589
3609
5027
2017
2939
3739
4821
1161
2964
3095
4171
1849
2890
3413
4180
1057
3071
3259
4304
1635
3069
4088
4414
1764
2723
3781
4740
1161
2568
3997
5010
1664
2330
3578
5007
1354
2219
3608
4197
1993
2249
3862
4853
1583
2907
3511
4589
1410
2344
3603
4197
1664
2531
4077
4924
1940
2883
3603
4402
1993
2905
3111
4127
1764
2248
3982
4211
1410
2818
3595
4543
1788
3005
3845
4119
1354
2544
3743
4633
1964
2580
3473
4592
1964
2252
3796
4862
1610
2250
3641
5097
1211
2868
3603
5041
1191
2967
4017
4859
1661
2274
4077
4999
1410
2636
3603
4226
1915
2234
3715
4483
1410
2399
3829
4305
1410
2788
3774
4633
1403
2638
3994
4497
1367
3046
3137
4478
1367
2997
3662
4897
1782
3069
3825
4726
1217
2968
3545
4993
1664
2890
3539
4861
1838
2626
3539
4136
1998
2165
3745
4197
1367
2746
3176
4414
1798
2463
3454
4871
1588
2607
3705
4919
1664
2693
3845
5032
1764
2883
3696
4220
1813
2090
3602
4942
1635
2528
3705
4947
1635
2914
3834
4497
1367
3022
3428
4999
1504
2714
3336
4414
1217
2965
3236
4859
1664
2607
3924
4599
1418
2257
3577
4740
1838
2521
3639
4860
1998
2272
4085
4389
1410
2922
3603
5028
1410
2936
4093
4414
1610
3012
3185
4662
1743
2333
3552
4828
1782
2208
3781
4665
1664
2147
3530
4139
1418
2996
3539
4414
1291
2498
3498
4942
2017
2693
3307
4255
1998
2097
3366
4360
1410
3012
3608
5108
1410
2726
3552
4195
1610
2905
3774
4820
1798
2529
3436
4911
1521
2498
4094
4636
1664
2225
3603
5095
1838
3012
3996
4539
1270
2064
3310
4772
1812
2715
3661
4729
1367
2364
3363
4408
1367
2697
4064
4487
1250
2552
3856
4307
1250
2766
4063
4320
1424
2360
3094
4559
1565
2800
3600
4442
1565
2485
4004
4215
1565
3070
3097
4156
1565
2627
3540
4728
1664
2399
3747
4397
1664
3057
3743
4337
1838
2996
3815
4921
1631
2147
3505
4967
1813
2907
3158
4171
1813
2601
3094
4454
1764
2967
3870
4414
1391
2868
3883
4119
1287
2442
3307
5079
1410
2393
3388
4414
1759
3069
3876
4589
1806
2535
4076
4250
1246
2521
3213
4963
1560
2464
3504
4324
1567
2276
3511
4412
1610
2424
3739
4164
1250
2740
3610
4717
1597
2883
3443
4317
1993
2925
4065
4320
1940
2922
3682
4407
1918
2946
3660
4567
1211
2868
4022
4487
1936
2986
4019
4567
1838
2245
3659
4606
1403
2682
3845
4732
1839
2507
3999
5034
1610
2176
3414
4629
1996
2540
3595
4202
1436
2963
3261
4952
1263
2424
3967
4739
1828
2811
3766
4563
1263
2175
3976
5047
1191
2714
3434
4456
1982
3061
3735
4424
1998
2997
3872
4743
1993
2990
3976
4197
1211
2738
3502
4445
1161
2727
4032
4801
1838
3055
4029
4285
1403
3069
3426
4414
1838
2608
3737
4487
1800
2672
3719
4639
1996
2642
3185
5096
1270
2219
3870
4432
1263
2651
3522
4937
1825
2699
3504
5003
1250
2644
3660
4603
1191
2320
3446
4911
1606
2850
3526
4792
1838
2219
3649
5047
1751
2875
3253
4782
1996
2829
3978
4193
1610
2825
3300
4853
1424
2642
3340
5047
1558
2529
3924
4175
1996
2953
3104
4125
1867
2925
3123
4236
1753
3023
3639
4439
1057
2424
3735
4457
1984
2249
3843
4193
1606
2820
3315
4468
1438
2864
4014
4732
1191
2371
3981
4952
1480
2623
3791
4345
1452
2883
3884
4459
1610
2443
3508
4501
1839
2962
3107
4456
1583
2527
3373
4478
1666
3063
3107
4890
1403
2787
3961
4739
1996
2253
3791
4447
1452
2097
3950
4468
1664
2591
3178
4843
1896
2424
3436
4817
1059
2326
3123
4465
1392
2277
3758
4717
1161
2930
3504
4126
1354
2777
3773
4715
1610
2498
3384
4929
1764
2667
3602
4193
1161
2880
3473
4504
1996
2436
3747
4659
1403
2857
3634
4788
1664
2292
3919
4508
1747
2096
3149
5043
1849
2962
3934
4972
1237
2822
3369
4713
1250
3000
3517
5037
1998
2498
3766
4525
1250
2127
4020
4262
1354
2887
3413
4501
1250
2792
3494
4661
1838
2674
3100
4860
1403
2889
3910
4661
1838
2452
3843
4994
1367
2792
3218
4965
1838
2905
3982
4376
1403
2478
4053
4817
1263
2905
3810
4744
1610
2402
3369
4414
1263
2905
3088
4629
1191
2424
3754
4412
1846
2933
4079
4414
1354
2206
3497
4453
1250
2724
3977
4457
1354
2868
3870
4788
1367
2320
3862
4478
1354
2180
3092
4925
1403
2963
3238
4426
1664
2914
3080
4544
1367
2324
4000
4126
1838
2419
3388
4144
1606
2343
3735
5011
1753
2093
3997
4193
1813
2811
3581
4960
1516
2168
3816
4447
1191
2678
3335
4965
1940
2412
3880
4295
1410
2560
3504
5106
1993
2963
3721
5079
1982
2920
3868
4478
1250
2064
3872
4563
1838
2701
3202
4861
1564
2682
3310
4855
1351
2856
3304
4782
1583
2912
3182
4408
1410
2062
3649
4281
1564
2564
3862
4497
1610
2565
3335
4540
1940
2429
3764
4465
1800
2857
3253
5024
1782
2817
3088
4305
1427
2088
3177
4788
1635
2590
3383
4817
1418
2914
3504
4905
1410
2511
4077
4763
1516
2665
3182
4337
1769
2257
3983
4249
1666
2619
3931
4776
1626
2883
3735
5059
1993
2255
3727
4919
1191
2879
4077
4817
1993
2693
3464
4459
1798
2829
3997
4183
