310
198
698
480
698
698
136
698
646
543
270
443
82
788
469
788
788
469
392
162
788
520
392
46
469
788
469
290
469
469
392
469
469
392
788
469
469
788
469
788
788
469
902
469
469
788
469
260
788
469
469
902
788
469
392
392
788
46
469
46
469
788
46
469
788
290
46
46
378
469
392
469
788
788
469
392
469
788
392
469
469
788
788
469
392
788
998
430
224
127
224
127
186
71
788
468
469
469
657
788
788
430
417
646
218
218
416
71
846
486
555
716
957
797
893
218
225
218
414
847
71
71
82
71
998
480
417
227
93
127
416
416
226
539
127
136
788
136
554
554
136
136
136
554
186
119
71
71
71
206
206
555
797
957
186
788
71
469
71
846
175
224
127
136
554
554
136
554
136
554
893
136
646
136
554
554
554
554
469
788
136
554
136
554
646
37
846
561
194
136
554
554
554
136
554
538
554
554
554
554
554
554
554
554
554
554
554
554
554
554
554
554
788
554
554
554
554
82
554
554
554
136
554
554
469
554
554
554
554
554
554
554
554
554
554
136
180
469
554
554
893
554
554
893
554
554
554
136
554
554
554
806
554
554
554
554
554
538
554
136
554
554
554
136
554
554
554
554
554
554
554
554
554
554
646
554
554
71
554
893
136
554
554
554
554
82
840
554
180
388
14
805
925
338
682
225
554
509
14
260
739
438
788
486
46
469
550
378
69
684
392
392
788
378
469
469
201
469
469
538
392
684
632
469
392
469
469
632
684
469
469
392
162
378
469
509
632
133
509
469
46
469
632
509
509
469
162
684
684
684
509
509
201
684
469
968
684
632
469
684
509
509
162
162
632
486
162
550
133
632
162
550
290
632
632
392
162
632
469
392
550
469
632
684
684
162
469
392
162
684
133
162
550
550
632
469
392
632
243
162
684
378
378
133
509
550
469
162
509
509
185
162
162
469
378
632
632
378
550
509
469
509
69
638
260
46
378
509
162
509
509
133
469
550
312
243
632
243
162
260
9
243
632
162
469
509
998
206
127
227
127
999
416
846
175
224
127
136
893
414
186
71
561
227
227
127
93
127
186
226
846
175
224
127
646
554
136
893
554
554
225
893
136
554
554
209
554
554
225
893
554
554
554
554
893
136
893
554
554
477
1828
2588
3325
4980
1669
3023
3974
4731
1949
2652
3912
4477
1216
2467
3403
4322
1216
2720
4010
4364
1828
2276
3301
4437
1637
2489
3959
4460
1669
2585
3525
4364
1669
2671
3966
5117
1949
2434
3110
4364
1925
3028
3642
4561
1828
2276
3396
4812
1828
2349
3327
4650
2001
2697
3642
4696
2001
2643
3783
4226
2001
2750
3469
4625
2025
2585
3715
5040
2028
2811
3603
4802
1925
2868
3903
4611
2025
2293
3843
4924
2028
2785
3182
4175
2028
2349
3912
4899
1589
2349
3740
4917
1925
2821
3870
5018
1094
3050
3447
4704
1831
3050
3264
4490
1216
2115
3937
4246
2025
3009
3890
5042
2025
3050
3928
4537
1299
3008
3730
4533
2028
2478
3745
5077
1831
2585
3913
4631
2034
3050
3182
4864
1949
2820
3325
4240
1347
2168
3373
4332
1299
2628
3291
4893
1299
2643
3783
4979
1481
2937
3095
4800
1831
2347
3929
4537
1949
2585
3358
4631
1925
2430
3515
4938
1347
2564
3291
4873
1771
2083
3909
4817
1216
2811
3965
4582
1216
2671
3376
4454
1097
2857
3903
4322
2034
2837
3921
4835
1778
2585
3719
5024
1867
2899
3719
4364
2025
2821
3492
4762
2025
3009
3745
5042
1831
2347
3890
5049
1831
2347
3843
4332
1480
2671
3325
5110
1480
3055
3291
5067
1589
2564
3903
4374
1831
3024
3978
4332
1949
2349
3075
5018
1216
2579
3901
5068
1831
2671
3818
4727
1831
3050
3935
4676
2028
2168
3372
4372
2032
2168
3476
4332
1299
2579
3974
4484
1216
2925
3126
4773
1949
2224
3870
4727
1949
2168
3783
4332
1949
3050
3966
5003
1949
2944
3921
4559
1396
2821
3978
5033
1216
2968
3928
4526
1347
2877
3817
4302
2028
2671
3715
4839
1867
3041
3338
4917
2001
2585
3323
4824
2001
2957
3903
4332
1097
2349
3715
4889
2001
2571
3224
4461
2001
2821
3719
4911
2001
2821
3676
4728
1973
2868
3469
5096
1969
3050
3264
4789
1299
2585
3952
4852
1299
2945
3270
4332
1347
2765
3950
4770
2001
2454
3924
4150
1216
2571
3675
4575
1396
2564
3903
4451
1299
3012
3937
4334
1828
2585
3901
4970
2035
2585
4088
4852
2001
2585
4054
4713
1554
2091
3935
5012
2001
2671
3843
4950
1396
2671
3843
4866
1519
2349
3567
4560
1519
2349
3175
4732
1969
2349
3413
4324
1299
2162
3180
4732
2001
2349
3275
4334
1396
2443
3719
4800
1083
2821
3250
5042
2028
2564
3413
4560
1949
3022
3130
4269
1519
2585
3903
4631
1519
2579
3437
5049
1299
2585
3606
4885
2001
2821
3810
4759
2025
2694
3965
4720
1409
2671
3673
4484
1831
2874
3291
4606
1409
2349
3903
4258
1911
2820
3725
4834
1097
2889
3291
4334
2028
2671
3997
5041
2045
2702
3311
4864
2001
2644
3291
4631
2025
2674
3784
4759
1396
2671
3999
5041
1703
2946
3291
4850
1519
2697
3903
4394
1554
2821
3736
4759
2001
2585
3778
4713
2001
2910
3847
4773
1409
2585
3743
4853
1047
2330
3959
4766
1299
2091
3515
4684
1969
2785
3870
4860
1969
2575
4059
4364
2001
2946
3291
4591
2001
2434
3115
5049
1984
2731
3297
4419
1683
2825
4090
4430
1812
2529
3861
4248
1597
2860
3930
5011
1812
2585
3603
5077
1597
3039
3978
4878
1812
3054
3603
4843
1597
2821
3809
4670
1299
2821
3577
4830
1216
2791
3338
4314
1519
2564
3903
4322
1587
2330
3719
4167
1925
2242
4079
4240
1299
2585
3764
4334
1682
2289
3515
4919
1828
2368
3372
4715
1949
2846
3365
4334
1925
2585
3126
4132
1831
2702
3783
4731
1409
2671
3673
4817
2025
2874
3903
4817
1257
3071
3367
4449
1396
2253
3586
4567
1396
2511
3320
4911
2045
2874
3224
4234
2045
2850
3921
4846
1396
2563
4041
4980
1984
2644
3372
4994
1406
3032
3148
4731
1409
2253
4042
4911
1949
2920
3367
4457
1209
2945
3604
4500
1461
2697
3406
4938
1669
2276
4022
4740
1209
3028
4095
4320
1409
2585
3396
4810
1209
2289
3817
4368
1209
2833
3413
4588
1937
2579
3642
4398
1209
2289
3224
4853
1874
2868
4032
4100
2045
2724
3130
4595
1937
2724
3651
4595
1209
2129
3840
4400
1461
2333
3647
4595
1209
2506
3984
4128
1937
2899
3413
4645
1674
2563
3729
4605
1519
2914
3830
4200
1949
2190
4053
4831
1264
2320
4008
4620
1831
2912
3198
4239
1216
2224
3270
5096
2046
2912
3935
4382
1044
3055
3642
4732
1445
2665
3675
4950
1597
2671
3719
5011
2032
2248
3119
4994
1583
2935
3119
4269
2001
2225
3516
4970
1396
2735
3515
5042
1396
2821
3933
5020
1396
2735
3338
4606
1626
2735
3778
4898
1555
2529
3959
4585
2001
2697
3413
4637
2001
2720
4019
4469
1409
2811
3959
4249
1396
2266
3275
4240
1455
2119
3934
4542
1718
2612
3485
4270
1445
3070
3297
4566
1985
2671
3729
5051
2045
2525
3791
4802
1984
2868
3764
4155
1396
2868
3231
4680
1396
2699
3462
4911
1452
3011
3367
4899
1409
2563
4077
5043
1812
3044
3982
4725
1703
2529
3952
4812
1626
2277
3660
4476
1455
2821
3098
4942
2032
2990
3311
4133
1409
2225
3930
4112
1409
2544
3088
4704
1682
2868
3311
4637
1585
2671
3168
4436
1299
3009
3372
4852
1867
2671
3673
4410
1299
3055
3372
5018
1299
2674
3747
4232
1299
2925
3959
4845
1824
2789
3374
5077
1351
2997
3718
4894
1351
2672
4095
4427
1209
2833
3620
4890
1874
2595
4008
4449
1674
2143
3126
4800
2001
2223
3291
4908
1606
2585
4091
4305
2028
2647
3189
4800
1949
2644
3870
4994
1669
2729
3592
4582
1949
2585
3671
5068
1216
2564
4004
4240
1480
2585
3903
5076
1347
2647
3997
4099
2008
2791
3126
4421
1751
3032
3493
4632
1480
2623
3642
4814
1597
2671
3549
4291
1626
2277
3824
4942
1396
2811
3764
4326
2032
2968
3210
4873
1812
3041
3311
4843
1857
2344
3349
4510
1396
2259
3210
4392
1583
2185
3210
4376
2032
2735
3461
4731
1812
2936
3372
4843
1597
2701
3461
4127
1396
2821
3708
4654
1867
3024
3993
4424
2001
3012
3536
4106
1409
2735
4090
4332
1409
2671
3413
5031
1409
2671
3577
4755
1409
2225
3311
4536
1867
2671
3965
4784
2032
2671
3660
4786
1083
2390
3264
4853
1452
3046
3210
5031
1985
2585
3193
4823
1597
2585
3810
4759
1824
2506
3372
4418
1396
2466
3461
5099
1703
2899
4090
4950
2001
2277
3300
4657
1984
2671
3951
4192
1778
2868
3934
4167
1564
2349
3297
4440
1523
2925
3965
4878
2045
2276
3577
4451
1985
2765
3264
4985
1828
2156
3739
4220
2001
2585
3413
4763
1452
2525
3515
4616
2006
2785
3914
4175
1409
2529
4056
4792
1216
2209
3115
4487
1257
2811
3291
4268
1867
2349
3914
4487
1396
3054
3320
4477
1778
2225
4045
4610
1409
2821
3596
4436
1216
2748
3942
4232
1396
2585
3951
4484
1409
2585
3825
4770
1396
2979
3515
4830
1812
2671
3951
4353
1409
2671
4056
4177
1626
2671
3749
4671
1396
2632
3291
5090
1778
3023
3529
4770
1669
2821
3582
4510
1216
2619
3304
5090
1396
2821
3234
4615
1669
2821
3868
5049
1828
2225
3959
5038
1396
2604
3494
5112
1669
2748
4072
4332
1828
2225
3804
4134
1452
2625
3818
4167
1669
2671
3107
5011
1519
2467
3304
4680
2032
3028
3264
4826
1669
2748
4072
4567
1669
2585
3596
4620
1396
2887
3462
4616
1452
2329
3531
4232
1812
2585
3471
4488
1452
2314
3515
4899
1626
2351
3148
4893
1519
2874
3304
4510
1452
2314
3291
4899
1409
2276
4008
4812
1409
2332
3291
4810
1409
2349
3924
4633
1831
3028
3839
4423
1626
2813
3644
4645
1867
2899
3504
4336
1409
2585
3542
4220
1396
2453
3515
4684
2032
2712
3673
4415
1452
2846
3327
4631
1828
2276
3810
4484
1452
3029
3311
4567
1651
2343
3323
5027
1828
2349
3847
4971
2045
2694
3999
4850
2001
2671
3868
4637
1216
2991
3413
4800
1409
2791
3999
4711
1409
3009
3747
4758
1216
2276
4088
4187
2001
2255
3381
4633
2001
3022
3515
4600
2001
2585
3413
4720
2045
2671
3603
4763
1867
3007
3843
4853
1396
2735
3887
4501
1257
2349
3439
4862
1867
2579
4072
4800
1669
2939
3810
4120
1216
2791
3904
4220
1396
2821
3270
4477
1669
2585
3952
4170
1867
3029
3951
4150
1409
2276
3515
4919
1635
2813
3504
4894
1635
3029
3781
4485
1452
2343
3259
4332
1669
2859
3311
4856
1778
2859
3130
4167
1925
2697
3542
4800
1867
2735
3504
4566
2045
2694
3904
4220
1867
2349
4091
4927
1461
2225
3739
4566
1867
2990
3730
4132
1409
2564
3515
4895
1452
3050
3834
5049
2045
2671
3684
4782
1409
2671
4090
4374
2028
2225
4053
4500
1606
2349
3999
5041
1452
2224
3751
4332
1519
2993
3224
4415
1452
2945
3338
4899
1896
2821
3740
4176
1452
2735
3180
4260
2001
2529
3924
5049
1867
2925
3515
4519
1626
2644
3822
4834
1635
3041
3398
4955
1445
2224
3955
4374
1669
2349
3596
4296
2032
2703
3310
4451
1867
2643
4019
4155
1216
2119
3180
4285
2032
2821
3729
4763
1216
2209
3747
4654
1519
3017
3740
4906
1828
3032
4054
5110
1583
2925
3372
4460
1828
2585
3747
4484
1828
2694
3804
5090
1216
2209
3978
4246
1669
3007
3802
4436
2032
2791
4072
4451
1216
2351
4087
4564
1519
2277
3824
4418
1828
2349
3904
4752
1452
2821
3582
4285
1867
3012
3959
4763
1828
2671
4008
5095
1867
2649
3624
4285
1409
2721
3515
5059
1452
2644
3148
5041
1480
2276
3148
4215
1480
2671
3834
4985
1635
2320
3727
4567
1583
2983
3198
4460
1583
2510
3264
4197
1452
2825
3951
4850
1409
2821
3096
4931
1480
3071
3604
4890
1949
3022
3115
4296
1949
2344
3952
5059
1669
2162
3603
4560
1880
2671
4008
4802
1519
2671
3919
4705
1583
2289
3778
5029
1216
2175
3311
4567
2045
2262
3515
4922
1925
2248
3291
4364
1635
3041
3335
4353
1480
3023
3180
4549
1523
2314
4054
4549
1925
2209
3778
4351
2028
2225
3951
4876
1635
2224
3504
4755
1635
2925
3504
5011
1519
2467
4054
4934
1669
2936
3737
4985
1519
2626
3111
4267
1519
2785
3778
5012
1452
2349
3783
4324
1703
2721
3974
4911
2035
2398
3951
4583
1867
2314
3730
4890
1480
2968
3778
4356
1949
2981
3462
4776
2032
2585
3088
4739
1905
2877
3202
4955
1519
2735
3310
4549
2001
2478
3904
4098
2001
2671
3831
4684
2028
2874
4052
4167
2028
2349
3313
4829
1925
2800
3787
4451
1669
2544
3925
4501
1857
2579
4084
4168
1949
3008
4072
4318
1949
2912
3952
4645
2001
2180
3952
4988
2025
2821
3715
4373
1886
2330
3937
4751
2028
2748
3428
4232
1857
2649
3673
4167
1949
3008
3987
4332
1969
2330
3610
5059
1969
2349
3810
4782
2001
2442
3642
4759
2001
2442
3338
4759
1216
2443
3887
4759
2032
2585
3331
4865
1589
2942
3901
5049
1315
3050
4016
4971
1585
2230
3133
5027
1585
2705
3436
5020
2001
2815
3494
4332
2028
2349
3738
4150
1831
2544
3736
4817
1589
3008
3338
4145
1589
2585
3870
4919
1949
2349
3335
4782
1949
2091
4008
5094
1299
2944
3180
4732
1945
2585
3752
4436
2028
2462
4072
4477
2028
2925
3862
4988
1368
2330
3862
4374
1299
2925
3148
4844
1519
2936
3148
4315
2001
3008
3777
4167
1299
2868
3291
4893
2028
2868
3264
4848
2028
2133
3469
4955
1481
2631
3325
4286
1481
2942
3933
4120
2008
3055
3959
4715
1481
3055
3623
4615
1982
2230
3788
4434
1892
2671
3987
5042
2028
2671
3259
4145
1299
3000
4053
4895
1991
2349
3890
4830
1886
2877
3180
4248
1335
2421
3783
4317
1585
2993
3870
4132
1481
2944
3736
5037
2008
2585
3674
5089
1299
2820
3088
4332
1299
2429
4008
4155
2001
3032
3264
4759
1991
2874
3888
4898
1206
2876
4016
4347
2032
2609
4016
4899
2032
2349
3259
4145
1966
3000
3304
4899
1966
3055
3901
4850
1335
2800
3699
4606
2008
2544
3935
4613
1960
2821
3839
4907
1960
2326
3613
5117
1905
2564
4039
4961
1947
2818
3672
5049
1519
3055
4016
5103
1519
2671
3952
4899
2035
2735
3890
4145
1335
3050
3674
4221
1335
2330
3937
4759
1966
2877
3870
5103
1966
2804
3385
4835
1960
2925
3166
5049
1264
2552
3202
4332
2046
2536
3437
5040
2001
2180
3909
4384
1675
3055
3715
4681
1675
2330
3674
4120
1886
2478
3462
4337
1886
2478
3182
4774
1925
2355
3903
4345
1966
2649
3148
4931
1966
2649
3789
5118
1426
2544
3904
4774
1775
2330
3950
4332
1991
2330
3764
4120
1949
3000
3715
4938
1991
3055
3736
4921
1949
2489
3674
5049
2035
2877
4042
4332
1585
3055
3551
4931
2001
2649
3573
4500
2008
2671
3715
5089
1216
2655
3381
4758
1368
3008
3950
4850
1905
2925
3264
4331
1299
2180
3965
4120
1955
2317
3940
4132
1585
2776
3950
4244
1585
2544
4079
4120
2035
2443
3223
4773
1886
2877
3674
4384
1481
2942
3997
4862
2028
2925
3967
4526
2028
2279
3847
4221
1960
2671
3533
4759
1982
2588
3933
4516
1949
2868
3114
4894
1206
2776
3133
4460
1675
2330
3327
5027
1886
3050
4005
4938
1481
3008
3777
4150
1299
2419
3083
4898
1991
2800
3304
4150
1299
3008
3109
4763
2008
2544
3904
5068
1960
2612
4016
4835
1905
2452
3715
4606
2025
2462
3577
4899
1299
2942
3810
4322
2032
2821
3933
4830
1886
2800
4054
4232
1886
2133
3327
4844
2008
2230
3937
4645
1936
2671
3115
4636
2046
2800
3862
4949
1905
3008
3839
4282
2028
2796
4016
5029
1905
2419
3924
4970
1279
3050
3368
5038
1206
2813
3176
4613
1585
2544
3736
4221
2035
2133
3095
4763
1481
3008
3577
4926
2001
2466
3824
4384
1966
2972
4039
4889
2046
2793
3335
4949
1054
2833
3928
4431
1216
2452
3810
4112
1991
2133
3202
4720
1206
3055
3937
4332
1886
2800
3921
4872
1955
2628
3521
4322
1966
2579
3700
5058
1857
2941
3671
4934
1949
2119
3974
4534
2028
2489
3133
4460
1947
2818
3469
4534
1299
2941
3924
4862
1299
2544
3957
4800
1955
2352
3557
4853
1991
2314
3843
4860
1675
2253
3198
5115
1966
2277
3928
4382
2008
2048
3437
4113
1481
3050
4088
4894
1892
2552
3284
4855
2028
2800
4059
4853
1299
2630
3133
4205
2032
2800
3369
4284
1905
2720
3741
4810
1966
2478
3967
4751
1905
2941
3158
5058
1955
2276
3437
4802
1682
2225
3133
4176
1481
2877
3284
5109
1299
2925
3869
4587
1966
2791
3904
4456
2032
2818
3297
4431
1589
2800
3967
4948
1775
2628
3950
5115
2007
2705
3554
4950
2032
2575
3959
4861
1991
2470
3950
4757
2001
2941
3934
4534
1936
2792
3592
4432
1955
2079
3862
4941
2028
2649
4039
4817
1892
2820
3447
4164
1775
2133
3942
4507
1947
2941
3557
4432
2032
2608
3869
4221
1299
2776
4052
4501
1960
2276
3577
5018
1945
2644
3902
4562
2008
2800
3369
5058
1589
2397
4004
4950
1955
3050
3752
4852
1857
2721
3928
4332
1905
2079
3736
4853
1299
2800
4032
5089
1991
2941
4053
4611
2032
2941
3675
4817
1955
2792
3398
5069
1857
3050
3474
4985
1955
2830
3111
5068
1966
2552
3531
4374
1481
3008
3736
4221
1481
2421
3824
4384
1857
2857
3950
4645
1955
2515
3839
4322
1952
2612
3074
4505
1947
2552
3368
4747
2032
2049
3933
5109
2035
2802
4059
4384
1955
2792
3890
4985
1966
2792
3436
4985
1905
2079
3547
5106
1481
2800
3965
5115
1892
2262
3967
5094
2028
2979
3928
4145
1966
2612
4052
4407
1299
2672
3577
5099
1529
2777
3883
4872
1299
2735
3633
4337
1299
2868
3633
4684
1299
2868
3987
4800
1481
2800
4052
4985
1481
2262
3904
5109
1892
2694
3133
5094
1714
2079
3777
4780
1925
2049
3577
4971
1960
2941
4039
4971
1905
2735
3693
5020
2028
3050
4005
5049
1083
2630
3836
5022
1940
2121
3358
4177
1812
2552
3984
4127
1666
2830
3836
4220
1396
2649
4004
4382
1982
2529
3437
4498
1452
2567
3572
4853
1216
2792
4077
4853
2028
2129
3904
4113
1955
2833
3166
4625
2042
2968
3264
4510
1950
2289
3557
4931
1455
2879
3521
4383
1452
3044
3783
4711
1564
2117
3783
4383
1452
2628
3420
4873
1812
3007
3292
4383
1597
2856
3552
4322
1947
2529
3631
4772
1564
2792
3216
4878
1936
2276
3603
5011
1925
2877
3910
4202
1857
2800
3374
5030
1982
2277
3437
4510
1666
2792
3284
4961
1666
3050
3530
4862
1597
3032
3450
4334
1626
2848
3231
4451
1216
2270
3107
4200
1564
2552
3707
4145
1519
2833
3660
4605
2032
2735
3869
4256
2032
2277
3733
4646
1966
2249
3369
5026
2007
2881
3292
4637
1874
2937
3153
4774
1936
2925
3572
4700
1626
2421
3133
4911
1636
2225
3400
4654
2032
2968
3452
4760
1216
2529
3297
4258
1982
2936
4032
4960
1950
2612
3933
5095
2006
2830
3210
4426
2007
2529
3259
4942
1669
2225
3148
4536
1597
2916
3952
5049
2032
2470
3901
4411
1636
2850
3778
4985
1452
2612
3675
5026
1216
2818
3887
4812
1982
2821
3904
4812
1583
2764
3542
4654
2008
2062
3413
4629
2032
2382
3620
4432
1583
2212
3950
4150
1216
2735
3111
5117
1606
2453
3327
4505
1636
2421
3763
4784
1690
2393
3284
4615
1812
3041
3499
4978
1925
3008
3393
4987
2032
2462
3572
5011
1857
2320
3763
5074
1950
2612
3933
5059
1950
2649
3974
4322
1216
2979
3950
4234
1982
2470
3618
4335
2008
2815
3676
4335
1519
2815
3115
4335
1669
2253
3909
5059
1947
2253
3088
5029
2032
2787
3154
4335
1690
2945
3760
4335
2032
2851
4088
4335
1784
3071
3621
4802
2028
2253
4072
4335
1936
2224
3881
4335
2008
2412
3243
4897
1690
2990
4091
4119
2028
2253
3764
4335
