310
218
218
218
218
218
218
218
218
218
218
218
218
218
218
218
218
218
218
218
218
218
543
416
268
218
224
218
489
781
218
543
71
268
224
127
999
652
739
739
739
636
468
520
520
159
206
218
218
218
218
218
218
218
218
218
218
218
652
226
268
218
218
218
218
218
781
907
781
907
781
543
781
652
883
652
592
468
113
524
1
187
187
113
113
113
113
113
991
187
187
113
113
113
113
113
113
113
113
113
187
113
113
113
113
113
113
113
159
159
755
300
686
306
202
306
202
306
509
509
148
623
509
453
69
453
936
453
453
453
936
197
522
522
950
853
755
132
259
524
524
524
202
524
334
177
143
177
177
143
143
269
177
522
180
581
132
273
132
28
105
1002
656
105
202
1023
788
225
105
225
1023
788
623
788
180
901
273
132
132
865
1002
1002
225
390
821
821
821
1023
354
225
101
334
725
334
882
407
522
159
755
132
686
865
1002
1004
1002
202
101
101
101
101
225
390
101
269
101
243
225
522
522
159
755
132
132
865
1002
865
69
190
225
393
269
269
390
143
69
393
269
243
69
143
243
148
159
755
132
1002
865
743
105
190
202
105
13
13
779
928
347
105
491
392
779
788
897
779
788
550
779
788
512
779
392
225
779
133
225
779
392
392
779
788
656
779
444
512
779
788
512
779
788
512
779
494
512
779
917
512
779
392
392
779
494
512
779
444
512
779
392
392
779
512
69
779
512
16
538
917
512
779
512
162
779
512
162
461
809
536
623
623
16
16
512
461
461
392
779
725
392
779
512
392
461
392
69
461
512
461
809
512
16
16
809
623
461
512
461
16
392
16
461
512
779
809
392
779
392
725
779
512
809
779
512
16
779
512
375
779
512
16
779
512
461
779
512
16
779
512
16
779
512
645
779
512
16
461
512
809
779
512
16
779
725
16
779
512
809
779
520
520
105
512
461
105
512
16
950
755
277
881
300
787
690
690
690
690
690
690
690
623
690
690
623
690
690
690
690
690
509
509
401
522
522
522
159
755
132
132
193
865
177
177
269
177
269
177
269
177
177
269
177
177
143
177
143
177
453
453
453
453
453
453
453
453
453
453
453
936
197
522
901
853
755
132
132
865
1002
865
524
202
343
343
343
538
269
343
343
343
343
343
312
477
1626
2825
3337
4561
1626
2588
3119
4127
1626
2724
3743
4654
1626
3023
3216
4843
1626
2724
3743
4465
1626
3023
3552
4443
1626
2724
4000
4653
1626
3023
3552
4296
2028
2744
3743
4510
1626
3023
3552
4440
2028
2744
3486
4241
1626
3023
3296
4127
1626
2724
3276
4296
1626
3023
3552
4890
1626
2724
3600
4855
1626
2162
3600
4890
1626
2724
3600
4443
1626
2162
3600
4890
2028
2957
4053
4443
1626
2162
3600
4890
2028
3022
3649
4443
1626
2162
4008
4127
2028
2759
3649
4510
1690
2695
3297
4296
2028
2759
3649
4510
1626
2162
3831
4711
2028
2759
3074
4751
1626
2695
3276
4296
2028
2957
3654
4510
1626
2695
3276
4296
2028
2957
3705
4296
1626
2695
3600
4813
2028
2333
3327
4711
1626
2695
4000
4711
2028
2759
3915
4510
1216
2956
3555
4895
1857
2162
3266
4234
2032
2971
3757
4265
1216
2612
3592
4364
2028
2552
3117
4845
1931
3017
3604
4739
1701
3038
4053
4648
1216
2162
3474
4980
2032
2857
3320
4108
2032
2920
3876
4845
1216
2462
3498
4234
2028
2333
3914
5059
1690
2089
3722
5070
1097
2421
3623
4401
1054
2329
3284
4665
1857
2277
3909
4364
1666
2851
4013
5007
1925
3022
3763
4770
1452
2277
3618
4098
2006
2830
3414
4643
1564
3029
3824
4119
1903
2916
3843
4170
1995
2830
3684
5031
1300
2968
3843
4624
1723
2608
3284
4589
1515
2791
4053
4810
1371
2119
3335
4624
1928
2791
4053
4624
1371
2813
3335
4624
1371
2925
3824
4624
1281
2419
3935
4624
1928
2544
3982
4624
1803
2985
4039
4624
1928
2452
3940
4835
1828
3042
3754
4926
1412
2497
3438
4683
1984
2540
3675
4731
1412
2644
3171
4969
1635
2085
3453
4161
1626
2320
3970
4481
1828
2054
3171
4161
1606
2868
3107
4548
1626
2937
4042
4215
1083
2644
3126
4194
1635
3003
3283
4897
1626
2320
3107
4732
1583
2253
3504
4177
1867
2787
3645
4526
1867
2937
3398
4731
1626
2997
3171
4494
1635
2323
3082
4526
1985
3023
3684
4946
1626
2859
4053
4952
1690
2825
3413
4739
1481
2421
3251
4970
1452
3000
3259
4845
1583
2289
4013
4175
2032
2730
3251
5059
2032
2547
3585
4131
1216
2180
3623
4980
2028
2552
3251
4845
2028
2333
3757
4498
1216
2649
3623
4980
1216
2627
3251
4881
1216
2162
3925
4980
2035
3017
3447
4527
2032
2549
3388
4177
1589
2945
3375
4845
2028
2180
3914
4957
2028
2928
3600
4366
1481
2567
3778
4407
1481
2646
3600
4628
2035
2549
3940
4971
2035
2848
3928
5094
1991
3008
3824
4527
1394
2452
3674
5108
1928
2452
3783
5056
1928
2976
3950
4184
1928
2889
3585
5029
2043
2976
3950
4985
1879
2936
3987
4769
1454
2976
4053
4477
1879
2813
3335
5115
1628
3012
4053
5110
1928
2419
4008
5029
1928
3012
4053
4711
1928
2649
3335
5029
1928
2119
3950
4305
1928
2419
4042
5110
1928
2398
3690
4170
1928
2054
3747
4853
1879
2452
3778
4837
1879
2748
4061
5096
1858
2813
3951
4589
2043
2472
3951
5096
1879
2813
3725
4624
1879
2748
3951
5029
1928
2791
3901
4589
1879
2452
4072
5096
1928
2649
3778
4460
1858
2253
3750
4150
1928
2608
4072
5115
1858
2961
4053
5118
1928
2649
3335
4962
1879
2619
4053
5115
1928
2961
3335
4862
1879
2813
4053
4132
1879
2748
3335
5096
1454
2791
3778
4170
1858
2791
3824
4926
1454
2961
3778
4132
1879
2791
3843
4770
1454
2936
3778
4962
1858
2936
3725
5059
1879
2472
4072
5015
1928
2936
3987
5059
1928
2748
3778
5110
1879
2419
3782
4170
1928
2748
3778
5012
1454
2813
3843
4962
1879
2748
3778
5058
1928
3012
3935
4889
1858
3012
3335
5052
1454
2976
4053
5012
1879
2452
3335
4830
1454
2748
4053
4810
1879
2813
3987
4962
2043
3012
4053
5118
1349
2813
3804
4810
1299
2748
3807
4456
1179
3055
3929
5045
1347
2920
3551
5041
1995
2419
3736
4198
1777
2419
3719
4934
1995
2419
3719
5079
1349
2419
4039
4732
1995
2877
3690
4972
1371
2330
3783
4215
1777
2419
3764
5049
1995
2985
4039
5049
1995
3055
3690
4173
1995
2791
4048
4170
1777
2419
3952
4173
1903
2972
3933
4972
1895
2054
3787
4949
1777
2972
3933
4739
1895
2054
3904
4305
1777
2942
3437
4810
1371
2314
4053
4654
1928
2877
3940
4810
1547
2694
4039
4170
1628
2818
4053
4950
1371
2877
4053
4593
1928
2748
3950
4934
1903
2800
3891
4305
1394
2818
3719
4770
1777
2813
4053
4817
1394
2936
3924
4624
1394
2649
3933
4624
1371
2452
3950
4184
1995
2694
4072
4830
1371
2619
3824
4119
1394
2748
3869
4853
1456
2976
4039
5118
1777
2818
3778
5108
1371
2976
3901
4456
1394
2748
3870
4810
1426
2225
3428
4145
1690
2983
3974
4195
2006
2048
3498
4985
2034
2860
3862
4320
2046
2791
3308
4369
2007
2494
3340
4221
1054
2701
4019
4830
1054
2936
3843
4519
2025
2253
3327
5029
1054
2168
4019
5029
2046
2860
3747
4150
1995
2608
4004
4950
1995
2314
4079
4810
1589
2701
3901
4810
1903
2253
3952
4810
1777
2119
3552
4132
1777
2672
3887
4934
1349
2796
3997
4985
1895
2937
3824
4711
1349
2791
3843
4906
1895
2985
3843
5115
1777
2942
3928
4955
1895
2168
3782
5110
1349
2411
3778
4962
1232
2608
4088
4477
1995
2889
3950
5115
1076
2944
3880
4373
1903
3012
3420
4860
1777
2119
4008
4955
1777
2818
3747
4985
1349
2511
3951
4919
1349
2881
3335
4221
1884
2833
3890
5115
1589
2789
3154
4860
2025
2628
3284
4436
1481
2945
3777
4145
1587
2680
3890
4830
1097
2942
4042
5094
1317
2945
3777
4097
1622
2510
3919
4132
1991
2791
3935
4889
1417
2738
3201
4983
1097
3012
3982
5018
1519
2484
3526
4243
1622
2777
3777
4862
1417
2825
3259
5079
1884
2877
3198
4816
2025
2989
3919
4677
1884
2419
3782
5115
1777
2162
3536
4460
1991
2224
3198
5108
1884
2990
3284
4821
1903
2887
3736
4510
1911
2452
3485
4899
1884
2990
3880
4145
1232
2925
3935
4615
1349
2944
3474
4858
1349
2789
3747
5095
1349
2727
3108
4132
1995
3012
3284
5090
1777
2452
3764
5118
1216
2091
3438
4853
1097
3012
3868
4924
1589
2091
3133
4250
1097
2990
4087
4971
1589
2091
3478
4864
1991
2091
3284
4830
1097
2789
3845
4962
1807
2277
3673
4810
1991
3050
3966
4615
2046
2091
3743
4416
1777
2579
3437
4305
1097
2419
3727
4119
1801
2649
3673
4460
2025
2085
4004
4698
1777
2419
3965
4711
1349
2649
3965
4830
1777
2945
3674
4899
1903
2320
3965
4221
1777
2277
4079
4221
1903
2091
3478
4919
1349
3012
3500
4771
1777
2314
3198
4955
1097
2944
3804
4926
1903
2961
3965
4926
1911
2791
3747
4934
1349
2877
3747
4771
1232
2976
3763
5009
1349
2411
3176
4384
1777
2694
3893
4889
1232
3050
3876
5052
1349
2990
3876
4460
1777
2694
4039
5108
1394
2907
3782
5118
1589
2694
3839
5039
1417
2907
3843
4835
2035
2048
3237
4810
1991
3055
3248
4460
1903
2162
3182
5094
1991
2748
3469
4437
1394
2162
3935
4835
1991
3055
3933
4654
1903
3009
4004
4800
1232
3009
3725
4830
1347
2649
3950
5115
1903
3012
3698
4150
1515
2330
3950
4460
1589
3000
3950
5049
1777
2990
3933
5049
1995
2939
3987
4221
1371
2330
3778
5052
1903
2945
3887
4150
1232
3055
3904
4853
1394
3055
3901
4676
1394
3055
3935
4384
1515
2877
3928
4835
1995
2224
3177
4835
1777
2564
3182
4150
1371
2942
3903
4830
1777
3008
4072
4747
1777
3055
3869
5058
1248
3009
3824
5029
1928
2944
3987
4835
1628
3055
3952
4150
1995
2276
3901
4170
1349
2800
3987
4835
1903
2478
4053
5114
1349
3008
4054
5095
2046
3050
3997
4843
2000
2942
3818
5115
1589
2753
3304
4770
1884
2276
3919
5040
1777
2942
3940
4860
1777
2986
3747
4589
2046
3007
3951
4305
1777
2535
3869
4792
1903
2330
3747
5031
1924
2330
3935
5118
1349
2649
3674
4955
1589
2411
3950
4412
1349
2748
3804
4676
1777
3017
3325
4589
1334
3017
3951
5095
1349
2452
4039
5114
1115
2531
3869
5079
1777
2813
4094
5012
1076
2936
3764
5114
1349
2877
3414
4705
1903
2920
3839
5058
1349
2564
3987
5118
1777
3017
3747
4926
1899
2976
3951
4905
1911
2564
3891
5058
2046
3023
3804
4215
1232
3032
3335
4927
1349
2224
4094
5059
1777
2419
3952
4460
1232
2467
3824
4484
2000
2277
3831
4955
1248
3032
3259
5058
1628
2649
4087
4170
2025
2889
3824
4830
1589
2748
3747
4770
2025
3032
3880
4145
1777
2945
3736
5029
1589
2531
3940
5115
2025
2883
3825
4853
1884
2985
4079
5096
1349
2942
3634
4931
1777
2238
3987
4934
1622
2462
3304
5115
2025
2777
4070
4814
1884
2777
3325
4305
1777
2224
3982
4589
1349
2791
3901
5115
1622
2777
3940
4460
2025
2889
3428
4813
1777
2462
4036
5094
1653
2789
3111
4810
1895
2883
3098
5008
1777
2619
3747
5115
1349
2942
3284
5118
1884
2989
3987
5094
1995
2564
4087
5077
1777
2791
3869
5094
1995
2777
3747
4835
1232
2419
4079
4950
1076
2944
4088
4615
1777
3012
3690
5110
1895
2777
3724
5110
1777
2721
4087
4927
1903
2097
3690
4629
1748
2945
3940
5115
1777
3012
3951
5037
1394
2307
3368
4950
1371
2510
3437
5059
1076
3008
4054
4830
1349
2694
3935
4431
2000
2976
3747
4170
1232
2592
3198
4305
1371
2568
3952
4170
1252
2972
4088
4931
1232
2789
3237
4384
1748
3012
3751
5115
1428
2877
3935
5114
1928
2619
3901
4589
2023
3012
3951
4830
1777
2789
3935
5015
1371
3012
3893
4931
1928
2789
3982
5012
1653
2694
3690
5114
2000
2813
3824
5029
1252
2945
4079
5095
1928
3012
3284
4132
1628
2813
3725
4889
1371
2748
3674
4170
1748
3012
3725
4460
1371
2735
3764
5059
1456
2330
3940
4830
1281
2592
3933
4835
1155
2276
3935
4747
1928
3012
4088
4983
1748
2961
3935
4934
1928
2985
3940
4770
1456
3032
3787
4763
1777
2791
3940
4170
1252
3012
3725
5115
1928
2907
3935
5110
1858
2976
4039
4934
1748
2789
3966
5015
1371
2649
3935
5094
1252
2789
3940
4830
1928
2985
3951
5094
1628
2789
3935
4170
1454
2748
3725
4830
1748
2789
3935
4934
1281
2985
3950
5114
1456
3008
3880
4962
2023
2818
3198
4132
1628
2976
3674
4830
1628
2976
3940
4934
1928
2419
3891
4384
1456
2976
3747
4934
1371
2694
3935
5115
2043
3012
3782
5115
1252
2694
3690
4170
1628
2889
3893
5115
1928
3012
4072
4132
1748
2985
3935
5052
1076
2972
3674
5012
1252
2694
3880
4384
1928
2411
4039
4889
1928
2411
3747
4654
1858
2889
3935
4934
1748
2972
3725
4170
1076
2800
3987
4589
1252
2791
3987
4384
1076
2411
3747
4747
2041
2883
3880
4858
1748
2976
4054
4926
1628
3012
3824
4934
1252
2889
3674
5115
1076
2813
4000
4830
1252
2419
3674
5115
1928
2649
3952
5058
1928
2907
3674
4830
1858
2889
3725
4145
1928
2649
3747
5115
1454
2813
3933
5115
1252
2452
3824
4132
1628
2789
3987
4830
1928
2411
3935
4934
1928
2889
3108
4589
1928
2472
3690
4934
1252
2961
3987
4145
1928
2813
3284
4830
2043
2472
3725
4926
2043
2566
3880
4962
1928
2961
4079
5094
1858
2619
3824
5094
1454
2985
3824
5015
1928
2961
4072
4876
1858
2411
3904
4889
1928
2889
4054
4962
1900
2789
3891
5094
1371
2985
3987
4889
1858
2472
3725
4934
1252
2961
3690
4876
1928
2649
4054
5115
1879
2907
3725
5114
1879
2889
3904
5015
1879
2472
4079
4384
1879
2472
3782
4763
1454
2411
3725
5094
1928
2789
4072
5110
1858
2472
3951
4170
1748
2985
3674
4654
1879
2472
3725
4934
1252
2976
3674
5118
1879
2472
3690
4170
2043
3008
3782
4170
1900
2592
4072
4830
1928
2748
3987
4384
1879
2985
3904
5118
1928
2411
4039
4830
2041
2813
4088
4747
1281
2961
3674
4962
2043
2314
4079
4962
1858
2907
3725
4926
2041
2942
3901
5015
1879
2800
3750
5118
2041
2411
3725
5118
1928
2694
3111
4170
2043
2472
3891
4934
1454
2748
3725
5115
1879
2961
3750
5118
1928
2619
3674
5115
1879
2592
4054
4830
1252
2789
3690
5115
2043
2961
3940
4934
1879
2748
3674
5015
1858
2889
3940
4889
1456
2961
3824
5115
1879
2566
3904
5052
1628
2961
3782
5115
1879
2566
3111
5118
1879
2472
3690
5115
1281
2889
3940
4962
1879
2566
3690
5115
1858
2985
3940
4955
2043
2419
4054
4830
2043
2472
3951
4889
1900
2566
3725
4934
1858
2777
3725
4934
1130
2472
3935
5094
1252
2961
3901
4830
1130
2472
4061
5094
2043
2452
3725
4654
1454
2889
3725
4830
1879
2791
3869
4934
2041
3008
3966
4876
1879
2472
4094
5110
1879
2813
3935
4860
1748
2961
3725
4830
2043
2472
3951
4934
1130
2566
3725
4654
1879
2813
3747
5115
1454
2789
3935
4170
1454
3012
3690
5110
1879
2789
3904
4170
1858
2748
3690
5115
1454
2976
3108
4830
1454
2791
3690
4170
2041
2788
3674
4654
1900
2566
3690
5115
2043
2791
3891
4170
1454
3012
3824
5052
1928
2907
3951
5052
2041
2472
3725
4830
1858
2789
3901
4810
2043
2791
3725
4926
1628
3012
3824
5115
1130
2791
3858
4837
1900
2789
3987
5115
2041
2788
3725
4830
1879
2791
3893
5115
2043
3012
3782
5115
1130
2350
3951
5114
1281
2907
3940
4311
1454
3012
3987
5052
1858
2889
3951
4926
2043
2789
3782
4830
2041
2472
3725
5115
1130
2789
3935
4311
1748
3012
3824
4962
1879
2945
3966
5058
1900
2976
3987
4830
2041
2788
3725
4889
1454
2961
3935
4460
2023
3012
3824
4962
1858
2889
3940
5115
1900
2748
4061
5015
1454
2985
3940
4170
2041
2945
4079
5052
1454
3012
4054
4962
1130
2411
3935
4934
1879
2748
3108
5118
1900
3012
3725
4934
2041
2945
4079
5114
1456
2694
4079
5115
2043
2976
3782
4876
1879
2748
3951
5015
1748
2411
3891
4830
1858
2985
3951
4384
1900
2889
4088
4830
2041
2976
3674
4889
2041
2506
3725
4830
2043
3012
3725
5015
2043
2961
3951
4926
1130
2472
3750
4830
1858
2889
4061
5118
1858
2411
3951
4926
1454
2961
3111
5058
2043
2419
3891
5015
1130
2566
3904
4589
1748
2961
3690
4830
2041
2791
3987
4810
1879
2889
3858
4830
2041
2411
3725
4769
2041
2961
3858
4837
2043
3012
3935
5114
1879
2472
3951
4934
1879
2789
4072
4830
1879
2619
3891
4769
2043
2789
3782
5015
2041
3012
3690
4132
1858
2907
3725
4853
2041
2748
3824
5015
1748
2694
3725
4654
2041
2944
3935
5015
1115
3012
3653
4955
1044
2333
3736
4222
1097
2724
3674
4817
1299
2815
4038
4355
1299
2462
3716
4354
1299
2972
4039
4960
1417
2995
3675
4606
1417
2119
3674
4972
1995
3035
3634
4625
1895
2462
3982
5089
1394
2628
3951
5094
1417
2857
3764
4305
1995
2330
3674
4119
1417
2936
3933
4589
1394
2791
3736
4622
1394
3008
3280
4705
1995
2857
3736
4925
1995
2628
3952
4624
1394
2411
3313
4858
1394
2791
3970
4773
1995
3008
3824
4924
1995
3009
3674
4771
1394
2789
3777
4624
1394
2985
3940
4624
1394
2119
3690
4624
1777
2857
3750
4624
1995
2224
3198
5037
1394
2694
3935
4460
1371
2976
3764
4426
1394
2333
3673
4705
1928
3008
3674
4624
1928
2800
4087
4654
1928
2791
3940
4962
1371
2119
4087
5094
1928
3008
3647
4830
1371
2276
3965
4624
1928
2791
3782
4852
1928
2472
3940
4810
1628
2592
3950
4810
1928
2936
3674
5115
1371
2789
4087
5110
1394
2472
3653
4305
1669
2945
3673
4500
1949
2649
3288
4810
1589
2579
3719
4747
2025
2501
3775
4727
2025
2454
3791
4858
1554
3024
3198
5110
1991
2945
3903
4111
2046
2944
3903
4653
1589
2944
3987
4830
1622
2925
3304
4835
2025
2813
3747
4728
1232
2925
3869
4835
1232
2277
3698
4589
1884
2748
3935
4962
1884
2813
4072
4589
1884
2748
4087
4830
1589
2649
4087
5110
2025
2694
3747
4684
2025
2649
4087
4305
1232
2452
4088
4971
1777
2735
3088
5058
1884
2694
3987
4324
1884
3012
4072
4985
1903
3012
4079
4460
1995
2579
3904
5115
1903
2942
3778
4773
1232
2976
3904
4962
1232
2791
3621
4625
1884
2694
3904
4305
1884
2649
3824
4654
1371
2564
3987
4934
1777
2942
4004
4830
2025
2694
3804
4985
1777
2942
3804
4926
1232
2976
3987
4170
1777
2944
3778
4999
1995
2721
4054
5079
2000
2748
3747
4119
1903
2564
4008
4747
1995
2748
4079
5115
1394
2813
3935
4889
1349
2945
3804
4835
1394
2791
3952
4889
1394
2452
3952
4835
1777
2649
3804
4739
1371
3009
4052
4830
1777
2224
4042
4835
1456
2942
3284
5029
1628
2735
3725
5108
1456
2419
3725
5029
1628
2330
3747
4296
1456
2976
3747
4962
1928
2748
4087
4810
1456
2976
4072
4810
1626
2848
3132
4422
1347
2450
3498
4508
1519
2540
3504
4161
1925
2434
3675
4508
1966
2434
3818
4324
1519
2674
3868
4653
1966
3009
3900
4554
1857
2860
3673
4369
1519
2702
3778
4629
2007
2224
3903
4384
2046
2119
3675
4431
1347
2489
3843
4369
1347
2253
3987
4505
2046
2800
3857
4436
1347
2818
3778
4676
1347
2608
3987
4132
1347
2820
3950
4934
1995
2820
3542
5096
1347
2720
3166
4624
2046
2815
3951
4629
1895
3050
3868
4985
1903
2820
3115
4629
1895
3009
3965
4150
1777
3017
3869
4681
1903
2544
3437
4715
1349
2820
3869
5049
1777
2800
3585
4876
1903
2818
3778
4456
1349
2791
3965
4120
1777
3035
3764
4747
1903
2830
3698
5029
1232
2976
3950
4460
1349
2162
3929
4830
