320
599
599
476
476
476
515
511
511
476
241
801
330
330
79
358
358
358
188
326
326
689
326
326
326
326
326
326
460
326
165
460
460
460
460
460
460
460
460
460
460
460
460
460
460
165
460
460
460
460
460
460
460
460
460
460
165
460
460
460
460
460
460
460
609
272
629
590
484
93
93
584
584
488
434
584
488
584
584
584
584
584
584
584
584
584
584
584
23
584
642
584
584
642
584
584
642
584
241
272
629
392
761
484
753
93
488
488
434
488
637
434
488
584
434
488
291
23
488
933
85
488
933
85
488
291
488
488
23
488
488
933
488
137
272
629
961
484
753
488
434
488
188
434
488
434
584
488
584
584
488
434
584
488
584
584
488
933
488
488
933
488
584
933
488
584
584
488
584
764
922
875
961
559
229
274
488
434
790
488
434
488
488
434
488
488
434
488
488
933
488
23
584
488
584
584
488
584
584
488
584
584
488
584
584
642
584
584
165
584
584
584
584
584
584
584
488
584
584
488
584
584
584
584
584
584
584
584
584
584
584
584
584
453
584
584
642
584
584
488
584
584
488
933
881
488
933
453
488
933
488
488
933
488
453
933
488
764
272
392
961
559
559
401
705
488
188
226
488
434
488
488
434
488
188
434
488
188
434
488
434
434
488
434
434
488
434
305
488
434
305
488
609
272
1012
1012
267
961
338
488
488
434
488
188
434
488
637
434
488
637
584
488
291
584
488
291
584
488
291
950
488
933
488
488
933
488
488
933
488
158
1012
688
17
338
488
275
188
488
434
188
488
434
488
488
434
488
488
434
488
488
434
488
488
434
488
488
933
488
488
933
488
133
933
488
609
272
802
961
559
229
488
488
434
488
584
584
488
137
584
488
584
584
488
584
584
488
584
584
488
933
488
488
933
488
488
933
488
488
933
272
688
559
559
892
274
488
188
488
488
434
488
584
584
488
584
584
488
584
584
488
434
584
488
434
584
488
933
584
488
434
326
609
272
383
961
559
338
488
70
434
488
188
434
488
1017
434
488
434
258
488
1017
258
488
434
258
84
258
258
488
434
881
488
434
258
488
434
258
488
434
258
488
933
488
488
1017
542
488
933
542
488
933
542
542
933
542
542
23
542
542
933
542
490
933
642
490
933
542
642
933
186
