306
668
482
476
476
476
476
482
476
482
406
476
550
550
55
771
223
421
158
115
641
28
496
21
563
734
55
104
104
55
104
55
104
55
104
372
104
55
104
711
822
158
115
55
104
55
104
104
104
55
401
824
558
483
822
62
255
728
504
52
52
135
52
606
453
453
453
606
437
437
606
476
476
476
476
476
825
825
822
158
419
630
162
496
63
734
74
636
55
55
664
15
822
158
641
496
542
496
632
734
632
162
953
549
227
636
74
244
317
636
230
55
74
55
74
55
791
171
419
563
55
55
494
55
403
313
644
824
558
886
467
756
504
539
539
52
135
52
135
52
52
606
7
606
453
606
230
476
230
230
550
476
476
63
550
476
476
825
230
230
476
476
476
230
476
476
391
15
822
158
1020
454
896
496
21
734
514
611
55
636
55
55
230
230
55
740
55
55
738
391
15
822
1020
419
55
55
55
55
55
55
738
55
55
409
421
158
1020
641
28
230
514
734
21
734
317
162
227
431
230
230
230
74
55
55
230
738
230
55
738
55
513
545
74
738
74
55
738
688
391
15
822
354
419
758
738
55
55
55
55
15
683
419
55
55
55
55
55
805
683
419
55
55
55
619
391
711
683
1020
419
55
805
223
55
391
683
158
419
55
738
55
738
391
15
683
1020
55
391
15
158
1020
711
683
1020
454
758
805
683
158
162
805
683
1020
230
805
683
1020
771
15
683
1020
641
587
683
158
641
162
683
1020
138
805
683
1020
176
711
683
1020
138
15
683
1020
662
121
683
1020
138
683
158
138
317
638
683
1020
667
80
74
734
74
121
15
555
148
558
120
467
728
504
52
135
52
859
453
52
7
859
453
606
453
476
476
476
476
476
476
805
822
1020
476
476
476
476
476
476
476
169
483
822
158
641
454
230
162
476
476
476
476
476
476
257
476
476
476
476
476
248
476
476
230
476
476
15
822
1020
419
74
965
74
55
74
55
55
313
644
450
422
62
756
728
504
52
684
52
606
453
606
453
606
453
606
257
606
453
476
476
476
476
230
476
476
476
55
230
740
55
230
244
476
55
313
15
822
1020
641
230
496
21
965
21
162
223
498
476
498
63
619
74
74
476
74
55
223
223
438
55
549
563
55
55
403
531
401
824
120
628
158
467
454
497
702
52
906
