625
62
342
434
989
553
553
948
118
753
753
753
706
706
706
752
814
706
706
706
814
814
435
706
706
706
706
706
706
706
706
706
706
706
706
706
706
706
706
706
706
706
706
706
706
706
706
706
706
706
706
706
706
706
752
371
684
684
93
93
93
381
1017
381
381
381
381
381
381
381
687
680
381
381
381
381
381
381
381
584
381
381
381
814
381
752
475
302
688
118
753
753
188
989
1017
188
989
989
434
188
989
434
434
989
989
434
706
989
434
706
989
989
434
989
706
706
434
989
637
434
989
989
434
542
989
637
434
989
23
434
542
989
542
542
989
542
434
989
542
542
542
989
434
542
642
542
542
989
62
541
784
948
371
684
93
93
93
381
381
381
381
381
381
381
381
553
381
553
381
553
553
553
553
553
553
553
553
553
553
553
553
157
553
948
475
371
371
684
559
93
814
93
989
434
989
989
434
84
989
637
434
989
637
434
989
989
434
434
989
637
379
989
989
434
457
475
302
152
383
371
684
753
989
93
434
989
188
434
989
989
434
706
989
434
434
989
434
475
989
989
434
287
912
753
989
989
434
989
475
302
371
590
118
753
102
989
989
434
989
989
434
989
989
452
948
475
302
118
118
790
434
664
434
664
434
664
664
434
664
434
664
434
664
434
664
664
434
664
434
664
434
664
434
664
664
434
664
434
664
434
287
118
753
664
434
664
434
664
434
664
790
434
664
531
664
475
296
371
684
93
93
93
188
790
188
188
989
989
434
989
637
434
84
989
637
434
989
381
381
896
989
434
84
989
434
740
475
684
118
753
688
96
753
188
989
434
989
989
379
188
188
664
434
664
434
157
790
434
664
434
664
434
989
434
664
434
989
434
434
664
434
664
434
434
756
664
434
434
664
434
706
531
664
434
664
989
434
706
756
664
434
664
989
1017
434
989
434
434
664
434
475
302
948
287
948
475
989
814
475
753
989
434
531
664
434
664
531
664
434
664
664
1017
531
989
531
434
664
434
664
776
664
531
531
664
434
664
531
664
434
664
531
531
664
531
664
434
664
434
531
664
434
664
434
664
434
642
157
531
553
553
664
948
475
302
151
628
475
302
152
775
118
790
475
31
118
790
434
664
790
434
664
531
664
531
664
531
434
664
531
770
