625
717
717
85
717
717
717
717
717
717
717
717
717
717
717
717
717
717
717
717
717
717
717
717
717
717
717
717
717
717
717
717
717
717
717
717
717
717
717
717
717
717
717
717
717
717
881
717
717
717
1018
717
717
717
689
717
717
717
717
717
717
717
717
717
717
717
717
717
717
717
717
717
717
717
717
717
241
1018
1018
689
717
717
717
717
717
717
717
157
717
717
717
717
717
717
717
717
717
717
717
717
717
154
511
241
680
584
584
584
584
584
689
553
687
56
41
508
508
508
882
508
508
508
508
508
174
334
60
125
443
826
826
826
826
826
826
826
826
826
268
268
268
268
268
268
268
268
599
599
762
154
762
762
459
392
961
886
946
386
252
94
120
253
399
466
675
296
961
338
125
275
111
710
44
44
44
44
44
44
44
44
785
785
785
785
357
357
357
357
357
357
357
357
459
1020
435
435
146
599
146
146
599
154
146
762
762
241
128
195
724
435
151
599
146
762
128
886
302
302
392
961
104
892
672
705
563
489
489
489
171
646
646
280
598
570
338
125
125
275
826
826
826
826
826
826
826
205
205
826
268
268
268
268
268
268
689
268
268
762
762
267
183
886
724
348
399
94
988
988
988
128
589
392
961
60
125
443
443
826
826
826
826
826
360
360
360
205
915
459
357
357
357
357
357
357
357
357
357
357
357
357
357
146
357
146
146
146
146
146
599
762
762
762
948
598
195
724
435
151
151
762
762
495
675
302
241
611
411
25
401
705
705
12
489
489
489
646
646
828
901
33
980
334
338
125
38
710
44
44
44
44
44
44
357
357
357
357
357
357
357
357
357
357
689
762
762
948
661
570
724
724
634
94
988
988
589
348
988
466
392
961
60
334
443
443
826
826
826
826
826
826
826
495
912
205
116
360
679
357
762
687
128
142
680
146
661
183
104
125
38
167
739
128
886
727
444
13
739
167
392
33
334
334
334
563
489
489
489
489
541
280
128
296
33
715
289
563
489
489
489
171
489
171
342
627
627
384
779
334
941
851
368
319
870
319
128
174
348
749
988
988
988
128
348
988
988
988
120
988
689
120
572
572
572
572
572
572
174
655
691
691
691
691
691
691
691
691
691
691
691
691
691
691
691
691
691
691
691
691
691
547
