115
941
941
331
331
773
331
331
331
331
331
331
331
331
331
331
165
331
331
331
331
331
331
331
331
331
331
331
331
331
331
331
331
388
388
331
331
331
331
331
331
331
331
331
331
331
331
331
388
331
331
331
331
331
331
331
331
331
331
331
331
388
388
331
331
331
378
63
63
993
993
993
993
185
993
466
392
761
559
892
672
147
586
489
586
968
828
137
828
522
1002
440
351
941
851
200
200
561
86
63
704
629
207
916
570
440
40
941
166
126
166
126
166
126
166
126
388
388
126
166
126
166
126
166
126
126
166
126
166
126
794
794
794
794
794
794
794
794
110
794
794
126
794
388
388
794
794
794
794
794
794
794
794
794
23
794
794
794
388
794
794
794
794
794
794
794
794
794
794
794
794
388
388
794
794
794
794
794
794
794
794
764
63
629
337
68
1002
559
40
941
166
126
166
126
166
126
166
126
388
794
68
570
715
727
811
200
561
63
63
63
707
63
629
392
761
559
574
274
147
563
489
50
217
50
217
50
217
388
50
540
217
540
217
540
217
540
217
540
540
217
540
540
217
540
217
217
540
540
217
540
540
217
540
388
388
540
540
217
540
217
540
217
540
217
609
687
687
827
63
68
761
559
892
672
147
586
489
116
608
50
608
388
388
457
752
50
608
540
608
540
608
50
608
540
608
116
608
540
608
540
608
540
608
540
217
540
217
540
750
388
750
540
687
63
680
151
110
978
445
978
978
241
241
688
913
913
892
672
705
586
209
317
209
317
881
317
388
978
658
978
978
978
978
978
978
978
978
978
978
1018
1018
978
154
978
978
978
978
978
978
978
978
978
978
388
388
978
978
978
978
978
978
978
978
978
978
23
978
978
978
978
978
978
978
154
978
978
978
978
978
978
978
388
435
110
978
978
978
978
680
680
680
978
481
758
1
207
761
673
574
274
217
586
217
171
828
165
137
828
68
1002
440
40
166
122
606
200
827
63
63
707
185
63
337
68
559
554
351
941
851
119
306
870
240
331
331
388
331
331
331
331
331
331
331
331
331
331
331
331
331
331
331
331
331
331
331
331
331
331
331
331
331
331
331
388
331
331
331
331
331
331
331
331
331
331
331
331
388
331
331
331
331
331
331
331
331
331
331
331
331
770
