115
554
919
358
21
919
188
84
52
66
84
52
66
84
637
66
84
84
52
84
84
52
66
84
52
66
84
52
66
84
637
933
84
84
933
542
84
933
933
84
542
933
84
84
933
981
84
933
933
84
981
933
84
642
933
981
642
933
981
642
981
981
642
981
933
642
981
832
832
832
933
832
642
832
832
642
832
832
642
832
832
832
832
832
832
642
832
832
832
832
832
832
832
832
832
832
832
832
832
832
832
832
832
832
832
832
832
832
154
832
832
832
832
832
832
832
832
832
832
832
832
832
832
832
832
633
832
832
832
832
832
832
832
832
832
832
832
832
832
569
829
399
11
11
11
11
11
801
688
570
871
721
380
380
188
919
181
188
966
255
637
181
181
84
255
255
637
181
181
72
966
255
637
181
181
84
255
255
637
181
181
616
255
255
637
181
181
174
569
569
481
348
348
399
348
481
314
11
337
688
570
1003
1003
1003
1003
275
265
826
826
826
826
826
826
826
826
826
826
826
826
460
460
44
44
44
219
219
219
460
219
219
219
44
748
748
748
748
748
219
219
219
748
748
748
826
826
748
748
748
748
748
748
748
748
748
154
748
748
748
748
748
748
154
748
748
748
748
748
748
748
748
748
633
748
929
929
929
929
929
929
929
929
929
929
929
929
929
929
929
929
929
929
929
929
929
929
929
929
929
929
929
929
929
929
929
929
929
929
110
929
929
929
929
929
929
929
929
929
929
184
929
929
929
929
929
929
184
929
513
422
422
929
929
929
929
929
937
481
314
707
231
308
105
105
314
11
11
11
337
68
688
196
25
919
919
84
255
99
954
181
181
84
255
99
954
181
181
84
255
99
954
181
181
84
255
255
954
181
181
84
255
255
954
181
181
84
255
647
954
899
569
569
829
829
829
11
11
11
801
688
913
25
380
358
919
84
731
66
188
84
66
117
84
52
66
84
52
66
84
637
66
84
84
933
84
84
52
552
84
52
66
84
52
933
84
84
933
84
84
52
933
84
542
933
184
84
933
84
84
933
981
84
933
933
84
981
933
84
642
933
981
642
933
981
642
981
832
642
832
981
441
832
832
441
642
832
832
642
832
832
642
832
832
642
832
832
832
832
832
832
832
633
832
832
832
832
832
832
832
832
547
