115
298
279
279
170
698
170
170
707
170
393
170
170
707
170
393
170
466
392
590
1008
946
946
185
212
120
212
212
869
422
689
580
580
449
196
982
946
279
279
279
279
170
690
690
690
690
74
548
196
125
125
38
525
525
525
525
525
525
525
525
525
525
525
525
525
525
525
525
525
525
525
525
525
525
495
128
946
946
422
422
279
94
94
105
170
690
959
580
449
203
196
125
38
38
525
710
525
525
525
525
525
525
525
237
183
298
946
185
212
212
869
212
869
652
652
652
652
652
652
652
652
652
652
212
348
959
212
882
882
590
882
652
652
652
652
212
212
869
690
212
580
580
449
779
338
173
721
138
173
138
173
710
232
173
173
125
525
173
173
173
173
173
946
212
212
279
212
580
74
548
196
946
279
94
279
170
170
120
105
41
690
959
580
449
548
338
38
173
173
173
167
806
806
279
349
41
690
74
548
196
125
38
173
173
173
451
279
94
689
137
463
74
548
196
125
38
739
173
173
173
429
279
185
279
170
170
689
170
170
604
604
604
689
604
604
466
959
185
590
1008
212
946
212
120
212
212
212
869
212
422
105
170
170
170
185
170
105
248
170
341
170
604
604
801
590
1008
582
946
341
341
185
170
170
170
120
170
466
690
580
74
548
196
125
38
38
525
525
525
525
525
525
525
137
173
173
298
185
946
94
604
170
185
170
170
959
580
74
548
196
125
38
38
173
173
525
901
173
298
349
580
449
548
196
125
38
38
525
525
525
525
901
137
680
882
882
652
652
652
652
652
652
652
652
652
652
212
869
212
361
697
882
652
652
120
652
652
652
212
349
466
690
580
449
196
387
721
173
77
138
173
173
173
173
232
173
142
710
525
525
525
525
173
173
173
946
212
279
212
212
869
212
212
212
212
869
94
170
170
466
192
690
74
449
196
125
125
77
173
173
298
946
137
279
23
349
580
449
196
338
443
38
38
173
173
298
279
279
690
690
580
74
548
196
125
125
38
901
173
173
298
946
279
689
698
212
212
212
869
212
698
120
698
170
422
212
590
697
697
716
652
212
869
212
869
212
869
185
212
212
869
94
170
716
937
105
248
341
689
170
466
690
959
580
580
449
548
338
125
38
710
525
525
685
525
525
525
525
525
525
186
