625
350
583
632
592
632
609
318
243
916
367
350
889
632
606
828
140
848
835
350
889
350
889
632
319
606
764
922
207
178
999
351
985
566
368
240
286
240
1017
240
240
333
240
202
240
817
166
606
510
140
68
271
824
351
774
147
147
870
843
608
504
608
504
608
504
608
504
608
504
828
477
271
913
892
672
892
672
209
1017
878
317
479
479
259
259
317
259
259
276
259
259
479
479
479
259
259
259
259
541
128
848
447
303
335
43
43
107
491
895
541
740
437
296
271
913
25
892
705
672
705
12
958
12
209
209
317
276
479
479
479
479
276
276
259
479
479
972
276
276
113
746
829
590
303
150
150
901
758
63
399
993
511
466
392
590
112
112
150
150
107
107
107
421
421
599
599
599
116
137
599
599
599
599
599
599
154
154
599
599
599
599
599
762
154
241
447
590
779
913
335
443
107
491
107
599
357
357
357
599
599
110
599
599
599
599
599
599
599
599
599
599
599
599
599
157
762
68
449
779
25
672
705
672
209
12
209
317
209
317
276
317
479
146
491
276
479
479
276
276
479
116
146
276
146
762
146
447
590
559
796
350
274
110
445
541
828
68
178
999
372
985
566
368
566
286
577
140
243
697
697
727
628
174
541
541
901
318
477
271
913
892
672
705
12
209
12
209
317
209
317
479
317
276
276
259
259
901
737
522
835
796
350
274
881
609
318
922
207
477
303
150
762
154
762
762
758
1012
1012
399
477
779
913
892
596
672
209
213
209
276
259
259
259
259
268
268
777
762
762
510
118
824
574
774
147
774
843
504
843
504
843
504
843
504
843
843
843
828
158
922
207
271
824
574
274
147
563
489
504
608
504
608
504
608
504
608
504
608
504
608
316
608
316
316
316
116
445
504
469
828
737
827
761
559
574
122
147
828
158
922
207
761
271
824
574
774
147
870
489
504
881
504
608
504
469
504
469
504
316
116
316
797
23
798
469
62
469
881
541
541
113
207
178
999
40
985
566
368
566
286
240
577
240
202
577
578
240
578
240
240
240
240
240
240
240
578
811
240
378
922
207
916
40
440
40
606
200
534
318
1012
629
522
1002
440
40
566
368
166
606
510
140
243
118
999
372
368
166
368
166
126
166
126
166
126
166
606
378
938
63
110
547
