625
305
305
305
305
305
305
305
305
305
305
305
305
305
527
688
358
696
720
696
720
696
720
527
720
696
720
696
720
720
720
720
696
720
696
720
696
720
696
720
696
720
696
720
696
720
720
720
720
696
527
696
720
696
720
696
720
696
720
696
720
696
720
720
696
720
696
347
696
347
696
347
696
347
696
347
696
347
696
696
347
696
347
696
347
696
347
696
347
696
347
696
347
696
347
84
805
347
805
347
805
347
805
347
805
347
805
347
805
347
805
347
84
805
347
805
347
805
347
805
347
805
347
805
347
805
347
805
347
347
805
347
805
347
805
347
805
347
805
347
805
347
805
347
805
347
347
805
347
805
347
805
347
805
347
805
347
805
347
805
347
805
347
347
805
347
805
347
805
347
805
347
805
347
805
347
805
347
805
299
347
805
347
805
347
805
347
805
633
805
347
805
347
805
929
805
929
929
805
929
805
347
805
933
805
933
805
633
805
929
805
929
929
929
929
929
929
642
929
805
929
805
929
642
929
805
929
642
929
929
929
929
929
929
929
929
642
929
642
929
642
929
642
929
184
929
929
929
929
929
929
929
929
929
929
642
929
929
633
929
929
527
527
223
929
929
929
929
929
929
929
929
929
929
929
929
929
929
929
929
929
929
929
929
929
929
929
929
937
527
223
929
110
929
929
929
929
929
929
929
929
929
929
929
511
993
527
527
11
11
11
399
11
11
11
688
688
358
358
789
789
789
789
789
789
789
789
789
789
789
789
789
789
789
789
789
789
789
789
789
789
789
789
789
789
789
436
436
436
436
436
436
436
436
436
436
436
436
436
436
436
436
436
436
436
436
436
436
436
436
436
789
789
789
789
789
789
789
789
789
789
789
789
789
789
789
789
789
789
789
789
789
789
789
789
789
789
789
789
789
789
257
436
436
436
436
436
436
436
436
436
436
436
436
436
436
436
436
436
436
436
436
436
436
436
436
430
430
430
430
430
430
430
430
430
430
430
430
430
430
430
430
430
430
430
430
430
430
430
430
430
430
430
430
42
184
42
42
42
42
42
42
42
42
42
42
42
42
42
42
42
42
42
42
42
42
42
42
42
42
430
430
430
430
430
430
430
430
430
430
430
430
430
430
430
430
430
430
430
547
