1012
522
522
522
260
786
91
522
522
522
633
91
91
522
522
295
505
62
447
447
151
20
889
553
735
256
257
218
785
521
662
662
827
662
850
265
970
355
367
690
276
256
276
256
256
256
735
685
389
330
931
707
339
737
279
262
345
367
563
281
256
256
256
852
676
661
568
895
48
44
516
632
632
632
638
616
616
521
785
218
616
692
638
616
638
616
145
616
431
748
748
667
145
527
121
649
924
931
963
145
121
332
478
989
667
145
963
748
853
145
527
416
342
279
262
208
367
388
439
439
105
410
241
241
685
332
989
105
72
416
342
94
736
448
367
388
873
435
444
410
802
903
947
389
330
233
6
216
95
279
559
27
367
388
281
333
753
78
802
852
409
661
568
895
48
44
941
217
217
21
1010
72
685
332
478
354
630
72
982
692
776
72
125
72
627
332
551
989
630
72
72
649
924
233
867
72
685
332
478
354
72
72
982
649
733
931
72
72
1008
450
559
968
367
388
281
439
105
410
621
903
685
332
478
354
72
72
342
598
1001
968
367
388
281
435
444
105
802
802
452
649
924
233
867
72
1008
279
559
27
367
388
281
333
753
78
621
903
661
942
895
48
326
941
217
217
217
17
72
72
685
332
444
667
72
72
622
924
233
931
72
619
627
332
478
354
80
72
649
924
233
867
72
72
664
332
478
354
72
72
850
330
924
233
72
72
691
505
559
968
367
388
295
439
233
78
256
256
685
332
478
354
630
72
167
265
41
968
367
388
281
435
753
320
550
802
982
649
924
233
6
47
409
315
236
736
172
690
281
572
41
448
367
388
947
996
278
33
532
941
260
361
309
39
532
47
260
578
33
39
532
941
691
123
704
448
522
522
310
996
278
33
39
941
722
578
33
39
532
47
722
358
33
532
941
260
578
358
33
532
941
38
342
721
356
447
151
702
889
333
889
218
218
218
521
521
218
218
218
218
1008
236
262
613
137
388
333
333
58
320
218
218
685
389
330
481
138
527
850
737
236
736
172
719
388
333
333
553
241
903
947
676
661
895
48
326
946
217
217
217
1010
745
72
951
435
354
667
72
72
649
924
733
931
758
416
118
332
989
667
431
72
649
924
233
72
72
693
332
478
354
431
72
72
196
444
667
72
72
691
505
1001
405
