306
668
482
482
774
63
143
771
401
94
1001
540
540
414
873
185
519
661
942
535
535
44
44
51
51
806
543
224
232
673
361
143
867
861
202
277
255
728
914
52
680
263
94
704
540
414
414
414
914
680
676
661
895
535
326
497
20
632
20
632
785
149
629
257
629
629
662
339
123
704
355
728
205
859
889
859
889
521
521
629
1000
629
149
145
527
339
676
568
895
535
326
44
516
632
68
312
785
1010
953
1010
143
931
644
287
62
62
205
414
914
914
680
644
94
704
540
205
414
414
914
680
5
5
5
17
125
802
802
852
852
429
661
862
535
326
44
516
146
68
424
991
17
1010
953
953
142
848
550
664
265
41
355
540
205
414
873
680
673
661
862
535
326
44
516
146
68
632
991
17
953
953
1010
142
121
644
94
62
467
255
151
702
889
473
691
123
704
355
205
414
914
52
680
676
53
895
535
326
44
516
80
68
632
521
785
257
1010
149
638
149
145
227
991
84
331
419
419
104
888
619
774
224
774
774
774
774
774
774
774
109
119
672
158
641
641
542
496
21
477
21
549
477
125
477
244
222
169
264
672
158
641
477
477
477
477
21
477
549
477
74
618
244
244
222
19
672
158
251
641
44
516
21
734
452
505
94
1001
540
205
414
414
680
680
672
158
251
641
23
76
152
734
802
5
5
802
74
477
802
169
693
119
672
171
641
641
542
496
21
734
477
477
477
802
74
477
222
169
313
118
672
171
641
641
542
496
21
734
477
477
848
477
816
222
169
334
822
158
251
641
542
496
169
263
131
704
540
540
414
414
414
680
947
672
158
331
105
802
618
72
169
452
505
958
540
540
414
414
414
680
628
870
251
641
802
859
477
943
802
5
618
5
802
410
477
802
169
313
119
672
158
641
80
542
496
21
477
477
991
802
802
802
244
222
169
852
118
672
331
641
848
477
477
21
477
991
549
477
802
74
477
222
403
313
128
279
277
467
728
414
859
859
680
850
265
94
540
540
414
414
1022
680
672
158
641
641
542
496
859
477
553
5
5
477
477
477
125
169
169
988
672
171
641
641
542
496
21
734
477
5
477
802
477
125
71
222
788
118
672
171
641
80
477
72
477
169
737
131
970
540
540
414
414
680
680
907
870
641
641
859
859
477
534
