228
343
205
1019
959
838
959
838
959
838
959
116
16
14
959
116
16
16
146
959
146
402
254
24
146
632
766
989
906
756
157
14
232
864
959
179
959
992
632
959
632
632
959
486
915
16
16
632
464
632
632
632
746
290
592
356
906
644
15
157
701
248
248
477
959
254
959
254
14
464
701
959
254
520
375
254
959
577
992
146
959
146
959
520
318
883
547
352
913
701
477
915
915
146
959
14
959
254
913
864
915
229
959
146
146
493
719
229
130
254
402
229
915
375
15
439
205
1019
205
1019
838
539
14
915
229
130
254
402
146
539
229
746
146
772
580
756
262
1020
262
146
130
146
19
254
604
64
539
64
149
229
29
906
883
229
9
477
438
438
477
149
195
149
254
149
71
608
539
71
438
413
375
756
117
707
149
348
688
238
438
383
518
229
166
229
302
753
214
806
491
756
117
348
117
348
688
774
142
290
894
753
894
753
214
143
131
806
491
958
117
348
688
348
608
238
142
290
961
518
894
137
214
594
537
577
131
481
197
194
117
348
117
348
688
688
229
518
518
518
753
242
229
214
229
222
766
197
491
756
117
348
688
688
539
518
592
594
894
945
594
143
594
319
594
182
491
594
117
594
688
594
688
594
972
181
894
594
894
594
972
594
574
131
491
958
117
644
117
348
688
238
518
592
518
753
178
229
181
753
302
229
131
182
491
756
117
348
688
238
688
915
518
383
594
594
945
594
242
594
131
577
594
197
491
756
117
348
688
238
518
518
518
894
894
753
214
137
214
137
214
481
197
491
756
117
348
688
238
518
518
518
894
894
624
214
666
438
229
214
229
197
491
117
348
117
1006
688
594
688
645
972
594
972
594
972
594
972
594
594
487
946
707
117
838
464
838
1019
838
838
915
518
883
166
547
838
838
874
586
487
946
756
646
838
1019
838
1019
915
518
894
894
229
894
229
319
594
319
182
491
756
117
348
232
348
688
915
302
481
15
15
945
668
178
229
634
766
1013
491
756
117
348
232
238
518
518
894
894
894
189
868
212
214
146
146
131
92
491
958
117
348
348
688
238
24
915
518
894
894
146
402
146
30
146
290
481
1013
491
756
697
348
688
238
688
915
518
883
883
920
945
146
214
137
214
481
1013
491
756
117
348
688
212
246
1257
2957
3502
4260
1412
2347
3246
4363
1975
2923
3192
4180
1683
2208
3377
4366
1975
2274
3195
5062
1617
2208
3352
4161
1838
2406
3930
4231
1257
2689
4082
4952
1838
2861
3381
4846
1396
2462
3231
4820
1270
3008
3119
4773
1263
3022
3756
4507
1270
2563
3841
4225
1257
2249
3372
4173
1257
2239
3642
4613
1257
2209
3896
4269
1812
2536
3311
4403
1409
2899
3711
5075
1396
2394
3311
5011
1396
2899
3119
4139
1257
2604
4056
4834
1610
2899
3833
4183
1838
3041
3349
4339
1257
2181
3675
4752
1396
2568
3311
4225
1083
2314
3171
4542
1610
2925
3642
4965
2008
2289
3954
4269
1396
2933
3429
4366
1703
2872
3461
4251
1812
3041
3492
4725
1824
2148
3585
4500
1838
2897
3429
4610
1610
3024
3887
4366
1083
2512
3642
4498
1455
2989
3843
4269
1083
2453
3642
5090
1257
2255
3789
4484
1824
2347
4089
5101
1824
2443
3685
4542
1083
2242
3639
5093
1270
2899
3320
4647
1412
2186
3546
4211
1683
2721
3959
4098
1455
2694
3743
4812
1610
2629
3414
4824
1838
2406
3642
4983
1396
2383
3372
4676
1083
2883
3642
4410
1396
2990
3372
4820
1270
3041
3480
4725
1396
2938
3832
4500
1610
2344
4090
4823
1838
2575
3331
4834
1396
3059
3660
4609
1257
2199
3311
4917
1263
2563
3174
4696
1610
2647
3372
5067
1396
2907
3881
4704
1409
2136
3681
4824
1257
2209
3642
4893
1812
2986
3136
4269
1083
2883
3585
4100
1396
2944
3372
4615
1396
2863
3833
4704
1985
2406
3461
4999
1610
2877
3642
4203
1828
2136
3251
5043
1396
2631
3171
4704
1838
2782
3320
4196
1250
2549
3247
4234
1270
2406
3805
4098
1263
2170
3542
4830
1610
2137
3652
4980
1396
2647
3623
4845
1610
2884
3757
4362
1838
2848
3923
4681
1993
2170
3107
4866
1452
2347
3585
4647
1669
2089
3623
4820
1270
2549
3604
4730
1396
2269
3884
4610
1216
2594
3890
4699
1083
2137
3182
4672
1610
3047
3398
4266
1412
2252
3110
4882
2042
2225
3730
4629
1424
2406
3763
4812
1424
2821
3348
4707
1083
2649
3857
5020
1455
2180
3274
4305
1083
2438
3694
4915
1824
2971
3352
4853
1396
2253
3264
4905
1270
3041
3877
4194
1396
2452
3535
4133
1828
2922
3877
5040
1396
2535
3133
4517
1270
2252
3407
4424
1812
2130
3133
4108
2045
3028
3327
4751
1452
2314
3757
5087
1270
2252
3856
4551
1812
2549
3859
4850
1409
2277
3910
4621
1669
2089
3896
4423
1838
2333
3657
4133
1610
2289
3859
4265
1838
2789
3251
4823
1610
2771
3952
5096
1996
2289
3270
4856
1610
2170
3684
4982
1838
2608
3375
4593
1610
2972
3896
4866
1996
2185
3898
5103
1436
2815
3623
4800
1626
2869
3369
4823
1718
2224
3567
4127
1396
2877
3257
5006
1718
2484
3657
4133
1812
2588
3587
4184
1838
2331
3333
4098
1993
2284
4082
4364
1920
2331
3398
4474
1993
2567
3916
4456
1669
2770
3182
5031
1250
2631
3293
5020
1396
2511
3251
5031
1396
2815
3764
4673
1824
2380
3681
4120
1838
2347
3787
5096
1455
3042
3856
4334
1083
2956
3311
5071
1250
3041
3841
4660
1597
2501
3414
4108
1610
2830
3088
4935
1669
2401
3762
4971
1828
2224
4056
4199
1396
2748
4032
5108
1270
2809
3549
4791
1936
2253
3929
4921
1396
2182
3657
4989
1838
3069
3325
4266
1610
2331
3398
4456
1838
2406
3674
4823
1610
3064
3698
4694
1838
2882
3940
5108
1610
2646
3990
4373
1838
3029
3269
4864
1610
2647
3476
4970
1396
2671
4042
4585
1718
2567
4082
5119
1083
2237
3535
4782
1940
2347
3585
4803
1583
2395
3376
4604
1828
2549
4052
4175
2032
2971
3185
4183
1519
2971
3142
4860
2032
2936
3413
4955
1597
2552
3935
4636
1455
2644
3690
5110
2006
2874
4056
4398
1838
2531
3297
4823
1982
2985
3413
4150
1996
2289
3304
5094
2032
2971
4021
4549
1940
3029
3843
4709
1396
2887
3656
5025
1896
2912
3783
4426
1250
2716
3959
4892
1396
2857
3142
4532
1412
2132
3733
4519
1435
2166
3506
4375
1878
2923
3389
4651
1830
2252
3879
4127
1814
2861
3699
4696
1846
2684
3073
4380
1838
2284
3231
4856
1874
2923
3585
4551
1250
2511
3231
4827
1838
2923
3592
4638
1396
2923
4052
4377
1083
2923
3859
4391
1753
2349
3504
4839
1812
2941
3375
4874
1396
2923
3429
4588
1263
2536
3246
4240
1396
2754
3625
4846
1610
3012
3097
4264
1874
2585
3447
4915
1257
3065
3180
4881
1610
2833
4008
4823
1348
2529
3811
4802
1838
2585
3452
4965
1610
2212
3259
4629
1874
2270
3787
4874
1838
2762
3923
4158
1985
2185
3369
4767
1874
2701
3291
4965
1814
3041
3515
4196
1191
2702
3833
4532
1424
2130
3595
4748
1984
2809
3623
4483
1666
2347
3909
4561
1610
2478
3251
4761
1083
2176
3401
4164
1771
2977
3843
4564
1610
2268
3843
4551
1996
2154
4091
4939
1703
2253
3304
5049
1083
2821
3248
4556
1936
2433
3622
4931
1874
2800
3414
5117
1526
3050
3940
4150
1993
3029
3617
4973
1083
2990
3887
5093
1669
2529
3839
4118
1270
2277
3474
4895
2032
2971
3376
4895
1396
2875
3868
4529
1838
2874
4008
4823
1396
2096
3966
4351
1270
3041
3293
4313
1083
2549
3523
5061
1812
2269
3551
4318
1083
2837
3990
5097
1812
2759
3880
4477
1874
2333
3964
4565
1396
2629
3586
4672
1396
2791
3264
4197
1915
2333
3628
4502
1838
2531
4038
4194
1610
2225
3843
4866
1083
2851
3097
4419
1083
2986
3222
4247
1984
2252
3130
4501
1083
2492
3447
4446
1824
2830
3311
4854
1396
2906
3704
4408
1083
2989
3671
5070
2045
2462
3831
5107
1597
2791
3881
4610
1083
2851
3269
4763
1838
2161
3309
4822
1626
2344
3673
4332
1479
2252
3675
4265
1666
2419
3728
4614
2032
2822
3097
4720
1985
2057
3673
4972
1216
2191
3887
5108
1610
2788
3653
4190
1610
2938
3763
4240
1993
2230
3893
4852
1424
2252
3335
4332
1669
2874
3909
4754
1431
2976
3409
4488
1636
2741
3398
4767
1828
2347
3623
4439
1812
2910
3325
4318
1610
2094
3727
4999
1597
2594
3670
4183
1427
2470
3856
4232
1348
2177
3293
4888
1896
2133
3839
4823
1771
2933
3810
4774
1555
2933
3264
5087
1565
2520
3264
4153
1216
3063
3231
4678
1669
2284
3338
4183
1874
2531
3287
4704
2032
2646
3990
4324
2032
2696
3625
4542
1635
3050
3231
4318
1666
2421
3293
4564
1583
3050
4022
4636
1583
2464
3288
4888
1564
2906
3993
5117
1452
2889
3231
4643
2001
2133
3246
4830
2006
2850
3474
4823
1216
2564
3990
4175
2028
2175
4052
5056
2001
2507
3551
4494
1597
2549
4042
4224
1636
2869
3297
4950
1838
2644
3856
4501
1555
2140
4030
4865
2006
3054
3990
4121
1610
2694
3269
4823
1743
2588
3764
4888
1664
2212
3585
5058
1947
2459
3080
4224
1896
3041
3623
4176
1759
2277
3119
4525
2032
2130
4027
4384
1982
2350
3293
4244
1216
2907
3447
4108
1216
2877
3474
4329
1216
2735
3297
4385
1703
2225
3843
4132
1669
2567
3515
4439
1216
2649
3783
4351
1216
3012
3783
4351
1216
2162
3338
4150
1216
2791
3702
4637
1925
3022
3702
5049
1925
2081
3515
4763
2032
2936
3555
4127
1396
2190
3925
4451
1703
2314
3338
4790
1982
2869
3166
5007
1838
2720
3604
4540
1703
2957
4016
4367
2006
2567
3935
4403
1993
2421
3739
4385
1703
2147
3923
4705
1666
2190
4094
4248
1764
3035
3281
5049
1896
2936
3467
4961
2006
2165
3449
4127
1993
3000
3293
4821
1703
2147
3869
4256
1664
3050
3148
4549
1216
2883
4000
4385
1216
2800
3904
4296
1216
2748
3951
4926
1216
2990
3990
4384
1216
2990
3447
4962
1982
3050
4053
5099
2032
2818
3923
4926
1216
2180
3672
4817
2032
2649
3409
4700
1940
2277
4091
5003
1564
2770
3835
4460
1651
2289
3585
4743
1583
3035
3702
4332
1651
3008
3965
4895
1936
3007
3625
4125
1936
2727
3625
5040
1874
2062
3506
4390
1597
2119
3805
4106
1812
2596
3559
4392
1838
3046
3657
4999
1703
2829
3623
4509
1812
2549
3095
4331
1555
2083
3826
4351
1216
2925
3352
4490
1812
2907
3585
4560
2032
2470
3644
4561
1270
2608
3673
4157
1610
2608
3719
4660
1743
2946
3293
4184
1626
2627
3597
4823
1396
2609
3901
4503
1940
3050
3251
4672
1396
2791
3990
4347
1651
3022
3276
4455
1396
2119
3585
5108
1216
3012
3623
4927
1626
2452
3293
4756
1812
2269
3907
4423
1925
3009
3142
4555
1626
2549
3514
4285
1788
2844
3782
4119
1626
3039
4084
4823
1939
3041
3585
5056
1626
2813
3264
4802
1216
3008
3251
4790
2045
2800
3365
4556
1597
2939
3741
4138
1666
2510
3585
4800
1838
2452
3293
4898
1703
2467
4005
4117
1610
2644
3307
4763
1743
2121
3783
4717
1626
2655
3923
4755
1838
2397
4093
4260
1764
2567
3715
4556
1270
3041
3449
4379
1610
2694
3884
4350
1626
3012
3526
5093
1626
2777
3623
5029
1626
2936
3542
4350
1925
2712
3747
5056
1626
2649
3284
5029
1939
2257
3777
5069
1396
2224
3415
4122
1485
2627
3091
4134
1535
2451
3777
4676
1867
2915
3940
4443
1485
2767
4043
4470
1828
2402
3514
4385
1867
2489
4006
4556
1626
3012
3555
4806
1651
2506
4088
4443
2045
2085
3115
4135
1812
2453
3831
4754
1838
2452
3555
4185
1597
2261
3449
4153
1812
2989
4043
5070
1250
2505
3555
4232
1535
2938
3673
4973
1812
2890
3684
5058
1564
2883
4077
4256
1270
3032
3212
5010
1825
2181
3232
4526
1161
2971
3625
5036
1535
2506
3923
4374
1516
2181
3662
4106
1813
2181
3115
4316
1535
2052
3231
4292
1485
2905
3526
4292
1535
2052
3449
4623
1516
2510
3602
4503
1535
3050
3425
4589
1485
3035
4004
4414
1485
2181
3747
4414
1485
3008
3951
4806
1651
2818
3582
4494
1925
2978
3555
5077
1485
2907
3600
4546
2045
3032
3552
4838
1925
2289
3555
4241
1669
2277
3437
4615
1996
2833
3377
4456
1703
2936
3919
4681
1610
2607
3449
4108
1828
3029
3281
4609
1409
2185
3555
4224
1669
2699
4091
4755
1083
2268
3183
4351
1896
2579
3923
4364
1610
2054
3743
5024
1703
2366
3224
4690
1788
2765
3783
5059
1083
2920
3997
5056
1216
2181
3257
4767
1216
3008
3970
4687
1216
2920
3281
4581
1396
3012
3869
4484
1216
2119
3990
4705
1083
2224
3265
5056
1216
2748
3990
4852
1519
2990
3555
4583
1216
2791
3406
4861
1409
2501
3876
4460
1519
2333
3623
4823
1216
2307
3990
4246
1216
3022
3111
4503
1216
2119
4006
4443
1788
2791
3226
5093
1606
2224
3555
4701
1669
2789
3293
4955
1215
2862
3935
4839
1083
2274
3111
4983
1838
2717
3535
5009
1838
2506
3293
4162
1703
2467
3293
4621
1610
2552
3839
4108
2032
2897
3684
4307
1597
2764
3628
4322
1838
2230
4055
4274
1764
2510
3990
5074
2006
2748
3398
4619
2006
2671
3482
4864
1396
2889
3540
4810
1651
2604
3504
4256
1396
2411
3449
5041
1485
2119
3376
5029
1396
2119
3924
5112
1396
2905
3935
4573
1485
2905
3747
4414
1396
2905
3573
4332
1485
2976
3251
4414
1396
3012
3613
5028
1651
3028
3478
4831
1651
2791
3096
4771
1651
3012
3259
4414
1651
2628
4042
4418
1396
2791
3231
4522
1396
2681
3119
4246
1396
3023
3338
4927
1764
2821
3447
4755
1703
2248
3622
4898
2006
2619
3783
4924
1610
2741
3291
4357
1703
2147
3224
4366
1083
2869
3605
5049
1838
2645
3138
4099
1703
2467
3923
4197
1083
2964
3901
4829
2032
2986
3923
4893
1216
3047
4042
4105
1409
2869
3659
4192
1083
2181
3921
4328
1216
2791
3764
4850
2001
2579
3623
4296
1216
2568
3990
4384
1828
2848
3310
4351
1216
2942
3896
4339
1216
3012
3559
4873
1216
2119
4088
4456
1216
2421
3437
4529
1216
3012
4053
4164
1216
2800
3990
4810
1216
2800
3844
4332
1216
3012
3831
4451
1216
2696
3690
4810
1216
2333
3990
4500
1216
2419
3398
4900
2032
2767
3115
4676
1838
3029
3933
4215
1270
2185
3924
4619
1610
2453
3535
4498
1703
2380
3924
4470
1664
2185
3555
5079
1838
2764
3950
4629
1703
2639
3990
4854
2006
2912
3098
5012
1610
2764
4008
4600
1703
2889
3235
4970
1216
2800
3868
4332
1452
2544
4079
4715
1216
3008
3555
4770
1216
3008
3449
5058
1396
2868
3844
4546
1703
2121
3950
4443
1216
2419
3951
4120
2032
2436
4042
4604
1396
2707
3555
4215
1519
2467
3449
4934
1857
2877
3707
4249
1216
2944
3111
4460
1669
2945
3824
4332
1216
3028
3804
4672
1409
2748
3555
5112
1669
2939
4072
4853
1940
2506
3310
4318
1216
2177
3158
4919
1651
2510
3690
4800
1436
2552
3997
4615
1993
2874
3474
5106
1597
2186
3964
4943
1664
2344
3205
4858
1838
2815
3987
5069
2010
2344
4083
5046
2006
2978
3119
4546
1161
3008
4083
4561
1597
2224
3293
4788
1664
2467
3555
5064
2032
2907
3935
5094
1703
2942
3782
5056
1610
2651
3843
4814
1535
2138
3835
4285
1535
2410
3729
4553
1812
2958
3401
4914
1830
2978
3373
4198
1270
2905
3340
4549
1485
2619
3354
4715
1161
2978
3903
4676
1535
3047
3613
4145
1516
2905
3662
4921
1940
2905
3467
4494
1270
3058
3338
4866
1535
2052
3333
5049
1250
2208
3621
5058
1485
2869
3764
4398
1867
2596
3702
4303
1838
2313
3684
4612
1396
2601
3673
5087
1610
2347
3531
4862
1610
2453
3251
4109
2032
2344
4083
4772
1597
2764
3100
4490
1626
2813
4083
4911
1564
2459
4083
4536
1703
2618
3095
4676
1867
2619
3450
5040
1824
2889
4083
4983
1216
2905
3868
4490
1764
2936
3770
5064
1764
3035
4083
4635
1896
2459
3478
5069
1610
2162
4083
4866
1626
3012
4083
4491
1083
2905
3951
5040
1993
2946
3613
4195
1516
3012
3719
4414
1565
2506
3323
4549
1664
2829
3198
4549
1764
2619
3996
4403
1813
2990
3887
5064
2046
2165
3984
4390
1610
2209
3996
4660
1626
2735
4083
4911
1161
3028
3673
4965
1455
2443
3857
5105
1812
2944
3259
4949
1812
2252
3478
4822
1083
2277
3613
4526
1396
2746
4016
4697
1216
2314
3690
4875
1703
2850
3111
4145
1703
2248
3585
4443
1610
2642
3406
4697
1896
2393
3880
4823
1610
2955
3642
4180
2006
2628
3557
4965
1610
2771
3254
4763
1982
2955
3500
4994
1993
3007
3413
4823
1216
2421
3870
4763
1788
2712
3559
5096
1216
2169
3486
4784
1626
2907
3231
4555
1982
3009
3500
5095
1626
3012
3741
4823
1635
2462
3843
4965
1626
2818
3231
4726
1519
2971
3672
4710
1216
2815
3996
4853
1529
2877
4056
5003
1940
2877
3148
4248
1838
2083
3264
4305
1555
2764
3100
5093
1703
2333
3685
4678
1703
2789
3179
4274
1703
3022
3870
4111
1759
3028
3868
5035
2006
2913
3883
4606
1993
2393
3541
4456
2006
2540
3535
4549
1993
2607
3413
4175
1993
2972
3297
5049
1263
3047
3291
4459
1788
2789
3990
4983
1396
2801
3450
5093
1216
2791
3990
4834
1764
2579
3198
4555
1396
2234
3284
4500
1637
2971
3653
4305
1396
2386
3672
4823
1216
2721
3119
4950
1396
2478
3195
4928
1216
3012
3942
4965
1216
2627
3585
4150
1982
2989
3623
4132
1216
2857
3982
4184
1216
2248
3782
5056
1606
2276
3891
4493
1083
2818
3647
4422
2032
2579
3447
4594
1555
2764
3373
4982
1555
2567
3291
4351
1703
2333
3377
4555
1703
2989
3254
5063
1610
2133
3301
4500
1610
2552
3542
4319
2006
2971
3357
4414
2006
2567
4032
4588
1993
2881
3670
4812
1409
2740
3949
4773
1396
2857
3073
4608
1216
2712
3804
4773
1216
3012
3990
4100
1216
2939
3623
4546
1396
2972
3237
4862
1626
2972
3747
4823
1216
2748
3398
5037
1940
2185
3376
4260
1945
2567
3284
5056
1982
3050
4074
4751
1216
2333
3674
4108
1216
2913
3987
4403
1216
2942
3990
4269
1216
2813
3621
4830
2032
2946
3951
4403
2032
2579
3688
4862
1606
2612
3302
4269
1606
3050
3990
4924
1216
2535
3727
4526
1812
2326
3365
5110
1348
2130
3743
4175
1788
2874
3600
4313
1263
2255
3964
5082
1083
2604
3284
4722
1996
2321
3333
4153
1703
2154
3747
5063
1703
2109
3719
4443
1982
2567
3868
4949
1083
2455
3621
4864
1519
2225
3802
4895
1764
2277
3782
4852
1812
3029
3940
5045
1813
3029
3925
4924
1216
2857
3966
4296
1452
2786
3704
4752
1606
2478
3990
4841
2006
2333
3373
4773
1788
2971
3585
4866
1925
2939
3933
4610
1764
3028
3639
4839
2032
2333
3464
4848
1703
2544
3623
4751
1519
2508
3235
5035
1216
2462
3335
4351
1788
2451
3942
4926
1216
2971
3704
4822
2032
2913
3542
4957
1216
2462
3526
4800
1703
2874
3447
5056
1703
2689
3607
4608
1057
2579
3825
4983
1610
2462
3628
4403
2006
2833
3940
4350
1993
2243
3783
4804
1993
2789
3923
4403
1263
3007
3933
4589
1788
2697
3990
4136
1788
2883
3990
4490
2032
2239
3674
4812
1764
2350
3534
4258
1216
2990
3990
4889
1216
2883
3674
4161
1216
2920
3688
4274
1216
3009
3398
4581
1216
3012
3966
4800
1216
3008
3259
4611
1216
2877
3623
4332
1216
3012
3940
4460
1519
2877
3179
5094
1216
2501
3745
4770
1216
2883
3747
4351
1982
2671
3719
4612
1626
3008
3296
4823
1216
2857
3923
5050
1216
2883
3372
4145
2028
2881
3596
4725
2028
2344
4052
4973
1666
2326
3674
4307
2006
2277
4000
4351
1886
2133
3398
4845
2032
2677
3333
4249
2032
2788
3338
4950
2032
2925
3377
5049
1703
2788
3965
4780
1703
2989
3447
4108
1610
2347
3674
4905
1216
2985
4089
4322
2006
3009
3730
4733
1788
2511
3951
4872
