165
909
593
789
786
622
205
734
528
623
807
593
505
145
439
453
763
623
593
391
725
27
785
372
189
46
728
754
85
447
85
447
85
42
28
634
746
788
494
786
622
490
46
492
447
943
788
505
764
815
501
46
739
718
393
743
485
882
848
386
393
393
256
218
494
684
111
352
478
1020
718
943
218
735
180
644
9
754
886
253
211
449
23
447
118
118
704
282
553
300
937
180
824
824
754
754
213
383
623
623
386
1015
391
391
943
391
300
786
205
646
593
391
453
710
752
593
364
304
304
453
304
312
436
56
29
747
737
6
300
735
622
3
453
466
86
593
635
312
671
184
184
184
184
209
29
62
184
330
184
184
13
818
184
942
184
793
179
560
560
3
793
775
793
942
209
818
28
793
560
560
560
822
326
560
1000
114
632
660
560
660
984
660
81
114
81
114
81
468
606
775
660
560
660
114
660
326
660
86
660
1000
660
1000
984
660
1000
28
231
326
1000
660
606
1000
660
114
1000
541
33
1004
660
984
773
660
606
984
660
687
1000
660
687
984
660
660
984
660
606
114
660
660
1000
660
984
984
660
606
468
660
496
496
660
125
620
660
537
632
1000
231
984
231
326
231
988
660
326
660
703
1000
86
703
496
660
843
984
660
429
231
1001
974
326
231
326
660
496
843
125
620
125
620
125
496
710
125
620
125
620
125
620
496
125
687
125
620
125
825
585
113
620
128
362
125
86
125
511
496
128
620
128
620
125
984
660
125
908
825
908
660
825
231
231
170
660
496
908
994
620
128
645
884
574
972
465
141
231
679
974
620
605
803
783
428
584
428
584
141
647
679
114
451
660
605
465
428
465
428
584
428
465
141
141
939
465
428
465
428
213
584
141
141
706
113
451
660
706
451
113
620
113
465
113
706
717
113
605
113
783
611
783
428
584
391
113
362
605
611
465
113
1016
1001
315
391
391
113
362
113
362
980
128
362
128
155
113
362
825
113
362
128
362
128
362
113
113
362
128
362
128
362
113
825
362
128
362
128
362
113
980
980
113
362
128
363
113
980
170
113
362
128
362
113
362
363
363
363
113
362
128
433
113
113
362
113
362
113
433
64
750
64
113
362
113
363
113
773
363
113
750
852
58
935
942
376
113
436
113
433
884
461
433
113
980
64
573
1287
2859
3340
4414
1287
2935
3773
4631
1807
2720
3913
4414
1764
2964
3730
4713
1284
2257
3491
4977
1557
2326
3104
4322
1270
2825
4030
4414
1354
2738
3608
4202
1597
2512
3608
4455
2032
2692
3703
4313
1815
2457
3924
4759
1860
2746
3428
4647
1248
2261
3413
4972
1991
2897
3715
4676
1991
2604
3511
4820
1991
2965
3966
4733
2025
2314
3110
4532
1659
3012
3467
4335
1755
2788
3158
4829
1659
2438
4077
4504
2015
2890
3621
4484
1755
2467
3790
4860
1993
2463
4008
4601
2015
2728
3511
4830
1720
2544
3951
4508
1899
3009
3333
4763
1334
3041
3764
5094
2023
2869
3951
4431
1924
2467
3844
4592
1365
2201
3440
4688
1981
2289
3552
4782
1777
2842
3608
5079
1557
2531
3315
4593
1998
2294
4003
4594
1369
2172
3587
4274
1217
2363
3243
4908
1765
2814
4030
4400
1534
2368
3210
4925
1107
2368
3149
4558
1765
2771
3304
4918
1638
2090
3552
4954
1234
2262
3608
4763
1146
2531
3210
4782
1638
2945
3182
4558
1234
2811
4048
4097
1280
2119
3536
4891
2017
2883
3456
4559
1581
2276
3078
4240
1217
2368
3514
4727
2017
2119
3304
4728
1159
2175
3536
4533
1743
2262
3154
4327
1051
2276
4039
4770
1287
2922
3839
4253
1780
2212
3976
4918
1280
2165
3950
4872
1404
2228
4052
4242
1367
2964
3101
4711
1993
2344
3869
4571
1211
2949
3424
4149
1998
2465
3259
4853
1369
2531
3498
4586
1280
2945
3098
4497
2017
2568
4064
5029
1780
2727
3303
4873
1215
2147
3800
5020
2017
2421
3072
4411
1780
2945
3644
4497
2015
2350
3111
5009
2017
2307
4004
4625
1331
2088
3951
4436
1059
2212
4077
4537
1664
2956
4077
4324
1410
2279
3225
4705
1993
2691
4005
4192
1849
2750
3621
4475
1835
3012
3678
5050
1759
2859
3775
4436
1788
2649
3673
4983
1835
2762
3869
4839
1720
3046
3095
4654
1694
2992
4000
5087
1291
2644
3909
5087
1835
2573
3098
4681
1780
2993
3890
4810
1664
2887
3976
4402
1998
3023
3862
4935
1780
2976
3182
4907
1588
2741
3095
4875
1835
2869
3297
4221
1331
2936
3618
4346
1694
2350
3862
4934
1188
2851
3182
4771
1331
3063
3182
4337
1694
2691
3182
4983
1188
2796
3183
4817
1327
2148
3477
4817
1759
2671
3388
4766
1588
2565
3467
4800
1835
3008
3987
4637
1759
2791
3841
4721
1694
2175
3522
4460
1188
2936
4016
4860
1720
2859
3154
5114
1694
2776
3942
4961
1188
2119
3935
5029
1835
2182
3777
5110
1780
2544
3891
4150
1181
2791
4079
4931
1835
3070
3869
4494
1410
2249
3647
5090
1711
2380
3903
5011
1589
2907
3127
4126
1955
2573
3822
4739
1711
2133
3652
4221
1720
2906
4032
4384
1884
2277
3526
4221
1188
2925
3542
4853
1279
2989
3839
4853
1694
2942
3521
4927
1188
2800
3741
4477
1331
2276
3690
4346
1694
3012
3764
4905
1188
2837
3825
4860
1331
2564
4094
5025
1694
2421
3976
4484
1188
2119
3824
4221
1331
3063
3111
4460
1694
2933
3891
4483
1188
2544
3942
4862
1331
3063
3456
5110
1694
2818
3542
4926
1188
2612
3950
4431
1720
2699
3942
4132
1755
2591
3952
4351
1664
2412
3235
4127
1896
2573
3310
5029
1696
2255
3202
4549
1791
2225
3887
4949
1594
2309
4087
4889
1780
2699
3890
5029
1188
2925
3935
4615
1835
2721
3933
4487
1924
2419
4052
4335
1884
2925
4056
4763
1317
2936
3674
4201
1895
2830
3478
4942
1924
2937
3901
4810
1694
2644
3869
4771
1807
2720
3304
4862
1696
2638
4039
4931
1694
2949
4030
4132
1188
2721
3715
5115
1155
2097
3111
4374
1815
2753
3425
4351
1188
2224
3951
4127
1594
2506
3325
4942
1924
3012
3690
5052
1188
2712
3665
4891
1284
2445
3986
5010
1535
2437
3430
4741
1263
2612
3284
4994
2017
3028
3235
4787
1652
2117
4077
4318
2015
2506
3878
4858
1835
2528
3517
4546
1367
2764
3711
4161
1457
2147
3979
4487
1835
2455
3933
4862
1780
2979
4043
5099
1188
2889
4043
4374
1835
2746
3741
4810
1780
2889
3966
4132
2015
2225
3772
4187
2017
2862
4085
5050
1801
2360
3600
4386
1993
2274
3602
4537
1460
2660
3721
4484
1392
2233
3878
4949
1059
2699
3662
4690
1835
2453
3348
4931
1801
2925
3154
4926
1264
2307
4043
4820
1491
2808
3596
4755
1857
2936
3947
4221
1857
3025
3583
4477
1857
2774
3723
4862
1925
2936
3198
4860
1936
2448
3508
5108
1857
2183
3834
4302
1925
2910
3508
4699
1317
2968
4091
5008
1925
3007
3235
5027
1755
2568
3743
5027
1604
2721
3126
4937
1764
2756
3095
5049
1291
2525
3478
4255
1057
2082
3419
4850
1759
2082
3499
4822
1263
2359
3502
4871
1558
2591
4094
4165
1798
2506
4053
4314
1588
2796
4014
4732
1206
2642
3855
5018
1418
2257
3188
4488
1263
2249
3191
4843
1996
2491
3137
5001
1455
2846
4030
4732
1661
2275
3302
4883
1705
2540
3947
4714
1604
2405
3309
4937
1597
2130
3458
5026
1996
2968
3370
4250
1557
2793
3094
4705
1664
2083
3525
5022
2017
2912
3682
4808
1764
2119
3835
4522
1998
2214
3409
4244
1186
2967
3258
4299
1709
2719
3542
4898
1759
2719
3790
4412
1993
2351
3307
5079
1798
2424
3307
4886
1188
2962
3937
4231
1392
2740
3929
4529
1788
2869
3728
4924
1291
2115
3909
4539
1557
3009
3262
4843
1896
3009
3201
5026
1835
2121
3307
4801
1331
2793
3984
4972
2035
2700
4032
4455
1788
2985
3577
4961
1558
3069
3447
4455
1815
3009
3335
4676
1481
2350
3623
4676
2046
2467
3727
4346
1188
2830
3307
5027
1317
2830
3307
5027
1481
2644
4039
5027
1317
2788
3786
4972
1696
2788
3179
4432
1720
2918
3728
4979
2046
2791
3824
4522
1759
2741
3665
4197
1788
2887
3782
4403
1788
2863
3340
4322
1857
2717
3929
5027
1857
2801
3420
5049
1188
2467
3728
4106
1835
3028
3500
4318
1807
2735
3952
4120
2025
2601
3747
4318
1720
2677
3327
4994
1759
3023
3338
4925
1720
2735
3185
5049
1815
2411
3763
4474
1815
2564
4072
4322
1181
2314
3921
4621
1317
2649
3893
5049
1188
3069
3881
4972
1807
2869
4039
4817
1807
3008
3698
5027
1835
2936
3742
4817
1720
2788
3728
4684
1924
2253
3414
4830
1924
2619
3335
4971
1924
3043
3880
5029
1694
2224
3887
4151
1181
2672
3706
5052
1181
2883
3901
5029
1981
2330
3595
5114
1981
2619
3736
4905
1317
2788
3952
4702
1298
2735
3893
4346
1155
2990
3778
5114
1899
2419
3903
4255
1924
2672
3335
4332
1554
2949
4079
4624
1317
2535
3924
4346
1181
2880
3673
4983
1995
2869
3952
4950
1345
2869
3742
4589
1981
3009
4079
4921
1981
3009
3952
5037
1248
3009
3743
4678
1298
3009
3595
4889
1991
2638
3335
4889
1924
3009
3782
4332
1924
3009
3175
4625
1995
2986
3903
5031
1815
3023
3903
4331
1181
3009
3778
4384
1317
2801
3839
5096
1589
2956
3673
4820
1317
2788
4008
5058
1807
2694
3673
4926
1155
2601
3880
4132
1777
2788
4079
4416
1924
2788
3951
4739
1777
2735
3966
4431
1924
2443
3725
4950
1924
2791
4094
4346
1653
2330
3270
4296
1181
2920
3782
4926
1232
2869
4039
5058
1981
2314
4039
5059
1981
2889
3778
4460
1981
2097
3950
5096
1298
2694
3297
5058
1777
2097
3782
4484
1777
2097
4052
4926
1924
2531
3915
4955
1653
2097
3893
4955
1653
2925
3698
5011
1694
2801
3804
4589
1394
2801
3698
4810
1981
2619
3893
4184
1981
2976
3198
4810
1981
2883
4039
5059
2023
2314
3778
4853
1298
2949
3782
4625
1723
2097
3335
5052
1924
2619
3843
4985
1924
3032
4072
5015
1653
2942
3982
4810
1653
2564
4094
5015
1981
2949
3901
4460
1334
2907
3935
5037
2023
2869
3725
5058
1981
2411
3824
4255
1298
2976
3682
5096
1155
2788
3335
4955
1777
2841
3333
5114
1924
2889
3335
4460
1924
3007
3950
4955
1653
2619
3111
5094
1899
2564
3672
5056
1349
2642
3987
5029
1981
2350
3824
4926
1981
2452
3824
4830
1981
2748
3747
4184
1232
2788
3747
5096
1777
2788
3887
4747
2023
2985
3887
5052
1924
2788
3335
4460
1628
2097
3935
4810
1653
2119
3904
4934
1653
2564
3725
4170
1653
2907
4039
4971
1334
2544
3782
5052
1454
2869
3198
4150
1981
2162
3950
5096
2023
2818
4072
4852
1981
2411
4053
4955
2023
2314
3933
5059
1924
2788
3824
4589
1252
2097
3674
5096
1653
2985
3782
4955
1653
2411
3764
4919
1653
2907
4054
5094
1334
2694
3893
5052
1748
2869
3782
4132
1981
2889
4039
4460
2023
3008
3682
5114
1155
2956
4094
4384
2023
3008
4079
5115
1723
2097
4072
5094
1232
2097
4072
4934
1924
2694
3325
5052
1924
2478
3876
4889
1653
2800
3108
4460
1653
3008
4042
5115
1748
3008
3893
5058
1981
2889
3764
4460
2023
2818
3073
4889
2023
2907
3839
5041
2023
2619
3933
4132
1155
3069
4039
4625
1232
2097
4039
4384
1252
2925
3987
4384
1653
2411
4054
5094
1653
2889
3940
5037
1653
2619
3750
5118
1928
2869
3933
4384
1748
2869
3952
5015
1628
2907
4094
4384
1981
2694
3891
4962
2023
2976
3824
4589
2023
2097
3725
5096
1252
2314
3335
4747
1252
2619
3942
4132
1252
2748
3335
4889
1653
2694
3674
4654
1653
2976
3950
5059
1748
2350
3111
4747
1334
2694
4072
5059
1454
2907
4061
5029
2023
2869
3674
4962
2023
2813
3824
4889
2023
2883
3526
5029
2023
2976
3778
4384
1252
2314
3869
4747
1252
2119
4072
4962
1653
2985
3951
5096
1252
2350
3782
5052
1928
2350
3951
4769
1748
2350
3951
4654
1748
2791
3893
4962
1981
2694
3935
4460
2023
2694
4039
4955
2023
2936
3782
5037
2023
2976
3952
4654
1252
2097
3891
5059
1628
2097
3893
4955
1252
2889
4072
5052
1653
2694
3782
5114
1653
2976
4042
4170
1653
2889
3887
5118
1454
2869
3824
4962
1748
2907
4054
5015
2023
2907
4039
4926
2023
2907
3935
4955
2023
2976
3690
5114
1252
2788
3952
4654
1252
2735
3904
4962
1252
2976
3933
5052
1252
2350
3747
5041
1653
2735
3747
4384
1748
2350
3950
4955
1748
2564
3893
4384
1748
2944
3940
5037
2023
2735
3893
4747
2023
2411
4079
4955
2023
2564
3674
4747
1628
2788
3952
4132
1252
2735
3891
4934
1252
2889
4079
4962
1252
2564
3880
4962
1653
2694
3952
5114
1454
2350
3987
4955
1748
2564
4008
4983
1748
2944
3893
4654
1748
2735
3824
4460
2023
2644
3952
4889
2023
2564
3690
5052
2023
2944
3869
4654
1628
2735
3704
4625
1252
2748
4079
4132
1252
2564
3674
4934
1252
2889
3952
5052
1653
2694
3987
5114
1454
2350
4079
5015
1748
2350
4054
4132
1748
2649
3952
4170
1748
2907
3782
4955
2023
2564
3950
4955
2023
3023
4088
4955
2023
2748
3952
4955
1252
2525
3987
5114
1252
2564
3108
4962
1252
2162
3904
4460
1252
2889
3952
4955
1653
2644
3952
4955
1748
2350
4054
4919
1748
2694
3952
4889
2023
2869
3935
4926
2023
2907
4079
5052
2023
2694
4054
4460
2023
2985
3952
4747
1252
2788
3935
4934
1252
2564
3935
4810
1252
2748
4054
5052
1653
2694
3987
4926
1454
2350
3987
5052
1748
2564
3893
5052
1748
2694
3952
4889
1748
2907
3782
4955
2023
2801
4079
5114
2023
2694
4054
5118
2023
2748
3952
4962
2043
2735
3966
5058
1252
2961
3904
4830
1252
2961
4054
5052
1252
2889
3952
5052
2041
2350
4088
4955
1748
2350
3824
4830
1454
2889
3893
4460
1454
2907
3952
4955
1748
2813
3891
4955
2023
2694
4079
4460
2023
2694
3952
4769
2043
2788
3987
4926
1252
2961
3891
4810
1252
2748
3824
4769
1252
2985
3952
4934
2041
2472
3725
4962
1454
2350
3987
4132
1454
2350
4054
5052
1454
2350
3952
5118
1748
2813
3893
5118
1900
2907
4079
5015
2023
2694
4054
4934
2043
2788
3750
4934
1252
2788
3891
4747
1252
2694
3891
5114
1252
2985
3987
4460
2041
2985
3858
4962
1653
2694
3950
4934
1653
2694
3747
4654
1879
2350
3750
4934
1748
2961
3893
5118
1454
2907
3987
5058
2023
2694
3893
4934
1900
2788
3674
5015
1252
2788
3891
4384
2043
2985
3891
5114
1252
2985
3824
4934
2041
2985
3725
4962
1653
2694
3725
5114
1928
2350
4039
5052
1454
2350
4039
4934
1748
2813
4039
4876
1454
2907
3950
4170
2023
3055
3893
4747
1879
2788
3928
5015
2023
2694
3715
4747
2043
3012
3951
5114
1252
2694
3725
5052
2041
2748
3782
5015
2041
2889
3858
5015
2041
2350
4061
4934
1157
2135
3893
4747
1454
2889
3893
4170
1900
2907
4061
5096
1900
2907
4088
4747
1900
2788
4061
4311
2043
2788
3750
5015
1879
2788
3108
4962
1252
2961
3690
5114
1252
2972
4054
4589
2041
2472
3725
5052
2041
2789
3940
5015
1454
2789
3893
5052
1454
2350
3690
5052
1130
2907
3893
5052
1748
2694
3940
5118
1879
2907
3987
5015
2043
2907
3750
5015
1879
2788
3108
4955
1252
2694
3891
5114
2043
2985
3891
4830
2041
2985
3750
5015
2041
2985
3778
5015
1454
2350
4054
5052
2041
2350
4061
5118
1879
2907
3893
5052
1748
2961
3893
5118
1900
2976
3891
5118
1900
2883
4061
5118
1879
2788
3750
4926
2043
2788
3782
5015
2043
2985
4054
5114
2041
2985
3750
4955
2041
2985
3893
4962
2041
2889
4054
5015
2041
2350
4061
5118
1900
2350
4061
5015
1748
2694
3893
5118
1900
2564
4061
4170
2043
2907
3987
5015
1900
2788
3108
4955
2043
2788
3782
4769
1762
2411
3966
5058
2041
2985
4088
4747
2041
2961
3858
4962
2041
2889
3904
4889
2041
2350
3108
4460
1157
2961
3268
5118
1900
2350
4061
4931
1900
2961
4061
5058
1900
2907
4088
4747
1900
2566
3891
4810
2043
2411
4079
5015
1762
2788
3108
5052
2041
2097
3901
5015
2043
2985
3987
4962
2041
2472
3904
5052
2041
2748
4061
5052
2041
2350
3901
4934
2041
2889
3893
5015
1900
2566
3893
4589
1748
2694
3858
4769
1900
2961
4061
4837
2043
2907
3782
4955
1900
2788
4054
4962
1858
2788
4072
4962
2043
2985
3987
4955
2041
2985
3904
4934
2041
2985
4072
5015
2041
2961
3893
4934
2041
2889
3893
4955
1900
2350
4061
5118
1900
2869
3904
5114
1900
2961
3891
5118
2043
2907
3750
4955
1900
2788
4054
4962
2043
2788
3782
5052
2043
2985
3987
4962
2041
2985
3750
4934
2041
2566
4054
4962
2041
2748
3893
5052
2041
2889
3893
4837
1900
2350
4061
5118
1900
2907
4061
5052
1900
2961
3891
4837
1900
2907
4061
4955
1900
2961
4079
4962
2043
2985
3891
4769
2043
2985
3987
4926
2041
2788
3268
4955
2041
2694
4079
4962
2041
2350
4061
4460
2041
2350
3108
4926
1762
2350
3750
5118
1900
2961
3893
5118
1900
2907
4061
4460
1900
2907
4061
4962
1762
2472
4079
4769
2043
2788
3824
5052
2043
2788
3987
4962
1762
2097
3893
5118
2041
2961
4079
4962
2041
2350
3108
5114
2041
2961
3108
5052
1762
2566
3750
4955
1900
2907
4061
5052
1900
2350
3891
4460
1762
2907
3858
5052
1900
2961
3891
4955
1900
2788
3782
4962
2043
2788
4054
5052
2041
2735
3108
5058
2041
2961
3108
4962
2041
2748
4054
5118
1762
2985
3858
4837
1762
2350
3750
5118
1900
2350
4061
5118
1762
2350
4054
5118
1762
2907
3858
5052
1900
2788
3893
4955
1900
2788
3893
5058
1762
2566
4054
5114
2041
2735
4054
5114
2041
2961
3108
5114
2041
2694
3725
5114
1762
2985
3893
4460
1762
2350
4061
4926
1762
2350
4079
4837
1762
2961
3893
5114
1900
2961
3891
4837
1900
2907
4061
4955
1762
2472
4079
4837
1762
2411
3987
4460
2041
2788
3952
4311
1762
2788
3782
5052
1762
2566
3108
4837
2041
2961
3893
4460
2041
2694
3893
4926
1762
2566
3108
5052
1762
2961
3858
5118
1900
2907
4061
5052
1762
2907
4061
5052
1762
2961
4079
4962
1762
2788
4054
4962
1900
2788
3952
4962
1762
2566
3108
4955
1762
2985
3893
4837
2041
2748
3108
5052
1762
2985
3108
4837
1762
2961
3858
4955
1762
2907
3880
5058
1762
2350
3891
5118
1432
2472
3893
4962
1762
2566
3108
4311
1900
2411
3108
5114
1762
2788
3893
4962
1762
2566
4061
4955
1762
2985
3108
4837
2041
2961
3108
5114
1432
2472
3108
4837
1762
2566
3893
5118
1762
2350
3108
5118
1432
2350
3108
4769
1432
2472
3108
4769
1762
2788
3893
4837
1762
2907
3782
4934
1762
2592
4061
4311
1762
2985
3108
4955
1762
2985
3891
5052
1432
2472
3858
5114
1432
2566
4061
4311
1762
2350
3108
5118
1762
2350
3108
5114
1432
2472
3108
4962
1762
2566
3891
5118
1762
2907
3108
5052
1432
2472
3893
4837
1432
2472
3108
4962
1762
2985
3891
4926
1762
2592
3750
5114
1432
2472
4061
4837
1432
2472
4061
4837
1432
2350
4009
5114
1432
2985
3858
4311
1432
2566
3108
5114
1762
2566
4061
4934
1762
2961
3893
4837
1432
2350
3108
5114
1762
2985
3891
4934
1762
2592
3891
5052
1762
2566
4061
4311
1432
2472
3893
4837
1762
2985
3893
4962
1762
2985
3891
5052
1432
2472
3108
5114
1762
2592
4061
4769
1432
2350
4061
5114
1432
2350
3858
5114
1432
2472
3108
4837
1432
2472
3108
5114
1762
2566
3891
5118
1762
2592
3893
4769
1432
2985
3893
4837
1762
2985
3891
4769
1432
2788
3858
5052
1762
2592
3750
4769
1432
2350
3858
5114
1432
2350
4009
5114
1432
2985
3891
5015
1432
2566
3750
5114
1762
2592
3750
4769
1432
2350
3891
5118
1432
2472
3858
5052
1432
2472
3108
4962
1432
2788
3858
4837
1762
2592
3750
4837
1762
2592
3893
5052
1432
2350
3858
5114
1762
2985
3891
5052
1432
2566
3858
4837
