567
909
909
909
701
8
649
8
403
8
146
492
146
8
25
789
1007
757
566
262
701
924
649
54
649
649
526
8
181
649
746
546
256
795
729
544
756
285
348
183
248
183
649
54
649
54
403
944
146
308
146
399
819
583
771
958
403
348
754
183
492
922
492
922
526
526
403
403
30
888
788
819
759
415
243
757
976
262
251
634
251
634
14
822
649
54
146
492
146
520
19
892
729
958
757
348
886
183
922
922
492
482
492
526
585
649
556
888
621
638
194
544
1007
757
348
924
248
449
477
54
229
54
527
403
915
302
137
214
481
771
67
544
756
889
348
20
477
924
477
526
526
403
527
162
546
699
399
638
555
544
1007
757
566
232
754
449
14
449
14
959
944
326
251
822
546
746
520
19
197
729
777
757
566
924
477
924
477
449
458
337
14
162
546
181
699
399
481
795
729
544
756
285
754
80
477
477
934
477
822
403
403
577
868
137
302
137
19
485
485
946
958
348
348
232
477
178
944
388
526
403
844
302
137
214
399
766
831
809
197
72
756
285
477
183
477
449
14
337
403
162
753
753
214
753
131
766
892
809
84
958
348
934
477
934
477
162
477
162
422
753
214
214
753
131
131
92
197
729
756
236
348
232
477
449
449
212
23
212
486
527
130
130
146
26
520
25
892
756
236
992
130
130
130
992
409
526
403
409
146
130
146
146
788
494
782
729
958
757
566
232
248
449
908
539
14
526
146
8
329
308
146
8
19
933
892
180
958
352
402
146
822
251
130
146
944
146
908
146
977
146
746
829
795
544
756
756
757
348
183
922
183
922
26
26
526
526
8
146
556
146
943
664
892
561
958
908
262
754
262
251
944
26
908
526
526
566
539
251
746
638
194
544
544
557
285
754
449
248
608
26
908
908
526
526
403
14
539
746
97
664
914
544
544
756
285
754
449
282
908
908
26
526
403
403
26
556
26
763
267
638
729
544
840
285
348
1003
527
282
527
527
526
526
527
527
409
527
222
481
563
235
1007
285
577
527
527
409
212
409
527
409
526
403
527
409
527
222
255
664
914
544
544
756
285
754
449
608
449
527
409
403
409
527
577
409
409
255
766
563
194
756
544
840
285
754
449
449
209
23
527
464
527
409
527
255
255
638
194
958
544
573
1734
2962
3336
4243
1877
2257
3661
4239
1868
2590
3608
4392
1567
2935
3246
4656
1427
2738
3720
4803
1193
2283
3542
4743
1782
2536
3949
4803
1307
2174
3464
4882
1915
2166
3660
4253
1915
2444
3109
5045
1996
2546
3669
4439
1691
2326
3814
5102
1270
2921
3189
4397
1217
2596
3389
4979
1737
2627
3441
4125
1915
2624
3138
4544
1369
3015
3567
4801
1480
2536
3149
4739
1513
2196
3629
4576
1828
2083
3579
4979
1307
2673
4014
4788
1609
2470
3460
4416
1935
2511
3465
4230
1824
2360
3366
5102
1920
2962
3238
4307
1436
3065
3981
4573
1567
2644
4065
4788
1427
3015
3567
4918
1555
2921
3087
4161
1782
2464
3780
4839
1123
2632
3900
4180
1784
2103
3208
4914
1661
2727
3509
4634
1509
2257
3478
4421
1211
2063
3072
4140
1403
2326
3383
4171
1217
2886
3900
4728
1409
2512
4048
4788
1661
2697
3801
4325
1480
2749
3232
5026
1838
2631
3189
4139
1824
2455
3238
4906
1784
2260
3961
4512
1427
2176
3114
4681
1920
2640
3413
4710
1782
2343
3925
4728
1348
2536
3456
5028
1874
2967
3900
4816
1915
2542
3226
4121
1874
2274
3710
4243
1691
2902
3225
4856
1841
2090
3246
5026
1918
2749
3682
4806
1802
2850
3744
4171
1555
2880
3780
4573
1705
2272
3403
4189
1877
2771
3199
4180
1837
2601
3441
4439
1802
2463
3231
4803
2031
2770
3610
4126
2005
3050
3364
4534
1436
2691
3699
4918
1567
2260
3274
4243
2042
2677
3860
5030
2010
2607
3419
4831
1824
2174
3440
4727
1691
2607
3087
4801
1824
2717
3238
4195
1993
3064
3478
4414
1737
2844
3188
4836
1136
2822
3879
4148
1416
2343
3949
4385
1480
2464
3089
4656
1785
2945
3647
4726
1669
2219
3787
4551
1513
2105
3579
4884
1824
2374
3294
4385
1661
2993
3670
5040
1610
2727
3077
4526
1868
2721
3231
4639
1609
2665
3208
4325
1424
2198
3088
4475
1860
2766
3720
4315
1436
2388
3720
4156
1590
2928
3949
4657
1567
2057
3702
4908
1609
2967
4070
4788
1725
2746
3114
4907
1094
2424
3250
4113
1691
2836
3377
4181
1784
2575
3082
5077
1533
2848
3401
4103
1849
2883
3900
5026
1340
2424
3622
4180
1747
2429
3243
4532
1728
2277
3517
4383
1387
2161
3961
4634
1828
2905
3634
4489
1753
2698
3872
4200
2045
2648
3231
4987
1403
2793
3235
4198
1250
2727
3505
4371
1391
2762
3787
4605
1136
2082
3257
4613
1565
2631
3216
4189
1427
2090
3400
5071
1409
2939
3530
4325
1479
2535
3872
4331
1824
2962
3644
4862
1268
2424
4020
4105
1166
3026
3381
4969
1604
2993
3796
4999
1211
2848
3444
4732
1597
2848
3262
5031
1250
2728
3097
4414
1838
2260
3235
4449
1410
2697
3257
4431
1597
2875
3930
4728
1838
3007
3231
4728
1813
2467
3241
4616
1250
2156
3210
4605
1753
2588
3238
4862
1191
2123
3521
4122
1610
2905
3464
4997
1263
2123
3930
4940
1813
2922
3900
4318
1915
2535
3913
4687
1824
2609
3130
4788
1427
2993
3742
4686
1136
2712
3241
5011
1910
2949
3478
4852
1996
2568
4022
4421
1270
2811
3256
4801
1709
2568
3596
4727
1409
2938
3216
4453
1211
2859
3138
4408
1409
2346
3925
4808
1565
2945
3556
4122
1681
2980
3104
4122
1604
2689
4020
4355
1604
2926
3231
4482
1211
2531
3751
4878
1191
2863
3097
4558
1837
2260
3413
4122
1427
2691
4065
4508
2001
2314
3241
4763
1725
2360
3760
4761
1705
2516
3567
4215
1436
2536
3596
4643
1784
2528
3238
4109
1996
2727
3231
4328
1838
2926
3839
4418
1191
2224
3231
4421
1565
2811
3480
4942
1669
3015
3304
4816
1409
2964
3930
4274
1937
2591
3422
5027
1839
2946
3400
4997
1998
2749
3348
4809
1837
2928
3758
4503
1513
3045
3682
4480
1828
2260
3237
4998
1610
2767
3465
4908
2045
2579
3403
4587
1967
2726
3629
4411
1841
2921
3704
5038
1621
2868
3724
4388
1133
2817
3104
4137
1262
2402
4077
4592
1436
2080
3814
4562
1837
2424
3988
4189
1950
2464
3377
4532
1555
3064
3373
4831
1110
2993
3364
4180
1191
2782
4042
4180
1837
2213
3949
4816
1263
2728
3465
4189
1996
2536
3732
4143
1555
2313
3509
4259
1597
2770
4090
4743
1880
2455
3509
4605
1813
2770
3918
5042
1828
2546
3732
4198
1427
2272
3506
4579
1703
2467
3735
4918
1935
2861
3536
4192
1874
2804
3900
4314
1636
2184
3208
4942
1828
2594
3966
4727
1838
2887
3275
4315
1838
2307
3952
4788
1947
2770
3859
4919
1993
2571
3582
4490
1480
2770
3598
4449
1258
3069
3130
4788
1555
2516
3095
4352
1920
2723
3687
4176
1191
2905
3485
4743
1403
2306
3473
4532
1263
2313
3961
4942
1996
2874
3352
4307
1555
2313
3720
4918
1597
2749
3879
4329
1361
2964
3898
4180
1784
2283
3988
4189
1737
2968
3497
4099
1839
2946
3400
4728
1191
2198
4074
4490
1935
2770
3210
5102
1812
3024
3509
4432
2045
3024
3468
5010
1828
2191
3275
4421
1424
2436
3104
4942
1828
2455
3724
4591
1480
3024
3530
4397
2045
2147
3275
4856
1824
2762
3732
5069
2045
3024
3867
4210
1828
3024
3347
4258
1838
3024
4083
4648
2045
2883
3130
4162
1828
2823
3210
5046
1307
3038
3428
4727
1864
2945
3845
5067
1133
2794
3608
4442
1193
2424
4085
4180
1436
2905
3743
4732
1784
2111
3941
4236
1604
2631
3101
4171
1754
2841
3400
4414
1191
2616
3672
4397
1455
2762
3872
4692
1669
2249
3375
4788
1910
2443
3796
4942
1555
2531
3238
4885
1838
2568
3382
4727
1270
2735
3861
4414
1837
2137
3625
4439
1753
2682
3851
4743
1555
2208
3585
4927
1597
2510
3502
4616
1812
2609
3198
4788
2014
2455
3945
5067
1915
2848
3878
4727
1996
2874
3892
4616
1838
2240
3728
4358
1270
3041
3210
4134
1993
2646
3381
4727
1263
2646
3400
4487
1555
2224
3101
4634
1610
2928
3706
5025
1669
2166
4077
4498
1838
2616
3381
4925
1351
2497
3942
4997
1565
2905
3182
4997
1666
2467
3715
4519
1812
2756
3095
5025
1996
2616
3482
4796
1191
2506
3976
4471
1669
2082
3473
4942
1812
2208
3628
4292
1427
2510
3377
4620
1824
2224
3130
4639
1597
2266
3307
4741
1669
2877
3307
4796
1409
2528
3881
5077
1828
2165
3473
4874
1996
2644
3916
4616
1838
2343
3476
4873
1669
2467
3363
4965
1993
3050
3111
4591
2028
2945
3398
4779
1610
2510
3414
5067
1597
2644
3935
4874
1828
2956
3839
4878
1669
2057
3913
5027
2001
2875
3913
4972
1215
2344
3382
4727
1396
2525
3815
4919
1882
2863
3883
4332
1263
2567
3413
4942
1852
2111
3098
4696
1191
2978
3724
4348
1436
2589
3428
5086
1837
2937
3509
5067
1604
2770
3881
4942
1555
2250
3275
4180
1191
2703
3094
5087
1436
3024
4019
4180
1812
2573
3231
4616
1604
2252
3459
4532
1211
2531
3577
4965
1824
2703
3879
4423
2006
3047
3951
4532
1812
2312
3867
4993
1263
2253
3918
4546
1824
2741
3913
4097
1703
2253
3996
4445
1998
3028
4003
4942
1812
2208
3126
4872
1950
3024
3763
4788
1564
3050
4008
5030
1874
2989
3888
4722
1669
2567
3869
4488
2024
2225
3382
4814
2024
2137
3380
5010
1874
2770
4084
4512
1838
3032
3843
5009
1186
3024
3274
4927
1565
2719
3297
4526
1874
3039
3520
4586
1270
2096
3210
4797
1812
2208
3505
4113
1211
2651
3672
4532
1193
2208
4067
4565
1660
3035
3288
4180
1784
2565
3373
4179
1996
2277
3307
4700
1555
2137
3582
4532
1597
2805
3879
4787
2006
2937
3781
5007
1812
2091
3467
4398
1263
2791
3913
4348
1996
2716
3729
4616
1597
2137
3881
4474
1525
2178
3856
4727
1636
3024
3770
4943
1636
2165
3275
5078
1186
2635
3446
4613
1452
2627
3879
4348
1764
2467
3459
5034
1812
2682
3119
4707
1565
2884
3888
4349
1718
2214
3325
4788
1610
3065
3771
4616
1564
2403
3916
4532
1669
2119
3307
4324
2024
2137
3210
4416
1564
2944
3275
4442
1564
3024
3879
4931
1535
2719
3407
4242
1862
2716
3608
4616
1455
2968
3846
4189
1604
2616
3892
4126
1802
2498
3215
4392
1555
2274
3111
4616
1436
2274
3307
4532
1841
2137
3719
4414
1567
2884
3884
4195
1737
2343
3557
4126
1193
2802
4030
4884
1436
2712
3307
4727
1812
2178
3861
4171
1604
2257
3536
5007
1555
2214
3093
4761
1186
2457
3259
4942
1270
2719
4024
4616
1812
2137
3380
4097
1525
2150
3329
4414
1246
2841
3373
4788
1191
2214
3275
4943
1718
2467
3288
4994
1525
2225
3916
4339
1525
2162
3210
4925
1246
2360
3675
5112
1186
2085
4077
4850
1254
2484
3231
4400
1719
2879
3918
4946
1812
2137
3499
5026
1246
2841
3719
5005
1246
2589
3983
4740
1186
2897
3197
4877
1479
2930
3577
4180
1737
2137
3856
4180
1193
2137
3231
4180
1436
2884
3456
4180
1784
2455
3728
4325
1254
2764
3231
4622
1737
2979
3171
4616
1612
2137
3622
4406
1436
2421
3115
4180
1938
2403
3675
4211
1186
2277
3632
4561
1409
2314
3288
4603
1597
2906
3456
5005
1455
2923
3861
5106
1246
2760
3236
4128
1828
2266
3297
4548
2045
2881
3231
4437
1409
2716
3459
5026
1730
2368
3867
4869
1874
2320
3509
4113
1874
2846
3175
4418
1438
2903
3739
4731
1718
2716
3496
4697
1599
2344
3313
4532
1985
2753
3756
5080
1610
2993
3728
4282
1765
2227
3304
4250
1468
2525
3141
4965
1534
2998
3978
4987
1734
2455
3334
5071
1469
2051
3315
4957
1533
2937
3999
4180
2031
2766
3210
4178
1255
2246
3945
4918
1691
2178
3536
4788
1785
2991
3892
4325
1912
3029
3577
4189
1855
2770
3365
4502
1191
2097
3999
4180
1560
2196
3543
4779
1935
2616
3456
4946
1567
2337
3210
4866
1217
2891
3149
4616
1255
2393
3119
4728
1909
2451
3400
4180
1785
2913
3999
4859
1211
2501
3201
4339
1915
2921
3130
4740
1661
3024
3825
4406
1661
2198
3275
5090
1369
3064
3210
5067
1567
2272
3615
4558
2031
3038
3138
4616
1255
2848
3805
4180
1427
2894
3732
4583
1785
2501
3238
4788
1785
2260
3470
4314
1268
2841
3879
4684
1855
2531
3138
4414
1661
3038
3864
4942
1469
2642
3691
4503
1567
2724
3610
4231
1567
2464
3634
4942
2031
2551
3403
4180
1427
2922
4065
4180
1785
2283
3767
4610
1868
3038
3431
4616
2042
2677
3456
4687
1661
2724
3732
4315
1661
3024
3189
4392
1469
2478
3275
4358
1935
2770
3768
4421
1217
2600
3175
4591
1217
2890
3860
4372
1691
2609
3494
4598
1785
2283
3567
5067
1868
2921
3189
4591
1915
2176
3694
4307
1758
2746
3988
4313
1661
2786
3732
4465
1297
2695
3999
4544
1782
2993
3732
4149
1504
2887
3879
4097
1753
2905
3751
4449
1596
2596
3980
4478
1647
2208
3639
4325
1211
2371
3687
4349
1855
2360
3485
4180
1560
2484
3275
4414
1403
2312
3538
4672
1029
2749
3482
5067
1533
2914
3999
4180
2031
2863
3512
4922
1255
2283
4022
4178
1666
3066
3860
4591
1785
2451
3596
4722
1211
2430
3138
4544
1855
2637
3661
4421
1915
3038
3327
4583
1369
2498
3381
4532
1610
2609
3502
4921
1782
2521
3815
4103
1565
2213
3231
4933
1255
3024
3639
4153
1427
2371
3536
4919
1513
2249
3210
4527
1211
3065
3639
4727
1915
2354
4045
4788
1915
2811
3668
4788
1661
2695
3522
4370
1782
2198
3924
4836
1935
2423
3138
4533
1217
3038
3925
4242
1427
2501
3856
5090
1691
2875
3961
5071
1912
3063
3364
4180
1996
2249
3704
5046
1191
2967
3456
5025
1424
2148
3229
4600
1297
2786
3137
4728
1590
2451
3942
4997
1918
2306
3741
4482
1217
2198
3879
4237
1860
2766
3229
4428
1427
2906
3879
4558
1785
3024
3464
4189
1391
2697
3720
4156
1915
2604
3988
4605
1057
2603
3419
5071
1403
2891
3468
4180
1297
2968
3109
4149
1782
2914
3456
4743
1255
2814
3738
4991
1427
2724
3691
4581
1427
2090
3644
4657
1785
2906
3366
5102
1838
2393
3389
4740
1391
2182
3728
4313
2010
2528
3596
4196
1661
2588
3623
4786
1369
2198
3857
5018
1567
2184
3687
4999
1028
2208
3257
4195
2031
2589
3639
5030
1920
2297
3854
4289
1620
2109
3242
4331
1584
2781
3687
4137
1802
2822
3485
4998
1661
2525
3661
4171
1025
2191
3771
4761
1689
2600
3313
4171
1029
2833
3307
4872
1217
2521
3348
4972
2031
2702
3188
4997
1860
2354
3623
4532
1785
2283
3857
4370
1912
2549
3274
4616
1915
2207
3340
4972
1555
2746
3538
4990
1369
2424
3742
4616
1403
3038
3942
4487
1918
2501
4055
4243
1217
2451
3187
4856
1849
2088
3728
4558
1427
2812
3804
4189
1785
2939
3737
4603
1391
2767
3363
4600
1391
2697
3691
4465
1159
3028
3810
4918
1057
2571
3419
4407
1369
2283
3288
4788
1297
2940
3919
4224
1217
2939
3721
4187
1517
3063
3187
4414
1996
2869
3238
4918
1211
2274
3994
4852
1998
2742
3961
5020
1998
2536
3671
4728
1709
2921
3878
4942
1661
2703
3687
4180
1369
2457
3381
4558
1782
2609
3752
4728
1029
2869
3941
4532
1217
2057
3130
4411
1427
2612
3231
4839
1764
2579
3231
4744
1998
2956
3149
4307
1391
2651
3691
4105
1159
2905
3981
4307
1410
2738
3149
4636
1369
2962
3920
4728
1782
2198
3497
4856
1217
2090
3687
4307
1217
3024
3996
5102
1427
2928
3696
4728
1291
2890
3238
5030
1998
2956
3231
4325
1915
2374
3499
4727
1915
2661
3257
4801
1560
2979
3231
4726
1689
3064
3687
4494
1174
2507
3796
5030
1533
2801
3825
4634
2031
2979
3608
4728
1860
2767
3210
4788
1691
2171
3687
4414
1785
2150
3403
4965
1996
2459
3644
4122
1638
2531
3720
4207
1057
2749
3231
4561
1403
2206
3691
4743
1610
2691
3368
4918
1743
2697
3913
4283
1217
2861
3512
5030
1860
2962
3735
4915
1427
2972
3208
4657
1838
2443
3870
4480
1391
2905
3795
4449
1813
2883
3900
5080
1661
2260
3104
4942
1610
2609
3706
4727
1367
2947
3504
4453
1782
2589
3485
4636
1565
2306
3727
4126
1849
3063
3398
4358
1664
2965
4065
4893
2017
2762
3310
4314
1868
2721
3691
4862
1915
2507
3321
4097
1709
2906
3743
4942
1661
2661
3710
4553
1262
2463
4077
4997
1403
3047
3796
4919
1837
2147
3567
4990
1263
2186
3767
4122
1996
2314
3536
4478
1354
2503
3772
5010
1998
2424
4091
4942
1813
2455
3768
4528
1159
3045
3996
5024
1555
2811
3381
4558
1369
2723
3536
4517
1369
2717
3265
4289
1993
2869
3747
4544
1217
2224
3238
4264
1664
2314
3585
5090
1418
2767
3504
4687
1838
2609
3497
4971
1998
2459
3442
5020
1813
2727
4051
4497
1159
2603
3235
4893
1369
2727
3422
4532
1369
2844
3573
4339
1993
2942
3720
4979
1217
2506
3925
5030
1280
2603
3512
4204
1664
3024
3552
4215
1509
2111
3765
4260
1354
2636
3231
4509
1436
2555
3879
4831
1403
2781
3720
4743
1709
2311
3961
5090
1555
2360
3229
4442
1782
2457
3811
4727
1455
2297
3380
4307
1837
3066
3879
4628
1427
2150
3879
4561
1996
2154
3870
4788
1211
2770
3096
4836
1998
3024
3867
4374
1915
2171
3275
4421
1709
2770
3768
4282
1610
2501
3988
4487
1782
2738
4022
4616
1565
2196
3265
4540
1837
3024
3094
4788
1427
2770
3444
4728
1996
2762
3104
4616
1838
2224
3732
5069
1998
2946
3363
4727
1813
2571
3463
4097
1610
2097
3732
5066
1610
2738
3231
5112
1782
2451
4065
4180
1993
2913
3879
4245
1565
2727
3257
4931
1967
2801
3752
4990
1691
2507
3444
4727
1838
2999
4003
4558
1211
2531
3879
4728
1191
2638
3999
4788
1057
2571
3867
4325
1610
2619
3903
4856
1610
3024
3976
4593
1782
2741
3999
5030
1565
3009
3732
4421
1664
2467
3732
4727
1427
3024
3231
4659
1838
2507
3536
4616
1838
2746
3903
4687
1915
2770
3270
4315
1915
2863
3999
4558
1610
2993
3119
4918
1610
2546
3644
5067
1782
2770
3644
4591
1565
2571
3925
4354
1753
2770
3383
4243
1838
2147
3130
4180
1838
2770
3887
4942
1838
2770
3229
4684
1915
2501
3485
4782
1915
2770
3751
5030
1610
2571
3867
4274
1610
2564
3903
4307
1782
2501
3925
4727
1343
2923
3373
4820
1725
2930
3879
4495
1509
2307
3872
4732
1691
2717
3785
4591
1812
2601
3275
4103
1604
2967
4003
4618
1555
2196
3422
4157
1191
2365
3377
4728
1403
2862
3504
4681
1812
2986
3485
5067
1250
3029
3231
5042
1996
2344
3999
4151
1860
2344
3377
4494
1838
2467
3231
4727
1838
2764
3231
4558
1915
2741
3536
4494
1915
2741
3676
4942
1610
2925
3687
4620
1610
3024
3542
4855
1250
2728
3291
5013
1250
2588
4083
4955
1565
2274
3130
4285
1664
2877
3999
4302
1838
2717
4083
4728
1838
2694
3304
5067
1813
2314
3999
4745
1915
2694
3275
5105
1610
2484
3485
4681
1610
3012
3913
5069
1937
2862
3880
4616
1841
2801
3747
4727
1604
2147
3598
5067
1996
2510
3473
5089
1996
2347
3231
4862
1838
2717
3780
4727
1838
2467
3485
4484
1813
2764
3536
4171
1555
2165
4051
4616
1555
2989
3210
4788
1597
2986
3687
5067
1403
3024
3504
5105
1263
2321
3536
4733
1996
2380
3876
4942
1838
2949
3210
4732
1838
2925
3999
4558
1813
2455
3647
5027
1813
2964
4091
5067
1915
2255
3999
4829
1610
2571
4056
5105
1610
2828
3072
4728
1565
2828
3377
4874
1993
2510
3999
4608
1664
3029
3210
5020
1838
2740
3903
4546
1838
2644
3130
4097
1764
2571
3327
4860
2045
2497
3668
4349
1436
2892
3130
4497
1784
2451
3485
4442
1604
2360
3275
4190
1133
2208
3502
4392
1597
2088
3879
4591
1455
2297
3999
4532
1057
2232
3119
4788
