567
909
909
915
14
464
14
909
649
54
649
222
680
255
789
789
906
644
265
641
915
915
477
915
915
227
644
38
668
306
477
214
956
12
664
424
906
644
15
644
886
754
183
248
183
410
839
52
282
282
209
282
550
282
598
598
530
164
73
668
848
357
545
357
804
804
357
357
357
357
804
357
297
255
187
735
684
111
856
501
151
248
151
648
522
518
518
159
753
214
214
131
294
131
925
273
582
596
265
161
151
183
248
183
23
410
839
410
1003
864
1003
251
822
19
19
197
241
538
492
546
130
992
657
374
992
492
410
556
668
297
463
788
914
929
284
569
164
73
992
512
492
256
317
390
569
30
987
492
482
222
65
294
664
133
154
501
53
478
161
367
224
364
88
492
224
492
224
492
224
492
210
69
487
284
150
646
377
438
1020
307
195
241
390
307
566
915
181
214
1020
837
27
925
273
776
596
116
402
116
402
116
118
975
118
410
118
146
142
146
142
19
394
882
906
460
357
976
262
374
746
388
317
569
848
668
409
1020
894
214
131
925
273
776
501
53
151
116
402
116
16
961
500
658
848
668
222
753
761
131
294
664
424
906
644
841
641
151
834
577
482
23
410
164
52
888
944
888
308
888
586
500
569
781
52
486
888
943
406
484
73
270
951
355
161
649
214
743
73
312
460
664
424
786
644
102
248
85
248
23
649
649
608
486
649
486
255
829
73
811
628
684
501
352
151
248
151
482
449
410
23
410
556
546
539
546
297
621
424
965
111
668
915
143
915
753
719
438
781
657
781
668
822
680
746
131
925
424
678
489
73
941
886
886
248
282
209
282
475
282
550
804
550
282
256
621
424
472
882
566
374
52
38
527
282
357
282
357
325
357
608
357
297
746
187
628
815
111
856
73
460
886
248
804
184
518
518
159
184
159
753
179
73
131
664
424
582
596
15
501
161
271
310
183
88
23
410
822
251
822
410
492
510
492
975
598
598
164
374
492
510
492
510
1003
251
822
317
882
848
251
1003
992
492
328
294
19
933
317
569
848
348
374
54
212
297
933
168
270
848
668
848
374
374
131
294
273
735
622
53
886
161
886
88
449
317
23
88
198
198
198
651
172
12
586
390
84
150
978
1020
307
438
307
837
586
317
372
56
56
129
65
635
246
1409
2096
3504
4780
1669
2986
3189
5006
1636
2398
3252
5109
1874
2321
3907
4451
1669
2096
3981
4586
1426
2945
3515
4434
1057
2123
4021
4126
1925
2796
4053
5022
1993
2672
3721
4620
1982
2671
3521
4126
1982
2096
4055
4349
2028
2793
3511
5049
1583
2421
3513
5064
1925
2980
4090
4965
1583
2438
4089
5107
2028
2791
3576
4456
1585
2096
3447
4414
2028
2806
3320
5026
1583
3041
3513
4853
2028
2942
3998
4800
1585
2986
4032
4120
2028
2550
3763
5069
1993
3011
3198
4562
1784
2714
3760
4179
2042
2851
3554
4488
1920
2535
3716
5040
1968
2794
3706
4356
1637
2612
3887
4853
1637
2812
3698
4676
1750
2616
3856
4643
1949
2419
3476
4893
1998
2938
3198
4643
2046
2277
3844
4939
1993
2419
4083
4598
2011
2920
3198
4510
1637
2054
3942
4867
1720
2419
3413
4763
1209
2945
3598
4131
2010
2346
3733
4382
1209
2944
3681
4253
1747
2741
3136
5065
1682
2278
3739
4432
2001
2991
3909
4106
1409
2278
3617
4699
1409
2701
3804
4793
1480
2262
4014
4814
1746
2054
3136
5115
1949
2687
3933
4656
2008
2972
3136
4384
1949
2979
3393
4177
1585
2972
3587
4593
1481
2925
3869
4358
1984
3032
3781
4906
1597
2933
3591
4391
1737
2858
3191
4954
1636
2425
4056
4513
1250
2731
3791
4120
1263
2623
4017
4678
1612
2506
4032
4211
1567
2802
3409
4386
1849
2168
3934
4497
1947
3012
3834
4559
1403
3020
3535
4841
1636
2804
3591
4664
1669
2317
3867
4711
1689
2294
3916
4949
1491
2625
3680
4860
1937
3063
3276
4199
1057
2466
4013
4588
2001
2630
3109
4242
1860
2061
3875
4909
1597
2811
3813
4150
2032
2447
3115
4387
1860
2700
3522
4554
1597
2097
3813
4488
1206
2436
3813
5005
1664
2627
3922
4171
1167
2165
3509
4904
2011
2971
3509
5029
1849
2599
3813
4903
1206
2525
3377
4904
1784
2443
3639
4939
2028
2546
3200
4862
1831
2148
3881
4770
1480
2811
3373
5113
1480
2589
3681
4681
1264
3065
3424
4874
1436
2123
3625
4481
1264
2498
3872
4711
1998
2851
4077
5050
1057
2513
3175
4469
1817
2936
3872
4113
1998
2938
3587
4819
1746
2123
3930
5081
1925
2905
3764
5006
1291
2244
3153
4732
1703
2905
3514
4122
1817
2360
3611
4455
1996
3059
3743
4414
1817
2565
3418
4874
1186
2933
4090
4874
1263
2278
3930
4284
1186
2937
3450
4476
1784
2128
3630
4878
1186
2771
3231
4480
1480
2278
3116
4786
1882
2292
3072
4122
1264
2905
3917
4729
1817
2905
3581
4760
1264
2082
3502
4947
1817
2859
3872
5081
1585
2076
3742
4763
1617
2850
3420
4497
1436
2850
3171
4542
1565
3007
3288
4664
2045
2544
3758
4232
1985
2238
3847
4246
2024
2801
3726
4400
1609
2644
3826
4529
1438
2307
4030
4232
1806
2841
3191
4346
2010
2168
3590
4167
2007
2766
3291
4860
1636
2156
3787
4873
1974
2333
3959
4260
2001
2647
3799
4973
1759
2253
4000
4500
1690
2349
3940
5086
1896
2821
3323
4132
1299
2561
3185
4927
1452
2628
3242
4927
1299
2983
3291
4927
1905
2925
3338
5096
1682
2821
3447
4562
1682
2841
3998
5049
2007
3000
3515
4477
1317
2320
4016
4197
1317
2489
3921
4567
1966
2821
3284
4384
1305
2674
3235
5049
1682
2671
3950
4339
1857
2682
3437
4733
1703
2649
3366
4800
1406
2194
4077
4453
1814
2212
3532
4935
1737
2296
3668
5106
1555
2763
3828
4704
1920
2873
3532
5083
2031
2809
3168
4370
1372
2185
3795
4598
2008
2470
3622
4884
1480
2642
3974
4449
1817
2590
3810
4516
1784
3063
3354
4680
1837
2630
3354
4872
1936
2320
3981
5048
1669
2938
3315
5063
1513
2647
3311
4817
1513
3044
3730
4860
2010
2470
3311
4672
1703
2300
3234
4898
1703
3044
3477
4513
1947
2557
4010
4349
1746
2904
3661
4657
2028
2467
3995
4379
1979
2575
3620
5095
2001
2467
3532
4704
1558
2674
3372
4757
1558
2320
3367
5095
1918
3032
3109
4812
2032
2837
3888
4240
1610
2887
3995
4375
1703
2735
3530
4979
1703
2429
3409
4641
1937
2568
3925
4641
1669
2933
3372
4125
1480
2499
3367
4398
1263
2478
3595
4774
1409
2949
3828
4269
1588
2735
3429
4972
2001
2789
3880
4834
1291
2944
3367
4852
1949
2877
3452
4224
1291
2568
3647
4643
1409
2841
3810
4836
1764
2133
3888
4903
1982
3063
3461
4738
1960
2330
3642
4717
1973
2276
3414
4542
1949
2394
3367
4659
2008
2057
3311
4371
1886
2899
3292
4349
2001
2057
3311
4866
1287
2899
3682
4253
1519
2097
3710
4500
1287
2626
3760
4533
1925
2714
3419
4500
2028
2351
3987
4704
2001
2097
3098
4834
1409
2765
3621
4592
1264
2859
3234
4497
1969
2096
3347
4904
1949
2619
3166
4695
1831
2851
3347
4335
1094
3050
3931
4961
2001
2292
3582
4210
1264
2933
3600
4098
1969
2851
3200
4627
1587
2114
3526
4695
1949
2123
3463
4695
1831
2350
3136
4695
2025
2119
3787
4411
2001
2949
4065
4516
2001
2260
3368
4151
1828
2161
3166
4812
1669
2802
3367
5107
1886
2564
3890
4371
1831
3035
3959
4194
1886
2399
3647
4133
2001
2802
3517
4099
1317
2945
3890
4961
1519
2096
3727
4416
1949
2076
3414
4436
1831
2278
3202
4839
1764
2937
3804
4379
2025
2883
3778
4551
1857
2411
3420
4119
1519
2869
3825
4432
1798
2721
3199
4881
1862
2257
3090
4608
1563
2326
3427
4537
1984
2321
4090
4398
1828
2352
3722
4686
1681
3044
3755
5045
1307
2470
3517
4537
1409
2169
3974
4871
1372
2965
3494
4627
2042
2470
3511
4598
1828
2352
3618
4755
1880
2557
3995
4156
1480
2394
3416
4843
2008
2579
3928
5022
1409
2877
3567
4885
1950
2811
3622
4856
1937
2352
3760
4126
1973
2096
3107
4255
1669
2354
3107
4968
1480
2788
3235
4656
1094
2371
3413
4442
1094
2156
3355
4274
2001
2672
3137
4448
1828
2296
3922
4269
1057
2320
3890
4997
1480
2989
3532
4844
1409
2863
3373
4961
1409
2403
3840
5049
2032
2825
3237
4640
1759
2644
3154
4542
2006
2868
3919
4673
1993
3028
4052
4431
1788
2881
3187
4900
1743
2478
3409
4242
1746
2161
3647
4950
1892
2096
3739
4242
1857
2097
3154
4456
1720
2926
3556
5089
1519
3059
3257
4919
2006
2278
3891
4600
1886
2350
3087
5112
2032
2262
3437
4755
1186
2933
3242
4726
2010
3050
3304
4985
1606
2760
3834
4119
1764
2489
4014
5009
1426
2123
3997
4487
1703
2119
3722
4643
1746
2470
3098
5108
1481
2789
3974
4624
1720
2442
3880
4113
1519
2887
4094
4125
1925
2928
3136
4862
1299
2564
3810
4374
1886
2411
3742
4119
1886
2253
3935
4598
1991
2944
3890
4454
1519
2748
3530
4770
1925
2123
3325
4583
1597
2579
3724
4324
1592
2591
3771
4901
1402
2938
3969
4100
2011
2133
3367
4526
1832
2242
4002
4366
1860
2176
3564
5063
1436
2774
3491
4500
1839
2333
3468
4287
1348
2238
3554
4855
2008
2913
3401
4231
1993
2133
3416
4893
2010
2183
3266
4175
1950
2501
3673
4845
1206
2822
3827
4527
1217
2354
3254
4707
1746
2753
3480
4924
1263
2394
3621
5007
2008
2826
3307
4860
1291
2728
3474
4873
1558
2169
3348
4203
2010
2906
3771
4526
1264
2964
3940
4527
1947
2252
3585
4313
1743
2450
3330
4638
1746
2702
3251
4971
1263
2102
3585
4621
1960
2347
4013
4732
1588
2169
3325
4593
1057
2499
3880
4845
1982
2890
3909
4881
1535
2423
4066
4459
1186
2525
3663
4744
1264
2130
3994
4536
1817
2457
3333
4445
1186
2424
3200
4586
1264
2540
3712
4305
1588
2314
3416
4098
2006
2097
3621
5107
1886
2604
3757
5056
2032
2594
3831
4845
1588
2547
3182
5090
1558
2874
4013
4355
1703
2150
3778
4751
1519
2331
3282
4939
1764
2727
3876
4283
1993
2741
3139
5107
1896
2101
3698
4498
1886
2646
3966
4287
1216
2883
3940
4845
1588
2748
3847
5056
2006
2821
3715
4484
1764
2314
3685
5043
1720
2462
3890
4994
1857
2388
3200
5087
1759
2325
3373
4282
1587
2135
3741
5112
2028
2307
3491
4133
1597
2452
3675
4906
1205
2257
3767
5007
1254
2981
4024
4502
1348
2460
3585
4621
1412
2274
3474
4527
1610
2169
3251
4370
1820
2484
3805
5066
1067
3054
4002
4553
1758
2825
3621
4179
1263
2572
3757
4957
1820
3035
3634
4800
1361
2290
3737
4594
1747
2442
3253
5045
1950
3043
3622
4906
1057
2462
3669
4593
1067
2939
3669
4767
1674
2990
3469
4502
1936
2925
3368
4802
1209
2253
3839
4244
2028
2253
3260
4343
1703
2887
3844
4592
1759
2127
3223
4502
1974
2290
3337
4548
1179
2434
3807
4592
1925
2290
3401
4882
2035
2501
4034
5095
2032
2478
3888
4985
2007
2801
3652
4715
2006
2156
3639
5107
1970
2949
3622
4905
1391
2881
3416
4419
1980
2850
3985
4620
1297
2874
3934
4554
1669
2695
4094
4994
2045
2949
3835
4620
1480
2419
3817
4341
1669
2497
3089
4573
1758
2176
3377
4153
1209
2874
3078
4201
1918
2568
3604
4477
1874
2429
3396
4319
1480
2307
3576
4145
1513
2568
3743
4802
1758
2939
3401
4143
2001
2097
4067
4611
1480
2097
4032
4777
2001
3047
3347
4763
1824
2430
3727
4928
1513
3035
3772
5003
1985
2447
4030
4960
2045
2156
3984
4914
1746
2986
3557
5077
2008
2756
3929
4215
1217
2547
3244
4694
1291
2568
3929
4940
1839
2632
3719
4219
2001
2097
3335
4757
1947
2689
3257
4623
1798
2811
3929
4137
1637
3051
3409
4624
1513
2321
3399
4784
1998
2320
3668
4898
2001
2192
4030
4604
1703
2162
3394
4851
1637
2433
3276
4123
1637
2350
3276
4979
1920
2920
3309
4127
1291
2695
4082
4574
1179
2266
3310
4621
1057
2707
3844
4760
1547
2434
3338
4098
1448
3028
3710
4737
2028
2314
3503
4371
1270
2793
3492
4620
2045
2981
3744
4232
1925
2269
3202
4437
1837
2612
3266
4681
1583
2549
3935
4774
1925
2837
3287
5056
1828
2594
3209
4759
1637
2875
3684
5044
1637
2511
3515
4370
1637
2979
3896
4720
2011
2920
3724
4748
1179
2564
3857
5018
1882
2920
3413
4565
1396
2192
3764
4731
1612
2857
3430
4678
1610
2632
3977
4415
2001
2419
3123
4737
1564
2192
3651
5009
1669
2953
3166
5033
1409
2607
3478
4253
1970
2862
3803
4502
1159
2945
3751
4948
1703
2133
3500
4254
1782
2707
3294
4917
1636
2756
3304
4812
1860
2732
3137
4792
1391
3012
3851
4619
1637
2964
3611
4249
1369
2246
3313
4576
1637
2707
4077
4939
1217
2756
3669
4215
1475
2956
3598
4866
1998
2419
3337
4677
1159
2119
3337
4705
1179
2712
3919
4594
1784
2949
3257
4442
1637
2944
3710
4189
1860
2920
3836
4907
1391
2857
3111
5011
1637
2119
3611
4530
1057
2419
3578
4856
1925
3017
3081
5096
1617
2186
3136
4496
1240
2371
3393
4167
1606
2728
3718
5042
1984
2804
3818
4716
1980
2812
3251
4456
1861
3035
3348
4977
1824
2762
3454
4814
1782
2938
3615
4329
1824
2515
3375
4173
1860
2645
3590
4957
1949
2459
3657
4613
1637
2811
3375
4800
1369
2176
3706
4350
1637
2531
3839
4269
1217
2246
3760
4529
1764
2616
3818
4604
1746
2756
3304
5090
2001
2165
4082
4124
1264
2153
3161
4980
1782
2371
3409
4936
1277
2506
3760
4931
1637
2869
3618
4829
1637
2707
3760
4621
1973
2874
3209
4119
1369
2478
3760
4441
1925
2793
3839
4731
1588
2619
3436
4998
1636
2837
3296
4971
1291
2329
3652
4426
1606
2219
3618
4599
1636
2912
3482
4598
1782
2430
3307
4260
2006
2727
3259
4426
1664
2644
3699
4592
1874
2741
3760
4671
2028
2192
3087
4860
1610
2714
3788
4676
1216
3059
4053
4759
1588
2510
3787
4759
1186
2252
3855
4960
1857
2883
3591
5011
1637
2276
3949
4890
2001
2880
3845
4900
1588
2314
3869
4400
1513
3032
3950
4619
2028
2259
3536
4554
1993
2798
3935
5107
1480
2825
3372
4305
1299
2869
3950
4305
1480
2753
3390
4826
2006
2330
3966
4894
1606
2949
3648
4810
1817
3007
3320
4894
1896
2330
4042
4894
1057
2938
3215
4151
1209
2484
3514
4696
1764
2346
4032
4592
1209
2885
3404
4903
1812
2330
3916
4100
2031
2709
3499
4886
1915
2268
3251
5090
1491
3029
3176
4146
1427
2626
3409
4640
1915
2890
4032
4322
2024
2242
3234
4562
1217
2899
3781
4603
1391
2242
3248
4935
1808
2136
3500
4473
1217
2899
3740
5042
1391
2936
3787
4704
1445
2691
3459
4583
1217
2899
3538
4143
1707
2563
3080
4137
1445
2794
3462
4253
1782
2796
3367
4137
1445
2601
3554
4939
1461
3015
3712
4189
1778
2457
3682
4210
1445
2601
3459
4530
1461
2209
3694
4978
1555
2563
3394
5072
1461
2987
3723
4441
1445
2519
3117
4725
1743
2136
3588
4781
1291
2563
3919
4530
1491
2242
4010
4754
1558
2314
3515
4517
1764
2119
3591
4845
1996
2544
3590
4744
1759
2991
3591
4316
1788
2424
3234
5094
1664
2123
3603
4197
1882
2884
3527
4891
2028
2817
3788
4494
1664
2320
3536
4197
1882
2528
3095
4295
1669
2989
3603
4314
1860
3062
3274
4763
1057
2434
3088
4598
1817
2945
3169
4613
1860
2276
3918
4791
2010
2990
3169
4972
1867
3059
3169
4197
1565
2117
3169
4355
1839
3062
3587
5010
1817
3070
3169
4148
1217
3059
3169
4302
1817
3051
3878
4379
1583
3059
3760
4313
1743
2600
3416
4536
1264
2249
3447
4952
1817
2196
4041
4813
1993
2076
4032
4545
1886
2600
4094
4173
2006
2161
3890
4478
1479
2904
3422
5043
1874
2214
3953
4606
2001
2771
3600
4469
2032
2850
3491
4755
1812
2439
3674
4597
1993
2851
3622
4776
1771
2601
3187
4722
1812
2467
3998
4728
1636
2986
3115
4296
1950
2510
3081
4644
1705
2096
3786
4530
1610
2916
3892
4845
1940
2791
3156
5107
1564
2642
3839
4638
1830
3039
3822
4274
1635
2882
4083
4508
1635
2257
3580
4681
1564
2564
3303
4430
1583
3012
3737
5119
1583
2447
4039
4320
1940
2401
3657
4234
1452
2415
3498
4810
1452
2735
3251
5029
1867
2619
3963
4705
2028
2307
4095
4957
1299
2644
3966
4890
1925
2421
3294
4987
1589
3017
3111
4530
1857
2564
4095
4705
1589
3008
3888
4422
1937
2845
3647
4483
2024
2529
3338
5040
1193
2912
3606
4236
2045
2992
3114
4636
1479
2506
3738
4277
1967
2208
4010
5077
1669
2467
3087
4382
1480
2096
3385
4134
1784
3059
3741
4307
2045
2403
3073
4516
1828
2443
3995
4516
1880
2258
3385
4925
1669
2176
3354
4700
1820
2888
3085
4302
1409
2102
3115
4928
2001
2333
3928
4489
1936
2949
3995
4971
1703
3061
3078
4124
1945
2877
3699
5009
1982
2467
3995
4426
1936
2245
3628
4260
1264
2352
3535
4977
1669
2817
4089
4948
1480
2557
3632
4598
1750
2166
3620
4692
2001
2250
3567
4338
2001
2762
3727
4921
1973
2314
3414
4839
1880
3044
3325
4905
1480
2604
3652
4985
1409
2922
3168
5063
1094
2883
3476
5105
1937
2644
3530
4725
1973
2883
3521
5097
1669
2804
3393
4546
1480
2802
3547
4925
1094
2677
3977
4961
1094
2788
3810
4262
2001
2300
3888
4680
1215
2097
3974
4292
1215
2993
3296
4269
1949
2394
3419
4770
1094
2309
3995
4269
1094
2796
3413
4699
1057
2938
3817
4936
1759
2627
3618
4539
1057
2897
3109
4972
2006
2767
3409
4314
1610
2262
3243
4714
1558
2245
3572
4400
1558
2935
3369
4298
1993
2563
3618
4861
1263
2245
3372
4919
1263
2351
3478
4725
2001
2250
3349
4407
2001
2314
3576
5063
1215
3038
3372
4853
1949
2627
3787
4704
1831
2672
3257
4269
1831
2347
3168
4812
1094
2109
3985
4439
2001
2992
3530
4812
1973
2631
3743
4752
1837
2484
3311
4884
1837
2802
3907
4659
1886
2579
3685
4100
1094
2277
3644
4542
2001
2774
3311
4298
1215
2868
3685
4725
1215
2989
3810
4834
1925
2309
3633
5063
1703
2296
3834
4379
1703
2351
3577
4704
1703
2238
4022
5026
1720
2697
3367
5037
1720
3038
3580
4500
2006
2863
3580
4985
1610
2213
3775
4751
1610
2557
3985
4653
2006
2096
3888
4773
1993
3008
3888
4456
1993
2800
3888
4704
1993
2841
3430
4939
1982
2443
3787
4704
1743
2727
3521
4596
2032
2938
3942
4695
1519
2314
3888
4546
1925
2841
3633
4510
1588
2936
3325
4852
1831
2899
3600
4517
1159
2525
3349
4490
1479
2529
3106
4791
1967
2529
3252
4145
1763
2977
3203
4444
1705
2664
3416
4371
1747
2769
3291
4673
1937
2296
3377
4269
1824
2346
3633
4695
1480
2313
3532
5063
1409
3044
3888
4720
1784
2128
3724
4125
1186
2429
3888
4719
1817
2953
3995
4948
1186
2766
3373
4985
1874
2352
3787
4737
1372
2751
3724
4814
1682
2213
3715
4346
1555
2552
3995
4719
1758
2801
3851
4537
1348
2665
3409
4985
2008
2631
4045
4691
2001
2245
3094
5077
2001
2904
3136
4861
1828
2123
3993
4347
1949
2629
3810
4927
1589
2434
3080
4490
1764
2801
3542
4640
2046
2877
3682
4227
1703
2109
3851
4620
1519
2529
4038
4919
1949
2883
3385
4700
2006
2169
3087
4710
2001
3063
3760
4396
1886
2600
3715
4896
1857
2796
3744
4153
1519
2851
4004
4337
2008
2580
3622
4997
1925
2478
3888
4594
1743
2525
3900
4872
1703
3034
3557
4132
1892
2741
3890
4997
2046
2411
3890
4853
1481
2897
3393
4546
1589
2292
3526
4150
1264
2717
3366
4729
1857
2096
3253
4767
1857
2161
3660
4145
1914
2851
3888
4770
1317
2119
3985
4720
1925
2123
4042
4739
1857
2161
4079
5029
2025
2791
3177
5105
1955
2399
3763
5089
1896
2735
3598
4800
1896
2509
3088
4362
1535
2600
4010
4905
1635
2808
4052
4414
