228
909
954
789
77
244
348
697
68
68
97
954
365
616
335
597
826
834
608
835
598
598
39
651
651
932
932
657
971
971
971
971
971
170
971
708
997
663
561
561
932
35
412
35
433
363
412
412
363
412
412
412
725
954
153
197
77
244
348
697
68
68
68
954
275
77
244
697
68
68
954
954
394
390
951
53
161
4
623
406
829
77
616
150
398
597
118
447
118
598
598
118
651
651
932
932
143
985
309
971
971
971
971
971
65
725
997
663
561
932
932
657
985
985
412
1001
412
363
35
412
708
954
763
153
77
194
244
348
697
68
68
954
275
77
244
697
697
68
68
954
829
795
270
756
697
988
68
68
954
275
77
616
490
826
118
118
118
118
598
598
651
651
932
932
657
676
971
971
971
971
296
971
971
971
676
363
309
206
206
971
35
971
433
971
309
980
657
412
412
363
35
725
708
555
63
776
61
53
640
395
640
385
275
365
365
239
395
640
395
455
190
365
951
237
395
640
395
640
385
705
365
239
951
640
618
618
455
190
365
951
61
640
640
618
640
455
365
365
951
453
618
640
618
69
365
365
239
53
640
618
640
385
455
365
365
471
951
618
640
618
69
190
365
336
61
395
640
618
640
455
365
247
239
53
640
618
640
455
424
247
471
53
640
618
143
640
385
275
365
471
951
129
618
618
455
190
365
336
53
618
618
640
385
385
365
365
239
395
640
618
618
69
365
247
951
53
640
618
640
640
766
190
247
471
53
159
159
618
190
190
965
786
832
889
528
528
874
29
190
10
10
869
330
528
330
324
190
965
10
941
671
528
330
330
330
337
530
516
330
668
330
330
550
190
424
965
10
604
15
48
516
437
604
10
608
410
330
550
330
550
874
190
965
316
316
941
577
528
330
516
190
604
330
550
330
516
330
516
255
190
965
10
646
516
330
528
330
190
424
10
10
869
117
138
330
330
330
337
164
958
988
4
940
52
190
811
15
941
832
528
1019
550
330
550
330
330
330
330
330
516
330
516
530
975
330
516
330
330
330
330
766
375
569
330
330
330
550
330
166
500
475
654
550
330
874
874
166
190
156
685
198
198
38
210
210
69
365
471
951
640
618
640
69
190
365
10
53
640
618
640
385
69
365
247
951
640
395
640
618
444
1248
2321
3653
4810
1248
2321
4019
4446
1248
2321
3770
5110
2046
2186
3653
4192
2032
2268
3682
5087
1874
2253
3675
4755
1554
2253
3094
4105
2025
2546
3727
5026
1334
2942
3740
4900
1334
2579
3778
4926
1334
2986
4024
4835
1334
2986
3839
5089
1694
2644
3966
5029
1694
2771
3904
5110
1899
2888
4091
4621
1924
2619
3777
4853
1903
2862
4042
5009
1694
3050
3839
4860
1396
2985
3935
4145
1694
2944
3933
4109
1097
2421
3340
4374
1694
2862
3664
5029
1097
3012
4023
4921
1899
2986
3890
4593
1097
2800
3550
4418
1899
2097
3237
4547
1300
2536
3550
4739
1899
2097
3237
4927
1349
2791
3802
4136
1155
2434
3868
4722
1248
2918
3746
4654
1594
2085
3535
5112
1723
2224
3880
4848
1835
3003
3715
4699
1334
2989
3762
5011
1607
2454
3292
4508
1653
2985
3901
4484
1981
2478
4008
4926
1252
2694
3933
4926
2041
2990
4072
4934
2041
2990
3824
4934
2043
2990
4054
5118
1858
2694
3904
4170
1858
2452
4008
5052
1858
2694
4054
4955
2041
2162
3891
5058
2041
2162
4079
4170
1900
2813
4061
4170
1900
2162
4061
4830
1900
2649
3935
4962
1900
2649
4061
4837
1454
2694
3901
4837
1900
2649
4061
5118
1900
2649
3904
4837
1252
2350
3869
5096
1841
2126
3762
4949
2023
2907
3622
4484
1762
2350
4072
4132
1748
2109
4008
4747
1762
2813
3987
4311
1900
2907
4061
5114
1762
2325
3750
4889
1432
2472
3893
4962
1762
2649
3858
4934
1762
2813
3893
4837
1762
2748
3891
5118
1762
2788
3108
4962
1432
2472
4061
4311
1762
2592
3893
5052
1432
2411
3858
4934
1432
2566
3108
4962
1432
2985
3891
4837
1762
2961
4009
4132
1432
2350
3858
5114
1432
2472
3893
4311
1432
2472
3108
4962
1432
2472
3108
5114
1432
2472
3108
4837
1432
2472
3108
4837
1130
2350
3750
5114
1928
3055
3891
4170
1911
3042
3725
4431
2046
2674
3901
5039
1703
2854
3952
4676
1996
3028
3109
4770
1104
2933
3633
4236
1607
2360
4042
4150
1694
2604
3237
5029
1334
2986
3694
5029
1694
3007
3111
5110
1694
3007
3739
4814
1694
2511
4024
4875
1899
2889
3235
4170
1899
2889
3235
5068
1924
2830
3901
4424
1903
2360
3736
4810
1759
2314
3965
4620
1771
2360
3606
4757
1694
2815
3995
4985
1924
2162
3158
4640
1607
2986
3674
4654
1653
2877
3111
4970
1924
3007
3653
4864
1924
2521
3284
4864
1924
2521
3284
4864
1815
2531
3653
4497
1924
2060
3736
4132
1993
2702
3468
4961
1396
2638
3653
4720
1412
2535
3308
4714
1610
2644
3115
4946
1489
2320
3542
4766
1610
3023
3675
4120
2046
2623
3890
4664
1896
2253
3890
4255
2032
2253
3719
4539
1991
2672
3704
4982
2035
2741
3745
4678
1298
2628
3927
4246
2035
2788
3976
4774
1777
2148
3970
5079
1896
2616
3736
4860
1998
2511
3890
4786
1481
2830
3526
4702
1920
2815
3270
4785
1160
2567
3660
5079
1764
2274
3426
4693
1160
2165
3935
4547
1764
2274
3812
4693
1160
2165
3373
5096
1188
2612
3468
4848
1775
2434
3704
4368
1981
2314
3802
4979
1991
2829
4074
4636
1334
2057
4091
4848
1991
2829
3786
4557
1334
2551
4042
4950
2035
2455
3622
4658
1334
2813
3762
4111
1835
2225
3373
4654
1515
2985
3935
5118
1981
2649
3933
5012
1252
2800
4008
4962
1762
2350
3950
4132
1900
2748
3893
5118
2041
2990
3750
4460
2043
2452
3782
5118
1762
2452
4009
5118
1762
2452
4072
5015
2043
2452
3782
4132
2041
2452
3108
4170
1900
2162
4079
4962
1900
2592
4054
4769
1762
2162
4079
4926
1900
2162
3824
5015
1900
2813
4072
4837
1900
2649
3935
4837
1900
2649
4061
4311
1762
2649
3725
5015
1252
2748
3893
5118
1689
2957
3664
4525
1981
2801
3284
5110
1900
2907
3747
4876
2043
2788
4061
4889
2043
2788
3891
5015
1762
2788
3108
5052
1432
2411
4061
5118
1762
2566
3782
4962
2043
2961
3108
5114
2043
2961
3891
4769
1900
2592
3987
5114
2041
2788
3824
5052
1762
2961
4061
4962
1762
2350
3108
5118
1762
2961
3893
4837
1432
2472
3108
5114
1859
2985
3750
4769
1762
2592
3893
5052
1432
2472
3893
4837
1432
2566
4061
4311
1432
2566
3108
4962
1928
2411
3736
4962
1911
2961
3673
4170
1496
2976
3782
4606
1417
2944
3674
4872
1777
2925
3974
4771
1396
2253
3380
5033
1849
2731
3176
4410
1345
2627
3919
4720
1345
2944
3880
4900
1345
2649
3682
4919
1899
2869
4024
4720
1899
2869
4024
5056
1899
2869
4024
4962
1899
2925
3893
4977
1160
3063
3111
4889
1160
3063
3111
4919
1925
2642
3970
4862
1777
2869
3869
5026
1452
3042
3115
4119
1788
2394
3810
4127
1694
2721
3660
4150
1694
2714
3654
4853
1899
3069
3459
4919
1899
2791
3737
5115
1899
2489
3904
5112
1899
2936
3198
4593
1899
2612
3237
4654
1155
2862
3909
4559
1720
2862
3818
5029
1720
2862
3565
5068
1396
2862
4032
4814
1824
2253
3380
4938
1896
2253
3931
4807
1896
3028
3732
4432
1896
3003
4006
4232
1703
3007
3577
4663
1703
3007
3890
4766
1703
2741
3843
4971
1554
2268
3126
4844
1317
2746
3777
4559
1317
2165
3154
4177
1317
2165
3839
4636
1317
2165
3673
4111
1807
2130
3467
5043
1083
2394
3888
4314
1966
2990
3719
4480
1775
2374
3547
4374
1991
2544
3345
4919
2032
2374
3185
4557
1903
2452
3762
5011
1764
2727
3715
4624
1345
2909
3952
4145
1764
2453
3715
4693
1903
2765
4093
4184
1764
2665
3380
4693
1515
2434
3526
4604
1188
2434
3400
4693
1899
2434
4072
4560
1188
2567
3284
4853
1155
2567
3235
4460
1334
2942
3198
4934
1155
2694
3987
4810
1653
2815
4042
5094
1900
2907
4061
4384
1762
2990
3891
5114
1762
2990
3904
5114
2041
2990
4054
5029
1858
2694
3935
5058
1858
2694
4054
4810
1858
2694
4054
4955
1900
2162
3951
4962
1900
2162
4079
4837
1900
2162
3935
5118
1900
2162
3901
5118
1900
2649
3935
4170
1900
2649
4061
4837
1454
2694
3901
4837
1900
2649
4061
5118
1900
2649
3904
4837
1762
2990
3952
4837
2043
2990
3824
5052
1762
2990
4054
4962
1858
2990
3824
4962
2043
2452
3824
4835
2043
2452
3824
4170
1858
2694
4054
4835
1900
2162
4061
5058
1900
2162
4061
5058
1762
2162
4009
4955
1900
2813
4072
4170
1900
2649
4061
4170
1900
2649
4061
4837
1900
2649
4061
4837
2041
2649
3750
4934
1900
2649
3904
5118
2043
2990
3901
4934
1762
2990
3952
4837
1762
2990
4054
4962
1762
2452
3904
4889
1762
2452
4009
4837
1762
2452
4009
5015
1762
2452
3891
5015
1762
2452
3901
5015
1762
2452
3901
5015
1900
2592
4054
4170
1762
2813
3725
4934
1762
2472
3901
4837
1900
2649
4061
4170
1130
2649
3987
4962
1592
2741
3830
5046
1412
2655
3959
4457
1412
2544
3740
4850
1626
2529
3704
4233
1396
2678
3984
4897
1626
2937
3091
4985
1626
2320
4079
4335
1626
2320
3681
4800
1396
2944
3843
4663
1828
3032
3974
4663
1626
2945
3978
4155
1519
2787
3890
4530
1626
2156
3320
4800
1985
2821
3743
4234
1626
2585
3175
4801
1396
2868
3091
4663
1626
2230
3449
4447
1626
2579
3154
4546
1626
2320
3154
4755
1626
2320
3777
4332
1626
2944
3843
4800
1626
2048
3890
4460
1626
2860
3843
4872
1626
2323
3929
4734
1626
2323
4008
4532
1626
2608
3284
5105
1626
2452
3675
4972
1828
2585
3505
4702
1626
2672
3965
4845
1341
2672
3998
4451
1985
2802
4077
4233
1626
2156
3661
4120
1626
2735
3175
4973
1867
2647
3398
4332
1626
2942
3200
4800
1626
2168
3605
4850
1626
2775
3503
4232
1635
2881
3504
4150
1626
2320
3154
4332
1626
2821
3659
4721
1828
2225
3253
4559
1626
2945
3777
5108
1396
2399
3148
4731
1626
2674
4016
4845
1409
2432
3599
4559
1626
2352
3154
4829
1626
2323
3605
4120
1626
2323
3605
5101
1626
2320
3154
4332
1626
2320
3154
4800
1626
2944
3091
4850
1626
2983
3498
4120
1669
2075
3959
4334
1396
2979
3928
4487
1626
2672
3154
4332
1626
2608
3091
4800
1626
2608
3323
4850
1626
2802
3175
5119
1626
2937
3154
4603
1626
2942
3154
4994
1626
2644
3154
4721
1626
2579
3469
4296
1626
2320
3310
4296
1635
2320
3165
4457
1974
3028
3719
4800
1626
2628
3974
4416
1626
2535
3154
4739
1626
2802
3552
4559
1535
2349
3740
4484
1626
2168
3264
4150
1626
2608
3730
4539
1626
2937
3515
4220
1626
2671
3681
5097
1626
2349
3843
5105
1626
2253
3310
4120
1626
2860
3154
5058
1701
2323
4083
4648
1985
2090
3740
4800
1452
3007
3675
5050
1626
2674
4004
5049
2001
3062
3843
4924
1529
2253
3877
4800
1529
2860
3498
4800
1626
2168
3303
4989
1626
2608
3148
5042
1626
2320
4059
5105
1396
2320
3636
4308
1216
2944
3165
4850
1396
2859
3171
5049
1626
2323
3418
4332
2007
2697
3887
4970
1626
2608
3327
4850
2032
3028
4042
4242
1626
2401
3535
4663
1523
2473
3415
4431
1523
2735
3927
5105
1867
2983
3959
4098
1867
2547
3685
5049
1626
2874
4083
4234
1626
2942
4013
4592
1626
2323
4079
4098
1626
2983
4083
4338
1216
2983
4077
5042
1867
2874
3291
4895
1396
2860
3338
4917
1216
2168
3469
4875
1396
2665
3247
4973
1626
2320
3148
4782
1529
2758
3291
4304
1216
2473
3247
4850
1216
2697
3996
4721
1626
2945
3778
4171
2001
2915
3998
4364
1985
2868
3529
4845
1867
2983
3180
4858
1867
2289
3843
5105
1626
2628
3685
4488
1626
2738
3310
4332
1626
2628
3726
4322
1690
2190
3826
4631
1626
2628
3937
4559
1626
2323
3747
5049
1626
2323
3824
4332
1626
2608
3484
4292
1216
2156
3705
4539
1626
2983
3165
5049
1626
2616
4042
4845
1626
2942
3669
4924
1564
2344
3843
4308
1867
2253
3684
4729
1083
2224
3959
4985
1529
2608
3327
4563
1216
2608
3323
4539
1626
2320
3154
5097
1626
2944
3736
4850
1626
2944
3154
4240
1626
2944
3824
4756
1626
2323
3291
4801
1626
2937
3645
4539
1626
2937
3171
4120
1867
2983
3515
4335
1867
2253
3450
4275
1626
2403
3764
4800
1626
2230
3111
4455
1396
2585
3704
4559
1626
2564
3171
4802
1626
2564
3822
4549
1626
2089
3506
4460
1626
3023
3778
4320
1626
2320
3778
4721
1626
2320
3952
4955
1626
2320
3952
4850
1626
2944
3498
4850
1701
2983
3498
4197
1597
2701
3130
4800
1626
2910
3843
4850
1626
2568
3862
4120
1626
2253
3303
5040
1626
3050
3320
4162
1626
2608
3952
5107
1626
2156
3959
4980
1452
2983
4006
5049
1626
2983
3515
4800
1626
2253
3606
4322
1626
2616
3507
4755
1626
2168
4083
4120
2007
3070
3435
4332
1626
2983
3736
4852
1216
2484
3952
4332
1626
2314
3248
4800
1626
2682
3605
4120
1606
3042
3315
5049
1985
2432
3315
4332
1626
2320
3165
4322
1626
2320
3754
4850
1216
2700
3681
5049
1626
2547
3420
4946
1626
3017
3890
4332
1626
3043
3154
4530
1936
2915
3154
4155
1896
2730
3291
5094
1626
2983
4082
4732
1626
2599
3469
4796
1626
2672
3509
5069
1626
2672
3154
4650
1083
2156
4008
4281
2001
2382
3529
4898
1867
2628
3175
5049
1867
2048
3783
4532
1216
2860
4077
4800
1626
2860
3736
4120
1626
2608
3509
4120
2028
2320
3887
4654
1626
2252
3747
4257
1626
2944
3425
4875
1940
3065
3154
4233
1626
2860
3259
5049
1626
2608
4004
4332
1626
2608
3165
4875
1626
2701
3719
4898
1626
2674
4079
4232
1216
2700
3200
4332
1626
2874
3200
4637
1597
2939
3358
4422
1664
2380
3742
4822
1814
2512
3269
4604
1774
2307
3816
5107
1270
2915
3713
4999
1683
2801
3393
4559
1365
2793
3631
4691
1535
2214
3818
4296
1975
2701
3219
4893
1683
2717
3307
4117
1753
2137
3999
4472
1270
2890
3881
4472
1830
2980
3728
5036
1753
2214
3347
4472
1753
2828
3422
4821
1270
2206
3878
4143
1753
2331
3740
4807
1806
2890
3292
4943
1814
2528
4067
4967
1753
3016
3219
4442
1753
2716
3608
4873
1814
2677
3539
4656
1246
2712
3672
4171
1737
3070
3872
4338
1813
2364
3878
4211
1254
2257
3842
5029
1525
2840
3294
5008
1584
2331
3152
4255
1753
2915
3851
5097
1270
2128
3202
4503
1975
2880
3301
4456
1754
2968
3660
4960
1385
2143
3095
4138
1270
2434
3636
4678
1691
2412
3694
4937
1270
2767
3669
4406
1270
2434
3419
5080
1753
2642
3669
4138
1683
2649
3514
4714
1915
2412
3376
4960
1504
2901
3763
4140
1683
2208
3668
4888
1814
2434
3208
4210
1255
2123
3422
4138
1683
2956
3109
4945
1814
2148
3636
4411
1504
2678
3819
4891
1753
2459
3473
4145
1814
2439
3473
4731
1655
2412
3797
4743
1604
2406
3473
4583
1868
2412
4043
4741
1250
2619
4043
4363
1975
2901
3085
4371
1830
2434
3579
4893
1105
2257
3555
4392
1597
2253
3377
5041
1565
2830
3986
4587
1814
2478
3740
4759
1396
2320
3366
4436
1828
2109
3937
4916
1270
2971
3542
4432
1597
2333
3498
4551
1565
2601
3200
4960
1191
3008
3514
4846
1830
2716
3377
5032
1753
2978
3927
4977
1191
2978
3513
4843
1915
2693
3557
4918
1255
2983
3169
4185
1211
2623
3253
4215
1915
2149
3171
4755
1655
2323
3401
4544
1211
2787
3166
4873
1985
2459
3244
5095
1655
2257
3998
4276
1737
2623
3696
4659
1868
2253
3101
4551
1250
2280
4082
4803
1385
2323
3728
5010
1396
2109
3747
4544
1270
2130
3514
5105
1814
3041
3325
4559
1409
2912
3089
4402
1250
3059
3947
4506
1975
2920
3704
4369
1753
2644
3504
4197
1385
2403
3708
5047
1396
2528
3862
5047
1753
2057
4032
4151
1270
2489
3235
4817
1718
2206
3177
4982
1427
2787
3398
4402
1975
2746
3862
4933
1353
2326
3280
4349
1753
2313
3682
4855
1270
2966
3662
4884
1975
2811
3473
4855
1504
2390
3242
4788
1718
2261
3182
5099
1268
2261
3889
4544
1250
2279
3862
4692
1838
2261
3176
4738
1268
2257
3862
4925
1782
2462
3447
4743
1351
2301
3982
4561
1824
2344
3741
4101
1250
3035
3581
4377
1915
2830
3304
4346
1396
2687
4042
4616
1617
2083
3738
4791
1753
2489
3256
4526
1975
2219
3473
4946
1250
3035
3660
5030
1915
2198
3098
4732
1691
2278
3166
4427
1610
2850
3913
4098
1975
2746
3716
4970
1681
2906
3894
5067
1412
2429
3289
4903
1555
2333
3595
4931
1263
2971
3787
5056
1250
2168
3135
4592
1250
2169
3248
4904
1250
3029
3426
4159
1250
2063
3381
4249
1250
3029
3449
4363
1814
2429
3253
4790
1610
2915
3982
4233
1610
2697
3937
4755
1412
2986
4033
4474
1412
2176
3724
4121
1412
2337
3613
4573
1412
2612
3322
4398
1830
2687
3809
4374
1718
2255
3305
4105
1555
2915
3832
5093
1526
2937
3622
4631
1996
2530
3843
4660
1104
2322
3377
4710
1886
2682
3727
4660
1263
3042
3297
4800
1753
2432
3247
4424
1250
2968
3682
4370
1409
2277
3635
5056
1812
2314
4035
4098
1910
2277
3137
4856
1412
2965
3377
4504
1915
2225
3817
4888
1812
2568
3999
4349
1390
2321
3547
5026
1681
2746
4065
4456
2014
2530
3400
4584
1270
2536
3473
4605
1270
2536
3231
4179
1270
2911
3201
4603
1270
3009
3702
4230
1270
2434
3201
4856
1270
2727
3897
4256
1270
2063
3182
4696
1270
2081
4052
4106
1838
2978
3707
4694
1814
2642
3702
4826
1838
2290
3922
5020
2014
2404
3993
4739
1910
2274
3686
4253
1753
2082
3449
4540
1753
2185
3420
4121
1984
2063
3978
4239
1753
2682
3813
4853
1753
2440
4090
4134
1984
2063
3425
4916
1424
2440
3854
4487
1424
2740
3183
4530
1424
2380
3826
4253
1424
2915
3881
4540
1412
2875
3399
4556
1814
2440
3576
4583
1824
2619
3579
4253
1814
2717
4081
4453
1814
2933
3465
4137
1874
2463
3801
4903
1874
2915
3291
4584
1874
2915
3579
4412
1985
2165
4003
4121
1813
2130
3169
4766
1984
2638
3305
4739
1409
2528
3874
4407
1915
2837
3276
4443
1915
2771
3907
5022
1915
2538
3530
4866
1915
2538
3276
4684
1915
2544
3707
4634
1915
2928
3555
4696
1915
3063
3535
4470
1915
3063
3815
4763
1998
2314
3596
4856
1838
2818
3465
4274
1998
2121
3555
4253
1838
2765
3702
4651
1838
2464
3430
4484
1838
2800
3270
4121
1838
2800
3185
4443
1838
3008
3801
4452
1920
2174
3586
4872
1838
2818
4007
4628
1838
2925
3446
4121
1424
2627
3430
4138
1838
2088
3937
4899
1838
2088
3426
4556
1427
2544
3702
4875
1936
2186
3579
4338
1565
2442
3813
4121
1565
2818
3508
4856
1610
2848
3997
4136
1396
2965
3843
4584
1940
2740
3200
4175
1703
2643
4053
4519
1812
2456
3103
4898
1626
2800
3965
5003
1788
2320
3763
4246
2006
3059
3726
4507
1216
2128
3880
4615
1626
2628
3673
4099
1626
2672
3148
5042
2007
2946
3291
4253
1216
2382
4069
4900
1216
2156
3460
4898
1216
2701
4088
5049
1867
3050
3843
4796
1626
2802
3598
4800
1626
2802
3198
4338
1626
3000
3171
5089
1564
2972
3154
4729
1216
2920
3924
4508
1216
2700
3171
5094
1216
2323
3952
4171
1626
2323
3952
4150
2001
2946
3675
5105
2001
3071
3675
4220
1690
2874
3843
5049
1690
2874
3928
4332
1690
2874
3928
4637
2028
2323
3996
4655
1626
2608
3552
5018
1216
2564
3557
4539
1216
2985
4077
4895
1626
3007
3613
4285
1626
2323
3498
4150
2001
2937
3529
4637
1867
2983
3959
4924
1690
2623
3154
5018
1690
2048
3890
5018
1690
2253
3685
4985
1701
2323
3698
4351
1519
2323
3675
4351
1626
2320
3296
4985
1626
2608
3304
4948
