306
668
668
482
482
482
482
622
791
931
482
482
482
482
482
771
121
450
588
277
563
467
504
76
135
135
606
5
5
5
606
437
606
437
162
437
693
685
991
549
477
780
852
55
244
340
852
852
622
444
630
74
244
718
451
619
244
55
549
549
549
630
477
74
244
74
244
693
409
791
171
419
630
496
21
734
734
477
431
991
549
630
546
125
162
74
734
29
162
622
444
17
546
546
29
21
546
29
546
227
853
546
29
546
618
546
546
29
121
525
791
171
419
630
542
496
29
546
29
121
429
148
558
558
728
504
873
135
937
310
525
50
148
148
978
539
539
539
539
539
937
484
63
558
728
937
937
937
937
937
937
937
25
824
886
277
728
728
52
52
52
135
5
5
937
937
937
135
937
135
937
310
409
118
171
107
641
690
76
135
52
135
852
119
141
107
641
707
690
718
21
914
852
389
791
481
138
425
281
553
852
852
852
409
672
158
641
641
542
718
21
734
21
685
791
791
563
425
802
244
21
244
639
947
628
141
107
760
542
718
21
734
21
83
622
565
107
760
995
496
718
734
21
693
264
672
107
760
641
542
76
21
734
21
622
791
444
667
550
816
244
916
244
693
409
672
107
641
641
542
76
21
734
527
452
791
171
354
707
758
244
816
244
693
264
822
107
641
641
542
718
21
965
693
711
822
171
760
138
542
496
21
965
693
691
287
779
960
205
414
281
918
918
852
852
123
450
171
250
250
504
143
1020
459
606
685
565
171
138
707
76
496
21
619
852
664
791
791
931
707
707
244
21
734
55
55
543
563
549
55
244
494
244
494
403
313
525
791
171
419
758
55
494
494
403
403
264
141
107
164
641
542
76
21
734
693
622
791
171
138
630
21
734
21
244
403
313
118
141
164
760
542
76
21
734
21
409
791
171
931
707
758
496
21
965
125
965
991
549
17
630
74
244
494
403
403
409
627
171
419
419
758
55
494
125
403
55
543
543
224
55
494
55
431
403
403
313
791
791
171
419
494
494
494
494
403
313
264
141
107
641
326
497
967
21
68
693
401
174
945
475
449
308
726
726
852
644
287
886
277
467
504
308
135
553
135
852
401
32
91
613
137
690
504
135
852
852
450
202
558
467
504
504
504
550
135
437
550
748
405
