306
330
985
138
72
195
287
46
63
613
690
241
195
861
356
345
367
763
295
661
942
458
326
497
516
632
389
330
931
953
121
1008
123
277
345
935
143
867
295
143
985
935
143
47
260
358
33
532
587
722
33
532
587
361
33
532
587
578
33
532
587
143
532
47
935
358
985
532
587
143
834
809
633
319
725
449
260
319
725
633
558
558
522
633
725
295
143
985
449
522
449
295
954
356
345
522
873
873
224
224
774
232
232
232
446
954
356
208
89
873
873
224
618
774
774
232
232
119
661
895
290
497
497
616
616
616
616
616
616
616
521
785
1000
616
616
431
616
330
481
138
121
673
578
954
356
345
345
702
333
333
333
739
241
24
616
850
265
954
345
345
690
281
333
333
553
241
167
241
791
551
481
667
72
527
853
853
853
29
527
121
195
661
942
458
326
497
516
632
330
481
953
72
72
685
791
834
1010
63
145
121
649
358
931
497
47
644
123
46
143
960
584
276
342
94
356
345
388
241
503
661
895
458
9
941
38
622
444
419
216
216
212
123
779
960
935
143
861
779
599
358
77
532
47
260
578
33
532
532
47
786
319
725
725
449
449
951
435
331
419
449
310
786
319
725
725
449
449
627
834
389
63
960
1022
260
578
33
532
867
167
260
578
33
9
941
941
38
599
358
985
867
216
19
861
46
356
208
719
522
260
358
985
866
80
216
260
319
725
725
725
522
310
589
954
356
208
522
1022
260
942
895
326
497
20
632
776
616
616
149
616
616
521
521
616
616
616
616
616
330
733
138
527
121
1008
954
202
345
345
690
702
333
333
333
739
257
241
850
265
954
356
345
137
690
333
333
333
943
241
241
389
791
834
138
431
72
546
853
853
29
546
527
195
555
202
356
345
728
702
840
840
514
606
527
121
791
791
358
532
935
143
587
633
356
345
690
388
627
435
618
17
507
489
241
452
70
779
960
690
241
757
954
356
345
345
16
702
333
431
63
143
867
241
195
599
358
458
532
941
47
599
358
985
532
758
38
912
431
17
888
771
19
722
358
535
532
787
38
912
912
549
104
771
722
578
33
532
532
711
722
993
532
941
941
38
260
319
725
725
449
449
295
359
356
960
16
522
310
260
599
985
866
758
38
881
881
635
635
635
635
635
881
