9217
9218
194
668
370
482
482
372
723
111
24
111
111
111
111
848
43
179
4
445
166
595
595
933
370
589
4
166
595
595
933
370
589
4
445
595
595
933
370
370
673
4
445
166
595
933
933
370
370
370
848
723
723
723
111
111
111
111
111
111
111
902
50
4
445
166
595
933
933
982
4
445
166
595
933
933
691
4
445
166
595
933
933
370
370
757
4
445
166
595
933
933
370
370
370
370
723
723
723
111
111
111
111
111
111
111
50
4
445
166
595
933
933
370
370
370
370
723
614
486
618
111
111
111
111
111
111
902
50
4
445
166
595
933
933
370
370
370
370
723
723
723
111
111
848
111
111
111
111
111
902
676
445
166
595
595
933
370
4
445
166
595
933
933
370
4
445
166
595
595
933
370
370
691
4
445
166
595
933
933
370
370
370
370
723
723
723
111
111
111
111
111
111
111
111
79
902
190
4
445
166
595
933
587
4
445
166
595
933
933
370
673
4
445
166
595
933
933
370
19
4
445
166
595
933
933
370
370
370
723
723
723
486
372
111
111
111
111
111
111
50
4
445
166
595
933
933
370
370
370
370
370
723
723
848
111
111
111
111
111
111
902
190
4
445
166
595
933
933
370
370
370
370
723
723
723
723
111
111
111
111
618
111
111
334
109
4
445
166
595
595
933
4
445
166
595
595
933
370
589
4
445
595
595
933
370
370
691
4
445
166
595
933
933
370
370
370
370
723
723
723
111
111
111
111
111
111
111
111
902
902
341
4
166
595
595
933
589
4
166
595
595
933
370
370
589
445
166
595
595
933
370
370
691
4
445
166
595
933
933
370
370
370
370
723
723
111
111
111
111
111
111
111
111
111
109
4
445
166
595
595
933
370
370
370
723
723
370
723
24
111
618
111
111
372
111
111
902
109
341
445
166
595
595
933
370
370
370
370
370
723
723
723
111
111
111
111
111
111
902
190
4
445
166
595
933
933
691
4
445
166
595
933
933
370
4
445
166
595
595
933
691
4
445
166
595
933
933
370
370
370
370
723
723
723
24
111
111
111
111
111
111
111
902
50
4
166
595
595
933
587
4
445
166
595
933
933
370
589
445
166
595
595
933
370
370
673
4
445
166
595
933
933
370
370
370
80
723
723
486
486
534
9219
1086
1086
1086
1086
1432
1432
1762
1762
1432
1432
1432
1432
1432
1432
1432
1432
1432
1432
1432
1432
1432
1432
1432
1432
1432
1432
1432
1432
1432
1432
1432
1432
1432
1432
1432
1432
1432
1432
1432
1432
1432
1432
1432
1432
1432
1432
1086
1432
1086
1086
1086
1086
1086
1086
1086
1086
1086
1086
1086
1086
1086
1086
1086
1086
1086
1086
1086
1086
1086
1086
1086
1086
1086
1086
1086
1086
1086
1086
1086
1086
1086
1086
1086
1086
1086
1086
1086
1086
1086
1086
1086
1086
1086
1086
1086
1086
1086
1086
1086
1086
1086
1086
1086
1086
1086
1086
1086
1086
1086
1086
1086
1086
1086
1086
1086
1086
1086
1086
1086
1086
1086
1086
1086
1086
1086
1086
1086
1086
1086
1086
1086
1086
1086
1086
1086
1086
1086
1086
1086
1086
1086
1086
1086
1086
1086
1086
1086
1086
1086
1086
1086
1086
1086
1086
1086
1086
1086
1086
1086
1086
1086
1086
1086
1086
1086
1086
1086
1086
1086
1086
1086
1086
1086
1086
1086
1086
1086
1086
1086
1086
1086
1086
1086
1086
1086
1086
1086
1086
1086
1086
1086
1086
1086
1086
1086
1086
1086
1086
1086
1086
1086
1086
1086
1086
1086
1086
1086
1086
1086
1086
1086
1086
1086
1086
1086
1086
1086
1086
1086
1086
1086
1086
1086
1086
1086
1086
1086
1086
1086
1086
1086
1086
1086
1086
1086
1086
1086
1086
1086
1086
1086
1086
1086
1086
1086
1086
1086
1086
1086
1086
1086
1086
1086
1086
1086
1086
1086
1086
1086
1086
1086
1086
1086
1086
1086
1086
1086
1086
1086
1086
1086
1086
1086
1086
1086
1086
1086
1086
1086
1086
1086
1086
1086
1086
1086
1086
1086
1086
1086
1086
1086
1086
1086
1086
1086
1086
1086
1086
1086
1086
1086
1086
1086
1086
1086
1086
1086
1086
1086
1086
1086
1086
1086
1086
1086
1086
1086
1086
1086
1086
1086
1086
1086
1086
1086
1086
1086
1086
1086
1086
1086
1086
1086
1086
1086
1086
1086
1086
1086
1086
1086
1086
1086
1086
1086
1086
1086
1086
1086
1086
1086
1086
1086
1086
1086
1086
1086
1086
1086
1086
1086
1086
1086
1086
1086
1086
1086
1086
1086
1086
1086
1086
1086
1086
1086
1086
1086
1086
1086
1086
1086
1086
1086
1086
1086
1086
1086
1086
1086
1086
1086
1086
1086
1086
1086
1086
1086
1086
1086
1086
1086
1086
1086
1086
1086
1086
1086
1086
1086
1086
1086
1086
1086
1086
1086
1086
1086
1086
1086
1086
1086
1086
1086
1086
1086
1086
1086
1086
1086
1086
1086
1086
1086
1086
1086
1086
1086
1086
1086
1086
1086
1086
1086
1086
1086
1086
1086
1086
1086
1086
1086
1086
1086
1086
1086
1086
1086
1086
1086
1086
1086
1086
1086
1086
1086
1086
1086
1086
1086
1086
1086
1086
1086
1086
1086
1086
1086
1086
1086
1086
1086
1086
1086
1086
1086
1086
1086
1086
1086
1086
1086
1086
1086
1086
1086
1086
1086
1086
1086
1086
1086
1086
1086
1086
1086
1086
1086
1086
1086
1086
1086
1086
1086
1086
1086
1086
1086
1086
1086
1086
1086
1086
1086
1086
1086
1086
1086
1086
1086
1086
1086
1086
1086
1086
1086
1086
1086
1086
1086
1086
1086
1086
1086
1086
1086
1086
1086
1086
1086
1086
1086
1086
1086
1086
1086
1086
1086
1086
1086
1086
1086
1086
1086
1086
1086
1086
1086
1086
1086
1086
1086
1086
1086
1086
1086
1086
1086
1086
1086
1086
1086
1432
1762
1432
1432
1432
1432
1432
1432
1432
1762
1432
1859
1653
1181
1648
1800
1666
1104
2035
2046
1886
2046
1801
1788
1991
1801
1903
1903
1298
1694
1815
1298
1653
1879
2043
1900
1900
2041
1900
1762
1859
1762
1762
1762
1762
1432
1762
1859
1456
1115
1755
1931
1857
1764
1801
1659
1857
1801
1659
1659
2032
1931
1788
1481
1801
1481
2046
1903
1160
2003
1896
1788
2046
1903
1807
1801
1334
1777
2000
1807
1161
1535
1535
1812
1931
2032
1896
2032
1931
1813
1557
1626
1807
1653
1858
1981
1157
1150
1748
2041
2023
1157
2041
1900
1762
1762
1762
1762
1762
1762
1762
1499
1454
1561
1573
1695
1800
1711
1392
1886
1160
2035
1931
1991
1583
1892
2003
1931
2046
2035
1807
1801
2035
1659
1801
1931
1801
1694
1835
1694
1835
1924
1188
1884
1317
1959
1059
1535
1846
1635
1931
1759
1931
1652
1755
1896
2046
1801
2046
1481
1659
1481
1807
1700
1895
1924
1903
1777
1903
1300
9220
2350
2472
2472
2325
2566
2985
2813
2592
2325
2472
2566
2566
2566
2592
2566
2592
2592
2566
2961
2961
2592
2592
2472
2985
2566
2566
2566
2135
2566
2566
2350
2325
2472
2566
2592
2566
2592
2566
2592
2592
2566
2961
2961
2592
2592
2961
2472
2961
2472
2472
2472
2472
2472
2472
2472
2472
2472
2472
2472
2472
2472
2472
2472
2472
2472
2472
2472
2472
2472
2472
2472
2472
2472
2472
2472
2472
2472
2472
2472
2472
2472
2472
2472
2472
2472
2566
2566
2566
2566
2566
2566
2566
2566
2566
2566
2566
2566
2566
2566
2566
2566
2566
2566
2566
2566
2566
2566
2566
2566
2566
2566
2566
2566
2566
2566
2566
2566
2566
2566
2566
2566
2566
2566
2566
2566
2566
2566
2566
2566
2566
2566
2566
2566
2566
2566
2566
2566
2566
2566
2566
2566
2566
2566
2566
2566
2566
2566
2566
2566
2566
2566
2566
2566
2566
2566
2566
2566
2566
2566
2566
2566
2566
2566
2566
2566
2566
2566
2566
2566
2566
2566
2566
2566
2566
2566
2566
2566
2566
2566
2566
2566
2566
2566
2566
2566
2566
2566
2566
2566
2566
2566
2566
2566
2566
2566
2566
2566
2566
2566
2566
2566
2566
2566
2566
2566
2566
2566
2566
2566
2566
2566
2566
2566
2566
2566
2566
2566
2566
2566
2566
2566
2566
2566
2566
2566
2566
2566
2566
2566
2566
2566
2566
2566
2566
2566
2566
2566
2566
2566
2566
2566
2566
2566
2566
2566
2566
2566
2566
2566
2566
2566
2566
2566
2566
2566
2566
2566
2566
2566
2566
2566
2566
2566
2566
2566
2566
2566
2566
2566
2566
2566
2566
2566
2566
2566
2566
2566
2566
2566
2566
2566
2566
2566
2566
2566
2566
2566
2566
2566
2566
2566
2566
2566
2566
2566
2566
2566
2566
2566
2566
2566
2566
2566
2566
2566
2566
2566
2566
2566
2566
2566
2566
2566
2566
2566
2566
2566
2566
2566
2566
2566
2566
2566
2566
2566
2566
2566
2566
2566
2566
2566
2566
2566
2566
2566
2566
2566
2566
2566
2566
2566
2566
2566
2566
2566
2566
2566
2566
2566
2566
2566
2566
2566
2566
2566
2566
2566
2566
2566
2566
2566
2566
2566
2566
2566
2566
2566
2566
2566
2566
2566
2566
2566
2566
2566
2566
2566
2566
2566
2566
2566
2566
2566
2566
2566
2566
2566
2566
2566
2566
2566
2566
2566
2566
2566
2566
2566
2566
2566
2566
2566
2566
2566
2566
2566
2566
2566
2566
2566
2566
2566
2566
2566
2566
2566
2566
2566
2566
2566
2566
2566
2566
2566
2566
2566
2566
2566
2566
2566
2566
2566
2566
2566
2566
2566
2566
2566
2566
2566
2566
2566
2566
2566
2566
2566
2566
2566
2566
2566
2566
2566
2566
2566
2566
2566
2566
2566
2566
2566
2566
2566
2566
2566
2566
2566
2566
2566
2566
2566
2566
2566
2566
2566
2566
2566
2566
2566
2566
2566
2566
2566
2566
2566
2566
2566
2566
2566
2566
2566
2566
2566
2566
2566
2566
2566
2566
2566
2566
2566
2566
2566
2566
2566
2566
2566
2566
2566
2566
2566
2566
2566
2566
2566
2566
2566
2566
2566
2566
2566
2566
2566
2566
2566
2566
2566
2566
2566
2566
2566
2566
2566
2566
2566
2566
2566
2566
2566
2566
2566
2566
2566
2566
2566
2566
2566
2566
2566
2566
2566
2566
2566
2566
2566
2566
2566
2566
2566
2566
2566
2566
2566
2566
2566
2566
2566
2566
2566
2566
2566
2566
2566
2566
2566
2566
2566
2566
2566
2566
2566
2566
2566
2566
2961
2566
2566
2566
2566
2592
2788
2135
2350
2566
2325
2880
2088
2257
3021
2117
2833
3066
2206
2956
2540
2764
2117
2540
2677
3017
3035
2489
2608
2680
2680
2649
2748
2788
2350
2961
2411
2889
2411
2985
2566
2411
2985
2566
2985
2592
2566
3071
3022
2162
2547
2463
2741
2407
3035
2540
2856
2830
2133
2123
3022
2134
2660
2314
2540
2540
2830
2540
3055
2694
3069
2649
2360
2608
2608
2623
2452
2253
2860
2216
2709
2216
2573
2856
2540
2528
3039
2547
2660
2089
2407
2277
2489
2985
2649
2452
2985
2325
2350
2694
2961
2135
2325
2350
2985
2350
2985
2566
2350
2985
2961
2248
2748
3021
2758
2540
2249
2703
2540
2890
2540
2703
2529
2730
2540
2918
2813
2452
3069
2830
2323
2937
2567
2815
2741
2608
2085
2833
2101
3055
3017
2452
2177
2350
2945
2257
2825
2463
3069
2564
2833
2939
2257
2626
2964
3022
2945
2868
2915
2967
2085
2815
2771
2956
2434
2344
2990
3017
3017
9221
3108
3858
3858
3750
4009
3893
3891
4072
4009
4072
3108
4009
3893
3858
3108
3750
4061
3108
4009
4009
3893
4061
3108
3893
3891
3108
4061
4061
3108
3108
3108
3108
3108
3108
3750
3108
3750
3108
4061
4061
3108
4009
4009
3858
3750
4009
3858
4009
3858
3858
3858
3858
3858
3108
3108
3108
3108
3858
3858
3858
3858
3858
3858
3858
3858
3858
3858
3858
3858
3858
3858
3108
3108
3108
3108
3108
3108
3108
3108
3108
3108
3108
3108
3108
3108
3858
3858
3858
3858
3858
3858
3858
3858
3858
3858
3858
3858
3858
3858
3858
3858
3858
3858
3858
3858
3858
3858
3858
3858
3858
3858
3858
3858
3858
3858
3858
3858
3858
3858
3858
3858
3858
3858
3858
3858
3858
3858
3858
3858
3858
3858
3858
3858
3858
3858
3858
3858
3858
3858
3858
3858
3858
3858
3858
3858
3858
3858
3858
3858
3858
3858
3858
3858
3858
3858
3858
3858
3858
3858
3858
3858
3858
3858
3858
3858
3858
3858
3858
3858
3858
3858
3858
3858
3858
3858
3858
3858
3858
3858
3858
3858
3858
3858
3858
3858
3858
3858
3858
3858
3858
3858
3858
3858
3858
3858
3858
3858
3858
3858
3858
3858
3858
3858
3858
3858
3858
3858
3858
3858
3858
3858
3858
3858
3858
3858
3858
3858
3858
3858
3858
3858
3858
3858
3858
3858
3858
3858
3858
3858
3858
3858
3858
3858
3858
3858
3858
3858
3858
3858
3858
3858
3858
3858
3858
3858
3858
3858
3858
3858
3858
3858
3858
3858
3858
3858
3858
3858
3858
3858
3858
3858
3858
3858
3858
3858
3858
3858
3858
3858
3858
3858
3858
3858
3858
3858
3858
3858
3858
3858
3858
3858
3858
3858
3858
3858
3858
3858
3858
3858
3858
3858
3858
3858
3858
3858
3858
3858
3858
3858
3858
3858
3858
3858
3858
3858
3858
3858
3858
3858
3858
3858
3858
3858
3858
3858
3858
3858
3858
3858
3858
3858
3858
3858
3858
3858
3858
3858
3858
3858
3858
3858
3858
3858
3858
3858
3858
3858
3858
3858
3858
3858
3858
3858
3858
3858
3858
3858
3858
3858
3858
3858
3858
3858
3858
3858
3858
3858
3858
3858
3858
3858
3858
3858
3858
3858
3858
3858
3858
3858
3858
3858
3858
3858
3858
3858
3858
3858
3858
3858
3858
3858
3858
3858
3858
3858
3858
3858
3858
3858
3858
3858
3858
3858
3858
3858
3858
3858
3858
3858
3858
3858
3858
3858
3858
3858
3858
3858
3858
3858
3858
3858
3858
3858
3858
3858
3858
3858
3858
3858
3858
3858
3858
3858
3858
3858
3858
3858
3858
3858
3858
3858
3858
3858
3858
3858
3858
3858
3858
3858
3858
3858
3858
3858
3858
3858
3858
3858
3858
3858
3858
3858
3858
3858
3858
3858
3858
3858
3858
3858
3858
3858
3858
3858
3858
3858
3858
3858
3858
3858
3858
3858
3858
3858
3858
3858
3858
3858
3858
3858
3858
3858
3858
3858
3858
3858
3858
3858
3858
3858
3858
3858
3858
3858
3858
3858
3858
3858
3858
3858
3858
3858
3858
3858
3858
3858
3858
3858
3858
3858
3858
3858
3858
3858
3858
3858
3858
3858
3858
3858
3858
3858
3858
3858
3858
3858
3858
3858
3858
3858
3858
3858
3858
3858
3858
3858
3858
3858
3858
3858
3858
3858
3858
3858
3858
3858
3858
3858
3858
3858
3858
3858
3858
3858
3858
3858
3858
3858
3858
3858
3858
3858
3858
3858
3858
3858
3858
3858
3858
3858
3858
3858
3858
3858
3858
3858
3858
3858
3858
3858
3858
3858
3108
3108
4009
3108
3108
3108
3858
3893
4009
4061
4009
3750
3887
3987
3986
3413
3619
3589
3864
3822
4006
3869
3200
3773
3504
3812
3574
3107
3107
3712
3723
3887
3673
3987
3782
3904
3891
3904
4061
3891
3750
3893
3108
3893
3891
4009
3893
3891
3504
4077
3715
3078
3557
3123
3970
3504
3577
3970
3869
3674
4077
3782
3778
3668
3305
3843
3924
3778
3778
3504
3884
3171
3812
4088
3951
3739
3778
3843
3724
3647
4036
3235
3320
3773
3833
3797
3757
3682
3576
3812
3115
4007
3868
3868
3698
4008
3868
3966
4042
3891
3966
3901
4072
3750
3891
3750
3891
3891
4061
3891
3108
4061
4072
4042
4035
3780
3504
3982
3619
4077
3398
4052
3126
3580
3800
3531
3757
3603
3950
4053
4006
3708
3822
3843
3844
3315
3753
3335
3812
3719
3951
3095
3202
3504
4036
3869
3107
3236
3578
3660
3812
3884
3772
3237
3682
3107
3202
3101
3990
3292
3107
3966
3119
3942
3413
3773
3952
3786
3869
3876
9222
5114
4837
4311
4311
4311
5114
5114
4837
4311
4837
5114
5118
4311
5052
4837
4837
4769
4311
5052
5114
4769
4837
4837
4769
4837
4837
5052
5114
4311
4837
5114
4311
5114
4837
4769
5052
4769
5114
4311
4311
4837
4769
4769
4769
4837
4769
4769
4837
4311
4769
4769
4769
4769
4769
4769
4769
4769
4769
4769
4769
4769
4769
4769
4769
4769
4769
4769
4769
4769
4769
4769
4769
4769
4769
4769
4769
4769
4769
4769
4769
4769
4769
4769
4769
4769
4311
4311
4311
4311
4311
4311
4311
4311
4311
4311
4311
4311
4311
4311
4311
4311
4311
4311
4311
4311
4311
4311
4311
4311
4311
4311
4311
4311
4311
4311
4311
4311
4311
4311
4311
4311
4311
4311
4311
4311
4311
4311
4311
4311
4311
4311
4311
4311
4311
4311
4311
4311
4311
4311
4311
4311
4311
4311
4311
4311
4311
4311
4311
4311
4311
4311
4311
4311
4311
4311
4311
4311
4311
4311
4311
4311
4311
4311
4311
4311
4311
4311
4311
4311
4311
4311
4311
4311
4311
4311
4311
4311
4311
4311
4311
4311
4311
4311
4311
4311
4311
4311
4311
4311
4311
4311
4311
4311
4311
4311
4311
4311
4311
4311
4311
4311
4311
4311
4311
4311
4311
4311
4311
4311
4311
4311
4311
4311
4311
4311
4311
4311
4311
4311
4311
4311
4311
4311
4311
4311
4311
4311
4311
4311
4311
4311
4311
4311
4311
4311
4311
4311
4311
4311
4311
4311
4311
4311
4311
4311
4311
4311
4311
4311
4311
4311
4311
4311
4311
4311
4311
4311
4311
4311
4311
4311
4311
4311
4311
4311
4311
4311
4311
4311
4311
4311
4311
4311
4311
4311
4311
4311
4311
4311
4311
4311
4311
4311
4311
4311
4311
4311
4311
4311
4311
4311
4311
4311
4311
4311
4311
4311
4311
4311
4311
4311
4311
4311
4311
4311
4311
4311
4311
4311
4311
4311
4311
4311
4311
4311
4311
4311
4311
4311
4311
4311
4311
4311
4311
4311
4311
4311
4311
4311
4311
4311
4311
4311
4311
4311
4311
4311
4311
4311
4311
4311
4311
4311
4311
4769
4769
4769
4769
4769
4769
4769
4769
4769
4769
4769
4769
4769
4769
4769
4769
4769
4769
4769
4769
4769
4769
4769
4769
4769
4769
4769
4769
4769
4769
4769
4769
4769
4769
4769
4769
4769
4769
4769
4769
4769
4769
4769
4769
4769
4769
4769
4769
4769
4769
4769
4769
4769
4769
4769
4769
4769
4769
4769
4769
4769
4769
4769
4769
4769
4769
4769
4769
4769
4769
4769
4769
4769
4769
4769
4769
4769
4769
4769
4769
4769
4769
4769
4769
4769
4769
4769
4769
4769
4769
4769
4769
4769
4769
4769
4769
4769
4769
4769
4769
4769
4769
4769
4769
4769
4769
4769
4769
4769
4769
4769
4769
4769
4769
4769
4769
4769
4769
4769
4769
4769
4769
4769
4769
4769
4769
4769
4769
4769
4769
4769
4769
4769
4769
4769
4769
4769
4769
4769
4769
4769
4769
4769
4769
4769
4769
4769
4769
4769
4769
4769
4769
4769
4769
4769
4769
4769
4769
4769
4769
4769
4769
4769
4769
4769
4769
4769
4769
4769
4769
4769
4769
4769
4769
4769
4769
4769
4769
4769
4769
4769
4769
4769
4769
4769
4769
4769
4769
4769
4769
4769
4769
4769
4769
4769
4769
4769
4769
4769
4769
4769
4769
4769
4769
4769
4769
4769
4769
4769
4769
4769
4769
4769
4769
4769
4769
4769
4769
4769
4769
4311
4769
4311
4769
4311
4769
4769
4311
4769
4311
4311
4311
4769
4311
4311
4837
4311
4837
4837
4769
4837
4837
4837
5052
4311
5052
4837
4962
5052
5118
4945
5031
4820
4538
4159
4540
4861
4876
4845
4149
4201
4845
4810
4177
4967
5022
4132
4351
4119
4889
4747
4747
5052
4889
5114
4170
4934
5052
5114
5114
5052
4837
5015
5052
4962
4770
4862
4351
4766
4194
4967
4281
4447
4389
4974
4324
4126
4177
4731
4737
4726
4647
4615
4161
4161
4933
5029
4954
5018
4159
4876
4741
4853
4192
4175
4931
4931
5022
4980
4638
4906
4741
4641
4173
4731
4801
4750
4533
5043
4731
4477
5095
4934
4829
4484
4962
5012
5058
4962
5114
5118
4962
5114
5118
5052
5114
4769
5114
4835
4539
4508
4374
4113
4770
4556
4731
4270
4636
4733
4897
4881
4161
4845
4414
4731
4351
4308
4820
4615
4119
4477
4119
4455
4418
4931
4324
4731
4845
4876
4876
5040
4182
4747
4597
4900
4977
4696
4418
4459
4845
4422
4876
4533
4641
4194
4615
4175
5070
4459
5027
4864
4459
4610
5094
4390
4853
4508
