9217
9218
194
240
420
420
420
302
482
776
482
482
482
482
482
618
452
287
779
886
158
467
504
52
241
241
390
864
1020
410
496
410
734
527
121
850
123
712
577
427
240
420
420
302
302
389
712
577
251
326
420
516
632
644
287
779
540
960
728
295
143
91
78
281
84
444
410
630
410
125
222
693
644
712
199
577
240
240
420
302
302
302
5
5
953
1010
410
244
340
416
693
547
450
712
577
250
89
23
135
459
947
390
864
577
9
420
496
72
547
287
712
864
769
89
504
690
241
241
50
712
577
427
240
420
420
302
547
287
779
540
205
728
504
52
241
947
390
864
84
769
758
835
410
639
852
109
341
712
577
427
240
465
302
302
302
333
5
553
410
410
842
410
527
121
547
886
277
467
728
728
504
52
135
52
5
5
739
410
802
410
476
476
685
227
58
444
630
563
93
74
222
693
264
318
989
749
630
29
546
452
465
779
776
410
630
410
244
159
244
29
546
84
444
125
630
74
244
222
340
19
712
199
577
240
420
420
302
302
302
465
779
960
1010
410
619
104
74
244
549
543
549
74
74
74
222
104
93
549
104
549
104
740
403
318
982
199
769
758
496
74
403
313
589
390
577
427
420
420
38
486
313
69
864
769
326
420
496
632
527
452
712
864
577
427
420
420
302
73
190
712
864
577
427
420
420
465
779
483
712
864
769
9
420
302
302
38
644
287
712
682
467
728
504
859
135
52
5
5
606
453
410
606
476
317
498
227
748
58
864
931
667
707
816
740
693
69
170
577
345
345
728
504
52
135
453
5
453
606
453
304
662
606
169
996
864
931
667
707
816
244
816
693
409
69
131
577
345
345
728
504
52
135
453
5
453
606
453
606
437
244
816
227
549
549
74
780
74
780
74
244
125
549
563
780
805
69
199
769
9
829
74
244
780
313
315
390
577
9
611
611
403
403
212
390
864
9
758
244
657
391
15
390
577
427
420
829
758
244
195
390
22
419
758
829
888
611
403
313
676
712
577
427
240
420
420
68
547
287
779
960
719
16
873
160
639
639
19
401
558
255
728
728
504
52
684
684
684
276
684
684
230
230
230
230
647
757
712
993
620
240
707
896
230
230
647
647
230
230
230
647
81
230
647
644
287
779
886
277
728
647
230
534
9219
1262
1584
1597
1206
1455
1526
1083
1083
1936
1083
2032
1263
1703
1977
1167
1977
1892
2045
1083
1287
2006
1404
1955
1558
1392
1993
1250
1828
1862
1691
1846
1666
1354
2032
1209
1597
1105
1718
1412
1455
1246
1452
1604
1186
1830
1270
1436
1812
1812
1604
1830
1830
1436
1812
1674
1753
1191
1626
1637
1886
2046
1720
1892
1886
1886
1788
1555
1597
1583
1436
1584
1396
1802
1346
1814
1455
1985
1237
1980
1940
1824
1985
1985
1609
1452
1718
1666
1304
1186
1597
1452
1452
1985
1263
1925
1588
1886
1519
1206
1348
1844
1452
1452
1240
1240
1452
1838
1915
1910
1270
1610
1993
1606
1659
1397
1327
1327
1218
1327
1218
1769
1231
1516
1418
1597
1516
1998
2028
2010
1610
1703
1610
1664
1940
1427
1828
1838
1270
1825
1998
1438
1746
1480
1291
1857
1996
2001
1263
1682
2028
1925
1664
1966
1664
1982
1588
1896
1966
1794
1743
1982
1867
1565
1409
1409
1993
1788
1759
1669
1896
1519
1703
1743
1759
1652
2003
1353
1604
1385
1161
1666
1830
1059
1291
1759
2028
1720
2028
1720
1589
1057
2006
1998
1720
1835
1955
1835
1966
1104
1895
1788
1452
1263
1940
1985
2001
1993
1788
2028
1589
1914
1764
1324
1807
2006
1838
1396
1627
1250
1427
1597
1263
1764
1263
1764
1801
1931
1780
1815
1610
1565
1838
2006
1996
1950
1892
1206
1993
1824
1369
1977
1167
1886
1892
1535
1250
1852
1950
1597
1915
1666
1996
1564
1746
2032
1636
2032
1564
1703
1857
1636
1564
2010
1857
1857
1882
1925
1925
1857
1892
1955
1886
1857
1764
1788
1955
1979
1857
1788
1801
1720
1764
1788
1993
2046
1535
1975
1814
1597
1812
1119
1838
1838
1626
1812
1703
1564
1651
1651
1651
1651
2001
1835
1317
1771
1299
1585
2028
1299
1299
1317
1299
2006
2046
1547
1955
1925
1216
1216
1771
1216
1216
2006
1585
1267
1745
1620
1725
1584
1612
1950
1597
1830
1455
1985
1583
1564
2032
1936
1985
1263
1564
1968
1597
1635
1886
1764
1996
1857
2006
1216
2032
2032
1703
1216
1216
1993
1523
1703
1216
2006
1886
1291
1651
1403
1947
1886
1597
1764
1857
1993
1995
1104
1764
1801
1588
1931
1535
1557
1597
1093
1455
1828
1841
1703
2032
1920
1947
2008
2032
1664
1857
2032
1955
2046
1287
2006
1104
1788
1047
1896
1955
1788
1557
1392
1557
1993
1635
1998
1597
1263
2006
1682
1764
2028
2006
1759
1263
1597
1610
1452
2010
1892
2006
1764
2032
1788
1703
1287
1993
1690
1759
1359
1353
1346
1812
1597
1950
1759
1216
1998
2024
1886
2006
2032
1788
1743
1660
1167
1629
1892
1675
1455
1396
1849
1746
1993
1555
1188
1594
1759
1396
1555
1838
1915
1263
1583
1812
1998
1403
1291
2006
2006
2006
1857
1764
1998
1896
1392
1996
1291
2032
1743
1788
1788
1925
1993
1993
1788
1557
1759
1780
1815
1896
1896
1759
1815
1764
1835
1915
1565
1396
1737
1812
1642
1812
1565
1664
1535
1270
1535
1597
1939
1597
1652
1392
2028
1635
1896
1896
1857
1857
2046
1867
1925
1764
1519
1788
1299
1788
1396
1993
2006
2006
1982
2006
1720
1703
1892
1920
1838
1896
1664
1764
1764
1997
1238
1133
1535
1133
1597
1604
1597
1604
1161
1837
1564
1837
1558
1403
1982
1597
1270
1597
2006
1555
1998
1555
1597
1996
1703
2032
1610
1263
2032
1813
1410
2006
1669
1813
1813
1892
1857
1764
1998
1896
1886
1764
1764
1998
1703
1588
1291
1764
1759
1993
1588
1519
1557
1392
1250
1800
1403
2032
1369
1682
1896
2007
1892
1690
1167
1287
1331
1557
2015
1905
1287
1801
1345
1807
1835
1807
1720
1317
1188
1835
1895
1161
1788
1206
2046
1585
1317
1886
1317
1886
1694
2007
1886
1589
1780
1694
1557
1775
1807
2046
2034
1981
1155
1607
1607
1694
1981
1515
2032
1782
1755
1392
1759
1931
1759
1675
1892
1675
1931
1675
1777
1298
1515
1981
1155
1981
1155
1835
1807
1981
1857
1664
1651
1651
1651
1535
1535
1651
1396
1651
1651
1800
1597
1812
1516
1838
1535
1813
1403
1813
1412
1830
1452
1610
1812
1535
1535
1191
1651
1812
1597
1604
1597
1565
1455
1813
1664
1867
1354
1597
1610
1359
1353
1838
1896
1993
1651
1651
1485
1535
1564
1396
1354
1583
1915
1564
1250
1564
1270
1996
1666
1597
1812
1270
1940
1813
1939
1535
1626
1564
1516
1535
1838
1626
1626
9220
2529
2257
2178
2635
2064
2073
2127
3039
2939
3011
2830
2608
2088
2877
2424
2186
2758
2289
2938
2494
2979
2511
2820
2968
2185
2412
2314
2741
2246
2958
2971
3063
2782
2789
2607
2640
2882
2196
2156
2806
2383
2869
2127
2806
2127
2994
2127
3005
2884
2214
2491
2491
2344
2196
2383
2882
2782
2724
2895
2133
2572
2333
3028
2881
2818
2094
3023
2712
2246
3039
3039
2701
2991
3005
3005
2178
2861
2691
2861
2861
2787
2861
2861
2882
2048
2127
2124
2384
2127
2994
2090
2863
3005
2255
2695
2091
2498
2766
2060
2717
3005
2580
2457
3022
3047
3066
2237
2770
2946
2631
2914
2798
2580
3008
2467
2883
2462
2883
2423
2818
2971
3021
3021
2249
2890
3021
2340
2165
2957
2531
2946
2429
2212
2946
2393
2270
2270
2753
2257
2937
2861
2168
3000
2738
2889
2320
2740
2253
2833
2869
2645
2484
2945
2388
2717
2133
2421
2320
2544
2243
2661
2818
2165
2350
2801
2313
2320
2568
2949
2272
2748
2968
2968
2905
2937
2890
3021
2939
2979
3051
2930
2956
2753
2850
2850
2740
2937
2817
2833
2619
2644
2857
2949
2818
2133
2162
2421
3007
2544
2735
2938
3000
2127
2529
2881
2459
2983
2644
3000
2800
2619
2863
2489
2156
2989
2874
2568
2257
2134
2083
2307
2869
2649
2147
2540
2101
2089
2249
2923
2990
2330
2949
2121
2429
2765
3050
2347
3035
2544
2275
2877
2284
2224
2225
2964
2690
2535
2550
2632
3063
2489
2990
2629
2232
2467
2535
2419
2901
3035
2277
2147
3041
2740
2284
2097
2467
2119
2869
2123
2695
2877
2091
2788
2748
2791
2232
3012
2741
2638
2091
2907
3017
2489
2608
2119
2720
2455
2746
2962
2317
2344
2317
2680
2986
2321
2089
2320
2191
2863
2877
3051
2964
2672
2619
2609
2097
3050
3050
2162
2411
2470
2813
2928
2260
2085
3069
2753
3009
3051
2064
2506
2307
2216
2873
3021
2940
2939
2457
2096
2897
2771
2830
2190
2691
2307
2190
2063
2323
2365
2307
2680
2096
2939
2489
2830
2510
2096
3035
2986
2547
2467
2089
2677
2700
2642
2869
2089
2986
2741
2547
2788
2089
2101
2730
2489
2255
2277
2115
3035
2528
2989
2225
3071
2802
2925
2939
2321
2153
2689
2841
3071
2887
2916
2608
2419
2619
2123
2459
2128
2793
2735
2925
2811
2619
2528
3063
2920
2109
2860
2986
2811
2907
2096
3041
3041
2922
2964
2406
2513
2320
2623
2253
3022
3047
2333
2937
2430
2162
2489
2317
2627
2489
3069
2860
2091
2531
2717
2489
2939
2860
2817
2061
2082
2120
2120
2120
2591
2946
2320
2800
2591
2274
3035
2796
2762
2793
2097
2802
2128
2907
2956
3035
2478
2609
2529
3029
2216
3063
2430
2452
2619
2905
2165
2691
2343
2986
2252
2102
2850
2638
2544
2956
2890
2700
2209
2642
2404
2887
2869
2642
2177
2329
2249
2314
2869
2443
2224
2942
2647
3041
2467
2470
2925
2811
2097
2411
2333
2748
2150
2949
2691
2438
2680
2869
3021
2885
2340
2340
2606
2359
2986
2897
2765
2266
2257
3035
3011
2830
2352
2083
2787
2850
2623
2890
2700
2986
3009
2407
2121
2190
2190
2190
2190
2481
2063
2421
2190
2190
2347
2862
2351
2815
2294
2800
2971
3021
2589
2457
2647
2519
2181
2186
2181
2171
2519
2546
2075
2424
2457
2424
2623
2992
2317
2986
2561
2075
2181
2700
2181
2181
2890
2610
2703
2181
2519
2453
2764
2519
2181
2117
2910
2165
2133
2330
2513
2964
2344
2137
2703
2214
2815
2544
2544
3008
2510
2506
2181
2307
2705
2153
2589
2257
2320
2156
2225
2918
2765
2165
2097
2253
2677
2608
2314
3008
2447
2956
3000
2800
2800
3008
2455
2411
2478
2815
2918
2856
2457
2442
2509
2404
2608
2452
2623
2253
2253
2860
2787
2771
2701
2788
2709
2700
2916
2529
2728
2939
2989
2162
2121
2121
2989
3007
2135
2325
2825
2741
2535
2097
2249
3009
2856
2529
2746
2529
2309
2829
2925
3063
2863
2097
3017
3035
2489
2255
2209
2697
2540
2443
2529
2546
2351
2714
3019
3019
3019
2712
2519
3021
2467
2177
3019
2153
3047
2939
2515
2515
2667
2330
2700
2877
3019
2314
2604
3032
2883
2883
2165
2257
2261
2177
2589
3063
2700
2309
2257
2261
2509
2249
2457
2817
2925
2978
2820
2452
2877
2261
2881
2905
3008
2791
2820
2529
2802
2939
2224
2849
2467
2833
2350
2604
2452
2568
2257
2809
2806
2192
2789
2612
2806
2905
2325
9221
3096
3188
3443
3987
3984
3499
3346
3370
3696
3857
3702
3465
3557
3492
3661
3716
3576
3862
3565
3757
3661
3436
3974
3310
3942
3310
3844
3327
3599
3152
3979
3981
3710
3716
3577
4084
3193
3942
3774
3266
3774
3587
3266
3705
3861
3169
3291
3334
3372
3117
3226
3136
3996
3156
3100
3539
4065
3976
3524
3856
3818
3177
3331
3758
3739
3997
4067
3604
3876
3867
4056
3536
3456
3297
3424
3603
3737
3270
3907
3978
3637
3499
3348
3441
3603
3998
3620
3520
3538
3607
3870
3244
3657
3912
3082
3363
3416
3887
3241
3097
3189
3720
3699
3117
3218
3976
3623
3251
3235
3704
3238
3402
3964
3595
3634
3794
3152
3597
3405
3979
3979
3881
3500
3410
4017
3467
3464
3505
3226
3226
3661
3559
3441
3178
3978
3820
4090
3603
3182
3996
3310
3331
3633
3809
3447
3963
3843
3511
3116
3557
3924
3549
3984
3338
3244
3984
3270
3094
3822
3247
3889
3508
3475
3200
3928
3778
3449
3810
4039
3843
3883
3307
3154
3743
3073
3444
3457
3979
3447
3979
3581
3410
3410
3234
4094
3597
3862
3152
3111
4006
3876
3862
3447
3675
3856
3862
3280
3883
3542
3862
4064
3862
3098
3111
3660
3828
3292
3869
3881
3782
3672
3467
3782
3198
3876
3202
3712
3406
3736
3734
3999
3231
3473
3473
3231
3526
3819
4089
3398
3231
3473
3621
3523
3652
3467
3492
4090
4005
3788
3741
3740
3901
3976
3270
3560
3590
3514
3577
3578
4038
3252
3555
3690
3579
3555
3608
3966
3072
3982
3928
3579
3555
3641
3376
3547
3340
3577
3716
3552
3810
3620
3928
3082
3675
4072
3620
3760
3107
3376
3243
3176
3716
4079
3296
3268
3868
3330
3104
3115
4077
3745
3261
3243
4032
3438
4035
3439
3598
3970
3467
3235
3740
3675
3988
3859
3567
3763
3530
3801
3868
3555
3801
3284
3673
3154
3154
3409
3154
3583
3178
3734
3219
3393
3843
3414
3854
3998
3577
3675
3961
3449
3555
3869
3449
3555
3632
4059
3579
3555
3338
3763
3373
3248
3673
3618
3385
3708
3354
3833
3715
3918
3325
3810
3797
4082
3503
3354
3354
3797
3870
3514
3706
3346
3460
3620
3171
3797
4013
3797
3797
3797
3644
3449
3454
3929
3890
3763
3885
3741
3508
3740
3189
4056
3607
4005
3624
3900
3136
3934
3506
3716
3513
4005
3925
3843
3884
3964
3507
3257
3597
3577
3385
3704
3889
3929
3297
3763
3950
3649
3526
3833
3107
3739
3500
3909
3327
3810
3716
3171
3166
3736
3734
3234
3743
3490
3797
3757
3903
3843
3893
3739
3393
3986
3567
3818
3576
3703
4020
3536
3536
3781
3363
3586
3935
3115
3742
3708
4082
3924
4053
3154
3982
3107
3280
3706
3491
3603
4033
4084
3987
3185
3422
3757
3473
3237
3875
3469
3680
3585
3073
3503
3585
4030
3288
3165
3955
3557
3307
3685
3737
3802
3665
3665
3175
3420
3955
4090
3802
3236
3320
3950
3775
3937
3887
3488
3950
3557
3726
3715
3413
3736
3595
3740
3577
3473
3458
3925
3101
3166
3880
3860
3884
3608
3663
3530
3802
3810
3598
3573
3234
3919
3268
3348
3673
3778
3340
3447
3107
3788
3791
3555
4016
4077
4059
3072
3415
3970
3555
3884
3148
3578
4079
3906
3171
3320
3703
4013
3432
3979
3401
3819
3797
3618
3833
3998
3123
3797
3106
3333
3576
3791
3560
3427
4006
4006
3166
3787
3883
3883
3505
4006
3660
4084
3542
3325
4069
3598
3235
3116
3443
3514
4043
4006
4027
3340
3674
3916
3621
3297
3130
3913
3111
3165
3560
3533
3869
3999
3933
3560
3994
3120
3580
3188
3126
3843
3727
3078
3439
3585
3903
3740
3822
3822
3724
4090
3635
3997
3704
3413
3450
3880
3494
3450
3450
3741
3834
3586
3464
3256
3237
3966
3810
3418
4006
3660
3261
3982
3903
3325
3843
3126
3778
3942
3822
4045
3933
4053
3880
3304
3737
4094
3166
4005
3942
3653
3402
4042
3480
3235
3325
3261
3847
3950
3377
3504
3243
3747
3202
3107
3890
3377
3824
3107
3107
3869
3982
3296
3107
3804
3237
3235
3836
3560
3386
3387
3836
3119
3589
3732
4043
3101
3390
3836
3836
4077
3847
3118
3509
3509
3484
3795
3716
3944
3509
3200
3509
3509
3245
3490
3337
3836
3074
3961
3808
3915
3081
3498
3291
3180
3473
3808
3338
4004
3370
3459
3243
3702
4000
3177
3574
3484
3333
3470
3982
3294
4039
3499
4031
3884
3376
4077
3694
3883
3498
3839
4035
3504
3576
3166
3384
3669
9222
4741
4954
4185
4561
4468
4369
4324
5041
5072
4618
4618
4278
4381
4539
4477
4351
5040
4945
4295
4808
4702
4967
4315
5058
4162
5078
4711
4421
4933
4581
4192
4839
5028
4306
4153
4502
4250
4758
4760
4819
4605
4536
4936
4927
4100
5007
4923
4838
4183
4536
4852
4189
4665
4647
4933
4542
4915
4243
4914
4517
4114
4940
4352
4583
4283
4195
4364
4416
4202
4704
4728
4726
4423
4946
4410
4925
4867
4180
4413
5072
4991
4383
5029
4511
4456
4828
4457
4696
4692
4226
5025
4364
4114
4366
4859
4684
4583
4145
4816
4921
4985
4896
4197
4685
4723
4587
4740
5116
4200
4854
4740
5020
4475
4370
4919
5042
4357
5036
4985
4852
4537
4561
4786
4821
4241
4707
4689
4222
4405
4302
4145
4648
5050
4740
4822
4197
4532
4532
4823
4113
4892
4880
4319
4767
4549
4226
4364
4193
4485
4795
4346
4193
4983
4211
5044
4774
5105
5105
4455
4702
4468
5105
5071
4773
4299
4167
4196
4120
4961
4799
4559
4661
4234
5056
4494
4151
4990
4871
4103
4548
4103
4324
4302
4633
4774
4256
4485
4373
4564
4817
4512
4925
4546
4772
4889
4900
4384
4412
5031
4891
5105
4153
4655
5003
5110
5009
4185
4881
5050
4128
4167
4150
4782
5012
4654
5068
4770
5005
5007
4494
4193
4983
5109
5027
4616
4381
4150
4689
4539
4421
4453
4349
4756
4459
4967
4239
4411
4165
4717
4421
5030
4931
5058
4705
4331
4478
4916
4259
4307
5099
4994
5096
4705
4650
4140
4437
4801
4488
4503
4704
4897
4150
4605
4488
4771
4598
4905
5043
4121
4551
4961
4111
4502
5041
4810
4484
4977
4829
4150
4624
4119
4460
4771
4801
4111
4985
4732
4176
4249
5043
4538
4822
4456
4119
4592
4494
4801
4105
4731
4498
4159
4098
4899
4678
4460
4121
4888
4138
4899
4583
4681
4221
5029
4305
4364
4318
5059
5090
4591
5100
5067
4616
5100
4755
5109
4251
4639
4949
4450
4660
4501
4322
4263
4687
4898
4605
4405
4376
4784
4965
4264
4849
4456
4355
4414
5031
4782
5043
4455
4124
4551
4397
5103
4961
4313
4638
4546
4546
5079
4398
4194
4985
4454
4896
5043
4899
4432
4759
5021
4846
4851
4755
4967
4119
4971
4119
4678
5117
4487
4551
4845
4756
4441
4907
4133
4248
4220
4687
5050
4961
4397
4175
4407
4460
4224
4845
4838
4771
4539
4919
4302
4876
4873
4702
4132
4119
4784
4537
4613
4802
4126
4845
4369
4799
5089
4800
4511
4226
5077
4782
5107
4843
4551
4119
4983
4881
4938
4142
4924
4371
5031
4421
4381
4468
4272
4116
4933
5030
4776
4584
4983
4735
4443
4243
4615
4335
5050
4717
4156
4627
4661
5058
4850
5050
4867
4782
4599
4859
4928
4754
4997
4500
4442
4782
4445
4459
4194
5013
4145
5018
4664
4898
4732
4853
5056
4134
5056
5105
4258
4240
4546
4457
4850
4820
5105
4318
5108
4845
5105
5029
4845
4884
4150
4677
4563
4384
5105
4285
4324
4587
4961
5079
4281
4825
4974
4439
4316
4573
4249
5079
4605
4831
4725
4814
4563
4665
4519
4488
5095
4193
4324
4324
4646
5029
4508
4150
4988
4620
4948
4246
5066
4450
4698
4136
4120
4136
4927
4246
4256
4201
4120
4985
5043
4817
4999
4234
4741
4203
4686
4345
4706
4905
4122
4712
4459
5099
4291
4663
4783
4850
5107
4559
4485
4974
4477
4347
4822
4241
5066
4402
4145
4117
4241
4795
4465
5067
4940
4931
4924
4655
4508
5025
4616
4587
4193
4292
4646
4283
4616
4900
4508
4292
4477
4196
4201
5038
4795
4508
5079
5105
4563
4905
4414
4562
4508
4459
4563
4889
5059
4122
4224
5042
4304
4729
4255
4381
4304
4455
4318
4705
4285
4364
4776
4705
4157
4705
5079
4478
4175
5025
4459
4593
4691
4905
4942
4766
5095
4890
4919
4431
4332
4936
4496
4324
4962
5108
5050
5050
4176
4955
4927
4747
5052
4384
4792
4203
5112
4414
5079
4318
4873
4695
4351
5018
4983
4388
4202
4745
4561
4810
4371
5089
4332
4242
4414
4351
5037
4782
4862
4675
4780
4537
4189
4468
4508
4743
4661
4127
4538
5049
4455
4530
4730
4478
4755
4487
4327
4355
4927
4187
5010
4780
4301
4137
4350
4967
4904
4369
4619
4530
4519
4985
4619
4904
4496
4620
4973
4817
4424
4802
4349
4349
4562
4402
4774
4338
4468
4133
4891
4504
5011
4817
4598
4939
4700
4482
4113
4189
4189
4189
4342
4161
4601
4667
4601
4871
4189
4369
4195
4189
4648
