9217
9218
1012
942
895
48
44
550
632
482
482
482
340
72
72
691
279
970
613
60
690
276
474
753
753
965
74
72
693
1008
279
202
613
60
690
940
632
848
753
550
816
965
339
315
279
970
613
60
690
940
599
358
77
1007
787
758
693
926
368
354
667
630
72
644
861
970
613
719
763
940
947
368
478
107
749
667
72
693
389
265
970
355
60
763
947
676
609
895
77
1007
787
76
734
549
549
125
72
693
95
279
277
613
255
690
940
459
753
17
17
953
72
693
315
279
262
613
367
329
940
333
753
17
1010
816
222
313
95
279
277
613
60
690
940
916
848
780
244
74
244
403
409
551
478
354
630
222
313
599
358
33
1007
787
38
644
861
46
613
60
690
940
342
94
1001
448
719
763
232
503
53
862
77
642
516
497
20
521
785
1000
145
816
965
409
265
970
613
613
137
940
333
753
753
340
816
244
222
693
315
236
277
613
137
690
940
227
785
816
145
816
145
339
118
265
970
613
60
137
940
435
753
816
121
722
578
33
587
599
358
77
1007
524
38
673
599
358
33
1007
787
38
260
578
33
646
682
448
388
260
578
33
77
1007
787
38
260
786
174
958
725
522
295
361
358
33
532
787
449
295
786
174
884
725
522
449
310
786
174
725
725
449
449
483
786
174
725
522
449
522
519
786
174
725
725
522
522
232
737
450
62
447
151
151
20
521
785
257
629
1000
145
149
521
227
785
1000
257
145
616
227
785
452
70
704
613
137
474
685
685
84
478
550
550
145
550
691
70
704
613
690
832
693
947
341
942
862
77
1007
44
787
312
17
916
74
72
693
693
737
279
262
512
60
690
474
753
549
494
244
222
403
313
128
279
277
613
800
690
940
753
848
753
749
125
72
693
118
265
460
968
60
763
19
599
309
535
1007
787
38
313
951
551
989
630
74
244
693
737
252
970
448
719
763
664
119
551
354
667
630
403
403
644
70
970
448
719
763
503
53
895
799
1007
44
787
51
776
853
17
104
403
190
598
202
613
60
23
940
459
753
853
549
816
244
693
95
279
202
968
60
329
474
474
753
853
470
222
693
315
94
202
613
60
702
940
459
753
853
125
244
816
72
693
368
478
354
667
667
145
963
227
17
780
72
72
644
94
46
107
60
80
940
342
94
262
613
60
534
9219
1683
1985
1237
1535
1830
1874
1940
1412
1985
1396
1812
1564
1669
1828
1940
1828
1828
2045
1270
1867
1270
1270
1940
1940
1940
1597
1857
1519
2001
1703
1846
1846
1867
1635
2028
1867
1703
1327
1392
1703
1424
1626
1828
2032
1996
1585
1955
1882
1564
1882
1722
1535
1327
1557
1059
1583
1519
1931
1583
1886
2012
1455
1814
1985
1763
1396
1424
1812
1824
1152
1152
1874
1824
1669
1874
1874
1985
1455
1874
1396
1412
1597
1396
1812
1412
1489
1270
1270
1812
1526
2003
1703
1979
1666
1886
1857
1892
2006
2028
1788
1949
1617
1874
1812
1604
1874
1874
1396
1984
1812
1751
1597
1489
1812
2001
1720
1947
1896
1867
2032
2046
1703
1896
1270
1627
1250
1597
1597
1597
1828
1669
1555
1424
1270
1606
1812
1409
1874
1824
2006
1455
1985
1555
1597
2032
1206
1703
1886
1996
1867
1947
1666
1583
1519
1161
2028
1666
1892
1606
1161
1947
1947
1867
1969
1635
1867
1535
1606
1666
1830
1651
1597
1452
1354
1947
1867
2032
1635
1535
1583
1824
1635
2008
1583
1789
1535
1666
1186
1424
1674
1263
1915
1606
2028
1982
1637
1424
1771
1874
1824
1947
1209
1824
1947
1315
1264
1206
2028
1057
2032
2028
1481
1585
1949
1720
1585
1635
1519
1666
1931
1218
1939
1583
1583
1635
1931
1583
1755
2028
2028
2035
1947
1327
2038
1968
1083
1270
1597
1535
1583
2032
1216
1968
1612
1083
1083
1564
1564
1626
1175
1878
1866
1814
1424
1984
1612
1612
1612
1862
1814
1681
1681
1828
1178
1424
2045
1526
1083
1939
1431
1612
1925
1824
1635
1996
1896
1788
2001
1651
1996
1755
1931
1996
1583
1516
1666
1583
1635
2028
1583
2003
1846
1666
1583
1896
1722
1666
1949
1489
1626
1583
1947
1969
1755
2028
1519
1896
1947
2028
1583
1947
2028
1874
1525
1735
1424
1984
1583
1480
1348
2006
1824
1947
1597
1996
2032
1409
2001
1950
2032
2028
1666
2032
2028
2008
1583
1635
1867
1996
1583
2032
2028
1867
1950
1846
1886
1583
1846
2028
1583
1635
2028
1583
1824
1651
1610
2032
1669
1161
2032
1886
2032
1949
1947
1801
1583
1516
1635
1516
1535
1583
1583
1755
1206
1635
1975
1535
1932
1906
1695
1455
1270
1354
1812
1191
1424
1984
1583
1651
1606
1583
2032
1669
1523
2032
1626
1529
1583
1409
1812
1940
1874
1651
1666
2032
1993
1896
1637
2028
2006
1996
2003
1896
2028
1788
1947
2028
2035
1949
1557
1896
1830
1635
1392
2032
1519
2032
1788
2035
1690
1250
1732
1327
1783
1867
1996
1788
1867
1788
1993
1557
1993
1975
1424
1878
1535
1597
1264
1874
2032
1996
1950
1950
1263
1784
1263
2028
2008
2008
2006
2008
2006
2006
2028
2006
1947
1519
1583
1585
1519
2001
2001
1867
1931
1800
1597
1392
1392
1206
2032
1585
2032
1523
1585
1583
1535
1557
1635
1635
1931
1931
1896
1947
2001
1867
1788
1892
1481
1896
1947
1892
2046
2046
2046
2035
2003
1535
1838
1683
1237
1597
1874
1996
1940
1940
1669
1936
1583
1824
1982
1874
1583
2006
2001
1936
1982
2028
1703
1555
1206
1669
1215
1788
1263
1982
2032
1327
1651
1812
1583
2006
2006
1896
1896
1354
1830
1535
1403
1896
1057
1594
1896
1392
2010
1703
1392
1104
1585
1788
1788
1788
2015
1722
2028
2028
2028
2028
1535
1403
1396
1237
1610
1610
1610
1237
1718
2006
1746
1985
1703
1597
1703
1703
2032
2032
2032
2032
2009
1783
1996
1996
1996
1950
1263
1886
1666
1666
1936
1982
1982
1982
2006
2006
1940
1947
1857
1949
2032
1218
1535
1597
1519
1892
1703
1703
1703
2032
2032
2032
1585
1585
2035
2001
2001
2006
2006
2006
2006
2006
1878
1878
1424
1424
1424
1947
1396
1985
2006
1896
1896
2001
1703
1703
2028
2028
1947
1947
1947
1947
1947
2032
1535
1424
1867
1947
1947
1947
1947
1635
1535
1800
1403
1161
1270
1896
1867
1896
1896
1896
1583
1651
1800
2032
1523
2032
2035
1925
1925
1925
1557
1250
1218
1867
1931
1867
1993
1857
2006
1925
2006
1597
1088
1683
2045
1191
1191
1354
1703
1996
1996
1996
1996
1996
1263
1263
1263
1263
1918
1950
1558
1558
1812
1812
1161
1812
2006
1480
1892
1635
1703
1896
1703
1392
1597
1555
1982
1206
1955
1564
1886
1886
1812
1403
1583
1583
1896
1896
1896
1867
1703
1635
1703
1949
1215
1585
2001
1788
1263
1886
1788
1925
9220
3021
2962
2294
2102
3021
2190
2519
2686
2820
2820
2065
2261
2261
2190
2261
2412
2671
2261
2181
2316
2140
2421
2395
2642
2821
2190
2477
2344
2612
2424
2083
2196
2270
2642
2411
2164
2442
3029
3009
3070
2701
2925
2758
2450
2261
2261
2671
3032
2300
2311
2121
2672
2590
2823
2877
3058
3058
2923
2811
2905
2061
2249
2901
2901
2661
2467
2089
2682
2799
2115
2660
2564
2574
2306
2276
2738
2347
2276
2395
2891
2268
2657
2198
2074
2604
2529
2111
2727
2536
2382
2225
2833
2815
2944
2787
2274
3065
3000
2859
2964
2177
2738
2792
2079
2326
2585
2989
2468
2821
2316
3050
2316
2821
2618
2525
2608
2351
2506
3007
2180
2283
2877
2421
2644
2498
2249
2762
2821
2585
2585
2260
2456
2671
2349
2821
2180
2091
2952
2860
2925
2608
3028
2771
2674
2813
2612
2506
2619
2343
2467
2468
2649
3069
2249
2270
2424
2346
2402
2905
2772
2859
2651
2115
2419
2452
2705
2423
2182
3009
2343
2564
2724
2905
2536
2905
2627
2944
2883
2340
2861
2224
2214
2723
2135
3021
2531
2644
3070
2292
2612
2246
2791
2259
2097
3001
2492
2403
2182
2857
2192
2798
2889
2403
2238
2137
2606
2214
2826
2501
2642
2411
2333
2922
2644
2344
2344
3028
2700
2926
2635
2238
2424
2535
2192
2936
3035
3012
2471
2968
2090
2119
2064
2146
2208
3028
2261
2224
3070
2497
2567
3028
2868
2434
2384
2936
2540
2872
2872
2613
2697
2938
2623
2623
2837
2936
2333
3070
2283
2660
2626
2219
2525
2137
2884
2214
2412
2862
2393
2412
2579
2261
2137
2589
2703
2501
2672
2529
2905
3038
2644
2268
2510
2433
2119
2525
2531
2064
3051
2791
2936
2137
3041
2182
2860
2644
2333
2608
2501
2644
2531
2279
2905
2535
2346
2905
2182
3042
2506
3009
2942
3023
2529
2550
2550
2137
2905
2424
2214
2214
2216
2944
2972
2716
2269
2137
2805
2884
2091
2531
2644
2119
3032
2791
2628
2791
3041
2386
2214
2649
2722
2618
2618
2947
2694
2457
2884
2939
2884
2905
2506
2863
2791
2771
2208
2612
3012
2883
2589
2257
2498
2292
2270
2939
2255
2945
2748
2249
2313
2645
2607
2942
2905
2942
2712
3009
2535
2883
2137
2137
2604
3015
2787
2631
2214
2774
2368
2585
2467
2837
2216
3012
2890
2452
2337
2762
2393
2791
2938
3023
2307
3041
2307
2944
2130
2462
2111
2464
2968
2985
2815
2510
2403
2990
2926
2985
2939
2912
3022
3022
3041
2507
2589
2115
2452
2890
2452
2521
2360
2266
2525
2250
3021
2697
3021
2890
2940
2619
2889
2619
2841
2276
2788
2671
2616
2616
2796
2538
2540
2703
2821
2945
2938
2671
2937
2815
2568
2253
2691
3022
2320
2884
2214
2671
2944
2821
3065
2818
2818
2248
2421
2815
2671
3008
2735
2351
2837
2671
2421
2255
2368
2150
2841
2443
2619
2564
3000
2861
3007
2944
2990
2753
2552
2209
2612
2225
2700
2283
2529
2649
2540
3071
2162
2564
2990
3009
2411
2980
2877
2164
2100
2133
2196
2616
2740
2521
2691
2608
2320
2670
2421
3000
2811
2811
2655
2868
2399
2818
2905
2665
2561
2887
3035
2442
2552
2083
2429
2619
2815
2343
2393
2169
3008
2818
2133
2083
2772
2343
2923
2787
2905
2529
2883
2411
2939
2121
2965
2248
3062
2800
2604
3008
2585
2552
3000
2083
2705
2691
2863
2529
2611
2935
2671
2349
2821
2811
2811
2785
2643
2821
2585
2647
2349
2800
2821
2944
2156
3009
3021
2962
2192
2671
2349
2821
2585
2905
3009
2501
3069
2655
2117
2528
3000
3009
2910
2849
2883
2552
2552
2944
2831
2632
2925
2529
2489
2552
2442
2821
2320
2162
2567
3050
2735
2813
2453
3009
3009
3009
2368
2626
2979
2701
2156
2671
3032
2529
2863
2964
2701
2674
2330
2568
2825
2990
2925
2457
2525
2748
2741
2741
2889
2905
2460
2572
2153
2337
2608
2477
2162
2890
2626
2540
2540
2990
2667
2905
2467
2121
2421
2421
2647
2279
2740
3022
2442
2889
2314
2889
2529
2889
3012
2905
2451
2467
2712
2863
2224
2487
2691
2717
3039
2720
2240
2180
2137
3030
2644
2887
3008
2344
2552
3050
3017
2990
2612
2936
2544
3035
2735
2429
3035
2434
2760
2857
2813
2478
2837
2552
2579
2185
2849
2094
2645
2964
3039
2720
2884
2968
2277
2764
2119
2119
3042
2905
2863
2344
2945
2735
2525
2925
2644
2922
3070
2952
2989
2945
2741
2735
2868
2579
2980
3009
9221
3078
3292
3780
4049
3827
3370
3961
3370
3370
3790
3790
3495
4074
3235
3633
3508
3739
3273
3508
3523
3264
3730
3270
3625
3586
3158
3686
3293
3246
3869
3608
3604
3496
3674
3292
3727
4085
3487
3662
3890
3732
4027
3273
3338
3857
3478
3952
3175
3724
3979
3621
3847
3338
3206
3314
4016
3248
3921
3231
3737
3340
4013
3889
3422
4085
3865
3126
3171
3159
3557
3925
4051
3687
3183
3492
3210
3210
3175
3687
3976
3485
3135
3534
3184
3241
3567
3925
3684
3656
3590
3685
3270
3857
3702
3366
3810
4077
3883
3782
3933
3914
3291
3553
3967
4059
3127
3415
3826
3314
3148
3338
3504
3107
3235
3685
3237
3388
3914
3888
4036
3890
3694
3209
4039
3379
3082
3264
3644
3310
3232
3515
3515
3138
3857
3997
3959
3073
3896
3366
3914
3987
3719
3675
4043
3925
3974
3521
4053
3623
3467
3818
3314
3557
3751
3747
3945
3100
3515
3363
3662
3413
3903
3935
3398
3291
3801
3498
3514
3880
3702
3288
3208
3352
3244
3847
3180
3657
3940
3333
3219
3107
4000
3090
3307
3621
3260
4014
3914
3157
3288
3293
3462
4016
3557
3268
3760
3385
3603
3293
3329
3668
3293
3076
3307
3284
3715
3841
3784
3274
3907
3740
3912
3675
3690
3959
3674
3473
3652
3608
3296
3313
3684
3825
3979
3959
3613
3819
3231
3231
3839
4077
3542
3433
3844
3561
3983
4084
3329
3710
3819
3363
4093
3763
3919
3515
3671
3916
3621
4011
3979
3558
3724
3171
3892
3320
3921
3708
3235
3306
3974
3244
3307
3577
3314
3119
3771
3473
4067
3916
3314
3409
3384
3603
3929
3951
3459
3727
4074
3291
3307
3526
3111
3555
3585
4079
3951
3974
3225
3597
3307
3093
3929
3260
4077
3747
3327
3673
3107
3690
3745
3307
3307
3269
3929
4077
4077
3126
3859
3868
3622
3890
3111
3580
3406
3819
3985
3329
3115
3511
3771
3318
3444
3825
3959
3274
3953
3876
3603
3406
3913
3398
3965
3603
3428
3091
3657
3226
3952
3365
3603
3872
3491
3307
3307
3291
3283
3243
3192
3694
3266
3727
3868
3603
3844
3307
3901
3685
3892
4090
3542
4077
3694
3603
3881
3585
3557
3633
3073
3439
3463
4077
3260
3237
3621
3231
4085
3115
3608
3758
3999
4033
3188
3504
3557
3291
3244
3672
3375
3585
3115
3115
3697
3974
3876
4005
3976
3264
3504
3389
3187
3377
4003
3966
4048
3644
3928
3603
3241
3530
3590
3623
3283
3428
3884
4089
3819
3884
3859
3997
3880
3526
3559
4070
3504
3623
3603
3603
3781
4077
3825
4024
3100
3944
3517
3555
3603
3819
3447
3603
3777
3478
3743
3866
3590
3152
3740
3269
3775
3291
3171
3959
3148
3724
3261
3307
3670
3158
4053
3442
3413
3876
3515
3288
3338
3778
3462
3887
3291
3903
3959
3515
3531
3291
3333
3959
3515
3226
3264
3741
4056
3903
3997
3890
3107
3684
3503
3966
3819
3959
3314
3291
3952
3478
3730
3952
4093
3715
3333
3672
3488
3284
3949
3903
3937
4005
3291
3885
3922
3555
3080
3727
3907
3130
4077
3234
3308
3834
3997
3743
3130
3436
3467
3878
3449
3542
3291
3982
3940
3707
3716
3202
3719
3535
3924
4042
3559
3559
3231
3937
3542
4085
4054
3919
3819
3964
3176
3885
3955
3231
3540
3335
3843
3764
3515
3270
3291
3540
3846
3781
3839
4004
4090
4016
3987
4045
3997
3914
3885
3338
3949
3319
4090
3297
3104
3817
3515
3439
3078
3072
3335
3475
3970
3264
4007
3462
3784
3291
3190
3959
3237
3619
3685
3517
3934
4056
3500
3377
3101
3619
3095
3999
3904
3602
3928
3603
3291
3715
3300
3819
4024
3414
3260
3531
4077
4077
3260
3260
3869
3747
3856
3284
3970
3999
3623
3437
3252
4072
3933
3742
3779
3738
3515
3281
3338
3469
3384
3728
3224
3921
3928
3555
3413
3291
3264
3730
3929
3912
3315
3623
3959
3737
3754
3700
3338
3078
3292
3810
3264
3205
3881
3602
3611
3663
3488
3730
3237
3078
3264
3959
3465
3845
3338
3119
3526
3111
3585
3921
3674
3843
3887
3621
3314
3924
3192
3179
3179
3856
3119
3963
3942
3619
3410
3122
3104
3819
3660
3504
3727
3338
3288
3256
3282
3109
3810
3674
3590
3929
3743
3352
3288
3175
3694
3291
3663
3333
3914
3901
4077
3843
3171
3260
4077
3557
3819
3824
3727
3398
3580
3111
3398
3096
4073
3747
3819
3819
3747
3621
3883
3929
3802
3728
3987
3987
3591
3398
3802
3935
3719
3724
3467
3704
9222
4241
5034
5119
4770
4173
4264
4550
4168
4256
5024
4862
4491
4472
5093
5112
4451
4743
4660
4256
4302
4766
4225
4802
4451
4743
4989
4318
5041
4342
4817
4817
4451
4468
4183
4606
4414
4900
4823
4726
4302
5049
4304
4965
4552
4898
4784
4676
4335
4511
4751
4539
4546
4779
5108
4659
4806
4150
4801
4137
4456
4578
4322
4897
4143
4554
4638
4656
4616
4616
4988
4891
5090
4157
4768
4680
4856
4157
4352
4424
4541
4313
4736
4809
4805
4727
4260
4549
4663
4622
4125
4633
4955
4885
4618
4366
4469
5040
4539
4334
4830
4539
4784
4824
4739
4423
4436
4250
4802
4157
4739
4633
4167
4843
5049
4661
4893
4175
4113
4313
4525
5091
4220
4526
4437
4994
4239
4731
4334
4468
4583
4873
4928
4127
4766
4676
4502
4994
5063
4240
4512
4743
4743
4743
4175
4537
4800
4850
4759
5059
4925
4637
4250
5044
4549
4472
4220
4888
4770
4529
4099
4676
4233
5049
4246
4801
4898
4948
4529
5056
4914
4676
5108
4411
4220
4948
4098
4442
4551
4284
4472
4105
4264
5075
4852
4690
4883
4122
4145
4993
4731
5034
4741
4388
4941
5007
4347
4943
4722
4665
4484
4325
4931
4905
4127
5003
4935
4866
4662
4800
5089
4782
4474
4774
4850
4305
4240
4332
4484
5031
4120
4937
5095
4300
4732
5056
4802
5097
4792
4853
4201
4132
5112
4178
5049
4318
4906
4805
4335
4527
4161
4351
4119
4829
4120
4119
4332
4919
4675
4936
4119
4166
4644
4829
4731
4684
4897
4224
4232
4113
4745
4259
4180
4259
4614
4490
4108
4431
4459
4636
4558
4480
4852
5049
4993
5078
5025
5025
5115
4351
4830
4233
5050
4349
4916
4691
4990
4414
5069
4496
4354
5018
4171
4096
4496
4589
4835
4810
4346
5097
4119
4567
4705
4950
4921
4324
4931
5089
4661
4830
4197
4175
4732
4324
5077
4126
4616
5038
4414
4232
4494
4469
4800
4161
4197
4474
4726
4726
4184
4591
4305
4332
4821
5045
5049
4869
4483
4096
4567
5025
4770
4739
4850
5026
4529
5049
4695
4494
5010
4318
4414
4800
4494
4662
4732
5022
5108
4983
4553
4901
4579
5017
4503
4512
4869
4431
4948
4195
4096
5033
4276
4829
4755
4567
4567
4800
4195
5034
4437
4591
4139
4691
4096
5025
5027
4283
5047
4661
4748
5113
4850
5068
4961
4422
4796
4796
5118
4904
4320
4332
4985
5009
4211
5059
4196
5070
4955
4763
4351
4959
4856
4132
4714
4763
4171
5099
4149
4567
4782
4106
4961
4324
4276
4536
4196
4881
4150
4853
4710
4460
4720
4545
4906
4192
4660
4567
4276
4334
4332
4305
4925
4526
4622
4675
4322
4945
4470
4416
4332
4790
4455
5013
4985
4735
4613
4176
5049
4314
4332
4167
4800
4232
4893
5096
4468
4936
4346
4150
4455
4145
4829
5036
4900
4717
4543
4543
4484
4414
5108
4120
4455
4666
4451
4637
4554
4175
4183
4322
4183
4633
4113
4755
4451
4800
4508
4817
5056
4817
4776
4244
4865
5026
4800
5058
5022
4791
5025
4987
4800
4897
4140
4437
5043
4954
4120
4414
4556
5095
5094
4537
5049
4935
4660
4256
4232
4460
5095
4800
5007
5049
4524
5040
4356
4862
4876
4296
4508
4895
4545
4990
4990
4774
4800
4773
4460
4494
4468
4131
4446
4852
4232
4743
4161
4603
4424
4332
4232
4324
4754
4830
4637
4233
4324
4496
4496
4161
4624
4786
4864
4494
4197
4973
4993
5047
4324
4519
4519
5026
4400
4443
4746
4155
4334
4442
4782
4782
4443
4621
4850
4378
5049
4567
4720
4715
4385
4332
4322
4637
4120
5049
4824
4351
4918
4898
4567
4536
4919
4800
5108
4690
5024
4925
4965
4120
4853
4459
4637
5011
5049
4332
4800
4800
4752
4957
4983
4465
4539
4656
4862
4972
4330
5044
4319
4620
4487
4866
4232
4556
4196
4196
4850
5049
4436
4776
4324
4304
5049
4334
4800
4637
4487
4861
4332
4999
4137
4120
4442
4554
4519
4637
4145
4862
4613
4150
4256
4720
4661
5069
4916
5037
5049
4443
4987
4898
4145
4494
4145
4665
4705
4403
4751
4411
4599
4351
4130
4545
4567
4889
4477
4782
4403
4983
4848
4259
4675
4240
4414
4567
4285
4414
4240
4334
4985
4705
4106
4972
4096
4236
4691
4664
4242
4977
4662
4639
4889
4512
4860
4324
4324
4567
4360
4612
5031
4763
4304
4494
5029
4122
4508
4256
5049
4921
5022
4739
4198
5049
4332
4928
4972
5010
4691
4928
4613
4539
5027
4407
4314
4554
4120
5049
4616
4539
