9217
9218
1012
582
698
193
634
102
625
625
625
625
625
625
625
625
625
625
625
625
625
901
625
625
625
179
729
141
993
620
995
524
524
51
806
806
552
552
618
552
552
552
179
810
170
577
620
9
268
51
51
806
543
790
790
790
790
440
790
440
54
372
54
440
894
440
54
54
406
406
54
848
552
552
552
179
315
381
958
582
728
193
193
102
102
901
625
625
625
625
625
276
625
625
625
625
625
552
552
625
483
839
993
620
620
787
524
51
51
806
790
552
552
552
552
552
552
552
121
483
810
170
577
9
524
51
776
312
806
790
790
790
790
790
552
440
552
54
406
790
552
54
372
54
440
440
54
54
552
552
552
850
446
381
694
165
406
504
52
135
102
625
625
625
625
625
625
625
625
625
785
625
54
625
552
552
195
729
839
922
620
524
524
835
51
806
806
489
403
805
810
170
577
9
758
790
1006
552
552
552
552
121
50
786
577
928
620
524
51
51
806
806
790
545
513
543
657
657
657
232
406
359
91
522
657
142
232
446
958
582
165
728
193
193
102
135
52
937
625
625
625
625
625
625
625
625
531
531
625
625
402
729
839
922
620
524
524
524
51
806
790
790
790
790
104
790
848
552
440
54
805
810
170
291
758
835
771
119
712
170
577
9
420
51
51
806
790
552
790
790
790
790
790
790
552
785
227
552
552
527
334
263
381
958
582
165
193
193
102
52
135
276
625
625
625
625
625
625
625
625
625
224
597
625
625
54
179
119
729
839
922
620
524
524
51
51
806
790
790
790
790
790
790
440
805
214
928
9
419
340
552
552
119
810
170
620
326
552
552
536
552
552
790
440
552
440
552
848
552
440
54
776
54
104
54
54
313
190
11
958
582
165
728
193
504
52
135
52
625
625
625
625
625
625
625
625
625
625
43
848
625
406
179
729
579
141
620
995
524
51
51
514
790
125
790
790
790
790
340
54
440
104
888
104
372
54
54
179
69
810
170
577
9
896
516
611
790
790
790
790
790
790
790
513
545
513
790
790
372
552
552
552
195
446
958
582
345
504
728
504
52
135
52
625
625
625
625
625
625
625
625
625
625
901
54
894
531
179
729
141
922
620
995
524
524
51
806
806
979
104
790
790
848
552
805
810
170
427
491
790
790
534
9219
1035
1035
1981
1115
1115
1924
1115
1181
1115
1807
1115
1115
1815
1115
1981
1115
1298
1653
1115
1181
1115
1981
1115
1115
1653
1115
1981
1115
1298
1924
1115
1115
1115
1981
1115
1115
1815
1264
1291
1417
1287
1720
1417
1317
1417
1807
1417
1895
1815
1417
1317
1417
1807
1777
1417
1417
1417
1981
1115
1298
1777
1115
1417
1115
1807
1777
1115
1115
1115
1981
1115
1298
1924
1417
1156
1417
1287
1044
1801
1054
1044
1317
1417
1287
1417
1417
1417
1417
1807
1417
1417
1815
1417
1417
1417
1417
1417
1417
1417
1417
1981
1115
1417
1653
1115
1317
1349
1298
1076
1899
1115
1181
1115
1439
1439
1439
2025
1299
1299
2025
1694
1589
1788
1884
1835
1884
1298
1248
1884
1899
1232
1334
1232
1981
1903
1807
1349
1924
1155
1903
1903
1349
1349
1097
1981
1903
1298
1628
1777
1426
1240
1347
1317
1317
1807
1807
1991
1547
1777
1899
1815
1349
1349
1349
1981
1903
1807
1349
1777
1777
1903
1653
1349
1981
1807
1807
1349
1777
1777
1899
1653
1334
1349
1349
1981
1903
2023
1349
1777
1777
1903
1653
1349
1748
1981
1981
1298
1628
1252
1924
1653
1334
1653
1981
1981
2023
2023
1628
1628
1252
1653
1653
1748
1748
1981
2023
2023
1628
1252
1252
1252
1456
1428
1803
1428
1711
1345
1981
1777
2000
1155
1334
1155
1903
1723
1456
1981
1456
1981
1252
1981
1252
1334
1777
1748
1232
1252
1879
1879
1899
1995
1232
1252
2000
1981
2000
1456
1515
1723
1456
1349
1723
1317
1248
1981
1345
1298
1248
1155
1899
1899
1334
1334
1981
1981
2023
1298
1248
1155
1515
1456
1334
1334
1628
1981
2023
1298
1723
1155
1899
1456
1723
1334
1628
1628
1981
2023
2043
2041
1155
1155
2023
2023
1628
1628
1628
1628
1628
1748
1748
1748
1748
1748
1748
1748
1456
1456
1903
1748
1879
2041
1454
1334
1899
1155
1371
2023
1981
1653
1884
1928
2023
1653
1232
1252
1628
1900
1417
2033
1044
1291
1720
1417
1044
1949
1299
1588
1299
1299
1317
1317
1417
1694
1317
1417
1694
1589
1807
1815
1417
1807
1720
1417
1981
1720
1979
1979
1899
1481
1160
1899
1160
1720
1720
1160
1720
1720
1720
2006
1480
1831
1949
1949
1299
2046
1720
1417
1835
1481
1417
1589
1589
1589
1589
2046
1417
1317
1991
1481
1417
1991
1417
1417
1317
1720
1991
1481
1417
1417
1481
1991
1777
1076
1417
1317
1771
1589
2028
1589
1589
1589
1481
1720
1417
1481
1417
1903
1417
1417
1481
1589
1417
1417
1991
1417
1417
2035
1417
1991
1481
1720
1720
1835
1991
1991
1349
1317
1903
1317
1115
1720
1899
1694
1502
1771
2001
1949
1299
1299
1317
1589
1299
1949
1759
1299
1317
1589
1299
2046
1481
1991
1317
1589
2025
2046
1481
1991
1317
1481
1807
2046
1899
1903
1815
1349
1911
1911
1104
1160
1886
1206
1720
2035
1317
1481
2028
1991
1720
1694
1317
2046
1807
1991
1720
1481
1317
1481
1589
1991
1160
1694
1991
2046
1589
1991
1720
1899
1991
1515
1589
1349
1777
1777
1394
1394
1394
2028
1886
1949
1949
2035
1519
1969
1481
1317
1554
2025
2025
1589
1589
1589
1481
1991
1903
1417
1991
1899
1317
1481
1317
1417
1160
1160
1903
1807
1334
1155
1076
1155
1694
1155
1694
1723
1334
1607
1771
1502
1299
1299
1044
1299
1299
1299
1299
1299
1299
1589
1317
1991
1720
1720
1481
1317
1317
1481
1417
1589
1807
1991
1720
1777
1903
1991
1317
1481
2035
1589
1394
1777
1899
1622
1991
1160
1481
2035
1317
1317
1481
1720
1589
1417
1991
2034
1895
1481
1349
1349
1160
1607
1895
1995
1232
1160
1515
1334
1981
1334
1903
1924
1155
1515
1903
1777
1981
1334
1903
1248
1622
1349
2006
1955
1991
2046
1777
1481
1991
1317
1481
1349
1884
1368
1607
2000
1777
1899
1895
1991
1515
1349
1345
1368
1991
1720
1160
1903
1694
1775
1317
1299
1714
1807
1317
1345
1899
1720
1317
1589
1807
1903
1396
1502
1299
1998
1299
1299
1703
1299
1886
1299
1317
1299
1764
1886
1807
2046
1417
1720
1317
1694
1317
1317
1481
1807
1903
2046
1777
1899
1815
1903
1334
1349
1981
1903
2023
1815
1817
1057
1054
1743
1299
1835
1807
1759
1979
2046
1317
1481
1807
1720
1589
1694
1995
1835
1991
1895
1924
1394
1181
1903
1807
1248
1903
1694
1349
1981
1723
1298
1924
1349
1160
1607
9220
2130
2577
2911
2481
2097
2063
2081
2063
2081
2911
2097
2097
2481
2791
2063
2510
2063
2081
2944
2680
2869
2481
2343
2097
2081
2889
2081
2907
2481
2548
2985
2147
2721
2081
2097
2097
3032
2190
2671
2190
2190
2552
2818
2350
2190
2800
2190
2097
2701
2985
2801
2190
2800
3008
2985
2147
2889
3017
2883
3017
2986
3008
2801
2869
2714
3017
2097
2147
2350
3017
2907
3017
3032
2985
2962
2923
2089
2323
2509
2089
2519
2519
2519
2547
2519
2519
2519
2519
2519
2519
2519
2101
2519
2547
2519
2089
2519
2519
2089
2350
2730
2883
2746
2730
2350
2085
2730
2089
2800
3032
2350
2314
2694
3066
2489
2721
2865
2524
2738
2520
2865
2091
2268
2865
2091
2091
2986
2727
2091
2224
2889
2350
2907
2944
2091
2868
2091
2091
2091
2091
2091
2091
2091
2484
2091
2680
2680
2579
2307
2717
3055
2400
2400
2400
2054
2054
2091
2097
2091
2091
2972
2834
2091
2091
2091
2834
2317
2097
2097
2350
2986
2277
2400
3050
2717
2694
2788
2097
2748
2680
2789
2777
2350
2907
3050
2788
2419
2097
2097
2091
3069
2091
2091
2091
2091
2091
2091
2097
2091
2091
2091
2949
2091
2091
2694
2091
2091
2097
2097
2789
2619
2091
2350
2091
2920
2419
2419
2419
2091
2091
2091
2091
2942
2972
2972
2922
2638
2766
2990
2314
2091
2694
2452
2889
2883
2986
2162
2986
2877
2649
2889
2925
2649
2612
2990
2964
2985
2889
2907
2938
2525
2883
2535
2443
2644
2097
2452
2564
2748
2944
2944
2788
2788
2877
2863
2822
2443
2097
2612
2989
2817
2939
2612
2748
2717
2619
2443
2162
2612
2126
2619
2939
2612
2869
2717
2619
2694
2097
2612
2612
2985
2147
2612
2869
2642
2964
2961
2788
2472
2813
2813
2411
2642
2813
2907
2907
2907
2274
2925
2925
2990
2990
2452
2452
2350
2186
2350
2350
2162
2985
2877
2985
2800
2949
2119
2677
2097
2531
2722
2883
2985
2411
2619
2452
2788
2907
2813
2264
2989
2198
2198
2603
2891
2274
2198
2198
2198
2604
3024
2657
2657
2198
2198
3024
3024
2306
2777
2198
2198
3024
2891
2657
2307
2198
3069
2801
2801
2657
2949
2198
2198
2777
2612
2968
2986
2198
2612
2612
2612
2937
2320
2085
2777
2944
2891
3007
2945
2881
2097
2942
2907
2925
2162
2869
2721
2985
2649
2777
2989
2350
2907
2219
2889
2813
2489
3069
2841
2944
2691
2703
2525
2777
2789
2889
3024
2699
2937
2478
2162
2568
3017
2907
2777
2083
2612
2945
2411
2990
2277
2989
2452
2644
2925
2320
2869
2748
2777
2274
2777
2989
2964
3063
2667
3007
3007
2735
3007
2788
2528
2788
2920
2627
2644
2406
3024
2891
2657
2503
2198
2603
2603
3024
2657
2503
2198
2603
2603
2443
2657
2097
2198
2603
2642
3024
2657
2811
2198
2198
3051
2443
2657
2198
2986
2907
2869
3024
2789
2612
2877
3032
2672
2735
2619
2874
2748
2453
3009
2990
2330
2612
2604
2762
3007
2694
2162
2942
2748
3063
2788
2330
3032
2889
3007
3063
2735
2657
2976
2478
2314
2869
2735
2748
2818
2889
2777
2452
3012
2564
2117
3000
2564
2274
2821
2859
2935
3009
3009
2830
2965
2748
2691
2564
2738
2944
2925
2735
2330
2552
2801
2813
2638
2604
2717
2869
2964
2630
2314
2097
2813
2564
3008
3023
2579
2925
2274
2657
2198
2603
3024
3024
2657
2090
2198
2512
3024
3024
2306
2097
2198
2603
2535
3024
2691
2198
2198
2965
3063
2777
3007
2198
2535
2986
3024
2612
2801
2642
3063
2788
3024
3024
2443
2198
2198
2330
2794
2544
2920
2748
2162
2811
2628
3007
2986
2535
3023
2619
2119
2607
2777
2467
2777
2986
2452
3008
2350
2979
2777
2936
2925
2793
2443
2612
2813
2411
2789
2350
2330
2604
2176
2430
2825
2628
2996
2419
2119
2897
2868
2626
2883
2455
2224
2259
2097
2925
2735
2986
2887
2777
2351
2552
2777
2097
2956
2777
2314
2642
2949
2777
2478
2964
2400
2777
2777
2925
2314
2097
2097
3017
2869
2317
3024
3024
2657
2503
2198
2198
3024
3024
3024
2198
2907
3032
3032
2891
2314
2985
2198
2985
3024
3024
2657
2198
2198
2314
2638
2347
2091
2813
2350
2091
2411
2489
2452
2986
2721
2097
2821
2585
2671
2349
2190
2945
2671
2968
2585
2800
2349
2190
2748
2671
2162
2821
2801
2813
2097
2467
2945
2314
2869
2800
2097
2985
2552
2936
2925
2788
2986
3008
3008
2238
2350
9221
3555
3449
3237
3182
3467
3935
3698
3951
3727
3463
3449
3707
3464
3281
3893
3727
3198
3095
3526
3449
3747
3782
3739
3555
3526
3555
4055
3935
4008
4008
4008
3111
3555
3782
3727
3449
3526
3476
4033
3843
3804
3148
3966
3264
3843
3401
3778
3469
3555
3449
3928
3727
3673
3237
3950
3555
3893
3921
3937
3674
3812
3526
3790
3869
3869
4033
4039
3942
4042
3555
3933
3555
3970
3653
3746
3171
4043
4043
3231
4043
3200
3912
3778
3959
3942
3502
3094
3597
4094
3338
3704
3283
3681
3094
3757
3601
3200
3883
3094
4006
3165
3681
3333
3165
3681
3843
3893
3674
3284
3576
3804
3098
3750
3083
3996
3629
3111
3791
3229
3368
3368
3111
3363
3368
3310
3310
3747
3745
3261
3893
3777
3747
3970
3777
3868
3745
3747
3325
3880
3526
3526
3970
3970
4042
3284
3935
3952
3970
3745
3268
3647
3555
3652
3831
3698
3698
3138
3913
3526
3530
3965
3552
3751
3868
3736
3467
3925
3492
3870
3870
4042
3376
3970
3880
3982
3673
3987
3818
3970
3394
3284
3284
4036
3164
3782
3965
3818
3673
3284
4019
3965
3284
3727
3970
3782
4053
3647
3965
4053
3284
4053
3965
4042
4072
3870
4088
3698
3965
3782
3880
3782
3335
3335
3335
3965
4042
3965
3935
3966
3111
3893
3284
3965
3982
3111
3638
3080
4079
3530
3929
4094
3198
3824
3904
3901
3335
3725
4072
3824
3880
4072
3965
3824
3935
4088
4072
3951
3725
3935
3747
4088
3297
3891
4054
3782
4072
3880
4039
3782
3869
4042
3824
3500
4004
3542
3824
3437
3304
3880
4004
3824
3673
3893
4072
3198
3887
3166
3377
3966
4088
3868
3526
3893
3952
4054
3887
3987
3727
3647
3901
3526
3891
3893
3952
4088
3870
3987
3111
3952
3377
3824
4054
4088
3542
3901
3901
3901
4088
3891
3876
3727
3952
3893
3893
3987
4030
3987
3747
3824
3901
3966
3901
3893
4005
3725
3526
3335
3893
4084
3115
3966
3876
3270
3727
3966
3933
3952
3935
3198
3913
3691
3869
3913
3485
3622
3261
3325
3229
3261
3526
3542
3704
3237
3210
3704
3619
3536
3237
3919
3951
3997
3672
3536
4088
3229
3919
3143
3880
3536
3782
3950
3333
3143
3536
3536
4008
3210
3687
3143
3380
3536
4000
3690
4036
3952
3536
3257
3791
3210
3690
3143
3296
3536
3456
3237
3952
3143
3511
3420
3660
3210
4005
3869
3542
3368
3284
3284
3296
3952
3536
3284
3237
4079
3304
3869
4013
4051
3557
3284
3904
3536
3919
3710
3210
3691
4053
3919
3727
3182
3843
3687
3997
3747
3456
3210
3903
3673
3782
3742
3903
3313
3284
3782
3470
3966
3903
3261
3982
3674
3500
3747
3237
3592
3783
3229
3913
3706
3526
3237
3868
3887
4052
3742
3682
3526
3913
3781
3143
3903
3536
3503
3903
3687
3743
3903
3913
3880
3904
3229
3913
3856
3741
4052
3325
3913
3698
3913
3542
3313
3400
3377
4016
3673
3526
3542
3887
4072
3672
4054
3530
3747
3333
4088
3869
3536
3933
3210
4004
3088
3442
3952
4087
3698
3338
4087
3719
3869
3880
3893
3782
4087
3536
4087
3952
3935
3674
3198
3424
3977
3903
3291
3921
3652
3515
3291
3887
4072
3903
3903
3333
3952
3903
3264
3869
3952
3368
3674
3839
3782
3687
3486
3284
3647
3447
3088
3284
3536
4079
4094
3887
3893
3869
3368
3824
3876
3477
3668
3997
3952
3652
3526
3536
3924
3229
3727
3265
3876
3536
3413
3373
3687
3919
3536
3363
3727
3903
3687
3235
3536
3747
4088
4004
3880
3143
3913
3913
3913
3913
3111
4084
3913
3952
3237
3859
3673
3552
3951
3876
3340
3777
3987
3690
3536
3891
3935
3893
3143
3837
3198
3201
3987
3891
3824
3891
4094
3764
3876
4052
3951
3647
3456
3966
3891
3982
4087
3536
3887
3166
3098
3743
3600
3591
3235
3552
3791
3111
3552
3536
3933
3880
3284
3869
3982
3987
3559
3834
3284
3982
4088
4088
3304
3088
4036
3982
3791
4039
3935
3131
3337
3368
3270
3727
3668
3950
3198
3901
3484
3276
3552
3913
3401
3485
3903
3345
3704
3687
4072
3357
3536
3787
4051
3210
3687
3856
3804
3095
3880
3229
3893
3296
3542
3198
3887
3913
3913
3394
3672
3673
3982
4072
3913
3542
3674
3913
3966
3310
3469
3933
3304
4045
3462
3462
3467
3264
3673
3148
3951
3942
3462
3966
3264
4088
3937
3660
4087
3462
3880
3264
3937
3673
3333
4072
4087
4087
4087
4087
3674
4072
3987
3940
3904
9222
4491
4178
4472
4745
5022
4431
4830
4949
4184
4860
4927
4917
4905
5089
4654
4170
5089
4830
4556
5112
5012
4201
4624
4830
5118
4654
5118
4556
4654
4810
4443
4755
4927
4201
4556
5012
4624
4943
4346
5018
4559
4436
4660
4346
4871
4660
4800
4624
4973
4322
4256
4985
4150
4150
4898
4962
4624
4624
4881
5049
4451
4637
4899
4845
5029
4962
5037
4384
4774
4625
4962
4985
4150
4254
4272
4663
4478
5116
4462
4710
5049
4977
4098
4663
4136
4731
4234
5049
4150
4324
4898
4661
4820
4349
4120
4484
4733
4980
4462
5043
4625
4462
4292
5037
4898
4462
5042
4462
4150
4810
4845
4906
4934
4251
4951
4409
4860
4733
4116
5079
4903
4728
4278
4830
4727
4759
4771
4510
5012
4983
4676
4601
5041
5040
4830
5038
4899
4654
4853
4830
4903
4810
4864
4676
4860
4349
5058
4770
4477
4681
4604
4856
4503
4449
4889
4720
4343
4876
5096
5096
4484
4615
4861
4305
4305
4831
4999
4305
4631
4759
4759
4589
4934
4589
4589
4589
4589
4905
4619
4918
4890
5059
4599
4705
5059
5059
4860
5059
4771
5096
4215
5096
5096
5096
5096
5114
5096
4801
4770
5020
4170
4305
4305
5052
5096
4589
4589
4589
4589
4962
4589
4876
4899
4889
4983
4771
4876
5114
5096
5096
5096
5096
5096
5059
4771
5096
4983
4620
4801
4801
5058
4625
4170
5110
5118
4747
4962
4747
4747
4962
4771
5114
4801
4801
4460
4927
5052
4876
4876
4625
5049
4801
5015
4927
5079
5110
4654
4934
4132
5052
4784
4853
4927
5054
5015
5118
4983
5110
4830
4934
4927
5052
4625
4926
5015
4889
5009
4962
5059
4950
5052
5059
4955
4926
4962
4889
4864
4926
5114
5110
5015
5114
4170
4926
5118
4889
4810
5015
5114
5058
4905
4889
4830
4934
4889
4889
5118
4170
4934
4934
4985
4755
5015
5015
5058
5052
4589
4747
4983
4934
4170
4934
5015
5015
4934
4810
4484
4830
4858
5052
4955
5015
5029
4460
4305
4889
5052
4305
4134
4866
4900
4728
4733
4616
4657
5112
4727
5099
4737
4835
4835
5015
4727
4889
4422
4477
4732
4971
5018
4615
4801
4853
4291
4431
4810
4727
4852
4613
4860
5052
4477
4727
4132
4862
5058
5041
5041
5095
4715
4792
5040
4421
4661
4589
4604
4720
4728
4955
5040
4727
4203
4728
4876
4814
4942
4727
4113
4728
5115
4942
4835
4727
4918
4728
4862
4942
4816
4145
4853
4864
4739
4942
4919
4918
4855
5049
4845
4876
4931
4770
4436
4792
4324
5015
4173
5012
4728
5030
5118
4727
4624
4728
5030
4484
5040
4860
4484
4657
4437
5115
4835
4727
4926
4296
5094
4497
4955
4465
5095
4926
5041
4942
4384
4147
4905
4255
5100
4893
5112
4616
4866
4678
4477
4727
4480
4926
5042
4893
4255
4853
5112
4862
4866
5115
4546
5058
4830
4810
4853
4830
4835
4926
4942
4810
4853
4876
5115
4625
4170
4120
4413
4604
4978
5049
4985
4747
5114
5095
4717
4613
4431
4727
4800
4728
4593
4983
4801
4835
4830
4106
4702
4862
4451
4621
4678
4830
4800
4120
4431
4905
5114
5037
4906
5110
4145
5008
5026
4871
4120
4860
4327
4732
4604
5095
4900
5011
5049
5115
4810
4835
4835
4384
5049
4431
5012
4132
4942
4942
4727
4905
4145
5096
5037
4727
4305
4728
5058
4358
5058
5110
5118
5094
4971
4853
4942
4334
5100
4946
4770
4733
4374
4615
4615
4484
4600
4814
4801
4583
4732
4684
4739
4314
4950
5112
5029
4727
4621
4431
4215
4684
4942
4727
4830
4346
5029
5115
4621
4860
4747
5114
4950
4132
5058
4955
4156
5095
4771
4705
5011
5094
4918
5095
4477
4903
5096
5095
4835
4934
4751
4942
5114
4305
4760
4305
4432
5115
4625
5052
4657
4728
4950
4942
4727
4460
4810
4484
4654
4972
4942
4705
4678
4896
4215
4866
4705
4705
4918
4771
4728
4770
5114
4835
5096
4955
5115
5041
4711
4305
4810
4921
4705
4814
4546
4955
4858
4510
5095
4414
5011
4384
5115
4894
4934
4127
4845
4127
4919
5059
4560
4396
4900
4905
4949
4727
4770
4484
5052
4431
4615
4728
4977
5009
4835
4835
4728
4358
4862
4305
4949
4631
4589
4905
4431
4810
5115
4728
5052
4726
4801
4477
4889
4810
4801
5059
4801
4167
4581
4899
4284
4852
4245
4660
4875
5087
4460
4608
4931
4484
4554
5040
4613
4802
4332
4332
4800
4858
4615
4852
4800
5049
4332
4800
4829
4889
4889
4931
5049
4942
5115
4820
4955
