9217
9218
306
668
482
502
248
482
657
636
391
318
408
993
115
28
496
514
711
318
1020
896
454
619
619
317
498
227
549
611
636
437
636
391
408
807
964
798
829
896
391
509
15
158
115
454
28
496
514
734
502
636
304
304
304
304
304
304
318
444
304
636
317
647
489
391
608
318
290
28
454
348
96
996
810
22
809
896
96
391
452
408
807
809
96
619
96
509
318
824
120
120
120
504
563
201
201
214
647
272
304
318
195
214
22
230
454
317
636
96
711
318
115
824
120
120
504
16
135
201
272
201
304
901
771
408
993
784
809
351
619
38
771
15
422
115
454
28
432
896
563
304
272
201
272
304
304
711
318
444
419
489
489
304
489
771
318
158
115
28
28
496
514
734
514
393
37
636
37
880
37
622
214
1020
37
636
37
391
212
318
158
1020
454
28
305
563
456
514
201
365
248
456
37
159
227
776
406
619
636
771
483
225
993
646
978
646
829
646
51
51
63
22
966
928
829
283
683
419
63
22
894
544
646
928
259
587
422
290
638
28
259
63
638
1006
740
162
283
300
964
162
223
894
22
162
211
162
283
627
1020
28
619
894
162
162
162
619
223
283
214
1020
619
619
162
959
608
894
896
432
409
408
807
454
223
223
638
338
638
162
248
162
622
214
1020
638
162
959
768
1020
317
96
96
622
214
96
31
96
619
509
31
96
31
96
622
214
22
96
619
223
96
489
96
31
96
391
622
214
96
959
608
292
338
825
1006
636
502
391
214
22
657
502
531
657
1006
55
1006
771
771
214
22
771
768
768
108
657
657
657
768
96
622
214
798
657
31
798
657
768
176
176
176
408
158
1020
798
750
638
338
798
292
798
798
389
214
22
798
798
771
608
432
432
896
391
408
214
115
647
611
338
338
272
201
249
563
1006
444
201
658
619
201
959
959
432
531
880
805
509
290
220
108
514
292
292
825
750
880
37
750
37
880
223
880
220
880
37
220
223
248
37
545
37
603
50
148
174
725
308
308
726
554
726
554
740
554
221
1006
310
611
214
611
432
798
272
896
223
894
1006
636
894
108
740
638
73
457
1006
108
162
162
162
63
22
619
619
894
894
894
162
162
283
63
1020
771
805
928
1020
162
162
283
683
491
63
867
260
544
491
928
532
587
143
22
646
22
532
906
9219
1806
1664
1636
1588
1448
1798
1585
1798
1743
2008
1925
1669
1558
1461
1820
1940
1940
1354
1936
1982
1982
1221
1564
1945
1882
1952
1936
2011
1982
1221
1545
1380
1837
1952
1952
1027
1288
1982
1945
1746
1820
1952
1998
1960
1982
1221
1808
1882
1952
1636
1980
1612
1288
1609
1307
1820
1778
1330
1837
2045
1669
1973
2045
1862
1860
1798
1555
1565
1409
1982
2045
1330
1882
1743
1330
1973
1759
1886
1973
1094
1998
1636
1968
1998
1448
1839
1955
1966
1330
1973
1448
1788
1914
1448
1622
1966
1575
1791
1680
1861
1680
1861
1067
1832
1067
1680
1861
1277
1832
1067
1680
1861
1277
1832
1067
1680
1861
1277
1832
1067
1680
1674
1680
1861
1067
1680
1861
1714
1861
1277
1844
1913
1865
1961
1819
1098
1214
1277
1767
1067
1680
1214
1680
1027
1067
1832
1067
1637
1861
1277
1832
1315
1680
1861
1277
1832
1067
1832
1315
1680
1861
1277
1832
1067
1892
1025
1594
1594
1968
1167
1955
1110
2015
1914
1882
1104
2015
1914
1914
1694
1979
1899
1914
1696
1696
1155
1920
1365
1830
1764
1392
1764
1955
1622
1788
1788
1884
1801
1403
1980
1880
1784
1609
1784
1820
1832
1832
1348
1558
1746
1057
1966
1747
1209
1585
1315
1167
1955
1104
1248
1104
1334
2003
1659
1345
1345
1345
1899
1899
1899
1155
1160
1967
1994
1935
1436
1746
2010
1820
2010
1758
1674
1839
1839
1409
1513
1996
1937
1973
1993
1918
1243
1094
1448
1937
1973
1880
1048
1094
1094
1770
1057
1969
1880
1746
1048
1094
1526
1937
1937
1631
1291
1243
1409
1094
2001
1973
1973
1048
1831
1746
1094
1594
1057
1794
1703
1949
1831
1193
1387
1770
1288
1291
1942
1952
1480
1886
1288
1770
2011
1535
1878
1061
1191
1814
2044
1852
1783
1564
1996
1409
1604
1750
1583
1982
1709
1558
1666
1947
2001
1057
1979
1896
1831
1048
1998
1835
1764
1969
1764
1664
1831
1513
1940
1304
1709
1288
1081
1945
1940
1984
1936
1960
1982
1691
1824
1746
1940
1920
2010
1982
1392
1839
1263
1263
1788
1960
1993
1557
1945
1557
2006
1287
2006
1896
1896
1896
1896
1920
1839
1892
1860
1291
1291
1945
1682
1206
1867
1947
1867
1815
1815
1521
1659
1188
1764
1835
1807
1298
1298
1331
1555
1123
1707
2024
1288
1491
1291
1707
1764
1426
1764
1807
1404
1966
1291
1896
1284
1284
1181
1652
1284
1807
1181
1924
1284
1807
1181
1924
1298
1345
1181
1924
1284
1098
1380
1982
1391
1952
1820
1945
1288
1027
1952
1380
1067
1960
1832
1680
1067
1288
1952
1820
1221
1288
1027
1952
1380
1221
1288
1952
1966
1945
1288
1960
1952
1945
1221
1960
1952
1820
1945
1288
1960
1952
1945
1221
1960
1952
1945
1067
1288
1968
1979
1722
1798
1808
1882
1882
1882
1882
1215
1210
1448
1448
1491
1968
1968
1330
1330
1587
1955
1554
1835
1188
1368
2025
1287
1188
1558
1969
1287
1188
1798
2032
1287
2028
1608
1221
1081
1565
1820
1820
1952
1952
1027
1288
1288
1221
1221
1945
1945
1820
1952
1952
1960
1288
1288
1854
1525
1246
1865
1186
1445
1817
1817
1264
1288
1588
1982
1945
1746
1709
1940
1588
1759
1287
1291
1588
1798
1759
1287
1998
1588
1798
1896
1287
1299
1588
1798
1937
1587
1094
1277
1330
1448
1587
1094
1973
1330
1448
1728
1585
1775
1722
1979
1558
1696
1979
1558
1780
1780
1780
1780
1352
1331
1331
1148
1331
1331
1159
1159
1287
1287
1298
1391
1391
1404
1048
1404
1722
1480
1291
1770
1664
1824
1770
1291
1824
2001
1409
1048
2010
1722
1048
1585
1722
1831
1794
1770
1831
1949
1770
1831
1048
2001
1722
1048
1585
1722
1048
1585
1722
1048
1585
1770
1831
1794
1770
1831
1949
1479
1348
1880
1937
1746
1752
1585
1920
1949
1583
2001
1480
1057
2001
1839
1794
1770
2028
1949
1770
1750
1048
2010
1722
1730
1937
1387
1480
1881
1770
1480
1794
1770
1480
1824
1770
1920
1824
1770
1722
1048
1937
1722
1048
1585
1722
1635
1585
1770
1831
1949
1770
1831
1949
1554
1831
1949
1554
1368
2003
1287
1368
2034
1287
1867
1635
1764
1867
1635
1886
1722
1589
1583
1896
1831
1949
2001
1287
1798
1554
1764
1949
1557
2028
1635
1979
1867
1635
1287
1588
1048
1969
1979
1831
1950
1979
1635
1664
1410
1557
1880
1470
1984
1480
1874
1387
1480
1597
1479
2001
9220
2079
2762
2290
2635
2186
2938
2546
2978
3035
2360
2619
2126
2937
2705
2846
2097
2279
2243
2585
2279
2671
2368
2102
2756
2401
2349
2821
2978
2916
2101
2166
2764
2422
2219
2552
2717
2585
2863
2883
2460
2585
2883
3008
2883
2525
3032
2671
2349
2821
2841
2971
2579
2510
2429
3000
2392
2933
2611
2536
2349
2351
2388
2351
2841
2938
2936
2208
2992
2442
2626
2594
2785
2094
2727
2382
2165
2712
2767
2631
2467
2568
2868
2883
2552
2818
2351
2626
2314
2741
2085
2085
2968
2133
3069
2083
2529
2657
2198
2198
2074
2956
2516
2657
2443
2074
2171
2619
2657
2262
2210
2940
2210
2717
2979
2979
2199
2992
2769
2637
2661
2255
2234
2516
2516
2215
2620
2894
2157
2857
2940
2238
3018
2826
2212
2090
2556
2137
2756
2835
2793
2501
2307
2826
2054
2722
2722
2346
3039
2199
2460
2589
2462
2589
2940
2940
2637
2215
2482
2386
2879
2857
2801
2482
2948
2153
3011
2122
2723
2080
3011
2118
2424
2565
2457
2620
2968
2463
2565
2905
2122
2195
2565
2717
2064
2956
2565
2863
2922
2525
2209
2856
2134
2890
2248
2565
2544
3022
2701
2552
2719
2663
2630
2161
2779
2949
2297
2949
2238
2175
2266
2851
2695
2661
2247
2992
2977
2607
2309
2815
2800
2529
2905
2531
2443
3011
2976
2880
2723
2905
2905
2122
2905
2296
2544
2837
2663
2474
2460
2595
2489
2514
2294
2386
2546
2841
2787
2933
2655
2397
2793
2665
2589
2742
2619
2691
2397
2589
2219
2568
2980
2463
3008
2992
2589
2738
2492
2561
2663
2283
2249
2721
3070
2516
2200
2249
2249
2249
3062
3062
2498
2402
2467
2232
2859
2498
3065
2723
2521
2995
2505
2314
2616
2531
2443
2507
2963
3008
3063
2794
2180
2574
2922
2134
3070
2337
2703
2589
2833
2457
2561
2516
2337
2121
2953
3069
2695
3070
2964
2528
2283
2552
2459
2564
2829
2511
2644
2178
2246
2965
2175
2766
2971
2277
2881
2820
2442
3026
2817
2850
2937
2963
2057
2249
2467
2102
3000
2225
2642
2905
2234
2209
2133
2940
2422
2665
2655
2380
2953
2180
2249
2421
2811
2980
2455
2564
2818
2788
2801
2591
2048
2168
2234
2831
2626
2883
2883
2829
2964
2531
2266
2905
2905
2644
2869
2905
2748
3071
2279
2467
2463
2815
2545
2796
2175
2681
2161
2851
2561
2627
2343
2484
2260
2609
2844
2749
2083
2859
2294
2257
2890
2572
2644
2283
2905
2877
3041
2905
2971
2944
2890
2709
2333
2971
2257
2353
2899
2353
2136
2563
2136
2563
2242
2563
2242
2899
2242
2899
2353
2964
2563
2136
2563
2996
2563
2136
2360
2242
2949
2242
2899
2841
2869
2563
2136
2563
2242
2563
2242
2899
2242
2979
2353
2949
2563
2949
2563
2242
2837
3063
2899
2841
2899
3028
2645
2425
2433
2601
3012
3063
2897
2880
2307
2879
2350
2936
2715
2443
2535
2126
2484
3012
3061
2253
2266
2238
2728
2314
2665
2897
2801
2351
2859
2945
2868
2497
2399
2625
2392
2349
2589
2421
2846
2671
2148
2349
2821
2190
2585
2671
2252
3054
2097
2585
2671
2148
2728
2585
2585
2106
2133
2102
2707
2756
2719
2267
2536
2190
2585
2671
2349
2643
2585
2561
2671
2349
2643
2585
2671
2671
2349
2585
2585
2671
2349
2821
2585
2585
2671
2349
2821
2631
2767
2602
2762
2659
2966
2880
2609
2844
2848
3045
2746
2913
2442
2462
2482
2661
2888
2433
3038
2393
2607
2947
2914
2126
2324
3038
2857
2607
2604
2830
3028
2194
2484
2788
2394
2959
2874
2781
2672
2601
2781
2672
2956
2057
2249
2249
2283
2743
2424
2525
2930
2945
2277
2890
2986
2249
2912
2930
2920
2787
2498
3032
2598
2831
3015
2939
2920
2945
2054
2890
2463
2890
2989
2897
2612
2619
2117
3069
2905
3023
2667
2351
2306
2965
2574
2989
2945
2529
2219
2794
2283
2455
2897
2443
2644
2309
2453
2869
2667
2529
3032
2890
2429
2667
2506
2921
2403
2926
2793
2874
2612
2655
2990
2964
3038
2890
2644
2949
2880
2709
2232
2746
2585
2885
2498
2088
2564
2709
2801
2829
2565
2801
2459
2463
2885
2709
2088
2877
2890
2321
3007
2186
2830
2697
3063
2897
2859
2776
2638
2890
2986
2097
2274
2735
2829
3047
2525
2644
2880
2249
2283
2463
2324
2801
2442
2890
2512
3034
2859
2937
2850
2788
2122
2309
2859
2209
2887
3023
2868
2430
2801
2921
2464
2762
2944
2585
2863
2176
2216
2905
9221
3230
3662
3141
3269
3892
4067
4067
3846
3916
3861
3883
4016
3400
3176
3347
3912
4090
3921
3780
3903
3126
4056
3580
3937
3602
3649
3260
3462
3502
3224
3512
3462
4013
3791
3224
3180
4014
4016
3291
3101
3333
3831
4059
3264
3520
3400
3772
3982
3581
3420
3976
3927
3921
3730
4034
3280
3358
3535
3478
3256
3180
3947
3857
3896
3389
3111
3352
3881
3943
3872
3730
3724
3260
3166
3535
3368
3368
3949
3577
4010
3959
3368
3096
3446
3413
3274
3164
3583
3428
3439
4084
3084
3845
3107
4094
3503
3159
3634
3818
3345
3229
3143
4000
3456
3079
3229
3143
3236
3745
4051
3229
3687
3485
3236
4051
3229
3229
3143
3536
4051
3406
3846
4008
3388
3535
3406
3791
3205
3236
3709
3761
4091
3422
3601
3916
3662
3496
3130
3573
3587
3845
3177
3531
3310
4000
3116
3816
3947
3256
3947
3831
3780
3388
3981
3592
4056
4056
4000
3300
4000
3723
3994
3536
3581
3872
3339
3929
3437
3514
3409
3514
3252
3929
3966
3909
3502
3716
3437
3909
3437
3977
3698
3208
3834
3909
3698
3557
3506
3494
3950
3736
3809
3327
4077
3248
3778
3966
3869
3288
3137
3313
3724
3232
3365
4067
3916
3672
3851
3533
3659
3659
3363
3416
3527
3416
3422
3881
3855
3942
3810
3365
3739
3976
3095
3883
3500
4087
3888
3413
3743
3377
3887
4020
3663
3462
4064
4021
3828
3744
3420
3338
3633
3466
3085
3458
3592
3887
3976
4056
3854
3149
3394
3535
3663
4070
4093
3297
3297
3815
4032
3260
3815
3365
3704
3907
3934
3854
3660
3439
3719
3883
3458
3215
3188
4042
4042
3088
3682
4014
3111
3120
3872
3500
3854
3742
3751
3815
3780
4000
3338
3617
3981
3649
3511
3315
3632
4005
3126
3363
3949
3644
3464
3235
3738
3994
3403
3119
3443
3976
3442
3742
3274
3269
3844
3123
4055
3613
3875
3844
3704
3981
3154
3751
4089
3753
3722
3778
3478
3436
3682
3668
3325
3557
3862
3343
3862
3599
3862
3597
3208
3201
3420
3363
3597
3464
3104
3592
3778
3872
3363
3338
3473
3154
4077
3872
3872
4008
3080
3535
3478
3608
3739
3952
3300
3868
3868
3592
3933
3595
3310
3517
3710
3101
4032
3781
3478
3557
3257
3439
3672
4065
3763
3504
3674
3672
3727
3176
4077
3824
3824
3094
3142
3621
3367
3311
3768
3521
3909
3706
3305
3305
3072
3398
3460
3259
4022
3442
3670
3555
3237
3504
3555
3919
3325
4077
3825
3585
3300
3398
3446
3940
3618
3903
3292
3083
3565
3906
3677
3641
3565
3552
3601
3565
3595
3085
3781
3552
3595
3461
3080
3868
3185
3372
3073
3502
3367
3674
3367
3503
3872
3311
3461
3868
3387
3470
3795
3495
3166
3419
3641
3461
3533
3461
3671
3372
3073
3576
3367
3311
3495
3311
3422
3916
3244
3505
3292
3158
3630
3728
4052
3676
3630
3307
3526
3782
3467
3772
4055
3340
3630
3795
3080
3436
3621
3115
3674
3951
3098
3315
3557
3966
3843
3782
3633
3600
3869
3795
3830
3578
3264
3469
3414
3645
4059
3818
3647
3462
3906
3488
4059
3628
3469
3565
3247
4059
3469
3689
3154
3114
4027
3921
3835
3835
3582
4059
3488
3883
3329
3091
3415
3589
3323
3148
3091
3323
3488
3344
3638
3533
3469
3921
3552
3862
4004
3488
3469
3862
4042
3511
3154
3726
3601
4065
4055
3576
3942
3217
4014
3209
3576
3942
3521
3422
4055
3576
3576
3873
3242
3360
3868
3729
3335
3891
3080
3149
4036
3477
3137
4036
3259
3340
3565
3705
3976
4039
3090
3209
3079
4014
3952
3659
3335
4085
3953
3453
3978
4014
4029
3236
3546
3217
3953
3557
3126
3335
3855
4032
3780
3274
4030
3904
3844
3557
3982
3525
3945
3104
3880
3189
3919
3209
3919
3525
3217
3649
3506
4036
3659
3557
3200
3300
3740
3685
3340
3800
3325
4013
3982
3115
3107
3175
3982
3872
3710
3654
4014
3687
3880
3123
3654
3919
3739
3993
3919
3763
3138
3469
3955
3176
3675
3937
3535
3304
3462
3526
3440
3241
3557
3304
4032
3887
3403
3297
3697
3912
3467
3567
3942
3880
3499
4052
3280
3610
3915
3697
3919
3839
4039
3942
3574
3080
3526
3589
3859
4008
3526
3598
3966
3682
3868
3712
3202
3773
3919
3268
3608
3737
4039
4004
3641
3268
3859
3937
3394
3868
4005
3470
3872
3971
3831
3834
3971
3111
3647
3284
3900
3839
3208
3997
3088
3907
3166
3739
3485
3912
3414
3202
3632
3259
3937
3111
9222
4974
5005
4800
4664
4332
5042
4122
4662
4244
4745
4665
4788
4637
4788
4567
4122
4937
4468
4324
5047
4295
5010
4120
4567
4122
4337
4990
4098
4217
4567
4795
4908
4891
5005
4604
4692
4402
4349
4503
4884
4659
4843
4737
4418
4483
4838
4838
4324
4413
4793
4167
4783
4696
4641
4382
4936
4233
4766
4582
5041
4978
5047
4442
4230
4442
4244
4550
4817
4167
4567
4257
4567
4322
4194
4567
4916
4898
4898
4567
4567
4593
4659
5018
4431
4567
4567
5081
4676
4539
4922
5059
5094
4919
4830
4396
4961
4781
4111
4672
4990
4482
4544
4906
4524
5028
4457
4599
4381
5030
4906
4223
4496
4145
5030
4786
4173
4272
4862
4562
4589
4942
4562
4482
4728
4562
4197
4943
4776
4918
5030
4587
4707
4836
5091
5013
4502
5013
4738
5117
4289
4612
4659
4103
5028
4197
4233
5030
4599
4592
4977
5042
4847
4106
4919
4173
4476
4253
5039
4908
4931
4424
4558
4586
4918
4483
4432
4836
4337
4171
5037
4484
4608
4829
4884
4442
4620
5079
4274
4484
4554
4776
4972
4917
4972
4371
4972
5040
4813
4606
4418
4843
4665
4589
4334
4414
4314
4150
4546
4171
4287
4869
4777
4245
4562
4939
4538
4774
4314
4242
4381
4210
5018
4786
4880
4134
4449
4859
4221
4567
4931
4171
5037
4414
4898
4487
4567
4983
4233
5011
4681
4370
4120
4215
4872
4778
5080
4103
4331
5066
4706
4488
4124
5023
4426
4283
4210
4883
4424
4567
4699
4370
4399
5010
4346
4496
5022
4370
4656
5079
4567
4132
4853
4919
4671
4620
4349
5116
4543
4305
4699
4567
4190
5045
4864
4599
4599
4567
4327
4137
4703
4414
4109
4126
5018
5094
5059
4927
4308
4262
4833
5039
4226
4381
4974
4268
4916
5096
4979
4702
5040
4852
4151
4353
4478
4412
4295
4346
4145
5045
4893
4445
4414
4620
4891
4135
4179
5020
4915
4305
4197
4187
4853
4117
4546
5050
4216
5050
5007
4784
4508
4117
4221
5068
4766
5039
4603
4233
4349
4349
4476
4240
4618
5026
4919
4671
4710
4744
4302
4786
4460
4230
4905
4971
4672
4706
5079
5050
4875
4618
4756
4151
5012
4478
4672
5094
4134
4546
4414
4971
5094
5030
4933
4599
4941
4791
5110
4822
4998
4119
4710
4455
4581
4414
4414
4720
5025
4414
4484
4305
4625
4625
4662
4834
4267
4283
4224
4272
4475
4820
4625
5094
4955
4934
4525
4743
4278
4601
4468
5036
5094
4539
4414
4972
4938
4680
4414
4861
5039
4539
4244
4853
4494
4283
4462
5005
4864
4773
4773
4914
4478
4482
4773
4929
4248
4987
4226
4563
4446
4722
4599
4132
4899
4195
4134
4999
5014
4337
4795
4446
4915
4678
4145
4342
4943
4197
4248
4542
4201
4821
4104
4327
4274
4821
4432
4971
4861
4862
5037
5009
4852
4219
4340
4812
4519
4843
5108
4130
5042
5042
4967
5025
4850
4852
4197
4431
4185
4096
4751
5050
5050
4374
4820
4274
4678
4955
4853
4593
4374
4955
4157
4739
4654
4983
4559
4606
4773
4386
4802
4102
4349
4557
4285
4765
4715
5048
4285
4379
4535
4891
4201
4817
4873
4101
4608
4201
4873
4855
4446
4389
4322
4601
4120
4240
4765
4662
4164
4355
4497
5078
4651
4989
4490
4608
5048
4197
5049
4285
4337
4873
4457
4535
4852
4906
4927
4457
4899
5011
5050
4875
4875
4120
4548
4988
4226
4503
4961
4432
4193
4744
4855
4604
4897
5024
4492
4482
4885
4571
4511
4313
4210
5011
4586
4646
4193
4876
5018
5011
4821
5058
4876
4510
4373
4307
4482
4227
4348
5031
4770
4227
4482
4646
4861
4219
5096
4908
4905
4692
4217
4860
4482
4546
4657
4481
4210
4358
4481
4431
4860
4702
4562
4720
4374
4562
4234
4468
4098
5095
4562
4861
4523
5112
4763
5112
4508
4481
4098
4755
5029
4508
4106
4593
4918
4945
4623
4478
4422
4826
4151
4421
4380
4598
5107
4434
4604
4508
4889
4098
4918
4737
4860
4661
4539
4998
4731
4474
4768
4560
4295
4114
4850
4872
5041
4843
4226
4337
4397
4873
4221
4961
4810
4973
4463
4508
4386
4793
4558
4898
4097
4562
4696
4666
4825
4641
4889
4469
4763
4942
4711
4384
4258
5079
4253
4126
5022
4384
4221
4374
4728
4508
4305
4971
4784
5095
5048
4770
4357
4373
4906
5099
5003
4966
4127
4845
4702
4562
4414
4657
4810
4175
4972
4210
4106
4960
4967
4127
4843
4864
4620
4414
4414
4791
4374
4445
4284
4696
4421
5082
4198
4283
4639
4201
