9217
9218
1012
668
668
482
482
947
128
579
784
593
493
35
681
113
435
983
419
507
888
489
36
411
670
577
1007
995
497
80
68
214
214
769
667
1010
72
36
500
671
478
749
749
612
612
964
214
34
419
612
1020
979
36
128
413
736
97
60
690
690
135
650
34
105
410
410
844
36
988
579
784
620
995
707
542
735
748
198
112
203
203
533
203
757
379
231
354
203
203
203
247
671
478
749
203
203
203
36
199
864
769
172
203
203
203
951
214
864
203
276
203
203
203
500
279
961
467
60
203
203
618
604
912
203
203
276
203
203
500
579
784
467
493
35
76
203
912
806
203
203
203
203
391
411
670
251
1007
326
542
550
21
776
214
354
203
203
203
203
951
671
478
749
667
457
612
964
549
549
805
612
931
203
36
95
413
736
97
60
690
835
21
912
912
203
74
203
203
36
988
579
579
620
1007
787
787
38
853
86
86
531
295
359
580
988
379
231
324
566
254
254
711
435
989
749
749
542
842
121
500
670
769
147
660
584
835
457
214
864
105
203
203
844
36
500
279
961
467
800
702
690
982
622
34
105
276
802
618
36
500
579
434
593
493
35
681
835
912
1006
410
410
618
142
36
411
670
895
1007
497
497
542
247
389
214
354
667
1010
72
167
547
671
478
749
749
612
612
964
419
549
805
612
931
867
36
128
413
736
97
60
690
16
531
650
34
105
410
531
844
36
988
579
895
620
995
707
542
68
748
198
112
203
203
533
203
757
379
231
354
203
80
203
340
671
478
749
203
203
203
36
199
864
769
172
203
203
203
951
214
864
203
203
203
203
203
500
279
961
467
60
203
203
203
214
34
203
203
203
203
391
500
579
784
467
493
35
76
647
748
34
203
203
657
203
203
988
670
864
1007
995
497
496
603
214
34
419
203
203
203
203
951
671
478
749
749
612
612
964
214
34
203
612
354
203
36
500
413
559
97
60
281
690
603
435
34
419
203
203
203
36
503
579
895
1007
995
787
787
38
214
34
86
531
805
359
580
988
379
231
324
566
254
254
36
671
478
749
749
749
848
842
500
670
769
582
660
584
113
212
214
864
769
758
203
203
36
500
279
961
467
728
504
690
295
214
34
105
618
410
222
36
500
579
147
593
493
35
681
113
435
34
419
410
888
534
9219
1371
1803
1803
1803
1371
1371
1928
1928
1928
1928
1371
1503
1427
1083
1209
1209
1674
1606
1606
1637
1637
1637
1209
1209
1209
1209
1315
1606
1606
1637
1637
1637
1209
1861
1674
1606
1606
1637
1637
2028
1209
1315
1315
1277
1179
1209
1315
1277
1680
1209
1315
1606
1832
1861
1277
1179
1067
1637
1209
1291
1832
1315
1179
1861
1714
1788
1067
1637
1209
1998
1832
1315
1179
1209
1714
1832
1067
1714
1788
1835
1637
1861
1945
1179
1209
1277
1832
1547
1714
1764
1315
1680
1209
1057
1637
1209
1279
1714
1179
1861
1277
1832
1861
1714
1832
1315
1714
1694
1188
1714
1743
1315
1714
1780
1315
1714
1780
2015
2017
1696
1694
1188
1720
1694
1188
1835
1780
1188
1835
1924
1694
1188
1331
1694
1188
1179
1780
1714
1179
1861
1694
1188
1331
1694
1981
1298
1759
1188
1835
1780
1368
1188
1924
1694
1188
1155
1694
1188
1155
1924
1547
1155
1924
1334
1981
1924
1653
1981
1155
1653
1981
1547
1924
1334
1547
1924
1334
1981
1924
1334
1981
1155
1924
1981
1995
1924
1334
1981
1924
1653
1981
1300
1653
1981
1232
1653
1748
1232
1924
2000
2023
1252
1748
2023
1252
1653
2023
1232
1371
1748
1628
1252
1748
1232
1252
1748
2023
1252
1454
1748
1252
1653
1748
1628
1252
1748
2023
1252
1748
2023
1252
1653
1748
1252
2041
1748
1371
1252
1748
1371
1252
1858
2023
2041
1858
1748
1454
1252
1748
1454
1252
1748
1454
2041
1858
1454
2043
1858
1454
1252
1858
1454
1858
1858
1900
2043
2041
1454
2043
1252
1748
1879
1252
1454
1454
2043
2041
1900
2043
2041
1900
1900
2041
2041
1900
1879
2041
1900
1762
2041
1900
1762
2041
1762
1900
2041
1762
1762
1762
1762
1762
1762
2041
1762
1762
2041
1762
1762
1762
1762
1432
1762
1762
1762
1762
1762
1762
1130
1762
1762
1762
2041
1762
1762
1762
1432
1762
1762
1762
1762
1762
1762
1762
1762
1762
1762
1762
1762
1762
1762
1432
1762
1432
1432
1432
1432
1432
1432
1762
1621
1621
1791
1545
1802
1110
1262
1689
1650
1802
1110
1110
1025
1660
1629
1802
1110
1191
1660
1837
1263
1110
1703
1436
1837
1263
1110
1262
1436
1837
1263
1110
1262
1436
1650
1629
1104
1262
1660
1650
1629
1110
1262
1025
1650
1503
1083
1930
1650
1629
1802
1262
1436
1650
1837
1110
1262
1705
1650
1629
1802
1110
1436
1660
1837
1832
1966
1666
1263
2032
1832
1703
1945
1982
1175
1966
1945
1703
1175
1175
1175
1703
1714
2006
1977
1526
1167
1160
2006
1083
1503
2010
1674
1660
1832
1263
1555
1861
2006
1832
1674
1637
1489
2006
1784
1209
1555
1832
1431
1837
1047
1067
1637
1660
1837
1996
1555
1705
1837
1837
1067
1167
1746
1660
1837
1263
1167
1167
2006
1977
1945
1104
1315
1637
1209
1606
1996
1489
1696
2006
1977
1104
1167
1892
2006
1977
1104
1167
1594
1660
1629
1215
1167
1262
1660
1977
1104
1110
1262
1660
1977
2015
1110
1262
1696
1650
1629
1110
1489
1714
1977
1675
1104
2046
1714
1047
1345
1047
2046
1083
1650
1791
1751
1689
1837
1263
1110
1167
1436
1660
1837
1802
1167
1746
1660
1837
1263
1110
1262
1436
1837
1802
1737
1489
1637
1341
1315
1047
1209
1315
1209
1861
1209
1930
1209
1263
1110
1262
1436
1650
1629
1104
1262
1696
1660
1629
1802
1110
1025
1660
1650
1802
1110
1262
1660
1650
1629
1110
1262
1436
1650
2015
1104
1167
1696
1977
1629
1263
1110
1892
1660
1837
1104
1167
1696
1977
1837
1104
1110
1594
1660
1629
1215
1110
1594
1660
1977
1791
1110
1262
1660
1650
1629
1104
1104
1167
1594
1696
1977
2015
1110
1262
1696
1977
2015
1104
1167
1696
1977
1977
1104
1167
1594
2005
1025
1696
1594
1160
1977
1345
2015
1248
1160
2035
1589
1547
1248
1160
1899
1977
1334
1104
1167
1899
1977
2015
1248
1167
1696
1650
1977
1104
1110
1696
1660
1977
1791
1110
1262
1696
1650
1629
1110
1262
1696
1650
1629
1110
1110
1262
1660
1629
1104
1110
1696
1660
1977
1104
1167
1155
1899
1345
1334
1248
1155
1899
1345
1248
1248
1155
1899
1345
1334
1248
1696
1899
1345
1334
1167
1160
1899
1345
1334
1104
1160
1696
1977
1334
1104
1167
1899
1977
1345
1104
1248
1160
1899
1345
1248
1248
1155
1515
1345
1723
1248
1155
1515
1456
1723
1628
1252
1456
9220
2508
2972
2462
2789
2501
2918
2607
2906
2789
2918
2419
2769
2482
2654
2970
2882
2440
2440
2440
2970
2970
2744
2508
2508
2918
2223
2918
2577
2215
2876
2508
2970
2918
2508
2508
2508
2876
2497
2751
2744
2731
2333
3038
2639
2970
2676
2862
2957
2639
2419
2440
2508
2577
2440
2440
2751
2440
2572
2126
2215
2126
2147
2965
2221
2130
2169
2199
2126
2060
2826
2126
2060
2906
2126
2130
2179
2484
2130
2482
2233
2126
2440
2584
2497
2130
2179
2746
2695
2060
2501
2126
2233
2521
2894
2620
2179
2894
2130
2060
2746
2126
2620
2746
2126
2620
2404
2153
2501
2914
2751
2482
2179
2751
3014
2060
2404
2393
2894
2215
2637
2607
2176
2637
2918
3038
2751
2462
2176
2724
2497
2913
2393
2324
2918
2913
2082
2386
2060
2404
2126
2894
2913
2054
2918
2918
2952
2130
2333
3038
2501
2918
2918
3014
2462
2920
2918
2215
2054
2914
2789
2060
2462
2430
2972
2906
2920
2607
2162
2972
2619
2419
2746
2215
2419
2484
2462
2215
2920
2724
2462
2913
2501
2972
2789
2484
2918
2972
2462
2920
2162
2462
2097
2567
2972
2411
2419
2990
2411
2333
2462
2947
2162
2990
2907
2162
2990
2462
2789
2985
2607
2789
2452
2990
2918
2419
2990
3038
2393
2619
2789
2419
2972
2462
2920
2333
2462
2789
2419
2972
2462
2789
2857
2972
2462
2985
2961
2567
2462
2789
2907
2462
2789
2961
2735
2985
2462
2419
2972
2694
2735
2162
2789
2961
2162
2889
2972
2985
2985
2972
2789
2985
2907
2789
2985
2907
2789
2985
2889
2462
2789
2419
2907
2789
2419
2972
2462
2789
2419
2813
2961
2889
2907
2566
2889
2907
2411
2961
2907
2411
2789
2566
2789
2961
2889
2789
2472
2472
2472
2472
2472
2472
2566
2961
2472
2472
2961
2472
2961
2985
2566
2472
2985
2472
2472
2985
2789
2472
2961
2985
2789
2472
2961
2472
2566
2985
2566
2592
2411
2985
2472
2566
2985
2889
2566
2592
2566
2566
2566
2566
2961
2472
2592
2472
2566
2566
2472
2566
2566
2472
2902
2440
2440
2440
2440
2440
2440
2440
2440
2440
2440
2440
2440
2440
2440
2440
2440
2440
2440
2440
2440
2440
2952
2440
2440
2970
2440
2434
2440
2440
2440
2440
2440
2440
2440
2440
2501
2440
2952
2440
2440
2440
2440
2771
2902
2171
2572
2499
2826
2902
2952
2786
2508
2639
2636
2902
2508
2581
2508
2508
2577
2862
2577
2902
2451
2440
2902
2970
2440
2440
2440
2508
2508
2440
2655
2060
2741
2824
2442
2875
2741
2952
2952
2192
2440
2440
2918
2918
2440
2508
2102
2246
2992
2508
2332
2970
2508
2347
2462
2332
2508
2952
2051
2607
2913
2150
2826
2581
2346
2215
2724
2661
2508
2970
3038
2572
2637
2440
2246
2440
2741
2530
2451
2440
2440
2440
2971
2451
2786
2333
2764
2393
2952
2717
2332
2508
2293
2423
2607
2215
2902
2293
2223
2462
2786
2333
2462
2971
2333
2826
2920
2637
2462
2440
2440
2462
2501
2440
2508
2612
2607
2751
2440
2484
2246
2440
2440
2440
2492
2773
2918
2354
2913
2952
2344
2632
2902
2215
2952
2771
2862
2440
2440
2440
2440
2970
2440
2440
2440
2440
2440
2440
2440
2440
2440
2440
2440
2440
2440
2440
2440
2440
2482
2882
2952
2100
2347
3043
3043
2054
2741
2952
2952
2238
2332
2482
2051
3003
2482
2920
2560
2560
2426
2426
2223
2970
2440
2744
2274
2560
2577
2440
2440
2952
2182
2440
2902
2223
2577
2581
2054
2532
2501
2501
2744
2419
2501
2482
2744
2726
2920
2482
2176
2912
2912
2726
2215
2918
2215
2901
2894
2398
2741
2440
2344
2054
2300
2054
2482
2952
2952
2215
2508
2741
2912
2501
2130
2771
2419
2751
2577
2920
3028
2332
2277
2918
2952
2607
2912
2741
2150
2636
2952
2661
2274
2918
2508
2862
2717
2619
2912
2918
2617
2952
2501
2918
2567
2501
2918
2215
2567
2952
2215
2918
2894
2751
2333
2894
2274
2637
2150
2824
2581
2952
2717
2150
2150
2577
2952
2649
2577
2741
2577
2661
2178
2639
2620
2764
2952
2508
2717
3069
3046
2581
2952
2126
2699
2920
2577
2925
2430
2333
2918
2918
2649
2694
2918
2918
2918
2649
2567
2918
2452
2918
2274
2918
2462
2314
2054
2411
2649
2332
2277
2952
2177
2771
2054
2277
2612
2577
2952
2879
2314
3069
2789
2411
2771
2789
2150
2952
2649
2717
2694
2889
2748
2694
2717
2567
2889
2748
2649
2990
9221
3406
3580
3526
3580
3965
3639
3849
3914
3914
3406
3783
3664
3322
3406
3406
3849
3604
3604
3086
3870
3970
3849
3953
3508
4048
3399
3259
3849
3993
3849
3839
3406
4045
3596
4045
3474
3849
3399
3849
3849
3849
3673
3839
3596
3859
3665
3913
3849
3406
3849
3452
3825
3849
3452
3705
3970
3345
3343
3997
3868
3849
3993
3924
3849
3580
3849
3849
3849
3665
3849
3849
3665
3727
3753
3849
3719
3849
3580
3849
3849
3849
3094
3217
3849
3474
3849
3665
3526
3812
3849
3849
3345
3868
3849
3545
3388
3947
3480
3849
3665
3719
3849
3665
3924
3849
3322
3665
3802
3849
3868
3383
3849
3868
3216
3665
3580
3914
3947
3826
3425
3719
3580
3849
3751
3849
3166
3685
4074
3545
3873
3628
3580
3873
3634
3580
3425
3665
3634
3322
3685
3423
3335
3914
3474
3480
3297
3545
3931
3914
3665
3639
3704
3237
3665
3914
3474
3802
3914
4042
4042
3665
3692
3914
3914
3802
3914
3914
3674
4088
3870
3997
3924
4088
3674
3914
3914
3893
3924
3474
3947
4091
3649
3094
3802
3914
3690
3596
3742
3839
3690
3914
3868
3690
3914
3914
4054
3940
3747
3673
3893
3924
3690
3914
3901
3904
3690
3727
3947
3690
3924
3901
3690
3940
3891
3924
3940
3802
3802
3940
3868
3924
3690
3901
3782
3698
3690
4008
3526
3690
3893
3914
3690
3891
3891
4088
4054
3802
3901
3764
3690
3901
3880
3893
4072
3690
3891
3704
3596
4079
3690
3940
4079
3690
3940
3674
3891
3901
3690
4042
3891
3690
3940
4072
3690
3940
4054
3674
3690
3891
4008
4008
3940
4008
4008
3893
3891
3858
3893
3891
3904
4061
4054
3904
3750
4054
3987
3858
4054
3940
3901
3690
3891
3690
3940
3891
3690
3940
3674
3690
4054
3858
3108
3108
3690
3891
3108
3893
4009
3858
3690
3750
3891
3858
3690
3891
4009
3690
3690
3108
3893
3690
3108
3108
3891
3891
3858
3750
3987
3858
3750
3108
3858
3858
3891
3750
3108
3858
3108
3108
3858
3858
3858
3858
3108
3858
3108
3858
3858
3858
3306
3906
3396
3997
3399
3622
3868
3772
3753
3345
3396
3305
3914
3873
3082
3082
3082
3446
3914
3671
3981
3849
3399
3236
3671
3373
3654
3914
3376
3383
3997
3845
3156
3305
3305
3423
3580
3715
3668
3914
3580
3305
3727
3399
3236
3233
3580
3580
3637
3474
3927
3927
3634
3256
3256
3847
3722
3559
3474
3447
3106
3399
3634
3256
3376
3345
4027
3709
3474
3677
3818
3430
4007
3552
3183
3406
3600
3938
3849
3242
3613
3343
3993
3442
3783
3352
3183
3293
3639
3834
3535
3668
3376
3870
3705
3709
3825
3399
3705
3609
3812
3580
3399
4007
3388
3580
3399
3993
3800
3106
3257
3849
3538
4048
3399
3849
3322
3676
3671
3844
3399
3257
3849
3423
3406
3634
3993
3947
3812
3849
3183
3849
3970
3849
3488
3345
4063
3849
3913
3586
3340
3849
3399
3868
3993
3849
3849
3993
3580
3399
3826
3183
3580
3722
3677
3870
3332
3474
3825
3849
3183
3825
3690
3183
3997
3865
3945
3406
3322
3673
3406
3377
3183
3924
4045
3309
3300
3815
3668
3322
3580
3193
3849
3082
3997
3753
3082
3259
3388
3899
3423
3406
4088
3305
3376
3309
4063
3654
3376
3668
3997
3870
3631
3491
3376
3619
4041
3399
3977
3345
3293
3970
3970
3947
3580
3399
3849
3406
3322
3719
3233
3580
3727
3868
3322
4048
3649
3322
4047
3947
3945
3453
3634
3870
3676
3855
3812
3345
4053
3815
3753
3619
3183
3580
3622
3322
3737
3849
4070
3970
3376
3739
3685
3685
4050
3870
3596
3970
3947
4024
3619
3555
4053
4053
3815
3526
3309
4063
3622
3668
3977
3183
3345
3873
4000
3134
3474
3668
3183
3474
3970
3753
3849
3634
3870
3257
3868
3259
3947
3654
3873
3668
3970
3899
3914
3870
3870
3259
3719
3783
3715
3859
3914
3870
3849
3970
3849
3545
3868
3596
3674
3940
3947
3868
4091
3825
3580
3947
3671
4019
3873
3257
3690
4042
3668
3997
3906
3870
3825
4042
3474
3945
3727
3947
3751
3665
3783
3675
3565
3236
3665
3826
3183
3631
3800
3183
3914
3535
3710
3914
3914
4042
3870
3674
3914
3914
3235
3981
4008
3690
3914
4008
3690
4072
3406
3383
4088
3106
3727
3940
4088
3698
3698
4008
3868
3406
4008
4042
3914
3868
3304
4088
3690
3914
3727
3406
4008
3987
3690
3777
3335
3987
3914
3674
4008
3751
3987
3987
3914
3904
3891
3893
9222
4927
5040
4318
5059
5097
4950
5110
4926
4318
4705
4175
4756
4891
4373
5040
5065
4305
5065
4589
5040
4319
4456
4177
4334
4893
4776
4305
4377
4955
4589
4177
4899
5040
5040
4636
4971
4636
4599
4250
4789
4861
4109
4285
4789
4776
5037
4318
4875
4522
4175
4457
4876
4145
4726
4457
4318
4726
4318
5031
4145
4313
4733
4177
5013
4861
4226
4921
4861
4801
4684
4875
4374
4177
4428
4861
5096
4452
4652
4751
4377
4334
4457
4318
4405
4318
4495
4145
4136
4318
4829
4289
4726
4452
5112
4151
4318
4143
4861
4829
4175
4289
5059
4608
4289
4313
4861
4893
4215
5075
4497
4109
4313
4621
4698
4861
4652
4318
4318
4574
4553
4318
4971
5075
4999
4684
4136
4540
4318
5038
4631
4699
4561
4977
4899
4136
4745
4305
4861
4497
4495
4318
5069
4892
4983
5050
4593
4483
4329
4561
4127
4283
4971
4795
4106
4926
4720
4109
4892
4318
4346
4215
4519
5089
4889
4926
5058
5059
4318
4318
4926
4318
4522
4318
4715
4175
5110
4950
4962
4318
4820
4715
4318
4318
4318
5059
4926
4889
4589
4318
4318
4340
4695
4318
4755
4852
4318
4318
4971
4460
4615
4305
4318
4589
4318
5059
5118
4926
4684
4318
4837
4170
5052
4926
4589
4318
4318
5058
4615
4318
4318
4318
4318
4962
4170
5052
4318
4962
5110
5052
5110
4962
5118
5015
5110
4589
5059
4860
5052
5059
4955
4962
4318
5058
5114
5052
5058
4955
5052
4589
5058
5110
5058
4955
4962
5058
4955
4589
5052
4950
4934
5052
4955
5114
5052
4926
5110
5058
4170
4170
4837
5052
4384
4305
5052
4934
4384
5052
5012
4934
4837
4926
4962
4769
4926
4962
4862
4926
5052
5015
4962
5052
5058
5015
5015
5058
4769
5052
5058
4926
4589
4837
4926
4589
4837
4962
4934
5114
4769
4589
4837
4837
4837
5052
5015
4305
5052
4589
5012
4305
5114
4837
4769
4589
4837
4837
5052
4769
4837
4837
4934
4589
4837
4837
5052
4962
5052
4769
4589
5052
4837
4589
5052
4837
4837
4837
4837
4837
4837
4589
4938
4177
5091
4528
4561
4893
5022
4565
4343
4519
4487
4473
4443
4733
4599
4655
4927
4737
4473
4540
4215
4950
4374
4737
4177
4554
4739
4554
4465
4715
4289
4997
4966
4829
4398
4904
4720
5090
4522
4759
4873
4487
5090
4866
4997
4604
5076
4157
4529
4403
5097
4423
4824
5056
4957
4935
5056
5097
4687
4487
4957
4363
5040
4861
5082
4296
4465
5040
5004
5082
5116
4733
4987
4452
4715
4540
4525
4177
4849
5097
4418
5098
4459
4175
4441
5037
4307
5025
4875
4465
4953
4473
4849
4733
4647
4899
4177
4733
4899
4177
4168
4177
4374
5072
4177
4899
5031
4337
4377
4177
4318
4461
4896
4105
4801
4614
4705
4845
4177
4639
4899
4177
4892
4733
4647
4177
4177
4285
4849
5022
4696
5022
4726
4789
4175
4579
4215
4477
4192
4720
4422
4893
4899
4318
4175
4377
5022
4177
4578
4340
4109
5098
4289
4574
4560
4318
4776
4939
4519
4105
4519
4861
5096
4600
4480
4343
4726
4599
4957
4961
5022
4239
4200
4739
4318
4893
4684
4770
4971
5068
4177
4177
4873
4977
4726
5099
4507
4927
4215
4428
4149
4177
4289
5074
4313
4766
4766
4896
4554
4861
5037
4179
4318
4302
5072
4331
4517
5096
5076
5022
4893
5017
4549
4560
4624
5040
4950
4647
4374
4838
4873
5099
4814
4892
4484
4334
4915
4987
4443
4177
4519
4923
5022
5022
5022
4519
4185
5022
4177
5040
4398
4540
4560
5096
4987
5059
4202
4168
4177
4502
4696
4285
4776
4579
4699
4926
5040
4260
4121
4482
4624
5082
4480
4927
4318
4318
4776
4113
4318
4519
4853
4893
4215
4776
4177
4937
4919
4267
4893
4767
5045
4829
4885
4161
4443
4899
4835
5112
4861
5059
4899
4600
5037
4849
4377
4814
5112
4574
4927
4305
4969
5026
4739
4624
4875
4969
5059
4860
4931
4938
4318
4119
4950
4384
4950
4893
4695
4507
4318
4838
4168
5022
4398
4849
4296
4636
4554
4615
5059
4215
4305
4733
4835
4175
4861
4843
4733
4715
4589
4215
4377
4754
4176
4305
4215
4226
4776
4175
4766
4522
4971
4318
4770
4215
5094
4589
5059
4830
4962
5052
4861
5059
4318
4589
4522
4615
4318
5094
4318
4318
4786
5089
4318
5097
4858
5112
5089
4305
4789
5059
5018
4589
5040
4305
4318
4318
4170
5059
4318
4589
4318
4318
4589
4873
4384
4615
4589
4318
5096
5096
4927
4132
