9217
9218
306
452
923
434
613
137
832
20
857
857
134
365
433
167
555
578
698
698
634
634
634
75
75
966
75
365
647
664
265
434
778
425
832
832
857
71
433
71
619
81
543
71
433
71
433
433
433
81
433
461
81
788
788
128
607
434
778
425
832
832
857
857
857
657
433
433
543
224
71
433
81
433
433
71
433
788
788
190
923
925
778
778
832
832
857
857
857
71
507
611
507
543
224
71
440
93
71
93
93
125
93
788
179
128
607
434
778
1011
832
832
857
857
857
507
372
507
543
507
507
43
54
461
43
43
93
372
788
43
109
128
607
434
778
832
832
832
857
857
857
507
507
507
543
507
624
624
624
624
624
43
54
624
43
179
765
607
434
778
1011
832
832
857
857
857
142
179
722
199
698
698
634
634
634
634
75
634
249
249
391
765
555
170
778
778
832
835
553
857
197
790
197
790
543
543
507
619
507
507
979
372
43
43
43
179
765
923
434
778
1011
832
832
152
857
857
531
507
507
543
543
372
43
461
43
43
43
43
43
43
43
179
128
607
434
778
1011
832
832
857
857
857
24
507
507
543
224
507
43
54
43
43
43
43
618
43
43
179
429
265
434
778
1011
832
832
152
857
857
507
179
69
578
682
698
698
634
634
75
75
75
539
80
638
409
737
265
434
778
425
832
832
152
857
443
901
507
387
224
224
507
507
43
43
507
43
43
43
43
531
765
923
434
778
1011
832
832
152
857
857
142
179
555
578
682
698
698
634
634
634
75
75
901
507
507
109
429
236
434
778
1011
832
832
152
857
857
507
507
507
543
224
507
507
43
507
531
43
372
43
43
179
765
607
434
778
1011
832
832
152
857
461
507
507
507
543
224
71
507
43
71
140
93
29
93
735
788
19
923
434
778
778
832
832
857
857
857
735
134
735
433
227
134
735
29
134
134
134
990
375
257
990
990
850
737
236
434
778
137
832
20
857
857
889
134
257
134
257
785
149
134
375
375
375
375
990
134
134
263
598
262
613
137
832
20
889
857
149
827
375
501
149
785
149
134
257
827
375
990
375
827
461
990
375
691
265
434
613
255
832
20
149
857
134
134
134
121
722
578
698
698
634
20
75
75
75
75
130
130
850
128
590
778
425
832
20
684
684
857
684
134
134
134
906
9219
1287
1481
1931
1626
1755
1955
1801
1523
2046
2032
1807
1867
1690
1287
1815
2032
1481
1481
2046
1991
1764
1583
1931
1635
1651
1801
1519
1519
1703
1947
1216
1925
1519
1519
1947
1949
1831
1857
1426
1857
1597
1635
1813
1867
1857
2001
1764
1764
1287
1287
1896
1287
2001
1287
2006
1759
1759
1759
1759
1857
1519
1161
1925
1867
1588
1588
1588
1588
1589
1216
1216
1291
1764
1764
1764
1764
1764
1287
1287
1813
1867
1287
1801
1801
1857
1759
1759
1759
1759
1815
1519
1815
1588
1588
1588
1588
1588
1519
1516
1975
1626
1626
1764
1764
1764
1764
1764
1813
1896
1896
1857
1896
1867
2001
1896
1759
1519
1161
1161
1815
1867
2001
1583
1815
1588
1588
1216
1857
1857
1764
1764
1764
1764
1764
1764
1764
1764
1669
1047
1287
1287
1287
1759
1759
1759
1759
1759
1759
1426
1759
1815
1982
1588
1815
1588
1521
1664
1664
1788
1764
1764
1764
1764
1764
1764
1764
1807
1287
1519
1519
1287
1925
1867
1759
2003
1626
1365
1610
1867
1857
1519
1519
1565
1565
1788
1788
1664
1664
1519
1764
1764
1764
1764
1764
1764
1813
2028
1867
1867
1857
1519
1801
1801
1759
1759
1759
1759
1759
1815
1815
1815
1815
1815
1396
1669
1788
1940
1664
1936
1764
1764
1764
1764
1982
1764
1936
1940
1982
1287
1287
1867
1410
1755
1982
1759
1564
1857
1759
1519
1564
1788
1925
1857
1905
1519
1519
1664
1664
1788
1764
1764
1764
1838
1764
1936
1813
1523
1857
2032
1896
1216
1610
1857
1759
1759
1610
1759
1161
1815
1161
1161
2006
2046
1925
1764
1714
1519
1914
1635
1857
1094
1925
1519
1857
1925
1759
1287
1955
1764
1982
1857
1635
1940
1925
1882
1993
1759
1759
1896
1287
1287
1764
1925
1857
1867
1925
1588
1867
1931
1896
1857
1047
1857
1764
1764
1519
1788
1925
1519
1815
1759
1815
1759
1801
1882
1857
1564
1764
1626
1564
1626
1565
1216
1610
1896
1759
1523
1813
1216
1764
1764
1664
1690
1857
1519
1161
1867
1896
2032
1764
1287
1764
1764
2035
1664
1519
1565
1857
1993
1896
1896
1519
1764
1764
1982
1940
1396
1664
1216
1565
1857
1759
1857
2032
1216
1287
1519
1764
1764
1925
1867
1857
1788
1161
1626
1703
1896
2032
1690
1764
1690
1925
2035
2001
1949
1759
1759
1955
1896
1287
1813
1583
1764
1764
1755
1565
1209
1815
1993
1759
1759
1896
1764
1764
1764
1857
1669
1519
1588
1519
1993
1583
1882
1857
2032
1519
1764
1690
1867
1857
1519
1519
1949
2035
2006
1481
1914
1759
2032
1764
1788
1940
1982
2045
1896
1519
1947
1966
1857
1867
2032
2032
1857
1945
1936
1216
1788
1519
1764
1925
1940
1982
1519
1949
2008
2028
1867
2032
1982
1519
1931
2028
1857
1867
1857
1815
1519
1519
1519
1690
1813
1788
1626
1519
1925
1216
1982
1764
1216
1896
2032
1886
2006
1867
1857
2032
1519
1925
1940
1896
1966
1982
1588
1664
1788
1216
1788
1788
1838
1764
1764
1764
1764
1703
1764
1896
1857
1287
1940
1982
1801
1519
1669
1925
1759
1759
1759
1798
1857
1949
1209
1925
1588
1588
1519
1519
1925
1664
1460
1764
1936
1764
1636
1764
1925
1287
1857
1287
1801
1925
1857
1759
1759
1759
1759
1519
1635
1635
1396
1565
1565
1519
1635
1788
1788
1867
1764
1764
1764
1764
1764
1764
1764
1764
1764
1287
1813
1896
1896
1519
1857
1759
1759
1759
1857
1815
1815
1815
1857
1588
1588
1588
1857
1914
1788
1396
1936
1764
1764
1764
1764
1764
1764
1764
1982
1857
1966
1955
1925
1216
2006
1759
1610
1759
1652
1161
1815
1815
1519
1788
1788
1588
1788
1523
1788
2028
1764
1764
1764
1764
1764
1764
1813
1813
1813
1896
1287
1626
1867
1759
1759
1759
1759
1759
1982
1815
1216
1216
1815
1047
1588
1788
1788
1664
1664
1764
1764
1764
1764
1764
1764
1764
1764
1287
1287
1287
2032
1945
1519
1759
1867
1564
2024
1610
1626
1161
1982
1635
1982
1982
1788
1664
1788
1564
1664
1764
1764
1764
1764
1764
1813
1354
2032
1982
1940
1801
2006
1925
1857
1759
1759
1759
1968
1610
1759
1743
1815
1815
1857
1583
1565
1664
2028
1982
1764
2028
1636
1764
1764
1764
1764
1764
2032
1287
1287
1287
1287
1801
1218
1392
1925
1759
1759
1857
1955
1047
1764
1519
1886
1481
1636
2046
1949
1815
1759
1857
1949
1801
1813
1764
1523
9220
2882
2941
2276
2815
3041
2986
2936
2907
2944
2989
2412
2185
2765
2957
2452
2941
2788
2887
2990
2253
2944
2649
2412
3055
2350
2192
2735
2350
2651
3044
2942
2868
2735
3009
2766
2928
2434
2350
2868
2848
2514
2454
2407
2714
2830
2133
2944
2944
2564
2119
2184
3050
2097
2697
2531
2320
2579
2874
2945
2130
2130
2738
2470
2350
3050
2470
2253
2936
3066
2274
2907
3035
2489
3017
2212
2944
2701
2830
2119
2942
2788
2123
2536
3017
2097
2928
2820
2260
2928
2646
2549
2877
2802
2464
2868
2119
2944
2869
2905
3034
2907
2907
2470
3055
2510
2575
2904
2851
2730
2089
2567
2677
2148
3062
2933
2567
2613
2567
2936
2579
2591
2949
2949
2567
2577
2567
2869
2869
2567
2119
2613
2260
2233
2844
2260
2928
2944
2788
2269
2613
2936
2567
2567
2470
2352
2830
2470
2352
2130
2470
2253
2949
2862
2489
2815
2937
3071
2544
2800
2421
2818
3008
2161
2851
2320
2411
2874
2735
2746
2788
2884
2165
2097
2818
2936
2791
2638
2946
2130
2105
2105
2105
2096
2267
3055
2942
2868
3029
2907
2567
2567
2567
2848
2905
2944
2320
2791
2119
2148
2829
2128
2877
2579
2802
2567
3071
2278
2802
2128
2600
2567
2874
2945
2944
2434
2877
2942
2608
2860
3014
2462
2451
2188
2601
2753
2484
2484
2788
2333
2820
3000
2968
2697
2097
2820
2130
2820
2552
2105
2949
2568
2776
2105
2105
2226
3066
2815
2564
2393
2833
3050
2978
2084
2121
2224
3041
2788
2829
2119
3055
2097
2544
2791
2567
2567
2267
2133
3041
2787
2064
2635
2635
2165
3008
2421
2165
3009
2557
2907
2907
2801
2700
2818
2985
2717
2627
3043
2459
2875
2453
2804
2506
2801
2186
2882
2307
2561
2935
2882
2877
2968
2267
2162
3066
2649
2350
2697
2791
2691
2095
2097
2937
2829
2133
2800
2813
2307
3022
2119
2936
3009
2450
2470
2936
2788
2788
2397
2561
2434
3066
2245
2307
2350
3023
2887
2121
2567
2868
2788
2544
2770
2770
2869
2350
2350
2848
2792
2792
2818
2735
2564
2419
2452
2869
2928
2350
2714
2350
2411
2063
2063
2097
2090
2856
2693
3042
2869
2925
2350
2300
2613
2111
2567
2097
2788
2945
2567
2944
2830
2869
2801
2350
2088
2390
3009
2219
2564
2746
3009
2346
3009
2890
2869
2869
2232
2119
2057
2411
2800
3012
2724
2781
2724
2225
2419
2230
2232
2874
2347
2820
2820
2830
2224
2972
2226
2820
2462
2942
2936
2350
2791
2329
2850
2946
2350
2905
2920
2535
2246
2868
3035
2800
2788
2869
2511
2945
3055
2944
2390
2813
3044
2748
3071
2801
2079
2800
2567
2434
2466
2649
2753
2119
2944
2333
2770
2789
2800
2818
2591
2907
2985
2940
2907
2332
2746
2224
3041
2868
2859
2421
2588
3000
2088
2989
2484
2874
2936
2788
2619
2564
2815
3035
2119
2191
2567
2350
2525
2800
3047
2130
3008
2119
2224
2148
2735
2818
2800
3028
2905
3055
2820
2949
2946
2403
2649
2869
2470
2907
2230
2464
2968
2233
2567
2830
2246
2788
2788
2591
2746
2097
2791
2097
2360
2691
2579
2791
2333
2567
2697
2462
2147
2147
2789
2945
2938
2567
2869
2489
2133
2333
3007
3050
3065
2818
2788
2874
2874
2119
2944
2944
2880
2830
2942
3035
2945
2986
2433
2535
2546
2307
3055
2186
2321
2091
2333
2869
2945
2944
3028
2579
3035
2942
2945
2097
3035
2564
2478
2165
3041
3035
2985
2851
3050
2735
2986
2830
2567
2818
2105
2730
3017
3050
2869
2869
2119
2907
2957
2557
2567
2434
3008
2501
2913
2613
2544
2567
2567
2862
2567
2097
2501
2567
2608
2434
2352
3044
2248
2990
2535
2421
2350
2567
3017
2869
2115
3055
3055
3055
2119
2968
3039
2791
2882
2968
3017
2677
2333
2638
2097
2567
2567
3035
2820
2462
2989
3008
2350
2350
2628
2232
2820
2820
2789
2815
3000
2905
2691
2942
3000
2818
2243
2800
2568
2133
2333
2800
2811
2989
2097
3008
2568
2126
2463
2544
2089
2818
2105
2130
2147
2501
2226
2544
2421
2869
2333
2971
2826
2119
2567
2552
2307
2567
2514
2883
2491
2990
2776
2550
2206
2818
3055
3055
2985
3055
2874
2544
2510
2248
2350
2350
2162
2989
2421
2801
2350
3035
2956
2119
3035
2791
3055
2608
2788
3055
2912
3009
2270
2789
3012
2638
2463
2344
2552
2313
2347
2399
2672
3055
2837
2813
2859
3035
2119
2170
2735
2985
2097
3065
2388
2946
2135
9221
3682
3504
4055
3662
3950
3879
3231
3504
3307
3530
3358
3997
4022
4072
3413
3530
3719
3810
4090
3437
3810
3933
3504
3504
3504
3935
3810
3078
3437
3934
3270
3880
4039
3910
3934
3660
3307
3251
3654
3891
3952
4084
3796
3623
3238
3925
3623
3251
3810
4065
3340
3567
3933
3699
3470
3521
3881
3600
3109
3805
3300
3109
3094
3890
3810
3681
3869
3810
4005
3887
3890
3719
4074
3409
3369
3884
3514
3307
3772
3437
3810
3232
3111
3623
3672
3313
3623
3869
3935
3903
3526
3916
3352
3327
3244
3327
3950
4072
3101
3354
3082
3618
3797
3928
3354
3354
3809
3389
3810
3532
3900
3810
3115
3620
3995
3633
3347
3681
3109
3928
3995
3890
3620
3413
3450
4091
3869
3109
3401
3890
3810
3890
3925
3673
3242
3436
3623
3251
3419
4065
3585
3623
3251
3681
3398
3585
3925
3403
3603
3094
3335
3681
3109
3764
3398
3600
3883
3348
3747
3565
3929
3647
4039
3554
3851
3424
3810
3409
3876
3950
3166
3585
3623
3251
3348
3623
3868
3115
3797
4043
3797
3869
3554
3834
3890
4082
3995
3623
4056
3644
3605
3928
3393
3890
3928
3909
3522
3585
3929
3890
3422
3654
3368
3413
3935
4082
4024
3259
3919
3977
3890
3890
4042
3094
3094
4079
3401
3694
3401
3843
3428
3315
3870
4024
3226
3530
3668
3375
3896
3242
3704
3256
3600
3259
3522
3585
4038
3183
4039
3644
3777
3880
3901
3310
3682
3950
3940
3940
3292
3870
3987
3413
3554
3260
4030
3409
3694
3927
4030
3928
3437
3437
3933
3409
3810
3109
3974
4039
4074
3736
3297
3111
3719
3855
3870
3585
4042
3413
3607
4005
3623
3976
3526
3918
3966
3652
3088
3352
3283
3933
4090
3764
3202
3307
3862
3676
3437
3603
3389
3557
3094
3845
3398
3573
3539
3602
3928
3719
3810
3966
3859
3623
3530
3824
3623
4084
3933
4084
3880
3398
4055
3603
3896
3704
3776
3530
3104
3935
3313
3672
3141
3450
3596
3166
3377
3732
3704
3621
3933
3284
3928
3843
3815
3179
3688
3447
3867
3498
3383
3690
3621
3910
3498
3413
3166
3623
3133
3413
3933
3530
3478
3623
3179
3095
3325
3891
3938
3504
3292
3348
4074
3951
3831
3431
3660
3764
3467
3950
4093
3259
3995
3739
4038
3530
3333
3966
3967
3603
3467
3437
3924
3639
3133
3724
3325
3682
3094
3831
3585
3281
3539
3935
3380
3815
3401
3201
4035
4039
4053
3254
4053
3987
3719
3719
3890
3933
3437
3133
3133
3890
3179
3987
3967
3437
3437
3296
3133
3542
3763
3928
3872
3964
3437
3728
4079
4004
3974
3675
3955
3950
3964
3506
3739
3133
3478
4091
3893
3095
3719
3437
3764
3430
3783
3133
3369
4045
3876
3413
3660
3764
3098
3781
3763
3950
3176
3449
3976
3437
4052
3719
3365
3652
3325
3673
3498
3712
3437
3437
3333
3880
3198
3260
3993
3424
4056
3333
4091
4091
3887
3555
3305
3305
3437
3869
3802
3133
3987
4042
3449
3967
3585
3974
3810
4038
3876
3934
3887
3974
3737
3373
4088
3618
3673
3467
3491
3373
4088
3706
3078
3694
4088
3522
3985
3171
3530
3310
3595
3743
3719
3259
3870
3406
3884
3797
3940
3080
3661
3111
4077
3632
3891
3928
3600
3419
3690
3719
3704
3699
3704
3704
3166
3270
3890
3437
3437
3437
3320
4077
3100
3354
3934
3797
3495
3772
3581
3600
3880
3354
3354
3492
4079
3935
3824
3951
3633
3618
3514
3231
3869
3704
3652
3447
3200
3810
3514
3952
3747
4088
4013
3409
3115
3928
4072
3719
3542
3869
3600
3535
3600
3940
3719
4039
3810
3633
3704
3477
3419
3156
3704
3109
3689
3810
3931
3388
3504
3796
3904
3413
3810
4072
3621
3674
3581
3719
3887
3825
3880
3166
3901
3623
3577
3623
3639
3198
3581
3585
3600
3600
3498
3843
3498
3447
3843
3398
3530
3585
3388
3530
3900
3237
3530
3682
3951
4082
3949
3585
3893
3674
3987
3398
3940
3320
3940
3307
3896
3585
3623
3447
3447
3623
3966
3810
3447
3466
3526
3504
3552
3950
3719
3094
3581
3647
3893
3504
3851
3618
3674
3873
3447
3107
3810
3608
3292
3797
4030
3398
4077
3095
3547
3753
3623
3251
3307
3623
3585
3950
3403
3783
3398
3719
3674
3133
3924
3736
3950
3723
3929
3810
3585
4053
3951
3674
3674
3843
3751
3778
3787
3715
3512
3505
3603
3810
3760
3987
3901
3804
3351
3437
3585
3890
3251
3929
3623
3952
3097
3623
3719
4053
3100
3402
3704
9222
5112
4439
5028
4117
4305
4612
4935
4862
4983
4768
4972
5094
4351
4601
5042
4615
5018
4202
4397
4621
4533
4872
4255
4349
4985
4961
4592
4443
4826
4443
5022
4456
4673
4251
5065
4960
4505
4679
4505
4170
4739
4149
4166
4830
4845
4810
4884
5006
5056
4845
4678
4629
4620
4983
4921
4351
4839
4997
4771
4546
4972
5043
4681
4681
5079
4620
5090
5058
4845
4296
4862
5107
4817
4665
4481
4846
5026
4296
4185
4639
4732
4687
4845
4414
4397
4914
5046
5089
5103
4610
4487
4487
4153
4526
4961
4593
4872
4830
4845
5009
4559
4861
4103
4810
4745
4745
5103
4634
4487
4906
5075
5089
5103
4522
4909
4175
4684
4961
4414
4194
4813
5103
4866
4460
4540
4298
4747
5077
4200
4864
4739
4096
5095
5059
4715
4745
4189
5031
4196
4132
4845
5107
4260
4323
4315
4304
4845
4875
4384
4132
4899
4498
4931
4194
4845
4950
4783
4620
5108
4864
4559
4119
4985
4961
4900
4549
4899
4977
4192
4111
4845
4132
4980
4672
5056
4991
5033
4845
4532
4203
4663
5056
4211
4965
4346
4977
4234
4881
4366
4845
4629
4465
4511
5020
4845
4881
5075
4806
4763
4800
4918
4844
4715
4194
4845
5089
5029
4200
4961
4374
4998
4184
4965
5112
4948
4415
4254
4953
5089
5029
4636
4771
4559
5024
4843
5003
4961
4296
5089
4106
4715
4457
4136
4629
5025
4829
4210
4145
4706
4899
4200
5108
4119
4195
4927
5029
4502
5056
4539
4971
4539
4732
4750
4260
4636
4396
5090
4971
4396
4678
4961
5042
4733
4854
4763
4445
5022
4715
4799
4624
4168
4624
4414
4407
4957
4184
5056
4631
4170
4961
4950
4121
4799
4799
4305
5039
4916
4782
4760
4869
4633
4650
4589
4650
4539
4370
4926
4921
5038
4660
4957
4364
4843
5079
4889
4739
5099
5079
4429
4972
4175
4508
4099
4733
4351
5059
4977
4977
4705
4705
5056
4424
5010
4961
4843
4215
4524
4856
4384
4961
4267
4540
4961
4150
4455
4338
4197
4339
4508
5059
4393
4431
4335
4820
4487
4636
4999
4833
4673
4376
4106
4835
5096
4184
4858
5046
4184
4175
4924
4928
4629
4629
4972
4819
4505
4526
4334
4613
4722
4659
4711
4866
4960
4900
5059
5040
4560
5094
4250
4629
4345
4346
4274
4788
4494
5110
4906
4624
5047
4320
4501
4705
4539
4673
4624
4629
4629
4950
4119
4560
5041
4640
4673
4629
5068
4919
4924
4924
4460
4501
4659
4673
4456
5079
4822
4751
4782
4608
5026
4376
4164
4260
4526
4825
5026
4933
4305
4589
4150
4349
4203
4629
4418
5077
4351
4136
4784
4745
4906
4961
4859
4119
4505
4305
4305
5114
4843
4629
4839
4201
4925
4436
4673
4615
4379
4201
4866
5077
4960
4654
4494
4431
4601
4985
4487
5079
4820
4861
4739
5112
4549
4673
4519
5042
5079
4629
4983
4554
5049
4899
4456
4103
4629
5081
4416
4296
4891
5074
4484
4738
4660
4889
4738
4615
4755
4533
4605
4611
4983
4741
4983
4853
5089
5031
4786
4673
4611
4620
4629
4150
4839
4927
4869
4119
5089
4921
4919
4119
4955
4505
4457
5049
4846
4759
4456
4608
5089
4810
4151
4681
5087
4106
4731
4305
4236
4656
4789
4845
4583
4980
5103
4786
5001
5040
4099
4948
4856
4763
4763
4456
4680
4554
4175
4755
5040
5040
4302
4953
4164
4656
4230
4852
4524
4111
4329
4845
4145
4924
5094
4874
5027
4985
5114
4731
4274
4985
5026
4985
4629
4681
4733
4766
4175
4846
4861
5114
4899
5087
4961
4684
4133
4884
4456
4950
4360
5012
4122
5112
4593
4136
4919
4961
5103
4105
5089
4733
4473
4334
4948
5018
4254
4839
4737
4526
4933
4985
4965
4961
4934
4810
4829
4653
4844
4961
4527
5090
4845
4636
4287
4431
4953
4145
4494
4414
4145
4949
4983
4197
4460
4843
4843
4985
4845
5056
4900
4873
4881
4893
4972
4411
4859
4215
4983
4810
4678
5009
4143
4132
4845
4184
5108
4733
4845
4977
4845
4175
4921
4184
4648
4717
4305
4965
4782
4839
4613
4845
4906
5094
5095
4830
5077
4321
4194
5094
4308
5009
4455
4606
4972
4318
4948
4175
5010
4266
4628
4527
4678
4971
4845
4748
4460
5011
5095
4612
4608
5056
4539
4477
4629
4707
4556
4921
4567
4921
4411
5103
4619
4858
4170
4732
5094
4305
4549
4145
4654
4567
4400
4801
4620
4414
4681
4403
4120
4783
4935
4609
4145
4751
4786
4456
4864
4755
4864
4539
4620
4891
4458
4360
4900
4961
4165
