9217
9218
306
315
441
993
1007
44
758
482
748
482
514
482
482
482
489
563
389
441
807
867
489
982
579
831
784
809
758
496
489
575
287
588
277
743
917
917
281
196
834
410
1016
410
410
410
771
441
807
913
12
12
1007
525
831
784
809
454
957
1016
21
563
241
118
84
495
132
626
15
834
314
314
495
495
132
984
132
984
132
314
12
944
575
418
479
115
984
132
984
132
253
287
450
421
12
877
182
182
196
182
182
31
314
314
495
132
984
132
984
132
132
12
944
391
118
831
784
1004
495
132
626
132
575
70
886
277
743
917
1016
196
834
314
495
132
626
132
626
132
389
12
626
441
807
626
664
418
831
944
626
626
441
807
944
771
118
450
495
743
917
626
912
626
214
22
626
132
441
807
944
547
287
886
355
917
547
450
831
944
743
917
626
1006
1006
553
626
441
12
964
626
132
626
84
444
354
626
441
12
964
626
575
450
32
756
743
917
917
951
214
495
626
626
441
807
964
626
389
441
174
725
829
401
287
277
743
728
743
957
626
1006
1006
626
626
441
807
964
489
771
525
831
479
419
626
489
1016
771
547
287
588
467
743
917
16
957
84
444
1016
410
410
1016
410
959
495
626
12
626
12
314
495
118
831
944
28
626
132
314
314
495
589
441
12
944
28
626
84
834
132
626
132
626
132
132
626
441
441
944
132
626
441
831
784
944
132
132
626
248
314
547
588
495
132
626
132
15
196
626
132
626
132
626
132
314
984
441
12
944
132
984
525
831
479
419
984
132
984
132
132
984
450
779
960
984
957
984
776
984
132
984
132
984
132
984
287
32
588
743
917
743
917
418
831
495
132
626
132
626
391
401
588
277
756
743
917
743
957
626
410
314
410
1016
410
740
852
389
441
807
867
489
409
565
831
784
1004
454
248
489
842
452
450
588
277
743
917
917
740
912
912
619
410
410
241
547
287
588
277
756
743
917
504
418
831
105
563
410
1016
410
1016
410
389
441
807
867
563
525
12
495
944
626
132
626
132
575
287
588
277
743
917
743
314
959
84
984
410
984
132
984
132
195
441
12
964
944
758
626
196
626
132
626
132
626
132
626
776
314
132
495
132
984
984
715
831
479
809
984
132
984
132
984
441
993
944
646
944
646
600
217
984
132
984
132
1006
984
906
9219
1755
1755
1755
1555
1929
1270
1161
2003
1410
1755
1638
1755
1764
1410
1664
1755
1059
1755
1931
1931
2046
1557
1557
1755
1764
2035
1755
1583
1755
1392
1457
1557
1700
1581
1878
1535
1403
1354
1801
2028
1700
1557
1755
1931
2035
1635
1217
1664
1521
1860
1521
1392
1392
1392
1457
1755
1280
1354
2003
1664
1521
1931
1788
1652
1659
1659
1175
1659
1557
1597
1583
1521
1626
1626
1564
1161
1626
1626
1070
1535
1218
1920
2003
1557
1896
1931
1659
1896
1460
1755
1764
1764
1755
1896
1559
1586
1814
1874
1915
1424
1424
1346
1188
1059
1567
1887
1840
1678
1828
1681
1307
1712
1372
1479
1828
1409
1210
1258
1307
1967
1948
1258
1681
1339
1840
1989
2026
1484
1518
1967
1948
1258
1518
1325
1325
1325
1072
1933
1806
1325
1390
1341
1612
1806
1980
1081
1754
1536
1621
1604
1737
1211
1640
1576
1472
1436
1258
1728
1210
1258
1728
1210
1258
1518
1967
2045
1307
1967
1210
1258
1989
1516
1123
2031
1372
1828
1712
1779
1681
1480
1243
1243
1094
1331
1410
1410
1594
1896
1896
1392
1925
1635
1025
1689
1557
1870
1604
1555
1996
1996
1597
1597
2006
2006
1812
1812
1263
1996
1996
1996
1597
1583
1583
1583
1798
1191
1191
1392
1110
1392
1996
1583
1583
1940
2032
1996
1905
1931
1867
1784
1576
1681
1178
1980
1612
1860
2024
1751
1860
1969
1448
1867
1587
1210
1867
1587
1973
1448
1862
1789
1448
1635
1743
1689
1769
1780
1560
1661
2045
1839
1560
1644
1975
1739
1784
1455
1217
1584
1666
1635
1800
1950
1597
1610
2032
1455
1597
1610
1583
1597
1896
2032
1263
1354
1947
1664
1403
2008
1985
1610
1583
1597
1846
1564
1666
1666
1857
1635
1522
1146
1664
1602
1860
1860
1583
1860
1290
1191
1576
1814
1193
1307
1828
1996
1838
1604
1409
1728
2045
1409
1837
1631
1854
1681
1764
1392
1565
2003
1734
1107
1323
1323
1467
2031
2031
1307
2031
1953
1636
1980
1612
1862
2024
1564
1806
1636
1980
1812
1403
2003
1815
1798
1581
1029
1231
1535
1284
1287
1696
1652
1815
1521
1557
1755
1896
1558
1743
1581
1327
1367
1696
1896
1896
1896
1896
1851
1638
1581
2003
1188
1813
1410
1457
1392
1284
1410
1652
1659
1406
1667
1967
1307
1193
1681
1409
1828
1862
1973
1178
1980
1980
1776
1576
2024
1269
1751
1806
1806
1178
1800
2003
1270
1455
1455
1984
1597
1963
1683
1424
1081
1469
1567
1838
1174
1597
1935
1846
1348
1424
1936
1982
1081
1820
1963
1455
1455
1982
1081
1535
1365
1936
1982
2032
1868
1259
1297
1753
1877
1297
1263
1838
1610
1250
1838
1824
1993
1516
1489
1105
1962
1548
1528
1528
1479
1779
1779
1779
1106
1393
1647
1528
1528
1647
1372
1779
1779
1610
1243
1948
1472
1532
1967
1307
1926
1472
1258
1210
1942
1484
1552
1576
1734
1472
1258
1552
1518
1926
1472
1258
1967
1518
1484
1518
1210
1840
1472
1948
1258
1472
1210
1258
1852
1484
1518
1210
1307
1967
1484
1681
1210
1258
1967
1484
1728
1210
1921
1472
1980
1576
1472
1948
1258
1472
1636
1641
1028
1548
1691
1372
1307
1409
1409
1860
1838
1828
1830
1669
1802
1677
1367
1739
1782
1841
1993
1812
1993
1993
1403
1846
1410
1993
1666
1915
1161
1057
1666
1597
1597
1950
1583
1597
1947
1812
1666
1597
1947
1955
1457
1896
1931
1631
1268
1367
1545
1056
1581
1993
1996
2003
1780
1564
1867
1652
1557
1846
1521
1743
1664
1521
1392
1788
1659
1664
1159
1029
1418
1410
1743
1354
1652
1664
1700
1743
1457
1158
1217
1407
1231
1037
1392
1059
1392
1059
1635
1743
1110
1367
1029
1743
1521
1666
1659
1457
1931
1558
1161
1521
1557
1755
1896
1801
1867
1755
1801
1557
1175
1557
1868
1975
1870
1868
1509
1211
1814
1270
1346
1610
1950
1455
1984
1534
1112
1410
1661
1683
1191
1191
1814
1470
1544
1061
1840
1840
1855
1343
1390
1464
1406
1840
1479
1868
1681
1307
1406
1548
1530
1293
1978
1437
1490
1844
1437
1978
1528
1490
1844
1293
1978
1437
1490
1312
1718
1844
1718
1985
1565
1479
1712
1681
1307
1754
1479
1123
1880
1427
2031
1840
2014
1343
1880
1307
1297
1387
1123
1779
2014
1406
1372
1057
1472
1776
2026
1501
1840
1967
1307
1484
1552
1123
1948
1472
1258
1580
1518
1840
1333
1307
1948
1472
1840
1274
9220
2549
2921
2681
2457
3021
2134
3021
2206
3021
2774
2463
2724
2942
2825
2257
2419
3021
2419
2985
2181
3022
2360
2411
2329
2833
3022
2990
2484
2564
2564
2735
3022
2877
2516
3034
2393
3021
3015
2888
2905
2877
3051
2990
2741
2712
2920
2117
3015
2457
2283
2404
3066
2445
2801
2445
3047
2380
3051
2949
2887
3021
2284
2890
2516
2445
3022
2863
2115
2473
2868
2801
2731
2478
2937
2771
2770
2883
2771
2967
2721
2451
3063
2972
2607
3065
3063
2942
2544
2257
2439
2700
3071
3023
2088
2268
2347
2547
2978
2681
2547
2511
2118
2331
2207
2277
2393
2296
2497
2904
2110
2844
2997
2574
2470
3045
2993
2848
2712
2510
2510
2307
2434
2219
2179
2774
2272
2577
2862
2269
2979
2549
2434
2989
2733
2440
2218
2459
3021
2967
2064
2137
2967
2459
2847
2552
2847
2544
2764
2565
2579
2746
2064
2661
2440
2540
2506
2178
2434
2434
2594
2492
2540
2703
2540
2440
3025
2088
2707
2955
2297
2232
2457
2546
2715
2892
2245
2859
2801
2557
2557
2470
2946
2459
2061
2457
2861
2165
2097
2510
3005
2177
2855
2200
2249
2645
3026
2089
2250
2089
2992
2089
2169
2579
2402
2964
2180
2333
2599
2572
2089
2735
2089
2261
2089
2313
2351
2958
2547
2529
2599
2102
2521
2547
2294
2498
2964
2283
2516
2531
2565
2108
2147
2450
2246
2801
2492
2642
2088
3010
2561
2344
2186
2118
2801
2936
2284
2225
3062
2406
2119
2529
2815
2180
2922
2097
2260
2841
2971
2913
2498
3015
2380
2297
2728
2232
3069
3035
3069
2165
2557
2130
2130
3069
2876
2382
2126
2619
2180
2862
2225
2284
2121
2225
2185
2272
2134
2352
2463
2457
2787
2470
2174
2916
2608
2691
2922
2612
2266
2614
3015
2424
2812
2134
2210
2088
2535
2279
2307
2591
2626
2677
3023
2309
2487
2111
2892
2565
2601
2781
2565
2404
2388
2492
2179
2635
2937
3012
2944
2615
2689
2314
2875
3025
2636
2492
2445
2108
2890
2134
2255
2436
2492
2249
2108
2717
2311
2920
2712
2224
2794
2565
3022
2163
2225
2999
2510
2249
2868
2255
2619
3070
3041
2869
2944
2564
2540
2097
2249
2185
2883
2529
2457
2463
2925
2626
2163
2150
2344
3009
2457
2699
2457
2083
2801
3031
2134
2466
3005
3014
2148
2333
2826
2892
2894
2568
2300
2406
2105
2512
2726
2255
2457
2746
2738
2530
2420
2346
2859
2185
2830
3017
2552
2074
3000
2209
2266
2463
2612
2978
2784
2088
2751
2728
2185
2978
2085
2421
2815
2963
2612
2833
2233
2261
2225
3014
2848
3007
2730
2421
2714
2971
2862
2978
2462
2746
2540
2512
2601
2612
2451
2568
2972
2215
2857
2972
2906
3021
2781
2858
2089
2252
2697
2156
2658
2497
2601
2822
2601
2540
2095
2346
2372
2562
2794
2060
2374
2623
2639
2071
2852
2327
2375
2071
2848
2327
3064
2103
2749
3045
3064
2980
2892
2527
2527
2103
2844
2880
2928
2464
2609
2103
2640
2749
2459
2095
2723
2506
2434
2890
2712
2626
2302
2594
2380
2955
2269
2427
2646
2767
3066
2269
2673
2940
2256
2073
2071
2179
2290
2304
2455
2455
2113
2594
2388
3070
2171
2498
2652
2111
2775
2352
2345
2664
2892
2904
2928
2844
2939
2283
2424
2360
2219
2933
2787
2817
2623
2510
2762
2677
2182
3015
2939
2591
2833
2463
2691
2528
2177
2989
2467
2307
2936
2156
2529
2815
2565
2134
3065
2689
2989
2626
2249
2822
2939
2185
2134
2424
2758
2660
2529
2516
2859
2257
2938
2321
2249
3070
3070
2525
2147
3005
2284
2255
2134
2463
2257
2738
2147
2868
2383
2516
2344
3070
2869
3065
2147
3021
3015
2741
2186
2406
2516
2457
2887
2527
2463
2717
2463
2540
2968
2147
2283
2097
2863
2105
2360
2257
3066
2741
2531
2248
2619
2889
2498
2350
2905
2702
2725
2598
2150
2364
2326
2253
2788
2664
2989
2630
2862
2787
2390
2601
2266
2121
3028
2246
2333
3035
3003
2180
2701
2575
2352
2218
2156
2148
2652
2320
2095
2296
2664
2095
2296
2459
2746
2601
3021
2309
2841
2320
2282
2937
2168
2953
2528
2219
2320
2638
2746
2880
2677
2459
2709
2156
2874
2647
2048
2575
2892
2110
2245
2715
2664
2892
2345
2575
2352
2296
2892
2352
3044
2863
2860
2110
2892
2652
2320
2352
2712
2697
2928
2464
3064
2071
2327
2095
2071
2749
2327
2977
2071
2928
2327
2892
2749
2327
2240
2103
2071
2852
2327
2701
9221
3339
3872
3705
3983
3773
3143
3095
3547
3870
3446
3464
3928
3649
3540
3098
3111
3747
4004
3585
3925
3623
3335
3506
3540
3778
3623
3609
3413
3965
3504
3913
3672
3413
3889
4055
3486
3839
3512
3677
4008
3677
3502
3576
3506
4084
3782
3300
3924
3304
3981
3314
3509
3870
3607
3783
4045
3903
3339
3082
3924
3530
3498
3434
3673
4077
3896
3795
3705
3235
3743
3300
4077
3198
3300
4067
4006
4039
3778
3682
3405
3304
3900
3682
3104
3576
4053
3189
3495
4053
3988
3498
4042
4042
3505
3185
3489
3705
3117
3313
3372
3705
3402
3970
3225
3705
3522
4070
3114
3147
3622
3692
3596
3974
3676
3400
3631
4042
3896
3345
3459
3894
3176
3251
4074
3495
4074
3503
3251
3947
3538
3809
4010
3254
3943
3913
3250
3130
3130
3573
3289
3280
3797
3650
3119
3119
3137
3797
3157
3103
3157
3103
3082
3289
3475
3400
3790
3813
3193
3805
3183
3413
3916
3705
3657
3780
3254
3943
3573
3377
3502
3339
3737
3872
3238
3974
3094
3772
3400
3104
3633
3586
3422
3657
3313
3189
3446
3955
3283
3085
3633
3315
3585
3805
3539
3315
3484
3158
3757
3739
3757
3677
3194
3812
3171
3812
3812
3757
3235
4013
3827
3251
3585
3488
3896
3757
3790
3581
3868
3772
3467
3757
3681
3607
3849
3098
3955
3073
3839
3970
3366
3855
3383
3401
3723
4043
3370
3865
3621
3321
3098
3094
3512
3735
3096
3498
4053
4085
3907
3079
3662
3885
3303
3557
3677
3403
3080
3677
4020
3849
3296
3242
3232
3494
3345
3955
3928
4032
3082
3297
3377
3577
3928
3974
3175
3333
3406
3532
3517
3498
3810
4036
3235
3447
3810
3082
3532
3509
3606
3296
4063
3447
3509
3473
3829
3088
3869
4088
3928
3241
3509
3080
3773
3773
3467
3085
3868
3806
3919
3096
3468
3849
3710
3459
3208
3418
3651
3422
4014
3737
3710
3710
3564
4014
3442
3671
3966
3804
3398
3085
3737
3806
3844
3101
3889
3346
3608
3652
3094
4048
3726
3870
3526
3525
3728
3872
3509
3509
3438
3672
3929
3919
3712
3978
3876
3663
3872
3729
3107
3377
3504
3987
4004
3950
3467
3339
3674
3315
3928
3652
3339
3268
3885
3104
3441
3300
3581
3872
4085
3345
3111
3414
3747
3649
4043
3504
3341
3504
3526
3542
3592
3734
3241
3522
3116
3183
3452
3822
4048
3564
3115
3189
3659
3297
3849
3834
3348
3865
4085
3881
3504
3517
3740
3790
3849
3849
3801
3758
4036
3883
3924
3178
3872
3202
3663
3310
3813
3094
3631
3883
3849
3849
3178
3705
3849
3686
3883
3928
3829
3406
3288
3484
3930
3103
3868
3641
3197
3406
3508
3107
3581
3997
3728
3913
3672
3600
3257
3554
4010
3130
3894
3418
3650
3682
3681
3998
3694
3694
3439
3962
3832
3430
4074
3399
3796
3998
3484
3373
3955
3753
3366
3596
3343
3796
3977
3215
3796
3644
3654
3356
3538
3941
3567
3925
3702
3694
3347
3925
3208
3796
3468
3137
3208
3377
3805
3309
3156
3517
3796
3251
3580
3930
3786
3197
4084
3183
3505
3116
3813
3251
3943
4055
3623
3896
3082
3857
3905
3596
3723
3104
3439
3943
3339
3581
3339
3454
3872
3622
3974
3313
3399
3321
3872
3345
3451
3727
3443
4077
3959
3943
3765
3198
3925
3439
3456
3383
3800
3363
3984
3389
3097
3720
3530
3928
3727
3577
3774
4036
3661
3966
3447
3194
3107
3652
3557
3377
3621
3966
4039
3943
3270
3787
3460
3589
3506
3872
3428
3596
3772
3940
3498
3539
3104
4090
3684
3339
3498
3682
3850
3315
3475
3872
3872
3597
3105
3952
3554
3107
3506
3401
3945
4005
3530
3526
3237
3624
3982
3498
3467
3251
3896
3872
3428
3647
3447
3517
3208
3772
3887
3460
3403
3363
3237
4091
3283
3903
3498
3498
3883
3698
3955
4006
3904
3165
3928
3088
3876
3498
3573
4017
3998
3510
3955
3899
3085
3377
3109
4036
4005
3641
3974
3663
3800
3644
4005
3072
3856
3413
3202
3759
3386
3208
3780
3995
4093
3532
3995
3787
3422
3422
3422
3147
3809
3109
3809
3648
3953
3245
3208
3611
3694
3766
3574
4063
3348
3977
3942
3694
3606
3583
3418
3480
3803
3734
3189
4047
3715
3094
3650
3232
3917
3974
3719
3413
3650
3192
3358
3628
3193
3796
3529
3597
4022
3232
3832
3780
3977
3813
3704
3078
3096
3796
3403
3917
3458
3403
3197
3197
3197
3366
3120
3767
3628
3502
3347
3669
3955
3366
3796
3197
3358
3371
9222
4364
4161
4697
4925
4392
5095
4997
4871
4916
4620
5094
4530
4530
4560
4462
4462
4202
4145
5028
4286
4697
4625
4530
4959
4171
4530
4187
4589
4145
4305
4860
4625
4306
4320
4305
4201
4891
4833
4839
4961
4145
4949
4860
4132
4615
4800
4601
4099
4788
4560
4401
5036
4583
4324
4320
4835
4733
4871
4915
4161
4712
4906
4218
4983
4970
4720
4782
4919
5097
4239
4937
5118
4857
4494
4287
4122
4501
4772
4414
4287
5036
4875
4161
4936
4296
4201
5096
4991
4977
5041
5047
5036
4601
4103
5104
4617
4914
4285
4773
4440
4881
5104
4600
4165
5068
4731
4109
4103
4302
4512
5031
4301
4495
5023
4975
4945
4893
4636
4680
4733
4177
4697
4349
4230
4716
4748
4937
5023
4403
4440
5105
4924
4447
5004
4659
4779
4264
4168
4444
4561
5107
4788
4149
4253
4254
4180
4295
4202
4743
4259
4463
4144
4241
4679
5112
4103
4403
4628
4776
4495
4748
4838
4403
4937
5010
4716
4653
4641
4478
4987
4964
5056
4217
4320
4224
4909
4794
5045
4270
4389
5066
4264
5099
4851
4857
4546
4648
4334
4171
5013
4731
4171
5028
4824
4530
4696
4878
4561
4733
4561
4457
4937
5116
4369
4676
4648
4628
4795
4134
4156
4881
4299
4195
4544
4161
4615
5099
4200
5047
4266
4893
4726
4615
4943
4731
4853
4701
4449
4648
4572
4937
4639
4286
4743
4797
4327
4586
4165
5013
4755
4165
4218
5113
4353
5011
4478
4455
4478
4320
4490
4915
5036
4671
4945
4937
4289
4937
4524
4117
5094
4471
4157
4248
4726
4127
4726
4136
4743
4134
4369
4215
4987
4971
4741
4369
4788
4733
4726
4713
4530
4648
4946
4601
4871
4487
4714
4878
4893
4307
4933
4484
5095
4324
4576
4519
4983
4453
4478
4740
5017
5014
4224
4883
4442
4730
4987
5036
4676
4633
4763
4153
4574
4122
4215
4349
4176
4534
4965
4244
4374
4583
4530
4905
4386
4791
4509
5028
4985
4746
4601
4283
4230
4215
4482
4714
4908
4697
4380
4103
4281
4533
4937
4631
4743
4436
4676
4444
4906
4578
4215
4414
4442
4741
4713
4906
4670
4608
4320
4106
5096
4145
4418
4508
5037
4961
4296
4494
4507
4174
4530
4320
4320
4648
4462
4961
4320
4306
4530
4530
4237
4663
4462
4697
4739
4854
4621
5047
4249
4292
4988
4821
4227
4234
4845
4215
4234
4369
4175
4286
4157
4623
4316
4122
4953
4398
4675
4621
4413
4248
5013
4583
4299
4251
4237
4202
4442
4741
4244
4177
4473
5076
4386
4296
4369
4570
4202
4227
4442
4692
4745
4687
4893
4193
4397
4988
4692
4335
4628
4194
4283
4697
5007
4982
4636
4423
4190
4415
4362
4697
5102
4665
4258
4223
4726
4111
4726
5037
4316
4478
4230
4133
4233
4194
4897
5067
5043
4194
4194
5072
4178
4680
4916
4965
4250
4137
4824
4137
4173
4414
4641
4872
4647
4239
4103
4941
4719
4177
4253
4937
4891
4937
4122
4480
4153
4687
5075
4732
4655
5075
4745
4740
4856
4137
4529
4122
4239
4529
4679
4177
4323
4151
4716
5119
5090
5028
4349
4744
4418
5042
4403
4952
4161
4250
4710
5079
5046
4266
4687
4480
4403
4478
4679
4187
4818
4859
4748
4224
4374
4124
4453
5103
4487
4337
4533
4740
4740
4137
5010
4915
4864
4558
4296
4270
4139
4783
4854
4728
5036
4985
5105
4432
4891
4524
4618
4307
4509
4639
4230
4916
4306
4442
5099
4307
4374
4503
4619
4494
4494
4161
4320
5031
4217
5028
4732
4648
4883
4661
5029
4176
4985
4853
4961
4740
4925
4909
4961
4631
4991
4916
4320
4455
5072
4928
4866
4676
4648
4484
4740
4906
4597
4482
4494
4334
4248
4219
4386
4953
4369
5037
5010
4320
4369
4195
4168
5047
5073
4161
4343
5047
4526
4985
4369
4103
4714
4444
5048
4942
5022
4161
4530
4369
4620
4161
4721
4161
4320
4625
4349
4249
4198
4925
5028
4878
4540
4278
4726
4795
4780
4484
4397
4733
5036
4892
4313
4482
4788
4136
4122
4151
4111
4909
4379
4738
4856
4789
4961
5064
5075
4495
4135
4137
4697
4103
4948
4966
4843
4190
4193
5003
4656
4513
4822
4600
4692
4227
4733
4646
5112
4925
4259
4419
4570
4253
4988
4988
4554
4474
4418
4392
4491
4803
4180
4415
4824
4480
5020
4137
4137
4849
4738
4125
4410
4314
4954
5102
4721
4839
4400
4755
4978
4397
4362
4937
4392
4122
4125
4961
4341
4964
4928
5028
4716
4786
4609
4270
4733
4405
5013
4149
4349
4941
