9217
9218
194
668
482
482
482
482
29
482
563
482
771
195
173
394
665
665
829
829
248
806
272
912
314
495
132
626
822
479
479
479
944
984
542
616
132
626
227
314
495
984
132
984
715
173
62
16
255
743
684
498
684
740
606
735
495
495
984
227
664
118
831
944
1004
314
1005
340
498
715
173
394
665
425
829
957
626
912
314
132
314
132
626
132
498
693
389
441
944
132
626
418
831
944
984
542
984
132
984
715
173
884
743
957
743
575
715
173
394
743
843
843
957
843
957
843
912
314
314
495
984
984
418
479
479
314
542
253
253
575
715
589
394
843
728
843
96
843
912
843
768
182
132
182
31
182
589
173
665
182
176
253
264
418
479
182
495
542
253
248
452
70
779
495
495
132
984
253
173
394
877
957
984
957
984
957
912
912
495
132
984
132
984
409
418
479
1004
495
132
248
880
452
173
394
665
743
896
626
957
912
912
912
959
495
132
626
391
173
394
877
877
829
310
418
418
831
1004
28
495
514
626
167
715
173
356
960
495
825
715
173
173
91
743
957
825
201
626
912
912
276
495
626
248
626
391
418
831
1004
1004
489
842
563
715
715
173
394
665
425
829
957
912
912
314
495
495
132
132
626
996
394
884
877
495
495
626
418
831
944
1004
28
454
842
575
715
173
394
743
957
829
957
715
173
394
743
743
957
1016
957
912
912
912
410
1016
489
771
334
118
831
1004
495
542
626
527
452
715
779
912
495
495
626
575
173
394
665
665
314
957
1016
912
626
563
410
636
489
771
628
831
479
944
28
495
132
626
715
715
912
495
495
132
984
715
173
394
877
743
957
768
957
253
912
253
201
1016
410
314
843
264
418
1004
1004
843
843
489
842
715
173
394
665
665
768
957
253
912
912
314
182
31
182
31
182
589
394
665
495
984
984
418
831
479
944
28
984
514
984
715
173
394
743
957
829
957
715
589
173
394
743
957
176
957
840
912
912
314
495
132
984
391
418
831
479
1004
1004
496
514
391
715
779
173
665
665
829
957
912
912
959
495
626
132
132
626
982
173
394
665
419
495
626
418
831
479
454
28
454
842
340
715
110
779
960
410
241
771
715
173
394
877
877
957
957
957
912
912
912
912
563
410
1016
391
418
831
1004
1004
542
842
527
121
737
173
394
877
829
405
9219
1535
1191
1896
1410
2003
1565
1597
1931
1635
1664
1764
1896
1896
1519
1583
1690
1755
1519
1694
1729
1470
1514
1058
1954
1913
1176
1586
1617
1332
1644
1464
1238
1132
1980
1855
1975
1176
1325
1482
1672
1267
1390
1576
1745
2026
1833
1576
1917
1468
1647
1381
1967
1672
1647
2031
1597
1840
2026
1819
1580
2004
1255
1948
1819
1193
2020
1507
1679
1967
1579
1725
1662
1848
1678
1381
1381
1868
1468
1868
1211
1552
1915
1472
1840
1307
1640
1784
1472
2045
1307
1933
1948
1576
1681
1940
1806
1584
1455
1479
1479
1509
1852
1800
1177
1116
1677
1841
1424
1734
1877
1443
1455
1610
1915
1877
1840
1877
1877
1381
1307
1909
1346
2031
1745
1910
1541
1210
1840
1962
1176
1706
1676
1567
1679
1472
1948
1735
1706
2026
1242
1618
2026
1242
1518
1967
1484
1915
1211
1031
1852
1638
1868
1989
1661
1056
1963
1936
1389
1868
1868
1615
1472
1449
1961
2004
2036
1681
1840
2026
1406
1961
1472
1258
1067
1214
1098
2020
1580
1032
1552
1580
1446
1472
1210
1612
1980
1940
1307
1828
1730
1387
1880
1094
1837
1870
1934
2004
1975
1255
1402
1888
1877
1961
1176
1693
1773
1255
1982
1307
1427
1963
1840
1967
1307
1608
1681
1400
1914
1336
1940
1679
1409
1950
1424
1940
1348
1829
1774
1501
1596
1681
1409
1500
1307
2045
1681
1081
1612
1455
1892
1211
1612
1442
1258
1518
1472
2026
1210
1484
1919
1107
1989
1472
1472
1210
1919
1472
1210
1919
1725
1210
1484
1518
1210
1518
1210
1307
1795
1552
1518
1926
1472
1532
1210
1501
1840
1565
1985
2042
1452
1718
1718
1985
1985
1880
1783
1534
1677
1159
1897
1709
1935
1935
1057
1340
1452
1025
1340
1534
1581
1078
1464
1915
1464
1915
1391
1915
1915
1391
1391
1813
1391
1404
1629
1629
1291
1728
1960
1546
1535
1868
1171
1297
1737
1877
1734
1753
1509
1424
1424
1824
2027
1469
1211
1159
1057
1392
1638
1410
1392
1659
1855
1038
1101
1567
1841
1038
1536
1730
1469
1837
1403
1610
1935
2045
1581
2024
1734
1191
1387
1191
1307
1980
1565
1661
1564
1800
1772
1457
1392
1410
1925
1798
1839
1867
1565
1635
2010
1234
1161
1782
1029
1029
1558
1029
1694
1557
2006
1234
1342
1989
1158
1745
1536
1255
1469
1482
1470
1176
1987
1464
1479
1782
1159
1291
1518
1325
1855
1953
1590
1672
1948
1848
1782
1159
1920
1132
1705
1031
1330
1782
1564
1998
1993
1367
1410
2006
1565
1782
1031
1051
1161
1410
1192
1920
1963
1912
1562
1944
1802
1288
1882
1968
1709
1631
1882
1857
1159
1970
1666
1867
1982
1631
1968
1882
2008
1477
1878
1646
1980
1221
1963
2045
1963
1967
1636
1583
1950
1812
1385
1938
1661
1240
1678
1975
1814
1424
1609
1486
1608
1984
1082
1808
1666
1808
2042
1500
1940
1452
1936
1950
1666
1982
1664
1982
1837
1533
1746
1711
1588
1952
1713
1963
1800
1952
1536
1107
1678
1528
1479
1479
1984
1718
1406
1661
1480
1094
1728
1210
1484
1330
1728
1210
1258
1518
1967
1242
1518
1472
1980
1584
1975
1678
1980
1806
1838
1838
1948
2024
1728
1914
1258
1728
1967
1683
1681
1559
1840
1898
1948
1655
1961
2004
1957
1813
1914
1583
1789
1210
1867
1664
1427
1307
1860
1980
1491
1482
1753
1576
1828
1565
1955
1914
2045
1608
1142
1400
1307
1963
1936
1938
1938
1608
1877
1107
1484
1258
1472
1484
1618
2026
1258
1472
1948
1518
1852
1258
1123
1307
1948
1416
1258
1210
1307
1484
1472
1258
1210
1788
1519
1880
1728
1743
1837
2003
1314
1838
1509
1693
1919
1730
1806
1848
1779
1980
1967
1718
1479
1312
1036
1210
1243
1484
1552
1307
2045
1937
1728
1409
1755
1218
2014
1351
1409
1718
1718
1599
1985
1351
1564
1392
1051
1391
1785
1785
1785
1785
1998
2017
1764
1849
1392
1814
1053
1297
1533
1681
1647
1211
1472
1608
2024
1500
1820
1453
1838
2006
1968
1828
1455
2024
1637
1612
1940
1178
1535
1323
1028
2031
1860
1882
1112
1403
1993
1597
1557
1664
1392
1161
1526
1217
1521
1788
1392
1816
1709
1802
1025
1610
1385
1661
1480
1734
1590
1743
1217
2031
1519
1291
1391
1159
1159
2006
1209
1743
1636
1480
1583
1880
1674
1535
1166
1864
1755
1258
1931
1837
1635
1392
1813
1789
1674
1606
1765
1069
1812
1912
1406
1837
1868
1779
9220
2967
2516
2723
2061
2320
2701
2758
3066
2465
2608
2129
2129
2129
2735
2360
3005
2192
2691
2833
2728
2655
2072
2251
2364
2425
2114
2547
3026
2278
2343
2132
2257
2286
2360
2228
2722
3046
2573
2677
2321
2712
2712
2956
2707
2256
2160
2113
2113
2635
2595
2458
2595
2377
2722
2935
2388
2653
2445
3064
2337
2151
2616
2375
3061
2998
2303
2184
2389
2337
2094
2913
2186
2185
2388
2935
3061
2204
2386
2087
2631
2967
2492
2223
2631
2094
2815
2646
2407
2932
2774
2307
2351
2384
2935
2225
2538
2074
2074
2393
2249
2652
2089
2967
2250
2105
2660
2206
2502
2383
2206
2557
3039
2279
3023
2178
2548
2063
3051
2546
2445
2081
2229
2394
2938
2186
2481
2807
2658
2825
2804
2602
2674
2672
2803
2156
2156
3021
2083
2528
2589
2126
2989
2746
2540
2855
2236
3046
2510
2388
2620
2943
2681
2374
2712
2155
2081
2548
2601
2243
2243
2512
2539
3024
2834
2778
2459
2605
2834
3024
2400
2074
2571
2430
2374
2355
2943
2639
2570
2943
2375
2665
2943
2928
3045
2424
2667
2762
2844
2174
2815
2978
2510
2837
2563
2822
3024
2321
3024
2451
2055
2198
2312
2590
3024
2055
2601
2312
2536
3034
2943
2911
2481
2911
2481
2548
3003
2422
2548
2538
2434
2911
2830
2833
2440
2481
2434
2225
2855
2191
2453
2919
2591
2506
2407
2730
2714
2511
2935
3011
2249
2630
2089
2459
3035
2459
2884
2368
2712
2055
2389
2358
2179
2113
2590
2823
2766
3047
2306
2938
2935
2427
2113
2447
2646
2103
2681
2151
2943
2375
2103
2848
2928
2260
2103
2457
2542
2608
2177
2623
2623
2453
2536
3070
2198
2192
2638
2274
2741
2337
2326
2134
2746
2857
2332
2920
2728
2986
2191
2667
2977
2661
2224
2796
2612
2720
2697
2531
2615
2636
2636
2390
2388
2388
2665
2168
2880
2642
2631
2589
2769
2807
2220
2940
2061
2166
2850
2245
2714
2174
2243
2837
2180
2090
3015
3015
2457
2582
3035
2796
2090
2314
2134
3005
2822
2579
2910
2354
2764
2453
2823
2677
2436
2176
2218
3038
2083
2082
2429
2356
2830
2510
2442
2082
2714
2642
2407
2962
2703
2152
2869
2115
3070
2540
2829
2083
3023
2487
2626
3005
2393
3005
3005
3005
2283
2510
3010
2429
3005
2425
2804
2374
2139
2822
2344
2598
2188
2638
2113
2590
2677
2916
2673
2466
2371
2507
2440
2530
2108
2332
2512
2165
2459
3025
2249
2712
2712
2279
2249
2723
2516
2626
2723
2498
3010
2731
2429
2424
2632
2525
2117
2527
2243
2967
2344
2992
2311
2358
2218
3034
2561
2630
2314
2259
2175
2916
2529
2094
2627
2783
2407
2714
2967
2714
2283
2977
2932
2233
2916
2428
2498
2493
2498
2670
2424
2407
2712
2340
2561
2169
2074
2573
2191
2249
3000
2190
2883
2155
2613
2714
2604
2300
2932
3051
2916
2695
2565
2225
2883
2508
2091
2164
2877
2466
2478
2430
2880
2673
3015
2565
2121
2565
2516
3015
2474
2134
2141
2251
2338
2746
2382
2623
2546
2188
2672
2320
2626
2712
2527
2463
2746
2723
2121
2746
2307
3066
2283
2781
3001
2635
2388
2865
2648
2520
2510
2489
2865
2833
2714
2101
2833
2837
2484
2939
2363
2448
2223
2571
2571
2571
2571
2400
3024
3024
3024
2354
2635
2841
2660
2890
2277
2433
2061
2274
3010
2992
2723
3028
2547
2721
2489
2830
2443
2498
2060
2434
2577
2188
2911
2063
2081
2548
2063
2081
2063
2374
2967
2199
2229
3016
2448
2646
2646
2493
2464
2232
2528
2984
2614
2071
2640
2151
2327
3064
2844
2749
3045
2260
3064
3070
2460
2516
2380
3028
3015
2652
2879
2447
2647
2351
2186
3016
3006
2320
2313
2647
2093
2991
2329
2565
2869
2647
2738
2749
3045
2245
2852
2375
2640
3045
2340
3063
2937
2406
2870
2215
2994
2225
2512
2848
2048
2720
2787
3057
2249
2528
2964
2692
2804
2283
2134
2608
2320
2508
2344
2757
2517
2274
2267
2507
2484
2307
2888
2652
2590
3001
2765
2727
2528
2680
2632
2284
2510
2938
2833
2498
3029
2707
2953
2228
2424
2249
2337
2723
2635
2887
2890
3010
2693
3039
2147
2457
2877
2617
2791
2535
2689
2080
2528
2309
2450
2120
2702
2702
2219
2083
2259
2702
2765
2510
2250
2703
2561
2219
2083
2081
2498
2637
2083
2645
2781
2765
2266
3039
2243
2703
2540
2723
2540
2856
2457
2910
2383
2177
2476
2728
2243
2115
2172
2320
2083
2746
9221
3343
4073
3283
3078
3502
3340
3141
3270
3081
3979
3869
3467
3509
3283
3276
3878
3078
3081
3914
3815
3578
3608
3796
3200
3620
3878
3327
3757
3592
4082
4083
3181
3225
3739
3197
3581
3116
3116
3807
3820
3850
3101
3574
3189
4029
3994
3907
3649
3649
3414
3958
3389
3953
3953
3176
3162
3089
3521
4046
4086
3135
3988
3615
3941
3644
3610
3482
4090
3235
3386
3672
4022
3313
3624
3856
3201
3971
3427
3829
3274
3208
3586
3096
3883
3208
4029
3230
3468
3859
3663
3737
3446
3337
3849
4055
3984
3998
3844
3201
4000
3502
3649
3984
3692
3098
3197
3845
3166
3439
3733
3427
3141
3091
3329
3993
3813
3426
3849
3963
3686
3265
4022
3480
3850
3158
4033
3564
3826
3465
3577
3724
3786
3320
3650
4066
3232
3262
3941
3832
3586
3399
4019
3399
3796
3465
3622
3875
3280
3707
3096
3313
3463
3104
4033
3352
3629
3425
3821
3497
3429
3201
3143
3377
3661
3470
3229
3913
3452
3873
3456
3694
3873
3137
3205
3834
3829
3807
3905
3339
3702
3366
3339
3238
3994
3651
3339
3480
3849
4036
3082
3082
3199
3909
3396
3994
3116
3250
3456
3275
3156
3786
3229
3130
3434
3691
3999
3473
3813
3813
3446
3947
3253
3927
3927
3593
3686
3358
3815
3555
3795
3488
3096
3399
3393
3480
3256
3712
3796
3101
3103
3576
3406
3781
3596
3236
3425
3242
3484
3716
3511
3288
3193
3929
3467
3254
3739
3137
3999
4067
3503
3424
3820
3456
3588
3313
4050
3947
3781
3795
3238
3459
3687
3485
3304
3628
3588
3138
3238
3238
3305
3576
3238
3963
3141
3720
3439
3339
3806
3877
3432
4056
3999
3376
3251
3210
3126
3105
3606
3185
3248
3396
3873
3202
3536
3682
3229
3722
3542
3327
3395
3456
3557
3842
3554
3849
3809
3425
3499
3837
4094
3684
3671
3787
3400
3097
3383
3414
3659
3339
3325
3854
3208
3468
3256
3849
3849
3480
3225
3333
3502
3702
3465
3790
3857
3768
3077
3776
3360
3567
3504
3984
3115
3137
3864
3430
3581
3360
3394
4055
3464
3123
3900
3786
3365
3751
3654
3508
3682
3208
3096
3872
3386
3198
3710
3934
3107
3078
3215
3161
3877
3098
3727
3764
3703
3604
3573
3281
3126
3966
3883
3535
3115
3869
3375
3547
3915
3903
3845
3934
3321
3696
3505
3471
3849
3849
3849
3849
3425
4033
3465
3801
3097
3868
3111
3252
3724
3386
3573
3849
3849
3596
4085
3197
4019
3812
3122
3790
3724
3648
3812
3596
4074
3586
3878
3872
3758
3795
3812
3758
3283
3304
3850
3786
4040
4073
3575
3331
3123
3208
3934
3208
3123
3226
3123
3225
3509
3495
3096
3660
3296
4093
3864
3864
3368
4033
3081
3512
3554
3366
4073
3235
3077
3149
4036
4056
3722
3208
3265
3849
3588
3849
3842
3360
3578
3618
3243
3449
3555
3296
3587
3243
3837
3334
3979
3772
3831
3216
3447
3831
3834
3795
3583
3660
3377
3414
3123
4032
3806
3454
3094
3715
3776
3289
3289
4014
3497
3147
3680
3833
3141
3757
3171
3208
3812
3846
3208
3776
3343
3468
3582
3715
3399
3197
3208
3517
4020
3781
3971
3378
3161
3166
3082
3938
3833
3327
3867
3200
3749
3082
3849
3833
3096
3080
3484
3517
3999
3363
3671
3654
3873
3999
3210
3096
3499
3254
3982
3149
3639
3687
3984
3772
3381
3670
3739
3275
3094
4082
3471
3194
3757
3833
3833
3595
3447
3235
3650
3582
3602
3119
3094
3463
3786
3458
3348
4089
3621
3189
4029
3739
3375
3401
4065
3860
3339
3898
3854
3236
3094
3094
3208
3529
3123
3381
3104
3872
3443
3123
3517
3352
3094
3872
3168
3126
3586
3126
3978
4055
3743
4030
3320
3998
3757
3681
3998
3407
3171
3681
3484
3622
3175
3339
3817
4086
3203
4050
3757
3363
3586
3183
3634
3115
3581
3085
3649
3126
3315
3474
3825
3576
3994
3320
3529
3235
3192
3887
3424
3270
3200
3928
3716
3984
3235
3757
3189
3321
3430
3945
4089
3323
3292
3241
3765
3628
3822
3120
3241
3822
3323
3077
3358
3577
3829
3659
3662
3663
3980
3953
3443
3439
3304
3202
3494
3752
3442
3790
3541
3878
3304
3615
4048
3474
3615
3104
3710
4053
3786
3786
3470
3775
3953
3326
3127
3814
3472
3370
3127
3127
3555
3887
3508
3340
3964
3970
3257
3844
3555
3686
3216
3790
3127
4052
3864
3208
3413
3460
3772
3555
3158
3122
3555
3790
3189
3686
3436
3670
3343
3803
3209
3453
3726
3158
9222
4195
4230
4942
4171
4552
4300
5072
4320
4755
4300
4543
4732
4135
5028
5036
4274
4918
4140
4324
4553
4468
4951
4703
4990
4846
5064
4878
4383
5064
5064
4603
4559
4738
4247
4900
5091
4536
4287
4838
4249
4402
4193
5078
4142
5028
4822
4306
4190
4594
4306
4306
4429
4941
4248
4165
5010
4914
4375
4741
4683
4744
4532
5107
4333
4372
4565
4941
4402
4671
4671
4140
4623
4116
4741
4127
4159
4179
4140
4248
4678
4200
4396
4117
4795
4596
4701
5061
4198
4405
4652
4741
4491
4741
4744
4599
4418
4746
4106
4645
4524
4347
5045
5038
4478
4192
4448
4340
4439
4224
4366
5098
4980
5043
4825
4198
4967
4838
4573
4385
4870
4838
4177
4966
4936
4121
4748
4888
4248
4741
4167
4103
4965
4564
4735
4194
4455
4135
4151
4138
4366
4748
4122
4515
4703
5010
4748
4788
4519
5010
4706
4882
4468
4443
4660
4443
4660
4705
4556
4705
4556
4886
4444
4976
4103
4759
4103
4657
4409
4843
4444
4179
4558
4728
4114
4097
5037
4995
4701
4430
4264
4179
4634
4941
4869
4498
5090
4926
4651
4795
4838
4177
4316
4468
4508
5067
4616
4788
4788
5030
4788
4616
4482
4788
4190
4788
4788
4562
4136
4204
4120
4893
4838
4592
4269
4322
4722
4478
4812
4454
4385
4673
4376
4763
4478
4376
4893
4480
4463
5013
4937
4452
4198
4133
4472
4896
4845
4133
4676
4613
4598
4480
5075
5075
4714
4763
5067
5025
5005
5046
4977
4524
4477
4469
4326
4133
4744
4371
4122
4224
4207
4264
4174
4613
4418
4480
4325
4270
4272
4174
4826
4997
4732
4239
4893
4390
4798
5039
4421
4189
4533
4173
4442
5030
4259
4640
4671
4728
4943
4242
5075
4583
4243
4633
4270
4296
4196
5082
4517
4748
4512
4741
4442
4480
5043
4255
4726
4905
4727
4234
4533
4098
4528
4439
4526
4717
4740
4097
5030
4717
4300
4289
4914
4601
4838
4762
4465
4612
4386
4122
4127
4896
4561
5075
4255
4121
5071
4402
4508
4838
4455
4402
4195
4117
4746
4665
4584
4283
4556
4143
4797
4113
5113
4598
4526
4443
4490
4217
4316
4896
5031
4369
5043
4465
4302
4133
4512
4196
4321
4414
4741
4468
4624
5010
5072
4217
4671
4172
4320
4966
4740
4513
4964
4404
5113
4320
4320
4854
4458
4423
5054
4189
4189
5104
4878
4198
4600
4263
4900
4896
4423
4507
4896
4301
5071
4219
4533
4936
5098
4788
4820
4103
4176
4250
4316
4176
4692
4826
4477
4177
4825
4248
4320
4900
4908
4599
4650
4879
5097
4897
4676
4300
4140
4194
5077
4961
5072
4370
4497
5063
4717
4814
4153
4424
4740
4367
4201
5050
4725
4711
4773
4891
4424
4855
4337
5050
4859
4202
4690
4545
4647
4614
4329
4117
4977
4544
4405
4854
4374
4457
5010
4274
4139
4437
5061
4829
4556
4511
4426
4511
4512
4478
4553
5025
4197
4422
4977
4803
4780
4495
4744
4248
5018
4692
4612
4397
4971
5032
4399
4497
4226
4255
4140
4526
4171
4921
4841
4099
4838
4912
4136
4900
4161
4126
4937
4175
4324
5078
4922
4389
4890
4300
4182
4750
4226
5043
4799
4772
4402
4758
4509
4976
4676
4846
4736
4731
4274
4116
4409
5078
4846
4860
4172
4726
4289
4721
4816
4122
4946
4207
4946
4946
4616
4616
5011
4151
5046
4480
4122
4653
4697
4530
5100
4337
4772
4480
4757
4127
4116
5098
4726
4409
4893
5112
4324
4802
4808
4122
4238
4443
4965
4238
4651
4332
4444
4888
4309
4821
4400
4217
4172
4976
4645
4882
4382
4137
4711
4743
4786
4313
4449
4503
4106
4292
4915
4292
4245
4826
4370
4593
4997
4634
5099
4422
4293
4411
4659
4155
5010
4524
4106
4744
4386
4865
4113
4881
4156
4587
4745
4638
5107
4511
4313
4797
5010
4315
4174
4179
4495
5028
4601
4397
4990
4331
4103
4127
4248
4106
4939
4399
4922
4558
4772
4436
4343
4187
4713
4135
4456
4680
4475
4935
4721
4306
4744
5070
4977
4177
4987
4896
4474
5014
4721
4705
4839
5071
5072
4621
4314
5105
4202
4534
5043
4302
4173
4337
4320
4219
4105
5080
5105
4513
4826
4821
4337
5105
4705
4218
5097
4431
4300
4215
5011
5105
4320
4175
4187
4661
4508
5044
4712
4161
4581
5113
4130
4477
4631
4853
4516
4631
4320
4971
4631
4320
4443
4631
4721
4893
4289
4905
4468
4767
4922
4833
4833
5010
4414
5099
4861
4208
4305
4313
5017
4733
4200
4710
4293
4854
4416
4202
4126
5031
