9217
9218
0
0
0
0
0
0
0
0
0
0
0
0
0
0
0
0
0
0
0
0
0
0
0
0
0
0
0
0
0
0
0
0
0
0
0
0
0
0
0
0
0
0
0
0
0
0
0
0
0
0
0
0
0
0
0
0
0
0
0
0
0
0
0
0
0
0
0
0
0
0
0
0
0
0
0
0
0
0
0
0
0
0
0
0
0
0
0
0
0
0
0
0
0
0
0
0
0
0
0
0
0
0
0
0
0
0
0
0
0
0
0
0
0
0
0
0
0
0
0
0
0
0
0
0
0
0
0
0
0
0
0
0
0
0
0
0
0
0
0
0
0
0
0
0
0
0
0
0
0
0
0
0
0
0
0
0
0
0
0
0
0
0
0
0
0
0
0
0
0
0
0
0
0
0
0
0
0
0
0
0
0
0
0
0
0
0
0
0
0
0
0
0
0
0
0
0
0
0
0
0
0
0
0
0
0
0
0
0
0
0
0
0
0
0
0
0
0
0
0
0
0
0
0
0
0
0
0
0
0
0
0
0
0
0
0
0
0
0
0
0
0
0
0
0
0
0
0
0
0
0
0
0
0
0
0
0
0
0
0
0
0
0
0
0
0
0
0
0
0
0
0
0
0
0
0
0
0
0
0
0
0
0
0
0
0
0
0
0
0
0
0
0
0
0
0
0
0
0
0
0
0
0
0
0
0
0
0
0
0
0
0
0
0
0
0
0
0
0
0
0
0
0
0
0
0
0
0
0
0
0
0
0
0
0
0
0
0
0
0
0
0
0
0
0
0
0
0
0
0
0
0
0
0
0
0
0
0
0
0
0
0
0
0
0
0
0
0
0
0
0
0
0
0
0
0
0
0
0
0
0
0
0
0
0
0
0
0
0
0
0
0
0
0
0
0
0
0
0
0
0
0
0
0
0
0
0
0
0
0
0
0
0
0
0
0
0
0
0
0
0
0
0
0
0
0
0
0
0
0
0
0
0
0
0
0
0
0
0
0
0
0
0
0
0
0
0
0
0
0
0
0
0
0
0
0
0
0
0
0
0
0
0
0
0
0
0
0
0
0
0
0
0
0
0
0
0
0
0
0
0
0
0
0
0
0
0
0
0
0
0
0
0
0
0
0
0
0
0
0
0
9219
1523
1115
1895
1115
1895
1523
1895
1523
1857
1115
1523
1115
1457
1457
1457
1523
1115
1115
1115
1523
1523
1523
1523
1523
1115
1457
1457
1115
1523
1457
1115
1115
1115
1115
1115
1115
1115
1523
1115
1523
1561
1457
1115
1959
1300
1457
1457
1115
1115
1115
1300
1300
1300
1300
1115
1115
1115
1115
1115
1115
1300
1300
1371
1496
1115
1561
1115
1049
1049
1115
1115
1115
1115
1115
1115
1115
1115
1049
1561
1300
1115
1115
1115
1115
1803
1371
1911
1115
1300
1300
1115
1115
1115
1371
1049
1300
1115
1115
1300
1115
1115
1115
1115
1928
1371
1300
1371
1300
1371
1115
1115
1115
1115
1115
1115
1428
1115
1428
1115
1428
1115
1115
1115
1115
1115
1895
1955
1895
1955
1895
1417
1895
1417
1417
1417
1417
1417
1417
1417
1394
1895
1394
1394
1394
1394
1911
1115
1115
1115
1115
1928
1371
1928
1371
1928
1371
1928
1371
1428
1803
1911
1428
1428
1428
1428
1428
1419
1281
1281
1928
1928
1928
1928
1371
1076
1076
1428
1076
1076
1076
1428
1428
1076
1076
1428
1076
1076
1928
1076
1928
1281
1928
1076
1428
1428
1928
1281
1879
1879
1928
1879
1281
1928
1281
1928
1281
1281
1281
1281
1281
1281
1281
1281
1281
1281
1281
1281
1281
1281
1281
1130
1130
1281
1281
1281
1130
1281
1879
1130
1130
1879
1130
1879
1879
1879
1879
1879
1130
1879
1879
1879
1130
1879
1130
1879
1130
1879
1879
1879
1130
1879
1879
1879
1879
1130
1879
1879
1879
1879
1879
1879
1879
1879
1879
1879
1130
1879
1879
1879
1879
1879
1879
1879
1130
1879
1879
1879
1130
1879
1900
1879
1130
1130
1130
1130
1130
1879
1879
1130
1879
1879
1905
1955
1995
1371
1371
1371
1371
1371
1858
1252
1900
1130
1252
2043
1858
1454
1879
1371
1371
1454
1858
1858
1858
1454
1879
1371
1371
1454
1858
1720
1349
1252
1428
1858
1371
1748
1628
1628
1858
1928
1371
1371
1454
2023
2043
1054
1054
1035
1720
1895
1334
1115
1115
1115
1995
1995
1371
1371
1115
1349
1115
1115
1428
1748
1858
1252
1879
2043
1371
1428
1115
1115
1115
1115
1115
1720
1299
1777
1895
1115
1895
1115
1232
1995
1995
1995
1371
1371
1371
1349
1349
1115
1299
2045
1394
1347
1815
1347
1777
1347
1394
1394
1394
1349
1349
1496
1777
1394
1394
1928
1903
1394
1777
1995
1371
1496
1371
1496
1371
1928
1928
1496
1394
1496
1496
1496
1496
1628
1928
1879
1496
1496
1496
1496
1496
1879
1928
1928
1928
1371
1299
1426
1777
1371
1995
1394
1928
1928
1349
1777
1371
1928
1928
1349
1928
1628
1317
1417
1347
1496
1515
2023
1232
1496
1928
1628
1995
1928
1928
1371
1496
1515
1347
1044
1115
1115
1115
1115
1115
1115
1115
1115
1115
1115
1115
1115
1115
1115
1895
1417
1903
1394
1076
1394
1628
1394
1076
1928
1456
1628
1928
1928
1928
1928
1076
1076
1428
1076
1428
1076
1281
1281
1281
1928
1281
1281
1076
1428
1428
1076
1428
1428
1252
1281
1281
1879
2041
1928
1858
1281
1928
1428
1428
1928
1547
1394
1748
1928
1252
1748
1428
1928
1371
1371
2023
1928
1628
1928
1928
1928
1281
1928
1281
1858
1252
1281
1858
1428
1454
1428
1252
1879
1454
1428
1879
1879
1252
1879
1928
1879
1879
1281
1879
1281
1879
1130
1130
1130
1858
1900
1879
1547
1995
1995
1928
1928
1371
1371
1371
1995
1928
1928
1371
1928
1928
1928
1928
1879
2041
1879
1454
1130
2041
1879
1879
1879
1879
1928
1879
1928
1928
1928
1879
1928
1928
1928
1879
1879
1879
1928
1879
1879
1879
1928
1928
1928
1054
1995
1394
1394
1394
1748
1928
1928
1928
2023
1928
1928
1928
1928
1928
1879
1928
1928
1928
1281
1928
1928
1928
1281
1281
1928
1928
1879
1281
1281
1748
1281
1879
1281
1928
1858
1281
1281
1281
1281
1879
1879
1281
1879
1371
1371
1879
1454
1858
1454
1858
1748
1879
1628
1456
1281
1879
1928
1879
1928
1879
1035
1682
1995
1347
1547
1995
1995
1995
2000
1232
1928
1928
2023
1858
1454
1454
1928
1928
1371
1995
1995
1995
1995
1995
1115
1995
1115
1115
1115
1928
1115
1115
1720
1914
1347
1974
1547
1995
1995
1895
1995
1995
1995
1232
1347
1371
1347
1496
1347
1496
1347
1928
1347
1995
1928
1394
1777
1928
1347
1496
1347
1496
1347
1928
1995
1995
1371
1995
1928
1995
1928
1547
1995
9220
2772
2772
2772
2772
2772
2772
2772
2772
2772
2772
2772
2772
2548
2481
2548
2772
2561
2932
2561
2772
2772
2772
2772
2772
2121
2772
2911
2565
2968
2772
2121
2772
2772
2772
2772
2772
2772
2772
2772
2772
2772
2772
2270
2772
2772
2772
2772
3022
2565
3022
2772
2772
2772
2772
2544
2248
2772
3022
2772
3022
2772
2772
2567
3022
3022
2270
3022
2772
2772
3071
3022
3071
2694
2552
2815
2552
2567
2772
2772
2772
2772
2772
2567
2544
2119
3050
2119
2544
2772
2772
3022
2544
2567
2772
2818
2714
3022
3022
2772
3022
2552
2815
2552
2772
2772
3017
2772
2270
2772
3022
2544
2567
2544
2567
2544
2248
2544
2818
2567
2772
2772
2567
2791
2791
2928
2330
2976
2800
2608
2320
2818
2800
2818
2800
2818
2800
2567
2567
2936
2119
2694
2567
2800
2567
2567
3012
2567
2608
2942
2944
2772
2976
2119
2567
2567
2592
2592
3017
2961
2791
2772
2942
2944
2567
2567
2567
2567
2567
2567
2567
2567
2772
2567
2777
2942
2772
3012
2800
2818
2800
2818
2800
2818
2567
2567
2567
2567
2777
2961
2119
3008
2119
2544
2119
2800
2566
2800
2818
2800
2818
2800
2818
2961
2818
2592
2936
2567
2961
2119
3008
2119
2936
2119
2472
2961
2961
2961
2961
2566
2961
2472
2472
2961
2961
2961
2472
2961
2961
2472
2472
2566
2472
2961
2961
2961
2961
2566
2472
2566
2961
2566
2472
2961
2472
2961
2472
2961
2961
2961
2472
2961
2961
2961
2961
2472
2961
2566
2961
2961
2961
2961
2961
2961
2961
2961
2472
2961
2961
2961
2961
2961
2566
2961
2472
2961
2961
2961
2566
2961
2961
2961
2472
2472
2566
2472
2472
2961
2961
2985
2961
2961
3023
3000
2815
2800
2800
2800
3008
2818
2889
2818
2325
2748
2813
2985
2889
2800
2800
2544
2552
3008
2818
2818
2421
2421
2800
2815
2694
3008
2818
2462
3017
2421
2619
2714
3017
2818
3017
2421
2421
2800
2544
2694
3008
2818
2818
2564
2848
2604
2081
3009
2848
2818
2735
2464
3009
2848
2928
3009
3008
3009
2818
2985
2818
2421
2735
2815
2800
2813
3009
3008
2694
2818
2694
2818
3000
3032
2062
2820
2820
2985
2820
2820
2820
2820
2702
2702
3009
3008
2820
2702
2820
2820
2979
2368
2776
2863
2190
2456
2884
2820
2628
2365
2628
2214
2214
2619
2820
2248
2567
2452
2411
3055
2628
2907
2628
2800
2628
3008
2137
2818
2137
2452
2365
2884
2884
2813
2214
2214
2889
2800
2411
3008
2976
3008
2818
2628
2421
2985
2411
2628
2944
2791
2767
2452
2091
2091
2350
2800
2944
2091
2928
2260
2961
2818
3055
2467
2976
2419
2985
2857
3009
2442
3055
2818
2350
3055
2813
3055
3009
3009
2985
3009
2979
2307
2877
2889
2925
2452
2083
2694
2944
2350
2162
2818
3055
2097
2928
2260
2925
2161
2119
2869
2976
2452
2942
2649
2800
3009
3009
3055
2928
2162
2961
2889
2889
2928
2976
2350
2788
2748
2907
2564
2649
2162
2452
2985
2162
2119
2990
3009
2961
2976
2330
2961
2649
2472
2748
2694
2877
2350
3017
3008
2976
3017
2649
2119
3017
2907
3017
3017
2907
3017
3017
3017
2452
2411
2813
2788
2813
3017
3017
2788
2748
2467
3017
3017
2985
2985
2877
2985
3017
3017
3017
2985
3017
3017
3017
3017
2694
3017
2889
3008
2411
2907
2566
2472
2976
2472
2976
2976
2411
2793
2848
2928
2260
2907
2844
2928
2928
2260
2609
2844
2928
2928
2694
2748
2961
2748
2472
2350
2907
2472
2976
2976
2350
2976
2976
2907
2844
2694
2162
2961
2976
2907
2928
2411
2472
2472
2961
2961
2976
2472
2976
2848
2928
2260
2939
2564
2883
2811
2985
2976
2564
2452
2748
2976
2748
2985
2928
2889
2788
2976
2848
2928
2411
2976
2777
2777
2985
2961
2472
2777
2985
2777
2985
2961
2976
2961
2777
2961
2411
2976
2961
2411
2907
2813
2976
2135
2961
2889
2162
2464
2350
2350
2788
2990
2976
2961
2925
2928
2350
2411
2985
2452
2162
2350
2452
2354
3009
2352
2296
2245
2095
3044
2608
2095
2928
2608
2097
2928
2985
2985
2411
2470
3009
3009
2095
3009
2848
3009
3009
3044
3009
2260
3044
2608
3009
2928
2813
3009
2330
2398
2368
2048
2860
2672
2608
2608
2701
2623
3009
2860
3009
2562
2883
2048
3009
2860
3009
3044
3009
3009
3055
3009
3009
2928
2985
2608
2748
2928
3009
3009
2860
3044
2608
2350
2345
2411
2860
2860
9221
3227
4028
4028
3827
4028
3450
4028
3450
3506
3739
4033
3450
4033
3950
3835
3508
3260
3449
3707
3488
3933
3488
3934
3488
3260
3736
3869
3260
3603
3736
3260
3398
3869
4088
3398
3398
3398
4008
3398
4008
4088
3736
3398
3933
3950
3835
3736
3933
3260
3933
3950
3933
3950
3933
3603
3260
4077
3107
3506
3555
4039
3824
3603
3869
4039
3237
3914
3862
3698
3603
3933
3603
3933
3603
3447
3914
3933
3736
3933
3950
3398
3398
3260
3914
3260
3950
4008
3603
3862
4039
3914
3359
3260
3398
3260
3260
3260
3933
3696
3933
3603
3603
3603
3933
3950
3603
3398
3157
3398
3869
3603
3603
3914
3603
3359
3555
3719
4088
4039
4088
3166
3570
3747
3925
4088
3437
3437
3778
3133
3603
3843
4094
3603
3778
3888
3603
3603
3603
3603
3226
3888
3603
3675
3603
3603
3603
3603
3950
3909
3603
3933
3603
3888
3824
4088
3226
3603
3603
3950
3603
3862
3603
3888
3933
3935
3603
3603
3603
3603
3603
3603
3862
3603
3603
3603
3862
3888
3555
3824
3555
3888
3888
3674
3933
3950
3933
3950
3933
3950
3284
3888
3284
3603
3888
3950
3869
3750
4087
4087
3284
4087
3674
3933
4039
3951
3869
3933
3950
3935
3750
3111
3951
3108
4039
3869
4039
3869
4039
3869
4039
3858
4039
3950
3933
3950
3933
3950
4087
4039
3869
4039
3869
4039
3108
4039
3108
3108
3950
3108
3950
3108
3950
3858
3950
3108
3950
3858
3108
3108
3108
3108
3108
3108
3858
3778
3108
3108
3108
3108
3858
3108
3108
3108
3108
3108
3858
3108
3858
4039
3108
4039
3108
3108
3778
4039
3108
3893
4061
3891
3725
3108
3108
3108
3858
3778
4039
3891
4039
3869
4061
3108
3782
4008
3526
3933
3891
3782
3526
4008
3950
3933
3966
3750
3933
4061
3933
3824
3782
3869
3987
3940
3750
4072
3950
4008
3750
3950
3950
4008
4039
4052
3804
3690
4039
4088
4042
3824
3887
3901
4039
3108
3987
3950
4072
3893
4088
3708
3713
3585
3959
3530
3555
3449
3579
3869
3952
3747
3111
3987
3727
4008
4008
4008
3933
3555
3530
3725
3950
3674
3987
4072
4039
3704
4054
3987
3966
3653
3492
3982
3237
3526
3284
3335
3384
3555
4079
4093
3674
3555
3987
3950
3530
3526
3653
3900
4094
3329
3929
3929
3862
3329
3728
3778
3728
3862
3862
3862
3909
3839
3950
3777
3862
3965
3307
3862
3307
3307
3307
3307
3862
3307
3965
3269
3269
3822
3924
3929
3750
3777
3933
3750
4008
3777
3777
3704
4072
3725
3182
4039
3777
3307
3804
3818
3938
3530
3297
3925
3699
3777
3138
3925
3901
3526
3530
3976
3782
3928
3951
3951
3804
3903
3891
3903
3891
4079
3928
3951
3824
4039
3924
3904
3903
3925
4088
3928
3237
3935
4005
3526
3388
3782
3868
4008
3935
3530
4039
3925
4072
3526
3530
3868
3237
3950
3933
3869
4094
3782
3903
3893
4052
3644
4088
3928
3530
3935
3810
3904
3725
4072
3942
3901
3950
3530
4054
4087
3950
4054
3530
4054
3725
3933
3674
3674
4008
3108
3891
3725
3725
4054
3933
4054
4061
3891
3690
4042
3810
3935
3750
3933
3530
3893
3925
4054
3464
3982
3623
3951
3725
3904
3782
3987
3901
3987
4039
3891
4072
3940
4094
3933
3824
3674
3674
3690
3690
3904
3530
3891
3901
4072
3725
3530
3725
3782
3725
3951
3893
3750
3750
4061
3893
4039
3901
3778
3633
3950
3698
3530
3782
3526
3982
4072
4088
3673
3901
3966
3782
3530
3893
3725
3585
3725
4054
4054
3750
4072
3901
4054
3904
3530
3736
3925
4072
3530
3530
3810
3891
3928
3530
4054
3750
3904
3750
3530
3810
4039
4061
3284
4042
3409
3727
3747
3933
3270
4087
4087
4079
3935
3952
3925
3727
3928
3530
3623
4039
4088
3804
3530
3623
3925
3804
3530
3698
3925
3891
3928
3530
4061
4054
3951
3750
4061
4087
3750
3750
3530
4054
3925
3750
4087
4061
3891
4087
3891
3869
3198
3782
3935
3530
3880
3925
4072
3824
3530
4072
3750
4079
4072
4087
3269
3928
3903
4042
3870
3903
3903
3727
3715
3903
4088
3928
3893
3904
3904
3901
3782
3843
3810
3719
3168
3903
3530
3168
3903
3530
3095
3903
3903
3928
3903
3903
4052
3903
3997
3388
3903
3903
3839
3903
3903
4088
3924
3126
3698
3976
4053
3903
3903
3526
3698
3928
4008
3810
3928
3843
3810
3530
4008
3903
3526
3903
4008
3526
3530
3903
3903
3810
3928
3530
3810
3335
3903
9222
4713
4706
4776
5065
4776
5065
4776
4705
5065
5050
4179
5050
5065
4567
5065
4424
4364
4220
4567
4729
4729
4729
4636
4729
4740
4244
4567
4473
4556
4244
4740
5018
4364
4539
4763
4244
4268
4539
4539
4132
4858
4756
4539
4335
5118
4625
4463
4567
4320
4567
4907
4221
4221
4221
5089
4145
4244
4567
4244
4567
4782
4955
5110
4567
4567
4636
4567
4431
4132
4183
4567
4384
4567
5012
4567
4567
4567
5011
4817
4698
4875
4875
4399
4539
5022
4567
4567
4875
4508
4782
4567
5112
4351
4132
4715
4351
4653
5081
4303
4715
5012
5089
5089
4335
4950
4974
4221
4810
5018
4567
5089
4955
5081
4539
5089
5089
4567
5089
4824
4875
4875
4180
5081
4539
4567
4132
4183
4296
4845
4132
4567
5089
4334
4132
4098
4150
4699
4132
4334
4985
4985
4150
4567
4477
4132
5089
4132
5022
5017
4673
4830
5089
4624
4654
4624
4830
5089
4950
4985
4876
4876
5022
4654
4830
4221
4810
4150
4876
4876
4654
4810
5115
5110
5089
5089
4132
4220
4351
4624
5089
4456
4460
5089
4624
5015
4624
4747
5089
5089
5089
5012
5089
5089
4654
4460
4624
5094
4830
5094
5029
5089
5089
4384
5089
5089
5089
4624
5089
5089
4876
5089
4624
4624
4624
5089
4830
4769
5089
4654
4810
5115
5115
4769
4384
4876
5115
5110
4876
5015
4132
4769
4769
4769
4837
4837
4837
4132
4769
4132
5115
5115
4769
5115
4769
4837
4132
5115
4837
4769
4150
4311
4769
4837
4837
4769
4150
4311
4132
4837
4985
4837
4150
4837
4769
4769
4985
4384
4962
4311
4769
4837
5114
4132
5059
4837
4311
4132
5015
5114
4837
4962
4747
5114
4769
4962
5052
5052
4311
5015
4311
5114
4197
4654
5115
4962
5110
4384
5114
4934
4853
5110
4145
4889
4934
4132
4926
5052
4384
5052
4862
4384
5118
4145
5094
4384
4962
4837
4132
5058
4955
5110
4985
4905
4747
4170
4384
4624
4624
5094
4955
4876
4830
4876
4876
4876
4876
4374
4766
4106
4121
4556
5015
4654
4546
4861
4138
4621
4624
4624
4453
4676
4624
4889
4624
5114
4624
4624
4624
5058
4961
4624
4384
4624
4747
4747
4121
4451
4431
4914
4583
4817
4661
4747
4705
4631
4296
4156
4817
4631
4624
4296
4624
4747
4624
4221
4384
4751
4862
4525
4899
4768
4615
4691
4373
4615
4962
4691
4221
4839
4835
5025
5025
4119
4484
4119
4934
4221
4927
4615
5052
5015
4861
4817
4927
5079
4221
4770
5052
4624
4456
4456
4132
4747
4747
4221
4221
4747
5052
4221
5029
4221
5068
4398
4801
4889
4898
4899
4861
5041
4197
4905
4720
5058
4934
5110
5058
4705
4962
5018
4613
5114
5037
4864
5114
4654
4899
5114
4835
4710
4132
4835
4384
4835
5094
4589
4810
5022
4254
4170
4955
4948
4384
4835
4835
5110
4747
4835
4835
4835
4456
4170
4747
4624
4624
4624
4810
4624
5114
5052
5096
4654
4835
4374
5058
5015
4835
4835
4769
4835
5118
5052
5095
4962
5015
5114
5015
5015
4835
4654
4962
4747
5115
5052
4926
4384
4835
5114
5058
5015
5114
5114
4835
4747
5058
4384
5115
4589
5015
4876
4926
4132
4770
4197
4170
5020
4876
4962
4839
5052
5115
4170
4197
4926
4876
5114
5094
5114
5114
4170
4962
4747
4934
4170
4460
4747
5052
5079
4747
4962
4876
4962
4876
4876
4876
4119
5052
4769
5015
4311
5118
5015
5052
4460
5018
4654
4927
5015
4431
4997
4397
4905
4132
4926
4962
5012
5114
5012
5052
5056
5115
5114
4934
4934
4962
5052
5015
5015
5015
5110
5114
4860
4769
5012
5012
5012
4876
5110
5052
5114
4837
5012
4145
4962
5012
4810
4876
4747
5094
4164
5019
5090
4484
5037
4955
4384
5115
4170
4889
5115
5115
5110
5012
4962
4926
5115
4950
5012
4962
4962
4839
5114
5110
4962
5115
4926
5015
4955
5115
4962
4889
4747
5052
4769
5052
4384
4747
4962
5115
4769
4962
5015
4170
5058
5118
5037
4132
5052
4770
4747
5115
5115
5114
5012
4934
4934
5115
5115
5114
4119
4900
4529
4403
4733
4875
5090
4835
5041
4889
4484
5015
4934
4150
4955
4170
4624
4961
5015
5058
4983
4453
4985
4950
4962
4615
4624
4861
5079
5015
4889
4875
4325
4725
5112
4651
4836
4334
4615
4170
4150
4835
5018
5020
4861
4474
4334
5059
4770
4270
4150
4835
4747
4985
5015
4835
4905
5015
5052
4962
5110
4985
4889
5018
5110
4950
5052
5015
5012
4747
4835
4835
5118
