9217
9218
306
121
50
225
360
427
642
239
239
239
239
239
239
338
824
277
728
504
728
135
52
929
852
947
926
478
248
749
542
638
257
145
121
263
555
360
77
642
524
728
75
75
75
947
446
131
202
593
467
728
504
459
929
453
852
119
729
839
77
497
707
966
498
498
452
421
131
202
593
728
504
52
135
135
249
627
141
922
809
454
292
825
437
825
71
617
409
847
223
858
124
937
825
611
124
644
401
588
277
467
728
52
504
135
135
135
852
446
131
202
467
728
504
52
52
135
52
739
5
5
453
606
453
966
437
606
476
476
606
124
617
8
476
124
124
8
45
352
617
617
617
45
8
498
124
352
352
352
352
352
45
45
352
352
124
352
45
563
45
352
352
352
352
352
45
45
45
352
352
352
352
45
45
352
352
352
352
352
352
45
45
352
352
352
352
352
45
45
45
352
352
352
352
45
45
45
45
352
352
740
45
45
45
45
352
352
352
45
45
45
45
248
352
124
352
45
45
45
45
352
352
352
45
45
45
45
352
352
124
45
45
45
45
45
352
124
352
45
45
45
45
124
352
740
45
45
45
45
352
352
851
45
45
45
45
352
352
124
352
45
45
45
45
352
124
352
45
45
45
45
352
124
851
45
45
45
24
45
851
124
851
45
45
45
851
124
124
851
45
45
45
45
24
124
124
45
45
45
45
851
124
124
851
45
45
45
851
124
223
851
45
45
45
45
851
851
124
45
45
45
45
851
124
124
45
45
45
45
851
124
124
851
45
431
45
851
858
124
363
45
45
45
363
372
363
363
794
45
45
45
223
363
124
851
45
45
45
363
431
363
363
363
45
45
363
363
363
223
794
45
45
794
363
363
363
794
45
363
363
363
363
605
363
794
223
605
363
363
605
363
223
794
363
223
431
363
363
363
794
794
363
605
363
363
363
794
794
794
605
363
605
363
605
605
794
605
605
363
605
605
605
605
605
605
422
928
928
363
605
794
605
363
605
605
605
605
605
605
605
605
605
605
858
858
605
605
223
223
605
605
605
605
605
605
605
363
605
605
605
605
605
605
605
605
605
605
605
605
605
605
605
605
605
605
363
605
605
605
605
605
238
605
605
605
605
605
605
605
605
605
605
605
605
605
605
605
363
605
605
534
9219
1369
1211
1436
1291
1475
1215
2010
1637
1746
1263
1832
1918
1211
1973
1480
1369
1996
1258
1967
1057
1263
1552
1258
1828
1455
1409
1973
1839
2045
1312
2045
1427
2032
1743
1361
1330
2045
1935
1920
1489
1985
1438
1263
1057
1669
1998
1993
1438
1409
1973
1409
1828
1746
2032
1963
1409
1828
1438
1945
1930
1930
1828
1669
1094
2001
1686
1745
1479
1637
1283
1637
1985
1824
1832
1936
1936
1982
2045
1209
1409
1718
1828
1409
1779
1402
1718
1828
1599
2011
1703
1409
1998
1307
1606
1475
1409
1718
1669
1985
1215
1824
2045
1828
1784
2045
1820
1409
1436
1985
1283
1475
1594
1930
1431
1993
1435
1081
1277
1820
1985
1938
2045
1191
1409
1985
1930
1409
1424
1409
1828
1669
2032
1215
1936
1431
1985
2045
1351
1820
1940
1930
1626
1828
1529
1191
1812
1412
1828
1409
2045
1669
1529
1828
1396
2045
1669
1409
1828
1669
2045
1828
1705
1973
1439
1980
1751
1409
1529
1439
1939
1439
1439
1828
1936
1439
1806
1409
1439
1489
1439
1806
1439
1626
1636
1940
1564
1439
1439
1439
1439
1047
1968
1626
1439
1439
1439
2032
1626
1564
1669
1439
1439
1993
1564
1439
1925
2045
1439
1867
1439
1439
1448
1215
1439
1703
1439
1455
1557
1751
2045
1597
1439
1439
1439
2045
1635
1930
1812
1439
1439
1439
1439
1896
2006
1867
1526
1439
2046
1439
1636
1882
1925
1439
1439
1104
1439
1703
1857
2006
1564
1439
1439
1439
2032
1882
1703
1830
1535
1165
1519
1867
1896
1439
1439
2045
1961
1209
2032
1674
1583
2024
2045
1597
2006
2032
1651
1597
1439
1439
1439
1996
1996
1788
1409
1439
1439
1993
1519
1925
2006
1439
1439
1949
1703
1892
1519
2032
1519
1703
1703
1489
1439
1439
1925
1914
2006
1439
1439
1439
1439
1882
1788
2032
1480
1439
1867
1047
1839
1788
1857
1439
1439
1439
1886
2025
1519
1439
1439
1439
1439
1949
1635
1788
1788
1439
1439
1047
1886
1557
1993
1439
1439
1439
1047
1481
1397
1327
1327
1439
1327
1755
1755
1397
1755
1218
1327
1218
1755
1327
1397
1755
1583
1949
1979
1519
1263
1209
1892
1179
1977
2032
1392
2006
1104
1931
2032
1931
2003
1931
1104
1931
1279
1666
2046
1557
1392
1557
1392
1886
1857
1914
1392
1345
1775
1857
1991
1931
1675
2046
1349
1899
1155
1607
1884
1659
2046
1899
1959
1345
1392
1892
2025
1968
2046
1481
1991
2046
1622
1481
1886
2046
1884
1777
1977
1248
1349
1248
1160
2025
1417
1991
1248
1622
1777
1899
1903
1622
1248
2000
1903
1884
1884
1884
1349
1160
1777
1160
1515
1777
1155
2000
1899
1723
1723
1515
1903
1345
1755
1820
1788
1558
1519
1979
1896
2006
2006
1583
1635
1896
1896
2046
1659
1788
1659
1925
2035
1659
1519
1317
1347
1368
1801
1347
1659
2035
1777
2025
1607
1720
1807
1903
1991
1347
1334
1155
1347
1334
1723
2000
2000
1884
1748
1903
1349
1349
1777
1155
1076
1232
1607
1748
1777
1481
1723
1454
1349
1777
2000
1456
1723
1843
1857
1561
1755
1857
1807
1160
1456
1777
1903
1777
1903
1349
1515
1087
1365
1457
1626
1626
1830
1636
1947
2035
1529
1801
1585
1788
1801
1585
1589
1801
2046
1775
1481
1815
2035
1788
1896
1991
1481
1349
1903
2046
1903
1777
1991
1097
1554
1903
2046
1777
1903
1589
1155
1924
1723
1807
1884
1903
1349
1349
1515
1349
1903
1481
1349
2000
1911
1903
1349
1252
1653
1349
2023
1924
1456
2023
1924
1903
1349
2000
1653
1349
1628
1232
1995
1349
1801
1903
2034
2000
1884
1607
1884
1554
1554
1991
1368
1317
1589
1589
1589
1607
1991
1347
1554
2035
1547
1368
1317
1720
1589
1317
1607
1777
1317
1481
1720
1991
1589
1720
2035
1589
1417
1481
2046
1054
1892
1991
1347
1775
1317
1317
1991
1903
1349
1166
1969
1969
2001
2001
2001
1867
2025
2007
1831
1831
1589
1788
2034
1589
1949
1949
1949
1969
1585
1969
1554
2001
1554
2025
1368
1831
1831
1949
1949
2034
1949
1714
1969
1554
1991
1554
1554
1554
2025
1682
1481
1589
1831
1481
1949
2034
1160
1969
1585
1720
1554
1554
2032
1886
2028
2032
1481
1589
2035
1949
1949
1481
1949
1299
1481
2046
2025
1368
1317
1589
1589
1585
2046
1299
1481
2046
1991
1368
1349
2034
1892
2035
1585
1777
1554
1481
2025
1589
1589
1394
2034
1589
1884
1349
9220
2584
2629
2629
2629
2573
2560
2280
2898
2898
2820
2065
2521
2726
2898
2629
2300
2823
2898
2802
2280
2324
2572
2130
2082
2802
2280
2130
2778
2802
2280
2573
2674
2398
2965
2802
2280
2674
2702
2168
2156
2636
2280
2176
3043
2224
2853
2280
2802
2531
2820
2126
2802
2253
2938
2100
2629
2802
2665
2868
2672
2484
2560
2802
2863
2820
2868
2978
2180
2616
2065
2301
2775
2981
2065
2261
2065
2573
2741
2301
2215
2261
2261
2881
2695
2966
2811
2544
3014
2301
2623
2853
2253
2560
2261
2652
2966
2153
2261
2573
2820
2301
2164
2261
2360
2261
2261
2261
2963
2065
2233
2060
2912
2672
2419
2061
2336
2457
2404
2637
2465
2750
2336
2355
2466
2455
2456
2659
2750
2517
2757
2580
2561
2697
2100
2517
2757
2336
2757
2224
2659
2320
2820
2738
2105
2336
2517
2399
2687
2133
2757
2336
2061
2190
2665
2274
2758
3070
2517
2757
2336
3043
2333
2912
2723
2868
2830
2336
2344
2477
2750
3010
2492
2786
2579
2712
2996
2968
2061
2766
3070
2520
2756
2691
2865
2119
2914
2630
2178
2870
2561
2818
2206
2665
2457
3065
2074
2498
3065
2506
2678
2720
2762
2062
2520
2506
2516
2524
2875
3012
2720
2720
2380
2529
2121
2678
2457
2865
2520
2137
2492
2498
2717
2171
2492
2520
2695
2680
2968
2720
2228
2926
2977
2091
2174
2091
2506
2119
2091
2722
2177
3022
2857
2720
2916
2333
2769
2865
3022
3022
2764
3046
2346
2465
2804
2531
2971
2849
2775
3021
2091
2626
2424
2467
2691
2524
2707
2865
2972
2525
2467
2524
2520
2767
2122
2972
2457
2307
2238
2817
2930
2916
2091
2119
2520
2933
2794
2520
2119
2411
2123
2980
2262
2524
2091
2091
2411
2524
2520
3039
3025
2520
2707
2407
2863
2942
2119
2313
2979
2604
2604
2524
2800
2538
2231
2309
2524
2837
3069
2546
3028
2691
2574
2359
2520
2467
2811
2573
2506
2620
2933
2091
2443
2856
2520
3023
2817
3039
2091
3041
2756
2707
3023
2262
2619
2091
2883
2841
2520
2589
2865
2996
2531
2877
2262
2231
2091
2231
2091
2064
2121
2443
2351
2091
2091
2386
2589
2887
3062
2091
2091
2091
2520
2700
2700
2589
3039
2347
2091
2219
3035
2589
2340
2506
2091
2091
2771
2390
2506
2589
2457
2091
2091
2467
2774
2424
2915
2644
2284
2091
2833
2510
2119
2091
2091
2091
3011
2635
2700
2971
2307
2122
2467
2091
2945
2849
2510
2972
2944
2863
2756
2119
2091
2649
2791
2619
2942
2347
2939
2619
2936
2604
2330
2209
2936
2700
2119
2889
2944
2883
2825
2777
2119
2791
2097
2162
2564
2936
2343
2343
2178
2936
2936
2464
2944
2097
3012
2452
3029
2930
2421
2700
2619
2529
2549
2048
2905
2863
3041
2663
2663
2905
2990
3007
2619
2700
2209
2140
2182
2276
2463
3071
2276
2791
2443
2985
2564
2567
2330
3062
2350
2697
3062
2990
3012
2330
2990
2777
2877
2976
3055
2209
2567
3009
2162
2791
3055
2162
2791
2789
2887
2452
2990
2628
2717
2990
2735
2162
2467
2735
2877
2703
2589
2407
3008
2620
2083
2579
2579
2989
2564
3012
2877
2452
3009
2277
2529
3035
2721
2433
2765
2225
2915
2399
2591
2119
2219
2612
2996
2717
2628
2936
2628
2628
2907
2628
2628
2649
2968
2889
2939
2925
2277
2552
2628
2190
2085
2407
3050
2874
2644
2323
2791
2741
2991
3017
2628
2869
2097
2162
2411
2097
2628
2119
2601
2989
2628
3017
2936
2889
2564
2452
2789
2162
2628
2649
2604
2350
2990
2694
2564
2411
2788
2162
2976
2985
2735
2883
2825
2748
2644
2628
2628
2944
2484
3055
2478
2907
2097
2535
2907
2411
2531
2993
2944
2985
2884
2525
2219
2330
2857
2564
2821
2649
2800
2791
2990
3009
3009
2168
2777
2382
2701
2925
2097
2162
2156
2601
2594
3009
2883
2137
3044
2647
2253
3012
2672
3065
2493
2253
2509
2758
2181
2730
2990
2942
2987
3009
2985
2568
2990
2467
2531
2162
2979
2330
2944
2682
3017
2608
2883
2219
2942
2976
2137
2168
2771
3017
2090
2944
3032
2320
2735
2330
2411
2889
2649
2644
2168
2748
2608
2320
2368
3009
2330
2224
2771
2452
2253
2255
2457
2628
3007
2907
2628
2748
2564
3000
2190
2944
2735
2859
2735
2452
2137
2628
2628
2942
2329
2694
2585
2612
2735
2585
2644
2628
2628
2813
2608
2531
2694
2945
2330
2874
2330
2314
2789
3012
2585
3055
3009
2564
9221
3319
3223
3675
3280
3862
4024
4048
3724
3663
3649
3363
3348
3373
3745
3217
3953
3496
3831
3401
3377
3521
3456
3677
4062
3384
3595
4032
3629
3906
3753
4062
3710
3862
3428
3675
3842
4062
3554
3384
3380
3380
3262
3602
3384
3605
3711
3559
3398
3605
3508
3890
3335
3500
3684
3380
3447
3629
3094
3096
3711
3844
3526
3292
3107
3881
3662
3453
4048
3734
3427
3199
3890
3842
3202
3947
3178
3478
3297
3511
3919
3101
4066
3209
3098
3554
3745
3862
3862
3292
3684
4029
4016
3152
3741
3348
3407
3477
3659
3684
3890
3949
3248
4017
3335
3511
3726
3477
3649
3158
3791
3561
3280
3925
3414
3436
3439
3862
3248
3770
3862
3415
4064
4064
3415
3827
3517
3741
3578
3315
3216
3862
3323
4004
3407
3164
4064
3827
3827
3862
3265
3862
3415
3862
3257
3881
3343
3862
3508
3508
3507
3596
3456
3345
3091
3862
3687
3209
3855
3649
3174
3080
3953
3092
4052
3565
3202
3934
3336
3875
3260
3202
3097
3641
3876
4069
3927
3513
3524
3310
3456
3506
3189
3091
3506
3310
3225
3512
3218
3095
3442
3506
3428
3393
4052
3229
3512
3552
3822
3260
4041
3187
3393
3260
3741
3869
3616
3834
3443
4036
3123
3235
4051
3348
3475
3641
3158
3079
3477
4052
3529
4005
3101
3403
3535
3105
4004
4089
3698
3907
3845
3158
3470
3234
3641
3802
3136
3248
3868
3786
3082
3676
3495
3883
3575
4089
3945
3327
3868
3388
3270
3698
3346
3394
3604
4036
3604
3082
3289
3265
3477
3619
3210
3781
3467
3980
3229
3389
3672
3925
3138
3304
3945
3477
3598
3985
3455
3456
3123
3103
3080
3358
4085
3080
3641
3335
4033
3420
3839
3934
3868
3804
3177
3869
3565
3829
3270
3542
3942
4056
4013
3804
4005
3270
3158
3740
3552
3804
3619
3942
3198
3340
3747
3260
3310
3598
4052
3098
3641
4036
3073
3866
3982
3942
3366
3965
3987
3440
3442
3876
3409
3345
3504
3107
3495
3598
3887
3552
3088
3737
3913
3598
3598
3773
3455
3500
3849
3260
3424
4004
3328
3979
3979
3107
3271
4094
3455
3552
3265
3552
3552
3603
3443
3499
3499
3997
3512
3399
3477
3366
3425
3907
3598
3773
3402
3815
3376
3598
3535
3376
3791
3919
3741
3376
3966
3542
3913
3608
3903
3914
3376
3324
3598
3913
3751
3647
3351
3376
3913
3274
3455
4085
3722
3499
3235
3674
3913
3652
4042
3966
3504
3504
3737
3834
3428
3552
4077
4077
3598
3781
3327
4085
3751
3674
3296
3428
3452
3915
3304
3965
3901
4077
4087
3952
3111
3671
4087
4052
3237
3747
3951
3869
4036
3310
3605
3951
3935
3237
3741
3690
3869
3950
3901
3890
3325
3869
3868
3284
3880
3324
3474
3304
3215
3307
3300
3669
3276
3903
3557
3637
3727
3226
3598
3888
3888
3215
3182
3977
3215
3366
3888
3804
3459
3304
4030
3215
3777
3325
3880
3523
3523
3888
3523
4077
3511
3307
3104
3824
3869
4077
3935
4054
3764
3368
4087
3413
3363
3976
3904
3235
3824
3198
3325
4085
3880
4088
4008
3778
4072
4039
3674
3965
3890
3764
3749
3970
3296
3737
4094
4036
4036
3935
4072
3952
3647
3796
4036
4036
3727
3154
3154
3499
3464
3398
3781
4077
3855
3598
3660
3690
3737
3777
3982
3918
3154
3672
3887
3822
3284
3924
3822
3652
3154
3154
3645
3839
3777
4039
3154
3982
3154
3333
3778
3166
3154
3325
3919
3951
3154
3822
3772
3951
3942
3822
3154
3154
4054
3891
3154
3919
3952
4039
4004
3777
3782
3777
3777
3335
3777
3950
3777
4054
3740
4042
3782
4087
3893
3887
3313
3235
3777
3942
3672
3985
3623
3916
3777
3935
3778
3148
4052
3843
3148
3951
3182
4032
3880
3728
4067
3771
3542
3940
3869
3751
4087
3469
3935
3887
3740
3903
3078
3235
3919
3843
3928
3526
3929
3198
3739
3901
3307
3335
3274
3542
3822
3674
3970
3575
3171
3092
3743
3942
3439
3588
3998
3107
3585
3959
3940
3843
3843
3747
3338
4042
3320
3235
4094
3198
3633
3526
3810
4094
3982
3903
3903
3903
3438
3778
3690
3148
3577
3777
3088
3843
3264
3843
3284
3704
3500
3778
3736
3782
3904
3304
3535
3585
3674
4032
3673
3552
3542
3742
4041
3822
4079
4059
3469
3148
3261
3111
3202
3219
3764
3307
3970
4005
3887
3822
3987
3747
3304
3987
3736
3901
3148
3490
3778
3777
3284
3675
3674
3904
3307
3585
3329
4016
4059
3469
3535
3621
3182
3903
9222
4619
4347
4869
4919
4283
4867
4293
4726
4271
4374
4843
5039
4839
4140
4914
4726
4548
4819
4393
4694
4965
4400
4512
4371
4502
4229
4504
4412
5026
5009
4482
4519
4386
4242
4860
4490
4744
4854
4856
4537
4854
4377
4251
4103
4741
4988
4690
4786
4299
4843
4250
5042
4442
4519
5106
4437
4203
4504
4487
4593
4947
4354
4354
4603
4804
4703
4295
4949
5047
4988
4193
5003
4319
4850
4954
5077
4244
4325
4325
4283
4982
4437
4420
4537
4914
4646
4988
4402
4376
4299
4873
4900
4484
4722
4817
4629
4420
4193
4282
4240
4826
4459
4111
4856
4407
4301
4156
4722
4993
4393
4804
4393
4420
4655
4622
4315
4597
4263
4468
4786
4613
4772
4854
4313
4285
4720
4924
4285
4927
4302
4285
5086
4346
4795
4136
4854
4136
4168
4285
4664
4244
4244
4136
4285
4650
4286
4474
4751
4483
4302
4187
4670
4942
4817
4693
4660
4374
4161
4244
4220
4299
4942
4352
4292
4161
4599
4111
4795
4422
4289
4915
4856
4308
4285
4971
4481
4795
4317
4445
4928
4503
4273
4759
4289
4097
5102
4409
4856
4116
4097
4243
4288
4856
5024
4820
4313
4971
4432
4510
4746
4766
4214
4562
4398
4447
5029
4581
4409
4331
4273
4127
4751
4157
4915
4351
4409
4687
4856
4414
4599
4153
5095
4763
4116
4852
4157
4831
4540
4124
4626
4409
4273
4571
4164
4485
5020
4951
4763
4951
4665
5071
4202
4409
4736
5030
4273
5011
4875
4771
4816
4409
4273
4736
4116
4106
5061
4460
4740
4399
5036
4458
4243
4482
4736
4593
4987
5066
4496
4862
4414
4906
4368
4656
4736
4846
4482
4133
4409
5071
4656
4726
4400
4215
4168
4985
4116
4153
4726
4629
4726
4736
4736
4918
4671
5022
4629
5041
4813
4845
4763
4717
4409
4736
4736
4423
4379
4127
4589
4949
5095
5108
4726
4691
4320
5041
5011
4257
4766
4659
4726
4922
4862
4430
4546
4853
4720
5037
4330
4274
4908
5108
4830
4320
4460
4787
4484
4801
4733
4119
4586
4114
4823
4536
4430
4795
4810
4860
4357
4486
4667
4726
4801
5036
4455
5036
4667
5036
4815
4667
4799
4508
4726
4726
4439
4320
4461
4523
4289
4458
4939
4852
4482
4462
4983
4763
4187
4896
4414
4801
4702
4624
4111
4216
4399
4414
4806
5022
4806
4931
4924
4885
4612
4384
4940
5022
4132
4414
4216
4483
4175
5112
5094
4720
4720
4843
4676
4184
5010
5118
4241
4600
4653
4386
4806
4105
4504
4908
5058
4854
4862
4398
4539
4539
5094
4539
5079
4928
4539
4135
4484
4720
4955
4853
4546
5008
5029
4763
5094
4926
5037
4170
4830
4593
4132
4539
4484
5039
5052
4755
5058
4889
4830
5118
5096
5029
4747
4950
4848
4610
4987
4494
4159
4512
4923
4862
4334
4777
5022
4926
5011
4096
4926
4830
4414
4860
5022
4477
5095
4150
4414
4414
4782
5022
4414
5037
4349
5050
5094
4919
4370
4862
4889
4974
4390
5011
5057
5022
4962
5094
4926
4431
5096
4853
5059
5089
4184
4897
5089
4150
4918
4830
4589
4938
4625
5029
4934
5041
5110
5118
5052
4830
4862
4715
4876
4763
4539
4914
4384
5041
4654
4770
5012
4726
4184
5068
4734
4697
4285
4706
4285
4285
4693
4539
4442
4755
4592
4599
5059
5039
4150
4170
4987
4772
4985
4187
5115
4859
5038
5008
4931
4705
4810
4624
4770
4927
4710
4150
4906
4782
4861
4381
4705
4705
5096
4705
4625
4559
4983
5089
4711
4705
4934
4624
5115
4862
5095
5118
4624
5050
4705
5050
4184
4971
5058
5118
4145
5058
4488
4926
4384
4860
5059
4852
4921
4810
4460
4384
4221
4654
5056
5011
5079
4132
4962
4456
4334
4985
4120
4150
4654
4862
4615
5090
5059
5108
4862
4431
4620
4654
4331
4606
5052
4802
4589
5052
4332
4800
4826
4150
4955
4432
4615
4905
4831
4620
5041
4184
4800
4233
4114
4821
4876
4853
4862
5079
4955
4327
4762
4292
5049
4332
4662
4705
5022
4665
4324
4691
4830
5025
4351
4334
4900
4233
5049
4845
4985
4927
4720
4278
4755
4525
4720
5054
4460
4210
4211
4827
4845
4934
4927
4786
5052
4332
4678
4720
5096
4120
4821
4184
4691
4637
5052
4955
4784
4460
4184
5025
4599
4889
4592
4705
4477
4403
4265
4403
5042
4488
4800
4460
4226
4705
4705
4705
4497
4705
4386
4715
4705
4705
4374
4705
4705
4705
4860
4624
4624
5095
5058
5015
4853
5009
4599
4705
4786
4484
4120
4215
4835
4332
4925
4705
