9217
9218
0
0
0
0
0
0
0
0
0
0
0
0
0
0
0
0
0
0
0
0
0
0
0
0
0
0
0
0
0
0
0
0
0
0
0
0
0
0
0
0
0
0
0
0
0
0
0
0
0
0
0
0
0
0
0
0
0
0
0
0
0
0
0
0
0
0
0
0
0
0
0
0
0
0
0
0
0
0
0
0
0
0
0
0
0
0
0
0
0
0
0
0
0
0
0
0
0
0
0
0
0
0
0
0
0
0
0
0
0
0
0
0
0
0
0
0
0
0
0
0
0
0
0
0
0
0
0
0
0
0
0
0
0
0
0
0
0
0
0
0
0
0
0
0
0
0
0
0
0
0
0
0
0
0
0
0
0
0
0
0
0
0
0
0
0
0
0
0
0
0
0
0
0
0
0
0
0
0
0
0
0
0
0
0
0
0
0
0
0
0
0
0
0
0
0
0
0
0
0
0
0
0
0
0
0
0
0
0
0
0
0
0
0
0
0
0
0
0
0
0
0
0
0
0
0
0
0
0
0
0
0
0
0
0
0
0
0
0
0
0
0
0
0
0
0
0
0
0
0
0
0
0
0
0
0
0
0
0
0
0
0
0
0
0
0
0
0
0
0
0
0
0
0
0
0
0
0
0
0
0
0
0
0
0
0
0
0
0
0
0
0
0
0
0
0
0
0
0
0
0
0
0
0
0
0
0
0
0
0
0
0
0
0
0
0
0
0
0
0
0
0
0
0
0
0
0
0
0
0
0
0
0
0
0
0
0
0
0
0
0
0
0
0
0
0
0
0
0
0
0
0
0
0
0
0
0
0
0
0
0
0
0
0
0
0
0
0
0
0
0
0
0
0
0
0
0
0
0
0
0
0
0
0
0
0
0
0
0
0
0
0
0
0
0
0
0
0
0
0
0
0
0
0
0
0
0
0
0
0
0
0
0
0
0
0
0
0
0
0
0
0
0
0
0
0
0
0
0
0
0
0
0
0
0
0
0
0
0
0
0
0
0
0
0
0
0
0
0
0
0
0
0
0
0
0
0
0
0
0
0
0
0
0
0
0
0
0
0
0
0
0
0
0
0
0
0
0
0
0
0
0
0
0
0
0
0
0
0
0
0
0
0
0
0
0
0
0
0
0
0
9219
1945
1209
1857
1637
1857
1714
1209
1925
1925
1925
1925
1315
1589
1519
1519
1264
2001
1299
2028
2028
1831
1589
1216
1925
1044
1925
1519
1186
1240
1525
1136
1452
1409
1949
1426
1240
1857
1044
1925
1925
1452
1925
1186
1452
1452
1635
1949
1949
1828
1519
1240
1240
1867
1707
1925
1925
1925
1690
1299
1949
2034
1519
1969
2001
2001
1867
2025
1857
1925
1925
1974
1438
1438
1136
1707
1974
1707
1136
1426
1857
1857
1857
1857
1925
1925
1240
1426
1186
1525
1637
2028
1523
1452
1136
1857
1426
1857
1936
1452
1452
1452
2028
1452
1824
1525
1452
1583
1136
1714
1452
1452
1452
1452
1452
1452
1651
1583
1452
1083
1315
1714
1209
1315
2035
1690
1626
1452
1452
1637
1209
1216
1452
1857
1857
1690
1867
1857
1857
1857
1264
1867
1209
2028
1519
1519
1519
1519
1637
1209
1714
1179
1606
1179
1315
1714
2032
2028
1925
1690
1690
1547
1714
1209
1519
1966
1209
1714
2001
1216
2028
1179
1547
1216
1690
1179
1315
1637
1209
1714
1216
2001
2001
1690
2028
1299
1690
2028
1764
1637
1209
1714
1519
2035
1867
2028
1216
2028
2028
1589
1949
1589
1519
1519
1519
2001
1554
1299
2028
1867
1925
2028
1690
1949
1949
1519
1519
1519
1519
2001
1554
2028
2028
1925
1480
1925
1690
1857
1209
1714
1179
1867
2001
1867
2025
2028
1831
1635
1635
1519
1583
1583
1666
1583
2028
1216
1867
1867
1409
1480
1480
1480
1669
1635
1949
1519
1519
1583
1237
2001
1867
1480
1480
1949
1949
1969
1209
1426
2035
1547
2028
1315
1949
1547
1714
1949
1315
1054
1264
1714
1895
2025
1714
1179
1179
1925
1690
1179
1209
2046
1209
1547
1690
1209
1690
1209
2035
1519
1925
1315
1315
1606
1755
1985
1606
1635
1985
1485
1606
1351
1635
1985
1351
1485
1985
1438
1985
1351
1651
1433
1351
1755
1606
1931
1315
1626
1755
1867
1635
1867
1519
1690
1991
1452
1867
1519
1622
1547
1315
1690
1884
2046
1714
1714
1714
1755
1218
1397
1519
1690
1299
1669
1857
1960
1690
1209
1832
1179
1519
1209
1523
1209
1867
1209
1925
1867
1209
1690
1714
1209
1315
1315
2035
1315
1714
1115
1714
1714
1054
1690
1347
2028
1179
2025
1714
1179
1347
1347
1347
1481
2025
1179
1622
1714
1884
1035
1179
1669
1209
1426
1186
1426
1299
1216
1315
1209
1707
1240
1867
1637
2028
1637
1637
1690
1179
1945
1995
1589
1991
1519
1589
2025
1519
1755
1397
1635
1714
1519
2025
1884
1179
1179
1519
1925
1547
1547
1209
1315
1315
1315
1315
1315
1519
1606
1315
1315
1315
1519
1714
1714
1637
1637
1481
1637
1637
2028
1940
1264
1936
1209
1949
1209
1636
1857
1315
1299
1047
1315
1925
1925
1925
1925
1299
1669
2032
2028
1299
1519
1299
1299
1857
2032
1299
1299
1949
1299
1315
1925
1299
1519
1519
1519
2028
1651
2032
2032
1299
1179
1209
1925
1867
2032
2032
1452
1583
1209
1690
1690
1299
2028
1519
1452
1452
1925
1925
1523
1714
1669
1299
1925
1481
1179
1690
1519
1519
1635
1409
1867
2032
2032
1669
1925
1949
1925
1547
1714
1216
1519
1179
1480
2028
1452
1857
1925
1925
1925
1216
1714
1925
1299
1637
1519
1714
1209
1857
1857
2035
1299
1925
1299
1299
1315
1925
1209
1519
1949
1315
1216
1857
1857
1895
1968
1936
1982
1637
1237
1237
1525
1519
1264
1186
1452
1867
1452
1452
1485
1651
1209
1452
1209
1857
1299
1209
1690
1651
1867
1519
1519
1519
1216
1589
1216
1857
1690
1714
1714
1714
1714
1216
1264
1519
1714
1519
1589
1714
1529
1690
1179
1519
1690
1589
1867
1209
1547
1519
1519
1216
1857
1857
1857
1690
1690
1547
1589
1299
1315
1315
1315
1587
1519
1589
1714
1714
1714
1519
1703
2001
1674
1857
1974
1974
1637
1936
1936
1179
1925
1452
1519
1637
1519
1606
1583
1519
1714
1637
1209
1857
1179
1209
1216
1690
1209
1589
1179
1179
1047
1315
1690
1925
1315
1589
1047
1519
1857
1857
1519
1216
1519
1857
1216
1519
1867
1216
1216
1047
1179
2035
1547
1925
1216
1315
1216
1519
1690
1714
1714
1857
1519
1119
1216
1690
2035
1216
1216
1637
1179
1925
1179
1209
1209
1519
1264
1817
1669
1867
2032
1857
1914
1209
2035
1674
1606
1651
1606
1674
1669
1925
1982
1936
1940
1674
1525
1606
1651
1651
1637
1240
1832
1707
1936
1264
2032
9220
2924
2924
2924
2884
2276
2983
3039
2462
2393
2462
2884
2214
2935
2270
2716
2506
2972
2942
2727
2276
3050
2936
2096
2137
2884
2884
2798
2721
2968
3032
2693
2646
2594
2821
2564
3023
3035
3035
2821
2137
2549
2971
2848
2510
2644
2733
2170
2955
2681
2769
2693
2868
2397
2224
2821
2276
2225
2619
2568
2820
2489
2936
3050
2137
2972
3041
2777
2644
2470
3023
3071
2214
3071
2639
2489
2631
2464
2224
2225
2609
2993
2681
2269
2489
2918
3007
2261
2825
2879
2214
2791
2371
2214
2307
2170
2936
2450
2681
2549
2947
2170
2946
2091
2719
2857
2681
2549
2506
2091
2868
2451
2971
2719
2137
2884
2462
2971
2386
2857
2646
2939
2920
2137
2971
2936
2214
2681
2972
2137
3022
2214
2506
2421
2390
2473
2770
2451
2137
2644
2861
2568
2214
2462
2857
2695
2214
2489
2506
2506
2733
2946
2719
2833
3022
3028
2971
2972
2137
2968
2884
2333
2946
2510
2102
2697
2506
2874
2857
2914
2789
2874
2248
2936
2430
2333
2946
2276
3007
2162
2857
2214
2857
2942
2694
2971
2564
2939
2462
3023
3023
2214
2947
2945
3041
2884
2388
2939
2884
2289
2884
2289
2091
2906
2501
3009
3009
2945
2727
2549
2644
2939
2579
2972
2789
2419
2123
2162
2156
2501
2462
2868
2307
2644
2989
2671
2320
2789
2671
2735
2945
2972
2968
3041
2874
2579
2540
2972
2789
2419
2972
2349
2857
3058
2978
2650
2434
2686
2056
2650
2639
2639
3011
2628
2905
2672
2156
2770
2208
3052
2937
2419
2143
2799
2799
2316
2735
2093
2787
2941
2511
2647
2912
2248
2386
2860
2697
2628
3007
2945
2874
2945
2277
2579
2276
2419
2419
2944
2401
2697
2419
2314
2724
2972
2612
3012
2462
2412
2412
2639
2149
3043
2054
2978
2978
2978
2978
2048
2650
2701
2253
2978
2674
2860
3058
2651
3058
2208
2966
3043
2859
2289
2603
2972
2639
2536
2579
2462
2721
2412
2978
3012
2501
2721
3024
2608
2330
2946
3055
2942
2330
3012
2912
2412
2946
2789
2400
2419
2946
2224
2506
2215
2412
2906
3008
2920
2879
2978
3000
2419
3000
2419
2972
2944
2972
2920
2721
2224
2820
2651
2978
2494
2978
2434
2628
2628
2777
2224
2912
2510
2631
3071
2514
2833
2944
2912
2419
3012
2419
2419
2419
2429
2920
2868
2877
2462
2946
2137
2594
2137
2770
2293
2214
2269
2170
2331
2882
2882
2882
2291
2269
2693
2693
2693
2946
2857
2133
2990
2946
2733
3012
2276
2905
2942
2945
3032
3022
2741
2628
2246
2225
2487
2419
2054
2945
2693
2443
2292
2128
2600
2946
2946
3043
2972
3022
2733
2694
2462
2818
2277
2815
2544
2762
3071
3071
2419
2419
2289
2920
2214
2450
2644
3007
2544
2820
2462
2214
2881
2261
2261
2906
2137
2314
2857
2603
2881
2877
2456
2881
2649
2971
2972
2905
2333
2462
3012
2579
2789
2884
2881
2214
2881
2777
2262
2789
2238
2945
2697
2529
2789
2972
2462
2857
2972
2857
2996
2793
2857
2462
2137
2137
2215
2665
2462
2282
2777
2510
3007
2628
2884
2214
2511
2719
2716
2137
2137
2276
2972
2777
2972
2462
2971
2515
2789
2918
2884
2129
2719
3028
2137
3035
2680
2918
2129
2996
2508
3008
2289
2238
2462
2214
2214
3028
2644
2918
2947
2289
3039
2470
2777
2333
2603
2137
2884
2884
2214
2567
2224
2874
2789
2289
2912
2291
2352
3064
2681
2215
2693
2679
2568
2564
2501
2646
2945
2905
2693
2693
2693
2307
2733
2972
2412
2137
2331
2884
2733
2412
2412
2412
2462
2628
2631
2733
2945
2412
2681
2716
2137
2412
2920
2920
2506
2789
2912
2946
2920
2789
2412
2996
2419
2292
3032
2996
2945
2330
2714
2714
2777
2942
2957
2628
2419
2137
2884
2884
2628
2214
2946
2123
2115
2912
2434
2680
2946
2412
2628
2815
3023
2365
2540
2511
2544
2993
2799
2946
2214
2419
2462
2657
2884
2789
2857
2972
2412
2419
2678
2462
2800
2942
2462
2176
2123
2607
2096
2114
2607
2939
2510
2972
2508
2223
2815
2096
2462
2912
3059
2942
2096
3050
2791
3055
2400
2400
2990
2460
2850
2419
2434
3007
2423
2434
2398
2398
3012
2447
2344
2128
2733
2143
2939
2510
2579
2307
2771
2307
2824
3059
2552
2920
2712
2600
2879
2333
2276
2789
2137
2972
2884
2508
2824
2857
2137
2243
2290
2307
2716
2291
2291
2646
2291
2506
2514
2214
2269
2170
2716
2884
2316
2291
2575
2234
2470
9221
3657
3657
3994
3289
4028
4067
3603
3307
3307
3269
3178
3834
3288
3916
3188
3307
3951
3802
3959
3582
3618
3783
3924
3807
3834
3743
3740
3522
3289
3916
3320
3912
3435
3313
3313
3264
3136
3302
3579
3302
4059
3179
3776
3142
3585
3284
3289
3498
3672
4039
3959
3516
3381
3291
3826
3929
3530
3843
3498
3734
3705
3552
4067
3820
3498
3245
3447
3919
4073
3552
3257
3993
3209
3995
3645
3338
3876
3291
3552
3734
3096
3820
3869
3639
3088
3352
3251
3805
3452
4039
3844
3270
3829
3288
3802
3670
3154
3498
3343
3898
3639
3916
4084
3498
3303
3733
3456
3082
3480
3251
3924
3896
3331
3924
4079
3905
3434
3820
4085
3082
3898
3241
3498
3498
4048
3187
3406
3219
3916
3269
3996
3552
3506
3416
3592
3674
3952
3877
3690
3870
3950
3586
3303
3905
3194
3398
3905
3531
3303
3486
3183
3809
3307
3307
3269
3424
3413
3743
4091
3396
3614
3924
3244
3269
3950
3897
3786
3498
3660
4067
3266
3288
4079
4036
3082
3940
3747
3951
3179
3082
3940
3498
3857
3498
3251
3082
3623
3409
3585
3284
3751
3719
3940
3674
3474
3912
3605
3309
3111
3965
3951
3474
4004
3142
3940
3674
3909
3498
3452
3951
3747
4059
3777
3959
3760
3919
3498
3959
3265
3413
3674
3847
3623
3530
3585
3623
3304
3782
3416
3557
3804
3674
3284
3747
3437
3674
3727
3179
3623
4032
3914
3580
3615
3811
3237
3811
3082
3081
3815
3785
3811
3256
3662
3897
3885
3376
4014
3815
3886
3819
3231
3536
3671
3147
3583
3885
3246
3314
3175
3437
3133
3909
3802
3413
3747
3777
3618
3552
3303
3950
3802
3951
3437
3498
3705
3303
3148
3829
3500
3303
3148
3188
3303
4088
3303
3303
3188
3915
4077
3586
3116
4091
3525
3209
3649
3162
3662
3115
4091
3816
4090
3230
3662
3816
3186
3327
3649
3662
3662
3684
3613
3662
3431
3439
3215
3873
3816
3719
3815
3540
3536
3310
3675
3116
3903
3615
4052
3304
4053
3829
3506
3182
3747
3437
3814
3662
3935
3523
3456
3498
3303
3945
3824
3950
3924
3876
3933
3307
3498
3885
3885
4000
3862
3719
3437
3885
3890
3363
3189
3500
4000
3824
3669
3751
3870
3303
3498
3777
3634
3327
3935
3111
3335
3252
3237
3951
3325
3259
3368
3506
3506
4052
3690
3674
3366
3623
3815
3909
4053
3276
3307
3897
3885
3897
3302
3290
3747
3805
3142
3586
3251
3805
3585
3623
3675
3935
3154
3111
4008
3802
3498
3672
3231
4088
3870
3439
3736
3257
3862
3604
3777
3777
3984
3996
3627
3929
3729
3763
3506
3985
3647
4008
3719
3931
3654
3706
3698
3413
3929
3900
3719
3292
3925
3098
4010
3252
3555
3912
3555
3824
3148
3804
3965
3393
3952
3919
4067
3500
3618
3661
3862
4029
3728
3329
3856
3829
3592
3428
3313
3734
3329
3583
3952
3178
3734
4004
3269
3327
3329
3734
3777
3771
3504
3269
3256
3705
3329
4067
3820
3524
3734
4083
3297
3187
3900
3600
3552
3540
4070
3452
3913
3913
3583
3439
3950
3705
3552
3747
3396
3907
3142
3951
4000
3690
3829
3959
3736
3297
3621
3148
3304
3491
3498
3111
3631
3478
3783
3916
3529
3825
3913
3491
3623
3184
3485
3536
3111
3269
3869
3665
3452
3288
3989
3820
3198
3876
3247
3474
3600
3111
3844
3687
3800
3631
3400
3623
3288
3586
3935
3300
3822
3955
3413
3930
3246
3930
3399
4041
3254
3254
3603
3603
3815
3266
3585
3375
3801
3352
4067
3288
3307
3082
3303
4053
3509
3736
3673
3270
3844
3536
3540
3915
4067
3266
3413
3303
3552
3269
3935
3935
3735
3303
3303
3764
3804
3951
3951
3335
3303
3844
3552
3620
3705
3269
3130
3583
3822
3735
3567
3416
3303
3498
3498
3727
4067
3506
3552
3855
3670
3735
3509
3935
3552
3600
3513
3313
3187
3982
3884
3970
3583
3088
3934
3861
3303
3485
3143
3269
3536
3851
3736
3929
3310
3829
3824
3620
3890
3307
4038
3851
3940
3763
3327
3447
3586
3933
3252
3259
3486
3909
4094
3738
3913
3437
3727
3929
3325
3985
3797
4072
3819
3641
3366
3088
3586
3931
3887
3797
3289
3825
3082
3865
3870
3797
3716
3825
3587
3243
3914
3849
3802
3913
3335
3931
3951
3385
3797
3166
3797
4048
3802
3296
3797
3307
3950
4079
3413
3573
3327
3931
3455
3802
3886
3587
3663
3087
3307
3116
3670
3266
3916
3289
3256
3674
3195
3531
3805
3216
3409
3955
3935
9222
4285
5072
4491
4545
4691
4246
5025
4826
4285
4692
4795
5082
5037
4554
4854
5095
4388
4197
4377
4155
4875
5012
4830
4193
4516
4774
4686
4599
4507
4525
4287
4465
5023
4465
4333
4646
4628
4227
4457
4941
4519
4100
4555
4613
4921
4203
4529
4460
5056
4705
4461
5049
4802
4911
5018
4494
4155
4318
4348
4620
5108
4332
4193
4662
5108
4332
4318
4662
4384
4305
4121
5029
4851
4200
4200
4127
4241
5012
4560
4994
4955
4364
5011
4407
4998
4503
4510
4202
4676
4787
4348
4869
4692
4526
4684
4950
4474
4317
4896
5099
4801
4133
4900
5104
4211
4249
4721
4816
4971
4132
4654
4740
4426
4127
4340
5097
5095
4786
4330
4143
4648
4532
4776
4096
4351
4648
5029
5099
4306
4299
4786
4340
5118
4727
4374
4728
4650
4786
4175
4554
4721
4106
5025
4691
5042
4878
4676
4587
4184
4211
4957
4809
4161
4507
4745
4900
4161
4161
5108
5029
4931
4921
4599
4931
4589
4305
4320
4161
4828
4721
4335
5024
4721
4757
5087
5058
4662
4705
4305
5037
4508
4096
4645
4266
4931
4097
5087
4510
4510
5058
4971
4248
5026
5029
4971
4757
4534
5107
4728
4175
4800
4830
5029
4721
4426
4529
5094
4971
5027
4620
4728
4648
4942
4776
4334
4999
4800
5012
4508
4246
4403
4119
4866
4226
5031
4705
4318
4196
5047
4127
4324
4508
4305
4318
4119
4771
4414
4482
4654
4332
4412
5069
4505
4971
4240
5026
4740
4697
4801
4496
4398
5119
5035
4233
5022
4494
4431
5029
4126
5022
4400
4494
4680
4816
5056
4193
5118
4942
4364
5118
4955
4705
4426
4698
4652
4376
4524
4813
4377
4335
4739
4701
4465
4771
5031
4720
4927
4484
5059
4296
4197
4451
5042
4942
4305
4856
4434
4305
4597
4575
4536
4536
4757
4563
4721
4495
4369
4592
4122
4922
4829
5040
4369
4393
5105
4480
4352
5042
4855
4536
4942
5089
4418
4844
5105
4829
5105
4757
4536
4657
5096
4853
4788
4985
5059
4721
4138
4686
4335
4364
4972
4820
4456
4830
4625
4705
4353
5059
4636
4926
5117
5018
4342
4175
4384
4875
4686
4788
4494
5027
4524
5069
5047
4103
4302
5105
4305
5069
5027
4875
4119
5112
4331
5089
4862
4249
4211
4197
4931
4906
4972
4851
5059
4776
5019
4861
5059
4955
4524
4926
4749
4681
4643
4972
4175
4197
4179
4859
4320
5078
5099
4390
5018
4143
4221
4822
4814
5069
4545
4653
5017
5045
5018
4536
4134
4875
4942
4656
4853
4305
4853
4305
4536
4589
4624
4305
4335
4335
4364
5018
4449
5059
4770
4942
4200
4756
4260
4705
4328
4906
4119
5041
4997
4106
4460
5087
4407
5024
4202
4305
4217
5059
4374
4719
4875
4950
4786
4470
4676
4242
5061
5056
4587
4215
4988
4387
4157
5029
4278
4988
4127
4873
4676
4299
4792
4193
5105
4713
5007
4251
4106
4281
4196
4662
4331
5107
4193
4692
4289
5037
5025
5108
4892
4227
5007
4988
4193
4524
4334
4646
5077
5108
4253
4227
4211
4510
4143
4511
4387
4558
4426
4691
5067
4823
4536
4911
4287
5011
4942
4510
5072
4170
4650
5030
4190
4691
5069
4812
4828
4721
4911
4751
4890
4364
4170
4522
4705
4771
4999
4727
4829
4988
4894
4411
4510
5056
4287
4942
4096
4924
4381
4810
4364
4465
4554
4337
4946
5105
4480
5020
4480
4971
4657
4190
4278
4942
4771
4692
4227
4860
5045
4914
5045
4595
4385
4560
4555
4643
4238
4480
4766
4593
4869
4507
4612
4529
4651
4654
4987
4278
4662
4705
4931
4506
5067
4988
4988
4193
4422
4896
4358
4783
4455
4869
4540
4480
4480
4599
4508
4698
5067
4960
5093
4540
4296
4335
4698
4950
4692
4721
5096
4755
4335
4197
4988
4896
4797
4757
5019
4732
4587
5003
4654
4480
4477
4662
4662
4335
4665
4988
4193
4692
4570
4456
4508
4494
5003
4854
4771
4202
4239
4692
4801
4432
4657
4197
4721
4650
4377
4942
4727
4759
4325
4576
4830
4202
4335
4816
4782
5046
4132
4460
5045
4511
4343
4192
4861
4384
5096
4726
4477
4305
5019
4168
4766
4927
4305
5024
4684
5103
5108
4444
4686
4739
4771
4511
4776
4756
4654
4460
4643
4119
4551
4511
4244
5011
4346
4893
5097
4221
4316
4424
4852
4791
4586
4615
4402
4194
5020
4696
4656
4786
4377
4278
4127
4454
4974
5007
4331
5094
4145
4638
4612
5097
4198
4508
5096
4638
4779
5042
4440
4145
4801
5064
4305
4494
4592
4972
4911
4801
4829
