9217
9218
950
814
814
814
814
814
814
814
814
814
814
814
814
814
814
814
814
814
814
814
814
814
814
814
814
814
814
814
814
814
814
814
814
814
814
814
814
814
814
814
814
814
814
814
814
814
814
814
814
814
814
814
814
814
814
814
814
814
814
814
814
814
814
814
814
814
814
814
814
814
814
814
814
814
974
814
814
814
814
814
814
814
814
814
814
814
814
814
814
814
814
814
814
814
814
814
814
814
814
814
814
814
814
814
814
814
814
814
814
814
814
814
814
814
814
814
814
814
814
814
814
814
814
814
814
814
814
814
814
814
814
814
814
814
814
814
814
814
814
814
814
814
814
814
814
814
814
814
814
814
814
814
814
814
814
814
814
814
814
814
814
814
814
814
814
814
814
814
814
814
814
814
814
814
50
148
148
978
978
978
539
539
972
966
972
966
972
966
814
464
814
464
464
814
814
814
814
814
814
814
814
814
814
814
814
814
814
814
814
814
974
814
814
814
814
814
814
814
814
814
814
814
814
814
814
814
814
974
814
814
814
814
814
814
814
814
814
814
814
814
814
814
814
814
814
814
814
814
814
814
814
814
814
814
814
814
814
814
814
814
814
974
814
814
814
814
814
814
814
814
814
814
814
814
814
814
814
814
814
814
814
814
814
814
814
814
814
814
814
814
814
814
814
814
881
148
148
978
978
978
972
539
972
972
972
464
464
464
464
464
464
464
974
464
464
464
464
464
464
464
464
814
814
814
814
814
814
814
974
814
814
814
814
814
814
814
814
974
814
814
464
464
869
869
869
464
869
869
974
464
974
464
869
869
869
869
869
869
869
869
869
869
881
881
881
881
869
881
875
875
881
881
875
635
635
999
999
999
999
999
999
999
999
999
999
999
999
999
999
999
999
999
999
999
999
999
999
999
999
999
999
999
999
999
999
999
999
999
999
999
999
999
999
635
610
148
148
978
978
539
539
764
764
764
966
764
464
974
464
464
464
464
464
464
974
464
464
464
764
464
464
764
881
881
875
635
635
999
999
999
999
999
999
999
999
999
999
999
999
999
999
999
999
999
999
999
999
999
999
999
999
999
999
999
999
999
999
999
999
999
999
999
999
999
999
999
999
999
999
999
999
999
999
999
999
999
999
999
999
881
9219
1981
1155
1653
1981
2023
1924
1748
1981
1777
1653
1981
2023
1252
1653
1981
1777
1653
1515
1628
1252
1911
2023
1252
1653
1981
1349
1903
1115
1349
1252
1653
1748
2023
1252
1748
2023
1252
1252
1748
1252
1252
1748
1628
1252
1454
1748
2023
1252
1456
2023
1858
1454
1748
1456
1252
1858
1748
1858
1252
1748
2023
1252
2041
1748
1628
1252
1748
2023
1252
1653
2023
1252
1252
1748
2023
1252
1748
2023
1252
1653
1748
1807
1457
1523
1807
1097
1815
1097
1807
1300
1701
1561
1300
1457
1701
2003
1300
2046
1701
1300
1457
1964
1964
1755
1755
1711
1666
1583
1209
1930
1931
2032
2028
1583
1175
1931
1172
1261
1261
1261
1327
1261
1261
1261
1261
1512
1512
1512
1557
1048
1789
1789
1635
1635
1048
1789
1789
1519
2001
1867
1831
1831
2034
1519
1519
1969
1969
2001
2001
2001
1867
1831
1409
1409
1409
1985
1985
1480
1438
1718
1828
2001
1867
2028
1480
1985
1985
1985
1409
1718
1193
1263
1436
1191
1753
1599
1057
1828
1263
1455
1824
1409
1409
1387
2045
1828
1837
1597
1409
1784
2045
1915
1996
1837
1480
1409
1263
1610
1057
1838
1480
1480
1480
1788
1937
1937
1998
1788
1243
1243
2007
1993
1973
1880
1764
1788
1635
1703
2001
2001
2001
1703
1480
1481
1947
1585
1969
1937
1807
1104
1831
1094
1094
1867
1489
1813
1480
1788
1635
1626
1824
1880
1880
1813
1409
1788
1565
1209
1937
1947
1666
1896
2028
1583
1947
2001
1703
1813
1480
2028
1585
1947
1770
1794
2028
1666
1947
2028
1585
1947
1583
1949
1263
1666
1947
1770
1215
1979
1585
1764
1722
1824
2028
1585
1161
1846
1666
2008
1666
1722
1597
1849
1597
1352
1931
1722
2008
2008
1583
1583
1947
1998
1764
2032
1950
1583
1583
2003
2032
1867
1327
1520
1327
1218
1327
1327
1218
1460
1755
1557
1969
1755
1175
1635
1327
1062
1557
1755
1519
2032
2008
1746
2032
2042
1279
1947
1489
1947
1947
2028
2028
1554
1519
1949
1352
1583
1947
2001
1558
1788
1489
1839
1759
1354
1722
1583
1993
1794
1263
1057
1352
2001
1788
1666
1794
1867
1824
1352
1892
1722
1711
1711
1896
1931
1947
2028
1722
2001
1993
1998
1675
1675
1526
1057
1489
1352
1931
1583
2035
1519
1788
1694
2028
1788
1867
1788
1896
1788
1622
1519
2046
1788
1979
1047
1979
1607
1345
1947
1801
1896
1659
1896
1659
1554
1607
2003
2003
1626
1626
1930
1409
1788
1526
1788
1519
1788
1931
1047
1867
1896
1896
1896
1589
1931
1047
1801
2035
1519
1279
1412
1626
1626
1626
1626
1626
1519
1626
1626
2032
1523
1519
1626
1175
1788
1788
1788
2035
2032
1519
1519
1759
1626
1557
1867
1815
2032
2032
1947
1368
1368
1481
1896
1585
1896
1896
1626
1896
1931
1047
1788
1047
1526
2032
1392
1788
1788
1519
1047
1788
1690
1982
1801
1047
2006
1481
1801
2035
1557
2035
1519
1700
1703
1160
1047
2046
2035
1083
1612
1788
1690
1788
1606
1209
2035
1669
1519
1982
1529
1216
1119
1564
1351
1424
2014
1635
1896
1982
1351
1824
1838
1812
1555
1513
1480
1057
2010
1996
1984
1436
1555
1918
1480
1191
1211
1985
1985
1307
1409
1718
1705
2045
1838
1985
1828
1874
1555
1937
1436
1937
1828
1828
2001
1513
1438
1784
1920
1513
1480
1947
1949
1788
1759
1998
1996
1480
1480
1824
1880
1743
1969
1554
1104
2028
1831
1831
1831
1831
2006
1831
1831
1480
2034
1635
1743
1626
1984
1424
1666
1424
1674
1874
1610
1674
1354
1846
1812
1409
1674
1984
1824
1846
1583
1839
1722
1794
1606
1828
1606
1674
1674
1209
1209
1057
1626
1996
1480
1998
1722
1048
1979
1947
1513
2032
1846
1637
1635
1993
1896
1867
1583
2028
1930
1392
2028
1783
1846
1583
1846
1812
1635
1996
1824
1930
1794
1846
1583
1984
1489
1874
1837
1583
1409
1666
1583
1424
1583
1751
1431
1635
1513
1635
2028
1585
1947
1801
1696
1867
1327
1327
2012
1327
1327
1327
1769
1327
1797
1327
1755
1755
1557
1801
2001
2001
1828
1973
1669
1480
1409
1094
2001
2001
1519
1669
1409
1136
1136
1123
1525
1246
1719
1828
1705
1263
1409
1967
1123
1967
1754
1307
1707
1754
1416
2032
1828
1480
1396
1409
1525
1222
1874
1436
2045
1330
1764
2006
1104
1979
1969
1669
1409
2045
1057
1996
1896
1789
1610
1838
1480
1703
1993
1867
9220
2600
2128
2985
2740
2883
3050
2619
2802
2802
2619
2802
2928
2820
2820
3017
2802
3017
2730
2881
2881
2925
2277
2881
3024
3050
2513
2513
2147
2190
2735
2990
2976
2123
2452
2467
3009
2976
2889
2907
2907
2224
2649
2907
2162
2350
2452
2649
2748
2889
2748
2452
2985
3017
2907
2748
2889
2649
2097
2813
2649
2452
2649
2350
2907
2964
2985
2649
2452
2985
2694
2907
2748
2889
2907
2452
2985
2985
2869
2748
2813
2649
2989
2403
2274
2154
3022
2957
3066
2989
3009
2274
2907
2097
2130
2841
2432
2284
3022
2922
2986
2489
2907
3021
2650
2274
2874
3007
2786
2833
2462
2947
3023
3022
2215
2393
3062
2291
3021
3021
2978
2494
3021
2277
3021
2284
3021
3021
3021
2567
2494
3023
2378
2438
2320
2514
2372
3021
2156
2468
2825
2946
3028
2344
3023
2343
2957
2957
2859
2694
2540
2770
2770
3062
2420
2420
2665
2665
2623
2415
3023
2860
2608
2735
3043
2608
2665
2665
2993
2787
2464
2781
2083
2368
2156
2245
2463
2904
2377
3044
2083
2115
2060
2729
2828
3044
2470
2904
2921
2575
2887
2832
2156
2470
2693
2098
2796
2787
2470
2095
2168
2521
2937
2209
2939
3069
2829
2623
2459
2957
2939
2402
3051
2206
2218
2531
2665
2579
2728
2938
2253
2253
2601
2741
2579
2665
2105
2380
2825
2660
2874
2154
2344
2750
2702
2165
2383
2404
2057
2147
2312
2623
2048
2746
2649
2283
2162
2430
2182
2225
2677
3017
2564
2942
2147
2892
2411
2651
2620
2940
2404
3066
2147
2498
2248
2607
2756
2942
2088
2060
2619
2568
2484
2644
2398
2906
2478
2863
3071
2829
2430
2920
2054
2525
2462
2756
2528
2309
2516
2429
2712
2531
2612
3069
2459
2394
2133
2596
2992
2406
2815
2206
2834
2834
2868
2717
2815
2083
2451
2876
2890
2180
2574
2343
3021
2880
2224
3065
3021
2186
2088
2347
2564
2877
2964
2965
2869
3015
2944
2162
2665
2936
3050
2936
2552
2536
2544
2993
2654
2639
2770
2429
2284
2877
3022
2277
2224
2693
2889
2833
2459
2313
2283
2619
2895
3069
2907
2628
2829
2283
2462
2060
2126
2430
2182
2956
2130
2484
2380
2333
3028
2628
2380
2329
2801
2535
2386
2717
2404
3000
3007
2877
2347
2083
2876
2317
2957
2607
2162
2748
3063
2735
2365
2829
2825
2649
2313
2564
2115
2344
3047
2206
2082
2820
2869
2946
2459
2833
2642
2649
2702
3070
2702
2944
3028
2344
2085
2938
2535
2283
2677
2928
2619
2860
2859
2320
2451
2501
2424
2699
2999
2429
2243
2404
2942
2487
2270
2649
2162
3028
2140
2140
2140
2323
2983
2983
2344
2642
2421
2181
2872
2154
2859
2181
2746
2181
2181
3017
2701
2085
2869
2544
2665
2154
2140
2140
2140
2983
2085
2833
2971
2404
3034
2451
3023
2181
2180
2759
2140
2140
2759
2140
2478
2140
2764
2462
2140
2255
2140
2140
2140
2307
2942
2181
3000
2942
2111
2800
2731
3022
2234
2406
3000
2510
2604
2985
2830
2122
2234
2333
3022
2789
2580
2567
2628
2544
2882
2882
2333
2226
2727
2293
2470
2860
2275
2646
2170
3055
3014
2054
2769
2430
2642
2659
2535
2833
2813
2825
2598
2402
2937
2382
2382
2320
2320
2538
2980
2642
2168
2691
3062
2296
3044
2933
2088
2095
2729
2729
2859
2470
2682
2156
2658
2623
2380
2829
2168
2057
2608
2320
2629
2429
2720
2535
2922
2249
2240
2115
2860
2944
2573
2344
2601
2390
2088
2277
2191
2206
2665
2404
2150
2581
2579
2588
2672
2964
2660
2468
2971
2468
2462
2742
3070
2964
2914
2223
2914
2659
2695
2979
2443
2972
2627
2971
2695
2223
2881
3038
2964
3065
2161
2817
2535
2333
2990
2090
2215
3047
2223
2232
2697
2939
2811
2603
2906
2604
2186
2825
2894
2607
2085
2833
3007
3028
2150
2400
2895
3005
2129
3015
2628
2494
2494
2990
2912
2965
2820
2199
2806
2494
2494
2568
2275
2741
2462
2215
3047
2863
2707
2411
3005
2628
2735
2915
2255
2433
3028
2746
2060
2813
3021
2597
2314
2862
3021
2601
3058
2297
2564
2438
2284
2700
2404
2999
2368
2904
2345
2575
2528
2829
3044
2380
2697
2411
2993
2307
2510
2506
2307
3069
2440
2594
3064
3064
3064
2727
2313
2767
2117
2269
2380
2484
2693
2464
3064
2844
2762
2594
2433
2307
2693
2537
2817
2946
2762
2665
2646
2284
2459
2930
2098
2693
2601
2762
2429
2274
2498
2812
2608
2965
2942
2980
9221
3284
3673
3903
3327
3154
3585
3585
3585
3704
3623
3880
3890
3555
3600
3600
3812
3154
3154
3891
3919
3368
3368
3542
3904
3880
4072
3856
3449
3891
3929
3437
4088
3890
3929
3719
3893
3952
3935
3585
3929
3904
3893
3824
3890
3890
3585
3824
3904
3893
4072
3782
3880
3904
3296
3824
3987
3891
3893
3647
3904
3893
3284
3904
3782
4072
3987
3893
3893
4072
3987
3893
3891
3782
4072
3901
4072
3893
4008
3891
3824
4088
3990
3732
4006
3816
3307
3347
3966
3398
3331
3380
3590
3398
3822
3901
3704
3935
3166
3901
3839
3673
3986
3694
4074
4074
3662
3526
3314
3540
3276
3246
3452
3891
4019
3880
3819
3979
3880
4042
3296
3944
4036
3979
3782
3662
3804
3154
3526
3447
4088
3979
3662
3775
3970
3919
3200
3673
3510
3675
3300
3778
3675
3398
3154
3818
3107
3300
3398
3398
3843
3890
3740
3653
3126
3774
3303
3736
3675
3304
3091
3510
3323
3777
3237
3506
3903
3903
3275
3466
3345
3974
3175
3675
3130
3287
3817
3473
3168
3516
3633
3315
3126
3168
3768
3466
3981
3516
3460
3976
3955
3502
3466
3497
3900
3726
3354
3130
3460
3732
3573
3130
3732
3175
4032
3740
4047
3175
3754
3420
3676
3094
3726
3200
4013
3743
3398
3839
3557
3819
3970
3704
3126
3460
3345
3964
3884
3565
3704
3175
3719
3997
3918
3738
3839
3315
3652
3868
3747
3504
3726
3250
3422
3420
4047
3634
3555
3084
3998
3652
3107
3377
3625
3727
3314
3394
3591
3707
3385
3670
4090
3724
3929
3072
4048
3878
3384
3096
3847
3634
3394
3704
3300
3329
3274
4004
4056
3406
3710
3512
3231
4056
3072
3595
3094
3226
3443
3260
3182
3523
3621
3401
3260
3169
3115
3080
3359
3260
3719
3815
3603
4010
3541
3260
3120
3359
3719
3727
3377
3704
3602
3401
3662
3944
3856
3944
3419
3410
3508
3100
3410
3530
3442
3377
4077
3398
3478
3783
3232
3727
3622
3619
3724
3810
3812
3447
3406
3233
3426
3703
3478
3539
3900
3188
3492
3307
3909
3929
3388
3095
3909
3985
3929
3153
3265
3385
3924
3292
3763
3252
3647
3887
3447
3802
3591
3409
3607
3727
3592
3175
3488
4070
3182
3383
3471
3183
3656
3690
3722
3829
3474
3398
3631
3772
3857
3623
3366
3504
3966
3719
3602
3363
4056
3847
3447
3736
3901
3373
3966
3474
3158
4039
3965
3743
3202
3152
3095
3174
3585
3870
3907
3970
3868
4077
3261
3107
3674
3581
4008
3704
3087
4042
3719
3260
3450
3924
3758
3523
3674
4010
3523
3523
3675
3260
3604
3523
3778
4041
3260
4041
3685
3685
3681
3964
3923
3923
3990
3373
3373
3107
3738
3876
3923
3447
3447
3600
3119
3877
3373
3530
3928
4006
3530
3685
3622
3890
3380
3703
3450
4006
3970
3348
3940
3772
3590
3924
3986
3758
3645
3859
3470
3259
3384
3358
3376
3398
3107
3964
3660
3274
3436
3923
4006
3573
4042
3398
3185
4006
4042
3940
3398
3928
3660
3990
3990
3333
3704
3719
3506
3867
3257
3867
3296
3951
3883
3841
3711
3509
4023
3238
3535
3313
3293
3591
3158
3819
3307
3819
3819
3819
3195
3078
3855
3120
3668
3978
3633
3553
3815
3819
3628
3517
3842
3419
3366
3903
3819
3819
3976
3999
3126
3354
3814
3354
3999
3780
3315
3740
3999
3422
3192
3464
3540
3198
3739
3248
3833
3998
4024
3757
3933
4005
3987
3694
3811
3430
3126
3978
3719
3955
3276
3753
3783
3929
3719
3595
3719
3815
3970
3293
3259
3577
3715
3474
3259
3597
3263
3953
3314
3406
3739
3625
3710
3660
3166
3499
3703
3119
3296
3649
3831
3836
3741
3836
3395
3229
4095
3651
3651
3351
3330
3313
3450
3737
3087
3889
3363
3625
3499
3649
3153
3337
3154
3630
3225
3407
3216
3416
3787
3202
3945
3174
3844
3996
3870
3506
3598
3727
3336
3276
3363
3383
3442
3774
3366
3668
3774
3774
3659
3523
3787
3212
3376
3307
3924
3913
3370
3774
3979
3216
4014
3845
3540
3162
3607
3964
3366
3876
3936
3405
4070
3325
3907
3405
3764
3428
3743
3299
3868
3300
3500
3111
3500
3810
3941
3715
3466
3354
3315
3126
3913
3941
3500
3676
3727
3536
4065
3822
3118
3352
3074
3156
3922
3389
3443
3506
3473
3403
3415
3116
3777
3348
3522
3984
3924
3742
3984
3415
4019
3510
3139
3943
3822
3623
3957
3876
3460
3389
3736
3466
3780
3350
3510
3609
3876
3976
3168
3644
3232
3597
3955
3783
9222
4927
4456
5095
4972
4184
4484
4681
4835
4972
4549
4705
4860
5079
4624
5047
4456
4119
4755
4845
4988
4615
5006
5012
5114
4170
4862
4119
4379
4119
4860
4926
4170
4810
4830
4934
4460
5089
4184
5029
4810
5052
5058
5089
4184
4460
5089
4962
4955
4955
5118
4926
5089
4460
5118
4926
5115
4889
5118
5114
4950
4624
4624
5012
4889
4926
5110
5058
4311
5015
5118
5052
4962
5052
5118
4962
4769
5052
4311
5029
5114
5118
4970
4631
4720
4972
4733
5042
4624
4624
4733
4485
4360
4705
4624
5022
4972
4801
4615
4747
4539
5052
4900
4823
5068
4715
4456
4444
4508
4175
4190
4487
4242
4305
4633
4881
4795
4215
4705
4907
4408
4276
4700
4416
4919
5050
4132
4202
4307
5038
4931
4134
5038
5023
4978
4203
4794
4985
4526
4660
4240
4655
5036
4906
4899
4177
4899
4955
4150
4705
4351
4862
4853
4911
4536
5020
4436
4387
4670
4714
4850
4705
4300
4705
4246
4689
5058
4137
4462
4496
4616
4427
4621
4427
4943
4915
4427
4650
4427
4349
4472
4633
4829
4609
4410
4633
5103
4496
4786
4546
5103
4449
4270
5103
4159
4803
4752
4447
4732
4246
4332
4684
4468
4689
4564
4633
4305
4168
4171
4714
4985
4394
4514
4787
4490
4459
4187
4730
4712
4324
4733
5018
5031
4767
4346
4983
5031
4215
4314
4293
4717
4755
4730
4983
4829
4613
5031
4274
4796
4532
4151
4892
4616
4697
4670
4697
4209
4878
4103
4254
4691
4761
4517
4119
4330
4965
4443
4743
4965
5107
4151
4965
4544
4972
4948
4379
4760
4817
4965
4965
4776
4119
4497
4561
4302
5024
4599
4609
4456
4426
4255
4743
4494
4860
4770
4436
4536
4100
4586
5097
4545
4545
4161
4651
4536
4487
4250
4283
5081
4650
4537
4545
4317
4790
4265
5020
4567
4414
4939
4567
4620
4631
4741
4320
4161
4839
4887
4829
4687
4961
4831
4937
4899
4519
5020
4357
4357
4695
4927
4196
4225
4985
4170
4853
4332
4732
4161
5106
4317
5071
4150
4909
4860
4498
4560
4830
4636
4766
4656
4733
4313
4539
4786
4875
4681
4791
4656
4511
4914
4786
4633
4983
4681
4791
4145
4179
4494
5012
5105
4377
4202
5075
4337
5087
4453
4117
4754
4249
4381
4893
5024
5094
5050
5041
4487
5093
5108
4893
4145
4175
4699
4701
4305
4713
5079
4615
4287
4153
4114
4631
4933
4971
4485
4807
4474
4684
4283
4866
4635
4864
4786
4548
5037
4927
4184
4349
4937
4651
5058
4519
4487
4545
4545
4604
4497
5081
4397
4255
4549
4285
4977
4192
4549
4397
4921
4283
5081
4676
4977
5040
5107
4881
5099
4459
4545
4545
4845
5093
5093
4175
4388
4695
4881
4374
4895
4153
4234
4881
4940
4318
4881
4336
5026
5094
4756
5081
4845
4133
5070
5009
5070
5093
4866
4950
4489
4845
4935
5022
4739
4813
4977
5094
4183
4893
4406
4153
4109
4459
4733
4836
4814
4533
4440
5029
4845
4881
4801
4845
5093
4977
4985
4197
5070
4909
4676
4351
4854
4431
4613
4706
4242
4165
4549
4149
4740
4474
4484
4640
4203
4484
4670
4111
5094
4264
4178
5022
4755
4348
4757
4960
4561
4205
4844
4259
4633
4178
4892
4324
4794
4512
4705
5049
5075
4264
4833
4217
4722
4750
4100
4915
4497
4349
4585
4925
4909
4591
4661
4274
4512
4616
4389
4171
4903
4853
4829
4161
4369
4317
4161
4507
4175
4759
4759
4320
4513
4347
4965
4179
4761
5013
4177
5022
4351
4720
4891
4875
4759
4234
4702
4919
4613
4864
4532
5012
4621
4971
5034
5038
4941
4532
4532
4266
4215
4443
4730
4418
4864
4853
4532
4890
4678
4532
4225
4643
5007
5093
4225
4379
4528
4241
4306
4511
4771
5107
4350
5109
4532
4482
4149
4627
4429
4691
5117
4851
4894
4296
4225
4225
4372
4532
4443
4497
4977
5036
4697
4733
4474
4899
5040
4536
4977
4972
4496
4759
4759
4161
4732
4436
5036
4915
4656
5081
4536
4536
4536
4536
4536
4883
4681
4429
4281
4306
4361
4927
5040
4446
4351
4119
4676
4620
4595
4820
4667
4801
4681
4887
4771
4381
4486
4175
4830
4296
4681
5018
5103
5029
4500
4562
4314
4269
5116
4585
4269
4917
4759
4768
4288
4251
4878
4803
4442
4439
4906
4558
4829
4352
4894
4905
4869
4288
4959
4403
4243
4470
4937
4657
5066
4894
4222
4139
4136
4751
4618
4439
4407
4407
4914
4829
4889
5024
5021
5102
4856
4776
4320
4159
4849
4347
4324
4377
5005
4159
