9217
9218
194
668
668
668
482
482
482
563
482
507
507
828
232
190
225
862
535
642
601
920
412
51
312
806
806
462
910
391
266
578
33
326
642
516
497
971
632
312
953
971
953
1010
953
850
266
174
725
291
308
829
539
806
5
221
221
221
437
825
437
5
5
221
437
825
852
190
786
174
698
698
522
522
522
249
543
484
249
633
359
522
522
786
359
91
522
633
359
522
95
234
62
151
151
151
563
889
521
453
739
456
739
456
456
456
5
456
456
456
456
456
456
5
5
456
456
456
943
456
847
141
922
995
891
842
842
195
85
1001
356
767
832
87
152
135
5
456
852
85
234
356
719
719
387
873
185
274
852
263
234
202
593
800
800
23
52
135
5
5
410
507
507
852
563
5
748
456
703
852
901
402
661
942
77
458
427
946
946
766
312
551
478
749
497
496
215
734
312
806
502
636
81
276
81
5
435
444
703
703
104
249
19
661
199
769
9
420
829
502
711
551
478
749
749
542
496
21
543
543
723
410
636
703
249
597
748
551
105
703
703
597
597
224
224
597
888
774
232
402
847
478
922
164
749
891
496
842
732
740
853
703
703
901
703
232
926
551
618
566
703
79
902
50
661
511
9
941
941
941
391
926
551
922
164
80
496
254
21
312
549
24
142
74
142
711
435
834
419
888
74
888
153
688
224
563
153
153
774
232
264
141
922
164
995
80
891
121
50
578
33
423
538
268
268
247
722
358
39
538
420
268
247
598
41
356
719
193
193
185
391
435
478
749
749
28
835
835
543
543
224
507
888
828
232
232
748
551
444
419
372
828
774
224
224
774
774
372
774
519
628
478
922
164
995
891
891
732
853
853
853
979
979
979
79
902
926
551
331
566
979
79
902
50
712
511
9
9
941
614
614
951
551
922
749
740
529
563
632
312
366
244
74
81
81
81
671
834
74
630
74
81
153
81
543
153
153
888
153
232
264
141
922
164
995
529
529
121
50
278
33
423
601
268
420
247
722
358
39
538
268
268
247
85
41
356
16
193
522
185
95
234
62
447
151
702
889
929
521
521
1000
739
1000
145
121
263
234
1001
345
137
151
702
889
521
521
739
662
629
149
629
521
521
785
662
149
527
339
195
722
358
39
538
935
361
39
47
85
41
355
743
719
534
9219
1557
1557
2046
1589
1775
1991
1607
2035
2035
1895
2046
1895
1622
1300
2025
1995
1300
1526
1896
2035
1788
2006
1638
1104
1780
1798
1167
1291
1557
1594
1896
1743
1694
1931
2017
2003
1403
1759
1743
1849
1557
1354
1755
1367
1161
1521
1996
1755
1896
1801
1743
2028
1664
2017
1896
1331
1815
1711
1788
1764
1807
1801
1759
1694
1334
1981
1764
1936
1152
1610
1606
1996
1283
1283
1237
1597
1674
1119
1583
1335
1895
1759
1947
1797
1520
1520
1253
1573
1059
1327
1896
1838
1341
1739
1216
1996
1664
1896
1594
1700
1059
1652
1797
1418
1261
1769
1871
1327
1062
1573
1535
1755
1161
1815
2045
1387
1387
1828
1237
1396
2045
1915
1529
1529
1109
1439
1806
1564
1980
1806
2024
1939
1838
1612
1435
1439
2024
1980
1806
2024
1155
1977
1047
1991
1694
1047
1284
1659
2015
1047
1167
1815
1097
1696
2006
1608
1213
1365
1646
1612
1353
1612
1509
1564
1612
1178
1165
1341
1109
1877
1771
1837
1455
1206
1558
1857
2010
1936
1109
1400
1270
1213
1975
1268
1119
1627
1882
1905
1694
1867
2032
1523
1788
1896
2006
1815
1812
1896
1896
1764
1746
1948
1501
1828
1610
1237
1838
1651
1250
1996
1830
1739
1824
1117
1452
1812
1156
1156
1250
1524
1156
1263
1925
2024
2024
1771
1519
1998
1669
1529
1812
1984
1250
1604
1915
1830
2045
1751
1815
1815
2010
1270
1270
1838
1812
1812
1250
1828
1830
1830
1838
1964
1597
1270
1270
1610
1812
1838
1812
1250
1828
1341
1516
1838
1083
1610
1930
1998
1867
1812
1828
1489
1250
1409
1915
1828
1753
1083
1270
1565
1341
1610
1341
1838
1439
1250
1753
2045
1610
1341
1191
1341
1838
1813
1604
1764
1409
1664
1341
1565
1664
1828
1664
1838
1838
1396
1268
1952
1759
1993
1664
1104
1998
1410
1392
1666
2028
1920
1764
1279
1759
2008
2015
1764
1998
1585
1759
1743
1775
1188
1764
1801
1558
1622
1588
1788
1764
1594
2025
1780
1160
1188
1404
1896
1696
1104
1519
1558
1896
1788
2015
1815
1835
1104
1759
1979
2035
1188
1519
1775
2046
1788
1694
2025
1622
1188
1345
1896
1701
1047
1589
1607
2025
1905
1955
1940
1955
1905
1945
1535
1806
1270
1211
2024
1403
1610
1565
1629
1991
1998
1335
1743
1798
1675
2017
1335
1666
1931
1666
1666
1485
1684
2014
1416
1142
1123
1996
1862
1123
1193
1152
1502
1156
1156
1156
1156
1739
1161
1263
1968
1268
1882
1610
1993
1828
1117
1631
1806
1138
1109
1250
1612
1838
1838
1564
1270
1583
1291
1886
1287
1392
1327
1059
1161
1418
2003
1327
1755
1828
1042
1213
1737
1975
1975
1211
1564
1612
1806
1905
2015
1886
1594
1703
1788
1694
1896
1838
1789
1270
1964
1583
1442
1307
1365
1612
1529
1555
1237
1237
1525
1669
1452
1838
1771
1156
1186
1211
1186
1156
2024
1533
1263
1525
1502
1669
1211
1925
1782
1240
1998
1152
1263
1152
1828
1217
1525
1436
2045
1838
1828
1136
1427
1263
1918
2045
1211
1152
1152
1307
1136
1502
1669
1877
1152
1837
1612
1502
1533
1604
1915
1152
1525
1136
1705
1973
1409
1159
1828
1669
1409
1409
1075
1119
1555
1830
1838
1191
1270
1828
1812
1403
1250
1838
1409
2045
1753
1828
1610
1597
1838
1801
1812
1753
1830
1789
1681
1864
1439
1837
1812
1341
1567
1812
1354
1830
1996
1270
1560
1789
1751
1270
1270
1828
1828
1610
1751
1753
1864
1270
1838
1862
1812
2045
1526
1969
1993
1998
1587
2015
1993
1896
1392
1996
1764
1191
1392
1664
1696
1899
1895
1404
1558
1788
1664
1175
1867
2046
1896
1175
1519
1867
1175
1175
2045
1191
1789
1713
1669
1806
1608
1945
1361
1519
1788
1998
1610
1565
1626
1057
1519
1188
1368
1815
1664
1755
1353
1573
1573
1520
1573
1535
1964
1557
1161
1664
1175
1217
1949
1996
1455
1409
1427
1828
1915
1610
1996
1427
1771
1436
1409
1409
1691
1786
1610
1824
1920
1985
1880
1839
1985
1782
1838
1838
1862
1406
1920
1801
1059
1846
1410
1161
1664
1825
1367
1557
1998
1057
2006
1920
1057
1048
1880
1156
1597
1828
2021
1610
1604
1838
1307
1567
1985
1828
1590
1083
1915
1984
2045
1838
1718
1584
1932
1985
1841
1828
1998
1436
1216
1896
1585
1969
2032
1554
1412
1772
1626
1993
1812
1597
1604
1984
1739
1753
1838
1610
1782
1838
1191
1610
1753
1828
9220
2849
2840
2849
2915
2915
2915
2344
2933
2421
2529
2506
2800
2989
2796
2164
2877
2877
2905
2344
2277
2567
2649
2957
2206
2450
2383
3066
2060
2764
2206
2731
2619
2344
2642
3071
2309
2746
2939
2404
2514
2650
2746
2738
2764
2581
2412
2699
2316
2528
2316
2697
2147
2764
2577
2440
2751
2463
2232
2907
2703
2573
2699
2581
2344
2350
2936
2508
2148
2824
2398
3003
3003
3003
3003
3003
2451
3069
2806
3055
2781
2649
2484
2083
2552
3021
3021
3021
2738
2516
2083
2109
2746
2438
2825
2557
2355
2677
2764
2344
2887
2360
2109
2642
2940
2489
2383
3021
2284
2619
2115
2404
2249
2463
2905
2869
2902
2847
2063
2530
2290
2530
2530
3046
2978
2948
2830
2520
3035
2520
2062
2130
2130
2978
2968
3011
3066
2494
2505
2062
2082
2489
2230
2642
2091
2091
3070
2660
2746
2505
2907
2091
2505
2407
2101
2714
2680
2908
2483
2130
2898
2188
2978
2062
2076
2130
2978
2096
2527
2583
2263
2240
2730
2730
2489
2084
2284
2847
2281
2847
2378
2378
2535
2263
2267
2978
2263
2115
3039
2561
2429
2218
2735
2344
2115
2977
2915
2307
2206
2130
2344
2915
2307
2231
2776
2530
2824
2955
2257
2714
2942
2208
2799
2799
2484
2101
2824
2139
2096
2547
2879
3065
2989
2101
2642
2799
2222
2765
2571
2862
2804
2757
2517
2336
2757
2905
2510
2060
2434
2347
2992
2859
2935
2652
2651
2806
2153
2557
2149
2806
2806
3002
2557
2557
2639
2557
2886
2412
2580
2978
2639
2494
2438
2557
2341
2661
2837
2693
2341
2567
2636
2567
2978
2341
2978
2868
3071
2438
2404
3000
2213
2225
2886
3002
2639
2806
2762
2778
2750
2505
2693
2746
2693
2341
2378
2997
2227
2060
2636
2693
2965
2639
2339
2339
2928
2907
2517
2267
2097
2971
2415
2255
2561
2383
2705
2691
2580
3011
2485
3010
2753
2219
2544
2246
2936
2968
2206
2224
2090
3008
2726
2607
2818
2153
2731
2064
2771
2219
2459
2165
2507
2971
2631
2186
2506
2696
2723
2876
2746
2313
2765
2791
2850
2332
2434
2665
2721
2246
2546
2644
2945
2365
2721
2344
2862
2907
2162
2224
2857
2612
2360
3055
2119
3055
3038
2925
2671
3012
2526
2388
2604
2888
2991
3046
2581
2830
2177
2226
2060
3066
2344
2957
2191
2528
3035
2186
2830
2573
2097
3047
2953
3051
2962
2965
2165
2346
3003
2434
2143
2455
2143
2824
2083
2684
2377
2348
2282
2282
2096
2600
2576
2161
2123
3058
2278
2123
2576
2489
2950
2343
3012
2851
2552
2978
2514
2165
2986
2366
2882
3039
3063
2765
2707
3021
2905
3021
2589
2293
2655
2483
2583
2660
2483
2483
2770
2416
2514
2332
2463
2505
2579
2859
2459
2404
2263
2133
2712
2415
2516
3015
2313
2440
2255
2650
3039
2639
2165
2594
2968
2774
2379
2869
2284
2214
2249
2123
2434
2139
2434
2252
2883
2669
2434
2309
2774
2594
3019
2269
2117
2295
2106
3069
2732
3046
3058
2952
2515
2515
2609
2767
3019
2862
2211
2515
2838
3045
2269
2762
2464
2801
2684
2675
2594
2549
2921
2684
2646
2767
3019
2681
2993
2703
2060
2454
2686
2232
2921
2453
2548
2438
2956
3053
2741
2227
2770
2770
2209
2770
2557
2297
3023
2880
2208
2402
2693
2693
2070
2514
2498
2588
2665
2628
2628
2347
2339
2520
2524
2524
2249
2463
2077
2579
2770
2741
2206
2926
2494
2341
2070
2494
2850
2997
2868
2060
2332
2993
2693
2505
2130
2108
2505
2057
2591
2978
2208
2767
2307
2936
2374
2289
3039
2300
2933
3069
3070
2715
2628
2581
2395
2646
2567
2868
2825
2307
2115
2905
2636
2274
2781
2568
2859
2639
2250
2266
2940
2639
2108
2307
2723
2968
2930
2308
2180
3017
2787
2054
2703
2224
2525
2383
2501
2314
2507
2346
2360
2905
2457
2693
2404
3021
3066
2412
2147
3066
2383
3010
2897
2588
2862
2321
2702
3063
2746
2955
3058
2672
2952
2741
2824
2312
2950
2344
2945
2940
2320
2332
2320
2313
2591
2320
2313
2320
2412
2412
2591
2699
2874
2165
3021
2841
2453
2933
2905
2455
3007
2186
2447
2652
2933
2547
2644
2986
2730
2910
2760
2729
2859
2636
2530
2824
2323
2639
2227
2824
2227
2824
2497
2862
2983
2824
2378
2591
3003
2227
3003
3003
3003
2280
3003
3003
2457
2628
2156
2412
2868
2352
2942
2450
2298
2619
2888
2829
2738
2588
2412
2412
3057
2430
2412
2412
2584
2412
9221
3208
3942
3598
3580
3791
3940
3296
3447
3866
3182
3327
3965
3862
3526
3719
3531
4042
3888
3388
4056
3904
3534
3896
3896
3377
3896
3719
3857
3869
3585
3399
3825
3195
3805
3927
3430
3924
3715
3314
3314
3401
3314
3314
3314
3314
3314
3314
4042
3314
3732
3431
3732
3715
3096
3747
3413
3698
3719
3447
3829
4084
3698
3660
3251
3577
3783
3542
4051
3348
3289
3854
3855
3104
3686
3523
3931
3931
3692
3401
3931
3931
3257
3802
3878
3460
3364
3841
3410
3715
3841
3101
3494
3865
3600
3770
3581
3600
3879
4077
3796
3816
3796
3662
3348
3796
3878
3715
3944
3885
3410
3233
3903
3662
3802
3647
3759
3186
3849
3309
3753
3816
3247
3662
4049
3119
3119
3599
3232
3650
3466
3770
3773
3934
3961
3440
3466
3797
3466
3819
3487
3488
3764
3913
3715
3259
3073
3442
3259
3913
3531
4019
3727
3868
3137
3849
3986
3473
3347
3401
3636
3931
3934
3797
3780
3819
3797
3636
3640
3694
3215
3785
3232
3650
3103
3739
3260
3499
3290
3431
3650
3271
3569
3934
3569
3569
3488
3215
3569
3183
3475
3957
3957
3957
3383
4019
3877
4008
3436
3884
3997
3080
3072
3960
3473
3740
3608
3473
4084
3074
3651
4095
3742
3929
3252
3884
3918
3662
3289
3514
3931
4082
3489
3818
3583
3780
3118
3313
3375
3753
3197
3545
3305
3119
3119
3323
4083
3247
3780
3317
3246
3119
3323
3600
3600
3600
3600
4083
3976
3431
3315
3622
3431
3867
3094
3431
3600
3600
3290
3732
3810
3976
3939
3669
3600
3636
4019
3154
4077
3819
3075
3600
3647
3977
3119
3868
3662
3774
3774
4019
3819
3819
4045
3373
3907
3660
3662
3819
3650
3819
3158
3671
3427
3934
3606
3431
3872
3431
3259
3464
3431
3363
3230
3315
3072
3860
3463
3197
3621
4077
3179
3358
3506
3457
3475
3504
3440
4069
3368
4052
3413
3182
3095
3783
3166
3783
3580
3580
3783
3492
3800
3257
3471
3704
3486
4024
3183
4041
3945
3940
3088
3389
3095
3309
3467
3340
3783
4077
3859
3727
3621
3398
3665
3400
3363
3737
3715
3531
3365
3997
3096
3923
3704
3814
3388
3719
3280
3690
3747
3598
3313
3388
3764
4039
3413
3095
3809
3305
3263
3485
3875
3088
3581
3101
3422
3419
3662
3259
3446
3739
3715
3389
3426
3494
3581
3660
3888
3256
3622
4007
3977
3662
3233
3931
3233
3579
3628
3939
3199
3289
3289
3842
3650
4067
3734
3116
3230
3851
3840
3487
3186
3809
3422
3309
3583
3734
3340
3716
3208
3662
3811
3811
3819
3797
3243
3780
3716
3516
3787
3797
3747
3608
3183
3899
3340
3400
3945
3261
3821
3430
3431
4033
3166
3440
3640
3569
3156
3535
4024
3428
3531
3569
3724
3822
3535
3095
3798
3905
3182
3183
3694
3776
3322
3092
3662
3986
3309
3949
3836
4083
3446
3290
3290
3622
3735
3489
3820
3692
3290
3489
3650
3650
4095
3622
4074
3094
3637
3715
4095
3290
3366
3623
3389
3302
4095
3142
3931
3805
3931
3836
3943
3290
3651
3302
3251
3836
3309
3290
4074
3943
3836
3375
3962
4095
3289
3805
3962
3688
3657
3963
3450
3650
3651
3836
3337
4019
3707
3363
3455
3822
3354
3232
3434
3660
3354
3662
3290
3116
4083
3897
3669
3290
3600
4083
3600
3600
3662
3600
3600
3600
3622
3950
3535
3366
4090
3502
3072
3104
3729
3669
3387
3997
3439
3498
3662
3675
3976
4077
3961
3819
3819
3232
3109
3819
3819
3271
3585
3662
3662
3662
3885
3662
3271
4045
3420
3470
3609
4065
3819
3880
3310
3189
3585
3623
3273
3273
3346
3251
3111
3540
3585
3535
3623
3251
3909
3856
3502
4077
3787
3365
3480
3727
3176
3260
3631
3343
3502
3119
3829
3703
3508
3790
3527
3593
3517
3119
3242
3982
3421
3874
3939
3668
3182
4089
3741
4084
3345
3446
3662
3426
3467
4045
3095
3885
3795
3785
3878
3685
3275
3254
3682
3970
3970
3467
3254
3322
3322
3545
3573
3500
3317
3545
3492
3743
3625
3473
3735
3735
3757
3735
3961
3434
3757
3366
3434
3650
3275
4053
3919
3253
3802
3662
3494
3232
3773
3812
3088
3844
3931
3887
3734
3200
3741
3323
3275
3234
3816
3115
3094
3974
3434
3931
3401
3431
3191
3154
3931
3931
4055
3606
3545
3931
3415
3629
3659
3277
3234
3418
4006
3104
3383
3596
3802
3259
3623
4020
3212
3212
3741
3604
3492
3826
3829
3545
3867
3115
3905
3961
3554
3259
3662
3928
9222
4808
5013
4480
4862
4856
5090
5037
4539
4943
4460
5042
4318
4249
4519
4696
4873
4625
4345
4796
4459
4459
4314
4829
4824
4931
4653
4715
4824
4145
5058
5047
4318
4283
4636
4184
4748
4151
4893
5005
4495
4377
4745
5093
4621
4314
4389
4179
4767
4519
4829
5070
5068
4281
4801
4678
5005
5041
4715
4540
4715
4403
5027
5079
4747
4292
4624
4455
4795
4189
4380
4533
4361
4285
4659
4999
4134
4468
4578
4959
4983
4497
4305
5110
4756
5026
4648
5116
4928
4334
4864
4861
4625
4891
4536
4819
4695
5106
4393
4117
4924
4921
4604
5074
4931
4776
5094
5010
4915
4885
4197
4734
4733
5042
4926
4639
4137
4617
4565
4529
4472
5008
4653
5091
4259
4869
4788
4561
5103
4713
4562
4990
4788
4427
4312
4171
4857
4257
4543
4124
4276
4194
4202
4134
4776
4615
4810
4971
4414
4680
4414
4829
4820
4108
4896
4980
4743
4495
4259
4259
4759
5028
5103
4664
5042
5103
5087
4948
4700
4543
4673
4709
4447
4272
4695
4681
4463
4284
4183
4455
4905
4766
4936
4948
4371
4948
4803
4948
4487
4615
4768
4927
4664
4416
5045
4948
4862
5089
5040
4342
4221
4861
4459
4248
4400
4743
4366
5095
4594
4796
4716
4143
4122
4122
4905
4695
4194
4695
4454
4522
4656
5091
4947
4592
4444
4616
4795
4705
4710
5061
4695
4697
4697
5025
4788
4695
4387
4697
4914
5095
4593
4334
4536
4788
4536
5046
4536
4253
4697
4274
5024
4281
5032
4579
4648
4971
4881
4919
4536
4536
4478
4540
4307
4893
4442
4380
4670
4106
4386
4166
4370
4478
4536
4536
4334
4536
4536
4162
4852
4906
4756
4618
4836
4274
4536
4699
4409
4951
4453
4437
4985
5024
4881
4583
4741
4883
4203
4284
4989
4541
4853
4536
4905
4536
4930
4416
4349
4699
4773
4906
4965
4675
4855
4987
4525
4866
4484
4307
4760
5087
4720
4983
5029
4755
4926
4713
4786
4389
5087
4720
4364
4849
4678
4507
4593
4510
4745
5099
4950
4318
5087
4636
4852
4891
4892
4701
4853
5114
4197
4983
4647
4924
4860
5041
4655
4655
4983
4283
4860
5087
4935
4508
4624
4678
4351
4546
4318
4853
4733
4861
4484
5026
4835
4540
4502
4404
4314
4453
4519
4560
5050
4948
4732
4480
4673
4875
4875
4947
4345
4624
5026
4659
4390
5112
5094
5087
4389
4537
4745
4355
4741
4970
4203
4178
4103
4495
4794
4385
4788
5107
4125
4966
4716
4646
4454
4198
4551
4562
4137
4511
4211
4137
4857
4638
4223
4627
4168
4741
4620
4400
4124
4524
4963
5006
4593
4537
4846
4494
5043
4178
5039
4982
4891
4732
4468
4435
4242
4541
4530
4424
4468
4814
4189
4900
4386
4109
4553
5013
4881
5018
5105
4424
4768
4194
4948
4284
4151
5099
4665
4439
4266
4917
4151
5100
4519
4620
4734
5046
4339
4141
4645
4957
4382
4142
4692
4759
4281
4189
4692
4868
4112
4370
4196
4683
4997
4646
4628
4959
4965
4866
4710
4695
4349
4695
4529
4122
4966
5013
4959
4885
5023
4122
4997
4695
5013
4952
4097
4679
5023
4695
4555
4947
4695
4103
4274
4433
4534
4198
4179
4894
4137
4716
4695
4555
4996
4470
4695
4533
4122
4801
4309
4687
4533
4838
4621
4124
4414
4203
4937
4538
4913
4636
4258
5004
4650
4925
4985
4788
4899
4946
5004
5105
4151
4740
4788
4788
4951
4392
4788
4685
5038
4782
4315
4873
4754
4788
4259
4536
4732
5119
4453
4659
4899
4344
4407
4743
4546
4389
4536
4113
4180
4202
4536
4307
4717
4875
5056
4180
5007
5056
4852
4875
4497
4745
4366
4103
4478
4532
5056
4710
5118
5056
4621
5029
5108
5079
4444
5056
4519
4414
4788
4122
4788
4788
4861
4546
4444
4915
4899
4857
4732
4739
4561
5045
4145
4612
4386
4540
4919
4540
4620
4561
4351
4875
4184
4934
4486
4887
4156
5011
4808
4184
4486
5018
4947
4967
5026
4987
4744
4177
4540
4853
4137
4472
4941
4696
5096
4250
4616
4714
4743
4122
4965
4459
4543
4455
4714
4803
4495
4213
4213
4213
4906
4395
4770
4615
4103
4472
4223
4883
5102
4455
4881
4713
4883
4743
4776
4459
4608
4664
5091
4374
4292
4302
4640
4838
4427
4795
4270
4134
4733
4178
4259
4513
4285
4512
4387
4989
4259
4259
4134
4259
4259
4850
4168
4259
4872
4756
4233
4292
4244
4843
4650
4103
4743
4664
4770
4363
4459
4994
4363
4519
4266
4105
4599
4805
4203
4455
4328
4652
4587
4964
