9217
9218
194
668
482
482
482
452
265
559
144
27
493
281
948
63
160
256
256
256
788
503
82
909
697
180
180
180
247
389
236
704
540
205
1022
128
559
144
795
493
493
948
333
207
256
276
256
788
988
555
909
799
841
180
180
180
243
198
198
953
72
580
757
265
559
27
800
493
35
848
948
207
320
518
518
402
676
316
592
669
180
180
180
243
243
198
80
1010
580
36
128
637
736
27
493
493
948
948
207
207
518
518
402
988
82
909
697
180
180
180
180
243
198
198
723
848
580
505
925
144
27
493
493
948
948
207
207
518
518
402
503
53
909
697
180
180
180
180
243
198
198
723
848
580
128
925
144
27
800
23
702
948
135
553
320
320
402
628
53
909
697
180
180
180
243
243
198
198
142
142
19
598
46
290
290
684
501
501
501
501
501
501
501
349
850
627
444
497
454
542
121
722
358
33
642
180
180
342
925
262
540
719
493
873
185
63
143
22
216
483
349
722
358
697
697
180
268
268
312
198
198
723
844
142
36
737
236
1001
27
493
493
948
948
160
160
518
483
349
676
278
799
697
180
180
268
243
312
198
618
723
142
36
429
609
147
33
250
832
35
152
160
901
518
518
334
349
315
609
360
697
180
180
268
260
361
33
39
180
180
247
737
637
144
27
493
584
948
948
948
207
518
518
402
519
315
609
799
697
326
80
645
312
198
198
723
142
36
109
265
559
144
493
205
618
948
948
207
207
256
518
402
109
341
909
799
697
180
180
243
243
198
198
953
1010
580
757
265
559
27
493
414
493
948
207
207
848
518
518
402
429
609
909
697
180
180
180
243
243
198
953
745
580
36
572
559
144
380
660
16
948
948
207
901
518
518
402
988
341
909
799
669
180
180
180
243
243
198
198
142
580
499
925
144
27
660
414
948
948
207
207
518
518
518
503
82
909
799
180
180
180
180
243
198
198
723
142
580
505
925
144
27
660
584
948
948
948
207
518
518
518
519
897
909
799
240
180
180
180
243
243
198
953
142
36
505
144
27
493
660
493
948
948
63
160
518
518
402
519
82
909
799
180
180
180
243
243
198
198
723
142
19
505
559
27
493
660
493
948
948
948
553
518
518
402
503
82
909
799
180
180
180
861
704
540
540
719
518
402
128
559
144
405
9219
1559
1360
1799
1838
1857
1709
1709
1743
1610
1567
1755
1896
1557
1691
1800
1250
1418
1950
1993
1996
1998
1780
1334
2017
1759
1993
1509
1580
1880
1779
1239
1425
1730
1528
1106
1718
1647
1528
1528
1994
1730
1322
1730
1779
1106
1730
1393
1734
1272
1528
1479
1479
1105
1032
1580
1795
1400
1927
1965
1142
1147
1142
1147
1400
1142
1400
1965
1147
1609
1719
1386
1524
1524
1425
1684
1678
1624
1865
1683
1719
1739
1812
2015
1104
1835
1998
1998
1535
1410
1327
1535
1967
1482
1063
1938
1098
1683
1503
1509
1938
1938
1938
1402
1567
1402
1350
2004
1938
1963
1739
1459
1608
1042
1908
1963
1259
1029
1460
1410
2015
1354
1890
1098
1821
1821
1647
2030
1346
1509
1584
1458
1737
1147
1730
2033
1965
1147
2021
1402
2021
1821
1821
1821
2033
2004
1965
1965
1147
1147
2033
1965
1965
1684
1965
1147
1729
2033
1965
1229
1737
1760
2004
1730
2004
1667
1961
2033
1965
1229
1147
1821
2004
1965
1965
1965
1965
1147
1147
1147
1737
2033
1965
1965
1147
1591
1965
1147
1147
1402
1147
1147
1147
1147
1943
1739
1737
1961
1844
1106
1222
1800
1161
1753
1268
1403
1516
1631
1367
1059
1418
1485
1822
2038
1081
1042
1230
1230
1592
1678
1576
1980
1683
1683
1683
1683
1980
1636
1094
1330
1669
1973
1636
2045
1257
1425
1578
1870
1737
1412
1592
1868
1915
1526
1367
1253
1231
1059
1996
1460
1460
1284
1284
1410
1857
1976
1938
1459
1058
1586
1592
1400
1142
1219
1458
1147
1147
2033
1965
1965
1586
1678
1965
1346
1191
1655
1753
1874
1780
1263
1998
1369
1263
1592
1378
1360
1075
1510
1559
2021
1211
1617
1272
1162
1894
1854
1678
1142
1400
1294
1758
1193
1193
1617
1386
1246
1254
1178
1709
1709
1709
1709
1882
1808
1617
1308
1425
1425
1586
1219
2030
2021
1522
1567
1719
1763
1877
1660
1431
2032
1191
1191
1436
1788
1788
1701
2032
1912
1404
1367
1664
1998
1367
1664
1920
1759
1694
1838
1331
1694
1188
1998
1367
1263
1838
1739
1686
1144
1678
1293
2021
2021
2021
1294
1779
1779
1105
1105
1718
1297
1730
1998
1369
1461
1575
1372
1372
1559
1965
1883
1744
1740
1740
1972
1142
1400
1142
1619
1142
1400
1446
1142
1737
1333
1333
1333
1254
1763
1089
1592
1854
1533
1739
1246
1667
1737
1612
1691
1482
1437
1502
1392
1270
1403
1250
1753
1839
1779
1902
1827
1551
1623
1098
1692
1944
1511
1670
1938
1890
1402
1938
1437
1350
1214
1402
1098
2004
1098
1085
1449
1961
1402
1350
2004
1098
1898
1402
1350
2004
1098
1085
1402
1350
2004
1098
1214
2036
1350
2004
1098
1214
1098
1961
1402
1098
1214
2036
1350
2004
1098
1214
2022
1350
2004
1098
2004
1402
1961
1402
1961
1623
1098
1084
1509
1350
2004
1098
1085
1402
1739
2004
1098
2004
1509
1684
1877
1961
2004
1683
1350
2004
1098
1938
1402
1326
1402
1938
1402
1961
1402
1844
1961
2004
2022
1961
2004
1098
1214
1098
1938
1098
2004
1098
2004
1098
1961
2004
1402
1098
1961
1814
1739
2004
1098
1739
1737
1785
1832
2004
1844
1961
1674
1402
1098
1938
1402
1678
1402
1678
1678
1503
2004
1098
1961
2004
1098
1350
2004
1098
2004
1098
1425
1938
1144
1542
1469
1350
1938
1938
1938
1938
1938
1608
1835
1977
1287
1279
1722
1335
1558
1675
1188
1460
1327
1878
1425
1182
1633
1081
1584
1965
1821
1678
1678
1870
1877
1678
1965
1586
1458
1592
1888
1894
1089
1170
1894
1271
1982
1998
1696
1257
1291
1167
1694
1188
1230
1841
1106
1584
1147
1204
1619
1608
1117
1578
1400
1142
1142
1621
1584
1584
1854
1257
1075
2021
1719
1525
1877
1257
1838
1211
1839
1188
1968
1576
1669
1425
1559
1774
1737
1230
1739
1841
1604
1254
1684
1877
1841
1612
1191
1262
1696
1558
1104
1996
1188
2035
2006
1950
1993
2003
1998
1367
1788
1764
1780
1345
1188
1331
1694
1188
1675
1780
1104
1998
1058
1984
1730
1470
1994
1779
1479
1840
1870
1528
1294
1528
1994
1297
1406
1528
1528
1528
1528
1406
1548
1927
1446
1927
1678
1678
1927
1683
1446
1563
1840
1580
1446
1910
1754
1123
1123
1580
1967
1123
1425
1592
1503
1058
1678
1870
1482
1737
1246
1325
1307
1669
1489
1369
1806
1936
1263
1291
1920
1998
1985
1739
1449
1559
1063
1586
1737
9220
2600
2406
2406
2263
2459
2731
3029
2206
3047
2699
2321
2109
2380
2581
2199
3034
3021
2199
2365
2680
2699
2925
2186
2717
2097
2277
2698
2703
3049
2372
3015
2535
2744
2799
2989
2997
2245
2219
2643
2377
2861
2861
2846
2785
2897
2954
3065
2611
2342
2846
2547
2289
2576
2847
2318
3026
2631
2548
2205
2455
2548
2303
2911
2640
2631
2767
2406
2179
2997
2707
2723
2137
2895
2096
2491
2055
2455
2774
2487
2457
2096
2096
2946
2727
2652
2897
2383
3026
3015
2591
2868
2940
2188
2105
2929
2660
2618
2837
3014
2661
2546
2898
2618
2087
2516
2872
2383
2618
2872
3014
2971
2404
2126
2201
2301
2671
2565
2938
2650
2978
2208
2496
2242
3033
2750
2513
2513
2154
2353
3033
2116
2603
2324
2306
2729
3024
2543
2391
2055
2657
2451
2571
2499
2154
2503
2895
3024
2571
2377
2154
3024
2571
2198
2451
2154
2891
2068
2895
2451
2891
2657
2503
2198
2198
3024
2306
2154
2433
2383
2653
2724
2503
2895
2354
2750
3024
2571
3024
2988
3024
2154
2895
3024
2377
2198
2834
2377
2895
3024
2895
2473
2522
2913
2891
2657
2198
2404
2659
2336
2609
2650
2077
2849
2802
2796
2686
2629
2456
2456
2657
3058
2316
2316
2485
2415
2941
2096
2297
3010
2123
2105
2856
2479
2384
2600
2076
2406
2828
2206
2476
2380
2206
3026
2714
2139
3053
3053
2154
2292
2089
2339
2132
2329
2487
2185
3021
2730
2316
2684
2455
2208
2418
2741
2528
2946
2611
2932
2846
2406
2377
2932
2932
2136
2243
2571
3040
2364
2383
2571
2603
2814
2055
2571
3024
3019
2909
2264
2406
2115
2371
2680
2854
2745
2988
2966
2377
2832
2832
2603
2643
2941
2642
2384
3070
2105
2973
2811
2896
2491
2481
2866
2792
2468
2707
2861
2729
2571
2491
3049
3049
3049
2165
2101
2988
2118
2377
2730
2150
2114
2861
2214
2055
2784
2154
2073
2941
2902
2714
2148
2618
2185
2577
2321
2344
2604
2085
2275
2573
2771
2317
2424
3029
2691
2434
2097
2225
2274
2699
2185
3029
2699
2344
2540
2365
2457
2421
2643
2334
2312
2512
2743
2672
2156
2140
2140
2861
2987
2785
2643
2443
2647
2647
2083
2247
2491
2730
2919
2081
2464
2256
2515
2111
2548
2374
2993
2618
2179
2618
2782
2229
2144
2548
2487
2306
2872
2723
2861
2384
2292
2175
2292
2178
2565
2334
2214
2903
2178
2941
2838
2746
2206
2535
2105
2699
2756
2470
2555
2557
2338
2516
2262
2311
2872
2618
2726
2618
2377
2618
2618
2445
2660
2782
2406
2404
2476
2125
2841
2969
2383
2234
2710
2773
2782
2782
2272
2516
2782
2437
2147
2179
2221
2782
2279
2455
2710
2710
2618
2204
2872
2710
3033
2082
2710
2710
2404
2404
2782
2782
2512
2154
2782
2516
2516
2516
2872
2872
2872
2710
2710
3066
3066
2637
2204
2274
2872
2872
2360
2618
3014
2147
2872
2782
2913
2346
2710
2710
2782
2913
2782
2782
2782
2782
2782
2087
2689
3024
2154
3024
2872
2710
2221
2872
2782
2618
2872
2154
2154
2773
2618
2898
2969
2107
2872
2618
2872
2404
2710
2872
2618
2782
2782
2782
2782
2451
2782
3033
2618
2782
2782
2872
2782
2539
2618
2618
2383
3014
2618
3014
2782
2501
2952
2618
2618
2782
2782
2782
2782
2782
3014
2618
2386
2995
2349
2202
3014
2206
2527
3014
2383
2764
2301
2065
2632
2484
2150
2501
2952
2343
2728
2186
2751
2890
2555
2978
2108
2957
2780
2516
2603
2383
2395
2948
2496
2496
2513
2948
2395
2480
2339
2336
2491
2827
2897
2341
2573
2689
2473
2473
2268
2186
2133
2097
2277
2344
2660
2904
2342
2348
2191
2136
2866
2281
2988
2384
2919
2414
2827
2827
2847
2491
2205
2076
2334
2455
2055
2895
2137
2822
2895
3005
2506
3016
2661
2969
2613
2825
2521
2872
2618
2600
2872
2872
3039
2487
2782
2618
2734
2618
3028
2313
3047
2096
2105
2801
2773
2813
2150
2484
2528
2512
2746
2612
2699
2642
2822
2186
2925
2275
3034
2612
2829
2225
2833
2607
2545
3037
2629
2787
2201
2497
2431
2322
2100
2057
2775
2672
2601
2253
2682
2698
2997
2997
2997
2470
2341
2929
2762
2111
2609
2640
2738
2103
2198
2198
2375
2074
2406
2999
2476
2476
3026
2778
2103
2487
2137
2613
2491
2185
2096
2565
2096
2292
2377
2455
2455
2746
2167
2064
2126
2728
2223
2659
2323
2323
2218
2659
2491
2242
2401
2384
2487
9221
3833
3692
3963
3446
3166
3514
3656
3625
3437
3581
3195
3811
3510
3182
3788
3822
3631
3930
3822
3120
3510
3894
4089
3905
3758
3822
3339
3856
4066
3254
3308
3133
3622
3101
3348
3998
3427
3194
3605
3605
3681
3541
3549
3218
3117
3811
3811
3320
3218
3539
3838
3757
3877
3367
3331
3686
3331
3400
3874
3687
3867
4018
4018
3485
3964
4018
3877
3436
3139
3118
3746
3104
3861
4082
3963
3892
3963
3275
3250
3776
3703
3776
4036
3480
3724
3797
3517
4045
3854
3758
3913
3384
3960
3564
3316
3867
3282
3372
3730
3246
3086
3156
3878
3811
3811
3536
3543
3429
3912
4059
3120
3693
3614
3534
3656
3607
3531
3232
3188
3596
3937
3653
4011
3703
3607
4007
3607
3461
3392
3472
3607
3758
3127
3864
3607
3345
3127
3143
3536
3607
3864
3607
3250
3999
3275
3607
3127
3127
3275
3127
3127
3255
3607
3319
3106
3864
3864
3250
3607
3472
3127
3127
3336
3472
3482
3127
3913
3864
3331
3575
3607
3472
3864
3864
3127
3094
3336
3392
3842
3429
3709
4066
3392
3132
3607
3392
3336
3615
3905
3306
3319
3434
3510
3558
3378
3619
3651
3906
3392
3723
3684
3671
3229
3662
3232
3094
3289
3979
3662
3947
4088
3597
3599
3314
3174
4033
3697
3177
3763
3581
3716
3252
3934
3851
3331
3604
3393
3093
3685
3654
3847
3459
3459
3653
3763
3905
3094
3287
3511
3763
3892
3834
4082
3301
3312
3328
3271
3774
3772
3780
3997
3878
3780
3339
3314
4011
3462
3964
3964
3766
3218
3541
3302
3541
3502
3607
3709
3394
3383
3703
3999
3174
3210
3560
3176
3780
3753
3166
3682
3178
4041
3864
3964
3640
3164
3118
3218
4095
3336
3281
3964
3759
3084
3084
3157
3129
3937
3575
3281
3174
3703
3759
3776
4011
3275
3314
3578
3177
3275
3575
3425
3314
4011
3833
3797
3763
3861
3620
3174
3999
3178
3262
3776
3192
4082
3426
3296
3619
3119
3348
3255
3787
3639
3727
3662
3976
3094
3909
3198
4042
3431
3999
3210
3473
3878
3970
3609
4091
3526
3100
3307
3894
3996
3996
3817
3846
3306
3856
3213
3078
3541
3637
3703
3275
3959
3877
3877
3877
3758
3525
3220
3202
3832
3703
3224
3311
3633
3900
3184
3395
3877
3449
3238
3450
3964
3449
3964
3403
3114
3707
3536
3450
3331
3192
3930
3734
3120
3576
3531
3246
3218
3757
3864
3583
3930
3127
3930
3339
4000
3668
3591
3883
3212
3094
3662
3088
3600
3529
3906
3387
3637
3541
3120
3538
3677
3344
3462
3407
3096
3543
3536
3348
3119
3543
3119
3543
3149
3994
3083
3543
3208
3502
3854
3104
3543
3711
3104
3543
3543
3543
3208
3872
3543
3312
3075
3075
3339
3923
3210
3986
3711
3543
3994
3104
3543
3543
3536
3634
3543
4056
3401
3536
4051
3314
3210
3691
3143
3536
3456
3967
3119
3543
3543
3119
3314
3192
3543
3312
3314
3314
3314
3312
3229
3314
3149
3314
3811
3543
3550
3986
3229
3687
4011
3923
3314
3075
3638
3543
3536
3104
3811
3390
4024
4023
3986
3986
3327
3687
3314
3314
3232
3094
4051
3502
3695
3543
3208
3880
3306
3709
3456
3141
3075
3543
3106
4051
3348
3923
3772
3226
3119
3695
3640
3615
3543
3119
3536
3119
3709
3342
3543
3664
3762
3622
3664
3119
3664
3075
3342
3345
3689
3367
3776
3338
3338
3338
3964
3921
3086
3094
3790
3301
3603
3604
3504
4007
3883
3357
3539
3931
3474
3096
4049
3377
3620
3807
3331
3450
4011
3842
3619
3193
3730
3449
3905
3127
3179
3127
3127
3707
3957
3776
3797
3514
3776
3558
4016
3415
3261
3256
3868
3587
3905
3764
4068
3225
3096
3758
3466
3593
3101
3548
3084
4038
3127
3838
3838
3758
3838
3177
3934
3864
3629
3838
3609
3583
3776
3723
3851
4024
3753
3127
3132
3959
3401
3272
3834
4038
3773
3541
3763
3141
3117
3141
3625
3120
3414
3819
3119
3153
3763
3094
3237
4007
3577
3802
3906
3327
4041
3669
3236
4083
4088
3839
3647
3839
4030
4091
3284
3982
3380
3551
3682
4045
3659
4048
3649
3685
3645
3772
3419
3464
3723
3730
3099
3133
3910
3515
3604
3156
3604
3921
3642
4059
3246
3420
3695
3917
4065
3567
3246
4022
3906
3554
3604
3554
3604
3604
3604
3604
4071
3377
3482
3482
3348
3153
4038
3177
3243
3797
3692
3471
3763
3269
3678
3786
3906
3355
3628
3535
3387
4032
3554
3740
3432
3434
3229
3464
3450
3264
3323
9222
4208
4551
4429
4258
4225
4198
4838
5100
4108
4278
4720
4906
4278
4543
5105
5023
4221
4536
4990
4990
4414
4364
4899
4317
5070
4536
4692
4573
4582
4155
4368
4270
4994
4549
4193
4155
4360
4451
4990
4394
4232
5104
5043
5023
4395
4213
4850
4234
4548
4803
4324
4603
4550
4597
4470
4147
4918
4976
4687
4930
4206
4097
4717
4379
4097
5032
4121
4239
4958
4224
4958
5042
5077
4429
4638
4401
4692
4227
4662
5100
5100
4178
4183
4224
4744
4508
4787
4972
4770
4372
4552
4446
4497
4360
5106
4491
4482
4182
4671
4269
4773
5063
4610
4946
4657
4946
4358
4908
4139
4208
4567
4178
4633
4491
4155
4805
4241
4838
4715
4444
4473
4388
4610
4976
4591
4657
4728
4529
4403
5023
4360
4515
4727
4190
4183
4208
4616
4208
4208
4591
4805
5023
4805
4157
4805
4565
4565
4836
4728
5032
4728
4389
4836
4727
4616
5100
4482
4509
4360
4591
4728
4946
4935
4528
4208
5100
4482
4509
4591
4591
4427
4183
5021
4616
4946
4485
4306
4809
4591
4208
4946
4728
4809
4585
4591
4809
4616
4307
4183
4816
4727
4805
4658
4788
4697
4353
4427
4630
4688
4366
4497
4374
4930
4647
4865
4475
4967
4444
4346
4794
4546
4741
4589
4388
5119
4633
4891
4116
4551
4671
4423
4355
4549
4790
4745
4881
4733
4770
4776
4727
4946
5100
4954
4988
4911
4943
4149
4744
4744
4565
4408
4408
4405
4516
4959
4196
4903
4478
4429
4452
4258
4504
4881
4892
4485
4443
4573
4556
4256
4450
4673
4666
4532
4515
4482
5100
4481
4591
4528
4836
4208
4329
4647
4441
4330
4754
4816
5035
4360
5072
4890
5008
4692
5106
4195
4165
5002
4609
4427
4633
4805
4805
4935
4516
4995
4306
4648
4666
4956
4164
4339
4442
5107
5067
4908
4485
4930
4857
4193
4427
4427
4454
5103
4271
4237
4133
4565
4149
4333
4873
4427
4549
4965
4846
4149
4907
4424
4921
4359
4906
4681
4786
4776
4613
4606
4938
5087
4300
4539
4729
4927
4219
4593
4921
4285
4494
4938
4903
5057
5052
4926
4422
4805
4705
4368
4965
4129
4408
4246
4232
4178
5049
4638
4394
4563
5044
5044
4208
4911
5044
4881
4213
4697
4167
4393
4548
4430
5064
4352
4687
4214
4207
4687
4243
4657
4097
4243
4341
4352
4558
4965
4421
4965
4965
4882
5034
4333
4785
4408
4846
4333
4965
4193
4183
4692
4227
4638
4194
4352
4792
4808
4786
4620
4961
4301
4215
4961
4659
4285
4549
4223
4710
4675
4491
4491
4892
5064
4423
4657
4965
4419
4547
4918
4586
4816
4354
4389
4932
4362
4341
4195
4794
4946
4152
4693
4358
4946
4937
4836
4918
4836
4946
4389
4836
4918
4149
5030
4942
5023
4965
4558
4313
4195
4816
4727
4558
4805
4341
4574
4727
4913
4946
4946
4946
4915
4913
4946
4478
4946
4968
4429
4937
4429
4663
4547
4547
4946
4617
4946
4946
4245
4816
4930
4946
4558
4497
4946
4946
4946
4946
4259
4879
4946
4946
4946
4552
4930
4733
4617
4693
4918
4690
4946
4728
4358
4259
4946
4552
4224
4659
4752
4943
4946
4547
4918
4507
4645
4509
4951
4946
4693
4946
4727
4816
4946
4946
4946
4946
4946
4728
4207
4440
4946
4946
4946
4915
4989
4728
4946
4946
4547
4816
4183
4358
4946
4657
4946
4946
4946
4989
4969
4733
4363
4585
4561
4473
4451
4273
4832
4855
4389
4990
4938
4451
4829
4497
5103
4973
4973
4364
5049
4178
4432
4869
4721
4149
4900
4259
4688
4617
5004
4989
4833
4773
4529
4542
4658
5032
4423
4256
4451
4709
4441
4133
4409
4629
4463
4120
4845
4289
4606
4105
5050
4606
4260
4355
5031
4751
4207
4930
4401
4415
4501
4254
4501
4673
4376
4995
4117
4948
4846
4638
4360
4591
4565
4565
4575
4408
4692
4707
4320
5047
4096
4262
4196
4790
5072
4129
4805
4928
4965
5107
4496
4178
4196
4196
4990
4196
4442
4348
4208
4671
4526
4549
4895
4132
5031
5114
4873
4549
5069
4201
4536
4444
4457
5027
5095
4601
4919
5108
4858
4931
4664
4592
4375
4528
4491
4128
4144
4240
4563
4167
4126
4203
4603
4873
4394
4340
4451
4564
4564
4761
4563
4178
4329
5054
4937
4326
4491
4491
4421
4358
4406
4549
4794
4491
4558
4728
4421
4207
4249
4549
4225
4353
4607
4531
4409
4409
4360
4638
4194
4683
4333
4388
4665
4635
4678
4183
4371
4329
4737
4239
4334
4875
5066
4572
4550
4206
5119
4660
4704
