9217
9218
950
966
966
966
966
8
966
966
406
966
966
966
8
966
248
8
966
966
966
966
966
966
8
966
966
8
966
468
8
966
966
468
468
468
858
406
290
211
259
259
238
238
248
55
55
104
184
451
55
431
184
451
184
648
537
648
648
794
648
648
184
55
648
648
648
648
238
648
648
648
238
372
648
209
534
9219
1252
1252
1628
1628
1628
1428
1349
1076
1349
1748
1748
1748
1748
1456
1496
1456
1456
1252
1252
1252
1252
1777
1428
1777
1777
1076
1628
1628
1115
1628
1428
1748
1748
1858
1748
1748
1748
1428
1456
1858
1454
1456
2041
1454
2041
2041
1252
1252
1252
1454
2043
1628
2043
1628
1628
2043
1748
1858
1748
1748
1748
1748
1900
1858
1281
1456
1858
1281
1454
2041
2041
1454
2041
1252
1454
1252
1628
2043
1628
2043
2043
2043
2043
1748
1858
1748
1748
1858
1748
1900
1858
1900
1456
2041
2041
2041
2041
2041
2041
2041
2041
2043
2043
2043
2043
2043
1762
1762
1762
1432
1432
1432
1432
1432
9220
2347
2564
3017
3017
3017
2748
3007
2748
2644
2330
2330
2330
2619
2330
2619
3017
3017
2813
2628
3050
2330
2644
2467
2694
2644
2411
3017
2330
2748
3017
2314
2735
2162
2889
2990
3017
2330
2619
2961
2619
2619
2694
2813
2990
2877
2467
2990
2478
2907
2411
2877
2939
2925
3007
2162
2314
2735
2748
2592
2735
2592
2644
2619
2889
2619
2694
2619
2619
2985
2162
2990
2985
2162
2644
2411
2478
2644
2976
2694
2472
2735
2314
2314
2748
2748
2694
2735
2889
2694
2889
2889
2619
2694
2813
2990
2813
2813
2990
2411
2411
2411
2411
2411
2411
2411
2694
2748
2748
2748
2566
2566
2566
2961
2961
9221
3804
3284
3777
3259
4054
3839
3891
3237
3839
3901
4054
3777
3284
3777
4008
3777
3777
3777
4094
3901
4054
3284
3839
4054
3284
4072
4054
3284
3777
3777
3777
3284
3690
4079
3824
3901
4054
4079
3824
4054
3824
3952
3736
3782
3782
3904
3901
3876
4054
3904
3782
3750
3887
3725
3824
4079
4072
3901
3904
3824
4054
3904
3725
3304
3777
3725
3824
3777
3987
3725
3725
3782
3782
3952
3824
3891
3782
4072
4054
3904
4072
4054
3824
3901
3901
3725
3824
4087
4079
3725
3782
4061
3108
3725
3901
3952
3904
3901
3901
3108
3750
3824
4079
3824
3108
3858
3108
3108
3108
3858
3108
3858
3858
3858
9222
4835
4903
4889
4170
5110
4384
4862
5110
4934
5012
5012
4845
4460
4460
4876
4926
4962
5118
4955
5015
4889
4747
4771
4876
4460
4835
4950
4747
4926
4170
5058
4962
5115
5118
5114
5114
4589
4934
4926
4589
5058
4625
5058
4170
4962
4170
4625
4926
5058
4889
4962
4858
4830
5118
4934
5118
5110
4934
4955
5114
5114
4460
4926
4962
5058
4926
4460
5058
5118
5118
4889
5118
5015
5058
4955
5015
4460
5015
4889
4889
5015
4889
4835
4860
4934
4955
4771
4589
5114
4926
5118
5058
4926
4460
5118
5118
4889
4837
5118
5118
5118
5052
5052
5052
4934
4311
4837
4837
4170
4934
4769
4837
4837
4837
