9217
9218
950
921
921
238
238
238
921
921
938
124
843
238
238
238
921
238
921
31
124
272
248
55
124
124
894
124
124
327
108
184
894
124
124
794
451
238
55
124
124
648
468
184
468
248
238
108
124
238
238
124
794
794
537
563
537
184
184
124
124
794
794
139
636
124
794
648
238
238
238
238
495
182
921
31
182
238
238
921
238
238
238
921
238
921
31
253
124
921
31
921
921
705
238
1016
248
921
921
921
921
440
1016
648
184
921
921
921
921
31
921
31
921
31
182
31
238
238
238
238
238
238
238
238
238
238
248
124
124
768
768
182
31
840
238
238
238
238
31
182
124
938
238
938
238
238
238
238
238
182
31
162
794
440
182
31
314
750
636
31
636
124
794
611
636
124
794
794
636
563
54
124
648
108
139
636
440
648
794
537
563
184
636
139
184
537
124
124
648
648
648
124
921
921
440
636
648
238
238
238
921
921
921
238
921
124
921
238
921
921
921
238
921
238
238
921
314
921
31
921
31
921
31
921
31
31
921
124
96
238
489
124
124
768
1005
1005
348
843
348
1005
348
1005
348
1005
348
1005
238
238
238
740
238
921
238
921
238
108
124
921
768
921
31
938
238
238
238
238
238
238
96
124
124
238
238
238
768
921
31
798
31
938
31
798
31
182
921
921
921
881
798
798
798
798
798
248
798
798
45
550
611
798
489
794
272
253
253
550
794
794
794
794
451
794
794
184
648
648
139
563
139
794
371
139
139
139
139
371
139
631
648
648
648
139
139
139
139
371
184
794
139
794
371
328
794
139
139
451
328
794
139
139
709
139
139
139
139
451
768
794
182
176
371
248
794
550
184
371
139
139
648
184
371
768
328
139
139
371
740
184
139
636
305
176
305
328
563
371
328
794
176
176
305
406
818
328
794
305
184
184
328
740
648
139
840
768
794
328
768
305
305
348
305
328
740
305
305
348
305
305
305
348
305
348
328
348
328
125
840
794
305
139
750
328
440
328
139
768
768
348
840
840
348
328
348
1005
348
840
348
328
881
657
840
657
657
391
881
290
972
20
972
20
972
20
972
825
972
638
195
50
225
862
978
326
539
539
539
539
539
539
539
539
539
539
100
50
225
862
39
539
539
539
100
50
225
33
39
539
539
539
539
50
858
405
9219
1535
1535
1982
1610
1626
1940
1896
1993
1669
1838
1270
1982
1583
1838
1626
1755
1940
1664
1626
1410
1626
1664
1535
1526
1982
1982
1982
1755
1161
1982
1664
1896
1410
1626
1940
1764
1410
1755
1982
1764
1896
1610
1982
1764
1801
1801
1516
1764
1807
1801
1815
1188
1905
2025
1815
1349
1807
1801
1924
1788
1981
1589
1801
1047
1807
2035
1924
1047
1589
1807
1801
1397
1659
1807
1801
1905
1349
1981
1155
1905
1334
1981
1365
1801
1653
1981
1807
1924
1815
1981
1807
1801
1815
1659
1755
1755
1801
1659
1807
1807
1924
1334
1981
1807
1924
1612
1396
1535
1535
1564
1626
1626
1626
1940
1982
1564
1936
1564
1940
1939
1982
1564
1755
1564
1936
1982
1882
1857
1564
1960
1161
1940
1755
1807
1252
1895
1981
1905
1924
1327
1327
1327
1982
1409
1755
1807
1995
1515
1659
1895
1723
1700
1523
1489
1535
1535
1940
1755
1452
1945
1966
1936
1523
1452
1452
1936
1936
1081
1535
1982
1452
1452
1940
1452
1857
1564
1489
1867
1452
1838
1801
1547
1317
1585
1417
1801
1755
1485
1535
1535
1237
1237
1651
1651
1651
1237
1445
1651
1035
1035
1237
1035
1035
1237
1119
1119
1035
1237
1237
1429
1452
1651
1237
1651
1982
1681
1940
2038
1755
1445
1452
1461
1452
1035
1940
1445
1452
1801
1651
1452
1867
2028
1452
1452
1764
1452
1949
1044
1452
1396
1564
1931
1982
2038
1857
1982
1857
2046
1966
1905
1659
2046
1966
1966
1857
1764
1960
1801
1523
1764
1523
1097
1299
1481
2038
2038
1700
1589
1807
1801
1801
1788
1523
2035
1801
1626
1535
1561
1523
1788
1755
1755
1635
1755
1940
1523
1801
1931
1516
2038
1583
1801
2025
1884
1895
2025
1884
1651
1975
1895
1958
1397
1397
1397
1397
1397
1397
1397
1397
1397
1820
2021
1237
1982
1905
1955
1529
1175
1175
1857
1457
1457
1936
1626
1701
1626
1216
1832
1035
1714
1315
1755
2038
1044
1179
1315
1814
1755
1714
1589
1807
1515
1903
2034
2035
2025
1626
1365
1365
1412
1964
1351
1626
1637
1175
1175
1755
1626
1452
1718
1940
1392
1985
1175
1635
2003
1714
1714
1895
1659
2038
1261
1732
1261
1397
1755
1659
2038
1397
1397
1397
1397
1519
1437
1535
1674
1396
1237
1452
1452
1857
1452
1452
1209
1966
1867
1991
1755
1659
2038
1788
2025
2035
1547
1884
1589
1718
1975
1396
1535
1445
1940
1452
1905
1452
1396
1396
1936
1755
1701
1564
1952
1564
1626
1564
1940
1982
1564
1940
1626
1047
1396
1626
1812
1940
1936
1564
1940
1626
1564
1626
1982
1564
1626
1905
1485
1626
1626
1272
1778
1982
1806
1651
1452
1867
1817
1452
1452
1452
1635
1867
2038
1397
1949
1755
1397
1867
1991
1097
1751
1755
1349
1216
1690
1895
1955
1857
1903
1347
1347
1940
1626
1485
1755
1626
1564
1940
1982
1523
1755
1564
1966
1843
1397
1958
1755
1397
2038
2038
1995
1589
2038
1327
1755
1216
1396
1272
1529
1651
1216
1216
1867
2032
1817
1452
1452
1982
1452
1857
1054
1884
1496
1589
1995
1347
1905
1882
1952
1054
1936
1535
1523
1905
1452
1966
1481
1982
1955
1966
1857
2046
1955
1300
1481
1895
1115
1456
1417
1895
1347
1047
1396
1994
1964
1754
1123
1707
1452
1136
1910
1964
1626
1626
1412
1412
1396
1626
1047
1547
1995
1914
1622
1175
1261
1327
1959
1754
1123
1365
1240
1452
1396
1237
1707
1240
1564
1237
1237
1237
1035
1035
1690
1995
1589
1519
2035
1523
1452
2014
1535
1535
2014
1535
1535
1452
1564
1985
1985
1156
1535
1940
1237
1237
1535
1452
1857
1136
1035
1452
1035
1237
1237
1452
2007
1589
1925
2007
1857
1925
1884
1035
1589
1884
2025
1589
1884
2025
1589
1955
1115
1035
1035
1115
1995
1417
1481
1895
1955
1895
1237
1156
1878
1452
1535
1237
1452
2038
1044
1452
1755
1452
1535
1452
2007
1452
1452
1429
1755
1452
1867
1452
1523
1452
1955
1044
2035
1417
1589
1857
1523
1523
1523
1884
1895
1589
1417
1417
1589
1523
1583
1397
1218
1958
1218
1397
1397
1755
1397
1397
2038
1081
1718
1940
1396
1445
1564
1940
1936
1351
1936
1535
1535
1351
1359
1431
1564
1489
1526
1664
1489
1175
1635
1960
1412
1412
1961
1270
1674
1216
1690
1690
1589
1801
1867
1589
1083
1718
1412
1548
1535
1964
1964
1964
1341
1964
1626
1718
1994
1718
1528
2014
9220
3066
2485
2463
2077
2869
2585
2100
2349
2494
2618
2585
2463
2133
2671
2190
2097
2349
2815
2190
2671
2535
2712
2965
2460
2463
2077
2077
2818
3000
2188
2618
2670
3033
3000
3066
2190
2932
2130
2585
2905
2190
2190
2801
2421
2190
2190
2820
2460
2190
3008
2349
2460
2883
2952
2190
2869
3000
2820
2579
2944
2918
2746
2933
2429
3066
2936
2697
2918
2907
3039
2182
2619
2133
3000
2818
2083
3008
2874
2119
2126
2234
2857
2775
2905
2791
3008
2317
2936
2552
2253
2628
2738
2693
2119
2965
2097
2905
2905
2905
2054
2791
2972
2818
3008
2800
2882
2670
2544
2079
2561
2801
2820
2584
2188
2565
2561
2077
2613
2077
2978
2671
2918
2888
2941
2671
2738
2915
2516
2841
2918
2257
2887
2907
2140
3008
2800
2936
2484
3071
2691
2815
2432
2230
2712
3012
2996
2829
2463
2162
2907
2628
2985
3035
2995
2183
2733
2379
2869
2585
2671
2585
2127
2918
2643
2561
2127
2270
2911
2821
2127
2670
2670
2127
2792
2127
3005
2127
2671
2349
2065
2735
2127
2442
3032
2829
2330
2729
2407
2481
2081
2814
2814
2081
2063
2190
2585
2552
2063
2463
2978
3000
2679
2955
2654
2290
3003
2501
3069
2136
2563
2136
2563
2996
2513
2211
2563
2349
2955
2733
2540
2846
2404
2190
2463
2127
2815
2815
2447
2733
2349
2821
3002
2821
3002
2481
2700
2412
2946
2388
2820
2540
2714
2916
2627
2136
2478
2890
2121
2434
2085
2119
3008
2989
2946
2270
2270
2340
2918
2564
2506
2612
2985
2889
2268
2082
2177
2920
2905
2506
3008
2628
2733
3034
2127
2971
2789
2820
2156
2693
2568
2727
2733
2552
2882
2276
2990
2693
2733
2693
3051
2540
2693
2564
3012
2506
3058
3012
3042
2123
2905
3021
2419
2499
2133
2818
3008
2800
2806
2385
2877
2257
3000
2065
2671
2693
2693
2856
2968
2133
2487
3009
2818
2758
3008
2828
2190
2513
2571
2312
2421
2529
2644
3005
2657
2905
2603
2775
2486
2814
2905
2800
3008
3009
2971
2462
3024
2912
2659
2918
2983
2983
2983
2085
2149
2290
2515
2834
2966
2623
2143
2323
2684
2717
2093
2149
2978
2978
2119
2789
2990
2650
2208
2077
2820
2877
3058
2905
2912
2751
3008
2877
2925
2181
2571
2571
2198
2572
3000
2563
2679
2946
2379
2563
2571
3024
2136
3009
3009
2438
3012
2905
3009
2314
3009
2877
2800
3042
2899
2353
2899
2940
2899
2129
2899
2905
2899
2242
2899
2508
2996
2639
2513
2815
2239
2239
2239
2544
2820
2225
2818
2121
2800
2552
2820
2820
2494
2820
2225
2818
2820
2544
2529
2585
2544
2255
2820
2190
2941
2879
2693
2540
2792
2733
2049
2830
2946
2649
2564
2616
2604
2407
2748
3008
2540
2456
2330
2208
2941
2289
2550
2694
2972
2552
2792
2049
2694
2792
2818
2791
3008
2188
2820
2820
2289
2442
2233
2820
2544
2918
3008
3000
3011
2944
2905
3021
3058
2672
2820
2905
2133
2800
2818
2368
2789
2176
2821
2750
2290
2919
2190
2564
2830
2397
2882
2079
2267
2792
2421
2384
2735
2452
2907
2162
2918
2628
2276
2054
2671
2349
2684
2618
2693
2127
3000
2290
2821
2671
2918
2671
2821
2693
3071
2800
2079
2925
2180
2882
2792
2434
2452
2253
2264
2557
2213
2577
2940
2882
2844
2882
2384
2852
2269
2450
2298
2298
2450
2298
2174
2936
2968
2577
3022
2860
3021
2052
2944
2081
2758
2450
2450
2298
2298
2450
2654
2540
2298
2269
2681
2298
2298
2269
2450
2820
2412
2260
3009
2649
2085
2127
2911
2174
2557
2919
2557
2323
2352
2589
2557
2127
2827
2827
2844
2847
2847
2095
2919
2915
2919
2919
2919
2928
2827
2827
2127
2557
2296
2127
2352
2048
2874
2942
2162
2063
2847
2827
3017
3064
3017
2540
2489
2968
2714
2818
2281
2818
3017
3017
2847
3017
2101
2239
2983
2340
2101
2101
2589
2576
2799
2348
3019
2348
2701
2323
3011
2101
2983
2323
2669
2966
3043
2834
2799
2966
2398
2983
2398
2510
2101
2626
2944
2388
2579
2253
2945
2224
2944
2945
3017
2089
2544
2283
2101
3017
3058
2489
3017
2714
3017
3017
3017
2508
2421
2978
2349
2750
2049
2973
2978
2792
3054
2049
2544
2932
2920
2552
2618
2753
2429
2868
2453
2050
2987
2918
2085
2802
2957
2239
2419
2074
2945
2811
2567
2694
2140
2398
2769
2966
2983
2618
2966
2223
2744
2050
2920
2701
2912
2659
2457
2077
2940
2077
9221
4016
3784
3508
4016
3669
4041
4041
3761
3264
3959
3727
4041
3094
3264
3098
3086
3796
3246
3592
3264
3508
3554
3684
3072
3940
3148
3148
3704
3256
3094
3508
3508
3508
3508
3508
3773
3912
3984
3450
3912
3297
3784
3984
3572
3182
3784
3730
3819
3458
3526
3685
3730
3430
3454
3783
3807
3997
3469
3603
3893
3739
3951
4087
3078
3098
4030
3870
3111
3802
3631
3818
3869
3231
3822
3327
3965
3951
3747
3940
3783
3729
3802
3843
3940
4077
4039
3096
3148
3450
3777
3327
4053
3839
4008
3951
3100
3764
3924
3951
3363
3335
3191
4039
3327
3413
3840
4041
3437
3704
4041
3338
3156
4073
3502
3434
3437
3703
3773
3880
3158
3104
3198
3259
4041
4041
4041
4041
3533
4041
3773
4041
3930
3963
3116
3526
3440
3933
3862
3474
3437
3437
3080
3504
3862
4067
3621
3649
3335
3778
3182
3782
4039
3845
3152
4041
3469
3469
3450
3555
4041
4074
3910
3104
3430
3232
3603
3104
4063
3812
3180
3450
3548
3603
3774
3292
3652
3603
4041
3573
3180
3414
3464
3859
3603
3984
3930
4055
3854
3116
4059
3116
3116
3450
3912
3449
3555
3508
4059
3686
3508
3179
3545
3705
3439
3727
4073
4077
3116
3865
3688
3785
3254
3434
3533
3939
3507
3302
3912
3592
3116
3496
3179
3473
3555
3673
3473
3449
3469
3281
3473
3473
3912
3764
4043
3473
3473
3111
3133
3959
3653
3883
3548
3499
3652
3822
3822
3784
3367
3148
3413
3504
3311
3747
3688
3094
3927
3291
3950
4077
3996
4053
3464
3469
3834
3120
3555
3919
4052
3237
3631
3826
4077
3984
3429
3148
3653
3605
4079
3333
3506
3259
3498
3984
3647
3260
3506
3800
3680
3542
3366
3662
3335
3413
3367
3839
3464
3880
3912
3324
3830
3447
3885
3237
3942
3844
3970
3747
3698
3951
3764
3224
3399
3176
3179
4059
3555
3300
3338
3603
3903
3351
3698
4043
3179
3555
3223
3976
4051
3687
3485
3429
3603
3642
3197
3536
4077
3691
3674
3602
3691
3456
3715
3724
4024
3727
4014
3924
3226
3684
3597
3504
3119
4083
3164
3394
3523
4091
3804
4077
3523
3984
3849
3230
4077
4036
3504
3335
3778
3880
3810
3078
3928
3140
3662
4091
3997
3778
3885
3885
4093
3885
4088
3810
4027
3456
3399
3984
3984
3774
3372
3984
3311
3709
3984
3984
3984
3205
3478
3868
3517
3831
4077
3940
4042
3690
3984
3999
3903
3122
3684
3338
4003
3311
3984
3311
4000
4083
3903
3912
4083
3598
3800
3684
3555
3291
3504
3092
3596
4083
3950
4077
3684
3684
3080
3133
3369
3264
4039
3965
3913
4052
3437
3684
3526
3830
3937
3819
3469
3957
3369
3797
3930
3889
3100
3876
3833
4077
3369
3967
3333
3745
3933
3970
3260
3503
3300
4087
4039
3887
3347
3862
3413
3300
4005
3880
3777
3684
3942
3604
3437
3504
3950
3979
3885
3338
3603
3604
3862
3319
3678
3148
3990
3810
3885
3974
3870
4094
3437
3924
3901
3437
4077
3933
3613
4079
3783
3558
3338
3669
3586
3957
3840
3117
3696
3984
3984
3984
4045
3984
3984
3984
3747
3148
3839
3690
3984
3111
3930
3586
3653
3469
3603
3117
3369
3572
3663
3984
3984
3984
3621
3437
3116
3987
3107
3603
3984
3237
3905
3751
3107
3810
3509
3529
3774
3774
3376
3119
3119
3119
3376
3293
4018
3523
3352
3523
3996
3523
3523
3107
3990
3996
3914
3523
3843
3585
3997
3608
3896
3288
3398
3179
3943
3529
3254
3302
4041
3688
3254
3119
3996
3939
3950
3801
3719
3707
3333
3525
3434
3840
3801
3603
3702
3603
3084
3103
3085
3849
3984
3109
3774
3597
3707
3077
3085
3840
3696
3759
3761
3866
3866
3686
4063
3505
3236
3833
3554
3645
3460
3840
3157
3359
3530
4090
3774
3984
3970
3577
3955
3539
3157
3103
3086
3603
3500
3157
3840
3603
4008
3825
3117
3930
3833
3822
3822
4077
3171
4041
3596
3366
3570
3878
3583
3484
3570
4041
4085
3813
3169
4077
3651
3260
3826
3812
3802
3399
3260
3522
3764
3583
3260
4039
3270
3260
3260
3530
3919
3839
3171
3698
3951
3111
3339
3504
4036
4036
3885
4014
3300
3933
3854
3598
3625
4016
4041
3572
3617
3669
4016
3961
3855
3609
3416
3437
3572
3855
3259
3603
3157
3133
3741
3347
3478
3753
3333
3242
3774
3539
3604
3485
3604
4006
3921
3293
3849
3398
3583
3450
3176
3092
3459
3654
3231
3209
3246
3376
3212
3545
3588
3171
3621
3247
9222
5072
5075
5064
4705
4322
4341
5049
5070
4478
4476
5064
4232
4660
4103
4349
5068
4465
4500
4444
4457
4567
4322
4500
5082
4651
4283
4905
4422
4443
4660
4117
4965
4567
4567
4567
4220
4947
4285
4257
4220
4220
4220
4285
5042
4220
4820
4285
4660
4364
5105
4339
4936
4711
4994
4291
4660
4318
4175
4739
4120
4381
4318
4338
4285
4899
4487
4285
4755
4654
4460
4911
4134
4744
4763
4830
4340
4615
4453
4625
5095
4763
5031
4817
4854
5094
5079
4197
4349
4855
5009
5118
4911
4667
4911
4835
4676
4822
5094
4797
4489
4444
4983
4494
4829
4654
4756
4629
4845
5077
4660
4896
4631
4639
4629
4629
4389
4463
4459
5095
4893
4318
4120
4522
4636
4416
4673
4900
4456
4673
4423
4448
4705
4285
4733
4318
4286
4318
4183
4221
4817
4272
4357
4970
4113
4906
4465
4432
4318
4122
4494
4474
4414
4547
4277
4256
4821
4424
4256
4911
4443
4878
4948
4911
4220
4911
4332
4898
4878
4911
4770
4256
4878
4900
4415
4948
4122
5049
4870
4122
4442
4122
4924
4637
4501
4414
5041
4536
4284
4153
4522
4256
4120
4326
4285
4122
4285
4705
4136
4965
4893
4947
5072
4100
4542
4555
4555
4555
4952
4529
4536
4545
5080
4500
4905
4340
4928
4478
4788
4374
4924
4257
4618
4773
4120
4924
4403
4924
4457
4973
4676
4306
4402
4210
5049
4724
4802
4171
4948
4852
4629
5047
4788
4309
4510
4494
4332
4814
4739
4236
4256
5089
5018
4332
4332
4470
4705
4786
5041
4924
5052
4414
4860
4615
5096
4232
5028
4494
4412
4994
4542
4800
4145
4954
4117
4624
4623
4377
4455
4924
4403
4911
4251
4497
4546
5042
5018
5081
4351
4285
4474
5029
4755
4606
4905
5013
5096
4830
4788
4120
5049
4676
4755
4751
4624
4593
4864
4763
5036
4915
4422
4739
4414
4487
4567
4430
5081
4220
4741
4728
4198
4624
5022
5112
5037
4504
4320
5004
4987
4567
4966
4145
4542
4414
5030
4971
4714
5047
4576
4721
5047
5029
4494
4715
4816
4727
4860
4320
4220
4098
4106
4981
5047
4206
4697
4307
4353
4258
4555
4855
4855
4444
4897
4988
4715
4739
4430
4161
4737
4845
4546
4855
4206
5050
4599
4552
4589
4374
4136
4431
4494
4680
4276
4554
4921
4318
4657
4515
4515
4773
4189
4416
4618
4536
4713
4704
4190
4480
4732
4324
5059
5010
4833
4856
4269
5112
5029
5030
4542
4555
4537
4326
5042
4947
4189
4789
4476
4861
4180
4924
4745
4924
4510
4332
4542
4766
5031
4500
4773
4800
4759
4500
4463
4885
4900
4562
4494
4183
5064
4732
4171
4873
4631
4132
4567
4955
4948
4220
4175
4800
4177
5064
4948
5072
4846
4194
4546
4948
4990
4567
4220
4898
5064
5069
4639
4812
5009
4862
4592
4221
4180
4830
4132
4860
4221
4501
4318
4899
4948
4562
4194
4453
4525
4991
4164
4444
5049
4452
5049
4322
4715
4225
4318
4414
4099
4895
4877
4318
4414
4501
4384
4855
4589
4376
4713
5018
4652
4109
5105
4297
4845
4220
4768
4855
4505
4899
4914
5011
4309
4948
4319
4792
4948
4480
4643
4197
4705
4970
4310
4507
4256
5027
4931
4456
4198
4845
4948
4221
4613
4309
4309
4424
4770
4948
5077
5029
4948
4539
4715
4119
4384
4195
4446
4543
4200
4189
4959
4443
5022
4495
4959
4183
4161
4364
4959
5069
4536
5069
4123
4183
4636
5108
4324
4461
4755
4161
4161
4856
4106
5034
5100
4536
4183
4536
4202
4939
4949
4430
4430
4403
4952
4529
4938
4364
4161
4829
4508
5031
5031
4099
4543
4753
4545
4159
4360
5086
4536
4488
4402
4705
4925
4138
4959
4159
4360
4257
4521
4220
4422
4159
4831
4729
4509
4159
4948
4732
4254
4175
4309
4539
4482
4948
4893
4935
5027
5056
4539
4624
4254
4159
4861
5102
4254
4948
4948
4893
4856
4254
4735
4676
4592
4726
4878
4234
5042
4567
4899
4487
4990
4619
4861
4567
4826
4469
5104
4173
4198
4683
4373
4692
5010
4826
4487
4373
4881
5104
4647
4430
4822
4859
4705
4731
4536
4914
4766
4170
4692
4855
4197
4715
4876
4876
5038
4230
4554
4982
4763
4732
5011
4455
4474
5043
4855
4612
4743
4898
4826
4524
4548
4841
4878
4175
4855
5058
4881
4680
4341
4164
4983
4364
4259
4898
4530
4935
4699
4217
4896
4697
4906
4730
4525
4418
4351
4546
4338
4855
4347
4408
4575
4299
4225
5068
4759
4570
4827
4122
5093
4555
4202
4162
4260
4936
