9217
9218
306
668
998
482
124
124
754
998
794
124
363
794
431
124
794
998
43
124
794
998
43
372
363
998
794
372
363
754
794
124
124
754
998
372
363
754
998
54
124
794
998
440
363
848
998
43
363
54
794
43
805
928
54
440
54
328
754
546
624
624
440
984
440
624
624
440
328
618
440
29
253
29
440
502
29
502
502
502
546
29
440
121
50
555
555
698
698
35
35
52
135
459
226
453
606
617
966
50
555
170
250
250
815
76
75
207
708
606
617
8
617
617
124
617
45
45
617
848
617
45
55
617
124
124
55
998
45
124
507
998
45
55
124
840
998
998
624
124
54
624
502
124
624
998
411
391
50
555
170
698
698
35
76
76
857
849
215
75
75
966
124
452
555
170
39
250
815
76
76
207
207
606
124
606
617
124
124
55
998
45
611
124
617
617
55
55
55
124
998
998
45
55
124
619
998
45
124
124
998
998
43
124
507
43
24
624
624
531
624
624
179
50
555
682
698
698
35
76
75
135
971
606
75
606
966
618
452
555
170
77
250
815
76
76
998
708
550
617
606
617
124
617
124
998
45
45
451
124
718
55
55
55
124
55
998
45
55
124
55
45
45
713
124
794
998
998
431
124
507
531
43
124
157
179
190
555
555
682
698
698
35
76
135
75
606
606
618
215
966
966
409
555
170
697
250
815
76
76
207
207
606
617
617
124
124
617
617
998
45
617
611
55
55
55
124
124
55
55
998
45
55
848
55
299
124
124
55
998
55
124
124
507
507
24
713
794
43
179
411
179
69
555
682
698
35
35
76
553
135
226
75
75
953
966
124
409
69
170
697
250
815
524
75
207
102
606
617
617
124
124
617
617
998
45
617
124
124
55
55
55
55
55
45
998
45
124
124
45
45
45
124
124
998
45
507
124
507
372
363
531
794
157
531
411
179
50
555
682
698
35
35
76
75
135
226
75
75
75
124
124
50
555
682
250
250
815
76
133
207
207
606
617
606
740
124
617
124
617
998
45
611
965
45
55
124
55
55
124
55
998
45
55
299
124
124
157
45
124
888
998
54
104
124
54
794
54
440
411
50
555
682
698
698
35
76
857
135
971
550
75
606
617
966
121
50
555
682
697
250
815
76
133
207
553
606
617
617
124
619
534
9219
2032
1523
1755
1755
1940
1966
1564
1519
1519
1966
1867
1635
1523
1523
1755
1218
1457
1589
2003
2046
1775
1417
1368
1911
1097
1523
1396
1385
2003
1555
1931
2032
1597
1874
1606
1950
1703
1564
1529
1651
1651
1732
2003
1597
1950
1597
1950
1392
1812
1392
1812
1365
1635
1206
1812
1215
1270
1215
1597
1351
1597
1812
1119
1939
1939
1857
1392
1886
1703
1557
1279
1711
1675
1931
1950
1755
1755
1535
1940
1844
1610
1217
1427
1998
1979
1743
1588
1291
1998
1369
1588
1291
1998
1759
1798
1291
1920
1452
1369
1664
1418
1998
1367
1993
1291
1998
1610
1798
1427
1211
1057
1782
1294
1838
1813
1610
1257
1427
1998
1610
1257
1257
1838
1270
1739
1246
1838
1915
1610
1186
1257
1838
1257
1782
1427
1257
1257
1257
1455
1152
1237
1610
1257
1257
1838
1257
1369
1257
1878
1525
1246
1237
1838
1246
1610
1246
1427
1838
1610
1610
1753
1838
1270
1739
1565
1838
1354
1610
1993
1664
1764
1057
1161
1867
1664
1287
1610
1784
1217
1664
1838
1136
1746
1369
1743
1664
1785
2010
1746
1369
1743
1348
1785
2010
1915
1610
1028
1565
1664
1813
1915
1403
1993
1237
1664
1764
1152
1186
1250
1565
1691
1838
1452
1410
1152
1152
1152
1152
1817
1610
1739
1250
1452
1764
1152
1057
1558
1152
1452
1838
1152
1152
1152
1743
1452
1785
1452
1452
1452
1782
1452
1291
1838
1057
1739
1250
1502
1502
1838
1824
1152
1452
1588
1291
1291
1152
1410
1369
1521
1452
1502
1835
1998
1452
1720
1759
1759
1759
2045
1250
1250
1263
1565
1565
1565
1828
1597
1664
1664
1664
1838
1985
1718
1838
1838
1813
1813
1246
1915
1270
1610
1610
1610
1250
1610
1250
1250
1565
1975
1565
1565
1931
1719
1719
2045
1691
1985
1828
1838
1307
1838
2045
1915
1915
1915
2014
1610
1878
1610
1610
1610
1985
1718
1525
1246
1246
1565
1565
1396
1985
1664
1664
1838
1985
1718
1838
1985
1838
1838
1915
1985
1075
1525
1246
1186
1610
1119
1610
1993
1161
1824
2001
1798
1565
1565
1664
1664
1351
1764
1635
1519
2001
2028
1931
1583
1263
1931
1800
1191
1718
1985
1452
1452
1940
1705
1817
1452
1452
1637
1452
1452
1452
1452
1452
1452
1452
1558
1351
1452
1438
1985
1718
1237
1452
1237
1452
1502
1452
1982
1452
1940
1081
1429
1152
1452
1452
1452
1424
1452
1452
1264
1763
1452
1257
1351
1452
1452
1452
1452
1452
1452
1949
1179
1452
1452
1905
1966
1179
1945
1905
1317
1966
1945
1606
1982
1940
1755
1985
1365
1351
1218
1564
1755
1635
2003
1452
1547
1931
2035
1317
1317
1417
1589
1635
2038
1659
1659
2035
1345
1835
1759
1785
1560
1517
1838
1782
1427
1915
1993
1211
1610
1984
1191
1610
1291
1436
1263
1920
1369
1996
1057
1257
1920
1705
1513
1998
1782
1418
1560
1936
1452
1610
1849
1452
1993
1291
1403
1849
1354
1250
1291
1403
1849
1998
1759
1838
1057
1982
1920
1610
1753
1878
1993
1785
1369
1849
2010
1156
1291
1057
1452
2028
1452
1427
1057
1452
1211
1610
1452
1452
1993
1291
1057
1263
1156
1878
1418
1452
1452
1998
1369
1452
1452
1993
1838
1610
1452
1452
1993
1838
1452
1452
1452
1610
1838
1452
1743
1452
1867
1984
1237
1565
1455
1838
2010
1564
1993
1565
1874
1950
2032
1348
1610
1565
1824
1291
1764
1947
1759
1743
1588
1480
1828
1410
1351
1635
1565
1291
1452
1452
1410
1824
1452
1291
1920
1410
1825
1452
2008
1982
1206
2034
1759
1775
1160
1664
1764
1365
1410
1161
1812
1664
1764
2032
1896
1558
1743
1588
1291
1703
2006
1448
1892
1557
1291
1835
2006
1279
1798
1977
1104
1455
1535
1429
1452
1452
1452
1354
1452
1661
1452
1452
1452
1838
1489
1824
1452
1636
1452
1838
1452
1452
1610
1940
1812
1806
1237
1081
1812
1392
1984
1555
1666
1764
1270
1610
1565
1516
1920
2032
1161
1666
1597
2042
1759
2028
1104
1481
1167
1694
1516
1838
1410
1993
1636
1354
1857
1759
1263
1585
1998
1947
1789
1664
1998
1410
1979
1788
1949
1057
1759
1048
1291
1920
1365
1597
1968
1998
1968
1330
1330
1839
1587
1759
1993
1764
2007
1315
1743
1664
1206
1892
1993
1597
1764
1452
1558
1315
1365
1354
1652
1993
1664
1764
1315
1743
1179
1764
1720
1968
1968
1291
1966
2006
1215
1914
1452
1892
1993
1722
1867
9220
2129
2705
2813
2421
2093
2121
2398
2670
2333
2946
2705
2462
2818
2825
2644
2760
2735
2283
2588
2825
2129
2925
2735
2579
3023
2825
2264
2077
2850
2397
2293
2250
2482
3062
2492
2290
2420
2048
2457
2270
2756
2257
2330
2249
2882
2693
2772
2712
2936
3035
2054
2793
2137
2693
2222
2882
2222
2882
3043
2300
2912
2972
2604
2813
3029
2332
2354
2344
2946
2491
2889
2882
2550
2457
2589
2738
2419
2720
2276
2209
3033
2946
2384
2703
2861
2491
2401
2883
2638
2667
2882
2115
2491
2641
2655
2487
2491
2573
2770
2877
3021
2340
2127
2348
3049
2282
2242
3049
2491
2491
2491
2529
2799
2563
2242
2348
2136
2384
2491
3049
2535
2127
2733
2107
2962
2242
2348
2733
2127
2897
2127
2491
2090
2353
2205
2841
2799
2535
2994
2252
2082
2384
2897
2899
2393
2242
2899
2353
2252
2090
3069
2147
2137
2484
2782
2949
2214
2242
2729
2850
2242
2198
2788
2681
2137
2693
2693
2208
2208
2291
2208
3012
2290
2147
2057
2890
2811
2214
2684
2877
2572
2770
2693
2594
2137
2491
2468
3049
2491
2693
2256
2269
2491
2870
2331
2295
2703
2127
2283
2259
2994
2732
3049
2413
3049
2370
2279
2219
2331
2792
2594
2515
2838
2973
2126
2384
2594
2179
2883
2994
2762
2295
2869
2127
2967
2127
2079
2875
2295
2491
2384
2994
2126
3049
2869
2870
2883
2097
2535
2491
3047
2870
2667
2856
2515
2838
2693
3015
3019
2870
2126
3019
2918
2870
2684
2351
2994
2127
2684
2934
2179
2192
2538
2290
2290
2721
2767
2515
2208
2905
2208
2291
2928
2693
2470
2904
2693
2693
2129
2693
2291
2057
2129
2345
2762
2129
2693
2746
3044
2470
2904
3044
2470
2048
2137
2693
2564
2638
2887
2291
2697
2321
2665
2801
2869
2623
2762
2095
2345
2339
2095
2601
2557
2904
2882
2148
2716
2090
2716
2470
2291
2591
2137
2501
2949
2949
2787
2253
2693
2693
2470
2345
2684
2242
2899
2296
2890
2245
2095
2048
2082
2077
2829
2048
2693
2291
2638
2320
2575
3041
2253
2986
2293
2672
2770
2825
2693
2208
2868
3063
2693
2905
2700
2905
2905
2340
2700
2095
2920
2987
2626
2607
2724
2693
2693
2693
2294
2250
2693
2079
2863
2411
2918
2100
2079
2754
2693
2205
2420
2626
2540
2930
2528
2528
2143
2799
2115
3051
3049
2980
2733
2049
2223
2687
2169
2305
2980
2549
2672
2525
2693
2384
2990
2908
2799
2124
2784
2930
2090
2693
2413
2693
2918
2644
2647
2733
3008
2733
2877
2434
2333
3008
2758
2351
2457
2996
2048
2940
2168
2717
2906
2743
2314
2693
2257
2420
3022
2608
2525
2419
3022
2619
2283
2411
2735
2649
2877
2531
2330
2467
2117
2994
2342
2552
2947
2870
2549
2667
2987
2211
2351
2987
2987
2870
2205
2987
2987
2281
2384
2289
2856
2919
2684
2205
2491
2205
2756
2089
2421
2930
2883
2684
2547
2182
2370
2749
2296
2095
2994
2245
2249
2143
2352
2296
2684
2641
3049
2147
2095
2384
2826
2736
2447
2127
2684
2342
2333
2733
2971
2289
2823
2994
2535
2994
2089
2125
2143
2994
2229
2994
2727
2987
2870
2594
2660
2730
3021
2689
2391
2870
2143
2115
2705
2333
2089
2491
2869
2906
2384
2491
2573
2817
2374
2101
2888
2182
2256
2906
2920
2540
3038
2309
2453
2443
2693
2863
2421
2616
2869
2770
2994
2770
2947
2770
2379
2833
3029
2185
2421
3063
2868
2956
2279
2121
2770
2986
2701
2283
2294
2097
2398
2591
2933
2219
2127
2672
2691
2591
3011
2741
2956
2467
2407
2311
2350
2453
2127
2259
2077
2770
2770
2626
2945
2936
2707
2946
2127
2693
2684
2115
3010
2360
2487
2869
2127
2936
2968
2933
2612
2938
2326
2062
2259
2811
2591
2897
2774
2733
2057
2351
2787
2147
2869
2096
2453
2994
2281
2281
2793
2963
2166
2765
2407
2447
2630
2540
2082
2095
2647
2897
2544
2693
2869
2510
3041
2275
2901
2252
2717
2463
2257
2990
2557
2544
2121
2639
2434
2455
2986
2421
2958
2991
2501
2765
2741
2178
2156
2535
2413
2412
2447
2351
3021
2525
2804
2447
2447
2980
2404
2447
2447
2447
2447
2447
2301
2933
2447
2447
2447
2899
2447
2447
2434
2447
2447
2447
2447
2447
2447
2124
2447
2447
2413
2447
2447
2351
2447
2447
2658
2691
2743
2447
2994
2447
2447
2447
2869
2447
2447
2447
2447
2447
2883
2447
2447
2447
2057
2447
2447
2143
2413
9221
3116
3984
3827
3780
3289
3854
3506
3101
3603
3764
3984
3608
4053
3603
3674
3176
3458
3777
3088
3095
4094
3777
3915
3822
3705
3822
3366
3862
3662
3215
3663
3215
3276
3297
3621
4014
3663
3503
3668
3916
4041
3603
3260
3609
3260
3215
3773
3800
3774
3930
3505
3890
3420
3654
3458
3115
3345
3413
3984
3984
3984
3984
3984
3984
3705
3984
3984
3506
3580
3719
4048
4077
3368
3997
3732
4032
3868
3297
3366
3430
3878
3706
3648
3325
3736
3078
3093
3603
3117
3900
3859
3877
3729
3381
3291
4094
3559
3555
3338
3307
3878
3515
3786
3984
3583
3127
3317
3461
3619
3984
3834
3288
3339
3325
3317
3984
3440
3642
3372
3984
3367
3642
3734
3450
3329
3517
3984
3117
3372
3233
3401
3429
3349
3786
3367
3288
3704
3418
3440
3984
3240
3372
3642
3401
3288
3527
3275
3094
3382
3311
4051
3456
4051
3396
3924
3930
3311
3811
3367
3187
3314
3314
3246
3246
3846
3293
3918
3609
3226
3620
3292
3289
3497
3771
3916
3650
3662
3232
3657
3811
3857
3601
4067
3905
4095
3270
4074
3201
3556
3651
3074
3074
3464
4084
3240
3541
3317
3651
3156
3133
3418
3930
3074
3440
3156
3763
3396
3117
3218
3790
3240
4084
3601
3905
3097
3576
3905
3910
3117
3572
3836
3339
3905
3766
3572
3269
3776
3314
3094
3312
3601
3704
4074
3766
3164
3510
3314
3868
3317
3766
3562
3289
3758
3657
3310
4045
3766
3905
3339
3301
3117
3502
3758
3586
3990
3704
3521
3948
3500
3074
3930
3164
3289
3704
3478
3623
3240
3905
3110
3168
3705
4022
3966
3439
3476
3774
3304
4091
3662
3247
3774
3913
4067
3206
3116
3662
3580
3996
3117
3307
3930
3930
3552
3947
3175
3617
3662
4083
3609
3269
3269
3930
3119
4065
3826
3918
3206
3586
3235
3810
3111
3930
3930
3609
3771
3609
3928
4064
3810
3916
3168
3307
3906
4056
3119
3510
3913
3516
3726
3751
3996
3368
3219
3246
3811
3737
3372
3367
3311
3811
3567
3109
3126
3368
3311
3288
3819
3130
3940
3275
3897
3668
3819
3669
3743
3303
3358
3401
3669
3669
3924
4008
4014
3903
4006
3168
3500
3705
3930
3104
3430
3692
3976
4047
3766
3729
3897
3786
3587
3734
3998
3734
3175
3905
3710
3779
4027
3943
3868
3245
3289
3572
3580
3489
3715
3980
3251
3179
3665
3692
3910
3240
3780
4047
3312
3734
4016
4047
3930
3910
3313
3651
3437
3855
3721
3780
4032
3557
3997
3967
3072
3805
3218
3945
3178
3178
3117
4008
3665
3804
3288
3218
3297
3734
3822
4077
3572
4004
3862
3802
3607
3506
3822
3248
3552
3377
3300
3982
4053
3891
3270
3548
3952
3260
4077
3933
3984
3843
3178
3552
3095
3759
3282
3339
3317
3482
3117
3349
3984
3117
3117
3440
3311
3757
3142
3482
3551
3396
3269
3336
3851
3440
3710
3916
3628
3676
3484
3610
3943
3984
3758
4033
3156
3117
3662
3905
3993
3337
3085
3878
3984
3780
3396
3836
3464
3117
3109
3240
3103
3133
3334
3558
3115
3241
3733
3311
3984
3500
3240
3642
3440
3753
3139
4020
3396
3367
3218
3998
3419
4048
3240
3839
3993
3396
3653
3232
3804
3984
3833
3818
3106
3805
3730
3903
3142
3349
4074
3833
4084
3580
3942
3389
3585
3240
3805
3984
3396
3156
3400
3998
3984
3430
3945
3984
3875
3254
3413
3930
3943
3292
3254
3623
3585
3896
3401
3302
3195
3486
3455
3231
3156
3430
3325
3650
3232
3077
3369
3651
3420
3933
3194
3418
3772
3984
3425
3289
3768
3533
3984
3289
3426
3156
4005
3158
3982
3624
3283
3223
3418
3078
3440
4074
3905
3441
4074
4053
3742
4074
3500
3984
3231
3413
3872
3498
3478
4005
3704
3226
3107
3413
3107
3080
3862
3662
3289
3735
3735
3854
3779
3659
3187
3833
3692
3289
3606
3759
3526
3473
3819
3289
3473
3419
3289
3231
3517
3624
3641
3233
3289
3231
3800
3235
3586
3082
3849
3970
3377
3082
3413
3891
4019
3675
3156
3274
3116
3970
3494
3305
3671
3802
3511
3897
3289
3289
3120
3737
3082
3305
3875
3772
3649
3966
3394
3820
3289
3136
3982
3289
3813
3577
3803
3349
3634
3434
3351
3351
3905
3505
3349
3872
3642
3400
3208
3077
3311
3077
4030
3274
3729
3813
3855
3831
3372
3401
3309
3488
3859
3582
3370
3796
3197
3257
3945
3573
3095
3311
3305
3634
3414
3235
3325
3837
3813
3115
3883
3659
3813
3461
3525
3937
3736
9222
4949
4881
5069
4997
5072
4786
4536
4751
4198
4539
4135
4465
4161
4784
5056
4845
4698
4927
4921
4494
4714
4460
4320
4269
4374
4926
4845
4435
4328
4464
4828
4300
4852
4536
5072
4370
4696
4536
4536
4278
4493
4412
4328
4960
4620
4373
4234
5096
4692
4338
4567
4869
4242
4165
4464
4257
4300
4189
5010
4826
4684
4567
4398
5066
4684
4381
4971
5072
5029
4414
4549
4474
4855
4739
4824
4876
4955
4776
4283
4814
5072
5010
4124
5069
4604
4834
4988
4826
4998
4654
4593
4121
4567
4501
4320
4619
4921
4431
4508
4864
5044
4648
4616
4973
4809
5025
4176
4869
4096
4269
4364
4966
4885
4320
4370
4327
4911
4922
4652
4860
4227
4114
4332
4867
4869
4609
4792
4977
4689
4752
4834
4988
4193
4360
4675
4269
4824
4704
4665
4803
4958
4122
4555
4238
4360
4591
4227
4276
4563
4543
4937
5025
4721
4591
5005
4979
4178
4662
4461
4514
4111
4893
4260
4366
4180
5008
4527
4396
5108
5112
5079
5064
5036
4381
4845
4821
4109
5077
4529
4522
4258
4911
4125
4419
4161
4510
5078
4748
4699
4922
4505
4480
4997
4104
4454
5056
4266
4239
4631
4628
4501
4831
5041
4882
4748
4161
4594
4350
4151
4122
4459
4360
4455
4151
4820
4455
4206
4767
4197
4529
5047
4239
4611
4108
4455
4206
5025
4820
4206
4193
4164
4629
4629
5109
4452
4522
4342
4164
4665
4906
4142
4977
4892
4376
4639
4468
4609
4628
4767
4882
4851
4566
4142
4196
4228
4643
4536
4558
4638
4697
4398
4122
4189
4894
4594
4544
4349
4217
4315
4198
4596
4594
4838
4882
4911
4761
4946
5007
4400
4993
4350
4315
4349
4911
4423
4302
5087
4392
4788
4878
4278
4892
4264
5034
4894
4988
5117
4752
5034
4427
5023
4481
4741
4380
4734
4441
5004
4677
4320
4264
4510
4961
4608
4178
4961
4710
4178
4347
4788
4772
4852
4124
4915
4661
4542
4779
4366
4734
4608
4542
4100
4965
4704
4856
4135
4725
4178
4109
5100
4269
4800
4117
4264
4703
4193
4973
4113
4852
4477
4295
4928
4322
4287
5094
4788
4314
5031
4850
4864
4735
4298
4843
4264
4897
4913
4253
4270
4822
4449
4953
4505
4732
4505
4522
4661
4600
4629
4646
4721
4464
5018
4680
4483
4683
5071
4165
4464
4522
4570
4161
4487
4464
4505
4697
4422
4197
4673
4710
4692
4570
5023
4893
4629
4683
4501
4710
4661
4987
4594
4861
4403
4529
4494
4988
4348
4164
4455
4683
4683
4374
4631
4464
4106
4829
4721
4364
4412
4819
4195
4464
4808
4720
4536
4459
5059
4454
4341
4801
4295
4140
4412
4838
4739
4227
5096
4539
4889
4497
4988
4508
4721
5096
4474
4629
4789
4592
4414
4508
4175
4255
4972
5059
5028
4111
4704
4529
4704
4911
4489
4906
4915
4517
4971
5098
4790
4834
4725
5027
4456
4686
4342
4314
4265
4593
4551
4362
5072
4937
4429
4500
4845
4870
4322
4797
4503
5075
4633
4364
4999
4593
4376
4735
4422
4364
4721
4328
4164
5061
4921
4870
4368
5106
4881
4834
4300
4300
4392
4725
4231
4452
4966
4176
4733
4531
4500
4846
4834
4578
4846
4098
4500
4687
5056
4415
4633
5016
5027
4746
4487
5043
4795
4692
4732
4364
4360
4455
4672
4139
4919
4421
4911
4834
4364
4314
4464
4812
4403
4776
4505
4681
4184
4584
4744
4503
4621
4431
4197
4239
5031
4739
5039
4522
4779
4678
4238
4178
4624
4881
4770
4994
4679
4215
5069
4663
4645
5112
4678
4442
4376
4534
4533
4179
4911
4382
4491
4478
4937
4953
4741
4648
4795
5013
4784
5096
4593
4197
4145
4509
4282
4696
5022
4567
4189
4349
4788
5112
4866
4565
5099
4784
4338
4925
4839
4739
4133
4624
4910
4592
5011
4910
4910
4368
4227
4517
4474
5025
4444
4119
4721
4224
4710
4991
4784
4139
4721
5013
4763
4820
4721
4680
4177
4304
4315
4489
4961
4905
4244
4956
4699
4373
4463
4118
4698
4898
4404
4726
4809
4925
4726
4150
4173
4501
4337
4140
4479
5011
4460
4678
4540
4889
4177
4468
4546
4353
4540
4540
4254
4834
4346
5091
4829
4540
4480
4714
4544
4711
4510
4711
5069
4738
4221
4604
4548
4181
5079
4167
4272
4725
4821
4495
4490
4269
4898
4800
4490
5054
5025
5079
4834
4240
4773
4197
4474
4725
4447
4269
4812
5063
4483
4704
4412
4180
4834
4850
5031
4398
4666
4440
4919
4269
4346
4444
4908
4274
4283
4128
4711
4236
4898
4741
4258
