9217
9218
306
463
701
335
289
289
710
710
400
19
25
202
582
120
276
928
102
102
152
484
484
484
828
828
828
828
988
759
775
261
261
781
781
455
36
463
701
335
289
289
289
710
400
400
865
865
769
797
797
797
455
455
988
670
251
261
566
254
254
455
167
988
759
775
261
781
781
781
455
190
463
701
335
289
289
710
400
400
988
865
769
261
797
797
848
455
455
463
701
335
289
289
710
710
400
400
543
543
723
723
848
79
79
190
463
701
335
646
289
289
710
710
400
307
865
769
261
797
797
455
455
463
701
335
335
289
289
710
400
400
307
759
775
261
781
781
781
455
988
670
864
261
566
254
254
455
902
307
865
769
261
797
797
455
190
463
701
335
335
289
289
710
400
400
25
824
120
120
120
193
193
102
102
484
484
848
937
901
828
828
988
759
775
775
261
781
781
455
190
463
701
335
289
289
289
710
400
400
307
865
769
261
797
797
455
455
307
670
251
261
566
254
254
455
455
759
759
775
261
781
781
781
19
463
701
335
289
289
710
710
400
400
307
865
769
261
797
797
455
455
190
463
701
335
289
289
710
710
400
312
543
776
723
111
79
79
902
463
463
335
646
646
289
710
710
400
307
865
769
261
797
797
797
455
463
463
701
335
289
289
710
400
400
988
759
775
261
781
781
781
455
988
670
864
261
566
254
254
455
902
307
865
769
261
797
797
797
455
463
463
701
335
289
289
710
710
400
400
315
25
120
120
660
193
193
102
484
484
484
24
937
828
828
828
902
307
759
775
261
781
781
455
455
190
463
701
335
155
289
710
710
400
519
865
865
848
797
797
797
455
455
307
865
251
261
891
979
455
455
988
759
775
261
261
781
781
455
463
701
335
335
289
289
710
400
400
988
865
769
261
797
797
455
455
19
463
701
335
335
289
289
80
710
400
543
543
723
848
79
79
79
902
463
463
701
335
646
289
710
710
400
307
865
769
261
797
797
455
455
463
701
335
335
289
289
848
710
400
988
759
775
261
261
781
781
455
519
670
864
261
566
254
254
455
455
307
865
769
80
797
797
455
455
463
463
701
335
289
289
710
710
400
276
25
202
582
120
193
928
102
102
484
484
484
937
937
828
828
902
307
759
775
261
781
781
781
455
19
463
701
9219
1519
1216
2001
2035
2035
1216
1047
1047
1047
2028
1216
1047
2034
1589
1969
2032
1969
2032
1886
1886
1968
1788
1481
1925
1764
1857
2028
1973
1347
1925
1969
2035
1955
2035
1094
2035
1914
1481
1589
2046
1831
1519
2046
1622
1519
1554
2046
1554
2025
1720
2034
2025
2034
1903
1607
1481
1083
1626
1626
1788
1519
1896
1175
1788
1896
1764
1788
1831
1896
1788
1690
2006
1519
2046
1519
1519
2046
1690
2001
1690
1083
1083
2028
1047
1216
1047
1519
1925
1519
1047
1216
2001
1047
1867
1047
1216
2035
2028
1047
1216
1519
1047
1969
1047
2001
2006
2001
2046
1216
2025
2046
1831
1047
1949
1047
2035
1690
1481
1368
2046
2028
1690
1775
2046
1775
2046
1589
2035
1991
1047
2035
2001
1216
1925
1047
1892
1216
2028
1896
1690
2032
1690
2035
2035
1585
2035
2035
1047
1481
1589
2046
1299
2025
2046
1519
1083
1083
1949
1216
1788
1519
1216
1216
1216
2001
1216
2028
1216
2028
1216
1949
1690
1949
1690
1949
1519
2035
2046
2035
1690
2001
2028
2035
2028
1341
1788
1635
1216
1949
1519
1519
2001
1519
1554
2035
1690
1788
2028
1925
2028
1788
1589
2035
1690
1317
1589
2035
2046
1083
1626
2001
2035
2001
1216
2028
1626
2028
1925
1216
1788
1216
1519
1216
2001
1701
2001
2046
2028
1690
2028
1788
2028
2035
1669
1949
1216
1519
1519
2001
1047
2001
1714
2001
1831
1216
1635
1216
1949
2007
1949
1481
1585
2001
2035
1481
2035
1368
1690
2028
1925
1775
2035
2034
2035
2034
2035
2035
2001
1347
2007
2046
1368
1589
1368
2046
1589
1690
1949
1519
1347
1554
1690
1547
1589
1899
2034
1895
1589
1396
1635
1216
1949
1216
1519
1216
1519
1216
2001
2028
1867
2028
1216
1589
1690
1949
1519
1949
1519
1519
2035
2032
1216
1216
1047
2028
1867
1635
1216
1949
1690
1949
1519
1519
1216
2035
2001
2035
2028
2035
2028
1216
1831
2035
1831
1519
2006
1585
2046
1554
1690
1554
1690
2001
2046
2028
1589
1589
1949
2028
1519
1801
2032
2046
2035
1991
1554
2025
2035
1589
1481
1589
1481
1083
1925
1519
1690
2032
1519
1690
1867
2035
1867
2035
1690
1481
1589
1690
1690
1690
2046
1884
1991
2046
1589
2035
1216
1669
1519
1690
1519
1690
1857
1690
2028
1788
2028
1216
2028
1925
1589
1585
1209
1585
1547
1585
2028
1554
2028
2001
2028
2035
2032
1216
1216
1831
1669
1519
1969
1969
1554
1554
1867
2028
2028
1635
1216
1519
1626
1216
1519
1216
1097
1047
1047
1047
1047
1047
2025
1083
1519
1047
1047
2001
1047
1831
1635
1635
1047
1519
1519
1554
1368
1047
2035
2028
1519
1216
2035
1589
2035
1047
1585
1589
1047
1583
1216
1703
2028
1216
2006
1764
1047
1788
1925
1216
2032
1047
1263
1977
2028
1558
2006
1857
2006
1892
1925
1831
1949
2028
1794
2032
2001
1969
1722
1607
2028
1886
1589
1831
1949
2046
1949
1969
2001
1949
1585
1368
1949
2001
2007
2001
1831
1682
1554
1831
1949
1718
1930
1703
1216
1703
2001
1867
1788
1788
1299
1925
2028
1048
1794
1519
2032
1979
2028
1519
2006
1925
1299
1857
1299
1481
1626
1452
1985
1974
1438
2028
1635
1635
1969
2001
2001
2001
1867
1867
1409
1480
2028
1480
1949
1949
1519
1519
1047
1857
1216
1519
1083
1216
2001
1867
1925
1452
2007
1925
1669
1519
1519
1828
2001
2001
2001
1867
2028
1925
1635
1519
1519
2001
2001
2025
1925
1831
1831
1635
1083
1452
1452
2001
1867
1867
2028
1831
1480
1949
1949
1519
1519
2001
2001
2001
1554
1094
1831
2028
1635
1589
1635
1452
2006
1519
1519
1585
1519
1519
1991
1452
1452
1867
2028
2028
2007
2034
1949
1703
2032
1519
2007
2001
2001
1554
1345
1589
1452
1949
1949
1828
1519
2001
2001
2001
1867
2028
2028
1635
1669
1519
1519
1682
1966
2007
1047
1635
1635
1949
1949
1519
1519
1969
2001
1554
1867
1083
1409
2028
1635
1635
2006
1519
1083
2001
1896
1216
1216
1896
1216
1867
1867
2028
1589
1831
1949
1949
1519
1519
2001
1936
1940
1409
2028
2028
1452
1949
2006
2032
1982
1896
1216
1966
1896
2008
2007
2035
1974
1206
1982
1703
2007
2028
2028
1831
1480
1949
1969
1969
2001
2001
2001
2028
2028
2028
1892
1949
1481
1788
2035
1519
1969
1966
2001
2001
2028
1960
1886
1481
1991
2006
1857
2032
1925
1589
9220
2882
2618
2750
2497
2497
2608
2727
2937
2990
2567
2942
2925
2451
2451
2738
2307
2874
2889
2119
2862
2965
2549
2938
2365
2649
2897
2224
2770
2983
2275
2990
2791
2128
2083
2270
2411
2579
2942
2510
2649
3050
2608
2791
2627
2452
2936
2694
2536
2314
2802
2802
2505
2619
2411
2936
2802
2882
2882
2294
2882
2882
2882
2628
2935
2882
2882
2882
2882
2882
2882
2882
2882
2882
2882
2882
2882
2882
2882
2882
2882
2990
2699
2820
2877
2564
2877
2820
2859
2952
2945
2860
2577
2452
2764
2939
2997
2168
2860
2672
2581
2162
2990
2567
2990
2494
2802
2277
2912
3034
2567
2567
2567
2619
2567
2649
2775
2735
2952
2697
2567
2989
2802
2881
2567
2813
2751
2567
2564
2912
2162
2111
2170
2331
2681
2791
2269
2777
2331
2881
2219
2860
2646
2331
2881
3022
2331
2735
2649
2269
2881
2331
2990
2881
2881
2456
2224
2276
2639
2331
3028
2628
2162
2859
2944
2276
2979
2331
2727
2224
2665
2639
2628
2813
2628
2255
2628
2944
2269
2735
2628
2276
2464
2997
2939
2564
2567
3041
2649
2567
2628
2343
2567
2918
2990
2464
2874
2727
2889
2567
2939
2320
2567
2802
2802
2567
2567
2802
2567
2628
2672
2882
2882
2882
2701
2770
2647
2770
2860
2876
2320
2564
2162
2048
3023
2860
2882
2882
2735
2628
2868
2942
2860
2168
2942
2750
2462
2162
2398
3023
2398
3022
2997
2957
2920
2942
3041
2860
3022
2054
2162
2567
2344
2694
2672
2874
2608
2248
2063
2876
2860
2168
2672
2990
2944
2912
2735
2506
2860
2912
2825
2920
3009
2623
2253
2579
2119
2889
2770
2054
2419
2944
2343
3007
2119
3043
2936
2525
2162
2401
2293
2564
2192
2944
2162
2401
2697
2868
2639
2401
2401
2939
3054
2628
2579
2644
2478
2192
2293
2162
2401
2497
2914
2398
2607
2567
3041
2289
2649
2918
2320
2567
2918
2176
2735
2944
2694
2419
2054
2942
2694
2972
2989
2972
3050
2162
2452
2612
2944
2451
3029
2510
3009
3069
3009
2868
2314
2990
2649
2054
2406
2944
3007
2506
2735
2874
2347
2489
2825
2874
2942
2907
2612
2331
2111
2841
2753
2944
2868
2945
2964
2331
3041
2464
2990
2646
2331
2456
2456
2331
2881
2331
2881
2464
2289
2646
2473
2750
2628
2750
2628
2946
2946
2946
2968
2942
2224
2564
2478
2750
2946
2695
2990
2567
3050
2946
2054
2695
2054
2750
2972
3043
2665
2944
2214
2567
3023
3028
2957
2957
2918
2323
2323
2983
2085
2289
2564
2579
3023
2697
2735
2945
2820
2777
2777
2777
2276
2945
2820
3028
2623
2697
2874
2618
2937
2289
2997
3041
2564
2820
2820
2697
2874
2579
2952
2564
2162
2612
2400
2820
2944
2330
2918
2567
2324
3050
2411
2868
2939
2549
2990
2649
2549
2347
3028
2162
2552
2863
2646
2874
2591
2644
2944
2672
2699
2121
2388
2467
2738
2884
2531
2531
2944
2920
2452
2912
2715
2467
2649
2354
3034
2701
2717
2351
2968
2802
2612
2881
2649
2093
2939
2085
2881
3023
2101
2717
2925
2989
2456
2833
2604
2261
2623
3017
2564
2261
3022
2443
2813
2253
2881
2156
2811
3050
2694
2939
2671
2672
2701
2730
3017
2119
2395
2395
2349
2882
2957
2323
2323
2320
2395
2918
2882
2918
2671
2314
2585
2671
2564
2983
2323
2323
2564
2735
2270
2882
2048
2253
2811
2323
3071
2289
2791
2168
2918
2564
2585
2323
2323
2608
2944
2618
2384
2119
2942
2057
3041
2323
2820
2857
3017
2983
2085
2552
2862
3041
2944
2859
2859
2918
2289
2289
2828
2289
2918
2684
2918
2828
2697
2730
2089
2253
2168
2608
2882
2564
3041
3022
3041
2771
2089
2253
2877
2618
2162
2868
2874
2868
2990
2809
2671
2618
2770
2937
2623
2253
2671
2672
3029
2608
2612
2918
2770
2874
2564
3017
2623
2802
3014
3014
2618
3000
2881
2821
3014
2289
2802
2818
2877
3014
2881
2952
2608
3041
3041
2085
2531
2672
2877
2881
2802
2881
2802
2942
2821
2057
2289
2652
2944
2918
2859
2289
2937
2818
3008
2937
2789
3041
2821
2748
2289
2946
2289
2889
2162
2859
3023
2314
2821
2789
2671
2608
2752
2253
2860
2944
2671
3041
2393
2828
2462
3071
2284
2320
2697
2944
2671
2860
2874
2937
2115
2862
2608
2623
2253
2787
2156
2701
2452
2942
2942
2320
2060
3008
2672
2156
2462
2478
3029
2859
2612
2701
3017
2787
2608
2983
2253
2478
2608
2820
2253
2510
9221
3188
3488
3685
3603
3100
3715
3450
3450
3450
3623
3603
3315
3603
3675
3450
3325
4053
3603
3715
3100
3742
3450
3450
3541
3964
3778
3890
3652
3603
3603
3736
3603
3753
3478
3585
3675
3606
3450
3100
3603
3603
3154
3639
3100
3100
3154
3603
3100
3450
3530
3577
3577
3890
3890
3890
3727
3347
3463
3609
3843
3365
3478
3740
3914
3175
3500
3934
3200
3671
3315
3966
3747
3891
3843
4042
3929
3420
3478
4063
3526
3182
3719
3719
3413
3890
3115
4079
3620
3719
3903
3450
3739
3413
3868
3810
3868
3890
3890
3111
3577
3890
3413
3747
3450
3234
3914
3109
3738
3154
3216
3325
3259
3413
3862
3413
3692
3890
3304
3154
3951
3109
3810
4039
3310
3890
3880
3924
3890
3685
3335
3613
3486
3259
3839
4084
3739
4045
3296
3340
3154
3747
3808
3808
3644
3142
3154
3978
4084
3436
3352
4024
3805
3365
4079
3623
4084
3247
3603
3596
3623
3251
3088
3352
3506
3805
3091
4019
4008
3251
3247
3623
3756
3802
3142
3247
3623
3415
3247
3142
3839
3327
3506
3247
3142
3187
3375
3685
3685
3142
3685
3783
3142
3715
3805
3685
3154
3154
3358
3148
4072
3685
3890
3947
3924
3685
3657
3914
4084
3978
3247
3955
3778
3447
3715
3705
3276
3826
3259
3778
3715
3675
3777
3676
3928
3698
3434
4090
3297
3175
3276
3826
3276
3897
3778
3107
4008
3392
3555
3928
3323
3778
3533
3671
3226
3674
3719
3555
3719
3259
3914
4032
3623
3690
3839
3909
3348
3914
3843
3935
3555
3226
3585
3777
3870
3226
3843
3226
3498
3406
3498
3810
3335
3259
3226
3928
3498
3970
3557
3727
3554
3736
3928
4042
4053
3585
3740
3890
3459
3480
3291
3843
3777
3826
3777
4008
3431
3469
3824
3406
3673
3276
4045
4088
3276
3091
3276
3506
4008
3276
3284
3676
3343
3685
3596
3870
3555
3870
3778
4042
3555
3825
3449
3555
3929
4088
3675
3914
3869
4032
3690
3396
3555
3413
3914
4039
3719
3914
4053
3586
3870
4072
3870
3727
4079
3270
3596
3914
3914
3398
4054
3256
3928
3715
3710
3675
3987
3715
4053
3270
3914
3777
3933
3198
3805
3389
3498
3623
3942
3164
3896
3965
3310
3747
3857
3965
3965
3375
3868
3673
3623
3194
3805
3876
4052
3808
3154
3313
3498
3622
3375
3698
3478
3623
3389
3539
3540
3585
3498
3903
3585
3498
3719
4048
3498
3649
3498
3585
3303
3251
3431
3498
3226
3375
3694
3585
3802
3719
4088
3175
3965
3480
3965
3327
4054
3673
4008
3924
4091
3335
4019
3849
3398
3747
3786
3952
3952
3506
3777
3843
3504
3450
3778
3115
4036
4008
3919
3604
3320
3970
3970
3849
3297
3887
3284
3719
3965
3887
3685
4088
3685
3198
3365
3951
3198
3833
3610
3623
3241
4042
3098
3623
3849
3919
3849
3896
3585
3824
3185
3890
3857
4084
4042
3288
3783
3965
3728
3591
3778
3577
3474
3876
3659
3485
3778
3890
3436
4079
4053
3715
3831
3782
3389
3226
3605
3081
3393
3175
3951
3641
3804
3804
3887
3681
3557
3133
4093
3174
3585
3853
3920
3705
3319
3965
3375
3142
3088
3248
3297
3310
3880
4004
3515
4052
3965
3843
3744
3965
3997
3726
3623
3965
3833
3685
3604
3425
4041
3586
3604
3259
3915
3603
3202
3148
4041
4041
3604
4041
4082
3604
3117
3604
3469
3148
3800
3585
3603
3542
3778
3407
3450
3685
3264
3685
3784
3921
3685
4088
3829
3685
3450
3802
3685
3685
3450
3685
3685
3730
3297
3508
3685
4088
3802
3450
3685
3685
3864
3585
3757
3126
3903
3903
3882
3596
3959
3903
3498
4072
3685
3984
3984
3984
3984
3413
3175
3959
3881
3291
3637
3557
3325
4024
3637
3633
3810
3757
3585
3890
3681
3603
3107
3542
3313
3259
3997
3804
3919
3264
3486
3484
3515
3498
3724
3107
3328
3726
3959
3831
3931
3825
3802
3890
4091
3867
3592
3912
3998
3890
3292
4019
3297
3310
3313
3447
3727
3912
3450
3264
3685
3802
3843
3802
4091
3503
3984
3913
3970
3098
3984
3095
3334
3531
3952
3843
3833
3554
3515
3291
3753
3498
4088
3914
4007
3498
3903
3111
3498
3921
3887
3148
3692
3264
3452
3905
3554
3937
3797
4084
3791
3198
3325
3873
3447
3388
3719
3515
3727
3447
3244
3825
3843
3307
3088
3338
3937
3291
3313
3883
3639
3388
3903
3437
3639
3515
3674
4010
3200
3903
3340
3974
4008
3503
3901
3742
4079
3176
3940
3264
3462
3784
3428
3530
9222
4603
4803
4702
4527
4722
4549
5039
4410
5005
4549
4354
4549
4950
4911
4917
4549
4613
4613
4287
4407
4184
5040
5056
4184
4591
4360
5031
4150
4873
4437
4320
4844
4436
4549
4519
4549
4598
4559
4334
4654
5105
4250
4549
4701
4636
4131
4527
4751
5040
5029
5118
5112
4810
4554
4366
4305
4865
4203
5112
4853
4335
4907
4705
4150
4440
4203
4197
4620
4362
4695
5031
4437
4926
4919
4926
4979
4924
4732
4150
4767
4203
4817
5077
4519
5031
4364
5031
4583
4643
4911
4456
4911
4456
4150
4911
4624
4318
5045
5112
4364
5031
4456
4950
4705
5031
4436
4800
4150
4364
5105
4549
4587
4985
4750
4150
4994
5096
5050
4661
4457
5012
5029
4955
5041
4751
4830
4829
4906
4751
4460
4203
4460
5070
4249
4934
5040
4266
5040
4610
4350
4894
4899
4636
4099
4299
4484
4873
4702
4766
4875
4134
5089
4619
5005
4236
5066
4684
4455
4120
5105
4519
5056
4581
4705
5105
4184
4721
5105
4614
5056
4351
5027
5056
4922
4869
4332
4366
4364
4387
4665
4701
5089
5056
4899
5105
4353
4387
4195
5105
4839
5105
5105
5089
5046
4364
4824
4132
5105
5105
4239
4382
4810
4882
4705
4926
4549
4705
5011
4508
4195
4924
4924
4150
4824
4324
4829
4535
4740
4705
4461
4370
4893
4351
4351
5119
4705
4924
4824
4705
4175
4320
4175
4351
5072
4305
4862
4443
4360
4927
4300
4660
4215
4839
4318
4862
4175
5059
4671
4507
5059
4320
4328
4351
4320
4197
4660
4119
4999
4195
5096
4170
4740
4305
4150
5096
4624
4589
4624
4770
4593
4519
4950
4195
4175
4132
4893
4925
4399
5089
4364
4334
5040
4119
4615
4926
4955
4460
4634
4606
4157
4800
4334
5049
4332
4800
4150
4740
4195
4410
4334
4830
4985
5089
4150
5022
4800
4334
4508
5049
4893
4705
4522
5049
4955
4246
4318
4905
5105
4660
4652
4660
4717
4733
4705
4318
4624
4443
4624
4624
4175
4120
4249
4849
4332
4800
4578
5096
4332
4332
4909
4800
4676
5097
4334
4589
5042
4437
5059
4875
4800
4334
4460
4985
4866
4814
5096
5042
5079
5090
4950
4830
4510
4353
4296
4873
5056
4296
4817
5056
4858
4432
4701
4161
4830
4296
4350
4893
4366
4197
4906
5089
4645
4457
5005
4484
4231
5056
4526
5005
4732
4182
4195
4195
4195
5056
4527
4782
4701
4184
4852
4776
4740
4370
4184
4899
4527
4320
5056
5096
4351
4286
5007
4934
4721
5096
5056
4098
4437
4334
4194
4771
4329
4175
4285
4881
5105
4845
4150
4248
4318
4875
4721
5056
4266
4869
4161
4721
4763
4631
4969
4801
4911
4583
4364
4845
5076
5105
4911
4519
4150
4221
4733
5115
4941
5012
4619
4619
4517
4318
4619
4480
5040
5027
4574
4184
4676
4244
4881
4248
5056
5009
4931
4583
4747
4845
4299
4755
4862
5114
4145
4560
4240
4640
4955
5069
4373
4849
5041
4838
4501
5042
4615
4456
4170
4320
4770
4780
5089
4296
4972
4436
4754
4460
4436
4889
4227
4170
4234
4721
4320
4640
4629
5079
4203
4931
4611
4356
4226
4161
4363
5031
4234
4823
4161
4461
5043
4831
4249
4164
4985
4623
5040
4363
5108
4817
4731
5041
4843
4369
4442
5007
5069
5011
5031
4120
4982
4748
4739
4285
4567
4524
4795
4149
4636
4800
4925
4548
4285
5049
4931
4800
5043
4549
4184
4150
4860
4875
4285
5047
4644
4905
4549
4168
4549
4695
4334
4817
4715
4914
5049
4332
4800
4360
5056
4451
4801
4167
4994
4460
4786
5091
4640
4198
4335
4701
4838
4150
4715
4671
4829
4098
4183
4800
4881
4790
4332
5112
4648
4699
4384
4881
5049
4332
4800
4978
5112
4238
4637
5072
4994
4830
4985
5018
4800
4184
4845
4980
4829
4304
4829
4637
4318
4364
4299
5049
4512
4829
4898
5049
4203
4833
4927
4721
4477
4800
4861
4267
4999
4120
4133
4994
4905
4340
5049
4636
4884
4232
4817
4800
4194
4145
4911
4203
4244
4695
4322
4861
4898
4830
4318
4145
4923
5026
4925
4232
4150
5027
4924
4800
4670
4167
4850
4721
4829
4731
5043
4145
5094
4752
4766
4843
4332
4994
4771
5104
4332
4813
4813
4969
4145
4519
4881
4244
5027
5031
4703
4339
4444
4695
4332
4985
5087
4800
5031
4334
4702
4813
4244
4302
4457
5094
5104
4885
4519
4852
4519
4616
4246
4563
4684
4322
4240
4893
4246
5024
4850
4845
4203
4931
5045
4661
4774
4240
4175
4852
4519
4234
5095
4828
4296
4296
