9217
9218
306
668
482
482
482
482
482
167
195
446
925
968
512
690
329
329
553
78
78
453
621
748
748
354
667
376
816
963
853
963
848
416
83
676
609
592
506
506
571
571
751
751
751
745
745
685
265
460
968
512
493
276
281
78
78
621
621
951
435
989
354
667
465
376
376
376
963
244
416
757
923
736
968
512
690
281
78
78
553
621
947
503
53
592
506
506
571
571
751
751
751
745
745
745
435
834
667
550
963
376
963
376
438
438
416
95
923
736
968
512
690
281
655
78
78
639
621
83
923
460
968
512
719
281
281
78
78
276
947
503
53
592
506
506
571
571
751
751
751
745
745
83
128
460
968
512
205
281
873
78
78
78
639
167
435
834
667
630
667
376
853
376
222
222
167
503
53
360
506
506
571
571
751
751
751
745
745
503
53
360
506
506
571
571
751
751
745
745
745
95
925
736
512
367
719
329
78
276
78
639
639
83
128
460
613
447
151
20
889
889
889
638
149
616
521
521
1000
145
149
145
616
149
145
257
339
339
429
609
592
506
506
571
516
751
68
632
638
339
850
265
460
968
367
690
281
52
78
78
621
639
685
926
834
354
465
630
376
963
734
74
244
222
83
128
460
736
512
60
281
553
78
78
78
621
947
676
316
592
506
506
571
571
751
751
751
745
745
951
435
354
667
667
963
376
916
916
916
244
83
765
923
736
968
60
690
281
78
78
78
621
621
951
435
354
667
630
963
376
21
244
840
222
313
897
316
592
506
506
571
571
751
751
751
618
745
765
923
736
512
172
690
329
160
78
78
621
639
951
435
17
465
630
667
438
21
734
222
550
83
499
925
736
512
848
281
281
78
78
78
639
947
503
82
316
506
506
571
571
751
751
751
745
745
409
435
444
667
630
963
376
125
376
222
244
416
757
923
736
968
512
690
329
78
78
78
621
621
685
926
834
354
550
963
550
253
253
963
416
416
676
53
592
506
506
571
571
751
751
751
745
745
757
923
460
968
172
719
281
160
78
78
639
167
947
435
834
354
465
376
376
125
376
74
244
222
83
737
236
736
512
719
281
281
848
78
78
639
947
429
82
592
506
506
571
571
751
751
751
745
745
951
435
17
667
630
963
432
853
376
376
222
416
128
925
736
512
205
281
281
534
9219
1083
1083
1993
1838
1250
1838
1610
1664
1610
1263
1896
1270
1610
1782
1250
1812
1535
1555
1896
1412
1812
1526
1703
1270
1270
2032
1410
1610
1610
1993
1812
1996
1838
1764
1813
1813
1410
1610
1161
1557
1664
1753
1838
1838
1813
1915
1610
1703
1216
1838
1250
1083
1161
1838
1610
1996
1896
1664
1270
1263
1764
1993
1354
1993
1764
1610
1529
1626
1565
1606
1606
1812
1270
1270
1270
1439
1270
1838
1270
1083
1412
1703
1597
1996
1996
1996
1996
1250
2032
1250
1674
1993
1993
1812
1812
1993
1270
1610
1270
1610
1610
1610
1610
1250
1813
1812
1396
2006
1838
1083
1896
1396
1838
1354
1565
1565
1565
1412
1565
1588
1250
1250
1250
1270
1759
1610
1674
1996
1996
1996
1606
1996
1263
1263
1674
1812
1812
1606
1610
1867
1930
1250
1597
1664
1838
1993
1838
1610
1838
1610
1996
1410
1606
1270
1263
1606
1626
1270
1838
1535
1565
1427
1354
2006
1812
1610
1996
1597
1812
1396
1753
1838
1764
1455
1812
2032
1830
1270
1812
1812
1516
1838
1764
1813
1812
1813
1830
1161
1565
1565
1664
1996
1838
1998
1626
1535
1610
1250
1516
1896
1753
1838
1250
1838
1250
1838
1993
1838
1610
1838
1610
1263
1626
1516
1268
1915
1426
1993
1993
1812
1812
1610
1610
1270
1270
1896
1270
1610
1896
1191
1915
1703
1830
1830
1813
1813
1813
1813
1813
1813
1764
1813
1813
1812
1812
1606
1982
1664
1606
1427
1813
1813
1936
1812
1838
1838
1812
1812
1812
1838
1436
1626
1455
1664
1597
1664
1597
1407
1565
1250
1753
1664
1812
1812
2006
2006
1270
1270
1597
1270
1270
1703
2032
1703
1535
1270
1250
1753
1703
1664
1838
1250
1838
1610
1838
1610
1996
1610
1838
1610
1263
1626
1597
1812
1915
1396
1396
1250
1838
1396
1666
1812
1800
1830
1597
1610
1718
1788
1830
1838
1270
1396
1410
1830
1610
2006
1812
1753
1996
1691
1270
1812
1915
1555
1610
1610
1565
1753
1996
1354
1354
1610
1838
1838
1812
1838
1610
1838
1436
1263
1396
1753
1191
1263
1838
1250
1838
1610
1838
1626
1896
1565
1565
1191
1626
1830
1830
1703
1830
1996
1083
1996
1263
1516
1263
1812
1627
1812
1396
1812
1812
1812
1812
1626
1436
1396
1691
1270
1270
1565
1597
1565
1565
1565
1250
1838
1812
1813
1812
1812
1664
1083
1985
1691
1270
1270
1565
1896
1565
1565
1597
1565
1565
1735
1565
1753
1250
1812
1812
1812
1812
2006
1270
1270
1270
1270
1436
1896
1191
1396
1812
1915
1610
1753
1270
1993
1396
1250
1838
1359
1838
1610
1838
1610
1083
1270
1263
1703
1250
1838
1838
1813
2032
2032
1626
1812
1812
1263
1830
1830
1270
1813
1250
1555
1597
1812
1812
1753
1838
1354
1270
1812
1610
1610
1610
1565
1812
1516
1838
1838
1813
1813
1610
1610
1565
1385
1838
1396
1270
1565
1838
1610
1838
1610
1838
1610
1753
1896
1516
1270
1993
1838
1666
1813
1631
1915
1610
1270
1270
1610
1830
1830
1830
1830
1083
1813
1813
1813
1982
1813
1813
1813
1813
1813
1838
1812
1812
1838
1396
1664
1838
1270
1664
1838
1083
1664
1597
1565
1565
1565
1753
1610
1626
1565
1083
1703
1565
1565
1565
1753
1250
1250
1250
1250
1250
1250
1250
1610
1353
1610
1610
1830
1626
1516
1996
1516
1341
1396
1516
1812
1812
1812
1812
1812
1626
1838
1626
1838
1812
1838
1410
1788
1057
1812
1896
1250
1354
1993
1838
1250
1838
1896
1838
1813
1216
1813
1915
1610
1597
1606
1263
1996
1830
2006
1812
1396
1940
1703
1610
1993
1263
1996
1354
1838
1813
1813
1830
1812
1838
1838
1838
1270
1812
1610
1610
1597
1565
1664
1838
1838
1830
1812
1396
1732
1610
1250
1354
1161
1838
1993
1838
1610
1838
1610
1838
1610
1396
1610
1396
1410
1610
1250
1396
2006
1626
1874
1516
1250
1250
1610
1270
1666
1838
1838
2032
1666
1666
1626
1341
1565
2032
1396
1597
1813
1410
1812
1270
1597
1838
1664
1664
1083
1565
1830
1270
1250
1427
2006
1191
1083
1931
1083
1812
1939
1270
1270
1830
1626
1263
1812
1455
1424
1732
1610
1610
1812
1996
1812
1396
1270
1597
1626
1838
1516
1812
1597
1896
2032
1409
1626
1812
1915
1250
2006
1427
1998
1250
1191
1812
1764
1250
1838
1161
1838
1610
1788
2032
1996
2006
1813
1610
1867
1753
1830
1626
2006
1950
1626
1830
1597
1867
9220
2380
2660
2253
2257
2206
2901
2901
3003
2174
2333
3003
2185
2987
2802
3066
3059
2764
2957
3047
2717
3066
3050
2608
2983
2208
2884
2828
2828
2828
2716
2575
2174
2940
2901
2901
2901
2957
2298
2549
2105
2450
2208
2085
2077
2983
2940
2741
2105
2232
2905
2901
2901
2174
2174
2066
2901
3003
2450
2148
2567
2085
2085
2085
2085
2253
2085
2529
2070
2912
2050
2619
2074
2657
2143
3041
2883
2347
2347
2274
2642
2274
3066
2406
2440
2105
2321
3024
3024
3024
2501
2130
2567
2451
2105
2105
2918
2923
2923
2972
2923
2923
2484
2920
2920
2344
2386
2863
2978
2297
2642
3066
2642
2088
2508
2918
2482
2918
2274
2567
2451
2770
3024
2824
2923
2905
2174
2274
2915
2501
2451
2741
2501
2333
2174
2764
3041
2451
2383
2482
2501
2451
2815
3000
2451
2901
2077
2549
2913
3000
3000
2460
2321
2344
2174
2940
3003
2360
3000
2964
2423
2462
2360
2347
2434
2233
2968
2901
2952
2350
2923
3042
2457
2925
2702
2233
2901
2983
2983
2105
2802
2323
2255
2918
2642
2333
2130
2206
2457
2528
2771
2333
2659
2750
2915
2573
3043
2239
2257
2978
2557
2771
2989
2513
3003
2185
2411
2567
2101
2323
2101
2456
2400
2820
2802
2077
2928
2206
2333
2971
2544
3008
3008
2280
2557
2557
2323
2261
2484
2820
2233
2245
2971
2848
2928
2971
2470
2314
2406
2730
2557
2557
2352
2352
2608
2261
2764
3066
2501
2109
2501
2901
2889
2619
2544
2619
2964
2821
2883
2208
2467
2956
2978
2642
3050
3066
2091
2406
2208
2406
2321
2901
2820
2105
2923
2800
2489
2185
2881
2261
2612
3041
2884
2952
2412
3044
2101
2162
2208
2749
2352
2883
2208
2989
3071
2452
2978
2277
2939
2253
2860
2323
2883
2844
2978
3063
2691
2923
2406
3029
2822
2612
3007
2257
2208
2868
2905
2147
2253
3066
2612
2781
2788
2764
2682
2608
2320
2326
2156
2529
2208
2972
2101
3052
2730
2434
2869
2184
2868
3063
2833
2326
2374
2284
2612
2567
2883
2467
2255
2989
2434
2097
2440
2957
2918
2508
2577
2979
2905
2923
2130
2978
2060
3050
2567
2411
3041
2907
2978
2884
2233
2890
2824
2484
2677
2309
2274
2077
2261
2412
2462
2990
2252
2609
2419
3066
3063
2208
2274
2252
2082
3066
2657
2834
2820
2749
2344
2208
2619
3041
3041
2964
2109
3063
2208
2869
2801
2484
2869
2965
2459
3066
2292
2567
2208
2830
2208
2699
2350
3034
2208
2941
2918
2649
2671
2233
2920
2233
3009
2957
2452
2452
2968
2905
2208
3041
2489
2604
2233
2748
2130
2694
2889
2314
2883
2869
2412
3028
2277
2957
2255
2411
2820
2314
2191
3047
2185
2869
2697
2923
3041
2257
2777
2148
2101
2105
2321
2887
2741
2777
2515
2677
2085
2741
2525
2547
2225
2801
3066
2085
2085
2085
3003
2547
2777
2989
2940
2784
2730
2085
2101
2143
2603
2208
3071
2143
2085
2919
2847
2406
2827
2434
2608
2289
2655
2925
2365
2399
2600
3041
2883
3041
2567
2148
2257
2967
2604
2776
3008
2677
2133
2133
3003
3000
2905
2462
2489
2552
2964
2455
2913
2717
2869
2467
2321
2890
2185
2971
2724
2344
2225
2649
2642
2642
2347
3047
3066
2470
2608
2741
3029
2454
2454
2567
2802
3041
2820
2820
2225
2923
2419
2419
3003
2191
2741
2830
2530
2314
2619
2501
2454
3050
2657
2824
2777
2277
2277
2983
2323
2323
2741
2323
2567
3022
2085
2983
2230
2293
2899
2989
2989
2567
3024
3024
2567
2165
3024
2907
2255
2567
2332
2915
2454
2257
2899
2684
2150
3000
2463
2642
3008
2820
3050
2233
2208
2813
2442
2206
2897
3069
2604
2989
2101
2096
2150
2255
2105
2225
2830
2147
2741
2905
2923
2813
2257
2923
3041
2257
2820
2820
2470
2177
2085
2162
2813
2130
2821
2925
2644
2880
3029
3023
2649
2297
2284
2883
2404
2257
2567
2054
2462
3041
2775
2952
2456
2820
2277
2232
2350
2833
2751
2333
2857
2677
2429
2552
2829
2649
2459
2531
3029
2289
2147
2990
2452
2063
2989
2552
2833
2949
2939
2406
2889
2130
2383
2083
3007
3041
2741
2660
2567
2694
2949
2923
2925
2968
2478
3066
2123
2343
2465
3022
2925
2360
2791
2344
2918
2223
2697
3007
2925
2741
2209
3041
2105
2651
2529
2741
2233
2949
2344
2567
2224
2944
2208
2942
2510
3035
2344
2830
2791
2651
2105
2741
2307
2717
2830
2463
3012
2949
2939
2830
9221
3796
3681
3608
3715
4028
3399
3096
3925
3619
3707
4006
3171
3599
3200
4013
4091
3833
4082
3514
3252
3909
3862
3753
3231
3625
3625
3523
3523
3628
3728
3094
3977
3530
3868
3236
3925
3082
3403
3376
3376
4093
3623
3231
3998
3796
3896
3681
3200
3096
3849
3231
3686
3253
3473
3702
3735
3801
3578
3625
4077
3625
3625
3625
3523
3092
4042
3631
4038
3565
3961
3625
3216
3665
3492
3615
3504
4042
3492
3796
3257
3456
3547
3876
3994
4084
3398
3394
3206
3206
3738
4063
3999
3783
3552
3865
3921
3880
3623
3842
4004
3706
3447
3625
3504
3625
3096
3997
3623
3536
3625
3690
3485
3913
3094
3634
3156
3913
3195
3710
3257
3257
3625
4051
3943
3661
3831
3925
3767
3900
3529
3732
3796
3719
3796
4077
3373
3526
3373
3870
3280
3647
3870
3508
3555
3104
3815
3622
3857
3896
3508
3508
3994
3961
3242
3383
3327
3322
3508
3195
3195
3434
3465
3848
3602
3757
3623
3232
3567
3195
3986
3688
3465
3195
3208
4077
3802
3796
3232
3154
3094
3816
3849
4069
3398
3704
3634
3496
3870
3545
4077
3802
3719
3432
3600
3675
3384
3188
3957
3848
3868
3661
3082
3900
3942
3796
3449
3508
3119
4008
3685
3671
3156
3919
3504
4013
3913
3913
3997
3109
3526
3686
3625
3757
3880
3684
4093
3138
3492
4091
3900
3634
3704
3704
3625
3727
3622
3940
3492
3862
3890
3377
3819
3120
3961
4042
3335
3704
3974
3819
4077
3879
3796
4077
3810
3766
3766
3508
3642
3772
3961
4077
3401
3114
3974
3634
3327
3767
3739
3810
3097
3231
3623
3555
3729
3508
3802
3120
3087
3567
3305
3904
3745
3810
3238
4091
3377
3820
4075
3236
3783
3114
3560
3327
3154
3530
3555
3928
3465
3195
3619
3259
3928
3083
3925
3988
3600
3909
3195
3928
3974
4094
3925
3195
3500
3653
3740
3242
4090
3237
3625
3447
3870
3690
3796
3868
3715
3094
3325
3925
3096
3201
3467
3529
3377
3403
3096
4042
3749
3802
3819
3625
4022
3206
3988
3810
3195
4077
3187
3961
4077
3142
3928
4083
3782
3931
4004
3783
3522
3843
4052
3898
3931
4042
3772
3585
3810
3504
3107
3475
4077
3625
3995
3585
3819
3238
3928
3296
3783
4042
3961
3802
3924
3156
3887
3771
3136
3604
3513
3625
4091
3138
3119
3403
3557
3245
3820
3201
4083
3536
3950
3585
3231
3166
3856
3702
4083
3199
3921
3082
3136
3631
3305
3251
3177
3231
3802
3625
3231
3494
3914
4041
4088
3504
3504
3945
3848
4077
3783
3976
3492
3354
3625
3715
3504
3327
3997
3684
3935
3530
3796
3684
3153
4077
3685
4043
3504
4008
3486
3952
3231
3719
4077
3839
4091
4091
4077
3802
4079
3467
4091
3310
3625
4056
3305
3157
3096
3583
3231
3625
3529
3820
3704
3579
3129
3094
3734
4095
3651
4077
3868
3868
3157
3802
3727
4004
3749
3554
3727
3084
3321
3583
4056
3631
3164
4077
3802
3554
3890
3812
3704
3997
3531
3966
3504
3398
3447
3231
3942
4082
3325
3515
3231
4008
3704
3231
3719
4077
3492
3802
3976
3345
3703
4042
3719
3535
3256
3959
3730
3440
3887
3690
3231
3625
3949
3682
3965
3848
3259
3727
4094
3631
4039
4088
3335
3313
3526
3398
3508
3413
3231
3475
3475
3254
3927
3890
3555
3619
3492
3862
3753
3796
3848
3819
3625
4077
3796
3903
3668
3377
3307
3710
3665
3651
3504
3621
3685
3818
3231
4019
3523
3231
4088
3998
3976
3715
3685
3942
3413
3802
3819
3802
3668
3185
3504
3231
3195
3913
3661
3136
3154
3690
4006
4048
3783
4043
3704
3704
3879
3862
3625
3625
3625
3094
3464
3796
3879
3215
3763
3200
4019
3676
4083
3704
3797
4077
4082
3514
3802
3116
3585
4042
3288
3156
3644
3380
3965
3195
3796
3327
3473
3931
3368
3622
4077
3264
3310
3959
3802
3291
3625
3802
3523
3888
3783
3595
3337
3219
3325
4083
3884
3671
3447
3824
3133
3649
3804
3246
3600
3581
4077
4043
3890
3739
4091
3504
3231
3467
4024
3961
3625
4006
3684
3154
3581
3906
3504
4077
3940
3685
3437
3577
3880
3107
3287
3826
4083
3802
3802
3486
3401
3950
3508
3247
3492
4077
3930
3966
4053
3500
3246
3111
3182
4091
3796
3231
3600
3257
3176
3119
3280
3951
3951
3951
3100
3816
3914
3504
3325
3802
3950
3704
3088
3246
3732
3284
3111
3107
3119
3107
3893
4077
3987
3919
3504
4039
3119
3373
3231
3504
3231
4088
9222
4881
4743
5027
4824
4178
4562
4556
4216
4743
4540
4726
4788
4318
4620
4965
4620
4686
4518
4179
4334
4743
4512
4487
4754
4665
4194
4691
4168
4662
4977
4872
4457
4851
4875
4414
4402
4414
4562
4414
4178
4494
4636
4742
5110
4977
4194
4965
4349
4715
4748
4886
4562
4532
4608
4653
4743
4414
4788
4119
4845
5107
4184
4536
4733
4177
4334
4854
4972
4931
4608
4325
4743
4519
4942
4727
4822
4743
4641
5035
4965
4802
4670
4918
4151
5082
4259
5082
4684
4397
4414
4591
4363
4170
4652
4836
4660
4318
4653
4414
4289
4756
4884
4421
4965
4328
5029
4500
4977
4414
5097
5056
4307
4653
4965
4801
4529
4806
4946
4946
4305
4806
5090
5076
4999
4728
4942
4414
4180
4853
4921
4939
4583
4861
4844
4301
4743
4414
4652
4653
4759
4743
4743
4831
5102
5106
4698
4313
4299
5110
4519
4583
4121
4272
4414
5056
4801
4114
4636
4281
4961
4985
4407
4414
4184
4264
4132
4796
4414
4414
5020
4715
4839
5108
4827
4121
5105
4873
4549
4121
4965
4839
4285
4687
4971
4414
5099
4414
4971
5090
4554
4414
4608
4562
4098
4845
4328
4927
4420
4324
5079
4814
4836
4414
5070
4104
4100
4414
4476
4965
4661
4145
4791
4604
4961
4961
4877
4696
4414
4443
4660
4849
4885
4510
4180
4537
4788
4178
4961
5096
4205
5051
4459
4414
4801
4414
4414
4414
5096
4389
4239
4334
4695
4965
4636
4567
5020
4909
4860
5020
4259
4177
4831
4965
4877
4636
4961
4843
4719
4281
4924
4540
4119
5108
4127
4324
4743
4478
4239
4383
4120
4629
5093
4583
4592
4411
4985
4432
4414
4134
4414
4831
4145
4381
4921
4728
5086
4743
4127
4414
4335
4664
4317
4302
4644
4494
5093
4743
4743
4664
4806
4296
5091
4241
4717
4800
4856
4915
4971
4615
4225
4970
4636
4961
4680
4334
4151
4513
4281
4318
4559
4964
4965
5056
4160
5069
4965
4239
4855
4127
4839
4259
4962
4638
4795
4731
5107
4720
5025
4587
4839
4184
4550
4189
4878
4259
4742
4332
4877
4662
4608
4556
4414
4475
4421
4687
4823
4251
4720
4681
4494
4308
4184
4211
4332
4743
4743
5056
4153
4178
4997
4239
4561
4733
5108
4248
4497
4121
4779
4806
4167
4636
4397
4414
4814
4654
4444
4603
4918
4353
4352
4696
4899
5075
4561
4756
4854
4541
4743
4200
4332
4796
4854
4532
4488
4180
4414
4136
4796
4702
4681
4985
4168
4843
4459
4456
4551
4339
4855
5082
4900
4302
4414
4686
4374
4919
4681
4754
4877
4999
4546
4259
4416
4459
5087
4966
4633
4175
5022
4853
4431
4494
4414
4615
4335
4332
4676
4853
5049
4494
4919
4646
4977
4519
4921
4332
4631
4414
4751
5105
4877
5042
4113
4335
4362
4451
4969
5027
4918
5041
4455
4743
4213
4931
4875
4522
4335
4414
4899
4227
4415
5112
4647
4678
4894
4318
4217
4414
4264
4264
5098
4795
4795
4500
5105
4193
4845
4122
4766
4414
4414
4119
4817
4845
5110
4414
4457
4536
4414
4684
4846
4474
4519
4830
5069
4181
4414
4318
4168
4120
4225
5027
5042
4636
4283
4795
5064
4755
5112
5003
4532
5009
4305
4950
4881
4862
4305
4318
4934
4145
4965
4414
4886
5027
4389
4881
4447
5105
4389
4953
4412
4494
4258
5030
5088
4403
4289
4841
5105
5027
4965
4173
4536
5099
4899
4482
4545
5049
4754
4806
4727
4414
4872
4414
4227
4806
4275
4422
4927
4965
4178
4194
4194
4459
4965
5027
4990
4414
4806
4881
4727
4477
4741
4202
4770
4946
4343
4180
4727
4616
4877
4360
4335
4608
5032
4717
4414
4796
4120
4796
4157
4800
4898
4414
4246
4309
4248
4319
4414
4183
4806
5107
4117
4194
4414
4896
4176
4227
4227
4988
4876
5090
4583
4875
4178
4097
4965
4873
4315
4961
4817
4961
5105
4710
4332
4490
4796
4633
4332
4175
4637
5049
4928
4335
4478
4373
4511
4899
4414
4143
4414
4660
4662
4948
4938
4931
4482
4592
4710
4443
5094
4608
4980
4743
4508
4740
4814
4443
4385
4109
4583
5049
4806
4532
4274
4965
4180
4120
5022
4368
4597
4245
4934
4598
5069
4126
5112
5105
4921
4843
4641
4346
4702
4244
5026
4820
4700
5040
4318
4150
5108
5064
4418
4665
5019
4443
4414
4859
4823
4318
4695
5007
4875
5108
4518
4227
4296
4296
4948
4444
4796
4103
4877
4938
4790
4175
4948
4733
4969
4305
4567
5008
5069
4965
4295
5089
4539
4414
4141
4432
4654
4983
