9217
9218
1012
668
457
457
633
91
763
457
359
491
587
359
91
260
359
91
587
633
91
310
633
359
491
673
359
91
587
633
91
491
633
91
491
633
359
491
587
359
91
295
633
91
809
763
457
359
485
19
633
91
295
683
1016
492
457
22
769
805
683
22
492
589
359
91
805
683
867
492
457
22
769
47
633
359
931
492
633
359
491
536
709
531
492
457
359
769
47
633
359
22
295
633
91
491
763
457
22
485
536
805
544
457
22
867
531
805
359
931
648
457
359
931
709
683
440
54
63
883
544
867
633
359
931
648
457
359
931
648
372
440
54
883
457
199
867
457
359
531
83
633
359
491
648
848
536
883
54
457
22
867
648
457
359
531
883
633
359
931
648
848
536
544
1020
440
544
22
54
440
457
359
931
648
633
22
491
648
805
54
883
805
805
22
867
457
22
883
440
457
359
931
440
223
54
805
544
769
90
457
457
359
931
618
633
91
179
633
91
867
544
544
769
179
457
359
640
492
633
359
931
648
457
457
359
22
867
457
359
931
492
457
359
587
359
931
47
457
359
673
359
91
47
457
359
491
633
22
483
422
633
91
928
532
587
633
91
587
633
91
491
835
806
805
683
492
483
786
91
9
89
835
536
536
673
633
91
978
47
69
148
978
978
539
47
483
786
978
978
539
806
806
806
806
806
899
790
19
633
884
587
810
148
69
148
978
47
544
91
971
971
806
806
806
806
790
918
517
221
1
1
1
24
1
1
1
848
648
54
1
1
1
1
805
406
928
22
1
648
648
440
179
633
91
457
359
491
587
633
199
491
633
170
978
544
532
806
683
491
468
928
867
310
457
359
852
483
810
978
633
978
532
295
544
491
51
295
22
531
806
295
1006
894
310
633
199
483
359
978
522
544
51
457
806
544
491
848
633
22
22
47
310
483
633
978
646
978
532
544
51
295
51
295
359
491
148
978
47
69
199
978
148
978
978
539
539
971
51
806
310
483
810
170
978
47
69
148
978
978
928
978
51
51
806
806
806
806
790
611
790
790
611
1
1
611
624
406
395
406
1020
790
790
440
440
195
406
805
928
1020
624
248
440
611
406
395
647
624
37
624
195
406
910
611
662
395
29
248
406
910
848
37
910
611
195
406
910
740
134
375
647
805
906
9219
1914
1955
1622
1895
1029
1896
1179
2015
1979
1209
1835
1966
2015
1966
1952
1160
1966
1317
1966
1966
1966
1966
1694
1966
1160
1317
1714
1714
1637
1969
1277
1554
1277
1867
1315
1589
1587
1714
1682
1585
1969
1969
1179
1554
1368
1831
1209
1179
1209
1209
1861
1969
1861
1861
1209
1861
1547
1861
1547
1209
1209
1209
1209
1209
1209
1209
1179
1179
1094
1475
1179
1832
1209
1960
1209
1861
1861
1315
1606
1277
1637
1179
1209
1861
1315
1277
1637
1179
1209
1315
1714
1179
1209
1861
1315
1637
1179
1674
1912
1638
1791
1746
1791
1979
1832
1961
1315
1714
1832
1209
1315
1714
1659
1696
1960
1714
1807
1801
1896
1905
1982
2046
1945
1814
1940
1960
1936
1969
1905
1048
2010
1722
1048
1881
1722
1048
1969
1966
1966
1966
1966
1966
2034
2035
1867
1606
1179
1315
1714
1209
1714
1209
1714
1960
1457
1547
1966
1966
1966
1966
2035
1945
1801
1905
1905
1895
1831
1867
1832
1714
1832
1606
1832
1945
1832
1067
1587
1945
1179
1945
1209
1945
1315
1637
1982
1179
1945
1179
1664
2017
1998
1287
1519
1993
1565
1764
1764
1067
1960
1966
1945
1960
1940
1945
1960
1966
1945
1410
1930
1945
1666
1966
1048
1585
1387
1048
1937
1475
1048
1283
1475
1048
1335
1780
2034
1966
1775
1815
1966
1857
1905
1966
1857
1287
1966
1979
1982
1287
1391
1960
1188
1588
1048
1794
1770
1831
1048
1969
1722
1714
1905
1801
1960
1960
1557
2028
1048
1585
1770
1746
1949
1585
1770
1243
1048
1937
1770
1243
1880
1937
1770
1243
1048
1937
1770
1831
1048
1937
1770
1831
1048
1937
2001
1430
1480
1752
1969
1901
1831
1942
1880
1603
1387
1243
1048
1781
1770
1387
1243
1752
1937
1901
1243
1224
1949
1937
1901
1243
1942
1781
1770
1387
1831
1048
1937
1770
1387
1224
1880
1603
1770
1243
1048
1880
1937
1770
1722
1048
1949
1937
2001
1886
1831
1048
1969
1770
1955
1949
2007
1998
1167
1104
2028
1317
1317
1886
1886
1694
1589
1589
1925
1529
1966
1299
1481
1966
1417
1417
1991
1714
1589
1188
2006
1720
1594
1585
1317
2015
1966
1966
1720
1835
1317
1317
1995
1554
1206
1977
1426
1886
2006
1947
1882
1892
1955
1481
2046
1955
1905
1947
1857
1892
1955
1481
1905
1714
1759
1955
1905
1857
1720
1317
1886
2006
1947
1966
1966
1426
1335
1914
1991
1589
1775
1857
1892
1886
1481
1960
1857
1720
1955
1925
2046
1966
2046
1966
1925
2045
1669
1409
1882
2008
1094
1707
1925
1448
1416
1857
1973
1330
2001
1960
1966
1206
1925
1448
1240
1925
1554
1426
1585
1707
1955
1104
1519
1240
1554
1587
1426
1991
1635
1955
2028
1622
1857
1955
1960
1991
2032
1771
1669
1966
1216
2008
1759
1369
1945
1857
1838
1412
1915
1156
1412
1081
2024
1156
1636
1806
1156
1980
1782
1500
1705
1874
1824
1424
1874
1874
1348
1599
1985
1974
1082
2010
2042
1950
1305
1348
2028
1206
1998
2008
1936
1960
1950
1335
1892
1555
1279
2001
2008
1892
1167
2032
1874
1481
1583
2032
2001
1820
1963
1936
1216
1412
1412
1341
1674
1838
1940
1402
1767
1067
1179
1955
2024
1442
1036
1953
1808
1919
1442
1953
1072
1221
1442
1036
1953
1808
1968
1815
1820
1963
1938
1936
1608
1067
1081
1820
1820
1820
1952
1352
1947
1918
1949
1945
1585
1969
1952
1955
2024
1968
1636
1636
1808
2024
1491
1491
1882
1808
2024
1979
1636
1882
1950
1925
1949
1947
1585
1044
1722
1179
1206
1886
1831
2028
1966
1794
1481
2008
1206
1974
2001
2028
2028
1966
1949
2008
1585
1057
1206
1206
1227
2028
1409
2008
1682
1949
1947
1905
1720
1722
1554
1974
2028
1426
1947
1831
2007
1949
1892
2008
1585
1299
2028
1955
1831
2008
1949
1949
1949
1206
1519
2001
1722
2007
1955
1966
2034
1949
1892
1481
1588
1815
1585
1759
1905
2007
2028
1764
1940
1949
2035
2035
1960
1905
1867
1960
2001
2001
1287
1215
1937
1969
1291
1291
1788
1839
1831
1831
1974
1585
1585
1555
1288
1554
1747
1746
1857
1480
1831
1703
1206
2007
2008
1206
1857
1867
1426
1352
1481
1974
1775
1585
1949
1892
2028
1974
1886
1481
1798
1707
1788
1892
1167
2001
1585
1481
2028
1764
2028
2028
1955
1857
1905
1947
1905
2001
1287
1287
1287
1287
2032
1287
1610
1759
1558
1798
2001
1982
1815
9220
2771
2064
2939
3035
2528
2914
2115
2333
3069
2199
2561
2756
2393
2267
2365
2561
2947
2815
3038
2463
2460
2968
2462
2906
2972
2064
2607
2215
2238
2821
2868
2912
2825
2990
2942
2800
2478
2320
3023
2701
2857
2972
2868
2992
2769
2100
2048
2419
2665
2482
2482
2637
2054
2868
2859
2940
2595
2715
2637
2665
2665
2054
2637
2979
2482
2054
2324
2637
2419
2715
2665
2665
2979
2695
2477
2255
2255
2914
2914
2940
2913
2913
2637
2064
3043
2741
2482
2482
2535
2619
2398
2912
2482
2940
2462
2215
2712
2637
2894
2215
2971
2637
2894
2913
2179
2817
2628
2862
2920
2126
2577
2717
2333
2946
2404
2383
3022
2333
2936
2529
2863
2818
2825
2112
2261
2061
2876
2333
2061
2912
2451
2054
2912
2612
2054
2815
3043
2061
3070
2540
2868
3071
2421
3000
2968
2701
2255
3022
2971
2451
2913
2971
2462
2333
2356
2971
2946
2463
3071
3000
2460
3071
3000
2462
2248
2818
2333
2920
2637
2859
2944
2462
2665
2398
2859
2721
2971
2462
2333
2462
3008
2789
2333
2815
2307
2971
2462
2333
3000
2971
3033
2134
2568
2979
2637
2992
2935
2944
2591
2912
2061
2333
2857
2897
3066
2445
2109
2234
2572
2060
2234
2061
2206
2333
2482
2912
2637
2304
2124
3015
2825
2779
3043
2724
2419
2105
2552
2466
2800
2964
2121
2971
2642
2670
2383
2544
2979
2121
2963
2459
2697
2516
2105
2463
2913
3043
2920
3038
2226
3070
2914
2735
2833
3023
2497
2048
2920
2380
2946
3043
2115
2498
3000
2506
2818
2860
2701
2860
2876
2860
2937
2860
2744
2860
2701
2168
2658
2860
2701
3043
2789
2972
2156
2868
2234
2234
2787
2879
3043
2430
2093
2815
2054
2542
2647
2859
2156
2825
2430
2438
2094
2868
2860
3023
2794
2697
2054
2229
3051
2859
2803
2724
2912
2880
2090
2156
2093
2665
3023
2620
2724
2234
2535
2863
2608
2735
2590
2579
2858
2443
2443
2266
2250
2549
2276
3032
2137
2616
2540
2841
3051
2137
2681
2880
2619
2990
3023
2883
2467
3017
2549
2681
2170
2269
2857
2549
2462
3008
2971
2612
3000
2930
3026
2724
2462
2536
3008
2330
2619
2182
2990
2294
2818
2133
2585
2320
2228
2869
2717
2964
2565
2307
2467
2119
2096
2883
2631
2813
2568
2544
2262
3009
2899
2818
2769
2945
2462
2801
2433
2535
2877
2800
2815
2936
2604
2889
2535
2525
2936
3007
2800
2421
2096
2644
2421
2531
2350
2986
2090
2434
2564
2246
2371
3008
3007
2314
2667
2327
2506
2245
2789
2921
2276
3023
2965
2941
2964
2887
2646
2276
2928
2767
2965
2844
2944
2837
2544
2394
2640
2655
2224
2859
2844
2644
2260
2394
2133
2546
2691
2818
2489
2833
2963
2248
2800
2798
2277
2719
2612
2828
2702
2828
2594
2746
2636
3000
2820
2133
2394
2421
2983
2343
2933
2966
2101
2221
2447
2447
2466
2983
2101
2323
2371
2267
2517
2757
2399
2363
2776
2612
2448
2225
2989
2787
2690
2267
2884
2274
2748
2062
2390
2904
2048
2751
2234
2818
2485
2499
2421
3044
3044
2575
2470
2904
2352
2697
2760
2156
2186
2073
2913
2913
2928
2213
2213
2473
2213
2213
2213
2682
2501
2204
2501
2434
2368
3032
3032
2815
2510
2544
2796
2489
2680
2955
2949
2879
3000
2115
3008
2330
2644
2857
2801
2818
2207
3028
2627
2156
2134
2061
3062
2579
2647
2478
2649
2510
2470
2937
2674
2345
2048
2057
2937
2937
2626
2860
2672
2830
3007
2859
2631
2274
2644
2937
2588
2470
2228
2095
2945
2225
3038
2868
2283
2937
2320
2564
3023
2771
2672
2945
2101
2089
2983
2323
2937
2168
2722
3023
2655
2101
2547
2089
2544
2089
2101
2089
2579
2323
2701
2374
2928
2544
2877
2423
2245
2869
2245
2536
2547
2730
2547
2735
3069
2048
2735
2631
2330
2848
2390
2552
2787
3023
2452
2048
2860
2535
2990
2937
2166
2813
2860
2800
2630
2300
2935
2844
2937
2528
2544
3000
2478
2860
2345
2818
2874
2874
3044
2470
2234
2470
2868
3055
3044
2459
3044
2470
2820
2470
3009
2350
2168
2869
2344
2156
2156
2792
2552
2771
2511
2573
2489
2048
2465
2453
2156
3000
2935
3007
2942
2511
2314
2347
2470
2345
2470
3032
2156
2511
2623
2664
2352
2186
2869
2890
2941
2964
2296
2986
2818
2705
2792
2552
2277
2672
2925
2800
2374
2939
2467
2467
2787
2442
2647
2897
2296
2330
2470
2792
2470
2345
2419
9221
3557
3824
3869
3904
3970
3573
3394
3831
4010
3347
4054
3182
3674
3899
4014
3573
3868
3505
3924
3933
3596
3106
3652
3839
3915
3325
3442
3997
3162
3209
3388
3499
3442
3832
3634
3138
3844
3526
3831
4087
3530
3209
3126
3577
4042
3660
3846
3236
3659
3652
3737
3736
3388
4008
4014
3839
3870
3388
4088
4032
4032
3463
3162
3659
3751
3952
3300
3736
3912
3372
3367
3639
3158
3726
3367
3642
3372
3248
3446
3945
3105
3406
3073
3365
3119
3825
3945
3660
3997
3098
3345
3845
3739
4064
3297
3345
3671
3619
3120
3899
4014
3208
3542
3335
3928
3647
3259
3634
3737
3452
3506
3327
3467
3297
3383
4032
3292
3682
3119
3931
3802
3802
4077
3653
3182
3166
3764
3983
3325
3790
3978
3313
3827
4000
3921
3413
3933
4030
3431
3978
3802
3777
3413
3530
3670
4008
3927
3478
4045
3747
3955
4045
3107
3596
3735
4045
4079
3876
3839
3398
3504
3305
3313
3596
4077
3413
3747
3512
3935
3870
3900
3747
3802
3935
3327
3327
3690
3078
3420
3567
4070
3900
4079
3111
3981
3147
3447
3747
4065
4022
3660
4070
3928
3802
3460
3437
3531
3327
3949
4022
3675
3073
3856
3386
3185
3668
3676
3348
3942
3198
3511
3638
3940
3526
3876
3870
3803
3529
3495
3704
3826
3596
3942
3292
3632
3343
3413
3596
3777
3327
3088
3727
3802
3764
3300
3872
3119
3921
3724
3176
3802
3742
3344
3615
3557
4007
3470
3739
3581
3692
3526
3333
3867
3531
3202
3887
3940
4010
3945
3587
3177
3940
3119
3742
3335
3259
3739
3676
3598
3189
3843
3676
3952
3388
4045
3870
3300
3927
3529
3452
3335
3978
3950
3485
3456
3536
3660
3318
3691
3738
4000
3297
4000
3453
3659
3945
3641
4053
3577
3659
3147
3175
3507
3078
3622
3438
3592
3217
3772
3428
3453
3440
3305
3729
4019
4014
4045
3335
3812
3507
3340
3724
3621
3442
3919
3843
3235
3648
3200
3297
3623
3325
3320
3822
3843
3452
3185
3825
3187
3375
3142
3175
3727
4042
3585
3790
3623
3238
3876
3266
3398
3296
3198
3600
3623
3641
3805
3142
3585
3375
4094
3447
3360
3825
3304
3727
3623
3251
3521
3805
3522
4084
3727
3500
3724
3817
3367
3781
3933
3924
3903
3400
3804
3934
3327
3251
4087
3210
4056
3943
3970
3425
3474
3585
3965
3270
3868
3268
4065
3987
3333
3107
3856
3296
3674
3530
4084
3619
3959
3674
3782
3959
3869
3623
3238
3918
3107
3950
3338
3657
3805
4094
3942
3585
3690
3919
4088
3084
3759
3822
3084
3837
4005
3084
3810
3080
3586
3084
4020
4030
3111
3952
3530
3095
3925
3238
3951
3110
3928
4052
3674
3425
3787
3567
3526
3935
3530
3621
3715
3802
3907
3805
3623
3318
3095
3522
3825
3978
3288
3244
3382
3736
3097
3728
3542
3684
3787
3987
3894
3833
3583
3549
3320
3443
4041
3773
3681
4013
3800
3489
3247
3772
4035
3398
3248
3799
3297
3549
3826
3776
3509
4031
3248
3138
3925
3269
3185
3740
3567
3297
3955
3704
4030
3398
3704
3465
3955
3420
3974
3933
3526
3660
3535
3919
3388
3976
3583
3966
4010
3682
3857
3816
4032
3606
3709
3953
3473
3149
3607
3709
3496
3431
3552
3736
3133
3187
3389
3966
3868
3673
3619
3179
3959
3505
3928
3928
3771
3595
3087
3098
3109
3078
3081
3094
3590
3903
3175
3940
3418
3315
3333
3825
3660
3533
3810
3622
3436
3307
3364
3185
3742
3935
3924
3747
3719
3737
3505
3928
3511
3969
4008
3111
4065
3736
3257
3760
3368
4032
3178
3175
3767
3251
3531
3474
3778
3551
3869
3649
3398
3202
3674
3739
3533
4073
4059
3959
3976
3469
3758
4032
3088
3297
3739
3469
4059
3469
3822
3394
3822
3469
4032
3959
4016
3935
3829
3158
3924
3833
3547
3722
3826
3768
3822
3887
3307
3437
3522
3264
3191
3778
3833
3998
3171
3822
3937
3338
3766
3462
4079
3437
3949
3676
3900
3810
3238
3296
3689
3933
3639
4094
3728
3728
3903
3909
3085
4042
3903
3632
3647
4039
3141
4030
3467
3976
3205
3728
3080
3862
4088
4032
3647
3166
3869
3576
3872
3919
3428
3248
3157
3073
4042
3998
3758
3763
4007
3952
3933
3698
3248
3429
3869
3270
3919
3747
3825
3925
3530
4093
3542
4004
3413
3541
3900
3109
3208
3978
4093
3437
3138
3967
3810
3530
3586
3671
3869
3437
3133
3810
3660
3967
3766
3699
3810
3757
3551
3810
3202
3297
3880
3368
3606
9222
5003
5094
4230
5012
4613
4346
4741
4678
4153
5037
5110
5099
4819
4836
4936
4903
4966
4432
4604
4197
5026
4465
4145
4733
4755
4500
4875
4919
5012
4896
4839
5018
4684
4484
4960
4927
4243
4508
4221
5008
4812
4720
4860
4407
4994
4221
4465
5087
4861
4615
5110
4830
4145
4926
4953
4747
4829
5096
5095
5037
4484
4197
5096
4436
4221
4854
4449
4853
5059
4398
5037
4725
4500
4269
5041
4488
5090
4120
4906
4500
4414
4861
4927
4457
4437
4875
4745
4899
5096
4896
4931
4862
4615
4185
4149
5011
4934
4684
4900
4967
4274
4860
4277
4460
5059
5068
4510
4285
4771
4861
4860
4926
4835
4537
4974
5079
4145
4934
4903
4654
4100
4971
5079
4509
4936
4319
4232
4313
4776
4875
4495
4808
4987
4253
4175
4843
4852
4640
4949
4875
4926
5054
4351
4487
4593
5041
4145
4884
4335
4510
4821
5094
4766
4416
4460
4860
4296
4858
4459
4586
4726
4650
4899
4120
4459
4249
4384
4620
5094
4766
5030
4285
4955
4106
4296
4792
4654
4586
4175
5039
4893
4786
4713
4563
4710
4335
4562
4157
4561
4130
4565
4931
4253
4830
4673
4864
4587
4289
4175
4459
4611
5077
4732
4305
4283
4459
4796
4546
4641
4414
4197
4610
4289
4460
4179
4284
4893
4203
4389
4765
5018
4754
4786
4289
4629
4732
4482
4313
4776
5094
4733
4305
4101
4487
4579
4629
4255
4149
4246
4756
4546
4183
4684
4293
4733
4945
4507
4977
5054
4346
4727
4226
4561
4544
4165
4526
4127
4770
4641
4443
4852
4866
4119
4391
4927
5087
4267
4501
4373
4175
4875
4586
4760
4362
4950
4956
4651
4852
4917
4175
4508
4554
4562
4554
4897
5096
4282
4363
4563
4430
4253
5112
5112
4396
4904
4725
4145
4540
4919
4374
4362
4739
4424
4189
4342
4183
4640
4733
4604
4362
4813
4410
4571
4327
4512
4374
4702
5031
4488
4739
4203
4436
4931
4957
5108
4845
4106
5056
4957
4881
4145
5071
4919
4487
5011
4184
4971
4938
4362
5095
4891
4282
4678
5078
5096
4834
4589
4500
5056
4845
4926
4127
4924
4284
4763
4698
5018
5094
4752
4170
4456
4636
4637
4860
4431
5090
4934
4997
4773
4624
4862
4503
4704
4812
4334
4983
4412
4957
4891
5063
5048
4900
4822
4100
5049
5011
4921
5025
4184
4654
4812
4500
4739
4800
4332
4950
4100
5032
5041
4997
4856
4676
4934
4812
4726
4810
4812
4500
4407
4770
4500
5056
4791
4812
4101
5090
5049
4170
4175
4255
4860
4948
4184
4838
4810
4309
4757
4711
4397
5018
4449
5112
4995
4850
4221
4449
4502
4827
4587
4411
5112
4681
5077
4522
4177
4309
4221
4546
4615
4460
4175
4694
4221
5011
4705
4175
4132
4731
4411
4919
4197
4384
4891
4335
4957
4592
4119
4854
5108
4861
4678
4955
4817
4519
5027
4961
4925
4955
5079
5105
4763
4855
4855
4490
4193
4112
4855
4885
4521
5070
4099
5104
4980
4581
4496
4369
4535
5040
4562
4210
4546
4907
4739
4287
4664
4317
4540
4505
4554
4843
5066
5042
5026
5013
4596
4860
4459
4733
4593
4641
4897
4482
5099
4739
4987
4293
4124
4790
4150
4890
4533
4246
4860
4537
4640
4864
5054
4657
5030
4904
4474
4732
4501
4661
4440
4248
4686
5007
4554
4553
4812
4756
4952
5009
4705
4851
4731
4196
4961
4246
4678
4540
5018
4189
4530
4324
4886
4927
5077
4338
4119
4501
4960
4717
4919
4374
4921
4127
4676
4555
4932
4589
5018
4862
5058
4817
4127
4432
4317
4957
4347
4839
5108
4613
5047
4894
4763
4449
4972
4293
4193
4477
4270
4282
4866
4906
5003
4921
4800
4692
4853
5066
4563
4394
4562
4980
4167
4334
4621
4850
4875
4490
4711
4497
4346
4410
5037
4690
4345
4731
4588
4460
4150
4474
4678
4634
4563
5003
4680
4711
4481
4661
4983
4508
4272
4983
4820
4980
4133
4376
4099
5049
4898
4774
4839
4977
4869
4876
4106
4201
4120
4852
4621
4850
4864
4608
4800
4955
4456
5108
5011
4328
4758
4194
5114
4770
4620
4194
4497
4384
4961
4783
4167
4324
4457
4912
5018
4583
4463
4739
4731
4456
4676
5020
4099
4373
4505
4415
4519
4140
4845
4117
4653
4436
4971
4731
4410
4661
4480
4950
4317
4305
4196
4845
4374
4980
4348
4787
4737
4733
4973
4637
4431
4240
4961
4221
5026
4200
4898
4283
4519
4889
5056
4905
4961
4150
4720
4376
4611
4371
4304
4194
5003
4221
4099
5063
5009
4242
4881
4613
4242
