9217
9218
306
738
386
738
611
386
738
108
738
738
386
384
384
608
608
772
896
490
567
490
369
567
369
567
369
369
369
369
369
369
369
369
818
369
674
369
674
750
369
740
369
705
705
880
37
880
37
880
386
608
608
386
483
384
772
772
600
1005
348
1005
348
1005
348
348
369
384
384
772
938
740
369
369
369
369
369
674
705
674
705
384
608
772
772
829
674
674
674
674
674
674
674
674
674
674
674
490
674
490
674
674
674
805
384
772
972
638
874
369
369
874
490
874
567
490
567
567
490
874
490
874
567
567
567
874
248
874
490
874
490
567
567
567
490
818
272
674
490
567
567
567
490
563
338
292
825
674
369
369
369
37
369
37
880
37
711
384
384
772
772
37
1005
348
37
348
1005
805
384
772
772
369
369
369
338
338
292
825
292
369
896
391
384
772
772
772
369
369
369
369
238
272
238
272
238
705
384
772
772
674
272
674
272
674
705
384
384
772
772
772
896
369
567
490
567
674
674
674
674
674
674
490
874
674
490
674
674
674
674
223
959
384
772
972
638
972
369
567
705
874
490
567
880
567
490
874
248
874
490
874
567
874
37
874
248
386
386
386
37
37
37
386
386
37
386
37
386
223
880
37
880
880
386
386
37
880
37
880
818
386
37
108
37
603
384
384
772
772
600
1005
37
880
37
1005
384
384
772
223
369
369
369
880
705
705
619
705
705
705
896
705
223
772
96
96
910
910
910
674
674
369
910
391
805
384
772
772
31
829
798
705
338
705
711
384
608
772
896
772
674
369
674
674
674
674
874
490
874
674
490
874
490
674
874
490
874
874
490
874
567
674
874
490
874
874
490
874
674
490
874
490
874
874
490
874
490
674
874
490
874
874
490
874
740
567
874
490
874
738
490
674
292
386
386
292
674
674
248
223
386
386
386
563
386
386
386
386
386
238
238
386
223
490
874
248
338
338
292
825
386
248
386
386
386
740
386
386
386
386
386
750
386
386
959
608
432
386
248
386
108
384
772
772
600
1005
292
705
384
772
772
86
772
369
369
705
338
338
108
223
292
292
825
705
705
384
772
772
772
772
600
369
600
176
600
369
369
369
369
369
369
600
176
600
600
369
369
305
384
384
772
772
600
772
600
369
600
369
600
369
248
369
384
906
9219
1969
1554
1554
1094
1094
1746
1759
1287
1048
1949
1287
1969
1969
1969
2001
1291
1367
1409
1409
1221
1746
1480
1824
1880
1952
1552
1982
1770
1945
1387
1820
1243
1960
1480
1288
1880
1945
1937
1952
1770
1936
1929
1369
1269
1480
1217
1669
1828
1973
1982
1828
2010
1770
1940
1094
1480
1217
1982
1880
1945
1937
2001
1770
2007
1984
1846
1409
1635
1480
1480
1880
1794
1982
1969
1607
2034
1966
1895
1960
1840
1984
1718
1599
1985
1779
1438
1718
1217
1599
1860
1779
1438
1718
1599
1599
1985
1369
1940
1737
1963
1938
1938
1608
1608
1081
1820
1790
1963
1027
1288
1288
1221
1081
1908
1963
1963
1027
1288
1221
1749
1887
1638
1942
1027
1880
1288
1221
1609
1937
1820
1747
1027
1750
2045
1081
1705
1837
1952
1830
1973
1288
1937
2001
1770
1682
1998
1936
2006
1982
1480
1048
1880
1880
1828
1828
2045
2001
1564
1770
1867
1243
1635
1480
1982
1932
1635
1789
1789
1857
1937
2001
1770
2001
1094
1410
1243
1635
1480
1635
1973
1587
1969
1969
2001
2001
1825
1094
1867
1831
1831
1480
1949
1048
1945
1969
1937
1937
2010
2001
1770
1103
1094
1831
1831
1480
1480
1949
1880
1982
1789
1993
2017
2001
1860
2001
1094
1094
1409
1480
1480
1635
1610
1993
1828
1057
1610
2001
2001
2001
1920
1409
1409
1597
1406
1255
1730
1880
1880
1718
1599
1479
1479
1387
1387
1243
1406
1243
1942
1480
1470
1470
1963
1987
1479
1608
1276
1081
1406
1963
1963
1938
1288
1982
1081
1945
1820
1952
1936
1936
1288
1081
1396
1828
1608
1982
1081
1820
1638
1920
1027
1288
1418
1427
1380
1280
1952
1952
1588
1288
1221
1808
1820
1952
1565
1288
1221
1945
1380
1820
1952
1027
1960
1288
1221
1031
1908
1259
1534
1297
1941
1676
1779
1575
1718
1387
1599
1340
1403
1784
1438
1480
1599
1985
1880
1438
1937
1705
1599
1974
1984
1209
1409
1682
1048
1558
1669
1743
1215
1587
1857
1215
1410
2001
1984
1387
1480
1480
1936
1480
1635
1880
1880
1937
1789
1937
1937
1825
1770
1867
1094
1831
1831
1831
1048
1831
1949
1635
1949
1973
1969
1969
1969
1770
2001
2001
2001
1094
1867
1327
1831
1831
1048
1949
1048
1949
1969
1969
2011
1770
1920
1770
1722
1094
1831
1831
1048
1048
1880
1969
1969
1937
1770
1825
1280
1750
1831
1480
1048
1048
1048
1969
1937
1937
1770
1661
1367
1864
1846
1831
1480
1480
1048
1048
1998
1479
1534
1825
1528
1985
1779
1438
1718
1718
1985
1985
1664
1565
1703
1669
1963
1936
1936
1431
1479
1387
1387
1387
1243
1243
1212
1212
1932
1081
1564
1940
1940
1666
1631
2018
1945
1564
1820
1963
1027
1288
2018
1081
1081
1820
1952
1963
1027
1288
2018
1081
1081
1820
1963
1936
1288
1288
1812
1975
1081
1820
1908
1963
1936
1936
1982
1982
1808
1081
1211
1952
1882
1936
1840
1533
1972
1477
1579
1259
1852
1938
1608
1779
1661
1820
1820
1963
1938
1753
1608
1221
1081
1820
1952
1936
1027
2045
1909
1691
1418
1952
1952
1998
1982
1431
1867
1945
1820
1867
1936
1936
1392
1221
1081
1558
1820
1743
1931
1288
1982
1831
1081
1498
1940
1939
1218
1800
1982
1931
1564
1564
1392
1939
1931
1560
1813
1788
1521
1966
1557
1557
1392
1905
1564
1564
1327
1535
1755
1931
1982
1557
1867
1327
1931
1755
1635
1250
1521
1332
1535
1037
1521
2003
1801
1931
1652
1284
1755
1813
1410
1855
1112
1696
1652
1059
1059
1664
1521
1557
1755
1521
1410
1367
1367
1367
1557
1788
1996
1664
1931
1631
1755
1813
1567
1367
1410
1284
1755
1231
1392
1253
1755
1521
1557
1521
1548
1385
1931
1407
1755
1284
1755
1460
1327
1755
1392
1410
1374
1058
1367
1059
1516
1392
1664
1460
1631
1284
1410
1896
1671
1567
1567
2045
1438
1984
1406
1528
1909
1620
2011
1340
1211
1985
1081
1820
1963
1963
1424
1511
1773
1773
1814
1820
1820
1747
1938
1620
1608
1081
1930
1211
1952
1940
1666
1306
1582
1282
1943
1943
1274
1542
1726
1522
1522
1593
1753
1984
1983
1268
1983
1390
1166
1065
1627
1028
1932
1932
1691
2027
1878
1343
1783
1367
1984
1983
1753
1846
1418
1385
1268
2047
1534
1880
1718
1479
1908
1294
1963
1938
1406
1406
1081
2027
1482
1237
1681
1828
1479
1479
1123
1984
1984
1864
1424
1406
1250
1599
9220
2787
2156
2937
2540
2540
2404
2980
3070
2540
2701
3057
2421
2561
2787
2608
2061
2574
2746
2771
2077
2470
2538
2421
2815
2434
2497
2608
2442
2061
3000
2644
2561
2561
2279
3070
2485
3028
2815
2697
2856
2574
2061
2670
2638
3000
2561
2963
2274
2565
2374
2601
2540
2833
2715
2980
2243
2665
2320
2274
2261
2815
2963
2544
2061
2442
2445
2888
2421
2787
2963
2949
2344
2859
2528
2460
2460
2297
2463
2880
2459
2253
2997
2105
2980
2856
2297
2179
2672
2627
2382
2179
2113
2443
2746
2855
2979
2647
2352
2190
2190
2113
2497
2584
2967
2997
2994
2639
2817
2652
3014
2945
2862
2497
2126
2351
2171
2730
2294
2787
2701
2715
2322
2356
2796
2655
2464
2652
2860
2421
2156
2601
2601
2253
2837
2665
2934
2320
2313
2259
2978
2192
2771
2421
2421
2855
2844
3063
2250
2314
2818
2579
2815
2815
2983
3039
2552
2323
2574
3000
2983
2544
2971
2723
2402
2746
2436
2815
2568
2945
2552
2787
2693
2219
3045
2980
2746
2208
2693
2102
3000
2421
2986
2800
2787
2935
2937
2962
2219
3045
2962
2243
2925
2382
3023
2253
2815
2714
2964
2314
2552
2874
2591
2121
2877
2544
2243
2320
2879
2897
2962
3061
2697
2498
2061
2283
2510
2232
2815
2815
2608
2320
2880
2897
3023
2697
2859
2907
2097
2937
2964
2540
2801
2402
2105
3006
2701
2623
2253
2627
2601
2746
2701
2048
2253
2253
2608
2320
2701
2623
2148
2356
2859
2406
2584
2868
2143
2997
2422
2219
2956
2753
3015
2945
2180
2266
2825
2874
2980
3023
2880
2738
2190
2434
2143
2434
2143
2684
2356
2190
2377
2984
2932
2428
2801
2561
2186
2186
3008
2147
2147
2147
2147
2297
2584
2105
2344
2238
2105
2360
2105
2105
2726
2332
2639
2133
2746
2464
2762
2993
2234
2701
2274
2858
2143
2259
2967
2937
2658
2048
2546
2787
2665
3065
3044
2552
2904
2860
2868
2937
2589
2048
2876
2459
2749
2912
2701
2815
2844
2489
2249
2552
2769
2097
2715
2647
2150
2787
2642
2225
2932
3000
2989
2647
2859
2249
2940
2589
2670
2735
2540
2874
2535
2905
2644
2344
2649
2880
2905
2766
2905
2253
3017
3023
2608
2937
2964
2544
2168
2168
2905
2787
2905
2905
2697
2498
2253
2905
2179
2484
2443
2283
2939
2459
2168
2320
2382
2320
2589
2253
2253
2801
2232
2937
2061
2445
2890
2555
2787
2382
2623
2647
2253
2746
2540
2061
2937
2126
2453
2249
2516
2243
2320
2434
2623
2048
3068
2787
2746
2061
2715
2380
2642
2887
2980
3065
2320
2647
2253
2860
2208
3015
2859
2684
2670
3033
2460
2561
2271
2155
2234
2638
2485
2437
2125
2538
2807
2565
2932
2825
2061
2351
2402
2940
2255
2498
2409
2407
3015
2493
2061
2234
2829
3070
3000
2457
2815
2958
3015
3015
2728
2457
2670
2180
3066
2077
2577
2841
2788
2294
2992
2574
2978
2126
2815
2540
2544
2589
2630
2222
2591
2949
3001
2274
3014
2199
2455
3033
2460
2253
2591
2728
2147
2837
2179
2077
2192
2498
2206
2097
2463
2234
2876
3000
2445
2651
2829
2498
2234
2630
2923
2636
2801
2993
2249
2665
2459
2498
2940
2540
3011
2561
2935
2210
2249
2121
2661
2257
2467
2064
2817
2932
2589
2712
2249
2815
2800
2963
2279
2097
2195
2625
2815
2210
2971
2932
2234
2463
2725
2860
2619
2963
2926
2558
2923
2646
2460
2705
2511
2565
2963
2516
2883
2153
2421
2561
2561
3008
2234
2818
2121
3000
2452
2963
2181
2437
2516
2623
2424
2815
2815
2457
3008
2564
2818
3000
2538
2703
2979
2424
2949
2249
2589
2424
2883
2963
2964
3015
2928
2589
2126
2561
2325
2057
3064
2257
2818
3070
2232
2561
2545
2804
2890
2257
2460
2457
2665
2257
2944
2859
2156
2516
2796
2796
3063
2383
2234
2890
3065
2455
2257
2512
2525
3015
2846
2076
2260
2083
2283
2253
2344
2581
2331
2623
2647
2225
2787
2906
3063
2429
2528
2781
2736
2608
2440
2746
2499
2697
2697
2169
2615
2932
2801
2535
2689
2083
2332
2861
2094
2967
2309
2061
3023
2121
2561
2880
2457
2175
2585
2671
2643
2498
3065
2561
2354
2962
2365
2962
2457
2589
2890
2861
2424
2249
2275
2561
2457
2509
2861
2186
2509
2445
2424
2057
2644
2257
2426
3015
2953
2297
2257
2887
2821
2585
2671
2148
2579
2340
2833
3061
2933
2630
3045
2133
2765
2964
2349
2337
2992
2671
2869
2723
9221
3521
3796
3790
3995
4077
3126
3530
3812
3810
3970
3812
4077
3623
3660
3107
4008
3812
3606
3206
4065
3917
3470
3809
3449
3191
3438
3576
3726
3862
3619
4032
3555
3465
3447
3508
3772
3138
3377
3704
3530
3633
3301
3877
4022
4065
3315
3313
3496
3753
3682
3790
3632
3757
3470
4074
3684
3447
3622
3790
3781
3508
3320
3425
3812
3208
3790
3934
3208
3104
3998
3289
3833
3377
3753
3182
3141
3652
3727
4077
3549
4078
3998
3705
3359
3246
3705
3376
3998
3596
3611
3611
3246
3495
3081
3081
3376
3246
3246
3357
3960
3426
3611
3175
3276
3704
3323
3833
3333
3323
3669
3256
3914
4050
3611
3611
3611
3554
3649
3645
3757
3389
3602
3941
3186
3175
3176
3881
3375
3998
3699
3726
4000
3333
3446
4013
3998
3592
3757
3611
3351
3403
3611
3791
3818
3547
3660
3138
3925
3500
3704
3403
3810
3117
3386
4013
3320
3786
3631
3557
3425
3660
3812
3997
3812
3231
3654
3796
4063
3276
3315
3323
3114
3297
3363
3555
3930
3555
3399
3495
3419
3795
3602
3413
3215
3526
3641
3205
3768
3439
3530
3276
3078
3449
3533
3702
3517
3724
3449
3231
3772
4017
3205
3768
4077
3530
3473
3555
3449
3707
3401
3281
3555
3508
3812
3384
3175
3508
3928
3812
3508
3526
3812
3970
3231
3473
3966
4090
3107
3447
3606
3508
3384
3237
3308
3846
3535
3246
3511
3147
3147
3597
3704
3813
4074
3094
3440
3498
3833
3554
3826
3399
3947
3296
3185
3681
3660
3430
3660
3704
3854
3704
3833
3924
3645
3498
3231
3880
3171
3292
3176
3704
3650
3309
3554
3205
3360
3595
3305
3305
3914
3578
3592
3305
3289
3205
3669
3292
3183
3439
3439
3313
3276
3977
3399
3399
3399
3581
3812
3276
3276
3399
3305
3704
3201
3188
3443
3096
3969
3663
3832
3478
3073
3826
3106
3832
3400
3883
3114
3720
3878
3248
3772
4042
3156
3593
3446
3073
3205
3526
3768
3104
3522
3231
3297
3726
3502
3978
3202
3473
3699
3949
3498
3533
3900
3872
3248
3631
3998
3557
3757
3675
4032
4085
3526
3340
4090
3078
3480
3231
4077
3825
3674
4013
3320
3778
3933
3876
3675
3439
3259
3231
3740
3778
3822
3527
3606
3843
3822
3839
3194
3176
3757
3757
3812
3200
4077
3740
3205
3878
3175
3652
3104
3126
3984
3984
3401
4077
3549
4088
3997
4090
3597
3339
3768
3934
3868
3185
3503
3470
3470
3107
3399
4013
3633
3399
3694
3123
3430
3803
3438
3998
3511
3682
3559
3443
3682
3780
3420
3206
3246
4045
3235
3526
3578
4085
3384
3856
4085
3200
3856
3757
3611
3533
3109
3721
3681
3843
3796
3377
3986
3780
3502
3608
3875
3805
3230
3104
3694
3104
3780
3502
3502
3350
3611
3432
3796
3796
3602
3276
3493
3274
3386
3839
3502
3919
3502
3705
3201
3854
3663
3297
3818
3323
3419
3517
3101
3422
3611
3231
3462
3327
4074
3611
3414
3327
4077
4052
3608
3114
3720
3611
3120
3171
3320
3611
3611
3611
3183
3205
3333
3611
3611
3305
3796
4030
3768
3547
3276
3567
3206
3238
3955
3538
3810
3669
3246
3388
3502
3502
3097
3123
3446
3741
3388
3104
3883
3704
3812
3961
3274
4090
3576
3340
3610
3994
3819
4021
3919
3663
3663
3724
3705
3822
3822
3819
3208
3533
3473
3796
3231
3966
3796
3727
3981
4033
3889
3951
3098
3444
3957
3982
3447
3444
3641
3208
3625
3847
4065
3741
3883
3621
3790
3206
3387
3258
3185
3850
3366
3439
3704
3598
3704
3366
3663
3104
3551
3208
3581
3558
3504
3521
3540
3447
4072
3796
3802
3467
3517
3388
3526
3787
3790
3727
3104
3581
4039
3478
3439
3558
3104
3182
3500
3540
3787
3533
3810
3195
3796
3819
3343
3104
4042
3142
3764
3200
3300
3928
3535
4077
3949
3237
3502
3399
3898
3621
3787
3428
3780
3796
3494
3598
4077
3330
3796
3198
3934
3810
3645
3772
4013
3697
3608
4010
3364
4013
3619
3796
3206
3480
3826
3740
3366
3096
3900
3921
3959
3878
3872
3719
3930
3232
3231
3440
3790
3819
3819
3488
3883
3805
3339
3490
3149
3232
3208
3578
3515
3291
3418
3872
3872
3515
3339
3845
3208
3742
4016
3380
3503
3490
3382
3854
3659
3602
3467
3341
3418
3682
3872
3757
3406
3773
4082
3410
3149
3630
3949
4032
3232
4090
3148
4033
3104
3913
3938
3264
3921
3115
3941
3224
3338
3821
3784
3104
3730
3912
3241
3959
3880
3551
3264
3347
9222
4122
4870
4856
4788
4961
4441
4766
4548
4886
4136
5071
4201
4661
4414
4122
4936
4295
4788
4870
4983
4366
4140
4621
4754
4650
5009
4210
4711
4104
4850
4967
4125
5031
4893
4839
5112
4893
4888
4839
5047
4369
4478
4136
4743
4743
4537
4584
4304
4173
4856
4098
4548
4687
4731
4603
4334
4474
4161
4369
4721
4418
5061
4843
5009
4980
4126
4122
4122
5104
4122
4980
4316
4845
4122
4739
4414
4414
5037
4370
5084
4731
4233
4980
4731
4845
4603
4171
5022
4369
4461
4828
4185
4567
4731
5070
4990
4703
5104
4202
4167
4660
4699
4198
5042
4680
4733
4973
4849
4423
4980
4457
4660
4980
4229
4369
4846
4198
4731
4481
4263
4284
5020
4678
4421
4891
4978
5066
4285
4695
4795
4542
4731
4878
4412
4788
5020
4244
4349
4772
5022
4476
4865
4567
4567
4601
4317
4171
4151
4469
4325
4337
4346
4324
4791
4122
4838
4609
4855
4696
5071
4731
4334
4198
4122
4705
4705
4489
5072
4738
4567
4838
4584
4605
4275
4171
4660
5018
4967
4171
4494
4414
4510
4583
4171
4140
4905
4407
4137
4455
4364
4852
4776
4253
5022
5011
4567
4556
4253
4581
4696
5025
4961
4210
4121
4829
4446
4795
4337
4519
4979
4122
4788
4787
4898
4122
4556
4788
4522
4766
4997
4443
4136
4302
4173
4299
5047
4526
4150
4615
4369
4410
4455
4302
4809
4218
4820
4881
4218
4993
4473
4304
4731
4473
4699
4676
4234
5031
4473
4316
4586
4660
4699
5082
4980
4540
4564
4234
4349
4106
4699
4980
4133
4855
4789
4741
4845
4320
4926
4845
4868
4622
4389
4470
4253
4636
4256
4923
4825
4864
5082
4696
4137
4316
4137
4540
4633
4641
4316
4731
4907
4980
4380
4177
4870
5080
4113
4469
4253
4244
4770
4845
4720
4722
4177
4439
4217
4978
4137
4702
4746
4925
4122
4841
4411
4137
4210
4366
4731
4136
4797
4893
4239
4856
4678
5013
4678
4453
4864
4788
4478
4244
4702
4218
4999
4494
4121
4565
4157
5056
4739
4561
4705
4215
4236
4719
4122
4731
4202
4881
4349
4561
4266
4855
4690
4680
4217
4248
4814
4861
4432
4494
4175
5025
4795
4696
4510
4615
4510
5059
5096
4763
4567
4755
4927
4177
4171
4845
4861
4105
4337
4845
5047
4906
4347
4829
4855
4676
4639
4167
4201
4304
4334
4906
4237
4512
4539
4533
5047
4460
4436
4983
4987
4257
4217
4122
4563
4098
4561
4881
4122
4921
4442
4334
4340
4150
4230
4731
4210
4346
4106
4389
4437
4324
4177
4660
4473
4678
5028
4161
4631
4264
4171
4217
4171
4561
4320
4896
4171
5061
4843
4416
4161
4316
4178
4621
5082
4977
4490
4385
4561
4317
4806
5023
4494
4478
4478
4432
4967
4337
4204
4175
4443
5022
4161
4483
4717
4621
4737
4432
4696
4478
4980
4845
4806
5011
4845
4621
4737
4197
4496
4494
5068
4938
4660
4705
4151
4696
4660
4521
4852
4546
4660
4684
4731
4202
4977
4980
4699
4865
4814
4869
4401
4864
4259
4379
4449
4513
4731
4562
4510
4474
4264
4125
4997
4174
4743
5075
4596
4789
4371
4741
4923
5028
4439
4633
5050
4325
4109
4925
4733
4743
4743
4296
4414
4449
4628
4838
4405
4422
4980
4786
5043
4411
4446
4234
4735
4884
4264
4327
4473
4278
4744
5042
4740
4187
4864
4414
4571
4412
4615
4990
5048
4432
4264
4513
4414
5041
5099
4826
4852
5025
4971
4937
4197
4287
5010
5027
4264
4546
4264
4581
4178
4990
4431
4374
4567
4763
4856
4407
4414
4715
4852
4381
4612
4933
4625
4875
5056
4687
4508
4684
4856
4264
4264
4357
4494
4508
4983
4903
4436
4660
4740
4751
4334
4475
5087
4407
4820
4923
5056
4337
5093
4270
4928
4131
4830
4841
4852
4562
4468
4518
4351
5007
4175
4170
4971
4151
5041
4384
4961
4337
5119
4159
4266
5039
5071
4855
5108
4381
4583
4194
4971
4881
4803
4129
4999
4437
4346
5023
4340
4752
4413
4701
4469
4137
4845
4367
4407
4640
4956
4660
4680
4128
4774
4759
4759
5112
4197
4474
4203
5074
4140
4921
4099
4852
4553
4999
4755
4230
4925
5028
5028
4412
4304
4468
4987
4965
4651
4099
4732
4744
4322
5044
4451
4898
4105
4386
5106
4532
4722
5100
4194
4347
4241
4678
4633
4786
4150
4928
4356
4990
5106
4758
4485
5018
4140
4732
4455
4122
4533
4126
4271
4565
4846
4453
4234
4439
4784
4407
4616
5049
4838
4637
4241
4140
5013
4731
4743
4412
4697
4725
