9217
9218
306
668
668
482
431
482
482
482
482
482
629
550
550
550
965
317
498
304
848
482
169
816
169
121
266
942
895
427
516
497
146
632
68
632
638
953
638
638
953
227
638
1000
638
149
638
662
629
257
629
662
629
662
15
870
138
629
1000
629
662
145
527
169
644
70
704
540
1022
50
661
862
535
44
516
146
68
68
632
134
424
953
1010
816
748
785
785
550
965
965
965
965
691
861
704
540
205
414
196
196
914
256
606
453
550
433
498
452
401
704
355
205
1022
661
942
895
326
497
516
146
638
632
638
785
953
953
629
521
776
629
629
149
638
149
149
629
691
70
704
355
16
414
281
276
859
453
606
453
739
662
169
644
70
355
205
1022
263
131
1001
467
205
414
914
453
606
256
452
225
358
535
707
516
196
444
965
953
498
692
481
138
452
401
41
355
540
205
196
834
914
256
606
283
175
931
707
401
94
262
205
205
295
661
942
978
978
524
89
51
75
806
806
901
249
249
402
266
942
309
535
497
497
638
75
638
943
739
739
618
241
266
942
309
326
497
516
146
638
116
739
257
739
248
739
790
435
834
419
703
462
703
545
513
249
597
513
774
249
232
901
926
870
331
419
703
249
774
774
774
774
774
774
774
774
774
119
847
331
703
703
703
774
774
774
774
774
774
774
774
774
774
224
748
834
774
774
774
774
774
774
618
774
774
774
774
774
774
119
551
331
419
774
774
774
774
774
774
774
774
774
774
774
483
672
870
331
566
979
979
43
372
79
372
902
401
704
255
859
859
644
131
1001
467
205
414
702
52
135
453
606
618
606
453
629
227
748
629
618
629
662
629
375
990
629
421
175
931
707
707
748
785
632
990
340
130
130
498
169
477
785
257
169
63
169
805
421
175
535
707
707
477
68
21
965
257
965
433
693
805
822
444
667
965
816
93
74
693
673
361
309
866
47
996
175
535
866
707
758
462
916
965
452
70
704
355
205
1022
450
588
448
205
16
281
914
135
7
606
5
549
74
788
15
141
331
354
667
916
916
916
438
313
50
421
309
866
866
44
312
916
916
74
916
244
375
644
70
704
448
1022
1022
19
421
309
931
630
542
496
74
916
74
776
549
93
93
788
15
870
444
630
74
93
916
340
916
693
996
361
309
866
587
361
309
405
9219
1592
1412
1592
1617
1617
1592
1737
1246
1592
1617
1272
1782
1840
1719
1409
1983
1878
1878
1425
1406
1592
1878
1814
1967
1681
1503
1246
1840
1592
1396
1980
1257
1737
1719
1840
1525
1759
1270
1230
1425
1230
1075
1878
1878
1878
1878
1878
1975
1412
2021
1975
1940
1975
1814
1975
1365
1075
1840
1753
2021
1980
1075
1730
1975
1975
1479
1754
1612
1824
1597
1409
1610
1915
1737
1975
2021
1975
1975
1975
1975
1565
1753
2014
1081
1612
1707
1936
1982
1636
1743
1993
1057
1703
1263
1564
1975
1975
1975
1975
1975
1156
1081
1910
1874
1472
1406
1213
1739
1425
1230
1230
1975
1592
1592
1246
1272
1343
1213
1230
1254
1412
1980
1592
1814
1683
1213
1592
1272
1753
1230
1754
1592
1681
1739
1739
1753
1753
1753
1691
1681
2014
1975
1683
1739
1739
1753
2045
1975
1868
1980
1719
1840
1479
1609
2014
1307
1307
2024
1240
1564
1806
1416
1669
1123
1412
1390
1754
1683
2014
1455
1844
1427
1409
1739
1075
1271
1975
1425
1425
1213
1878
1975
1814
1360
1975
1975
1975
1075
1075
2014
1814
1975
1470
1075
1075
1360
1840
1246
1390
1691
1681
1730
1975
1412
2045
1075
1075
1509
1975
1081
1814
1186
1828
1828
1947
1669
2008
1764
2032
1206
2006
1955
1589
2025
1914
1481
1347
1991
2035
1515
1515
1884
1347
1903
1903
1394
1349
1884
1924
1394
2023
1371
1347
1347
1371
1371
1748
1371
2023
1928
1928
1928
2023
2035
1307
1425
1425
1425
1425
1425
1425
1425
1840
1386
1425
1386
1425
1655
1878
1098
1814
1459
1894
1617
1617
1984
1739
1254
1684
1425
1230
1040
1040
1683
1878
1975
1592
1040
1814
1683
1878
1178
1385
1814
1753
1412
1975
1396
1617
1975
1683
1592
1425
1271
1684
1332
1089
1739
1470
1075
1075
1684
1753
1081
1079
1975
1592
1910
1975
1079
1239
1737
1211
1684
1425
1975
1878
1683
1739
1681
1975
1681
1910
1416
1416
1828
1878
1089
1386
1878
1230
1504
1505
1854
1213
1840
1910
1975
1967
1681
1975
1975
1975
1105
1683
1681
1915
1838
1985
2001
1610
1287
1317
1588
1925
2035
1884
1788
1884
1622
1554
1347
1097
1815
1347
1115
1394
1995
1347
1435
1230
2014
1222
1985
1396
1081
1828
1254
1123
1828
1583
1719
1583
1307
1502
1502
1186
1152
1152
1152
1152
1044
1519
1209
1824
2045
1396
1669
1396
1396
1806
2045
1936
1828
1081
1412
1409
1940
1940
1651
1936
1828
1828
1564
1975
1237
1975
1975
1455
1975
1975
1824
2014
1385
1412
1424
1669
1718
1237
1396
1771
1396
1396
1409
1669
1651
1564
2032
1209
1475
2001
1637
1215
1348
2011
1081
1814
1396
1424
1874
1152
1502
1502
1152
2045
1874
1502
1583
1152
1606
1824
1984
1351
1874
1424
1637
1637
1637
1216
1824
1606
1597
1940
1669
1455
1982
1409
1637
2045
1982
1669
2001
1703
1152
1277
1502
1348
1824
1984
1961
1152
1669
1874
1576
1425
1339
1425
1425
1425
1425
1425
1425
1332
1332
1332
1332
1400
1753
1217
1217
1565
1993
1993
1798
1798
1798
1798
1798
1798
1798
1798
1798
1759
1585
1743
1585
1759
1607
2007
1895
1895
1331
2015
1279
1694
1835
1694
1835
1899
1481
1720
2046
1720
1969
1155
1317
1835
2025
1966
1334
1991
1694
1547
1694
1955
1694
1966
1694
1884
1694
1589
1801
1588
1854
1586
1482
1655
1255
1608
1176
1525
1806
1782
1963
1828
1610
1307
1610
1555
1820
1136
2010
1348
1849
1211
1222
1427
1525
1222
1240
1416
1136
1123
1705
1136
1998
1525
1838
1828
1830
1081
1617
1963
1304
1961
1957
1610
1782
1918
1263
1636
1984
1209
1747
1480
2024
1664
1838
1982
1081
1820
1820
1963
1936
1982
1982
1945
1820
1427
1936
1427
1739
1385
1963
1412
1844
2045
1409
1730
1564
1714
1949
1801
2046
2007
1925
1884
1588
1977
1280
1291
1420
1592
1975
1814
1152
1828
1828
1147
2033
1409
1915
2045
1240
1669
1938
1814
1681
1608
1348
1681
1479
1307
1806
1980
1222
1437
1609
1437
1222
1333
1525
1348
1609
2028
1455
1277
1609
1680
1240
1136
1707
1637
1874
1348
1584
1425
1684
1878
1994
1254
1844
1975
1844
1975
1437
1828
2045
1396
1975
1257
1606
1824
1784
1610
1567
1950
1782
1348
1636
1479
1669
1674
1874
1718
1838
1674
1396
1636
1703
1627
1878
1425
1040
2021
1425
1684
1739
1684
1386
1040
9220
2378
2378
2378
2378
2378
2378
2378
2412
2213
3066
2378
2378
2213
2378
2263
2583
2111
2339
2346
2129
2971
2242
2513
2948
2948
2962
2538
2480
2480
2480
3015
2129
2480
2480
2948
2192
2156
2884
2941
2665
2903
2459
2312
2716
2321
2137
2137
2137
2312
2561
2312
2884
2932
2820
2055
2055
2057
2729
2571
3015
2312
2498
2828
2485
2883
2670
2257
2536
2394
2691
2591
2325
2890
2753
2794
2886
2880
2901
2636
2174
2459
2394
2888
2548
2347
2677
2619
2421
2626
2320
2421
2584
2443
2945
2403
2343
2333
2250
2219
2922
2837
2730
2557
2297
2076
2968
2103
3054
2416
2648
2953
2804
3045
3002
2866
2073
2049
2327
2483
2079
2213
2909
2483
2049
2973
2684
2378
2378
2049
2213
2182
2886
2483
2583
2644
2919
2378
2793
2257
2412
2148
2880
2638
2307
2293
2631
2583
2228
2766
2723
2224
2657
2718
2232
2320
2423
2296
2250
2133
2664
2753
2756
2972
2268
2222
3044
2660
2506
2950
2278
3020
2448
2740
2731
2660
2940
3070
2483
2378
2061
2483
2378
2498
2577
2600
2828
2828
2723
2723
2828
2749
2061
2529
2095
2729
2487
2571
2182
3047
2312
2312
2312
2312
2820
2088
2918
2383
2632
2828
2279
2214
2312
2719
2705
2105
2972
2501
2212
3009
2567
2889
2647
2612
3012
2453
2214
2926
3012
2928
2619
2828
2884
2820
3009
2820
2350
3009
2484
2137
2097
2135
3009
2949
2694
2135
3009
2325
3009
3009
2813
2820
2788
2976
2247
2904
2631
2632
2416
2378
2583
3030
2378
2340
2378
2079
2498
2378
2378
2792
2378
2263
2483
2583
2723
2378
2149
2451
2935
2378
2378
2716
2354
2415
2378
2336
2467
2955
2064
2394
2129
2899
2480
2129
2129
2480
2691
2129
2789
2545
2279
2851
2762
2817
2196
2921
2711
2429
2421
2828
2880
2465
2828
2828
2840
2989
2992
2955
2880
2450
2665
2997
2290
2298
2450
2455
2057
2212
2693
2693
2911
2298
2231
2524
2911
2544
2097
2716
3039
2915
2378
2887
2079
2483
2583
3066
2941
2822
3038
2277
2133
2588
2502
2388
2945
2323
2638
2320
2519
2942
2280
2983
2983
2470
3032
2323
2156
2148
2478
2874
2986
2788
2135
2942
2260
2788
2128
2830
2350
2818
2137
2269
2536
2915
2510
2260
2921
2899
2440
2899
2679
2214
2644
2563
2920
2920
2971
2295
2806
2936
2224
2860
2419
2838
2874
2966
2702
2820
2820
2305
3055
2276
2529
2697
2133
2552
2827
2340
2874
2851
2094
2847
2557
2557
2901
2235
2840
2137
2450
2192
2298
2298
2298
2192
2440
2607
3059
2121
2945
2849
2510
2712
2329
2669
2054
2966
2065
2966
2966
2659
2876
2947
2876
2966
2215
2133
2607
2549
2510
3019
2295
2332
2912
2402
2231
2515
2224
2876
2295
2084
2295
2700
2054
2657
2595
2176
2198
2833
2877
3024
2246
2598
2290
2899
2284
2899
2169
3014
2513
2513
2899
2084
2084
2616
2771
2552
3043
2295
2595
2732
2876
2920
2515
2529
2594
3064
2481
2626
2967
2375
2063
2838
2271
3064
2063
2450
2911
2331
2616
2955
2702
2928
3063
2260
2054
2724
2412
2467
2411
2411
2977
2484
2967
2748
2175
2848
2531
2800
2097
2531
2191
2677
2510
2429
2788
2619
2300
2568
2818
3008
2965
2119
2627
2936
2252
2423
2485
3000
2314
2484
2800
2226
2477
2788
2627
2972
2735
2717
2800
3008
3035
2907
2398
2651
2728
2691
3066
2884
2292
2762
2894
2223
2223
2884
2313
2844
2992
2331
2294
2436
2096
2971
2718
2857
2170
2269
2707
2594
2153
2620
2762
2691
2717
2116
2549
2394
2594
2464
2672
2915
3015
2874
2712
2224
2626
2161
2967
2284
2388
2089
2800
3028
2601
3035
2089
2547
2801
2588
2643
2628
2343
2463
2915
2190
2925
2190
2735
2820
2147
2963
2863
2712
2168
3028
2332
2769
3069
2912
2380
2094
3038
2266
2912
2607
2393
2868
2699
2889
2581
3009
2741
2350
3066
3019
2295
2732
2061
2838
2198
2538
2915
2503
2563
2549
2897
2122
3066
2079
2079
2506
2492
2313
2887
2464
2767
2269
2947
2594
2331
2269
2215
2215
3038
2269
2646
3038
2215
2830
2269
2804
3016
2568
2971
2549
2681
2482
2331
2179
2646
2559
3029
2847
2624
2094
2344
2557
2579
2213
2912
2756
2847
2815
2326
2847
2253
2525
2845
2184
2269
2100
2878
2848
2646
2184
2847
2281
2919
2766
2847
2281
3035
2529
2256
2450
2243
2402
2740
2962
2459
2861
3061
2124
9221
3366
3407
3766
4093
3538
3650
3197
3473
3119
3211
3093
3548
3213
3780
3419
3208
3206
3094
3429
3949
3524
3580
3073
3197
3269
3462
4023
3432
3670
3288
3771
3219
3588
3246
3269
3311
3580
3504
3208
3516
3889
3605
3753
3401
3684
3586
3999
3347
3208
3269
3343
3986
4083
3166
3539
3099
3130
3104
3363
3275
3872
3250
3547
3130
3334
3961
3436
3244
3941
3398
3928
3333
3661
3449
3082
3202
3292
3686
3236
3801
3621
3287
3129
3333
3801
3934
3103
3887
3965
4017
3704
3157
3933
3660
3406
3876
3982
3999
3484
3320
3210
3517
3400
3511
3557
3578
3846
3197
3380
3408
3991
3408
3957
3741
3103
3408
3434
3766
3693
3119
4021
3669
3168
3305
3119
3766
4060
3072
3346
3851
3711
3084
3790
3838
3819
3957
3103
3520
3088
3369
3846
3478
3432
3967
3881
3957
3854
3219
3928
3219
3844
3252
3307
3978
3797
3861
3201
3557
3420
3745
4013
3535
3818
3657
3456
3456
3788
3466
3578
3492
3354
3836
3602
3694
3793
3978
3587
3290
3706
3300
3906
3918
3487
3119
3210
3876
3587
3130
3930
3178
3816
3768
4084
3334
3202
3728
3728
3961
3530
3978
3720
3208
3900
4065
3184
3567
3657
3900
3463
4022
4064
3829
3671
3307
3307
3622
3377
3741
3288
3999
3090
4007
4088
3690
3257
3753
3335
3887
3728
3716
3741
3904
3237
3810
4072
3585
3887
3530
4055
3719
3585
3182
3916
3307
3903
3182
3935
3747
3698
3903
3697
3727
3747
3914
3711
3989
3431
4025
3853
3093
3460
3490
3657
3781
3201
3369
3957
3776
3848
3961
3369
3916
3910
3758
3581
3176
3303
4023
3280
3989
3176
4041
3550
3846
3916
3305
3075
3550
3669
3311
3306
3861
3380
3702
3907
3179
3538
3300
3905
3840
3458
3586
3436
3538
3513
3984
3845
3382
3969
3092
3208
3760
3190
3440
3595
3244
3896
3115
3302
3179
3371
3623
3280
3809
3702
3345
3707
3922
3082
3547
3686
3624
3158
3753
3302
3520
3732
3898
3892
3851
3269
3949
3366
3238
3446
3442
3784
3104
3900
3403
3969
3567
3275
3489
3176
3711
3413
4083
3473
3800
4013
3682
3413
3690
3619
3171
3876
3699
3893
3530
3623
3644
3698
3621
3530
3530
3747
3777
3585
3773
3324
3408
3754
3740
3715
3078
4053
3439
3512
3349
3429
3372
3634
3836
3259
4084
3336
3363
4083
3111
3074
3074
3654
3816
4083
3354
3111
3354
3883
3598
3178
3521
3540
3588
3840
4000
3912
3408
3408
3600
3393
3773
4006
3591
3399
3164
4020
4020
3985
3337
3244
3309
3328
3896
3896
3166
3932
4038
3516
3382
3820
3178
3881
3164
3382
3178
3839
3126
3876
3808
3684
4004
3291
3447
3914
3732
3304
3857
3179
3855
4030
3164
3525
4047
4048
3164
3803
3226
3390
3951
3651
3165
3555
3346
3834
3383
3913
3253
3613
3373
3685
3311
3570
3816
3559
3642
3372
3611
3580
3622
3447
3428
4051
3072
3675
3453
3649
4095
3251
3302
3179
3887
3694
3225
3949
3104
3991
3511
3851
3309
3768
3401
3579
3663
3730
3934
3440
3473
3216
3853
3918
4055
3595
3802
3555
3198
3857
3940
3498
3465
3498
3449
3530
3447
3137
3857
3325
3724
3419
3925
4088
3928
3706
3297
3897
3585
3887
3623
3924
3675
4008
3674
3868
3690
4088
3735
3904
3970
3639
3303
3498
4036
3829
3829
3304
3829
3467
3383
4094
4030
3447
3935
3632
3963
3875
3716
3682
3453
3872
3389
3176
3288
3855
3620
3514
3620
3883
3620
3255
3470
3763
3889
3778
3162
4064
3807
3699
3825
3671
3927
3345
3928
3938
4052
3586
3575
3333
3688
3764
3753
4002
3517
3763
3556
3253
3618
3243
3176
3393
4082
3385
3521
3797
3675
3153
3925
3741
3531
3462
3247
3323
3555
3292
3555
3764
3707
3982
3959
3467
4088
3548
3516
3668
3389
3636
4092
3887
3840
3742
3084
3103
3723
3157
3945
3880
3530
3965
3810
3647
3495
3653
3390
4065
3870
3649
3831
4074
3277
3074
3977
3659
3215
3674
3536
3094
3548
3358
3475
3369
3389
3857
3805
3562
3591
3499
3581
3294
4089
3424
3559
3576
3257
3745
3164
3543
3164
3164
3689
3771
3257
3257
3168
3770
4007
3142
3428
3375
3434
3363
3900
4070
3547
3898
3157
3975
3600
3922
3235
4055
3162
3335
3157
3162
3645
3074
3202
3676
3754
3403
3689
3652
3157
3191
3907
3262
3389
3244
3654
3649
3898
4005
3363
4030
3642
3339
4067
3700
3523
3818
3840
3523
9222
4561
4144
4788
4230
4422
4365
4707
4374
5023
4313
4451
4244
4482
4547
4414
4665
4100
5078
4975
4211
4696
4650
5034
4287
4380
4665
5072
5010
4178
4597
5004
4806
4100
4435
5063
4943
4686
4502
4653
4251
4881
4963
4963
5100
4249
4151
5119
4122
4867
5100
4665
4381
5067
4122
4354
4153
5064
4598
4113
4151
4570
4975
5067
4700
4581
4616
4692
4397
4356
4972
5056
4478
4396
4738
4996
4641
4409
4349
4728
5048
4736
4138
4482
5010
4153
4755
5020
4997
4653
4729
4150
4931
4767
5109
4364
4727
4234
4980
5119
4358
5105
5105
4732
4228
4423
4287
4269
4693
4974
4230
4419
5034
4426
4217
4741
5007
4468
4768
4442
5070
4788
4425
4180
4768
5034
4745
4262
4309
4990
4425
4345
4501
4766
4743
4356
4345
4763
4319
4228
4948
4822
4690
4217
4547
4805
4196
4238
4390
4884
4727
4727
4503
4623
5084
4370
4691
5007
5007
5030
4691
5019
4266
5025
4383
4258
4993
4492
4441
4114
4513
4723
4124
4303
4598
4953
4890
4941
4598
4297
4272
4262
4243
4117
4260
4096
4963
4427
4990
4963
4139
4646
4518
4193
4591
4997
4407
4111
4427
5111
4639
4487
4548
4349
4697
4122
4537
4546
4572
4928
4741
4537
4349
4796
4864
4763
5101
4655
5112
4953
4490
4961
4119
5027
4899
4957
4477
4977
4680
4864
5094
4879
4985
4875
4197
4150
4654
4817
5108
4684
4861
5077
4490
4732
4201
5027
4119
4119
4817
4654
5025
4749
4835
4835
4985
4127
4579
4665
4447
4103
4951
4376
4405
4768
4205
4398
5119
5038
4126
4695
4458
4621
4487
4904
4144
4693
4376
4143
4242
4851
4808
4535
5051
4143
4297
4812
4269
4574
4779
4506
4586
5108
4529
4500
4987
4785
4380
4688
4316
4159
4144
4312
4454
5027
4247
5105
4869
4846
4791
4597
5007
4096
5010
4897
5056
4264
4670
4588
4542
4751
5119
4103
4161
4594
4223
4240
4409
4766
4138
4843
4820
4259
5071
4316
4743
4561
4147
4196
4664
4113
4741
5080
4972
4389
4916
4836
4312
4621
4426
4605
4121
4154
4379
5105
4478
4547
4846
5105
5105
4297
4200
4475
4921
4845
5105
4588
4972
4845
4175
5108
4175
4332
4715
4498
4150
4845
4771
4961
5095
4845
5068
4613
4141
4952
4266
4953
4127
4171
4604
4442
4651
4554
4935
4715
4266
4662
5031
4592
5041
4560
5018
5029
4519
4729
4988
4418
4296
4864
4530
4516
4935
4530
4285
4637
4948
4196
4445
4948
4322
4254
4292
5050
4600
4298
4411
4585
4650
4214
4521
4106
4578
5038
4454
4841
4595
4137
4281
4972
5099
4623
4422
4173
5005
4268
5045
4469
4554
4914
4997
4854
5081
4193
4692
5109
5094
4702
4527
4403
4829
4459
4459
4640
4253
4257
4893
4334
4150
4338
4338
4740
5069
4305
4645
4526
4358
4942
4893
5042
4307
4854
4657
4269
4892
4372
4812
4969
4715
4555
4284
4500
4257
4332
4542
4799
4184
4866
4457
4814
4975
4253
4459
4852
4947
4382
4804
4385
4306
4556
4619
4556
4433
5080
4534
4507
4226
4470
4793
4396
4121
4244
4564
4443
4893
4856
4526
4242
4624
4200
4620
4856
4449
5026
5090
4829
4537
4339
4405
4839
4436
5029
4648
4449
4201
5009
4702
4229
4853
4148
4864
4431
4801
5059
4830
4864
4864
4684
4215
5059
4202
4972
4715
4876
4150
4866
5057
4654
4145
4305
5115
4931
4821
4759
4601
4364
4791
4779
4679
4548
4980
4482
4153
4964
4571
4717
4287
4105
5037
4545
4381
4157
4845
4430
4961
4161
4340
4465
4893
4593
4099
4224
4604
5018
4524
4284
4099
4925
4471
4982
4503
4315
4492
5019
5117
4612
4689
4316
4141
4122
4194
4553
4501
4455
4194
4919
4330
4314
4881
4184
4522
4522
4556
4522
4338
4729
4387
4567
4917
4573
4618
4605
4556
4338
4869
4472
4496
5038
4786
4948
4574
4254
4487
4501
4254
4384
4374
4953
4801
4961
4886
4239
5005
4755
4618
4565
4363
4215
4189
4412
4362
4618
4751
5081
4796
4315
4175
4113
4743
5071
4519
4613
4526
4774
4645
4774
4529
4505
4859
5037
4505
4156
4898
4411
5109
4836
4187
4827
4671
4397
4854
4610
4713
4287
4456
4274
4574
4245
4970
4754
5028
5071
4189
4788
4695
4518
4798
4754
4544
4455
4617
4622
4490
4535
4789
4636
4780
4166
4366
4755
4561
4415
4696
4362
4432
4153
4503
5020
4166
4267
4629
4363
4651
4288
4389
4912
4788
5005
4558
4260
4326
4536
5064
5064
