9217
9218
194
668
668
482
482
482
482
482
816
693
452
69
199
353
698
89
735
562
735
753
71
776
71
788
788
263
131
202
904
151
702
889
929
889
739
1000
739
1000
1000
340
685
435
834
667
630
963
29
372
244
313
401
131
202
447
151
859
859
618
889
889
629
662
629
662
121
547
94
355
935
309
866
673
661
895
535
326
44
68
632
121
673
786
174
725
449
449
554
726
554
276
221
554
611
943
545
547
70
355
960
1022
241
263
131
202
904
859
859
859
859
618
629
785
227
776
629
169
805
509
629
662
616
692
481
629
121
263
131
262
448
205
414
914
5
785
753
735
1000
965
816
339
547
70
355
205
205
1022
263
131
202
613
137
690
735
63
735
685
618
389
692
138
527
339
913
175
985
707
587
361
309
535
47
722
358
33
866
587
361
309
985
867
935
361
309
866
707
339
70
704
355
205
1022
263
131
62
447
151
702
889
629
629
889
629
776
629
662
629
521
521
616
629
149
629
616
629
195
861
588
613
255
690
914
914
929
227
785
550
1000
848
393
339
691
70
262
935
358
535
673
661
309
535
866
44
735
21
693
452
633
199
353
1015
707
281
435
776
735
735
549
549
735
788
483
786
577
291
308
852
722
942
33
535
44
787
787
38
492
401
704
355
205
414
1022
676
578
309
535
44
787
979
492
19
722
358
535
866
44
496
853
748
853
888
619
71
104
788
190
786
541
353
449
522
260
199
174
725
449
449
449
449
644
861
704
448
16
522
295
786
199
91
9
758
835
160
232
232
266
942
33
866
44
575
287
262
448
205
414
873
160
1006
160
232
913
175
985
867
216
913
330
985
867
935
175
985
866
216
722
358
33
866
47
260
578
309
535
326
758
283
692
985
216
618
692
733
867
644
287
779
960
509
223
216
633
174
725
449
310
69
199
577
725
449
449
449
449
509
69
199
769
9
522
835
160
160
232
69
199
91
698
89
522
835
435
901
466
232
69
199
577
9
308
835
160
160
160
232
483
786
682
469
431
89
835
562
249
232
69
786
682
698
89
835
435
562
276
402
69
199
577
291
308
835
160
554
310
232
446
958
682
447
151
702
889
20
889
393
257
521
1000
1000
393
1000
785
616
527
965
339
913
481
618
935
309
138
935
309
867
361
309
263
131
356
405
9219
1980
1592
1806
1307
1409
2045
1828
1828
1806
1718
1612
1980
1828
1681
2024
1612
1980
1828
1828
1862
1718
2045
1718
1828
1985
1528
1985
1372
1828
1779
1626
2006
1974
1299
1519
1622
1914
2046
1585
1061
1684
1600
1582
1582
1425
1063
1576
1546
1042
1760
1933
1098
1681
1967
1608
1325
1625
1402
1600
1482
1848
1938
1075
1844
1824
1098
1961
1938
1938
1608
1874
1081
1820
1837
1837
1938
1425
1425
1360
1786
1600
1574
1913
1938
1608
1193
1725
1820
1820
1949
1960
1960
1788
1905
1905
1690
2032
2032
1526
1980
1584
1975
1814
1584
1597
1814
1812
1424
1824
1606
1783
1556
1812
1963
1806
2024
1980
1597
2024
1612
1806
2024
1612
1963
1237
1608
1778
1081
1445
1778
1681
2045
1950
1936
1980
1806
1612
1963
1806
2024
1980
1882
2024
1057
1993
1610
2045
1940
1610
1626
1915
1489
1669
1348
1627
1877
1719
1386
1681
1246
1255
1984
1482
1874
1828
1980
1409
1186
1312
1957
1719
1920
1307
1307
1246
1824
1824
1610
1758
1681
1264
1455
1982
1246
1985
1590
1949
1480
1631
1943
1260
1326
1730
1406
1258
1484
1913
1479
1987
1681
1402
1258
1838
1193
1402
1880
1938
1307
1409
1484
1612
1828
1098
1307
1480
1258
2024
2024
1067
1973
1669
1031
1661
1661
1840
1307
2024
1984
1470
1472
1785
1806
1980
1193
1747
1782
1880
2024
1307
2024
1348
1479
1758
1403
1597
1918
1409
1455
2024
1936
1500
1746
1669
1746
1812
1636
2045
1636
1837
1940
1612
1555
1705
1874
1936
2024
1597
2024
2028
2024
1583
1947
2028
1666
1824
1936
1874
1636
2028
1905
1794
1892
1335
1815
1368
1955
1963
1938
1459
1081
1381
1058
1425
1563
1274
1948
1406
2030
1230
2027
1681
1385
1975
1470
1406
1528
1486
1612
1730
1081
1424
1854
1584
1470
1844
1586
1975
1479
1257
1984
1771
1351
1878
1075
1332
1425
1360
1600
1917
1647
1913
1852
1678
1980
1257
1217
1703
1857
1587
1588
1519
1622
1807
2046
2046
1690
1991
1681
1098
1214
1402
1351
1214
1437
1832
1857
1874
2045
1984
1806
2024
1980
1806
2024
1612
1178
1500
1612
1980
1564
1564
1963
1778
1608
1778
1081
1479
1445
1963
1264
1455
1636
1968
1612
1806
1325
1936
1953
2032
1491
1812
1555
1939
1597
1211
1837
1612
1838
1669
1409
1075
1878
1326
1684
1913
1586
1948
1425
1332
1501
1730
1840
1592
1559
1470
1472
1975
1307
1975
1926
1528
1980
1779
1307
1307
1406
1980
1525
1222
1470
1528
1307
1617
1878
1075
1876
1360
1360
1678
1144
1482
1325
1325
1242
1980
1806
1436
1409
1813
1682
2046
1588
1815
1801
2046
1589
1589
1209
1244
1876
1963
1406
1730
1608
1681
1828
1081
1152
1828
1975
1975
1840
1840
1081
1412
1250
1406
1412
2014
1814
1681
1824
1406
1409
1270
1270
1985
1178
1406
1081
1612
1828
1681
1806
1864
1612
1828
1828
1862
1307
1864
1806
1564
1936
1636
1955
2046
1317
1317
1903
1884
1280
1360
1522
1075
1075
1325
1042
1840
1600
1144
1592
1459
1075
1075
1683
1683
1575
1075
1257
1824
1257
1081
1908
1820
1963
1980
1938
1967
1608
1591
1575
1980
1938
1828
1936
2010
1425
1425
1425
1075
1360
1360
1326
2002
1081
1081
1591
1940
1832
1936
1288
1905
1905
1945
1955
1966
1966
1347
1481
1931
1455
1975
1034
1646
1984
1824
2045
1455
1555
1626
1346
1985
1844
1500
2024
1980
1806
2024
1442
1636
1325
1612
1636
2024
1824
1963
1681
1608
1609
1820
1445
1936
1982
2045
1963
2024
1612
1636
1806
1612
1980
1806
2024
1491
1914
1955
1824
1993
1565
1250
1635
1583
1635
2001
1831
1479
1268
1332
1730
1980
1719
1719
1567
1874
1500
2042
1719
1854
1525
1258
1246
1246
1258
1808
1186
1719
1880
1719
1669
1824
1525
2001
1937
1828
1452
1669
2006
1480
1409
2045
1940
1828
1027
1582
1943
1868
1683
1402
1255
2004
1888
1027
1661
1193
2004
1612
1888
1402
1705
1612
1832
1828
1402
1067
1409
1193
1606
1612
1027
1330
1784
1982
1936
1728
1945
1839
1996
1877
1647
1406
1926
1852
1734
1739
1841
1604
2045
2045
1612
1812
1307
1307
1307
1455
1806
1828
1828
1636
1838
1612
1705
1555
2024
2024
1806
1806
1828
1584
1980
2045
2045
1612
1874
2024
1806
1455
1950
1636
1813
1191
1812
1409
1784
1294
1908
1908
1272
1081
1975
1406
9220
2697
2208
2898
2898
2623
2128
2253
3003
2280
2487
2898
2802
2451
2600
2280
2434
2600
2076
2613
2257
2898
2280
2892
2898
2280
2577
2618
2618
2618
2940
2983
2983
2347
2140
3055
2123
2748
2506
2741
2781
2298
2298
2379
2785
2438
2950
2438
2133
2060
3053
2832
2380
2798
3053
2832
2891
3024
2561
2832
2935
2094
2832
3016
2949
3047
3053
2986
2600
2360
2600
2196
2950
3053
2724
2856
2749
2128
2297
2246
2492
2105
2693
2246
2329
2175
2428
2464
2817
2887
2800
2510
3055
3008
2907
2268
2180
3000
2833
3053
2612
2926
2466
2935
2462
2971
2306
2198
2215
2813
2727
2912
2868
2103
3059
2977
2947
2841
2830
2430
2604
2714
3023
2079
2392
2611
2785
3033
2611
2561
2665
2821
2846
2349
2215
2627
2715
2968
2825
2695
2916
2430
2697
2990
2753
2937
2121
3047
2270
2255
2383
2487
2851
2850
2402
2638
3070
2890
2477
2805
2374
2884
2321
2159
2631
2860
2170
3006
2445
2636
2182
2219
2716
2362
2771
2590
2511
3068
2630
3035
2399
2060
2707
2132
2307
2169
2484
2914
2552
2183
2393
2863
2306
2535
2766
3066
2913
2825
2240
2501
2888
2887
2451
2631
3024
2753
2137
2897
2642
3024
2381
2501
2753
2916
2462
3024
2501
2511
2945
2944
2333
2137
2151
2137
2172
3060
2689
2619
2792
2512
2642
2804
2436
2057
2964
2712
2156
2559
2888
2812
2388
2525
2079
3015
2823
2591
2712
2186
2942
2123
3063
2498
2561
2818
2380
2442
2266
2771
3047
2565
2091
2390
2224
2544
2989
2794
2887
2521
2939
2109
2792
2491
2079
2079
2049
2827
2973
2140
2792
2847
2697
2815
2920
2630
2352
3029
2965
2183
2190
2485
2757
2915
2098
2601
3028
2600
2912
2510
2712
2921
2436
2945
2993
2933
2165
3053
2321
3044
2345
2443
2406
2121
3065
2323
2815
2206
2374
2297
2950
2610
2821
2393
2561
2832
3070
2098
2713
2188
2404
2753
2247
2326
2229
2329
2640
2692
2731
2094
2877
2459
2224
2868
2985
2735
2619
2608
2411
3055
2997
2283
3015
3065
2430
2561
2499
2283
2451
2859
3024
2856
2851
2636
2825
2765
2945
2856
3041
2225
2859
2721
2671
2079
2392
2243
2846
2294
2821
2585
2561
2349
2601
2887
2300
2175
2856
2115
2161
2260
2623
2968
2344
2489
2712
2875
2561
2388
2109
2937
2300
2890
2623
3015
2832
2076
2250
2250
2712
2536
2762
2794
2875
2646
2338
2442
2614
2101
2716
2078
2256
2421
2483
2720
2950
3016
2647
2464
2128
2646
2971
2697
2170
2819
2646
2101
2832
2382
2623
2498
2927
2294
3006
3070
2561
2715
3066
2342
2105
2323
2983
2983
2730
2252
2577
2076
3029
2320
2608
2162
2857
2077
2834
2050
2168
2834
3070
2133
2421
2743
2697
2732
2372
2665
2577
3071
2128
2280
3014
2802
2937
2061
2429
2983
2290
2918
2122
2682
2294
2565
2320
2928
2511
2323
3011
2796
2323
2921
2664
2712
2447
2918
2095
2856
2323
2859
2451
2608
2330
3008
3071
2333
2990
2802
2403
2383
2832
2408
2408
2502
2429
2635
2693
2989
2753
2932
2992
2180
2473
2711
2360
2782
2165
2165
2165
3053
2148
2880
2400
2393
2403
2176
2846
2453
2079
2785
3053
3053
2351
2321
2234
2769
2767
2675
2835
2713
2835
2324
2487
2324
2215
2324
2115
3051
2644
2314
2869
2741
2834
3000
3069
2800
2544
2928
2989
2856
2968
2134
2096
3035
2277
2922
2224
2465
2529
2612
2354
2344
2161
2774
2941
2914
2825
2626
3034
2876
3022
2644
2585
2671
2821
2846
2349
2585
2134
2821
2792
2225
2779
2209
2326
2787
2407
2180
2054
2922
2947
2912
2877
2874
2552
2250
2922
2731
2942
2128
2631
3028
2862
2701
2326
2168
2170
2292
2377
2627
2672
2716
2716
2362
3025
2221
2938
2805
2433
2365
2214
2903
2383
2775
2719
2064
2362
2137
2604
3023
2935
2623
2531
2165
2677
2965
3051
3020
2646
2088
3066
2198
2198
2814
2507
2766
2224
2179
2691
2347
2770
2213
2625
2208
2544
2551
2266
2090
2147
2186
2179
2333
2097
3061
2198
2627
2537
2657
2198
2727
2720
2971
2252
2507
2775
2665
2064
2455
2300
2712
2127
2941
2793
2168
2925
2664
2883
2352
2259
2090
2989
2219
2667
2938
2938
2279
2465
2714
2720
2487
2689
2792
2079
2953
2812
2922
2525
2249
2279
2219
2645
2792
3029
2079
3010
2833
2412
2933
2863
2429
2324
2705
2344
2401
2750
2846
2436
2846
9221
3253
3995
3311
3096
3154
3711
3859
3154
3984
3447
3439
4090
3459
3810
3586
3685
3606
3877
3461
3436
3939
3480
3577
3776
3963
3158
3625
3098
4083
3075
3442
3523
3439
3681
3274
3198
4090
3523
3990
3525
3101
3104
3663
4084
3338
3517
3097
3632
3608
3581
3192
3310
3120
3671
3805
3512
4055
3180
3497
3581
3462
3730
3730
3515
4016
3729
3287
3073
3255
3377
3264
3180
3180
3461
3567
3236
4055
3873
3287
4067
3837
3287
3581
4016
4059
3524
3516
3631
3287
3557
3675
3676
3802
3777
3743
3325
3802
4065
3116
3916
3210
3210
3557
3672
3210
3639
3111
3672
3719
3447
3615
3723
3900
3710
3729
3773
3388
3591
3641
3425
3929
4073
3905
3676
3388
3607
3739
3460
3460
3179
3607
3254
3115
3851
3136
3189
3978
3670
3719
3385
3618
3284
3292
3313
3506
4022
3274
4007
3925
3610
3825
3466
3475
3202
3400
3623
3596
3159
3704
3861
3739
3243
3205
3502
3896
4090
4067
3623
3288
3219
3488
3251
3907
3269
3269
3929
3443
3892
4041
3315
3251
3898
3596
3522
4074
3805
3914
3085
3127
3429
3491
3315
3536
3859
3514
3089
3143
3994
3672
3514
3210
3142
3974
3805
3307
3888
3873
3859
3156
3512
3265
3909
3554
3888
3414
3784
3892
3229
3446
4038
4063
3647
3729
3787
3991
3402
3420
3085
4038
3532
3369
3269
3439
3766
3766
3807
3120
3572
3775
3672
3406
4085
3369
3840
3514
3514
3149
3576
3511
3591
3414
3162
3419
3409
3980
3094
4085
3996
3581
3325
3539
3967
3604
4000
3437
3437
3572
3572
3194
3604
3133
3759
4005
3840
3910
3741
3766
3157
3388
3840
3637
3369
3103
3340
3825
3690
3959
3224
3281
3686
3827
3197
3466
3234
3780
3428
3524
3483
3878
3953
3465
3581
3681
3484
3961
4070
4019
3354
3320
3757
3200
3827
3087
3847
3969
3817
3931
3158
3468
4065
3937
3287
3450
3450
3784
3466
3502
3740
3567
3900
3389
3323
4065
3786
3463
4013
4082
3183
3621
3377
3621
3243
3764
3675
4077
3950
3737
3610
3532
3325
3596
3226
3771
3919
3974
3107
3724
3959
3133
3582
3929
4082
4090
3275
3252
3514
3409
3851
3618
3517
3375
3443
3917
3388
4016
3418
3450
3407
3877
3462
3618
3498
3587
3466
3375
3078
3618
3293
3126
3234
3437
3297
3790
3880
3485
3485
3385
3241
3452
3398
3075
4007
3516
3450
3282
3074
3074
4076
3443
3549
3803
3115
3757
3525
3187
3320
3517
3859
3826
3471
3484
3743
3428
3516
3800
3883
3471
3685
3144
3665
3665
3428
3106
3998
3961
3469
4032
3208
3224
3164
3161
3606
3943
3771
4070
3833
3257
4007
3484
3822
3822
3844
3914
3901
4039
3365
3847
4076
4048
3209
3606
3390
3116
4048
3074
3164
3959
3602
4083
3337
3836
3171
3429
3420
3367
3711
3367
3100
3657
3372
3716
3678
3136
3685
3685
3685
3800
3517
3685
3969
3413
3260
3260
3984
3260
3685
3289
3573
3443
3685
3685
3810
3970
3672
3235
3380
3505
3778
3925
3890
3715
3161
3554
3855
3462
3883
3466
3805
3602
3949
3763
3780
3856
3730
3567
3993
3485
4092
3787
3456
3783
3505
3419
3264
3287
3468
3691
3209
3281
3137
4000
3619
3354
3144
3765
3287
3949
3687
3709
3516
3781
3663
3470
3363
3578
3686
3476
3651
3466
3870
3354
3492
4055
3632
3883
3724
3284
3893
3198
3739
3903
3450
3478
3477
3788
3740
4007
3847
3675
3175
3942
3847
3447
3710
3416
3480
3189
3945
3621
3620
3763
3894
3393
3739
3541
3512
3577
3686
3202
3183
3123
3348
3997
3126
3409
3243
3409
3870
3924
3739
3831
3847
3671
3218
3424
3585
3870
3672
4074
3100
3100
3575
3674
3719
3591
3763
3447
3670
3742
3854
3775
3175
3094
3219
3922
3775
3422
3269
3669
3887
3675
3463
3726
3499
3522
3248
3387
3573
3917
3366
4030
3575
3577
3243
3301
3797
3389
3307
3929
3251
3623
3491
3955
3414
3837
3732
3602
3210
3787
3130
3290
3913
3290
3741
3110
3215
3710
3669
3669
3193
3883
3226
3618
3672
3080
3340
3242
3526
3541
3772
3542
3706
3876
3143
3963
3837
3313
3396
3280
3538
3657
3133
3557
3512
3426
4056
3434
3735
3547
3514
3400
3766
3114
3248
3133
3567
3763
3369
3180
3264
3257
3766
3252
3572
3604
3157
3548
3087
3369
3369
3157
3264
3766
3766
3919
3133
3400
3369
3910
3523
3119
3892
4067
3576
3159
3148
3743
3912
3415
3148
3719
9222
4872
5112
4418
4410
4834
5081
4487
5010
4952
4947
4710
5119
5081
4789
4916
4097
4834
5063
4242
4970
4670
4555
4965
4909
4137
4965
4917
4697
4507
4549
4390
4334
4549
5103
4319
5012
4560
5095
4537
4119
4856
5109
4802
4937
4433
5032
4429
4788
4558
4418
5063
4421
4526
4748
4267
4179
4637
5103
4240
4210
4267
4744
4124
4251
4350
4928
5006
4451
4433
4564
4652
4428
4803
4124
4924
4283
4870
5103
4397
4741
4366
4365
4124
5021
5005
5039
4554
4240
4512
4487
4487
4347
4549
4756
5057
4278
5056
5027
4526
4407
4098
4284
4915
4277
4103
4418
4292
4687
4099
4789
5045
4439
4732
4179
5077
4686
4373
4281
4686
4402
4786
4721
4819
4233
5039
4977
4573
4786
4302
4244
4410
4339
5046
4242
4583
5077
4598
4826
5010
4664
4664
5107
4412
4133
4283
4549
4305
4998
4549
4836
4121
4508
4643
4334
4233
4317
4502
4745
4415
4820
4234
4165
4271
5007
4791
4791
4583
4364
4527
4360
4196
4660
4455
4408
4488
4864
5003
4298
4111
4430
4706
4824
4731
5043
4551
4949
4853
4168
4356
4928
4316
4544
4732
5063
5067
4361
4211
4728
4792
4946
4526
4298
5067
4497
4728
4457
4355
4740
4583
4454
4946
4528
4224
4224
4554
5007
4942
4289
4701
4997
4132
4928
5031
5077
4562
4800
4246
4820
4408
4376
4960
4561
4125
4337
4482
4948
4826
4896
4501
4501
4501
4198
4399
4791
4792
4914
4254
4800
4869
4277
4360
4914
4505
4706
4627
4376
4748
5041
4153
5003
4173
4175
4144
4319
4192
4319
4319
4319
4501
4561
4899
4161
4948
4618
4875
4948
4226
4248
4673
4678
4254
4948
4610
4519
4801
4463
4753
4660
4136
4856
4470
4386
4304
4427
5039
4891
4904
4339
4194
4133
4322
4881
5051
4935
4650
4177
5104
4881
4755
4637
5006
5075
4613
4881
4285
4549
4670
4820
4879
4173
4663
4881
4767
4851
4774
4416
4561
4516
4482
4291
4274
4469
4833
5111
5104
4410
4519
4153
4490
5018
4456
5114
5056
4099
4864
4739
4889
4124
4900
4910
4997
4904
4650
4796
4758
5061
5006
4337
4628
4493
5018
4796
4656
4627
4676
4650
4893
4946
4408
4899
4972
4612
4232
4460
4179
4487
4314
4613
4256
4485
4687
5105
5081
4559
5107
4177
4149
4468
4971
4616
5003
4726
4884
4428
4808
4966
4744
4289
5113
4680
4816
4355
5028
4316
4512
4716
5091
4226
4316
4882
4928
4273
4933
5104
4738
4129
4973
4312
4146
5111
4841
4502
4133
5105
5105
5082
4752
4751
4839
4872
4287
4133
4665
4979
4846
4516
4621
4139
5103
4339
5104
4586
4341
4323
4640
4711
4342
4194
4928
4400
4174
5029
4331
4763
4133
4620
5105
4854
4468
4894
4894
5039
4925
5082
4560
4250
4912
4249
4703
4403
4827
4947
4947
4834
4342
4500
4468
4147
4704
4194
5112
4884
4725
4508
4763
4593
4704
4480
4789
5081
4469
4542
4686
4459
5105
4242
4500
4961
4133
4896
4275
4103
4285
4770
4549
4258
4539
4895
4845
4739
4705
5068
4511
5091
4804
4774
4741
4516
4397
4138
4933
4928
4891
4743
4509
4558
4140
4097
4421
4745
4315
4100
5064
4537
4637
4260
4709
4872
4998
4121
4167
4247
4519
4394
4894
4322
4549
4808
4616
4816
4918
4274
4486
4573
4385
5075
4513
4103
4480
4806
4342
4684
4124
4124
5020
4623
4516
4955
5079
4184
4299
4479
4454
4243
4258
4108
4704
4663
4556
4242
4456
4205
4121
4949
4851
4583
4501
4536
4609
4185
4313
4645
4943
4192
4845
4681
4470
4653
4315
4111
4449
4470
4745
4286
4322
4202
4721
4846
4456
4620
5011
4884
4598
4627
4203
4946
4973
4335
4954
4485
4784
4346
4157
4335
4776
5020
4766
4544
5032
4528
4159
4826
4776
4139
4713
4893
4339
4117
4702
5007
4588
4967
4659
4379
4291
4977
5025
4315
4943
4131
4461
4843
5050
4776
5056
4953
4881
4458
5003
4584
4260
4478
4145
4101
4836
4816
4946
5013
5067
4349
4975
4196
4554
4544
4327
4618
5009
4591
4914
4315
5067
5029
4905
4189
4196
4928
4728
4224
4942
4727
4096
4289
4816
5100
5063
4594
4740
5025
4779
4435
4673
4958
4957
4653
4646
4335
4346
4673
4258
4447
4904
4562
4189
4592
4676
4665
4254
4618
4337
4254
4629
4526
4784
4244
4665
4151
4211
4254
5065
4216
4629
4623
4653
4254
4609
4476
4254
4948
4536
4610
4345
5038
4592
4827
4572
4556
4556
4202
4408
4455
4965
