9217
9218
306
1002
600
1002
705
1002
600
1002
600
1002
1002
705
705
338
1002
600
1002
600
1002
600
1002
600
1002
600
1002
600
1002
1002
600
705
705
223
1002
600
1002
600
600
1002
600
1002
600
1002
600
1002
489
705
1002
1002
600
1002
600
705
338
384
384
1002
600
1002
600
1002
600
1002
600
600
1002
1002
600
1002
1002
705
338
384
1002
1002
600
600
1002
1002
1002
600
1002
1002
600
600
1002
338
705
338
384
772
1002
253
600
1002
600
705
705
608
384
772
1002
600
1002
674
705
674
674
563
386
674
825
674
674
386
674
223
386
384
384
384
600
1002
600
1002
600
1002
705
705
705
705
386
705
489
386
386
384
608
772
896
705
896
490
384
384
600
1002
600
1002
705
705
384
384
600
1002
600
1002
705
705
705
384
1002
1002
600
1002
1002
705
1002
600
1002
600
600
1002
600
705
705
705
705
384
1002
1002
1002
600
1002
292
705
705
292
705
386
386
386
108
384
772
1002
600
1002
705
1002
705
1002
384
1002
1002
600
705
674
384
600
1002
600
1002
600
1002
705
705
384
384
600
1002
1002
705
705
705
384
1002
600
1002
1002
705
705
386
248
384
1002
600
1002
600
1002
705
705
563
384
384
1002
600
1002
705
705
386
386
384
384
1002
705
705
422
422
1020
705
705
384
772
1002
600
705
705
384
384
1002
600
1002
705
705
223
705
248
1002
600
1002
600
705
705
384
772
600
1002
600
874
705
705
705
384
772
600
1002
705
238
705
384
1002
248
600
1002
600
1002
705
705
705
711
384
772
772
432
896
1002
674
1002
674
705
674
705
489
386
386
386
384
772
238
772
238
674
201
674
272
674
563
674
674
223
386
705
384
384
772
772
772
600
1002
600
1002
600
880
37
880
37
880
37
37
880
37
37
37
880
37
880
37
880
37
37
37
880
880
37
37
37
37
880
37
37
880
37
880
37
880
880
705
705
37
880
384
1002
608
1002
896
705
563
896
896
705
600
1002
600
1002
600
740
1002
705
705
384
495
600
600
1002
910
910
910
1002
818
910
248
910
818
818
818
818
910
818
910
705
386
386
386
740
688
386
386
611
386
386
386
386
386
386
386
386
386
108
384
384
1002
600
1002
705
384
1002
1002
600
1002
600
1002
600
600
1002
600
600
600
1002
600
1002
600
705
705
384
600
1002
600
1002
600
1002
600
705
705
705
611
705
223
705
384
384
772
1002
600
1002
600
1002
600
1002
600
906
9219
1123
2045
1590
1526
1828
1467
1367
1813
1754
1123
2014
1910
1828
1565
2014
1789
1867
1175
1764
1427
1828
1307
2014
1255
1565
1782
2014
2045
1910
1576
1661
1290
1256
1174
1993
1217
1193
1728
1785
1785
1728
2045
1677
1594
1759
1029
1782
1307
1973
2045
1307
1828
2017
1046
1535
1638
1567
1222
1728
1525
1222
1681
1828
1753
1330
1973
1358
1535
1178
1864
1789
1980
1307
1973
2045
1925
1798
1696
1055
1103
1737
1427
1307
2045
1868
1416
1258
1915
1758
1705
1739
1307
1806
1719
1636
1980
1980
1719
1525
2024
1728
1912
1604
1791
1746
1882
1977
1533
1719
2024
2024
1469
1806
1806
1178
1689
1391
1968
1330
1678
1806
1953
1636
1636
1636
1521
1467
1327
1174
1855
1418
1231
1443
1933
1646
1576
1166
1710
1178
1646
1576
1576
1576
1318
1535
1932
1546
1343
1825
1983
1994
1105
1631
1327
1327
1871
1535
1797
1535
1327
1327
1327
1410
1174
1896
1755
1931
2003
1392
1460
1521
1521
1410
1557
2003
1632
1939
1344
2044
1351
1351
1351
1961
1961
1961
1351
1674
1867
1635
1755
1557
1583
1261
1755
1755
2003
1931
1755
1755
1964
1392
1557
1755
1755
2014
1409
1996
1669
1996
1743
1391
1096
1533
1581
1344
2036
1680
2031
1637
1860
1666
1947
1937
1318
2031
1860
1880
1470
1479
1479
1479
1985
1984
1867
1860
1993
1159
1631
1406
1730
1932
1880
1156
1824
1880
1973
1969
1937
1101
1734
1387
1984
1387
1868
1464
1409
1243
1480
1480
1831
1831
1410
1780
1815
1788
1880
1470
1470
1479
1479
1638
1533
1374
1984
1354
1535
1410
1664
1896
1664
1161
1583
1558
1354
1635
1635
1635
1896
1283
1465
1475
1437
1283
1056
1661
1942
1534
1250
2017
1993
1211
1479
1984
1387
1387
1094
1409
1094
1480
1689
1942
1528
1880
1880
1880
1828
1828
1937
1782
1280
2001
1702
1867
1583
1269
1961
1480
1861
1993
1996
1998
1993
1867
1764
1931
1844
1844
1351
1351
1637
1998
1048
1637
1048
1585
1234
1783
1404
1315
1344
1277
1606
1714
1480
1057
1480
1585
1368
1794
1557
1969
1368
1585
1767
1861
1209
1209
1209
1794
1088
1635
1755
1397
1969
1755
1397
1700
2003
1814
1814
2032
2032
1801
1882
1808
2024
1612
1857
1931
1775
1557
1491
1980
1806
1500
1612
1892
2003
1481
1857
1886
1636
1806
2024
1612
1841
1297
1743
1641
1641
1367
1930
1167
1857
1346
1500
2024
1710
1912
1877
1555
1584
1920
1330
1681
1672
1784
2024
1734
1784
1839
1915
1297
1104
1998
1694
1206
1973
1868
2024
1877
1273
1851
1051
1188
2017
1051
1280
1996
1681
1427
2031
1307
1837
1565
1784
1837
1565
1588
1588
1892
1815
1759
1780
1280
1671
1353
1932
2027
1470
1081
1575
1920
1105
1718
1599
1985
1059
1664
2003
1557
1755
2003
1764
1755
1867
1709
1410
1709
1112
1112
1031
1031
1031
1998
1998
2017
1998
1764
2017
1764
2017
1056
1631
1418
1059
1460
1051
1664
1664
1664
1664
1460
1635
1912
1039
1283
1490
1475
1770
1387
1061
1942
1599
1312
1779
1438
1828
1937
1937
1479
1479
1387
1387
1243
1243
1480
1212
1880
1880
1438
1937
1937
1599
1599
1312
1387
1784
1243
1480
1599
1312
1880
1438
1937
1937
1599
1770
1974
1779
1438
1875
1730
1932
1932
1789
1438
1937
1937
1599
1312
1779
1438
1438
1480
1480
1480
1880
2034
2034
1788
2035
1554
1770
1387
1776
1243
1718
1599
1880
1985
1880
1587
1969
1968
1491
1519
1057
1231
1094
1406
1406
1480
1599
1312
1974
1438
1937
1217
1497
1166
1794
1680
1680
1680
1391
1391
1860
1475
1475
1475
1475
1475
1209
1861
1861
1861
1861
1861
1861
1861
1861
1861
1861
1283
1166
1283
1283
1283
1283
1277
1315
1277
1315
1315
1714
1714
1896
1368
2034
1622
1895
1857
1181
1955
1622
1895
1780
1104
1742
1270
1290
1284
1284
1354
1664
1521
1652
1896
2003
1284
1755
1664
1655
1325
1612
1806
1936
1564
1800
1950
1936
1874
1535
1806
1838
1391
1915
1555
1555
1782
1565
2042
1936
1584
1860
1567
1915
1820
1455
1782
1250
1828
1136
1081
1555
1915
1028
1765
1533
1381
1178
1621
1612
2031
1560
1749
1612
1217
1725
1564
1660
1993
1800
1755
1860
1403
1813
2003
1565
1696
1764
1584
1655
1500
1749
1612
1584
1953
1500
1860
1935
1584
1564
2031
1270
1636
1500
2024
1852
1263
9220
3070
2071
2257
2184
2979
2940
2383
3070
2250
2105
2346
2715
2260
2993
2746
2921
2801
2498
2723
2868
2817
2095
2321
2498
3045
2762
2949
2640
2859
2490
2727
2749
2921
2103
2186
3064
3064
2256
2269
2450
2459
2967
2883
2880
2791
2721
2631
2106
2450
2159
2143
2681
2646
2510
2938
2111
2635
2487
2170
2404
2940
2594
2631
2727
2463
2516
2761
2438
2442
2516
2883
2256
2269
2127
2549
2463
2439
2712
2179
2722
2945
2626
2673
2127
2536
2459
2106
2622
2295
3019
2269
2756
2186
2926
2137
2159
2214
2448
2967
2884
2214
3010
2493
2105
2527
2771
2374
2774
2492
2137
2113
2111
2967
2309
2445
2290
2933
2719
2186
2622
2214
3063
2716
2137
2127
2435
2938
2380
2712
2363
2493
2833
3011
2443
2962
2249
2565
2962
2851
2479
2958
2179
3025
3025
2630
2858
2743
3068
2690
2861
2443
2283
2168
2787
3036
3021
2746
2752
2179
3047
2090
3046
2283
2360
3011
2926
2516
2123
2459
2257
2968
2134
2905
2905
2860
2498
3021
2850
3057
2283
3015
2105
3015
2589
3015
2457
2589
2850
2210
2607
2344
2637
3021
2452
2309
2677
2195
2521
2279
3042
2557
2628
2343
2649
2746
3070
3012
2817
2945
2561
2156
2259
2126
2890
2273
2313
2058
2176
2283
3057
2552
2709
2255
2854
2433
2457
2565
2743
2338
2787
2787
2182
2101
2971
2061
2061
2402
2591
3068
2787
2089
2089
3070
2101
2101
2320
2457
2967
2807
2061
2380
2983
2730
2715
2644
2547
2105
2380
2179
3066
2829
2665
2579
3070
2564
2562
2658
2547
2101
2860
2787
2089
2601
2429
2705
2645
2937
2516
2670
2234
2243
2741
2460
2557
2619
2234
2243
2963
2845
2156
2937
2124
3015
2744
2876
2060
2320
2498
2463
2859
2614
3006
2156
2101
2730
2730
2179
2463
2825
2168
2860
2372
2937
2983
2730
2192
2143
2862
2652
2945
2642
2958
2516
2309
2595
2360
2637
2829
2665
2637
2724
3023
2645
2168
2182
2207
2825
2176
2825
2695
2061
2176
2531
2404
2697
2283
2746
2333
3015
2876
2497
2863
3047
2398
2607
2398
2462
2829
2940
2825
2890
2660
2971
2876
2697
2997
2695
2724
2054
2266
3065
2324
2180
2850
3063
2972
2990
2225
2928
2848
2844
2609
2259
2463
2177
2787
2457
2300
2064
2121
2608
2457
2249
2424
2650
2143
2062
2851
2121
2612
2791
2424
2787
2149
2297
2259
2064
2195
2720
2528
2841
2638
2528
2300
2300
2459
2149
2958
2300
2188
2613
2673
2307
2727
2591
2989
2646
2756
2506
2147
2723
2635
2307
2723
2581
2489
2746
2733
2178
2883
2721
2984
2492
2723
2300
2255
2738
2506
2492
2229
2953
2307
2147
2186
2938
3066
2186
2178
2722
3046
2350
2162
2177
2344
2939
2057
2701
3021
2932
2485
2765
2589
2623
2581
2837
2670
3000
2701
2048
2097
2591
2626
2253
2860
2608
2608
2115
2665
2126
2860
2257
2383
2983
2717
2746
2459
2966
2983
2983
2344
2399
2915
2841
2890
3021
3021
2133
2121
2589
2544
2589
2460
3021
2249
2426
2179
2182
2871
2743
2560
2770
2770
2459
2752
2952
2126
2459
3068
2434
2787
2608
2701
2440
2987
2253
2987
2100
2661
2382
2701
2652
2253
2338
2497
2440
2868
2673
2048
2253
2787
2752
2440
2701
2652
2253
2338
2497
2937
2874
2715
2997
2761
2787
3006
2382
2623
2498
2253
2787
2497
2868
2715
2715
2997
3068
2787
2608
2937
2619
2459
2672
2944
2314
2608
2701
2623
2253
2665
2644
2937
2916
2701
2952
2613
2498
2608
2390
2407
2371
2983
2674
2322
2787
2752
3023
2830
2652
2647
2709
2608
2433
2888
2982
2527
2855
2482
2430
2744
3066
2613
2726
2952
2772
2772
2109
3015
2429
2090
2746
2772
2771
2772
2644
2772
2200
2218
2179
2772
2863
2772
2772
2100
2746
3038
2512
2521
2219
3023
2165
2122
2912
2906
2801
2912
2949
2463
3022
2425
2783
2217
3039
2601
2516
2283
3063
2940
2516
2693
2463
2309
2619
2411
2511
2267
2311
2249
2082
3039
2430
2321
2105
2166
2670
2133
2209
2528
2980
2932
2459
2467
3000
2300
2147
2445
2552
2459
3000
3047
2528
2815
2655
2736
2844
2344
2928
2260
2057
2435
2723
2630
2916
2689
2525
2149
2856
2064
2249
2701
2259
2635
2630
3063
2064
2746
2352
2940
2949
2699
2557
2661
2255
2880
3039
2856
2796
2143
2994
2933
2746
2918
3035
2936
2064
2983
3039
2916
2466
2262
2447
2535
2883
9221
3414
3581
3900
3137
3381
3339
3236
3400
3104
3780
3796
3669
3192
3669
3265
3796
3238
3906
3327
3878
3900
3440
3877
3767
3930
3930
3905
3502
3702
3402
3663
3949
4022
3236
3580
3654
3517
4095
3657
3375
3896
3813
3375
3654
3630
3251
3183
3502
3836
3813
3857
3253
4095
3986
3314
3898
3805
3104
3502
3593
3309
3104
3464
3351
3251
3098
3883
3235
3104
3072
4084
3074
3104
3266
3104
3665
3772
3787
3109
3530
3813
3669
3303
3781
3116
3860
3208
3266
3468
4067
3074
4095
3266
3094
3094
3930
3629
3665
3665
3665
3480
3771
3527
3795
3471
3903
3389
3310
3240
3096
3892
4024
3771
3786
3178
3657
4067
3193
3898
3329
3245
3219
4093
3961
3818
3593
3720
3809
3773
3625
3809
3208
3788
3556
3763
3104
3833
3514
3780
4082
3763
3153
3872
3930
3917
3208
3773
3101
3796
3597
3171
3339
3339
3763
3872
3741
3881
3780
3393
3865
3944
3944
3420
3225
3526
3495
3978
3502
3909
3343
3663
3078
3340
4006
4077
3927
3521
3551
3845
3980
3844
3289
3258
3510
4008
3079
3337
3390
4052
3154
3933
4077
3802
3388
3802
3802
3758
3450
3880
3477
3506
3952
3600
3450
3660
3389
3585
3096
3430
3834
3246
3185
3521
3248
3883
3855
3294
3081
3082
4004
3552
3834
3982
3439
3339
3885
3394
3467
3737
3581
3998
3484
3156
3757
3232
3882
4090
3321
3581
4013
3597
3422
3849
3849
3115
3422
4088
3649
4063
3998
3998
3757
3549
3681
3200
3538
3484
3849
3757
3843
3826
3558
4079
3547
3802
3080
3171
3826
3826
4013
3833
3109
3780
3502
3339
3336
3104
3282
4039
3366
3802
3171
3865
3592
3940
3715
4056
4041
3917
3339
4014
4073
3803
4045
3740
3517
3517
3812
3659
3821
4013
3812
3384
4074
3675
4093
3739
3200
3877
3422
3930
3849
3484
3757
3468
3171
3983
3200
3200
3680
3171
3558
3455
3104
3120
3997
3422
3796
3383
3760
3300
3942
3094
3270
3502
3120
4004
3704
3526
3094
3428
3620
3872
3517
3839
3244
3104
3500
3120
3628
3422
4035
3870
3739
4056
3390
4036
3552
3822
3872
3327
3735
3690
3225
3867
3831
3727
3868
3398
3378
3907
3791
3966
3596
4053
3450
3890
3927
3333
3253
3200
3602
3251
4004
3610
3119
3620
3107
3504
3327
3111
3226
3107
3171
3200
3458
3929
3704
3424
3260
3119
3248
3253
3775
3685
3096
3480
3581
3377
3741
3471
3851
3351
3327
3253
3253
4013
3601
3581
3819
3502
3889
3929
3619
3845
3253
3984
3251
3336
3939
3786
3665
3187
4091
3919
3764
3080
3868
3253
3813
3945
3339
4077
3751
3197
3525
3819
3987
3576
3831
3639
3649
4069
3729
3729
3831
3621
3593
3844
3825
3280
3935
3690
3970
3377
3104
3410
3321
3854
3208
4090
3739
3663
3185
3821
3156
3502
3237
3166
3315
3878
4042
3791
3641
3739
3802
3757
3284
3586
3502
3315
3931
3095
3931
3183
4073
3619
4042
3104
3822
3822
4000
3215
3994
3557
3659
3104
4077
3976
3979
4042
3931
3450
3690
3175
3611
3305
3081
3161
3581
3171
3200
4013
3685
3554
3586
3681
4081
4013
4074
3704
3637
3757
3440
3947
3532
3430
3998
3377
3622
3611
4074
3399
3399
3175
3660
3549
3538
3685
3685
3685
3541
3685
3781
4081
3399
3930
4081
3580
3681
4081
3427
3215
3339
3796
3796
3781
3796
3999
3611
3685
3685
3650
4081
3694
3637
3580
3399
3166
3674
3843
3447
3778
4019
3580
3200
3484
3107
3082
3080
3977
3757
3199
4050
3832
3296
3478
3934
3292
3660
4045
3151
3661
3681
3426
3082
3812
3797
3682
4074
3606
3149
3422
3993
3654
3650
3650
3650
3373
3872
3281
3347
3201
3799
3707
3428
3107
3694
3555
3414
3217
3682
3581
3189
3738
3145
3538
3343
3977
3265
3787
3470
3639
3868
4029
3880
3855
3634
4005
3377
3868
4077
3600
4093
4077
3437
3111
3428
3621
3197
3252
3339
3933
3680
3339
3698
3698
3383
3727
3504
3517
3924
4008
3104
3532
3947
4056
3854
3933
3773
3767
3669
3096
3156
3414
3947
3398
3201
3883
3176
3104
4065
3912
4052
3327
3883
3403
3178
3096
3576
3178
3348
3452
3883
3738
3712
3241
3611
3934
3796
3208
3685
3851
3799
3611
3611
3685
3611
3197
3096
3630
3773
3872
3851
3450
4013
3600
3804
3288
3335
3971
4014
3916
3611
3459
3641
3256
3737
3485
3325
3685
3685
4051
3580
4094
3183
3177
3763
3779
3963
3685
9222
4223
4878
4407
4562
4878
4764
4230
4829
4841
4856
4439
4349
4243
4405
4954
4300
4546
4593
4175
4621
5050
4175
4788
4803
4917
4121
4137
4189
4768
5010
4866
4891
4126
4236
4997
4352
4239
4744
4645
4510
4721
4723
4468
4853
4189
4977
4904
4177
4904
4509
4476
4274
4826
4937
4869
4382
4894
4619
4645
4645
4468
5046
4648
4122
4946
4946
5074
4197
4402
4196
4455
5028
4813
4555
4873
4576
4619
5056
4137
4201
4741
4698
4326
4317
4605
4878
4721
4619
4824
4096
4730
5078
4906
4388
4422
4977
4480
4196
4418
4646
5113
4967
4506
4639
4149
4374
5113
5025
5075
4220
4299
4211
4418
4471
4779
4193
4222
4907
4430
4878
4621
4958
4618
4988
4549
4468
4122
4601
4122
4468
5025
4437
4194
5028
4274
5117
4801
4845
4980
5028
4117
5107
4165
4980
4945
4703
4651
4241
4486
4784
4990
4379
4396
4114
5025
4293
4175
4843
4784
4397
4346
4656
4978
4426
4746
4628
4221
4745
4122
4314
4318
4248
4521
4621
4249
5028
4919
5028
4435
4892
4894
5018
4314
4379
5117
4126
4108
4495
4258
4770
4285
5105
4305
4150
4181
4346
4103
4346
4795
4414
4892
4313
4315
4583
4705
4385
5093
4755
4355
4687
5005
4916
4274
4136
4733
4641
5109
4941
4534
4330
4826
4904
4854
4956
4413
4130
5028
4754
4987
4098
4741
4455
4441
4177
4412
4285
4511
5054
4122
4248
4468
4897
4936
4699
4733
4980
4127
4710
4391
4474
4846
4478
4838
4731
4161
4334
4564
4563
4820
4973
4618
4337
5056
4733
4845
4845
4731
4650
4137
4430
4650
4650
5088
4553
4766
4455
4680
4494
5023
4911
4442
4244
4864
4661
4285
4795
5105
4763
4665
4890
4289
4250
4881
4640
4468
4897
4177
4437
5065
4259
4387
4210
5043
4253
4838
4788
4731
4274
4609
4423
4185
4636
4741
4161
4640
4845
4845
4562
4374
4197
5012
4828
4559
4587
4684
4881
4965
4457
4875
4795
4350
4894
4743
4508
4843
4987
4965
4302
4414
4862
4643
4784
4142
4258
4733
4788
4398
4315
4588
4937
4861
4519
4313
4353
4621
4387
5050
4353
4534
4364
4258
4185
5112
4775
5059
4919
4145
4510
4894
4496
4543
4364
4157
4391
4561
5036
4820
4455
4692
4234
4919
4860
4444
4488
4791
4659
4250
5024
5077
4168
5042
4119
4127
4878
4562
5086
4122
4414
4881
5011
4791
4355
4487
4551
5043
4967
4562
4860
4511
4567
4990
4795
4364
4830
4355
4234
4108
4098
4285
4424
4846
4238
4904
4592
4366
5005
4526
4244
4122
4509
4748
4353
4389
4921
4422
4554
5046
4609
4474
4797
4430
4797
4494
4226
4831
4911
5096
4221
5018
4468
4257
4522
4813
4751
4696
4122
4716
5005
4733
4949
4593
4484
4414
4705
4705
4143
5023
4210
4717
4234
4741
4283
4941
4937
4893
4429
4838
4396
4965
4334
4852
4889
4873
4285
4374
4684
4561
4328
4702
4690
4650
4706
4937
4414
4713
4205
4494
4289
4732
4507
5042
4510
5033
4429
4149
4799
4593
4884
4559
4242
4242
4220
5011
4460
4165
4792
4653
4780
4177
4885
4833
4561
4900
4418
4177
4881
4732
4845
4151
4194
4177
4465
4647
4194
4208
4947
4194
4935
4217
4767
4900
4965
4194
4194
4935
4824
4194
4177
4702
4455
4744
4881
4194
4250
4334
4194
4845
4843
4194
4977
4175
4483
4906
4519
4176
4194
4965
4512
4194
4314
4767
4194
4935
4234
4891
5022
4845
4881
4893
4536
4106
4151
4699
4255
4203
4126
4302
5023
5010
4234
4161
4873
4414
4411
4906
4510
4845
4856
4567
4733
4719
4369
4369
4437
4416
4194
4759
4530
4702
4956
4969
4640
4465
4987
4126
5011
4509
4446
4369
4893
4936
4230
4432
4181
4544
4177
4578
4470
5022
4440
4443
4546
4443
4873
4183
4209
4419
4743
4465
4977
4511
4593
5022
4183
4119
4482
5009
4990
5041
4289
4705
4927
4589
4706
4296
4414
4983
4175
4455
5013
4468
5025
4494
5020
4334
4695
4620
4151
4795
4536
4197
4695
4536
4827
4358
4738
4221
4904
4414
4905
4198
4374
4125
4506
4583
4109
4315
5069
4503
4430
4720
4227
4592
5081
4468
4988
4946
4411
4946
4946
4946
4946
4592
4722
4904
4904
4530
5023
4439
4203
4969
4578
4838
4787
4581
4751
4925
4383
4938
5013
4695
4457
4911
4285
4678
4919
4545
4831
4172
4285
4219
5107
4536
4506
4423
4198
4903
4106
4510
4661
4510
4098
5075
5113
5082
5037
4422
5082
4285
4285
4729
