9217
9218
194
668
668
482
791
834
105
274
274
659
372
774
902
446
279
202
467
205
414
914
320
459
5
435
331
105
275
275
828
774
828
951
435
444
419
774
774
774
902
50
53
568
895
48
44
44
51
51
21
685
543
17
723
888
979
79
372
232
119
551
231
324
979
659
79
79
902
95
279
262
540
719
873
873
680
902
861
279
961
540
493
16
873
680
680
109
341
568
895
326
44
516
38
38
1008
505
202
540
540
414
873
901
680
185
907
671
105
419
828
774
372
902
519
897
568
895
48
326
44
51
146
247
776
791
444
419
979
979
79
79
36
951
671
231
419
979
848
79
79
902
128
279
202
467
467
414
16
914
680
685
748
834
17
802
802
222
416
644
861
970
540
205
414
914
680
680
680
676
53
895
48
326
44
516
146
68
622
175
138
953
1010
953
230
416
416
342
721
202
467
205
414
914
680
680
691
505
970
540
205
414
414
680
680
503
53
895
535
326
516
44
68
632
247
547
236
356
540
205
914
914
680
947
505
958
62
447
151
20
859
20
889
629
521
629
662
629
662
662
629
662
662
521
551
629
662
629
662
629
629
257
1008
236
262
540
137
16
859
256
680
429
609
895
535
326
44
516
632
68
340
991
17
735
433
244
433
735
433
685
748
834
433
735
433
93
433
788
788
128
279
202
467
493
414
414
680
680
791
435
444
419
274
71
71
71
788
1008
721
970
540
205
873
901
680
680
1008
505
202
593
467
255
276
473
929
459
5
5
776
802
802
816
145
416
673
53
568
895
326
44
516
146
68
632
776
991
17
1010
848
975
975
142
121
951
368
989
641
618
529
529
963
416
850
737
236
355
540
914
914
680
680
691
505
202
467
255
414
914
459
680
473
618
5
17
230
145
802
618
121
263
505
202
467
205
414
914
914
680
553
685
5
17
953
802
125
527
416
121
676
609
895
48
841
516
146
68
146
230
991
17
953
1010
953
975
130
244
685
926
478
989
290
667
145
963
145
527
691
265
970
448
540
414
414
414
680
947
926
478
667
630
230
802
527
121
861
704
355
205
414
914
680
680
492
263
279
202
467
467
414
914
473
473
553
5
5
17
1000
802
802
416
802
121
676
609
895
48
841
516
146
68
146
685
991
17
618
1010
953
953
230
230
951
671
9219
1369
1798
1798
1759
1759
1094
1966
1759
1759
1048
1558
1759
1287
1159
1979
1287
1287
1287
1352
1955
1955
1966
1998
1835
1188
1788
1905
1682
1585
1966
1966
1368
1368
1831
1696
2017
1104
1188
1694
1979
1696
1594
1167
1104
2015
1345
1899
1895
1980
2045
1705
1925
1925
1925
1587
1519
1519
1914
1914
1955
1317
1895
1209
1960
1905
1905
1955
1966
1966
1960
1905
1905
1945
1966
1371
1696
1981
1835
1868
1785
2017
1291
1291
1974
1606
1209
2007
1682
1993
1436
1696
1905
1896
1896
1896
1896
1714
1960
2046
1209
1392
1664
1977
1977
1641
1641
1641
1324
1324
1324
1324
1324
1924
1924
1298
1995
1427
1998
1925
1427
1914
1588
1949
1993
1925
1759
1914
1159
1587
1835
1589
1519
1720
1104
1558
1412
1998
1940
1945
1564
1982
1867
1960
1966
1945
1945
1905
1960
1587
1966
1945
1955
1884
1545
2015
1104
1167
1167
1270
1351
2007
1936
1351
2007
1209
1974
2007
1895
1622
1589
1720
1051
1638
1709
2017
1179
1291
1057
1993
1291
1759
1960
1720
1966
1835
1905
1764
1777
1636
1905
1914
1905
1966
1905
1955
1857
1300
1653
1689
1837
1263
1215
1448
1925
1882
1291
1998
1969
2025
1587
1914
1925
1746
1780
1622
1780
1167
1331
1899
1807
1675
1317
1160
1291
2017
1192
1160
2015
1051
1835
1780
1743
1188
1298
1924
1694
1188
1835
1720
1694
1181
1807
1857
1955
1694
1788
1764
1481
1481
1347
1920
1188
2015
1188
1588
1641
1641
1641
1324
1759
1331
1331
1331
1192
1404
1404
1188
1636
1771
1588
1588
1815
1815
1759
1481
1759
1720
1991
1104
1287
1592
1387
2045
1937
1828
1480
1480
1409
1387
1798
1937
1973
1048
1480
1409
1409
2032
1937
2028
2028
1535
2035
1949
1991
2025
1368
1661
1297
2031
1828
1603
1610
1880
1838
1387
2032
1937
1828
1669
1880
1661
1581
1369
1770
1263
1839
2017
1998
1831
2010
1770
1690
1880
1940
1840
1948
1734
1734
1734
1372
1387
1782
2031
1217
1860
1427
1669
1785
1785
1973
1391
1391
1159
1159
1759
1369
1968
1759
1798
1587
1694
1181
1317
1857
1857
1519
1969
1589
1831
1622
2025
2025
1969
1884
1884
2034
1788
1607
2034
1349
1947
2028
1481
1481
1481
1585
1991
1991
1991
1230
1576
1576
1479
1681
1472
1307
1406
1406
1828
1479
1828
1880
1936
1243
1258
1705
1782
1734
1669
1725
1930
1610
1159
1828
1828
1636
1480
1555
1782
1158
1782
1029
1993
1217
1588
1427
1860
1291
1291
1291
2001
1047
1291
1996
2017
1877
1391
1215
1500
1369
1689
1029
1215
1588
1636
1481
1636
1886
1094
1585
1587
1925
1955
1925
1955
1587
1955
1404
2017
1468
1192
1159
1759
1979
1798
1743
1588
1335
1587
1955
1835
1813
1838
1394
1448
1947
1722
1558
1759
2028
1209
1585
1588
1587
1585
1215
1103
1664
1332
1401
1406
1941
1814
1754
1915
1340
1947
1567
1874
1255
1348
1874
1824
1240
1661
1610
1369
1669
1217
1982
1860
1838
1998
1287
1287
1369
1426
1029
1707
1280
1831
1188
1764
1215
1892
1966
1426
1519
1920
1694
1896
1764
1587
1979
1969
1287
1287
1188
1588
1993
1759
1764
1192
1998
1681
1503
1193
1806
1782
1409
1567
1288
1860
1361
1945
1513
1669
1963
1936
1982
1288
1705
1391
1820
1860
1936
1491
1764
1982
1705
1558
1159
1636
2028
1892
1993
1287
2028
2032
1947
1960
1287
2035
1905
1743
1801
1966
1966
1666
1918
2028
1949
2028
1585
1589
1287
2028
1519
1905
1694
1896
1254
1984
1828
1936
2045
1828
1945
1945
1669
1832
1974
1960
1982
1982
1409
1820
1820
1480
1960
1960
1969
1945
2001
1094
1369
1217
1280
1188
1287
1661
1820
1820
1952
1785
1288
1759
1945
1966
1952
1860
1481
1835
1982
1636
1808
1808
1287
1857
1914
1815
1955
1968
1857
1217
1718
1820
1288
1838
1785
1808
2001
1969
1998
1764
1588
1886
1426
1554
1892
1291
1587
1743
1094
2001
1798
1969
1519
2034
1287
1188
2025
1554
1835
1815
2034
1998
1636
1882
1998
1968
1857
1636
1882
1955
1968
1857
1349
2046
1589
2024
1966
1982
1636
1955
1636
1955
1857
1955
1914
1860
1610
1974
1896
1993
1824
2028
1949
1722
1949
1263
1794
1892
1949
1694
1998
1920
1317
1980
1860
1860
1132
1369
1057
1159
1391
1291
1968
1588
1636
1759
1969
1287
1813
1330
1914
1094
1519
1969
1993
1798
9220
3047
2497
2212
2222
2525
2705
2591
2259
2584
2638
2638
3038
3000
2933
2967
2963
3008
2818
2818
2880
2788
2709
2279
2438
2936
2619
2332
2738
2738
2156
2935
3043
3043
2552
2133
2738
2293
2800
2465
2552
2323
2937
3000
2647
2815
2800
3008
2467
2884
2214
2770
2936
2137
2738
2454
2119
2119
2133
2815
2741
2544
2741
2854
2750
2190
2628
2190
2628
3008
2190
3008
2628
2968
2421
2411
2746
3008
2956
2247
2261
2966
2261
2659
2966
2261
2659
2261
2261
2744
2398
2659
2455
2868
2992
2371
2198
2347
2347
2462
2209
2462
3069
2462
2971
2198
2226
2717
2350
3000
2411
2097
2544
2243
2552
2818
2325
2762
2464
2147
2190
2862
2385
2119
2307
2057
2510
2628
2224
2450
2945
2097
2607
2791
2607
2771
2992
3014
2677
2933
2462
3051
2932
3028
2935
2933
2940
3057
2802
2971
2513
2224
2513
2727
2989
2317
2986
2661
2346
2247
2261
2261
2659
2815
2966
2261
2966
2968
2452
2360
3008
3000
2165
2107
2398
2659
2862
2966
2659
2701
2100
2818
2841
2800
2147
2826
2130
2234
2097
3008
2378
2941
2378
2378
2584
2800
2720
2464
2936
2680
2536
2224
2613
2331
2269
2771
2936
3046
2964
2459
2454
2454
2936
3034
2178
2677
2741
2546
2796
2788
2267
2771
2738
3009
2801
2252
2311
2535
2088
2209
2964
2717
2368
2877
2883
2467
2748
2976
2964
2815
2694
2877
3012
2800
2989
2575
2485
2791
2818
2800
2818
2439
2885
2765
2619
2990
2552
2411
2097
2191
2936
2119
3009
2907
2544
3009
2800
3009
2801
2801
2081
2481
2314
2877
2918
2985
2964
2344
2788
2709
2135
3044
2470
2352
3066
3006
2352
3047
2575
2352
2345
2575
2470
2345
3044
3066
2057
3044
2321
2944
3044
2689
3050
2347
2289
2935
2088
2320
2539
2997
2965
2206
2528
2665
3044
2470
2352
2848
2245
2352
3026
2511
2998
2345
2933
2859
2858
2897
2997
2459
2577
2154
2863
2577
2968
2904
2206
2156
2095
2665
2343
2383
2352
3044
2156
2111
2111
2557
2997
2064
2245
2374
2830
2830
2712
2936
3039
2130
2613
2884
3047
2119
2791
2232
2825
2644
2320
2095
2869
3023
3017
3017
2352
3017
2557
2619
2091
2440
2830
2347
2579
2874
2276
2607
2510
2756
3000
2818
2881
2789
2798
2539
2061
2623
2156
3057
2623
2557
2860
2061
2506
2470
2260
2749
2489
2352
2945
2720
2721
2048
2116
2311
2525
3010
2781
2179
2928
2088
2343
2351
2351
2753
2697
2613
2320
3046
2175
2557
2470
2283
2557
2470
2352
2936
2399
3035
2584
2613
2148
2638
2952
2767
2776
2147
2188
2801
2192
2262
2192
2192
2192
2192
2262
2192
2192
2192
2811
2192
2536
2616
2717
2434
2259
2343
2921
2147
2869
3039
3063
2956
2309
2926
2990
2811
2788
2148
3024
2462
3047
2354
2097
2531
2564
2393
2147
2511
2746
2430
2607
2539
2652
2404
2404
2775
2399
2433
2933
2345
2110
2577
2374
2192
2192
2192
2528
2245
2844
2192
2192
2192
2762
2192
3044
2767
2464
2844
2844
2246
2260
2868
2575
2848
2536
2767
2746
2378
2639
2945
2492
2439
3010
2928
2928
2470
2121
2952
2817
2260
2944
2942
2935
2649
2314
2462
2997
2459
2631
2886
2697
2590
2190
2393
2070
2818
2997
2635
2487
2297
2303
2224
3063
2118
2746
2421
2274
2921
2949
2206
2722
2756
2801
2421
2815
2965
2544
2652
2925
2175
2374
2936
2350
2862
2442
2907
2728
2485
2119
2601
2820
2949
3016
2097
2956
3000
2564
2619
2279
3008
3007
2952
2289
2788
2464
2356
2100
2320
2837
2048
2168
2464
2156
2701
2971
2659
2860
2608
2937
2937
2876
2626
3028
2672
2474
2735
2048
2088
2980
2226
3008
2818
2485
3000
2090
2401
2179
2243
2746
2818
2591
2147
3069
2243
3008
2544
2771
2123
2105
2989
2096
2800
2321
2926
2097
2148
3059
2714
2855
2206
3069
2665
2860
2726
3044
2470
2352
3044
2796
2860
2636
2575
2297
3065
2057
2665
2352
3044
2557
2352
2438
2575
2591
2097
2088
2470
2352
2944
2575
2264
2128
2600
2968
2332
2350
2746
2260
2884
2770
2314
2350
2638
2741
2378
2941
2525
2088
2818
2544
2049
2800
2769
2655
2485
2811
3005
2321
2182
2352
3044
2986
2148
3044
2792
2531
2079
2079
2470
2873
2949
2470
2764
2851
2433
2741
2936
2933
2064
2119
2968
2801
2936
2949
3044
2470
2240
2936
2252
2881
2945
2088
2881
2921
2425
9221
3621
3799
3452
3807
3826
3109
3557
3843
3800
3234
3622
3597
4093
3525
3330
3839
3778
3478
3422
3256
3592
3098
3933
3576
3376
3950
3126
3581
3276
3345
4074
3674
3276
3276
3276
3628
4010
3535
3914
3276
3292
3777
3977
3276
3747
3778
3987
3869
4070
3719
4067
3719
3426
3382
3728
3182
3487
3382
3727
3914
3933
3764
3499
3180
3310
3498
3313
3684
3862
3377
3862
3205
3469
3333
3674
3531
3542
3185
3727
3649
3953
3832
3649
3094
3440
3094
3094
3526
3812
3753
3447
3143
3242
4051
3592
3844
4006
3540
3540
3560
3504
3406
3913
3913
3743
4089
3940
3868
3868
3933
3933
3419
4072
3495
3924
3653
3580
3705
3898
3400
3303
3857
3317
3555
3631
3303
3896
3595
3822
3555
3111
3555
3896
3156
3468
3311
4043
3561
3561
3876
3644
3555
3235
3398
3327
3154
3918
3398
3585
3862
3327
3238
3406
4074
3585
3478
3111
3699
3690
3649
3949
4003
3684
3447
3511
3424
3881
3870
3511
3719
3719
3437
3372
3576
3735
3822
3440
4053
3526
3198
4051
3783
3715
3257
3367
3802
3802
3437
3506
3706
3426
3818
3951
3976
3133
3284
3772
3942
3535
3386
3375
3352
3425
3704
3623
3807
3943
3805
3154
3251
3805
3431
3638
3850
3903
3900
3268
3191
3903
3997
3739
3909
3292
3880
3464
3652
3967
3437
3963
3715
4039
4042
4039
3904
3111
3869
3690
3929
3095
3952
3933
3783
3704
3950
3202
3530
3576
3810
3704
3526
3425
3903
3891
3950
4042
3876
3933
3810
3530
3903
3437
3488
3903
3893
3869
3340
3870
3530
3183
3425
3947
3555
3471
3535
3198
4039
3335
3660
3790
4039
3875
3581
3310
3995
3147
3365
3995
3637
3276
3694
3590
3600
3942
3554
4090
3826
3786
3955
3826
3705
3272
3833
3881
3976
3904
3171
3986
3810
3532
3974
3624
3633
3974
3605
3107
3694
3590
3343
4073
3768
3258
3860
3096
3226
3117
3304
3644
3109
3543
3974
3810
3184
3168
3810
3468
3085
3093
3359
3549
3922
3451
3343
3274
3955
3532
4050
3094
3248
3606
3638
3588
3732
3313
3728
3728
3977
3831
3382
3856
3728
3771
3419
4038
3851
3622
3935
3166
3928
3085
3810
3530
3791
3606
3727
3530
3928
3822
3859
3183
3183
3642
3904
3904
3674
3259
3304
3304
3764
4036
4077
4065
3974
3654
3796
3740
3529
3138
3253
3754
3810
3305
3974
3166
3403
3529
3208
3109
3388
3257
3810
3266
3974
3310
3109
3307
3085
3514
3547
3634
3454
3541
3234
3585
3856
3740
3600
3945
3786
3459
3657
3393
3183
3356
3600
3600
3144
4065
3739
3309
3768
3256
4094
3567
3822
3223
3781
3340
3772
3365
3610
3198
3376
3644
3442
3744
3403
3270
3741
3657
3809
3896
3623
3925
3576
3807
3241
3810
3428
3521
3876
3095
3623
3558
3940
3933
3690
3622
3859
3924
3394
3903
3870
3951
3742
3526
3261
3201
3868
3389
3529
3359
3567
3454
3610
3993
4065
3305
3595
3381
3276
3310
4031
3495
3430
3359
3371
3120
3097
3547
3244
3644
3343
3783
3292
3654
3270
3856
3581
3933
3202
3306
3859
3938
3859
3470
3925
4093
3933
3241
3268
3963
3764
3787
3241
3810
3706
4004
3327
4056
3676
3933
3935
3294
3653
3513
3862
3491
3274
4089
3426
3751
3449
3689
3274
3156
4010
3531
3261
3218
4029
3389
3585
3945
3877
3274
3945
3621
3194
4010
3575
3194
3772
3837
4055
3628
3935
3218
3933
3937
3631
4052
3530
3585
3924
4067
3585
3805
3340
3585
3621
3474
3498
3500
4010
3847
3645
3158
3800
3552
3704
3083
3827
3585
3457
3771
3896
3256
3534
3308
3086
3660
3086
3376
3727
4045
3727
3384
3681
3388
3376
3086
3857
3896
3430
3320
3094
3328
3609
3323
3251
3807
4074
3441
3107
3081
3498
3790
3623
3237
3498
3609
3896
3585
3576
3516
3466
3797
3715
3182
3333
3409
3095
3307
3807
3870
3624
3532
3843
3624
3358
3974
3884
3712
3365
3977
3753
4022
3822
3790
3147
3495
3810
3530
3422
3812
3814
3482
3843
3373
3530
3974
3995
3268
3088
3868
3107
3313
3540
3540
3985
3974
3909
3788
3719
3094
3916
3909
3600
3644
3600
3764
3333
3095
3704
3095
3910
3950
3967
3095
3787
3967
3107
3974
3359
3603
3467
4094
3705
3437
3682
3595
3955
3600
3810
3887
3603
3967
3495
3929
3347
3115
3851
4038
3514
3307
3909
3929
3530
3514
3437
3632
3745
3928
3080
3810
3887
3974
3698
3724
3884
3739
9222
4373
4407
4640
4680
4841
4891
5075
4892
5095
4699
5094
4104
4737
4224
4819
4105
4484
5026
4105
4386
4738
4906
4436
4150
4665
4351
4983
4641
4346
4477
5114
4699
4474
4703
4250
4841
4265
4437
4215
4334
4606
4337
4373
4145
4985
5029
4249
4249
4547
4392
4099
4662
4324
4440
4488
5067
4616
4579
4972
4510
4705
5037
4660
4855
4973
4322
4485
4720
4510
5012
5012
4830
4855
4660
4606
4127
4899
4899
4758
4562
4202
4565
4302
4244
4813
4623
4733
4953
4302
4548
4895
4313
4728
4801
4942
4862
4942
4727
4727
4727
4558
4728
4477
4490
4313
4241
4999
4484
5052
4733
4835
4835
4875
4546
4477
4374
4751
4197
4660
4721
4366
4387
4660
4721
4660
4861
4905
4660
4720
4721
4660
4701
4705
4584
4705
4274
4562
4754
4363
4743
4743
4432
4748
4924
4924
5026
4663
4266
4829
4296
4924
4784
4924
4767
4821
5056
5079
5108
4396
4509
4399
5102
4414
4741
4852
4335
5109
4950
4283
4927
4705
5038
4313
4854
4362
4281
4541
4540
4292
4714
4861
4542
4924
4500
4384
4581
4335
4763
4971
4546
4917
4483
4134
4501
4170
4370
4914
4972
4931
4869
4733
4891
4957
5009
5029
4184
4561
4705
4239
4905
4748
4924
4366
4484
4720
4101
4822
5012
4751
4456
4456
4934
4170
5068
4589
4324
4519
4943
4891
4684
4431
4505
4905
4770
4497
4654
4889
4678
4629
5077
5118
5042
4127
4640
5031
5058
4410
4905
4985
4678
4324
5009
4625
5018
5020
4702
4477
4384
4099
4733
4835
4150
4702
4681
4684
5049
4505
4384
4889
5108
4875
4318
4624
4957
4119
4624
4624
4705
5108
4470
4172
4485
4895
4896
4799
4473
4745
4349
4255
4923
4621
4977
4307
5050
4915
4820
4373
4833
4561
5046
4224
4469
4407
4638
4866
4721
4342
4272
4105
4509
4419
4799
4329
5022
4106
4153
4640
4771
4740
4488
4735
4562
4484
4831
4735
4159
4364
4931
4099
4482
4853
4692
4770
4195
4103
4803
4453
4418
4415
4521
4623
4998
4621
4997
4640
4961
4715
4218
4371
4923
4397
4972
4192
4792
4296
4119
4829
4210
5042
4593
4744
5059
4866
5103
5108
4866
5077
4844
4971
4654
4861
4948
5110
4593
4845
4455
4957
4221
4852
4731
4737
4540
4699
4711
5014
4305
4100
4384
4701
4263
5005
4317
4665
4856
4495
4719
4356
4730
4574
4137
4578
5003
5078
4281
5025
4961
4487
5086
4519
4495
4985
4892
4490
5056
4687
4389
4215
5003
4946
4203
4662
4977
4304
4480
4738
4400
4299
4399
4449
4641
4838
4744
4096
4906
4267
4298
4993
4125
4961
4399
4130
5082
4102
4779
5090
4346
4102
4221
4905
4677
4687
4856
5066
4961
4432
4737
4816
4856
4510
4628
4611
4766
5077
5079
5026
4893
4755
4798
5018
4917
5020
4862
4387
5114
4349
4153
4097
5013
4942
4942
4260
4727
5042
4657
4728
4670
4465
4970
4820
4492
5046
4621
4680
4274
4325
5022
4469
4498
4337
4345
4567
4596
4659
4338
4813
5022
4961
4821
4140
4696
4561
4449
4201
4359
4706
5090
4274
5039
4948
4820
4289
4197
4313
4540
4997
4274
5009
4719
5011
4926
5095
4346
4224
4917
5095
4301
4601
5077
4997
4283
5046
4197
5042
4349
4839
4172
4890
4852
4161
4485
4369
4363
4161
4424
4554
4554
4705
4573
4561
4197
5024
4595
4157
4190
4485
4485
4175
5005
5024
4366
4684
4249
4721
4721
5050
4678
5005
4599
4346
4498
4721
4120
4721
4439
4751
4899
4615
4721
4369
4726
4678
4546
4601
4983
4510
4609
4977
4601
4755
4554
4839
4244
4248
4888
4443
5043
4218
4701
4177
4131
4266
4210
4339
4980
5086
4234
5072
5072
4334
5086
4845
4373
4337
4218
4498
4234
4346
4845
4364
4377
5108
4337
4485
4369
4733
4121
5022
5022
4724
4739
4873
4922
4260
4754
4601
4454
4678
4613
4161
4972
4166
4686
4661
4601
4972
4182
4408
4220
4948
4604
4224
4948
4871
4398
4948
4125
4899
4835
4318
4099
4334
4601
4374
5040
4334
4861
5020
4961
4961
5089
5042
4239
5041
5020
4961
4983
4397
4766
4983
4487
4532
4532
4532
4532
4759
4405
4740
4961
4307
5031
4995
4164
4447
4629
4948
4893
4720
4906
4295
4349
4905
4603
4931
5037
4791
4629
5113
4170
4787
4770
4150
4104
4955
4324
4254
4611
4905
4629
4455
4740
4608
4985
4740
5018
4239
4991
4809
4809
4687
4839
4490
4274
4442
4961
4586
4317
4983
4953
4985
4601
4203
