9217
9218
306
668
982
361
733
964
707
693
191
361
985
866
47
361
733
646
143
985
47
191
358
423
866
47
435
834
419
403
996
361
733
985
866
216
191
358
985
866
47
196
107
432
550
647
647
912
17
564
403
403
791
834
419
494
403
494
549
494
403
212
368
107
354
667
244
494
549
494
403
403
409
791
444
494
244
494
853
916
244
403
167
435
444
354
630
104
84
834
734
222
711
791
444
354
125
711
822
107
431
630
244
664
84
444
667
546
780
84
223
222
313
525
392
331
354
340
550
748
444
630
403
212
776
549
667
546
15
870
354
630
693
627
368
478
667
638
340
529
853
734
527
339
672
834
354
630
693
15
58
290
145
550
401
824
62
467
255
52
333
453
550
563
606
5
785
437
606
437
498
437
498
550
627
435
444
667
145
816
125
244
125
452
287
558
558
255
728
684
957
20
453
606
622
435
740
138
943
606
437
498
816
498
212
785
227
965
816
735
816
546
816
339
121
450
661
942
77
497
20
497
20
889
629
662
629
776
629
662
629
662
629
662
662
662
629
551
989
749
638
638
662
629
662
629
662
785
776
629
662
629
662
629
662
629
662
409
847
478
749
638
673
361
282
138
377
391
589
300
985
377
377
266
199
985
491
73
589
199
282
377
587
786
174
475
475
449
63
945
475
475
310
786
359
91
960
728
509
509
135
52
840
295
786
91
960
504
310
589
359
91
937
644
287
779
960
1006
295
588
356
467
28
504
201
912
310
644
287
779
962
743
728
295
1006
563
522
310
547
824
356
593
255
361
807
809
522
310
649
358
985
809
522
547
287
960
960
1022
861
46
551
105
522
852
649
924
985
867
852
5
748
657
852
19
361
358
423
866
47
627
435
444
494
403
982
361
358
77
866
47
191
358
423
866
47
435
549
419
403
627
627
834
354
630
74
549
549
913
807
867
212
834
419
630
167
313
330
733
931
216
212
392
331
419
630
805
509
354
630
816
685
748
549
549
494
340
549
549
431
403
982
627
478
989
630
542
638
853
734
840
840
212
478
107
630
542
496
853
734
21
244
693
525
791
331
749
419
494
494
494
403
403
664
551
478
760
195
361
733
931
630
564
313
123
588
558
558
728
295
58
550
606
852
409
330
733
964
867
547
287
558
405
9219
1924
1334
1995
1155
1452
1317
1835
1179
1371
2023
1746
1227
1905
1960
1960
1966
1945
1905
1960
1714
2000
1240
1707
1682
1426
2007
2007
1694
1914
1905
1905
1905
1607
1966
1966
1981
1936
1437
1277
1277
1277
1277
1277
1277
1277
1369
1680
1277
1277
1960
1966
1884
1315
1315
1960
1835
1315
1955
1554
1694
1914
1048
2034
2034
1607
1554
1554
1554
1554
1955
1694
1981
1899
1368
1622
1895
1979
1960
1966
1966
1945
1905
1960
1585
1680
1179
1179
1179
1179
1248
1155
2000
1599
2007
2007
1160
1587
2025
1991
1264
1817
1054
1817
1054
1817
1188
1461
1545
1461
1743
1835
1696
1291
1461
1152
1152
1152
1044
1694
1044
1044
1044
1222
1136
1426
1240
1707
1707
1136
1426
1240
1815
1835
1696
1481
1054
2015
1445
1817
1054
1054
1291
1054
1054
1720
1461
1054
2015
1835
1054
1054
1054
1720
1461
1044
2015
1835
1044
1044
1044
1291
1044
1044
1044
1481
1417
1694
1771
1035
2010
1722
1048
1215
1594
1831
1771
1513
1035
1291
1585
1035
1558
1167
1348
1152
1044
1979
1044
1794
1585
1784
1227
1035
1035
1035
1585
2008
1035
1215
1057
2028
1947
1044
1979
1291
1585
1763
1264
1264
1044
1044
1817
1054
1054
1707
1835
1426
1720
1104
1720
1188
1054
1426
2007
1426
1054
1547
1547
1815
1426
1985
1048
1588
1791
1682
1794
1448
1585
1722
1448
1920
1882
1831
1696
1048
1215
1712
1763
1411
1186
1264
1817
1411
1817
1264
1817
1264
1817
1264
1817
1206
1854
1186
1854
1186
1264
1817
1264
1817
2015
1981
1835
1404
1780
1426
1054
1707
1136
1426
1240
1765
1215
1136
1029
1240
1998
1057
1746
1791
1291
1947
1369
1968
2017
1391
1707
1029
1480
1998
1159
1798
1849
1291
1947
1558
1588
1211
1475
2007
1438
1974
1998
1159
1798
1849
1291
1315
1961
1277
1839
1391
1277
1209
1714
1179
1159
1179
1993
1998
1832
1945
1835
1861
1720
1167
1945
1594
1315
1680
1585
1945
1960
1317
1680
1720
1714
1960
1594
1179
1696
1905
1694
1279
1675
1694
1352
1104
1966
1335
1335
1720
1279
1991
1696
1352
1979
1722
2015
1969
1104
1675
2034
1714
1352
2034
1335
1722
2025
1448
1675
1587
1048
1775
1831
1188
1770
1694
1794
1881
1979
1746
1884
1955
1914
1694
1770
1675
1288
1832
1746
1148
1905
1722
1892
1585
1625
1283
1475
1637
1206
1974
1849
1722
1981
1607
1607
1758
1215
1780
1722
2015
1979
1104
2015
1794
1445
1763
1794
1264
1352
1054
2011
1979
1817
1817
1445
1461
1445
1461
1044
1044
1044
1044
1703
1502
1918
1881
1044
1148
1937
1044
1480
2008
1770
1044
1152
1044
1044
1044
1044
1044
1044
1044
1044
1152
1044
1044
1044
1502
1044
1044
1720
1317
1720
1044
1044
1054
1044
1044
1835
1979
1831
1969
1352
1694
1206
1335
1352
1104
1720
1335
1048
2010
1977
1835
1892
1722
1048
1585
1345
1554
1048
1554
1291
1778
1973
1770
1817
1849
1817
1817
1794
2001
1892
1264
1093
1264
1817
1264
1817
1264
1817
1264
1817
1186
1881
1348
1817
1279
1335
1831
1167
1554
1784
1974
1179
1179
1179
1179
1179
1179
1179
1179
1179
1179
1209
1416
1240
1707
1094
1831
1949
1330
1707
1215
1585
1426
1587
1979
1722
1426
1448
1368
1411
1264
1186
1186
1880
1817
2001
1264
1264
1722
1831
1186
1817
1831
1949
1264
1857
1334
1248
1628
1515
1438
1682
1682
2007
2007
1167
1720
1694
1682
1682
1315
1714
1315
1714
1547
1054
1694
1977
1817
1240
1136
1707
1426
1136
1707
1426
1136
1720
1426
1136
1054
1426
1886
1886
1426
1054
1054
1426
1054
1054
1054
1232
1252
1515
1252
2000
2000
1456
1232
1232
1748
1748
1748
1628
1628
1628
1628
1628
1371
1454
1456
1456
1334
1094
1694
2025
1622
1155
2025
1899
1448
1622
1884
1924
1622
1973
1722
1352
2025
1831
1279
1675
1279
1969
1895
1884
1554
1554
1554
1335
1547
1831
1831
1807
2025
1622
1334
1155
1884
1155
1622
1884
1981
1252
1900
1432
1694
1835
1334
1155
1334
1155
1334
1155
1334
1252
1748
1252
1653
1628
1762
2041
1694
1835
1382
1156
1156
1035
1156
1035
1035
1035
1035
1035
1035
1035
1417
1759
1291
1977
1048
1239
1035
1035
1937
1035
1722
1035
1094
1035
1035
1794
1949
1949
1035
1554
1554
1554
1607
1622
1831
1524
1156
1035
1035
1156
1156
9220
2482
2482
2419
2482
2711
2501
2894
2126
2419
2604
2545
2499
2211
2513
3061
2097
2933
2525
3009
2412
2412
2545
2048
2848
2323
2327
2260
2983
2983
2168
2168
2860
2095
2199
3069
2800
2264
2449
2834
2834
2834
2834
2680
2771
3065
2430
2274
2365
2307
2398
2243
2513
2627
2346
2707
2981
2153
2525
2979
2916
2489
2090
2804
2608
2863
2889
2883
2126
2869
2811
3039
2279
2478
2064
2868
2771
2462
2442
2097
2703
3023
2980
2433
2971
2965
2270
2590
2400
2721
2779
2933
2313
2201
2620
2661
2983
2983
2253
2323
2995
2123
2114
2262
2479
2841
2479
3048
2563
2841
2376
2242
2376
2353
2126
2495
2979
2117
2717
2515
2515
2360
2515
2910
2179
2097
2620
2484
2949
2717
2619
2314
2214
2719
2719
2362
2137
2884
2484
2214
2792
2619
2737
2079
2079
2049
2717
2585
2401
2392
2821
2585
2671
2349
2801
2964
2657
2503
2198
2199
3026
2784
2085
2741
2082
2669
2784
2799
2399
2281
2919
2414
2827
2847
2281
2919
2083
2679
2980
2083
2679
2715
2379
2679
2407
2588
2125
2515
2665
2515
2515
2612
2085
2281
2304
2875
2919
2847
2590
2847
2799
2282
2348
2085
2784
2799
2282
2585
2187
2268
2049
2973
2879
2866
2866
2620
2159
2147
2681
2159
2269
2681
2126
2741
2347
2701
2260
2609
2848
2852
2608
2398
2573
2983
3057
2722
2753
2082
2591
2817
2048
2715
2781
2266
2766
2983
2048
2993
2197
2315
2600
2128
2197
2179
2600
2980
2466
2372
2128
2372
2374
2479
2615
2247
2615
2793
2371
2057
2594
2591
2681
2594
2331
2681
2594
2126
2869
2890
2174
2964
2594
2090
2082
2360
2714
2297
2811
2822
2848
2928
2767
2720
2090
2848
2388
3045
2360
2140
2296
2615
3039
2647
2234
2422
2614
2296
2916
2140
2057
2769
2933
2869
2420
2743
2124
2093
2947
2935
2994
2859
2971
2354
2126
2535
2834
2883
2703
2186
2423
2398
2620
2717
2330
2546
2572
2724
2794
2423
2234
2825
2717
2930
2083
2890
2620
2180
2703
2595
3032
2499
3000
2642
3008
3061
2499
2804
2234
2990
2443
2883
2102
2979
2169
2789
2462
2841
2536
2857
2812
2877
2992
2168
2421
2525
2979
3008
2800
2390
2564
2090
2238
3063
2858
2607
2724
2478
2604
2228
2941
2841
2393
2876
2619
2811
2804
2178
2714
2224
2313
3032
2572
2499
2703
3008
2243
2499
3000
2966
2438
2966
2659
2966
2420
2659
2168
2343
2992
2715
2690
2352
2701
2796
2352
2110
2245
2095
2741
2876
2079
2825
2049
2049
2973
2973
2841
2360
2194
2841
2563
2661
2563
2242
2899
2242
2899
2799
2282
2348
2669
2784
2799
2261
2348
2669
2784
2085
2142
2732
2732
2732
2732
2515
2515
2515
2515
2838
2515
2274
2838
2515
2838
2126
2657
2198
2603
2603
2563
2242
2563
2694
2841
2153
3065
2591
2351
2756
2349
2611
2585
2671
2349
2821
2811
2671
2349
2821
2817
2979
2443
2199
2627
2535
2661
2090
2927
2049
2049
2973
2057
2866
2671
2525
2792
2737
2079
2278
2197
2615
2897
2161
2275
2262
2207
2182
2979
2140
2278
2479
2048
2848
2860
2352
3044
2245
2352
2400
2608
2904
2400
2920
2920
2445
2581
2455
2699
2888
2337
2260
2901
2574
2848
2492
2327
2609
2699
2848
2928
2811
3064
2762
2848
2887
2928
2717
2454
2828
2702
2828
2719
2083
2362
2702
2511
2334
2903
2702
2702
2716
2362
3023
2161
2343
2936
2942
2137
2920
2048
2746
2817
2741
2701
2983
2253
2620
2314
2473
2568
2054
2770
2501
2462
2568
2972
2616
2549
2620
2620
2159
2620
2661
2549
2315
2078
2549
2581
2594
2549
2269
2594
2443
2269
2594
2841
2115
2594
2137
2979
2791
2090
2944
2813
2691
2942
3069
2889
2944
2944
3012
2889
2942
2942
2868
2935
2944
2944
2649
2788
2771
2313
2627
2992
2655
2945
2538
2968
2879
2126
2907
2936
2907
2307
2329
2433
2399
2766
3065
2897
2313
2564
2625
2314
2536
2394
2390
2484
2818
2164
2531
2811
2766
2968
2506
2224
2889
2791
2815
2811
2535
3012
2889
2748
2307
3039
2429
2224
2721
2307
3012
2721
2224
2944
2889
2883
2889
2813
2472
2985
2224
3039
2730
2089
2101
2730
2315
2342
2730
2089
2547
2730
2089
2547
2101
2730
2916
2766
2090
2230
2379
2753
2955
2926
2211
2722
2679
3051
2083
2679
2955
2379
2863
3009
2604
2811
2119
2525
2720
2588
2714
2342
2730
2916
2207
9221
3698
3368
3781
3940
3394
3905
3210
3905
3727
3236
3547
3642
3372
3639
3311
3179
3311
3461
3739
3582
3440
3659
3380
3680
3301
4019
3822
4052
3126
3704
3526
4010
4042
3966
4005
3690
3701
3516
3870
3304
3188
3647
3492
3516
3494
3870
3870
3592
3372
3511
3311
3350
3311
3790
3880
3111
3905
3881
3851
3437
3747
3325
3351
3959
4094
3073
3950
4094
3459
3652
3335
3987
3500
3111
3887
3111
3577
3367
3311
3394
3642
3372
3935
3817
3864
3533
3368
3201
3924
3111
3945
3901
3200
4013
3822
3887
3126
3997
4042
3257
3888
3526
3929
3345
3929
3618
3304
4059
3182
3909
4004
3372
4063
3653
3642
3372
3642
3651
3808
3753
3651
3301
3074
3880
3925
3555
3579
3772
3296
3500
3074
3418
4072
3307
3089
3715
3903
3766
3693
3182
3133
3258
3715
3622
4004
3967
3148
3942
3469
3469
3182
3822
3470
3310
3143
3296
4036
3440
3229
3143
3143
3536
3384
3229
4042
3868
4036
3281
4036
3418
3787
3542
3418
3282
4042
3103
3812
3868
3688
3526
3179
3648
3743
3701
3380
4007
3601
3164
3804
3727
3836
3977
3526
3084
3840
3622
3526
4036
3919
3660
3384
3380
3727
4045
4073
3526
3178
3734
3910
3583
3753
3766
3431
3431
3925
3704
3943
3997
3672
3868
3623
3139
3307
3085
3094
3970
3281
3601
3530
3703
3742
3726
3652
3277
3976
3297
3557
3175
3175
3795
3978
3778
3778
3708
3595
3093
3316
3380
3393
3371
4066
3694
3605
3467
3890
3177
3587
3093
3181
3243
3182
3351
3500
3401
3139
3382
3288
3605
3756
3078
4055
3903
3715
3909
3078
3623
3083
3585
3704
3526
3465
3801
4017
3610
3144
3530
3801
3576
3883
3934
3530
3801
3576
3943
3319
3990
3109
3790
3514
3490
3656
3837
4090
3333
3538
4090
3507
3703
3394
3235
3313
4033
3595
3606
3557
3282
3333
3864
4051
3126
3127
3485
3903
3094
3999
3994
3126
3094
3536
3903
3903
3311
3676
3165
3542
3165
3210
3517
3235
3165
3945
3337
4051
4053
3660
3727
3536
3903
3094
3672
3847
3429
3542
3644
3940
3367
3464
3903
3634
3372
3927
3903
3903
3903
3903
3647
4052
4089
3966
4094
3787
3887
3942
3237
3824
3088
3706
3942
4052
4090
3825
3739
3942
3350
3394
4030
4090
3080
3235
3437
3693
4032
3887
3727
3470
3672
4042
3313
3414
3478
3367
3940
3903
3912
3671
3807
3331
3198
3296
3217
3176
3296
4032
3557
3300
3909
3083
3313
3990
3810
3955
3202
3310
3270
4005
4038
3133
3888
3133
3888
3868
3110
3182
3977
3497
3642
3572
3527
3372
3345
3527
3723
3345
3614
3373
3384
3384
4045
3384
3738
3839
4007
3388
3605
3583
4052
4045
3753
4019
3110
4008
4085
3526
3753
3440
3527
3164
3345
3301
3727
3485
3414
3804
3804
3762
3083
3812
3830
3311
4036
3997
4042
3659
3694
3416
3781
3094
3270
3659
3500
3710
3148
3351
3739
4052
3148
3743
3264
3180
3778
4039
3111
3747
3653
3463
3622
3500
3888
3215
3296
3693
3888
3371
3888
3736
3672
3427
3409
3478
3409
4045
3177
3909
3924
3768
3624
3703
3703
3624
3530
3526
3192
3990
3596
3607
3864
3526
4008
3368
3368
3868
3368
3463
3368
3704
3374
3555
3582
3727
3987
3857
3555
3449
3463
3919
3839
3702
3380
3801
3814
3281
3251
3585
3853
3728
3728
3351
3380
3857
3903
3382
3382
3477
3382
3270
3077
3382
3347
3382
3382
3788
3672
3307
3876
4068
3822
3822
3822
3822
3822
3843
3822
3822
3986
3115
3175
3905
3536
3804
3368
3498
3292
3363
3382
3857
3728
3970
3307
3728
3727
3511
3511
3868
3307
3868
3236
4045
3623
3251
3970
3924
3251
3375
3727
3582
3868
3147
3924
3270
3526
3901
3904
4088
3951
3526
3966
3698
3270
3893
3893
3887
3940
3782
4042
4079
4079
3542
4030
3447
4036
3987
3535
3997
3559
3727
3447
3727
3845
3933
4056
3097
3474
3142
4045
3933
3592
4004
3577
3942
3869
3782
3727
3530
3724
3209
3296
3621
3628
4008
4008
3940
3987
3887
3500
3340
3176
3592
3951
4079
3951
3893
3933
3782
4042
3526
3839
3901
3935
3901
3868
3111
4008
4039
3891
3747
4061
3868
3839
3083
3380
3401
3459
3681
3093
3526
3605
3605
3868
3727
4056
3681
3812
3924
3077
4005
3471
3580
3254
3742
3302
3856
3688
3158
3179
4045
3621
3924
4042
3254
3551
3903
4088
3742
3869
3672
3762
3681
3738
3436
3497
3840
9222
4919
5096
4484
4678
4893
4340
4314
4727
4313
5096
5049
4267
4114
4431
4952
4139
4555
4428
4728
4484
4313
4258
4485
4705
5102
4705
4347
4156
4751
4731
4784
4906
4145
4624
5049
5026
4675
4890
4907
4124
4853
4599
5089
4353
4244
4914
5095
4817
4537
4474
4139
4852
4403
4546
4508
4684
4593
4845
4860
4182
4845
5107
4893
4810
5029
4889
4861
4120
5044
5059
5117
4119
4629
4119
4117
4119
4500
4455
4477
4269
4555
4624
4704
4906
4413
4500
4893
4713
4320
4296
5031
4484
4319
4790
4351
4150
4971
4221
4747
4262
4474
4546
4684
4866
4893
4919
4144
4860
4246
5008
4927
4615
4269
5008
5008
4251
4608
4860
4931
4770
5008
4927
5020
4605
4720
4890
4890
5109
4890
4888
4905
5041
4615
5027
4314
4484
5108
4350
5008
4113
4720
5089
4873
4615
5049
4864
4720
5013
4185
4983
4876
4332
4120
4637
5012
5011
5029
4733
4931
4977
4443
4733
4207
4646
4918
4484
4260
4227
5094
4561
4193
4814
4651
4678
4436
4403
4936
4374
5011
4732
4226
4684
4861
4900
4780
4890
4215
4528
4817
4382
4867
4341
4398
4927
4442
4861
4465
4254
5009
4817
5042
4948
4374
4299
4635
4193
4611
4917
4193
4537
4692
5006
4422
4926
5049
4732
4831
5058
4835
4628
4184
4776
4747
4872
4121
4687
4334
4985
4624
4121
4145
4863
4546
4432
4201
4412
4432
4285
4772
4784
4845
4285
4165
4678
4498
5095
4977
4253
4844
4489
4993
4533
4477
4452
5006
4405
5006
4861
5083
4139
4255
4537
4449
4679
4885
4440
4700
4405
4760
5077
4747
4624
4747
4934
4972
4893
4833
5048
4888
4676
4376
4244
4376
4767
4870
4489
4923
4301
4463
4119
4604
4135
4501
4489
4852
4710
4702
5086
5056
4629
4301
4916
4343
4334
4342
4175
4632
4164
4911
5017
4855
4988
4768
4768
5011
4829
4221
4292
5100
4813
4304
4436
4728
4648
4508
4616
4727
4313
4591
4834
4274
4544
4424
4918
4728
4358
4539
4292
4197
4918
5018
4117
5026
4727
4727
4500
4537
4358
4752
4100
4269
4403
4834
4755
4500
4839
4503
5079
4250
4407
5047
4500
4484
4500
5094
4331
4474
5042
4431
5029
5037
4456
4456
4269
4629
4629
4239
4600
5009
4332
4907
4949
4722
4770
4926
4953
4640
4296
4994
4784
4661
4919
4861
4376
4272
4164
5041
5068
4100
4542
4885
4500
4503
5042
4773
4659
5038
4549
4861
4899
5041
4855
4413
4546
4703
4484
5108
4610
5065
4746
4919
4790
4935
4458
4248
4738
4236
4680
4836
4376
4295
4789
4242
4629
4144
4860
4917
4943
4434
4889
5012
4704
5079
4905
5040
4302
4872
4244
4446
4817
4227
4817
4302
5040
4710
5098
4608
4446
4817
5040
4457
5076
4586
4927
4650
4572
5030
4606
4955
5024
4481
4615
4720
5012
5049
4875
4970
4586
5012
4820
5059
5037
4432
4659
4296
4919
4724
4821
4711
4313
4763
4640
4862
4546
4305
4480
4167
4755
4906
4864
5058
4589
4197
5023
4917
4629
4872
4546
4162
4236
4733
4484
4917
4272
4938
4872
4844
4354
4354
4844
4456
4203
4168
4314
4673
4390
4215
5021
4351
4398
4351
5009
4755
5068
4634
4933
4165
4747
4351
4747
4153
4763
4890
4856
4890
4145
4398
4484
4726
4443
4961
4248
4889
4624
4519
4342
4893
4676
4839
4457
4175
4862
4654
4166
4975
4852
5040
4829
4745
5047
5077
4885
4339
4565
4620
4561
4919
4927
4733
4720
4296
4511
4861
4546
5007
4319
4829
4099
4875
4411
4893
4889
4170
4437
4866
4905
4860
4861
4942
4733
4727
4727
4482
4720
4620
4546
4168
4560
4240
5041
4175
4403
4732
4519
4519
4830
4431
4829
4732
4770
4487
4899
5056
4766
4862
4184
4862
4950
4184
5108
5056
4184
4132
5052
4934
4184
4460
4934
4132
4132
4460
4889
4977
4654
4132
4132
4135
4600
4894
4197
4615
5095
4654
4770
5094
4770
5037
4386
4546
4145
4156
5090
4123
4544
5037
4894
4350
4258
4150
5029
4374
4483
5029
4150
5052
4175
5068
5087
5115
4717
4962
5094
4906
4384
4810
4770
5094
5029
5009
4384
4934
4810
5110
5094
5094
4384
4862
4589
4145
4170
5012
4384
4905
4654
4934
5015
5058
5012
5068
4949
4718
4881
4814
4354
4881
4813
4881
4881
4416
4881
4927
4829
4893
4845
4629
4435
5021
4359
4866
4455
4477
5026
4862
4917
4555
4484
4732
4598
4862
4791
4731
4845
5107
4456
4845
4547
5038
4845
4784
4168
4872
