9217
9218
306
668
482
482
482
482
740
482
482
816
693
525
421
171
171
425
758
76
21
734
762
549
494
403
403
673
408
807
423
419
758
494
403
313
401
824
147
558
743
728
504
52
135
201
606
201
918
918
852
852
483
839
171
620
524
758
835
918
160
657
740
657
55
657
657
901
657
657
657
611
232
483
422
158
138
707
496
230
317
740
498
549
227
125
433
244
244
433
498
433
125
852
525
421
171
665
758
758
55
494
403
403
483
422
290
290
707
550
230
965
965
816
965
816
498
125
965
965
816
965
244
244
693
525
627
171
931
758
707
244
494
55
563
55
494
55
403
547
287
558
540
960
873
918
918
232
15
588
558
467
728
504
52
135
52
135
918
619
918
310
408
993
807
809
758
835
806
780
224
806
224
55
657
55
657
888
513
55
657
657
611
711
822
158
107
641
542
496
21
734
408
143
22
138
28
496
21
734
21
734
494
636
74
55
55
55
711
408
171
171
419
888
888
403
483
822
158
641
822
1020
542
496
632
776
780
780
780
780
545
513
549
74
244
545
563
55
619
63
780
780
780
74
780
780
780
502
780
888
611
780
780
19
421
993
620
809
758
758
38
711
822
158
760
749
496
542
545
780
853
545
513
636
403
711
822
158
641
630
542
496
220
734
162
15
822
760
542
496
718
220
220
563
953
545
513
452
408
822
158
107
454
542
718
21
734
21
84
158
641
630
542
718
21
734
74
244
244
619
619
822
158
107
454
542
496
21
734
121
69
422
290
257
20
317
340
134
365
317
365
317
365
758
55
104
104
104
888
104
313
525
421
171
620
419
758
496
104
734
104
104
619
636
771
547
287
886
158
467
504
276
135
52
310
338
608
255
728
684
684
684
684
684
647
453
647
453
647
437
606
437
966
943
498
317
257
638
805
406
822
138
497
497
498
632
734
740
801
801
953
801
121
805
822
107
641
707
542
550
734
632
785
953
1010
317
965
317
734
953
636
317
244
693
644
287
558
886
467
728
504
52
135
50
148
511
326
28
454
28
606
453
606
662
619
437
498
317
636
227
636
953
636
169
121
121
627
141
171
641
454
496
632
734
21
734
953
636
527
452
287
779
15
822
138
542
842
771
121
401
32
558
743
728
504
52
135
135
453
606
437
906
9219
1924
1334
1981
1252
1622
1454
1607
1232
1160
1181
1981
1248
1155
1622
1248
1181
1981
1884
1607
1628
1155
1155
1622
1899
1924
1924
1924
1694
1334
1248
1248
1248
1181
1653
1368
1858
1622
2000
1371
1723
1454
2034
1454
1884
1232
1248
1515
1155
1622
1653
1899
1723
1924
1723
1454
1884
1334
1345
1155
1248
1334
1924
1155
1248
1334
1456
1155
1981
1334
1924
1155
1248
1334
1899
1155
1981
1334
1924
1155
1248
1334
1515
1858
1622
1858
2000
1456
2000
1723
1454
1884
1232
1232
1454
1232
2000
1858
2000
1748
2000
1858
2000
1884
1858
1232
1900
1232
2000
1371
2000
1899
1051
1835
1780
1345
1835
1924
1181
1835
1331
1694
1981
1515
1977
1345
2015
1334
1104
1104
1104
1248
1248
1155
1155
1155
1155
1155
1748
1628
1628
1454
1232
2000
1252
2000
1456
2000
1653
2000
1456
1188
1979
1155
1554
1334
1368
1155
1368
1334
1899
2034
1981
1334
1899
1155
1368
1334
1899
1155
1368
1334
1899
1155
1334
1607
1899
1607
1334
1456
1454
1454
2000
2041
2000
1456
1371
1456
1334
1780
1981
1334
1899
1981
1334
1155
1981
1345
1155
1334
1899
1155
1334
1899
1155
1334
1899
1981
1334
1155
1748
1515
1248
1924
1653
1981
1155
1924
1981
2023
1653
1371
1252
1748
1232
1454
1748
2043
1232
1454
1454
2000
1248
1181
1345
1248
1155
1899
1924
1181
1345
1981
1155
1899
1924
1181
1981
2023
1858
1628
1748
1155
1155
1924
1899
1924
1924
1924
1334
1653
1334
1653
1454
1155
1155
1155
1155
1155
1155
1248
1248
1248
1248
1298
1981
1981
1334
2023
2023
1628
1858
1454
1248
1456
1899
1748
1334
1628
1981
1456
2023
2023
1456
1155
1981
1334
1924
1155
1248
1334
1515
1155
1981
1334
1924
1155
1248
1334
1456
1628
1748
2041
1628
1748
1252
1981
1334
2023
1155
1456
1252
1748
1456
1858
1248
1899
1981
1334
1155
1334
1252
1981
1924
1248
1515
1723
1334
1155
1334
1252
1981
1924
1248
1456
1628
1748
2041
1858
1454
1924
1858
1334
1628
1981
1456
2023
1858
1748
1628
1454
1155
1334
2023
1334
1155
1515
1981
1924
1248
1252
1981
1924
1334
1628
1748
1252
1456
1858
1628
1454
1858
2041
1628
1334
1748
2043
1252
1748
1748
1252
1456
1748
1252
1748
1748
1858
1252
1345
1155
1981
1334
1924
1155
1248
1334
1515
1155
1981
1334
1924
1155
1248
1345
1515
1723
1748
1653
1252
2041
2043
1748
2043
1454
1858
2041
1858
1454
1858
1879
1858
2041
2043
2041
1748
1454
1900
2043
1456
1858
2041
1454
1252
1900
2043
1454
2041
1454
1900
1858
2043
1858
1454
1252
1858
2041
1454
1252
1454
1858
1454
1858
1454
1858
2041
1858
2041
2043
2041
1748
1454
1748
2041
1858
2043
1858
1879
1454
1762
1432
1762
1432
1448
1966
1094
1371
1831
1895
1587
1622
1884
1995
1554
1884
2025
1895
2000
1955
2000
2025
1914
1622
1895
1969
1232
1554
1622
1554
1895
2025
2000
1622
1371
2034
1995
1884
1895
1895
1884
1315
1966
1547
1914
1895
1448
1995
1094
1714
1622
1232
1587
1905
1884
1955
1995
1587
1371
1914
1547
1448
1884
1945
1995
1622
1895
1960
1622
1884
1955
1995
1587
1995
1914
1895
1895
1547
2025
1995
1622
2025
1895
1622
1547
1622
1995
1861
1714
1547
1315
1232
1315
1995
1547
1714
1895
1315
1995
1454
1895
1895
1884
1232
1622
1895
1371
1995
1995
1895
1371
1884
1995
1895
1895
1995
1995
1995
1895
1995
1995
1995
1371
1884
1995
1995
1371
1895
1995
1995
1622
1371
1884
1995
1995
1895
1371
1884
1232
1622
1371
1371
1995
1371
1895
1371
1884
1232
1895
1371
1371
1622
1371
1895
1371
1884
1232
1371
1110
1369
2028
1857
2008
1481
1585
1886
1949
1317
1947
1291
1979
1291
1481
1925
1694
1981
1371
1628
1371
1371
1748
1995
1689
1588
1587
1711
1892
1831
1448
1587
2025
1969
1831
1347
1496
1252
1748
1352
2017
1094
1094
1554
1969
1587
1587
1831
1094
1094
1554
1969
1775
1188
1831
1368
1835
1969
1969
1587
1775
1831
1094
1554
1835
1924
1748
1628
1371
1371
1371
1345
1675
1155
1899
1924
2034
1345
1981
1248
1899
1622
2034
1345
1981
1248
1899
1924
2034
1515
1981
2023
1252
1252
1248
1160
1515
1345
1723
1248
1155
1155
1899
1334
1248
1160
1515
1515
1345
1345
1334
1981
1981
1981
1981
1628
2023
9220
2888
2722
2564
2791
3023
2944
2307
2825
2119
2825
2720
2455
2717
2311
2897
2307
2090
2219
2936
2544
2627
2715
2126
2612
2307
2665
2721
2224
2126
2933
2546
2801
2859
2869
2968
2869
3025
2564
2064
3012
2944
2307
2735
2968
2788
2936
2266
2985
2825
2619
2307
2766
2721
2936
2936
2064
2868
3039
2506
2965
3012
2721
2863
2788
2119
2735
3012
2859
2307
2433
2717
2936
2665
2506
2564
3012
2791
2694
2944
2868
2936
2964
2119
2825
2564
2938
2564
2510
3023
2936
3023
2506
3012
2990
2791
2942
2119
2307
2564
3010
2162
3039
2859
2791
3012
2990
2936
2644
2119
2224
2612
2667
2528
2756
2869
2581
2097
2649
3039
3063
2274
2478
2720
2945
2953
2721
2314
2224
2868
2703
2525
2411
2925
2478
2119
2859
2936
2944
2791
3012
2612
2791
2224
2119
2307
3012
3051
2889
3012
2859
2876
2645
2564
2525
2564
2753
2564
2521
2564
2535
2199
2525
2162
2825
2791
2741
2162
2990
2162
2741
2162
2990
2162
2791
3069
2990
2343
2644
2119
2942
2936
2506
2791
3012
2944
2307
3012
2374
2964
2511
2162
2612
2525
2933
2791
2990
2531
2343
2907
3069
2162
2564
2825
2521
3012
2612
2735
2944
2506
2314
2964
2459
2573
2619
2452
2224
2612
2889
3012
2944
2791
2162
2968
2859
2936
2119
2388
3012
2564
2791
2665
2360
2581
2179
2956
2649
2964
2360
2581
2869
2452
2399
2564
2889
2612
2147
2791
2735
2968
2945
2936
2980
2717
2985
3069
3069
2889
2986
2314
2350
2521
2868
2936
2411
2411
2224
2944
2741
2746
2788
2746
2746
2741
2165
2165
2746
2936
2564
2968
2564
3012
2411
2531
2313
2735
2535
2182
2350
2990
2564
2506
2564
2944
2350
2535
2721
2717
2788
2964
2964
2801
2350
2612
2717
2968
2746
2746
2944
2506
2735
2990
2307
2942
2119
2717
2907
2944
2741
3012
2859
2791
2735
2119
2484
3069
2411
2949
2717
3023
2791
2350
3069
2484
3069
2484
2535
2717
2788
2411
2350
3069
2484
2944
2506
2936
2990
2791
2942
2717
2644
2535
2564
2949
2771
2944
2791
3007
2968
2868
2224
2619
2907
2949
2274
3069
2694
3069
2956
2985
2801
2964
2907
2097
2350
3012
3023
2936
2162
2119
2162
2990
2162
2274
2907
2964
2936
2564
2162
2694
2531
2791
2162
2985
2945
2942
2735
2771
2612
2511
2274
3069
2717
2788
2788
2964
2801
2224
2612
2964
2649
2956
2694
2612
2907
2350
2694
2944
2942
3012
2990
2791
2644
2944
2936
3023
2506
2162
3012
2411
2942
3012
2990
2936
2564
2791
2564
2694
2791
2162
2119
2735
2936
2735
2791
2942
2564
2791
2564
2510
2985
2936
2889
2735
3012
2735
2791
2942
2411
2889
2564
2119
2162
3012
2944
2791
2877
2990
2936
2990
2694
2990
3012
2990
2649
3012
2944
2961
2472
2961
2472
3039
2064
2815
3008
2544
2064
2818
3000
2625
2800
2064
2857
3039
2506
2937
2715
3012
2800
2721
2721
2818
2552
2936
2119
2815
2224
2800
2665
2818
2818
2180
2800
2815
2859
3012
2945
2119
2868
2721
2942
2215
2419
2102
2625
2972
2815
2800
2398
2857
2972
2789
2972
2462
2857
2942
2935
2234
2879
2419
2224
2789
2972
2789
2721
2398
2419
2972
2789
2064
2800
2857
2804
2246
2818
2204
2945
2462
2963
2721
2789
2552
2462
2857
2398
2307
2995
3000
2501
2972
2789
2333
2398
2857
2462
2789
2968
2398
2398
2398
2398
2215
2215
2791
2398
2552
2215
2789
2215
2215
2215
2215
2307
3012
2552
2789
2721
2506
3039
2789
2307
2920
3012
2920
2920
2721
2920
2920
2419
2307
2054
2968
2054
2419
2119
2054
2054
2419
2791
2054
3012
2054
2054
2119
2054
2054
2791
2119
2972
2972
2972
2119
2968
2972
3012
2512
2740
2276
2535
2484
2830
2365
2841
2945
2057
2707
2612
2793
2721
2933
3034
2276
2398
2064
3012
3039
2936
2789
2968
2965
2765
2082
2250
2935
2535
2612
2705
2512
2393
2741
2238
2482
3012
2419
2568
2691
2680
2117
2703
2259
3051
2365
2535
2252
2859
2632
2925
3061
2313
2573
2546
2266
2868
2390
2397
2591
2317
2390
2535
2506
2506
2972
2119
2889
2936
2119
2735
2115
2807
2791
2250
2612
2399
2452
2082
2343
2311
2612
2399
2452
2082
2343
2250
2612
2574
2720
2791
2789
3012
2186
2801
2990
2506
2907
2788
2649
2813
2968
2985
2933
2801
2119
2936
2920
2506
2813
2756
2452
2887
2097
2788
2889
9221
3265
3401
3676
3951
3869
3950
4039
3652
3526
3781
3933
3724
3966
4045
3526
3495
3747
4008
3883
3904
3425
3377
3839
4039
3839
3887
3901
3924
3365
3951
3952
3950
3935
3741
3893
3887
3573
3531
4088
3176
3950
3088
3933
3997
3363
3891
3747
3098
4054
3747
3904
3934
3869
3088
3876
3952
4042
3880
3424
3576
3094
3880
3997
3747
3951
3868
4042
3576
3880
3891
3478
3137
3951
3325
3950
3872
3526
3997
3869
4042
3704
3951
3935
3935
3747
3270
3933
4008
3088
4039
3869
3869
3952
3951
3933
3869
3747
4088
3901
3613
3952
3824
4039
3935
3997
3887
4088
3933
4008
3924
3672
3425
3542
3904
3952
3618
4052
3495
3724
3110
4005
4079
3235
3704
4030
3919
3747
4079
3235
3327
3284
3869
3340
4088
4008
3313
3839
4005
3987
3952
3950
3997
3951
3526
3869
4039
3951
3935
4008
3904
3482
3966
3924
3727
3924
4008
3924
3296
3924
3660
4088
3526
3924
4088
3924
3727
3747
3839
3924
3933
3952
3111
3952
4045
4088
3869
4007
3741
3526
3950
3111
3747
4054
3782
3952
3904
3952
3869
4042
3868
3951
3924
3526
3747
3924
3727
3526
4088
4039
3951
3727
3950
3904
3935
4054
3924
3111
3270
3782
3901
3950
3727
3839
3446
4042
3638
3880
3997
3868
3966
4042
4008
4088
4054
3500
3952
3782
4008
4079
3935
3952
4088
4088
4088
3924
3704
3111
4042
3935
4008
3727
3966
3704
3526
3966
3950
3924
3935
3952
4008
4072
3869
3764
3739
3747
4042
3997
3526
3526
3935
3951
3893
4072
3868
3966
3747
3727
4030
3259
3573
3952
3310
3951
3727
4008
3887
3966
3727
3951
3935
3526
3951
3935
3478
3952
3924
3893
3951
3889
4008
3933
4072
3868
4005
4008
3997
3987
4008
3901
3951
4079
3727
3880
3987
3782
3893
3111
3704
4079
3111
3950
3901
4079
4042
3904
3987
4079
3951
3880
4079
3935
4072
3891
3935
3966
3715
4072
3111
3987
3868
3747
3876
3901
4088
3951
4008
3987
4008
3966
3747
3952
4039
3966
3782
3869
3950
3901
3904
3869
3268
4054
3526
3951
3111
3727
3904
3904
3887
4088
3868
4008
3924
3966
3747
3782
4054
3952
3935
3868
3951
3901
3111
3951
3764
3868
3904
3987
3747
3782
3950
3950
3951
3935
3869
4088
3966
3839
3951
3904
3924
4042
3952
3950
4008
3904
3747
3893
4088
3924
3782
3876
3901
4008
3987
4088
3904
3893
3901
3893
4008
3904
3966
3782
4072
3901
4039
4054
3935
3901
4008
3111
4009
4079
4079
3839
4009
4072
3904
3952
3904
3901
3887
4072
3887
3869
4079
3747
4072
3901
3893
4008
4079
3747
3499
3952
3987
4061
3526
3901
4054
3891
3951
3951
3935
3893
4008
3987
3747
3935
4072
4039
3891
3987
3891
3839
3869
3782
3935
3782
3951
4072
3901
3951
4054
3987
3901
3901
4054
3893
3987
3952
3869
3934
4000
3698
3313
4008
3950
3952
4039
3674
3876
3338
4090
3869
3940
3940
3270
4039
3951
3952
3900
3940
3951
3869
3500
4042
3951
3951
4042
3313
3940
4054
3674
3388
3388
3747
3621
3149
3388
3952
3690
3447
3747
4008
3952
3690
3111
3950
3847
3869
3690
3935
3933
4053
3428
4039
3940
3824
3265
3952
4039
3111
3831
3940
3641
3940
3935
3824
3870
4088
3940
4052
3676
3406
3690
4039
3950
4053
3950
3869
4008
3935
3413
3498
3237
3498
3942
4039
3368
3368
3505
3368
4039
4008
3778
3582
3933
3933
3869
3950
3951
3870
3747
3870
3111
4042
3933
3111
3747
3951
3747
3335
3335
4008
3335
3335
3335
3950
3335
4008
4042
4088
3933
3335
3951
4008
3950
4014
4008
3950
3935
4039
4008
3869
3935
4042
3933
3747
3869
3935
4088
4008
3778
4008
4053
3844
4008
3950
3935
3727
3500
3111
4053
4089
3834
3533
3736
3202
3552
3592
3259
3368
3429
3951
3592
3368
3452
3368
3368
3870
3777
3394
3870
3945
3870
3270
3727
3111
3976
3822
3198
3304
3368
3511
3880
3188
3368
3837
3095
3982
3335
3950
3933
3736
3095
3183
3552
3095
3743
3158
3368
3500
3619
3844
3822
3710
3710
3822
3822
3531
3822
3777
4030
3875
3844
3296
3777
3368
4053
3933
4053
3950
4053
3727
3901
3201
4079
3270
3365
3526
3682
3924
3573
4079
3343
3576
3094
3997
3363
3495
4000
3526
3772
3747
3904
3098
3869
3901
3924
3868
3997
4042
4042
3335
3176
3500
3674
3111
3856
3893
3887
3824
3933
3891
3950
3824
3704
3446
3869
4042
9222
4899
4862
4497
4132
4747
4861
4919
4962
4546
4484
4906
4416
4132
4858
4170
4919
4613
4606
5029
4747
5079
5057
4927
4153
4830
4810
4615
4654
4927
5058
5029
4710
4132
5110
4829
4153
4931
4546
4955
4654
5029
4747
5012
5015
4861
4889
4384
4484
5052
4906
4132
4862
5118
4889
4830
4654
4751
5114
5118
4484
5095
4170
4654
5110
4349
4327
5029
4766
4962
5058
5058
5012
4860
4175
4145
4926
4460
5118
5012
4621
4654
4926
4927
4654
4384
4384
4934
4747
5018
5029
4132
4955
5011
4861
4615
4955
4926
4654
4852
4460
4926
4460
5110
5118
4810
4853
4132
5012
4810
5118
5015
4891
4484
5110
4934
4654
4593
4484
4905
4830
5058
5029
5118
4720
4593
5099
4484
4906
5110
4484
5079
4460
4822
4654
4853
4170
4962
5052
4755
5079
4763
4654
4955
4810
4927
4654
5029
5114
4460
4384
4460
4374
4374
5008
5011
5095
4374
5012
4460
4861
4431
4810
5011
4770
5079
4889
5011
5012
4176
4810
4919
4861
4176
4927
4934
4862
4170
4926
5029
5058
4830
4132
4934
5110
4934
4919
4962
5052
4853
4926
4615
4955
4830
5012
4484
4810
5110
4615
4862
4926
4971
5012
4962
4654
4810
4810
4862
5079
4830
4654
4931
4853
5110
4899
4770
4615
4810
4676
4654
5110
5110
4830
4853
4654
4810
4889
4830
4830
5058
5052
4170
4919
4654
4950
4432
4926
4615
4927
5095
4926
4860
4460
5052
4810
5110
4860
4810
4862
4830
5118
5114
5114
5114
4484
4170
4132
4934
4810
4934
4962
5015
4755
4830
4830
5110
4927
5114
5052
5115
4296
4931
5029
4927
4132
4829
4934
4132
4830
5114
5114
4654
5110
5012
5012
4384
4676
4615
5012
4889
5029
4384
4654
5029
4460
4934
4983
4926
4654
4830
4866
5114
4830
4132
4654
4132
4763
5118
5118
4170
4889
4810
5015
4962
5052
5058
4654
4733
4927
5114
4931
5012
5052
5118
4931
4654
4810
5114
5114
4931
4770
4615
4763
4654
4170
5015
4927
4830
4132
5012
4810
5058
4654
5118
4955
4926
4810
5012
5058
4830
4384
4460
4810
4615
5058
4860
4615
4962
4889
4460
5114
4374
4955
5012
4170
5041
5012
4931
4858
4926
5052
5012
5110
5012
4654
4955
4955
5118
5110
4853
4889
4926
4955
4983
4830
4132
4962
5052
5012
4654
4950
4810
4955
4810
4889
4955
5052
4955
4654
4889
5052
5011
5052
4927
4170
4862
5114
4384
4983
4615
4830
4858
5110
5011
4853
5012
4926
4132
4810
4170
4955
4889
4962
5110
5118
4830
4830
5118
4955
4889
5118
4810
4934
5110
5110
4460
4955
4926
5118
4926
5029
4460
5015
4955
5012
4830
5058
4170
4934
4747
5012
4170
4460
4934
4460
5118
4934
4926
5052
4654
4962
5052
5118
5118
5012
4934
5012
4763
5110
4830
4962
4654
4460
4460
4926
5012
4962
4837
5118
5052
4962
5079
5065
4862
4955
4654
4384
4460
5041
4305
4460
4962
4926
4861
5042
4313
5118
4921
4906
5041
4132
4747
4747
4184
4145
4747
4786
4583
4384
4625
4919
4926
4810
4962
5015
5029
4132
4119
5056
4823
5095
4508
4830
5110
4589
4460
4747
5037
4197
5015
4654
4861
4830
4861
4786
4432
4971
4931
4589
5094
4305
4197
5015
4786
4589
5059
4858
4830
4861
5096
5115
4384
5110
4955
5118
5012
4560
4852
5079
5094
4654
4861
4810
5012
4335
4657
4894
4942
4727
4732
4132
4432
5030
4942
4132
4830
5015
4810
4875
4875
4875
4305
4305
5015
5012
4546
5012
4830
4955
5094
4830
4132
4589
5012
4589
4654
4132
5012
5095
5059
5037
4132
5059
4654
4654
4175
5012
4654
4460
4830
4830
5059
4589
4830
5059
5058
4384
4460
5015
4955
5096
5012
4830
5096
4830
4830
5012
5012
4810
4962
5012
5096
5094
5058
4654
5018
4776
4190
4711
4677
4221
4773
4221
4711
4221
4834
4221
4907
5014
5018
4921
4914
4460
5012
4747
4889
4853
4955
4589
5095
4971
4613
4711
4843
4327
4221
4374
4510
4733
4221
5008
4835
5029
4786
4484
4921
4751
4772
4226
5008
4848
4500
4771
4792
4469
4160
4226
4899
4221
4914
4919
4792
4720
4698
4927
4278
4510
4157
4615
4999
5110
4615
5029
4654
5012
4305
5094
4401
4561
4860
4763
4927
4862
4362
4305
4117
4899
4926
4484
5011
4424
4201
4893
4432
4615
4919
4589
5114
4589
4589
4589
4864
4589
5011
4684
4176
4604
4589
4733
4927
4175
5059
5059
5118
4654
5059
4654
5059
4950
4739
4215
4926
