9217
9218
306
861
558
558
962
728
873
276
160
160
276
160
232
711
392
870
331
513
545
513
232
483
661
879
1007
1007
787
543
224
366
104
232
232
232
19
70
32
962
1022
295
672
199
282
896
835
377
160
310
63
541
282
452
287
32
779
960
873
873
873
160
310
599
733
985
867
212
870
444
354
630
244
816
618
693
599
358
77
646
532
587
599
33
77
866
941
38
644
287
277
968
60
196
834
160
78
550
639
489
313
263
588
202
447
447
151
702
889
929
889
739
739
453
739
521
521
616
616
616
63
138
149
145
149
145
339
195
53
895
535
326
44
516
632
431
632
638
1000
145
527
389
330
931
72
195
627
330
985
138
542
496
527
452
450
202
277
613
728
281
52
78
78
606
410
606
437
850
913
330
985
867
619
196
444
21
244
816
244
313
212
330
733
535
707
758
853
340
734
916
244
489
313
409
330
733
931
47
525
361
33
931
866
707
222
693
315
279
356
345
467
23
151
929
889
135
453
739
453
606
227
913
481
138
527
431
791
444
667
145
167
121
673
661
895
535
326
44
516
632
68
953
1010
527
693
673
661
862
77
326
516
632
632
68
953
1010
340
693
691
287
356
558
960
719
281
196
918
918
606
431
852
947
266
199
282
282
377
377
435
444
806
636
657
780
36
266
786
945
475
475
260
786
945
475
475
449
449
575
123
786
91
698
295
143
22
419
522
835
232
232
861
588
62
447
447
151
702
52
135
453
943
943
606
943
5
330
444
138
852
121
599
942
33
532
941
47
266
661
682
978
62
151
702
889
889
889
739
889
739
943
521
785
1000
638
149
622
791
138
1000
145
149
339
850
954
958
62
467
504
504
52
135
135
453
606
453
606
943
776
785
943
943
685
943
791
444
138
943
145
527
685
84
834
138
618
496
257
546
853
546
618
546
816
693
195
731
879
1007
1007
941
791
791
138
21
244
816
693
589
199
282
282
377
212
870
444
806
517
1010
125
888
780
543
549
244
771
15
392
171
138
542
527
842
334
19
661
879
1007
1007
941
312
366
366
366
431
366
693
644
70
32
960
1022
264
141
174
945
475
475
80
545
603
389
633
945
475
575
287
960
960
960
513
901
310
644
70
32
960
1022
822
392
171
105
410
842
842
334
731
879
879
1007
758
38
63
534
9219
1905
1882
1960
1221
1552
1430
1243
1711
1603
1960
1794
1029
1243
1224
1594
1901
1670
1692
1027
1340
1312
1221
1475
1277
1952
1312
1283
1475
1599
1491
1221
1283
1475
1952
1438
1952
1288
1475
1942
1820
1770
1808
1491
1221
1952
1831
2034
1884
1076
2000
1928
1232
1928
1371
1928
2000
1770
1831
2034
1232
1820
1609
1852
1027
1029
1784
1221
2005
1770
1217
1545
1048
1393
1475
1944
1259
1312
1917
1670
1599
1438
1312
1682
1974
1232
1924
1371
1884
2000
1995
1995
1547
1888
1953
1330
1380
2011
1500
1491
1973
1491
1221
1335
1607
2034
2000
1454
1515
1232
1723
1723
1722
1480
1890
1945
1945
1288
1960
1966
1945
1937
1340
1890
1680
1067
1722
1882
1335
1882
1752
1765
1110
1709
1029
1082
1920
2005
2010
1743
1839
1587
1689
1324
1188
1835
1298
1780
2015
1981
1594
1924
1324
1839
1880
1043
1082
1048
1937
1620
1336
1892
1770
1746
1215
1979
1722
1048
1969
1167
1345
1594
1345
1759
1539
1636
1636
2011
1491
1491
1968
1784
1743
1330
1968
1968
1968
1711
1104
1594
1770
1368
1106
1670
1283
1475
1277
1475
1312
1171
1880
2036
1767
1277
1937
1291
1680
1794
1094
1243
1082
1722
1224
1215
1513
1352
1148
1093
1714
1048
1852
1784
1243
1660
1770
1960
1629
1179
1315
1167
1335
1835
1696
1780
1335
1148
1969
1914
1279
1881
1712
1243
1711
1330
1094
1048
1780
1221
1746
2011
1952
1094
1973
1968
1279
1914
1104
1784
1098
1214
1082
1746
1067
1832
1861
1680
1861
1277
1832
1067
1680
1781
1979
1629
1335
1554
1722
1336
1714
1336
1148
1609
1849
1839
1558
1057
1952
1960
1093
1629
2008
1945
1820
1722
1491
1336
1352
1839
1148
1098
2042
1680
1861
1067
1832
1067
1680
1861
1277
1832
1067
1680
1861
1722
1179
1969
1979
1167
1909
1484
1027
1258
1680
1728
1770
1728
1330
1380
1728
1393
1577
1599
1210
1312
1283
1475
1599
1484
1312
1258
1475
1330
1438
1728
1283
1973
1599
1438
1728
1682
1210
2007
1210
1974
1484
1475
1330
1438
1728
1094
1973
1330
1682
1728
1682
1210
2007
1448
1974
1094
1974
1968
1895
1371
1279
1277
1288
1025
1369
1280
1791
1960
1029
1336
1785
2005
1960
1393
1312
1973
1340
1277
1849
1609
1973
1475
1277
1438
2007
1232
1371
1748
1232
1628
1252
1609
1692
1288
1794
1680
1784
1221
1288
1722
1966
1945
1288
1960
1714
1547
1928
1371
1371
1995
1232
1352
1901
1882
1048
1722
1711
1794
1979
2025
1491
1758
1044
1914
1914
1448
1448
1491
1968
1968
1968
1330
1330
1330
1029
2015
1298
1696
1324
1188
1791
1722
1387
1831
1243
1594
1330
1743
1728
1807
1696
1924
1280
2017
1554
1780
1048
1188
1835
1759
1072
1901
1880
1029
1722
1998
1794
1979
1334
1188
2023
1747
1722
1752
1973
1722
1048
1794
1722
1622
1794
1330
1808
1808
1808
1722
1215
1636
1914
1914
2000
1911
1959
1903
1801
1155
1924
1349
1981
1049
1330
1518
1901
1518
1942
1728
1901
1953
1973
1770
1636
1752
1491
1094
1752
1968
1901
1330
1725
1901
2005
1048
1849
1082
1752
1689
1770
1491
1609
1770
1029
1048
1785
1330
1794
1808
1901
1882
1973
1722
1636
1752
1448
1094
1794
1968
1722
1330
1794
1722
1330
1794
1808
1722
1794
1914
1722
1491
1794
1352
1831
1794
1968
1330
1881
2010
1722
1587
1969
1352
1914
1794
1914
1914
1794
1448
1831
1968
1968
1330
1330
1587
1955
1882
1587
1914
1914
1914
1448
1448
1448
1689
1979
2017
1594
1330
2015
2015
1587
1696
1780
1215
2017
1914
1029
1448
1188
1594
1968
2015
2015
1404
1581
1780
1280
2017
1882
1029
1973
1953
2028
1791
1791
1221
1689
1968
1860
2017
1585
1918
1722
2011
1746
1448
1587
1335
1148
1952
1770
1882
1968
1882
1968
1448
1960
1094
1960
1955
2025
1587
1832
1808
1361
1953
1973
1952
1206
1880
1491
1352
1794
2011
1722
1746
1206
1770
1808
1973
1832
1882
1048
1973
1352
1952
1794
1722
1107
1215
1770
1689
1262
1104
1802
1882
1029
1722
1785
1794
1770
1750
1215
1770
1094
1048
1968
1960
1330
1945
1722
1831
1794
1335
1352
1048
2011
1722
1892
1968
1968
1831
1966
1945
1279
1675
1515
1160
1248
1675
1416
1722
1048
1794
1770
1831
1587
1206
1179
1048
1179
1547
1817
1283
1243
1094
1448
1937
1973
1969
9220
2916
2422
2916
2499
2698
2572
3060
2727
2179
2082
2880
2626
2102
2303
2238
2705
2449
2051
2641
2616
2307
2194
2374
2183
2647
3039
2359
2916
2359
2532
2320
2372
2407
2641
2992
2156
2672
2390
2124
2093
2602
2533
2647
2511
2443
2234
2090
3061
2964
2942
2452
2990
2985
2944
2735
2815
2887
2552
2933
2753
2616
2102
2953
2721
2570
2499
2399
2234
2393
2858
2204
2607
2573
2153
2445
2252
2630
2315
2687
2390
2442
2868
2721
2054
2168
2608
2627
2920
2097
2535
2398
2604
2674
2941
2164
2665
2837
2093
2582
2793
2767
2804
2616
2382
2253
2860
3008
2224
2162
3007
2818
2887
2234
2379
2572
2354
2841
2521
2371
2794
2102
2837
2275
2510
2359
2391
2262
2238
2667
2979
2667
2399
2542
2228
2916
2262
2722
2313
2166
2720
2393
2705
2581
3039
2661
2511
2620
2717
2883
2717
2177
2178
2250
2262
2667
2887
2941
2812
2825
2354
2294
2705
2057
2176
2811
2057
2897
2863
2497
2383
2275
2060
2531
2268
2805
2152
2884
2214
2573
2228
2719
2568
2953
2525
2717
2360
3033
2057
2766
2691
2568
2477
2779
2659
2966
2355
2659
2542
2804
2259
2607
2822
2934
2393
2937
2897
2324
2462
2238
2914
2400
2637
2499
2933
2354
2176
3018
2769
2423
2695
2473
2169
2766
2215
2429
2115
2521
2825
2430
2451
2371
2771
2741
2968
2993
2259
2963
2430
2313
2760
2276
2762
2627
2645
2536
2883
2506
2665
2841
2627
2888
2359
2979
2096
2590
2090
2798
2586
2765
2910
2087
2400
2531
2284
3024
3024
2453
2368
2741
2484
2423
3038
2920
2591
2766
2835
2234
2627
2219
2894
2183
2102
2266
2705
2190
2057
2922
2183
2409
2102
2672
2273
2626
2721
2736
2837
2180
2156
2756
3018
3024
2501
2933
2627
2535
3024
2272
2115
2275
2115
2307
2125
2398
2722
2637
2879
2482
2102
2252
2760
2572
2703
2102
2837
2238
2845
2506
2102
2992
2760
2793
2532
2926
2943
2506
2966
2659
3023
2398
2760
2420
2659
2779
2511
2305
2665
2614
2779
2631
2054
2564
2093
2966
2707
2879
2124
2868
2701
3043
2054
2124
2266
2701
2398
2054
2564
3068
3023
2533
2054
2608
2623
2253
2175
2466
2379
2238
2572
2421
2180
2528
2259
2499
2499
2102
2507
2864
2304
2601
2743
2266
3018
2602
2168
2535
2966
2876
2983
2253
2787
2411
2506
2877
2564
2393
2242
2178
2169
2612
2499
2343
2507
2094
3038
2955
3032
2501
2499
2234
2789
2694
2920
2815
2818
2568
2346
2841
2506
2926
2300
2875
2399
2791
2812
2756
2830
2799
2282
2884
2214
2214
2719
2719
3012
2137
2884
2119
2175
2991
3063
2126
2097
3047
2614
2511
2116
2297
2642
2841
2880
2897
2465
2916
2721
2949
2478
2817
2097
2997
2879
2484
2952
2833
2117
3067
2064
2064
2363
2363
2811
2259
2105
2150
2829
2266
2591
2627
2604
2266
2933
2259
2641
2877
3039
2371
2807
3023
2926
2064
2064
2542
2259
2178
2830
2064
2289
2162
2717
2935
2412
2255
2412
3008
2794
2444
2096
2194
2667
2979
2064
2841
2430
2536
2351
2363
2607
2774
2351
3001
3039
2590
2116
2303
2359
3067
2266
2300
2064
2363
2796
2934
2259
2528
2587
2502
3039
2525
2313
2272
2064
2793
2695
2266
2262
2363
2925
2856
2172
2667
2502
2720
2723
2195
2064
2090
2645
2804
2064
2238
2875
2812
2614
2631
2916
2766
2262
2822
2817
2195
2104
2119
2090
2388
2804
2953
2925
2837
2178
2443
2399
2262
2979
2868
2484
3065
2807
2262
2926
2090
2266
2178
3023
2581
2771
2774
2936
3039
2502
2360
2195
2622
2455
2266
2922
2673
2938
3026
2343
2147
2399
2936
2437
2535
2722
2313
3063
2195
2922
2817
2746
2064
2875
3065
2267
2090
2057
2964
2714
2949
2363
2096
2811
2858
2591
2555
2207
2863
2175
2259
2407
2665
2478
3065
2542
2811
3023
2922
2645
2090
2259
3012
2815
2995
2707
2499
2443
2837
2279
2266
2875
2102
2615
2337
2499
2769
2164
2687
3061
2707
2804
2423
2859
2598
2166
2486
2337
2876
3038
2914
2837
2691
2057
2351
2794
2346
2555
2880
2090
2429
2393
2082
2436
2102
2916
2169
2499
2102
2926
2511
2857
2766
2180
2926
2857
2394
3000
2703
2857
2307
2906
2703
2443
2169
2766
2807
2219
2568
3012
3039
2964
2247
3038
2553
2204
2947
2848
2568
2695
2859
2991
2848
2536
2926
2906
3034
2743
2124
2981
2701
2963
2564
9221
3437
3572
3437
3428
3201
3419
3602
3903
3903
3903
4033
3903
3120
3844
3179
3202
3978
3304
3638
3799
3835
3507
3073
3766
3416
3572
3358
3292
3133
3497
3937
3369
3369
3209
3851
3967
4000
3710
3185
3919
3618
3363
4050
3162
3840
4016
3388
3542
4052
3335
4053
3824
3951
3270
3335
3133
3630
3394
3933
3893
3706
3363
3981
3630
3179
3094
3372
3367
3311
3073
3559
3524
3922
3967
3209
3079
3436
3248
3525
3097
3379
3980
3751
3822
3822
3335
4032
4042
4053
3659
3997
4008
3733
3546
3513
3844
3402
3265
3106
3248
3282
3597
4053
3698
3822
4094
3437
4052
3933
3843
3952
3881
3235
3372
3367
3311
3688
3302
3903
3642
3372
3610
3851
3341
3343
3321
3219
3477
3219
4005
3389
3201
4067
4067
3805
3884
3274
3371
4055
4084
3201
3352
3346
3628
3080
3526
4088
4055
4042
3704
3504
3407
4032
3713
3400
3766
3394
3079
3838
3601
3192
3502
3826
3907
3644
4032
3967
3715
3854
3660
3398
3434
3847
3799
3583
3552
3178
3734
3771
3771
3351
3178
3861
3734
3639
3676
3340
3176
4000
3235
3787
3201
3162
4066
4045
3881
3073
3468
3507
3708
3905
4020
3676
3106
3079
3752
3864
3241
4017
3903
3418
3903
4004
3980
3634
3340
3088
3887
3542
3491
3634
3838
3317
4074
3639
3945
3303
3317
4074
3303
3593
3388
3676
3530
3773
3297
3238
4052
4093
3088
3547
3394
3105
3185
3325
4052
3743
3351
3265
3400
3235
3924
4090
4090
3557
3708
3238
3691
3485
3423
3913
3491
4066
3440
3105
3752
3913
3229
3687
3913
3491
3981
3402
3659
3791
4017
3787
3976
3918
3493
3281
3555
3449
3555
3073
3281
3555
3105
3555
3236
3542
3387
3148
3671
3686
3281
3555
3203
3877
3742
3709
3536
3275
3210
3368
3511
3275
3536
3383
3351
3715
3511
3706
3440
3156
3709
3427
3424
3730
3179
3906
3367
3313
3610
3903
3787
3682
3601
3615
4084
3487
3799
3862
3862
3436
3605
3978
3862
3507
4000
3111
3351
3111
4022
3799
3352
3934
3244
3217
3659
3870
3582
3900
3855
3676
3182
3079
3111
3799
4032
3862
3383
3335
3439
3497
3822
3822
3335
4067
3191
4067
3309
3310
3166
3334
3461
3496
3425
3729
3981
3429
3333
3367
3642
3462
3715
3216
3203
3189
4065
4070
3722
3358
3704
4045
3371
3583
4014
3822
4008
4079
3747
3297
3887
3817
3179
3461
3889
3179
3414
3372
3367
3496
3367
3311
3461
3982
3690
3940
3904
4053
3747
3950
3304
3409
3409
3634
3764
3500
3198
3077
3642
3335
3639
3989
3657
3657
3269
3178
3734
3245
3583
3820
3178
3734
3296
3329
3976
3772
3327
3715
3676
3340
3379
3630
3527
3804
3265
4030
3639
3265
3440
3924
3147
4072
3166
3737
3470
3791
3880
3531
4008
3083
4038
3566
3419
3244
3141
3176
3729
3348
4050
3358
3504
3916
3788
3517
3269
3942
3209
3520
3219
3111
3734
3856
3834
3329
3837
4094
3219
3764
3335
4084
4039
3715
3536
4056
4056
3398
3741
3924
3647
3839
3420
3244
3079
3269
3799
3329
3394
3855
3729
3459
3265
3178
4005
4004
4067
3171
3296
3855
3983
4084
3834
3218
3350
3499
3467
3296
3500
3628
4073
3351
3398
3919
3799
3175
4029
4032
3235
4052
3734
3657
3657
3269
4094
4014
3512
3219
3446
3307
4032
3217
3329
4084
3077
3477
4094
3307
3657
3269
3844
4067
4067
4067
3739
3724
3187
3235
3763
3329
3266
3771
3868
4005
3265
3500
4056
3876
3351
3924
3365
3307
3325
3795
4052
4045
4054
3916
3916
3924
4052
4094
3846
3095
3440
3772
3477
3175
3842
3313
3371
3799
3916
4005
3639
3741
3514
4039
3087
3467
3475
3351
3772
4017
3831
4084
3446
3951
3478
3742
3474
3133
4020
3511
3919
3340
3365
3237
3243
3452
3207
3610
3592
3400
3133
3333
3418
3369
3910
4094
3938
3576
3437
3437
3847
3133
4042
3133
4089
3369
3265
3952
4094
3367
3771
3072
3396
3418
3723
3975
3429
3274
3500
3733
3111
3488
3257
3187
3670
3257
3296
3825
4089
3088
3791
3237
4094
3137
4030
4017
3837
3430
3474
3141
3330
4000
3940
3677
3077
4033
3464
3787
3764
3884
4004
3414
3474
3887
3881
3497
3621
3887
3573
3786
3657
3981
4005
4033
3846
3940
3677
3950
4017
3351
3452
3690
3997
4042
3924
3398
3859
3702
3403
3114
3834
3168
3702
4000
3810
3733
3105
3238
3981
3861
3269
3382
3728
3763
4067
3760
9222
4271
4254
4505
4621
4555
4957
4403
4979
4428
4416
4710
4852
4403
4269
4678
4593
4501
4914
4797
4105
4629
4781
4629
4327
5095
4559
4501
4505
4449
4673
4502
4935
5024
4766
4254
4413
4463
4463
4271
4505
4896
4501
4254
4376
4164
4436
5008
4684
4830
4170
5110
5059
4589
4934
4927
4927
4864
4861
4889
4546
5068
4322
4885
4952
4497
4704
4767
4604
4405
4542
4100
4269
4163
4229
4260
4754
4768
4345
4974
4251
4501
4227
4855
4855
4856
4170
4654
4150
4460
4258
5009
4864
4566
4401
4525
4851
4474
4501
4853
4948
4164
4160
4581
4971
5058
4150
4830
4739
4589
4856
4889
5029
4704
4760
4952
5047
4752
4812
4542
4555
4745
5026
4675
5078
5071
5025
4588
4348
5108
4692
4398
4123
4386
4193
4448
4227
5108
4482
4270
4272
4227
4424
4204
4621
4776
5059
4224
5118
4810
4384
4962
4625
4919
4900
4099
4488
4412
4754
4505
4960
4643
4750
4434
4164
4680
4751
4165
5029
4156
5059
4625
5042
4179
4129
4711
5007
4907
5079
4683
4193
4692
5034
4156
4765
4374
4861
4504
5108
4202
4659
4747
4739
4302
4226
4134
4855
4190
4855
4855
4855
4613
4488
4405
4563
4284
4452
5030
4809
4314
4803
4339
4821
4358
4325
4942
4727
5074
4728
5030
4820
4977
4786
4176
4327
4283
4135
5075
4314
4574
4272
4991
4153
4560
4983
4608
5090
4755
5094
4484
4558
4657
4140
5032
4558
4243
4985
4490
4942
4498
4243
4350
4511
4733
4659
4845
4927
4182
4174
5067
4728
4942
4488
4727
4727
4636
5030
4942
4328
4801
4918
4650
4921
4301
4452
4366
4829
4176
4654
4628
4865
5049
5074
4381
5011
4710
5014
4160
4705
4767
4443
4660
5010
4864
4660
4800
4233
4153
4588
4727
4558
4358
4616
4942
5067
4727
5008
4728
5054
4942
4727
4727
5067
4809
5011
4830
4296
4786
4151
4628
4704
4834
4979
5102
4600
4774
4542
4704
4998
4752
4646
4988
4193
4586
5005
4855
4096
4416
4692
4711
4884
4988
4596
4457
4855
4296
4854
5087
4413
4855
4325
5041
4221
4852
4221
4884
4884
4587
4221
4783
5042
4751
4978
4711
4432
5108
5031
4197
4200
4855
4193
4132
4132
4852
4625
4339
4432
4100
4269
4836
4269
4428
4834
4928
4745
4678
4405
4498
4114
4559
4855
4855
4559
5102
4855
4855
4398
4855
4340
4274
5052
4150
4971
4876
4770
4151
4613
4885
4100
4542
4704
4952
4403
4500
4529
4651
4651
4810
4728
4269
4862
4950
4132
4860
5052
4460
4862
5034
4574
4432
4500
4860
4398
4500
4754
4342
4193
4771
4919
4907
4907
4337
4654
5108
5108
4813
4988
4193
4908
4374
4893
4153
4684
4484
4440
4997
4097
4498
4905
4325
4684
5102
4481
4687
4519
4733
4810
5031
4296
4373
5072
4919
4153
4398
4524
5025
4760
4661
4656
4389
4153
5110
4955
4905
4861
4139
5037
4757
4400
4096
5079
4721
4156
5108
5108
4287
4096
4157
4211
4348
4988
4978
5108
4296
4926
4624
4810
4332
4919
5079
4625
4889
4927
4654
5079
4869
5108
4544
5007
4227
5019
4988
4348
4735
5108
5007
4337
4971
4412
4701
4784
5108
4258
4424
4625
4604
4546
4348
4193
4698
4227
5078
4905
4211
4410
4346
4813
5037
4274
4193
4258
4731
4574
4193
4862
4813
5007
4211
4296
4197
4348
4609
5108
4784
4418
5042
4282
4331
4933
4546
5032
4123
4096
4156
4978
4813
4662
5108
4784
4936
4546
4829
5095
4593
4662
4779
5108
4931
4845
4196
5025
4662
5011
4813
4135
4096
4691
4196
5025
4927
4905
5108
4432
5007
4096
4255
4196
4346
4379
5108
4903
4170
4691
4197
5037
4119
4620
5108
4733
4184
4197
5041
5025
4533
5108
5108
4893
4977
5029
4754
4829
4988
4587
4903
4231
4406
4164
4593
4629
4629
4418
4906
4928
4948
4505
4501
4600
4254
4283
4435
4226
4629
4629
4629
5095
4624
4119
4710
4119
5011
4673
4948
4593
4918
4707
4244
4314
4752
4782
4786
4284
4140
4987
4613
4921
5011
4106
5108
4173
5061
4477
4196
4593
4386
4865
4900
4707
4096
4181
4431
4678
4224
4418
4117
4644
4763
4967
5042
4342
4346
4787
4153
4783
4123
5041
4684
4113
4681
5029
4908
4707
4810
4342
5094
5037
4210
4900
4296
5099
4625
4654
4651
4955
4587
4587
4484
4554
4424
4145
4810
4145
5077
4803
4851
4106
5029
4428
4854
4337
4239
4856
4432
4919
4121
4203
4628
4604
4242
4464
4448
4702
4985
