9217
9218
194
668
482
482
482
24
482
104
888
232
313
191
924
733
423
787
38
982
392
870
760
760
542
496
21
916
549
549
549
24
888
403
403
664
84
478
107
630
542
982
627
870
331
760
630
563
734
564
549
549
549
564
494
403
167
664
119
551
107
749
222
693
627
870
479
749
630
542
496
527
121
996
278
955
423
44
268
38
118
834
465
779
960
1022
143
212
315
954
558
728
728
504
918
553
918
135
410
563
852
852
918
664
224
224
494
852
525
392
171
760
454
28
496
21
167
549
549
494
888
125
403
403
664
118
870
354
780
780
693
525
392
479
760
667
496
125
734
549
549
549
244
494
244
403
711
672
478
354
563
496
244
693
565
392
171
760
630
816
244
549
549
494
244
494
244
494
313
661
661
862
1007
44
941
941
622
392
478
749
749
542
638
195
649
733
423
667
707
840
247
212
46
779
960
1022
143
143
315
824
558
120
504
728
504
918
912
918
918
410
639
918
852
982
191
924
423
866
524
38
525
392
171
760
28
835
410
947
996
330
733
423
866
758
38
315
942
895
697
44
524
941
525
392
331
419
758
38
24
313
649
924
733
866
758
38
313
191
278
955
423
44
76
982
627
870
479
354
667
630
21
564
549
549
494
244
494
403
403
757
191
733
423
646
44
268
247
118
870
989
749
749
340
638
121
913
330
733
866
787
840
121
315
779
779
960
960
295
143
315
588
558
728
504
414
135
276
918
918
1016
918
639
644
861
558
558
120
728
1022
1022
295
392
870
760
105
410
852
649
924
985
867
758
888
232
313
315
824
558
120
728
388
873
951
392
392
331
105
410
918
36
649
924
733
866
758
38
996
278
955
423
995
516
758
492
212
392
171
80
566
835
852
19
649
924
423
866
758
313
191
278
358
697
1007
524
941
38
525
870
478
749
749
542
638
121
996
330
733
423
707
340
212
435
444
389
465
120
1022
143
349
315
954
558
728
504
917
504
333
5
453
606
453
606
453
339
521
913
733
138
816
241
982
392
870
479
138
563
241
241
622
330
481
953
707
241
121
673
661
862
77
1007
516
76
68
212
392
171
138
953
842
693
996
330
733
423
866
758
693
19
661
942
77
1007
941
941
38
951
870
509
354
542
1010
780
685
549
563
549
244
74
438
167
664
534
9219
1979
1335
1675
1675
1675
1283
1861
1315
1352
1148
1048
1330
1315
1881
1558
1937
1979
1315
1368
1094
1607
1607
2034
1775
1775
1368
1368
1960
1345
1750
1835
1694
1925
1317
1448
1317
1279
2025
1775
1188
1694
1587
1694
1585
1334
1448
1622
1775
1334
1252
1900
2043
1454
1104
1248
1248
1248
1248
1160
2000
1628
1775
1335
1835
1675
1711
1981
1914
1160
1675
1160
1780
1345
1248
1675
1711
1981
1345
1160
1675
1160
1780
1345
1160
1279
1711
1248
1345
1160
1675
1711
1924
1345
1160
1279
1334
1998
1496
1262
1352
1775
1279
1991
1279
1334
2043
1900
1155
1711
1248
1345
1160
1981
1899
1924
1345
1160
1924
1515
1248
1899
1160
2034
1155
1248
1675
1248
1248
1181
1248
1723
1694
1711
1696
1835
1317
1694
1899
1160
2015
1345
1155
1981
1334
1924
1155
1160
1675
1899
1155
1981
1334
1924
1155
1248
1345
1899
1248
1981
1895
1924
1155
1248
1711
1722
1979
1554
1345
1675
2034
1279
1775
1248
1160
1160
1607
1155
1899
1924
1924
1694
1694
1334
1334
1607
1607
1248
2034
1775
1680
1808
1179
1491
1048
1215
1179
1968
1937
1969
1179
1179
1775
1981
1899
1188
1694
1835
1345
1585
1334
1279
1334
1775
1368
1899
1188
1515
1981
1252
1900
1368
1696
1345
1345
1345
1345
1334
1723
1748
2023
2023
1900
1714
1221
1770
1448
1722
1675
1722
1048
1345
1048
1955
1587
1924
1345
1160
1279
1711
1248
1675
1160
1317
1097
1349
1675
1094
1694
1835
1694
1981
1653
1900
2041
1130
1594
1770
1968
1352
1955
1243
2034
1952
1794
1960
1895
1675
1899
1723
1899
1924
1723
1160
1780
1335
1981
1924
1160
2000
1981
1780
1104
1155
1248
1345
1981
1991
1248
2017
1952
1660
1746
1188
1448
1924
1587
1167
2015
1914
1594
1554
1969
1899
1587
1831
1094
1899
1969
1334
1587
1895
2025
1248
1554
1155
1884
1914
1622
1622
1914
1371
1587
1884
1791
1104
1448
1167
1775
1775
1160
1368
1345
1345
1345
1675
2034
1248
1248
1248
1160
1160
1705
1315
1914
1831
1048
1048
1694
1587
1969
1969
1969
1955
1094
1094
1775
1188
1587
1587
1694
1835
1969
1969
1969
1775
1831
1831
1368
2025
1179
1179
1607
1694
1952
1831
1960
1775
1585
1955
2010
1775
1969
1547
1554
1775
2025
1942
1675
1048
1969
1914
1554
1279
1979
1279
1882
1324
1330
1048
1924
1335
1160
1279
1711
1914
1554
1968
1368
1558
1955
1335
1914
1587
1368
1969
1352
1448
1775
1104
1148
1104
1279
2015
1094
1607
1966
1335
1587
1979
1905
1955
1448
1924
1831
1914
1048
1554
1794
1607
1969
1554
1895
2015
1334
1368
1694
1694
1558
1977
1899
1899
1969
1899
2015
1747
1758
1315
2015
1770
1770
1167
1675
1711
1831
1188
1181
1279
1973
1167
1675
1368
1448
1554
1914
1899
1330
1831
1345
1160
1969
1969
1969
1884
1094
2025
1554
1995
1587
1029
1977
1694
1694
2015
1969
1969
1248
1167
1775
1831
1368
1368
1711
1977
1914
1675
1675
1448
1248
1368
1368
1094
1515
1914
2034
2034
1694
1694
1694
1554
1554
1884
1780
1831
1696
1448
1694
1587
1694
1587
1694
1094
1675
1969
1895
1587
1188
1831
1981
1924
1884
1969
1775
1160
1711
1979
1554
1345
1345
1622
1622
1895
1675
1711
1969
1345
1160
1675
2025
1924
1345
1160
1279
1711
1248
1675
1160
1675
1914
1924
1345
1160
1448
1345
1949
1589
1587
1694
1448
1780
1104
1969
2000
2000
2025
2000
1969
1345
1587
1924
1711
1248
1554
1924
1334
1711
1775
1181
1155
1279
1884
1248
1622
1160
1104
1160
1248
1694
1188
1279
1181
2000
1345
2000
1334
1835
1977
1696
1502
1244
1502
1502
1502
1502
1502
1918
1705
1839
1513
1152
1152
1152
1152
1152
1152
1839
1784
1152
2001
1949
1969
2042
1044
1352
1044
1336
1585
1335
1585
1794
1167
1947
1352
1979
2011
1881
1675
1675
2025
1368
1892
1892
1892
1720
1720
1720
1775
1775
1775
1694
1317
1104
1104
1248
1248
1775
1775
1368
1227
1973
2008
1243
1094
1206
1937
1973
1048
1831
1094
1484
1206
1973
1831
1775
1188
1899
1981
1694
1607
1334
1594
1334
1775
1334
1775
1981
1899
1758
1445
1461
1352
1849
1335
1881
1585
1206
1206
1148
1352
1892
1722
2008
2010
1335
1044
1794
1148
1352
1711
1892
1722
1082
1104
1831
1892
1585
1949
1775
1335
1835
1279
1054
9220
2682
2608
2701
2701
2701
2687
2398
2999
2492
2622
2894
2894
2207
2398
3038
2398
2398
2433
3043
2947
2421
2180
2234
2857
2394
3000
2992
3034
2857
2707
2510
2938
2082
2090
2313
2313
2238
2512
2707
2506
2535
2525
2765
2351
2510
2667
3051
2510
2791
3012
2889
2813
2097
2546
2546
2343
2728
2240
2876
2801
2801
2240
2632
2266
2182
2224
2259
2665
2591
2801
3065
2604
2627
2627
2182
2936
2259
2922
2591
2801
2465
3051
2627
2907
2753
2933
2907
2119
2888
2274
2057
2926
2627
2907
2272
2777
2365
2097
2455
2360
2887
2272
2665
2992
3065
2411
2889
2360
2868
2601
2219
3069
2691
2279
2926
2627
2968
2720
2933
2956
2119
2612
3063
3011
2863
2801
2642
2311
3034
2938
2991
3047
2467
2330
2277
2478
2989
2883
2604
2667
2649
2818
2735
2897
2990
2728
2604
3069
2607
2180
2443
2897
3063
2877
2990
2162
2649
2162
2818
2897
3063
2877
2986
2644
2717
2956
2632
3065
2721
2741
2644
2741
2399
2735
3007
2568
2877
2343
2388
2598
2612
2721
2535
2591
2546
2350
2728
2612
2642
2754
2371
2632
2482
2947
2430
2720
2482
2238
2938
2313
3051
2176
2887
2888
2721
2399
2655
2933
2199
2313
2506
2153
2568
2506
2535
2531
2985
3007
3069
2907
2717
2825
2399
2945
2944
2741
2057
2741
2452
2741
2741
2788
2771
2717
2275
2815
2661
2393
2234
3039
2222
3000
2538
2178
2259
2627
2484
2753
2307
2791
2219
2535
2990
2910
2478
2626
2573
3034
2665
2399
2925
2535
2907
2411
2452
2735
2736
2933
2388
2590
2175
2300
2581
2963
2721
2926
2485
2535
2399
2390
2591
3065
3065
2484
2147
2097
2735
2399
2399
2980
2644
2876
3023
3023
2083
2314
2097
2568
2661
2691
2638
2715
2616
2771
2393
2238
2771
2313
2811
2054
2968
2429
2259
2715
2926
2691
2800
2064
2972
2766
2863
2812
2119
2574
2936
2492
2665
2535
2354
2274
2914
2859
2398
2224
2511
2511
2868
2642
2642
2644
2717
2399
2945
2944
2721
2741
2057
2399
2811
2859
3065
2604
2811
2219
2313
2398
2398
2398
2360
3038
3038
2215
2215
2215
2512
2811
2215
2215
2279
3020
2176
2546
2769
2920
2811
2482
2182
2837
2482
2627
3034
2883
2482
2199
2963
3023
2234
3051
3051
2858
2054
2399
2876
2477
2992
2637
2661
2627
3039
2259
2465
2926
2485
2938
2907
2615
2168
2179
2082
2354
2934
2601
3038
2963
2841
2645
2368
2992
2943
2869
2313
2147
2279
2897
2164
3039
2627
2422
2815
2811
2691
2388
2090
2906
2147
2372
2933
2374
2531
2246
2182
2876
2789
2259
2199
2699
2818
2771
2616
2591
2857
2815
2938
2791
2888
2630
2990
2815
2705
2695
3008
2691
2333
3065
2771
2876
2521
2351
2275
2199
2607
2721
2354
2492
2798
2894
2753
2343
2894
2651
2090
3039
2869
2429
2793
2581
2259
2942
2215
2793
2215
2897
2219
2215
3039
2215
2791
2215
2876
2887
2430
2920
2947
2947
2947
2769
2968
2246
2246
2430
2632
2722
2604
2817
2419
2630
2275
2399
2926
2769
2581
2419
2573
2573
2964
2863
2054
2637
2864
2531
2637
2300
2492
2888
2665
2182
2627
2936
2766
2064
2343
2531
2992
2887
2219
2990
2535
2655
2791
3039
2944
2240
2398
3063
2825
2722
2789
2064
2564
2564
2869
2789
2859
2512
2411
2591
2644
2722
2791
2246
2756
2721
2691
2430
2811
2429
3039
3065
2791
2119
2601
3039
2419
2851
2766
2581
2535
2274
2968
2868
2964
2800
2119
2665
2054
2887
2627
2661
2720
2224
2724
2064
2735
2972
2876
2695
2665
2907
3007
3047
2907
2699
2949
2715
2224
2506
2465
2531
2126
2535
2936
2619
2090
2313
2717
2986
2252
2862
2449
2959
2449
2182
2906
2273
2295
2295
2295
2295
2372
2194
2176
2131
2810
2947
2176
2515
2372
2515
2515
2732
2219
2393
2136
2563
2242
2563
2242
2899
2353
2899
2857
2262
2542
2821
2585
3065
2671
2643
2604
2615
2615
3034
2585
2436
2219
2311
2645
2953
2841
2821
2585
2949
2720
2944
3023
2801
2467
2281
2919
2372
2827
2847
2281
2919
2847
2281
2847
2281
2827
2847
2281
2919
2414
2703
2531
2346
3034
2977
2090
2307
2691
2199
2887
2182
2429
2535
2521
2563
2542
2563
2136
2376
2242
2899
2353
2899
2563
2136
2563
2242
2604
2604
2590
2591
2720
2657
2259
2814
2972
2964
2949
2503
2238
2433
2720
2262
2503
2814
2603
2891
2777
9221
4042
3814
3752
3559
3080
3201
3494
3527
3079
3751
3333
3917
3538
3670
3079
3328
3093
3634
3077
4005
3257
3883
3202
3576
3387
3868
3997
3310
4030
3880
3533
3542
3188
3976
3822
3976
3368
3188
3095
3368
3182
3368
4036
3368
3919
3676
3368
3202
3741
3904
3893
3891
3847
3463
3727
3595
3676
3340
3893
4072
3891
3576
3741
3723
3934
3950
4079
3542
3924
3747
3889
3676
3576
3742
3807
3647
4079
3918
3869
3080
4030
4028
3933
3869
3297
3340
3500
3715
3869
3424
3676
4039
3924
3952
3542
3237
3982
3880
3205
3463
3111
3743
4088
3919
3368
3891
3674
3807
4042
4042
4005
3869
4088
3733
3859
3727
3952
3904
4088
3935
3715
3997
3727
3401
3933
4072
3950
3414
4088
3934
3348
4008
4042
3198
3088
3166
3478
3120
3111
3327
3839
3942
4052
3338
3987
3747
3739
4039
3933
3747
3437
4039
3437
3997
3325
3966
4042
3940
3987
4008
3764
3674
3284
3880
3080
3595
3901
3073
3966
3834
3325
3137
3632
3478
3470
3751
3270
4052
3782
4072
3876
3904
3747
4005
3904
3727
3676
3893
3747
3726
4045
3551
3304
3917
3270
3933
3743
3175
3406
3205
4045
3095
3423
3414
3468
3185
3934
4010
3313
3368
3542
3368
3856
3313
3727
3621
3185
4079
3952
3880
3747
3310
3682
4042
3987
3559
3952
4079
3704
4009
3782
3904
3981
3270
3365
4042
4033
4029
3859
3340
3208
3922
3387
4000
3729
3647
3680
3834
3274
4042
3166
3869
3368
3201
4087
3783
3105
3845
3274
3110
3400
3704
3893
4039
3725
3446
3770
3185
3847
3474
3258
4055
3313
3235
3929
3901
3742
3690
4079
3924
3772
4079
3582
3676
4008
3400
3727
3727
3526
3997
3325
3950
4039
4039
3327
3952
3743
3893
3859
3467
3216
3406
3887
3844
3876
3868
3844
3388
3831
3073
3710
3844
3844
3416
4008
3649
4030
3182
3270
3526
4063
3079
4053
3554
4053
4042
3940
3924
3997
3351
3235
3951
3474
3270
3870
3727
3870
3837
3870
4017
3111
3682
3901
3952
4087
3424
3889
3500
3511
3891
3088
3847
3870
3634
4029
3235
3500
3933
3209
3724
3727
4005
3715
4055
3870
3870
3446
3842
4017
3335
3933
3336
3887
3388
3591
3945
3980
3859
3347
3388
3856
3257
3884
3845
3632
3869
3859
3446
3446
3647
3576
4005
3595
3887
4079
3901
3724
4055
4030
3365
3094
3452
3383
3551
3514
3538
3704
3338
3488
3093
3497
3559
3347
3880
3952
3292
3189
3870
3491
4042
3652
3111
3997
3185
3282
3110
4008
3899
3887
3488
3488
3078
3938
3463
3073
3753
3105
4004
3950
4042
3526
3869
3876
3727
3845
3257
3706
3110
3868
3825
4042
3388
3388
3526
3205
3345
3582
3639
3934
4063
3924
3166
3674
4032
3491
3079
4073
4053
3639
3347
3934
4053
3111
3634
4045
3764
3491
3463
3428
3698
3870
3634
3870
4029
3887
3162
3945
3870
3887
3727
3093
3235
3162
3621
4088
3741
3935
3869
3335
3983
3747
3945
3883
3727
3727
3764
3980
3844
3876
3868
3831
3710
3428
3997
3869
3710
3710
3987
3704
3452
3831
3333
3831
3831
3526
3710
3747
3945
3649
4053
4089
3533
3893
3847
3741
3907
3292
3474
3296
3559
3296
3491
3500
4088
3634
3751
3582
3940
3870
3280
3463
3531
3387
3934
3870
4042
4042
3870
3870
4042
3870
3526
3893
3825
3704
3945
3727
3868
3257
4042
3868
3297
3335
4039
3573
3869
3428
3088
3257
3257
3980
3482
3088
3284
3098
4088
3080
4032
3876
3198
3742
3690
3844
3869
3950
3737
3576
3205
3876
3844
3531
3997
3551
3080
3202
3704
4053
3940
3670
4042
3952
3751
3847
3855
3782
3491
3526
3652
3325
3495
3634
3951
3870
3094
4039
3261
3503
3653
3301
3217
3464
3634
3513
3945
3648
3131
3162
3394
4089
3257
3648
3591
3394
3252
3651
3177
3205
3698
3605
3350
3469
3642
3257
3345
3804
3839
3982
3526
3527
3442
3642
3461
3398
3743
3328
3148
3325
3467
3937
3515
3784
3338
3463
3148
3500
3338
3462
3942
4059
3526
3922
3372
3872
3924
3893
3747
3653
3436
3144
3103
3109
3373
3694
3201
3105
3365
4050
3315
3527
3094
3147
3727
3235
3812
3812
3727
3388
3876
3933
3987
3891
3535
3868
3110
3747
3727
3374
3738
3912
3733
4004
3966
4084
4052
3270
3924
3311
3296
4000
3676
3367
3372
3942
3687
4052
3158
4051
3073
3687
3485
3536
3592
3210
3687
3485
3868
3526
3280
3924
3330
3747
9222
4744
4784
4481
4705
4833
4976
4561
4313
5075
4153
4105
4907
4645
4571
4477
4645
5109
4906
4533
4615
5011
4272
4755
4786
4615
4919
4269
5029
4971
4381
4490
4221
4864
4711
5008
4905
4249
4510
4510
4853
4876
4525
4221
4971
4221
4242
4720
4484
4763
4921
4145
4934
5052
4132
4170
4934
4934
4533
4983
5058
4889
5110
4977
4853
4654
4979
4120
4860
5029
5011
4483
4921
4684
5015
4821
4484
4955
4898
5029
4862
5011
4546
5052
4754
4185
4983
4905
5037
5079
4943
4949
4919
5052
5029
4197
4221
4460
4955
4221
4703
5054
4221
4770
4221
4983
5012
5118
4384
4384
4132
4751
4830
4934
4561
4919
5058
4905
4197
5012
4284
4767
5011
4654
4919
4489
4810
4926
4484
4132
5118
5057
5114
4830
4770
4903
4919
4864
4431
4938
4972
4145
5058
4999
4889
5037
4379
4852
5041
4889
4934
5094
4384
5095
4460
4852
4786
4862
4546
4864
4926
4132
4934
5058
4835
4889
4705
4176
4860
4460
5018
4654
4120
4853
4717
4629
4678
4720
5095
4460
4460
4424
4654
4432
4678
4955
4337
4431
4197
4132
4224
4346
5042
5011
4717
4574
5059
4770
5086
4221
4905
4221
4733
4711
4710
5094
4510
5011
4810
4221
4934
4384
4483
4894
4934
4145
4860
5012
4384
4927
4589
5118
5011
4830
4889
4905
5037
4810
4931
4931
4170
4170
5052
5011
4852
4661
4490
4860
4498
4337
4554
4622
4114
4678
4717
4615
5012
4132
4465
4272
4955
4702
4722
4720
4654
4170
5114
4814
4927
4432
5115
5094
4460
4934
4955
5118
5079
5077
4581
4656
4153
4327
4379
4998
4821
4864
5094
4919
4615
4720
4860
5114
4615
4907
4914
4786
4615
5029
5079
5115
4226
4861
4170
5114
5058
4861
4615
5068
4625
5095
4404
4413
4966
5094
4852
4274
4975
4248
5096
4776
4175
5011
5118
4875
4299
4955
4621
4999
5096
4763
4448
4313
4197
4528
4313
4853
4786
4490
4283
4829
4305
4861
4305
5029
5026
4983
4676
4903
4676
4919
5058
4977
5114
4132
4905
4201
4931
5095
4931
5114
4432
4829
4732
4175
4458
4875
4884
4437
4336
4763
4745
4210
5095
4490
4862
4483
4710
4860
4448
4413
5037
4829
4974
4474
4755
4786
4955
4875
4574
4374
4955
4710
4181
4460
5038
4739
5059
4830
4656
4979
4560
4754
5096
4197
4829
5011
4615
4226
4643
4819
4710
4922
4546
5029
4829
5054
4931
4132
4787
4654
4853
4377
4862
5029
4999
5099
4998
5094
4513
4175
5045
4386
4971
4432
4861
4483
5045
4145
4589
4829
5045
4600
4961
4927
4860
4621
5079
4589
4589
4615
4905
4114
5054
5037
4599
4821
4424
4713
4711
4150
4226
4717
5079
4919
4739
4678
5059
4513
5059
4210
4589
4197
4398
4853
4170
4862
4145
5096
4999
4362
4305
4197
4274
4484
4197
4661
4204
4424
4822
4621
5045
4784
4767
4861
4168
4305
4106
4862
5041
4751
4786
4776
4861
4175
4926
4854
4175
4854
5059
4519
4921
4861
4861
4852
4119
5041
4437
4533
4829
4175
4810
5011
4941
4830
4717
4460
5059
4678
5037
4215
4379
4678
4432
5041
5042
5096
4197
4906
4639
4732
4654
4770
4197
4615
5096
5096
4132
4711
4853
4905
4525
4305
5009
5099
4305
5012
4484
4305
4927
4432
4305
4482
4296
4873
4282
4905
4132
4822
4919
4861
4589
4175
4224
4346
4829
4589
4861
4599
4754
4861
4170
4830
4733
4654
4905
5059
4829
4763
5059
4132
4283
5011
4346
4864
4860
5059
4898
4862
5042
4754
4861
5041
4615
4766
4861
4830
4175
4175
4739
5096
4482
4854
4860
4283
4763
4305
4830
4810
4755
5029
4305
4305
5079
4852
4460
4822
4384
4810
4861
5045
4654
4170
4861
4873
4770
5031
4636
4305
4435
4586
5098
4265
4372
4428
4627
4757
4760
4509
4636
4574
4471
4608
4533
4372
4251
4372
4754
4574
4445
4905
4841
4269
4295
4921
5071
4773
5037
4882
5109
4554
4711
4861
4971
4449
4875
4182
5011
4435
4684
4927
4249
4865
4546
5079
4710
4322
4284
5079
4332
4919
4830
5042
4829
4866
4478
4927
4889
4830
4866
4700
4440
4814
4170
4773
4949
4513
4961
4925
4948
4371
4923
4675
4936
4733
4145
4861
4893
4132
4971
4615
4170
5094
5037
4921
4145
4432
5094
5011
4571
4542
4625
4659
4763
4864
4229
4337
4672
4379
4852
4861
4773
4875
4525
4942
4893
4918
4398
4327
4558
4226
4829
4678
4384
4546
5041
4114
4657
4926
4728
4342
4402
4615
