9217
9218
194
668
668
668
618
482
482
979
372
79
902
50
225
360
114
114
783
783
510
777
777
777
14
979
723
979
492
503
609
360
114
114
783
783
777
777
777
14
14
461
975
142
492
429
53
360
114
783
783
783
777
777
461
14
14
14
975
492
765
925
919
778
1011
832
832
152
732
543
224
111
111
111
79
349
765
607
919
778
1011
832
254
152
853
543
723
111
79
79
79
334
429
609
360
114
114
783
783
777
777
777
777
878
878
878
466
334
499
919
919
1011
1011
679
152
659
387
387
111
111
111
466
334
988
499
919
778
461
1011
679
562
562
562
387
703
466
624
466
765
598
919
778
1011
832
868
133
181
541
353
1015
703
703
466
466
212
341
609
114
114
783
783
783
777
777
777
878
878
878
878
334
499
919
919
1011
1011
832
679
466
589
181
353
1015
703
703
466
466
757
499
637
919
1011
1011
832
152
562
562
387
111
111
466
466
402
765
607
919
778
1011
679
679
276
181
541
1015
1015
703
466
466
503
53
360
114
114
783
783
777
777
777
777
878
878
878
878
466
765
607
919
778
1011
679
679
562
562
589
181
541
1015
1015
111
466
349
499
460
919
1011
1011
832
679
562
562
562
703
111
111
466
349
499
925
919
1011
1011
679
679
466
181
541
353
1015
781
111
24
519
897
316
114
114
783
783
783
777
777
777
878
878
878
878
466
757
499
919
778
1011
679
679
562
466
181
541
276
1015
703
466
466
349
765
637
919
778
1011
679
679
562
276
387
562
111
111
466
466
349
499
460
919
1011
1011
832
254
982
181
541
353
1015
781
142
455
334
341
609
114
114
783
783
783
777
777
777
878
878
461
878
466
765
607
919
778
1011
679
679
562
466
181
541
353
1015
703
466
466
349
499
637
919
16
1011
679
679
562
562
562
111
111
466
24
466
988
499
919
778
1011
679
679
562
589
181
541
1015
703
703
466
466
109
341
316
114
114
783
783
783
777
777
777
878
878
878
878
466
765
607
919
778
1011
679
679
562
562
181
541
353
1015
703
466
466
109
499
460
778
1011
1011
679
562
562
562
276
703
703
703
466
402
499
925
919
778
1011
832
254
19
181
541
1015
80
303
466
466
334
897
316
114
114
783
783
783
777
777
777
878
878
878
878
466
765
607
919
778
1011
679
679
466
589
541
541
1015
1015
781
534
9219
1188
1331
1924
1181
1188
1298
1780
1181
1188
1298
1780
1181
1188
1835
1924
1694
1753
1327
1331
1324
1317
1981
1924
1694
1181
1981
1298
1780
1317
1981
1155
1924
1181
1188
1155
1924
1895
1188
1155
1899
1324
1188
1835
1924
1694
1181
1675
1155
1694
1317
1188
1720
1899
1181
1188
1298
1780
1723
1160
1232
1515
1607
1995
1547
1924
1903
1248
1884
1248
1903
1895
1777
1895
1515
1981
1777
1607
1777
1884
1622
1995
1160
1903
2000
1903
1884
2000
1991
2035
1481
1975
1841
1877
1998
1996
1565
1217
1993
1798
1896
1191
1830
1813
1709
1813
1998
1998
1764
1996
1263
1993
1993
1403
1896
2010
1392
1813
1813
1813
1896
1920
1664
1664
1263
1666
1597
1610
2032
1564
1287
1813
1813
1998
1764
1664
1664
1664
1993
1975
1237
1610
1610
1813
1813
1813
1813
1998
1291
1664
1839
1565
1565
1250
1610
1610
1410
1813
1391
1813
1813
1998
1664
1664
1565
1565
1993
1610
1610
1410
1410
1287
1813
1813
1764
1764
1664
1664
2008
1743
1526
1557
1930
1410
2032
1526
1813
1915
1351
1950
1452
1597
2032
1950
1666
1597
1555
2032
1666
2028
1452
2003
1626
1597
1626
2032
1583
1583
1892
1690
1950
1545
1993
1610
1057
1057
1867
1788
1813
1813
1998
1896
1920
1664
1217
1993
1993
1759
1057
1703
1287
1287
1813
1998
1637
1920
1664
1664
1588
1993
1993
1896
1896
1410
1583
1813
1813
1813
1764
1764
1788
1588
1993
1993
1798
1759
1896
1564
1813
1813
1857
1666
1838
1664
1996
1565
1565
1755
1755
1755
1867
1755
1626
1557
1940
2032
1940
1960
1392
1830
1883
1689
1849
1191
1993
1785
1610
1217
1915
1993
1838
1560
1263
2010
1993
1996
1410
1743
1920
1993
1860
1057
1666
1354
1367
1427
1583
1059
1838
1993
1996
1896
1993
1838
1367
1418
1564
1250
2017
1367
1664
1191
1993
1354
1610
1263
1896
1993
1838
1558
1849
1998
1743
1838
1410
1666
1354
1993
1291
1410
1059
1354
1993
1664
1057
1849
1764
1759
1664
1057
1788
1354
1652
1664
1057
1993
1764
1759
1291
1896
1250
1838
1759
1664
1057
1993
1764
1558
1788
1896
1993
1188
1610
1788
1998
1175
1690
2035
2006
2028
2035
2032
1690
1690
1788
2032
1690
2035
1896
1690
1481
1519
1216
1886
1690
1690
2046
2046
1057
1280
2017
1581
1788
1057
1993
2017
1610
1263
1057
1993
1835
1780
1188
1594
1993
1291
1759
1788
1998
1993
1764
1410
2015
1835
1694
1291
1759
1263
1998
1759
1291
1057
2015
1998
1759
1291
1057
1993
1835
1780
1188
1896
1993
1764
1780
1664
1896
1993
2017
1759
1664
1594
1993
1764
1759
1263
1896
1993
2017
1759
1788
1998
1993
1764
1759
1993
1835
1369
1785
2010
1782
1860
2006
1666
1896
1996
1057
1837
1896
1250
1839
1161
1666
1403
1996
1966
2008
1436
1788
2032
1849
1594
1993
1950
1993
1920
1597
1764
1403
1996
1057
1664
2006
1849
2010
1743
1998
1666
1931
1743
1526
2006
1664
1610
1104
1896
1335
1270
1846
1354
1250
1920
1993
1354
1759
2017
1610
1838
1403
1418
1191
1789
1270
1059
1354
1743
1354
1403
1354
1161
1996
1403
1664
1610
1516
1896
1664
1410
1263
1354
1993
1354
1993
1838
1610
1764
1610
1664
1610
1215
1392
1059
1998
1993
1354
1161
1838
1993
1996
1610
1838
1597
1664
1410
1263
1896
1250
1998
1651
1452
1626
1635
1626
1635
1583
1867
1755
1635
1867
1392
1217
2017
1557
2017
1410
1867
1403
1788
1896
1788
1594
1993
1896
1743
2017
1993
1764
1558
1291
1896
1664
1057
2015
1896
1513
1191
1993
1998
1250
2017
1161
1664
1979
1996
1896
1666
1896
1263
1583
1993
1998
1993
1764
1993
1764
1610
1764
1558
1996
1597
1516
1403
2015
1597
1250
1998
1993
1764
1993
1764
1652
1664
1610
1104
1896
1666
1410
1215
1206
1936
1703
1206
1993
2017
1638
1581
1743
1427
1764
1410
1369
1427
2017
1410
1743
1280
2017
1057
1759
1849
2017
1696
1759
1280
2017
1410
1367
1664
1354
1410
1161
1664
1764
1410
1367
1750
1838
1410
1367
1664
1998
1410
1993
1664
1764
1410
1161
1217
1838
1410
1367
1664
1631
1410
1993
1664
1998
1057
1993
1664
1631
1410
1367
1664
2017
1410
1993
1263
1764
1410
1743
1664
1764
1410
1743
1664
1998
1410
1993
1664
1764
1057
1161
1188
1764
1410
1993
1263
1838
1410
1993
1925
9220
2849
2849
2591
2691
2176
2910
2564
2920
2793
2393
2920
2619
3032
2608
2097
2694
2589
2484
2678
3041
2179
2883
2883
2568
2907
2700
2986
3032
2147
2800
3008
2791
2552
2421
2788
2421
2897
2119
3008
2119
2800
3000
2741
2649
2452
2877
2484
2097
2939
2612
2964
2275
2985
2452
2979
2192
3032
2985
2976
3012
2793
2907
2097
2691
2944
2800
2644
2956
2976
2942
2275
2619
2177
2121
2976
2877
2644
2992
2889
2649
2109
2944
2735
2905
2564
2883
2985
2939
2452
2918
2351
2380
2956
2833
2939
2516
2208
2232
2460
2753
3000
2638
3000
2529
2818
2529
2869
2856
3039
2088
2869
2219
2257
2986
2463
2912
2693
2764
2963
2459
2529
2630
2134
3015
2591
2863
2088
2863
2176
2412
2175
2856
2968
2561
2457
2800
2818
3051
2083
2591
2279
2421
3009
2934
2760
2491
2529
2831
2296
2232
3051
2453
2219
3070
2156
2644
2812
2844
2990
2081
2911
2911
2703
2774
2955
2081
2127
2848
2579
2925
2457
2782
2262
2424
2127
2134
2244
2105
2412
2949
2105
2343
2542
2746
2788
2466
2398
2374
2784
2788
2089
2412
2787
3049
2782
2721
2270
2616
2412
2412
2899
2478
2224
2378
2787
2412
3009
2260
2412
2882
2105
2321
2297
2105
3007
2191
2309
3069
2574
2332
2274
2801
2741
3023
2378
2990
2752
2577
2868
2255
2516
2412
2430
2883
3019
2841
2887
2850
2149
2343
2244
2244
2972
2967
2333
2990
2244
2642
3047
2445
2150
2678
2350
2528
2922
2412
2677
2531
2300
2459
2663
2581
2952
2186
2231
3011
2350
2557
2800
2505
2972
2905
2818
2514
2905
2505
2514
2596
2720
2568
2591
2996
2226
2311
2514
2097
2608
3063
2689
2835
2054
2565
3065
2905
2371
2695
2912
2829
2129
3005
2283
2283
2699
2430
2746
2097
2830
2905
2815
2404
2494
3005
2765
2820
2856
2097
2691
2968
2811
2629
2746
2649
2512
2939
3005
2399
2494
3039
2829
2333
3071
2463
2699
2411
2147
2552
2985
2565
2886
2257
2581
2494
2604
2552
2884
2800
2272
2837
2514
2463
2552
2820
2697
3070
3008
2225
2494
2429
2945
3023
2876
2085
2162
2459
2233
2497
2660
2990
2607
2478
2881
3005
2877
2137
3017
3005
2491
2452
3000
2735
2860
3008
2531
2279
2214
2329
2470
2694
2557
3022
2717
2557
2462
2756
2678
2913
3005
2070
3014
2455
3066
2997
2957
2889
2544
2608
2274
2459
2557
3066
2459
2380
2253
3005
2484
2573
2869
2612
2531
2445
2383
2344
2129
2986
2815
2952
3005
2952
2232
3022
2528
2137
3005
2619
2825
2694
2314
2129
2957
2971
2097
2750
2883
2289
2677
2097
3023
3069
2535
3005
2289
2968
2627
2411
2801
2907
2360
2946
3005
2627
2494
2612
3005
2829
2179
2298
2434
2800
2818
2531
2837
3065
2720
2119
2897
2525
2535
3000
2645
2134
2856
3063
2887
2442
2511
2837
2815
3035
2411
3023
2874
2552
2412
2933
2968
3069
2818
2825
2283
2255
2735
2561
2378
2990
2378
2121
2535
2525
2863
2883
2463
2925
2275
2249
2277
2255
2162
2420
2253
2608
2623
2253
2730
2089
2253
2847
2848
2097
2912
2848
3047
2928
2434
2156
3045
2609
2848
2198
2817
2883
2603
2777
2536
2443
2814
2535
2814
2149
2257
2537
2848
2631
2928
2905
2626
2928
2767
2715
2609
2848
2257
2844
2608
2701
3043
2049
2973
3063
2443
3011
2143
2320
2245
2787
3017
2352
2623
2156
2567
3017
2944
2245
2544
2652
2398
2925
2882
2859
2182
2876
3066
2764
2579
2859
2525
2660
2060
2061
3070
2912
3000
2057
2915
2697
2550
2467
2192
2412
2985
2661
2412
2333
2412
2897
2398
2430
2850
2857
2618
2234
2800
2498
2699
2266
2841
2528
2174
2343
2378
2378
3062
2818
2700
2457
2413
2412
2712
2907
3039
2756
2484
2121
2199
2195
2565
2700
2277
2149
2457
2257
2243
2818
2561
2753
3000
2990
2644
2340
2244
2222
2946
2938
2300
2126
2631
2897
2707
2883
2403
2801
2581
3009
2419
2126
2165
2540
2528
2546
2801
2150
2880
2083
2946
2764
2185
2186
2804
2244
2244
2311
3051
2596
2399
2912
3007
2231
2505
2225
2887
3051
2505
2311
2887
2892
2399
2863
2404
2907
2644
2764
2130
2968
2800
2945
2738
2255
2850
2568
2162
3039
2751
2552
2820
2717
2652
2463
2388
2259
2608
2209
2649
3035
2403
3012
2082
2940
2508
2442
2926
2905
2860
2350
2912
2978
2484
2859
2801
2233
3023
2329
2105
9221
3104
3202
3890
3982
4094
3778
3804
3890
3824
3270
3909
4053
3747
3467
3420
3335
3083
3525
3149
3377
3111
3881
3747
3935
3987
4030
3952
3933
3887
3710
3377
3904
3698
3987
3950
4052
3478
3834
3325
3482
4094
3782
4039
3843
3557
4053
3335
3747
3831
3335
3881
3966
3335
4053
3377
3715
4024
3335
3647
4052
3259
3876
3740
3782
4072
3893
3843
3933
3950
3464
3880
4072
3504
3893
3855
3335
3778
3966
3335
3724
3500
3557
4053
3904
3764
3987
3740
3764
3778
3881
3325
3205
3876
3292
3428
3952
3918
3447
3671
3724
3235
3202
3478
3158
3253
3514
3974
4055
3401
3933
3218
3682
3241
3149
3178
3377
3093
3205
3504
3950
3676
3104
3073
3595
3154
3094
3934
3251
3475
3660
3174
3619
3791
3735
3938
3475
3169
3602
3872
3242
3790
3688
3333
3864
3928
3420
3503
3603
3348
3157
3555
4090
3281
3449
3686
3421
3237
3348
3774
3216
3682
3366
3758
3449
3238
3456
3555
3107
3380
3530
3691
3500
3596
3637
3398
3487
3297
3939
3508
4094
3815
3824
3169
3869
3188
3539
3772
3276
3133
3176
3535
3107
3290
3109
3126
3085
3109
3198
3461
3557
3876
3885
3459
4094
3103
3157
3511
3439
3715
3613
3095
4042
3434
3335
3783
3504
3890
3924
4008
3703
3924
4032
3764
3422
3094
3925
3841
3952
3839
3787
3735
3877
3880
3939
3406
3182
3485
3478
3595
4077
3564
3758
3325
4000
4083
4000
3615
3095
3522
3119
3504
3596
3870
3447
3508
4090
3169
3119
3119
3903
3712
3669
3641
3876
3297
3816
3632
3942
3891
3928
3933
3535
3925
3400
3641
3934
3259
3918
3974
3945
3739
4077
4083
3600
3600
3733
4030
3984
3506
3774
3225
3329
3499
3552
3600
3996
3603
3984
3780
3760
3577
3928
3661
3876
3420
3661
3603
4053
3366
3950
3237
3088
3255
3807
3816
3307
3382
3500
3370
4077
3994
3428
3251
3984
3098
3997
3248
3984
4077
3327
3248
3447
3603
3933
3509
3504
3493
3728
3595
3928
3984
3715
3933
4077
4056
4005
3313
3965
4056
3881
4083
3446
3508
3835
4077
3964
3899
3965
3739
3498
3498
3984
3996
4064
3329
3603
3728
3087
3690
3984
3631
3738
3194
3157
4094
3508
3176
3447
3307
3307
3498
4042
4088
3661
4042
3575
3909
3940
3745
3988
3603
3747
3824
3185
3603
3478
3802
3198
3321
3685
3859
3781
3997
3526
3716
3552
3984
3631
3539
3226
3226
4090
3226
3600
3398
3802
3450
3327
3327
3913
3539
3539
3867
3802
3600
3824
3622
3283
3661
3802
3604
4004
3269
3389
3398
3600
3498
3890
3300
3692
3653
4087
3764
3881
3812
4035
3603
3398
3596
3358
3208
3682
3984
4093
3728
3297
3742
3440
3887
3526
3202
4054
3094
3307
3382
3935
3845
3647
3096
4033
3517
3990
4042
3133
3716
3735
3251
3901
3698
3742
3952
3115
3253
3559
3226
4056
3804
4042
3933
3413
3699
3862
3463
3997
4077
3333
3939
3966
4064
3878
3976
3437
3663
3133
3887
3270
3436
3890
3119
3696
3901
3964
3119
3226
3933
3304
3903
3517
3586
3418
3107
4094
3815
3300
3103
3168
3997
3707
3465
3339
3611
4020
3819
3235
3310
3924
3603
3238
3610
3536
3434
3097
3547
3796
3961
3996
3104
3497
3210
3567
3119
4077
3976
3996
3238
3265
3119
3547
3119
3193
3928
3215
3363
3739
3598
3726
3883
3937
3369
3305
3270
3305
3900
3339
3979
3921
3372
3119
3290
3523
3995
3997
3101
3735
3904
3413
3672
4091
3237
3169
3095
3869
4042
3541
3914
3966
3270
3815
3478
3119
4014
3573
3881
3119
3742
4056
3274
4077
3305
3413
3500
3530
3698
3691
3639
4077
3822
3906
3737
3942
3225
3942
3543
4017
3428
3950
3343
3761
3982
3742
3087
3876
3934
3080
3152
3876
3450
3270
3734
3669
3305
3376
4077
3119
4077
3133
4077
3261
4083
3451
3996
3603
4042
3384
3982
3598
4003
3406
3304
3966
3743
3464
3176
3970
3522
3449
3976
3508
3463
3365
3572
4053
4083
4084
3307
3814
3251
3758
3218
3135
3437
3530
3742
3639
3924
4003
3996
3900
3379
4083
3842
3420
3494
4083
3719
3313
3598
3649
4077
4077
4083
3996
3659
3996
4083
4077
3191
4014
3816
3869
3839
3401
4005
3478
3846
3870
3450
3950
3846
3253
3740
3816
3869
3307
3763
3609
3166
3649
3719
3870
3613
3704
3984
3260
3862
3613
3303
3818
3506
3867
3739
3260
3545
3868
3260
3942
3839
3822
4091
3406
3736
9222
4676
4618
4361
5089
4324
5012
5096
4770
4624
5096
5114
4853
4331
5110
4835
4132
4559
4887
4670
4817
4503
4604
4906
5056
4384
4624
5058
4934
4961
4853
5115
5095
5079
5090
4654
5026
4927
4624
5090
4853
4315
4889
4219
4687
4830
4315
4625
4589
4533
4615
4889
5096
5079
5041
4250
4654
4654
5009
5096
4835
5041
4739
4862
5110
4934
4747
4853
4858
5058
4432
4962
4810
4864
4654
5079
4893
4950
4334
4519
4305
4173
4519
4654
4150
5029
4145
4150
4581
4906
4893
5076
4900
4230
4349
4414
4160
5054
4414
4335
4384
5087
4335
4431
4120
4673
4412
4784
4687
4315
4791
4539
4396
5047
4611
4304
4639
4105
4171
4802
4817
4613
5095
5095
4713
4224
4463
4459
4539
4204
4873
4729
4782
4917
5018
4852
4449
4979
4739
4530
4539
4949
4799
4820
4120
4161
4954
4545
4993
4931
5020
4326
4397
5031
4900
4728
4447
4243
4182
4584
4545
4942
4183
4385
4748
4645
4509
4325
4197
4478
4443
4831
4459
4418
4501
5026
4874
4664
4301
4853
4593
4860
4891
4259
4508
4931
4459
4935
4841
4935
4193
4729
4983
4948
4281
4883
4704
4510
4183
4183
4587
4183
4183
4830
4961
4856
4925
4897
4418
4961
4934
5072
4370
4183
4659
4501
4659
4733
4487
5112
4510
4702
4904
4684
4183
4971
4183
4903
4397
4274
4144
5087
5029
4193
4526
4545
4918
4162
4918
4834
4768
4546
4183
4414
5064
4446
5016
4267
4544
4386
4439
4768
4768
4139
4729
4875
4149
4737
4904
4833
4567
4967
4560
4221
4559
4866
4610
5040
4874
4432
4589
4961
4315
4345
4943
5003
4797
4784
4202
4482
4639
4380
4766
4653
4103
4401
4320
4878
4939
5056
4874
4924
4599
5007
4733
5042
5040
4478
4532
4910
4953
4320
4537
4796
4735
4340
4220
4924
4379
4337
4478
4860
4854
4530
4878
4348
5116
4618
5007
5007
4870
5064
4985
4498
4694
4478
4320
4476
4416
4346
4623
4320
4960
4348
4195
5017
5040
4733
4771
4925
5009
4497
4220
4972
4583
4402
4784
4691
4621
4145
5009
4561
4414
4906
4320
5024
4691
5072
4740
5025
4676
4765
4710
4623
4969
4351
4691
4338
4817
4195
4792
4153
4662
4926
4808
4134
4821
4471
5056
4726
4364
4676
4320
4757
4783
4488
4364
4681
4654
4244
5105
4953
4320
4119
4364
4931
4320
5094
4220
4320
4548
5105
4381
4150
4487
5045
4623
4285
4949
4862
4559
4346
4526
5118
4537
4721
4296
4726
4751
4924
4242
4546
4625
4197
5108
4672
4508
4915
4678
5020
4903
4991
4111
4136
4175
4184
4320
4651
4119
4931
5027
5024
5112
5040
5050
4756
4922
4296
4625
4862
4538
4320
4862
4899
5105
5037
4924
4519
4145
4393
5047
4599
4125
4119
4286
4348
5018
4547
4112
4356
4296
4715
4501
4739
4561
5089
5059
4797
4931
4928
5069
4814
4540
4099
4971
4655
4611
4733
4335
4767
4210
4487
4861
4183
4349
4624
4335
4608
4487
4526
4836
4829
4746
4960
4954
4589
4487
4447
4739
4313
5042
4874
5042
4874
4874
4874
5058
4324
4540
4403
5031
5013
4675
4921
4436
4820
4859
4820
5036
4274
4537
4097
4468
4325
4567
4990
4414
4325
4990
4536
5071
4221
4350
4352
5030
4452
4371
4284
4532
4396
4562
4796
4713
4546
4243
4536
5022
4198
4179
4237
4200
4183
4820
4788
4183
4673
5072
4589
4495
4559
5024
4447
4100
4500
4265
4773
4862
4999
4948
4436
4961
4812
4802
4835
4370
4183
5022
4103
4961
4164
4335
4183
5070
4453
4335
4852
5018
4183
4606
4866
5096
4606
4224
5017
4210
4997
5090
4456
4554
4629
4183
4935
4459
4305
4337
5050
4813
4183
5022
4402
4993
4942
4816
4631
4183
4757
4183
5108
4767
4985
4296
4285
4673
4684
5018
4183
5037
4183
4935
4874
4646
4468
4592
4418
4874
4874
4874
4456
4624
4183
5058
4519
4475
4959
4796
4407
4317
4407
5020
4741
4874
4707
4258
5029
4351
4532
4351
4787
4678
4474
4697
5093
4675
4139
5056
4097
5029
4908
5098
4522
4883
4766
4184
4961
4455
4150
4854
4398
5042
5064
4755
4476
4931
4519
4452
4173
4360
4905
4537
4715
4334
4150
4578
5031
4519
4157
4928
4604
4939
4242
4567
4545
4487
4878
4149
5094
4220
4103
4136
4618
4967
4134
4739
4190
5094
4284
4184
5086
4338
4971
4106
5096
4220
4953
4175
4652
4922
4710
5017
5011
4220
4907
4484
5095
5042
4346
4611
4396
4684
4430
4484
4446
