9217
9218
1012
862
799
326
601
920
146
68
412
424
220
594
220
545
241
195
786
91
1015
89
89
281
456
241
241
266
319
884
308
726
554
726
263
85
987
987
800
800
702
52
276
135
221
943
221
943
221
221
221
327
852
711
847
478
354
630
159
393
159
734
71
431
159
393
159
93
372
788
19
266
958
682
885
587
361
39
39
935
601
920
412
594
361
358
39
920
85
578
33
885
935
358
39
532
928
412
920
38
599
358
33
39
47
85
987
904
447
151
702
889
638
889
739
889
218
218
218
218
218
218
218
121
266
942
862
799
326
601
920
412
68
220
594
220
220
220
220
220
220
220
121
847
368
922
164
454
220
619
220
734
29
546
220
546
340
546
527
121
50
53
862
799
642
601
601
920
412
603
599
358
39
642
601
412
594
412
603
85
958
987
800
800
835
412
806
513
513
513
221
513
221
513
545
513
310
50
661
862
799
48
601
601
412
412
412
594
412
594
513
594
513
603
603
85
958
478
331
800
454
835
514
160
221
688
888
688
688
688
688
688
688
774
232
429
661
942
799
48
601
601
920
412
412
594
594
594
513
594
513
232
232
232
263
67
987
904
447
151
889
889
889
218
218
218
218
218
218
218
218
848
218
218
785
218
218
218
29
218
29
218
218
257
218
340
218
218
29
218
29
546
29
546
546
257
546
29
546
257
546
29
546
546
29
257
546
29
546
29
29
546
29
546
29
93
125
93
93
29
93
29
93
372
93
93
29
93
179
422
85
131
987
904
137
702
20
889
393
943
393
257
393
1000
393
149
393
149
393
785
159
393
257
393
393
848
159
393
159
393
159
673
359
91
587
63
241
241
633
319
884
291
308
726
554
726
554
221
618
221
943
221
327
852
266
786
91
698
89
89
89
249
249
456
456
597
901
456
597
597
597
402
85
958
987
904
16
89
554
135
943
221
327
327
327
327
327
327
327
852
232
266
148
958
885
260
361
39
39
578
39
601
935
358
39
532
920
260
319
884
85
987
291
308
740
554
554
554
554
554
221
554
221
554
554
232
483
847
989
393
943
393
248
393
327
393
611
393
393
327
159
159
159
788
263
131
987
422
447
151
20
889
393
393
393
393
393
393
159
393
159
393
159
159
227
159
159
393
125
393
848
534
9219
1694
1764
1664
1936
1564
2032
2006
2032
1481
2046
1690
1807
1777
1300
1905
1966
1936
1982
1564
1857
1982
1216
1966
1905
1995
1349
1959
1905
1669
1626
1612
1409
1828
1936
1669
1519
1857
1925
1519
1523
1589
1960
1936
1936
1936
1960
1936
1936
1936
1960
2046
1317
1835
1788
1565
1915
1828
1936
1669
1820
1409
1982
2001
1966
1519
1949
1949
1936
1216
1940
1857
2006
2006
1857
1905
2035
1895
1349
1349
1995
1700
1936
1982
2045
1936
1216
1993
1925
2035
1788
2006
1299
1714
1788
2006
1982
1982
1982
1982
1982
1905
1905
1895
1115
1349
1911
1287
1801
1824
1936
1610
1455
1915
1838
1940
1764
1996
1523
1982
1801
2001
2006
2032
2001
1216
2006
1982
1925
1703
1815
2046
1807
1816
2046
1564
1703
1610
1651
1940
1936
1867
1703
1635
1597
1588
1703
1914
2046
1886
2032
1857
1523
1703
1666
1982
1481
1589
1188
1815
1392
1284
1284
1284
1659
1788
1664
1564
1857
1755
1801
1457
1487
1523
1755
1959
1755
1523
1940
1857
1982
1966
1857
1523
1959
1959
1457
1959
1583
2006
1743
1564
1867
1612
1523
1940
1925
1788
1857
1519
1703
2046
1925
1759
1523
1808
1216
1857
1764
1690
1481
1777
1349
1347
1884
2046
1700
1857
1216
1651
1857
1905
1417
1895
1928
1843
1995
1371
1371
1995
1966
1216
1216
1966
1895
1523
1417
1371
1928
1928
1216
1610
1669
1838
1996
1455
1610
1216
1703
2028
1669
1759
2035
1949
2035
1669
1291
2001
1597
2001
2028
1925
1857
2034
1801
2035
2046
2035
1903
1759
1807
1759
1764
1798
1905
1324
2023
1653
1298
1653
1371
1371
1895
1955
1966
1216
1216
1966
1895
1115
1995
1371
1115
1995
1895
1895
1690
1940
1857
1597
2032
1160
1991
1515
1959
1911
1300
1232
1589
1895
1417
1523
1097
1232
1995
1879
1428
1349
1903
1777
1777
1115
1903
1759
1216
2046
1523
1565
1396
1610
2032
2032
1993
1216
1703
2008
2006
1788
1703
1788
1925
2046
1299
1759
1519
2035
1317
1417
1903
1777
1349
1097
1690
1216
1996
2032
1812
1597
1764
1636
1263
1857
1857
1703
1299
1299
1925
1291
1589
1925
1720
1788
1914
1519
1347
1857
1299
2025
2046
1959
1959
1720
1807
1801
2046
1457
1652
1801
1959
1457
1457
1807
1700
1049
1959
1457
1843
1561
1561
1843
1049
1843
1049
1049
1049
1049
1049
1049
1049
1049
1561
1669
1263
1998
1896
2045
1519
1409
1759
1669
1857
1519
1703
2007
1519
1299
1764
1925
1857
2006
1788
1299
1291
2046
2046
1589
1895
2046
1959
1349
1097
1903
1115
1349
1903
1496
1777
1903
1496
1777
1419
1371
1150
1150
1499
1858
1928
1499
1499
1363
1363
1499
1157
1157
1157
1157
1499
1859
1900
1859
1859
1900
1859
1859
1859
1859
1859
1859
1859
1859
1859
1859
1859
1859
1859
1859
1859
1859
1859
1859
1859
1432
1762
1859
1049
1561
1798
1896
2035
1807
1188
1807
1653
1700
1653
1049
1049
1561
1300
2023
1049
1049
1049
1049
1049
1049
1049
1049
1049
1049
1857
1771
1396
2045
1771
1993
1651
1669
1996
1993
1597
2001
1788
1216
1857
1835
1216
1216
1925
1519
1925
2035
1057
1788
2001
1955
1925
1519
1589
1896
1519
1857
2035
1519
1554
2035
1299
1481
1925
1788
1589
1949
1519
1815
1690
2046
2046
1903
1801
1925
1317
1589
1589
1519
1317
1347
1690
1896
2028
1977
1279
1481
2035
1589
2046
1914
1317
1481
1720
1807
2046
1801
1925
1547
1097
1589
2046
1807
1349
1801
1720
1349
1589
1764
1816
1788
2035
1287
1720
1807
1097
2025
2046
1317
1815
1807
1097
1807
1911
1720
1911
1417
1777
1801
1815
1097
1047
1807
1097
1807
1417
2025
1911
1097
1807
1816
1589
1349
1801
1690
1481
2046
2035
1931
2035
1392
1345
1160
1807
1959
2035
2046
2035
1700
2035
1349
1589
2035
1519
2035
1759
1807
1991
1349
1324
1349
1815
1723
1815
1298
1911
1807
1777
1895
1653
1777
1653
1349
1777
1349
1911
1349
1911
1349
1777
1843
1801
1349
1911
1115
1911
1903
1349
1911
1777
1232
1911
1777
1911
1349
1394
1903
1349
1349
1076
1777
1777
1748
1928
1349
1777
1299
1057
1788
2035
2006
1588
1523
1690
1287
1755
2046
1993
2035
1925
2046
1694
1523
1690
1788
1801
1690
1959
1788
1895
1690
2046
1903
1801
1777
2046
1903
1959
1777
1349
1903
1911
1777
1349
1911
1911
1911
9220
2442
2133
2567
2434
2105
2561
3047
3000
2561
2990
2350
2936
2869
2700
2209
2529
2434
2957
2190
2190
2378
2421
2941
2190
2885
2800
2564
2989
2246
2178
2792
2276
2811
2906
2177
2925
2942
2276
2791
2631
2277
3050
2628
3054
2821
2529
3054
2841
2821
2820
2226
3008
2801
2064
2399
2712
2660
2944
2801
2771
2434
2250
2121
2953
2294
2133
2501
2540
2246
2910
2378
2818
2815
2190
2792
2219
2800
2552
2133
2748
2800
2407
3017
2185
2133
2942
2776
2906
3028
2259
2857
2883
3050
2552
2818
2694
2129
2671
2401
2401
2290
3008
2820
2552
3008
3008
2735
2709
2510
2347
2756
2815
2429
2090
2848
2344
3000
2649
2691
2564
2815
2874
2672
2920
3000
2544
2989
2815
2544
2906
2531
2544
2552
2735
2717
2162
2655
2206
2830
2284
2628
2925
2801
2485
2529
2544
2321
2419
2802
2910
2986
2818
2121
2644
2544
2121
3011
2232
2905
3066
2257
3066
2257
2457
2561
2962
2905
2190
2818
2421
2190
3008
2818
2820
2091
2916
2818
2540
3054
2085
3071
2529
2818
2815
2489
2552
3000
2531
2700
2833
2467
2800
2667
2429
2467
2821
2133
2942
2800
2920
2623
2964
2791
2192
2434
2800
2818
2421
2714
2552
2818
2800
2544
2535
2485
2421
2434
2670
2815
2544
2434
2421
3071
2818
3000
2544
2976
2552
2818
2434
2243
2407
2154
2154
2818
2815
2489
2818
2421
2815
2430
2467
2407
2964
2771
2525
2971
3035
2307
2484
2922
2330
2619
2791
2478
2608
2552
2054
2939
2748
2815
2724
2883
2119
2944
2936
2748
2325
2421
2800
2552
3000
2274
2801
2421
2800
2314
3032
3000
2788
2976
2818
2949
2434
2552
3000
2919
2552
2133
2190
2190
2818
3000
2714
2847
3000
2276
2850
2694
2190
2225
2905
2529
2452
2735
2564
2818
2421
2063
2818
2421
3008
2133
2694
2800
3008
2411
2986
2419
2276
2628
2986
2800
2781
3071
2869
2135
2388
2347
2665
2830
2507
2933
2933
3050
2945
2484
2489
2830
2788
2253
2452
2224
2276
2411
3035
2944
2649
2907
2925
2976
2800
2748
2830
2119
2250
2552
2800
2209
2968
2968
2156
2791
2874
3063
2936
2748
2830
2133
3035
2672
2986
2949
2411
2407
2608
3050
2869
3012
2936
2540
2097
2439
2783
2511
2181
2360
3022
2820
2883
2820
2788
2820
2608
2325
2985
2787
3022
3022
2820
2985
2135
2869
2905
3008
2976
3008
2472
2608
2976
2833
2920
2944
2489
2484
2165
3000
2789
2274
2616
2579
2510
2889
3035
2791
2945
2165
2945
2608
2608
2818
3039
2788
2462
2971
2276
2544
2452
2253
2350
2907
2942
2791
2592
2791
2694
2989
2162
2325
2419
2162
2248
2248
2135
2248
2592
2472
2162
2452
2566
2325
2472
2592
2592
2788
2985
2472
2592
2135
2472
2592
2350
2472
2350
2566
2566
2961
2566
2566
2472
2566
2325
2961
2566
2961
2135
2350
2135
2350
2961
2592
2788
2350
2592
2350
2186
2802
2147
2498
2567
2225
2248
2383
2344
2350
2314
2628
2905
2567
2628
2412
2412
2412
2628
2628
2628
2628
2905
2788
2412
2498
2407
2360
2841
2920
2631
2568
2225
2148
3041
2246
2094
2942
2945
2579
2985
2467
2097
3051
2857
3050
2771
2936
2529
2467
2942
2644
2788
2423
3012
2478
2489
2511
2347
2510
2535
2791
2830
2989
3035
2224
2791
2510
2735
2945
2579
2945
2411
2936
2552
2877
2411
2694
3035
2945
2506
2942
2968
2649
3050
2564
2920
3035
2944
3050
2735
2054
2868
2224
2644
3041
2949
2748
2869
2544
2945
3035
2735
2910
2937
3050
2889
2564
2484
2801
2088
2612
2746
2135
3063
2347
2801
2820
2608
3012
2860
2531
2990
2945
2777
2097
2619
2224
2644
2564
2350
2944
3008
2735
2985
2777
2789
2531
2665
2608
2216
3028
2216
2788
2735
2283
2813
2748
2332
2185
3071
3028
2881
2350
2944
2833
2225
3029
2619
2325
3071
2925
2717
2741
2942
2741
2097
2877
3035
2350
2738
2788
2638
2619
2985
2672
2644
2813
2330
2813
2119
2735
2350
2564
2421
2877
2789
2818
2907
2985
2452
2889
2791
3008
2564
3008
2162
2985
2800
2568
2889
2990
2748
2989
2350
2990
2813
2411
2985
2818
2877
2330
2592
2976
2694
3069
2990
2972
2510
2889
3035
2604
2885
2463
2350
2788
2644
2411
2694
2552
2529
2411
2119
2788
3017
2791
2119
2968
2467
2714
2064
2314
2253
2976
2478
2248
2411
2936
2253
2592
2592
2567
2608
2787
2985
2860
9221
4077
3454
3504
4030
3256
3977
3588
3822
3526
3675
3185
3073
3327
3987
3504
3555
3555
3766
3119
3119
3202
3119
3517
3506
4061
4079
3338
3447
3940
3674
3480
3465
3766
3293
3291
3634
3706
3684
3706
3504
3338
3764
3938
3293
3276
3469
3621
3580
3399
3619
3684
4042
3198
3613
3621
3478
3681
4030
3590
3517
3703
3990
3369
3982
3133
3508
4072
3358
3869
3914
3157
3291
3148
3910
3818
3921
3296
3839
3847
3284
3747
3259
4074
3365
3449
4006
3766
3778
3437
3284
3500
3739
3929
3500
3940
3800
3380
3293
3555
3555
3148
3515
3914
3782
3824
3950
3727
3460
3363
3644
3724
3235
3517
3740
3292
3129
3919
4053
3201
3198
3559
3438
3340
3782
3782
3888
3694
3990
3966
3901
3933
3495
3951
3893
3504
3675
3884
3291
4090
3469
3291
3523
3467
3729
3843
3725
3365
3583
3256
3928
3933
3914
3888
3276
3888
3338
4053
3621
3843
3937
3496
3301
3737
3559
3812
3883
3517
3305
3548
3096
3467
4061
3966
3736
3810
3308
3928
4016
3107
3437
3888
3276
3437
3810
3370
3843
3095
3876
4088
3335
3436
3226
3654
3977
3293
3621
3674
3859
3613
3081
3869
3428
3736
3401
3737
3119
4024
3293
3437
3257
3783
4006
4079
3834
3300
3843
3555
3107
3888
3119
3590
3914
3810
3965
4054
3933
3530
4009
3869
3157
3888
3119
3157
3555
3888
3133
3555
3965
3486
3822
3542
3672
3072
3073
3215
3888
4003
3660
3632
3987
3310
3890
3111
4072
3406
3647
3176
3284
3531
3883
3782
3778
3965
3284
3928
3284
4039
3810
3526
3942
3904
3237
3766
3891
3777
3904
3942
3778
3824
3782
3901
4008
3281
3447
3449
3449
3293
3157
3437
3888
3950
3437
3555
3437
3950
3449
3437
3323
3555
4052
3447
3883
3933
4039
3674
3950
3869
4008
4039
3555
3133
3338
3747
3933
3437
4079
3740
4079
3822
4054
3778
3869
3268
3976
3613
3862
3389
3751
3804
3843
3268
3589
3296
3795
3360
3632
3595
3834
3876
3622
3782
3950
3987
3810
3235
3893
3783
3893
4087
3747
3782
3810
3690
3542
3687
3673
3928
3583
3704
3202
3810
3783
3893
3094
3764
3783
3670
4087
3919
3280
3111
3820
3966
4036
3929
4079
3951
4079
4079
4039
3843
3810
3778
3772
3464
3504
4042
3810
3928
3523
4006
3928
3843
3704
3684
4077
4006
3928
3965
3530
3928
3810
3530
3928
4061
3530
3928
3810
4053
3928
3623
3251
3198
3950
3734
3839
4013
3107
3880
3567
3478
3402
3884
3304
3176
3237
3525
3111
3496
3542
3951
3880
3198
3909
3891
3810
3335
3880
3750
3420
4039
3987
3824
3778
3928
3904
3928
3880
3675
3498
3824
3891
3839
3843
4079
4079
3901
3904
3725
4061
3901
4006
3108
3750
4054
4061
3750
4072
3725
3893
4009
3891
4061
3750
4061
4061
3858
3858
4061
3893
4061
3750
4061
3108
4061
4061
3891
4061
3108
3858
3858
3268
4061
3901
3890
3377
3824
3636
3940
3120
4042
3924
4072
3715
3154
3600
4056
3777
3473
3893
3260
4088
3888
3260
3260
3260
3966
3154
3888
3652
3916
3477
3325
4077
4013
3101
3925
3198
3825
3166
3176
3869
3171
3674
3942
3869
4073
3402
3935
3377
3869
3952
3824
3951
3824
3935
3177
4039
3919
3869
3715
3530
3210
3398
4032
3997
3935
3804
3881
3942
3876
3935
3623
3559
4039
4053
3933
3098
3870
3951
3940
3297
3778
4054
4004
3736
4072
3952
3557
3859
3400
3787
3880
3782
3111
3856
3674
3398
3447
3280
3951
3933
3198
4039
3987
3304
3673
4088
4042
3647
4079
4039
3673
3876
4072
3673
3335
3933
3674
3966
3630
3736
4079
3965
3259
3893
3234
3690
3310
3868
3727
3965
3673
3727
3901
3304
4091
4039
3965
4070
3869
3268
3997
3783
3621
3904
4061
3673
3966
3107
3589
3107
3690
3982
4087
4088
4077
3987
4072
3495
3674
3704
3839
3268
3843
3268
3335
3893
3365
3327
3966
4072
3839
3904
3893
3844
3552
3747
3198
3839
3810
3674
3824
3965
4039
3736
3736
3736
3876
4079
4094
3904
3891
3869
3901
3933
3950
3893
4009
3887
3824
3965
3335
3284
4094
3951
3777
3933
3869
3933
3891
4039
3891
3966
3824
3935
4009
3987
4072
3952
3398
3377
3467
3425
3869
4085
3764
3870
3869
3268
4039
3778
3473
3824
3398
4039
3965
3268
3716
3504
3812
3111
3335
3824
3952
3530
3690
3891
4039
3810
3839
3690
3530
4039
3724
3843
3810
3107
3824
4053
4088
9222
4625
4838
4137
4948
4948
4309
4965
4451
5049
4711
4500
4950
4583
4906
4710
4554
4164
5022
4450
4450
4161
4611
4948
4876
4886
5118
4335
4334
4624
5105
4814
4854
5099
4853
4610
4501
4440
4487
4431
4416
4482
4898
4128
4136
4615
5022
4403
4773
4615
4850
4119
5110
4620
5079
5108
4309
4866
4898
4392
4966
4164
4262
4753
4388
4983
4908
4106
4673
4948
4309
4898
4720
4256
5022
4351
4756
4332
4120
5058
4830
4928
4661
4771
4800
4866
4309
4127
4999
4900
4705
4763
5090
4934
4221
4384
4615
4332
4615
5094
4269
4473
4171
4973
4460
4926
5012
4739
4853
5039
4216
4324
4822
4262
4215
4852
4236
4613
4918
4456
4763
4106
4200
4313
4424
4175
4254
5038
5095
4624
4505
4624
4720
4771
4771
4184
4538
4921
4661
4692
4150
5011
4398
4864
4484
4800
4170
4843
4977
4145
5059
4931
4332
4612
4935
5049
4145
4477
4948
5094
4821
4647
4886
4702
4601
4631
4660
4256
4494
4753
4800
4726
4318
4817
4961
4384
5040
4161
4150
4436
4469
4705
4256
4961
4990
4705
4431
4315
4826
4961
4926
4127
4196
4653
4839
4961
5050
4905
4320
5118
4782
4431
5049
4855
4821
4939
4753
4418
4948
4221
4948
4150
4145
4625
4763
5097
4414
4935
4254
4254
4256
4761
4120
4451
5118
4636
4948
4384
5079
4876
4351
4128
4660
4705
4898
4254
4972
4424
4624
4539
4931
5096
4960
4436
5022
4384
4949
4862
4782
4127
4802
5077
4173
4576
5040
4853
5022
4985
4949
5118
4469
4916
4835
4315
4938
4578
5029
4460
4763
4374
4678
4985
4898
4948
4948
4889
4197
4384
5052
4460
4955
4384
4201
4654
4948
4948
4948
4332
4120
4829
4501
5094
5110
4164
4624
5049
4948
4948
4198
4337
4484
4447
5049
4829
4460
4384
5058
4950
4132
5037
5077
4705
4660
4254
4256
4926
4456
5114
5058
4950
4873
4983
4875
4853
4384
4132
4500
4821
4296
5096
4950
4253
4125
4763
5094
4819
4800
5089
4999
4774
4305
5097
5090
4866
4546
4324
4759
4830
4625
5090
4771
4145
4810
4985
4656
4203
4226
4358
4830
4889
4629
4111
4317
5096
5095
4985
4451
4384
4305
4800
4977
4332
4684
4810
4755
4510
4983
4985
4961
4858
4519
5087
4460
4755
4604
4119
4985
4161
4733
4201
4955
4876
4414
4562
4508
4782
5114
4817
4747
4530
4508
4161
4320
4539
4817
4161
4631
4601
4161
5097
4484
4189
4950
5029
4705
5039
4299
4853
4215
4456
4921
4705
5110
4755
4513
4215
4814
4458
4707
4193
4830
5059
4510
5037
4127
4431
5079
4835
4711
4589
4927
4983
4346
4150
4140
4320
5118
4953
4132
4801
4601
4934
4589
4431
4955
4889
5012
5015
4384
4858
4955
4747
5114
5118
4926
4926
5058
5114
4170
4589
5015
5114
4769
5114
5114
5114
4837
4311
5052
5114
5052
4962
4311
4837
4837
4311
5114
4858
5114
4311
4769
4311
4837
4837
4494
5079
4905
5011
4335
4106
4497
4236
4414
4695
4695
4589
4539
4747
4335
4931
4335
4307
4695
4414
4743
4259
5089
4459
5059
5058
5068
4820
4134
4424
4481
4510
4102
4661
4440
4774
4821
4897
4331
4539
5095
5095
4400
5029
4137
4860
4646
5114
4692
4830
5059
5118
4853
4739
4950
4439
4905
5059
4810
4215
5094
4845
5058
5058
4453
4150
4313
4738
4819
4615
4955
4852
4197
5095
4774
5115
4875
4681
5079
4546
4800
5029
5114
4589
4120
4950
4934
4615
4332
4905
4921
5059
4560
4950
4985
5115
4654
5114
4460
4437
4852
4985
4305
4927
4961
4934
4771
5012
4926
4654
4460
4770
5045
4150
4601
4860
4985
4950
4830
4615
5118
4460
5115
4676
4926
4255
4934
4955
4988
4702
4985
4810
4835
4771
4927
4150
4771
4702
4919
5115
4711
4942
4927
4601
5068
4974
4792
4305
4484
4201
4662
4436
4305
5059
4410
4862
4508
4985
5029
4132
4830
4132
4942
4201
4747
4120
4628
5015
4539
4201
4835
5015
5115
4950
5094
4460
4801
4484
4150
5096
5015
4431
5058
4296
4589
4889
4384
4460
4546
4853
5095
4676
4539
4539
4539
4539
5115
5115
4830
4876
5118
4170
4384
5059
5096
4889
5110
4625
5115
5115
4950
5096
4654
4150
4926
4962
4950
5009
4654
4773
4615
4929
4702
4881
4432
4335
4949
4307
4335
4145
4961
4971
4335
4335
4335
4985
4335
4335
4335
4743
4972
4654
4950
4810
4629
5096
4508
4933
5029
4950
4150
4961
4296
4795
4625
4858
5015
4955
