9217
9218
1012
77
668
668
668
223
594
482
482
482
482
482
482
805
85
85
1001
960
633
91
960
456
456
276
456
847
456
121
599
199
885
885
920
412
633
319
291
935
143
885
885
73
85
779
960
73
195
633
319
291
308
726
726
633
359
960
295
633
91
960
901
241
456
456
223
241
260
199
885
85
91
601
920
603
633
319
291
935
143
885
920
412
594
271
271
263
85
958
904
447
151
638
889
638
889
521
1000
638
149
616
149
616
616
218
257
218
616
29
218
159
546
257
159
159
546
159
546
159
167
121
85
85
62
447
151
497
889
889
638
616
638
195
63
885
885
73
220
740
73
638
805
847
107
501
149
638
527
121
195
599
199
885
642
920
73
73
73
260
578
33
642
601
920
920
73
195
633
884
291
291
308
726
554
726
310
926
107
107
749
638
149
638
673
578
993
885
885
412
920
412
68
603
589
786
884
291
291
308
726
554
310
633
359
448
89
89
249
456
901
249
633
359
91
89
89
75
75
249
711
847
478
749
456
456
456
241
673
661
577
885
885
412
920
412
594
271
594
271
603
673
786
884
291
308
308
554
726
271
221
554
221
310
422
847
290
290
638
501
121
673
225
993
885
920
412
594
220
73
73
589
319
884
291
308
308
509
633
359
448
89
89
456
633
359
91
89
89
75
456
456
456
456
456
402
661
942
77
326
44
787
75
75
75
732
75
456
456
456
513
456
597
456
456
597
597
597
159
159
771
179
266
942
577
427
601
412
412
412
594
740
594
594
594
594
594
594
220
594
271
603
318
85
1001
290
638
422
158
290
881
266
319
884
291
260
578
577
885
885
920
412
594
412
594
271
594
271
594
271
271
271
271
271
738
738
738
738
738
738
738
738
738
738
738
738
738
738
738
738
738
738
738
738
738
738
738
738
738
738
738
738
738
738
738
738
738
738
738
738
738
327
248
738
618
327
327
327
327
327
327
327
327
327
59
327
327
327
327
327
59
372
327
59
59
327
327
59
431
59
59
59
59
59
59
59
59
59
59
59
59
59
59
431
59
59
59
59
372
59
59
531
59
59
59
59
59
59
59
59
59
59
59
223
531
794
59
59
59
59
59
59
59
59
59
59
24
59
372
59
59
59
59
59
59
372
59
59
59
59
740
534
9219
1227
1159
1227
1299
1057
1369
1264
1044
1369
1817
1044
1817
1044
1299
2007
1044
1452
1044
1044
1035
1452
1264
1044
1452
2007
1396
1083
1054
1817
1771
1817
1966
1317
1857
1960
1452
1714
1452
1771
1216
1216
1785
1038
1771
1452
1798
1264
1949
1798
1664
1771
1771
1291
1291
1206
1263
1291
2001
1299
1920
1998
2006
1703
1057
1759
1299
1817
1369
1263
1452
1369
1565
1396
1412
1504
1838
1396
2008
1838
1396
1396
1778
1838
1396
1452
1610
1216
1597
1452
1886
1838
1044
1452
2006
1610
1264
1703
1669
1257
1838
1753
1396
1610
1915
1396
1874
1636
1597
1874
1516
1771
1915
1287
1925
1264
2046
1588
1817
1264
1299
1216
1817
2005
1703
1396
1812
1396
1703
1984
1828
1396
1838
1838
1824
1636
1396
1703
1565
1396
1606
1920
1637
1186
2006
2001
1993
1771
2006
1874
1291
2008
1703
1299
1264
1369
1771
1299
1057
1860
1291
1771
1771
1299
1784
2006
1057
1637
1714
1436
1057
1035
1817
1746
1998
1438
2007
1771
1703
1555
1396
1683
1412
2032
1985
1186
1838
1263
1718
1824
1669
1812
1812
1824
1396
1985
1812
1452
1985
1936
2006
1396
1703
1396
1746
1703
1838
1452
1083
1703
1996
1925
1216
1167
1263
1317
2007
1585
1993
1759
1759
1817
1694
1886
1759
2035
1759
1558
1974
1417
1974
1227
1764
1720
1287
1057
2031
1759
1703
2008
1838
1782
1975
1263
1436
1753
1610
1838
1263
1191
1250
1915
1263
2006
1936
1610
1915
1263
1396
1250
1915
1263
1771
1996
1610
1838
1812
1396
1588
1057
1291
1035
1588
1857
2028
1216
1905
1035
1949
1519
2007
2028
2032
2001
1315
1519
1857
1849
1785
1369
1291
2006
1714
1369
1291
1720
1588
1759
1839
1179
1179
1057
1179
2010
1798
1998
1209
1209
1759
1291
1209
1291
1759
1317
1905
1417
2035
1035
1589
1315
1035
1035
1452
1035
1035
1452
1589
1035
1035
1035
1035
1035
1035
1452
1035
1452
1035
1035
1035
1417
1785
1669
1131
1886
1784
1947
2010
1993
1369
1998
1920
1263
2008
1703
1585
1993
1759
1998
1291
1886
2006
1703
1588
1993
1057
1835
1317
1886
1216
1317
1993
1759
1720
1764
1886
2006
2046
1588
1993
1759
1998
1764
1886
1896
1588
1694
1759
1998
1764
1886
1035
1588
1588
1759
1331
1287
1404
1886
1035
1588
1815
1759
1287
1435
1910
1975
1565
1565
1610
1610
1915
1838
1771
1396
1565
1565
1610
1610
1915
1838
1396
1396
1565
1250
1610
1838
1396
1396
1610
1396
1396
1993
1838
1915
1610
1396
1838
1610
1610
1565
1771
1838
1838
1299
1915
1915
1396
1216
1909
1382
1211
1610
2006
1216
1436
1452
1369
1651
1636
1703
1565
1436
1664
1445
1764
1263
1264
1291
1287
2017
1044
1915
1246
1915
1396
1661
2032
1250
1555
1264
1565
1264
1798
1427
1812
1838
1263
1998
1427
1287
1291
1669
1211
1610
1998
1452
1915
1857
1661
1452
1369
1461
1250
1703
1445
1798
1664
1565
1427
1993
1838
1263
1998
1263
1998
1838
1287
1211
1452
1877
1452
1915
1396
1915
1651
1610
1452
1369
1703
1993
1703
1217
1798
1565
1565
1664
1993
1838
1263
1838
1427
1838
1838
1669
1838
1396
1211
1216
1998
1610
1915
1817
1369
1782
1427
1427
1426
1136
1217
1436
1703
1263
1455
1461
1427
1993
1610
1057
1778
1445
1936
1985
1461
1993
1610
1998
1703
1817
1886
1896
1565
1427
1993
1759
1998
1835
1886
2006
1835
1299
1694
1044
1057
1044
1291
1886
2006
1588
1788
1759
1299
1835
1044
1886
1481
1703
1815
1993
1298
1452
1417
1417
1417
1417
1299
1417
1690
1299
1417
1417
1417
1097
1299
1417
1690
1299
1417
1959
1097
1651
1417
1097
1216
1519
1714
1299
1299
1097
1216
1299
1097
1299
1299
1299
1097
1690
1299
1299
1690
1690
1690
1299
1299
1690
1299
1097
1216
1054
1299
1299
1097
1299
1299
1054
1097
1299
1299
1299
1394
1097
1690
1299
1299
1417
1417
1911
1216
1394
1299
1394
1299
1394
1299
1690
1690
1281
1299
1417
1097
1299
1394
1911
1044
1394
1690
1417
1879
1396
1417
1097
1044
1281
1690
1299
1911
1044
1394
1803
1299
1417
1299
1417
1803
1299
1299
1394
1044
1394
1097
1299
1394
1044
1394
1044
1394
1044
1097
1417
1299
1417
1417
1299
1097
1417
1299
1394
1299
1394
1417
1299
1417
1417
1299
1417
1417
1690
1394
1299
1394
1299
1299
1044
9220
3005
2847
2401
2475
2821
3005
2740
2281
2919
2414
2475
2847
2770
2475
2401
2475
3008
2770
3005
2818
2821
2847
3005
2161
2821
2933
2849
2881
2802
2802
2830
2076
2289
2419
2912
3059
2419
3059
2278
2792
2846
3059
2638
2887
2161
2165
2321
2489
2785
2096
2642
2714
2728
2434
2821
2278
2883
2097
2821
2278
2792
2049
2644
2079
2467
2833
2528
2644
2986
2349
2585
2740
2306
2989
2432
2321
2671
2321
2321
2642
2753
3047
2321
2525
2579
2281
2986
2629
2627
2869
2421
2907
2521
2718
2847
2281
2919
3032
2771
2320
2356
2877
2912
2388
2429
2255
2096
2869
2801
2432
2990
3059
3028
2170
2910
2986
2919
2478
2827
2123
2479
3050
2630
2753
2820
2148
2986
2833
2478
2740
2751
2830
2191
2443
3035
2360
2186
2875
2535
2277
2093
2788
2403
2286
2511
2941
2272
2941
2252
3029
2792
2467
2079
2986
3032
2097
2941
2612
2153
2277
2262
2351
2936
2608
2330
2330
2973
2877
2278
2559
2419
2779
2552
2986
2079
2330
2175
2607
2809
2525
2214
2941
2887
2284
2057
2674
2833
2619
2937
2741
2941
2944
2123
2735
2123
2910
2820
2825
2701
2822
2642
2225
2083
2332
2320
2802
2820
2822
2162
3050
2986
3055
2133
2281
2919
2394
2314
2887
2953
2792
2741
3017
2253
2219
2919
2619
2827
2199
2083
2467
2240
2176
2847
2616
2919
2495
2601
2847
2619
2919
2677
2660
2833
2253
3041
2190
2351
2133
2496
2230
2336
2826
2292
2445
2628
2445
2628
2642
2281
2557
2496
2983
2496
2544
2097
2757
2983
2847
2281
3005
3005
2827
2847
2281
2919
2414
3005
2847
2421
2919
2591
2253
2776
2631
2877
2398
2804
3063
2677
2612
2789
2252
2920
2789
2789
2920
2419
2920
2347
2147
2054
2619
3063
2054
2054
2619
2179
2093
2324
2126
2972
2253
2919
2874
3017
2847
2649
2919
2414
2544
2847
2453
2429
2516
2568
2847
2942
2919
2494
2599
2847
2225
2475
2494
2815
3033
2333
2494
2847
2800
2489
2512
2775
2544
2910
2714
2421
2964
2986
3017
2916
2631
3063
2237
2848
2847
3017
2097
2847
2407
3063
3017
3017
2848
3017
2847
2557
2088
2088
2281
2847
2281
2919
2730
2475
2847
2281
2475
2414
2475
2847
2281
2919
2414
2475
2475
2281
2475
2475
2599
2475
2281
2475
2414
2475
2847
2475
2475
2599
2475
2847
2281
2459
2764
2353
2899
2353
2136
2563
2242
2899
2677
2242
2899
2353
2899
2563
2242
2899
2353
2899
2252
2136
2563
2242
2899
2353
2136
2563
2242
2899
2242
2899
2349
2846
2563
2242
2899
2353
2899
2563
2136
2563
2136
2563
2242
2563
2171
2455
2237
2089
2877
2330
2964
2628
2899
2731
2864
2986
2143
3059
2899
2225
2330
2079
2148
2284
2547
2877
2989
2347
2733
2219
2899
2242
2563
2242
2563
2986
2989
2186
2563
2276
2563
2214
2563
2136
2563
2899
2314
2899
2811
2899
2353
2899
2365
3042
3042
2136
2353
2129
3041
2899
2255
2899
2925
2136
2563
2899
2353
2899
2353
2899
2353
2604
2378
2928
2585
2563
2136
2642
2136
2863
2899
2097
2136
2378
2899
2792
2136
2563
2136
3054
2242
2563
2785
2899
2801
2832
2242
2563
2242
2563
2242
2811
2242
2899
2881
2899
2353
2568
2771
2242
2821
2671
2899
2321
2641
2057
2412
2277
2242
2105
2671
2136
2563
2136
2741
2150
2899
2321
2511
2331
2378
2899
2242
2741
2563
2976
2899
2242
2899
2628
2609
2314
2567
2869
2881
2186
2628
2989
2484
2347
2563
2657
2136
2883
2784
2619
2863
2788
2459
2996
2321
2353
2741
2899
2986
2242
2899
2349
2242
2508
2671
2899
2268
2671
2508
2508
2242
2899
2563
2242
2899
2353
2899
2353
2899
2353
2899
2563
3032
2972
3050
2242
2563
2789
2563
2242
2976
3043
2563
2398
2563
2276
2563
2603
2563
2276
2912
2253
2920
3043
2701
3043
2242
2563
2136
2608
2419
2608
2899
2276
2093
2608
2899
2242
2563
2777
2508
2074
2129
2899
2242
2899
2242
2563
2074
2242
2563
2899
2899
2074
2353
2990
2198
2814
2074
2074
2074
2777
2657
2657
2074
2074
2777
2899
2074
2657
2657
2091
2074
2074
2563
2074
2074
2777
2563
2657
2198
2814
2563
2899
2074
2628
2657
2657
2074
2353
2091
2129
2074
2503
2129
2276
2242
2074
2129
2899
2242
2353
2657
2899
2074
2563
2657
2136
2074
2563
2657
2074
2242
2657
2899
2074
2353
2657
2899
2074
2657
2074
9221
3753
3539
3539
4059
3377
3157
3081
3392
3506
3440
3763
3539
3094
3937
3103
3416
3380
3937
3157
3081
3333
3539
4053
3226
3226
3603
3318
3890
3156
3462
3754
3084
4094
3266
3103
3216
3084
3829
3154
3469
3421
3386
3499
3133
3098
3291
3219
3840
3480
3291
3485
3788
4016
3416
4039
3462
3291
3201
3364
3103
3942
3111
4052
3467
3338
3919
3469
3107
3572
3469
3710
3136
3661
4091
3210
3687
3393
3180
3393
3424
4016
4008
4035
3684
3259
3264
3867
3103
3136
3513
3087
3226
3291
3157
3539
3527
4038
3103
3915
3581
3413
3477
3747
3136
3467
3840
3198
3130
3177
3237
3788
3414
3485
3419
3500
3476
3690
3103
3539
3804
3154
3782
3844
3851
3514
4056
3859
3751
3485
3934
4084
3742
3380
3728
3485
3728
4005
3259
3876
3558
3091
3525
3781
3734
3880
3162
3329
3890
3693
3503
3583
3303
3715
3987
3154
3910
3107
3736
3416
3154
3840
3133
3103
3136
3704
4000
3875
3535
3847
3747
3891
3919
4076
3621
3341
3468
3369
3380
3154
3713
4089
3622
3890
3303
3548
3883
3740
3716
3856
3967
3583
3967
3310
3778
3919
3498
3369
3674
3902
3398
3950
3778
3778
3511
3486
3969
3618
3682
3740
3623
3925
3157
3373
3215
3095
3647
3759
3084
3840
3754
3103
4088
3526
3133
3409
3103
3742
3084
4053
3760
3718
3767
3674
3840
3697
3497
3812
3945
3840
3308
3103
3768
3084
3840
3669
3103
3148
3782
3447
3157
3120
4030
3091
3415
3158
3840
3205
3323
3471
3983
3840
3317
3103
3822
4010
3103
3296
3605
3603
3157
3888
3966
3226
3081
3270
3247
3918
3674
3840
3226
3103
3414
3618
3824
3673
3621
3120
3850
3840
3825
3103
3384
3812
3724
3157
3495
3812
3535
3840
3157
3103
3710
3406
3103
3157
3812
3840
4088
3840
3157
4055
3876
3138
3103
3621
3715
3840
3940
3110
3157
3500
3870
3157
3103
3157
3111
3840
3446
3103
3359
3529
3840
3607
3103
3157
3084
3840
3157
3498
3157
3706
3749
3467
3789
3356
4055
3771
3157
3989
3779
3269
3424
3329
4055
3982
3262
3840
3157
3727
3925
3084
3840
3530
3103
3470
3495
3880
3673
3103
3727
3464
3704
3727
4042
3673
3576
3498
3906
3704
3105
3373
3498
3401
3727
3982
3782
3386
3467
3340
3236
3652
3386
3110
3890
3542
3647
3840
3387
3103
3880
4035
3380
3157
3916
3168
3238
3403
3440
3810
3684
3699
3642
3682
3138
3647
3736
3798
3403
3377
4042
4042
3642
3403
3138
3925
3500
3727
3530
4042
3296
3661
3840
3894
3880
3094
3138
3753
3925
3578
3094
3311
3925
3398
3753
3154
3704
3251
3632
3649
3377
3642
3374
3716
3461
3311
3916
3334
3620
3576
3976
3880
3963
3682
3243
4052
3384
3467
3385
4038
3950
3513
3529
3937
3607
3574
4005
3237
3619
3372
3429
3775
3654
3372
3576
3461
3276
3771
3276
3398
3763
3244
3311
3618
3715
3565
3716
3154
3671
3669
3705
3883
3774
3205
3440
3800
3552
3514
3588
3256
3809
3459
3243
3414
3365
3373
3621
3839
3623
4056
3514
3642
3386
3642
3966
3642
4038
3642
3933
3966
3357
3888
3307
3710
3276
3888
3327
3514
3912
3959
3618
3095
3976
3327
3727
3367
3733
3966
3307
3422
3270
3515
3307
3310
4070
3251
3259
3311
3403
3591
3530
3367
3738
3781
3394
3257
3629
3336
3536
3591
3595
3642
3094
3504
3372
4093
3704
3461
3783
3372
3853
3327
3778
3782
3820
3843
3154
3888
3357
3296
3982
3500
3154
3325
3345
3782
4072
3311
3536
3469
4021
3182
3642
4056
3469
4008
3552
3822
3783
3134
3783
3783
3783
3690
3914
3914
3705
4056
3461
3367
3705
3843
3705
3705
3134
3705
3565
3673
3552
3604
3705
3552
3915
4091
4022
3914
3649
3783
4053
3258
3335
3372
3675
3372
3649
3335
4053
3675
3777
3843
3673
3687
3642
3536
3349
3335
3843
3951
4014
3642
4053
3600
3649
3311
3367
3783
3649
3675
3600
3778
4094
3342
3642
3552
3134
3826
3335
3705
3461
4085
3515
3914
3687
3372
3134
3849
3705
3165
3154
3143
3143
3604
3783
3284
4051
3311
3750
3604
3143
3083
3529
4094
3083
4051
3552
3143
3276
3552
3705
3783
3914
3705
3777
3705
3804
3642
3529
3276
4087
3134
3642
3687
3276
3529
3367
3687
3134
4051
3367
3565
3134
4008
3367
3134
4051
3600
3117
3653
3311
3665
3783
3372
3705
4042
3705
3372
3777
3642
3398
3687
4051
3529
9222
4850
4346
4210
4330
4797
4240
4948
4936
4195
4595
5009
4210
4254
4373
4320
4751
4948
4254
4236
4415
4320
4553
4254
4974
4415
4254
4606
5098
4250
5112
4834
4860
4256
5105
4629
4254
4917
4145
4393
4693
4704
4931
5075
4816
4664
4254
5084
4942
4881
5095
4845
4354
4922
4845
5082
4890
4335
4392
5096
4255
4254
4881
4731
4254
4167
4918
4522
4791
4747
4525
4495
4309
4744
4999
4339
4254
4386
4354
4421
4305
4244
4480
5049
4906
4468
4620
4456
4246
4254
4948
4415
4106
4836
4195
4128
4370
4873
4195
4254
4263
5077
4673
4415
4254
4629
4817
5047
4627
5007
4616
5116
4346
4972
4620
4948
4460
4691
4918
4728
4948
4606
4537
5103
4715
5054
4763
4816
4328
4254
5030
4942
4096
4855
4561
4211
4862
4456
4678
5098
5094
4481
4657
4412
4111
5087
4215
4175
4096
4988
4501
4492
4109
4646
4988
5114
4535
4680
4415
5043
4501
4345
5050
4364
5112
4120
4525
4905
4570
4559
4445
4295
4821
4763
4119
4814
4415
4822
5054
5031
4917
4855
4702
4167
4802
4953
4906
4895
4470
4256
4145
4715
4540
4768
4505
4943
4193
5032
4948
4138
4583
4661
4254
4119
4548
4971
4556
4605
4173
4478
4258
5096
4670
4629
4686
4830
4415
4203
4455
4334
5031
4525
5077
4948
4415
4917
5042
4651
4334
4379
4899
4821
4606
5087
5090
4413
4374
4373
4905
5077
5046
4752
4855
4457
4389
4384
4693
4254
5105
4949
4330
4423
4927
4654
4174
4884
4221
5105
4680
5119
4864
4153
5090
5009
4670
4285
4360
4601
4684
4331
4441
5108
5050
4691
4852
4195
4829
4407
4595
4195
4488
4195
4254
4599
4855
4283
4948
4971
4948
4449
4366
4134
4119
4170
4215
4373
4948
4860
4948
4861
4145
5042
4254
4881
4931
5041
4948
4955
4346
4334
5026
4948
4254
4145
4298
4972
5029
4852
4852
4961
4296
4544
4792
4671
4338
4354
5089
4828
4507
4546
4254
4740
4337
4466
4197
4195
4398
4740
5037
4776
4189
5037
4172
4605
4711
4432
4599
4415
4971
4175
4366
4948
4426
4919
4948
4254
4854
4662
4315
4933
4254
4893
4239
4899
4484
4254
4839
4200
4907
4715
4933
4899
4927
4195
4234
5118
4195
4945
5047
4187
4192
4320
4740
4601
4423
5027
5027
4195
5027
5047
4254
4853
4195
5027
4977
4336
4487
4360
4509
4829
5027
4484
4671
4221
4856
4254
4817
4839
5020
4938
4254
4561
4478
5020
4860
5089
4615
4317
4690
4948
5102
4583
4687
4690
4860
4254
4719
4608
4547
4933
4120
4301
4839
4296
4335
4905
4860
4415
4254
4948
4583
5076
4943
4860
4549
4665
4701
5050
4364
4704
4917
4943
4282
5079
5025
4915
4561
4770
4510
5025
4542
4510
5043
4638
4731
4845
4463
4215
4922
4846
4678
4977
5056
5027
4184
4496
4904
4496
5009
4700
4849
4147
5093
5070
4917
4730
4351
5011
4255
4434
4812
4678
4699
4389
4398
4469
4720
4779
4881
5037
4908
4192
4100
5072
4725
4106
4737
4892
4846
4218
4553
4241
4696
4530
5105
4434
4133
4748
4715
4954
4733
4439
4184
4210
4127
4571
4899
4896
4458
4968
5050
4678
4183
4322
4710
4644
4346
4346
4286
4603
4510
4456
4681
4678
4681
4255
4620
4332
4812
4155
4730
4337
4704
4366
4859
4771
4282
4944
4613
4725
4793
4748
4824
5090
4423
4699
4641
4838
5032
4480
4583
5090
4246
4704
4661
4686
4411
4904
4931
4636
4614
4640
4192
4704
5087
4872
5077
4657
4269
4844
4942
4773
4484
4500
4770
4977
4224
4168
4646
4657
4457
5109
4873
4269
4795
4789
5079
4127
4625
5013
5114
4227
5057
4670
4845
4500
4120
4812
4776
5050
4938
5068
4695
5068
4949
5110
4950
4542
4955
4938
4747
4747
4615
4848
4848
4875
4771
4500
4558
4373
4773
5059
4848
4875
4589
4907
4855
4364
4412
4269
5097
4771
4875
4221
5110
4773
5096
4950
4305
4535
4128
4424
5051
4854
4875
4500
5004
4296
5096
4771
5096
4510
4150
4875
4654
5040
4726
5115
4510
4510
4617
4436
4726
4737
5044
4942
4500
4296
4747
4510
4705
5118
4277
4848
4950
4510
4771
4344
4318
4812
5097
4221
4705
4812
4177
5082
4558
4970
4657
4318
5110
4332
4876
5033
4147
4177
4318
5088
4500
4773
4177
5082
4500
4318
4899
4521
4861
4771
4695
4318
4120
5012
4861
4500
4495
4318
4539
4896
4120
4510
4773
4510
5001
4950
4221
5068
5012
4177
5068
4938
4824
4332
