9217
9218
194
642
642
601
920
412
412
594
412
594
594
594
271
594
271
594
271
545
271
603
15
847
989
749
220
638
220
340
943
594
943
594
513
611
248
688
774
774
774
774
774
774
774
232
50
85
1001
593
800
28
496
514
734
853
853
218
456
304
546
15
822
158
641
542
529
248
529
159
159
805
847
158
641
630
542
546
29
734
431
29
546
93
771
15
822
158
641
630
29
529
529
15
822
1020
641
529
542
529
529
529
431
29
29
93
121
483
822
158
641
667
529
29
734
546
15
822
158
641
542
529
529
529
546
618
546
546
529
529
546
546
340
93
546
29
546
527
121
266
839
77
77
642
642
510
601
920
412
594
594
412
594
594
594
594
594
594
513
545
545
603
603
266
319
884
291
308
308
308
726
554
726
554
221
554
221
554
221
483
225
884
291
291
308
308
726
726
589
786
958
89
89
89
89
201
726
201
901
918
275
19
225
319
291
291
308
308
308
726
726
266
839
77
642
885
412
601
412
412
271
594
271
594
594
594
594
271
271
271
271
594
271
594
271
603
318
85
85
277
115
594
271
594
271
271
271
611
271
545
271
688
688
688
271
688
688
688
688
688
611
391
84
158
1020
159
159
159
159
159
159
159
159
159
159
159
159
93
159
159
159
153
125
159
711
822
158
641
159
159
159
159
159
159
159
159
159
159
159
159
711
822
158
641
159
159
159
159
159
15
158
989
641
159
159
159
159
159
159
159
159
159
159
159
159
159
257
159
159
340
93
121
315
131
958
698
633
89
89
89
75
75
135
456
456
456
201
456
456
901
456
431
456
456
597
597
597
304
327
597
327
327
327
327
327
327
327
327
159
327
327
327
327
327
327
327
327
327
153
153
153
313
266
225
360
77
642
326
601
51
971
594
585
594
554
221
554
221
517
221
554
221
517
221
517
221
517
221
517
517
221
517
221
517
221
327
221
327
327
327
327
327
327
327
327
327
327
327
327
232
483
847
263
85
62
904
702
28
702
52
135
943
218
943
852
121
266
839
993
77
642
642
787
787
920
412
603
805
822
158
641
220
496
220
393
220
159
159
159
121
266
319
884
291
308
308
726
554
726
726
295
786
958
698
89
89
89
89
135
201
249
937
431
249
310
266
359
91
89
89
89
534
9219
2032
1947
1947
1368
1711
1666
1874
1583
2032
1947
1669
2028
1368
1481
1607
1607
2034
1775
1775
1368
1368
1481
1335
1585
1991
1991
1775
1775
1368
1368
1481
1607
1585
1991
1991
1775
1368
1368
1481
1607
1607
1991
1991
1991
2028
2028
1481
1481
2035
2035
1991
1991
1775
1775
1368
1669
1925
1094
1554
1969
1519
1587
1589
1368
2025
1626
1583
2032
2032
1936
1589
2028
1564
1867
1828
1626
2032
2032
1867
1409
2001
1626
1939
1535
1626
1564
1626
1523
1216
1964
1396
1485
1651
1635
1755
1626
1396
1216
1626
1626
1485
1626
1396
1396
1396
1635
1396
1626
1396
1626
1626
1216
1519
1523
1396
1396
1690
1690
1690
1347
1637
1857
1626
1409
1396
2001
1564
1626
1626
1626
1718
1519
1523
1857
2001
1690
1300
1690
1801
1589
1589
1690
1884
1884
1216
1701
1626
1867
1690
1959
1299
1589
1300
2035
1519
1097
1097
1097
1394
2025
1995
1995
1371
2000
1371
1928
1628
1777
1394
1928
1777
1928
1628
1628
1628
1928
1371
1371
1748
1232
1232
1496
1928
1456
1928
1928
1928
1252
1928
1252
1777
1928
1496
1371
1454
1628
1347
2046
1947
1479
1949
2001
1949
2001
1991
2001
1682
1925
1589
2001
1564
1828
1949
1925
1947
1094
1925
1969
1914
1585
2028
1857
1831
1585
2028
1585
2028
1585
1831
2035
1448
1585
1882
1585
1966
1949
2025
1585
2046
1448
1368
1587
2025
2046
1903
2001
1585
1714
1481
1831
2035
1857
1448
1589
2001
1771
2032
1828
1969
1892
1481
1925
1828
1828
2028
2028
1330
1409
1828
1083
1952
1669
1409
1936
2006
1186
1949
1966
1714
1347
1905
1587
1925
1417
1720
1554
1973
1481
1481
1585
1448
1991
1589
1775
1831
1481
1554
1607
1949
1589
2025
1368
1554
1607
1622
2034
2025
2025
1884
1884
1622
1622
2025
2025
1884
1884
1622
1622
2025
1155
1884
1775
1622
1899
1232
1607
1884
2034
2025
1368
1554
1607
1884
2034
2025
2025
1047
1519
1481
1622
2025
2025
1991
1775
1299
2028
1519
1349
1886
1607
2025
1216
1669
1480
1409
2001
2001
1969
1949
1949
1925
1094
2001
2035
1519
1519
1694
1589
1589
2001
2001
1299
1720
1589
1831
1589
1720
1554
1720
1884
1589
1589
2025
2025
2025
1884
1884
1349
1589
1589
2025
1232
1777
1884
1589
2000
1589
1777
1349
1777
1349
1884
1995
1349
1349
1349
1911
1690
1690
1925
1519
2035
2025
1969
1589
1714
1587
1083
1626
1626
1985
1083
1083
1351
1718
1985
1626
1351
1606
1626
1626
1940
1396
1626
1097
1867
1884
1995
1394
1054
2025
1928
2000
2025
1995
1394
1232
1995
1777
1394
1394
1394
1928
1349
1895
1083
1626
1936
1636
1216
1626
1669
1216
1626
1925
1669
1519
1857
1925
1925
1857
1636
1564
1857
1882
1925
1857
1690
1349
1777
1903
1628
1371
1232
1748
1884
1554
1991
2028
1949
1969
1554
1831
2034
1881
2025
1886
1335
1711
1368
1597
1240
1722
1831
1857
1947
1947
1949
1682
1905
1558
1969
1554
1720
1585
1554
1831
1481
1481
1711
1892
1892
1083
1341
1626
1412
2045
1409
1814
1814
1812
1814
1874
1669
1396
1626
1969
1368
1481
1368
2046
1317
1607
1711
1160
1248
1097
2008
1949
1368
1991
1348
1279
1345
1949
2008
1975
1365
1814
1984
1424
1626
1812
1812
1396
1985
1409
1824
1455
1606
1348
1824
1984
1396
1179
1585
1209
1914
1315
1991
1831
2034
2001
1806
1412
1939
1984
1564
1828
1939
1455
1083
1396
2045
2014
1910
2045
1123
1910
1828
1123
2014
2032
1240
1707
1828
1426
2025
2035
1969
1232
1831
2034
1554
1368
2034
2034
2025
1368
1884
1884
1622
1831
1554
1554
2034
2034
1481
1368
1991
1969
1515
1831
1248
1554
1995
1884
1554
2025
2034
1607
1368
1589
1723
1995
1777
1396
1264
1682
2007
2007
1519
1299
1481
1682
2046
1991
2007
1589
1995
1589
2046
1347
1347
1903
1777
1115
1991
1115
1995
1995
1115
1777
1903
1589
1857
1529
1975
1412
1412
1396
1216
1914
1991
1452
1417
1991
1317
1892
2032
1412
1830
1812
1931
1523
1690
1589
1417
1991
1884
1417
1723
1903
1777
1723
1903
2000
1884
1884
1347
1991
1206
1481
2046
1675
1481
1991
1345
1160
1991
1481
1502
1682
1044
2007
1886
1892
1991
1481
1892
1955
1481
1991
1995
1160
1991
1895
1248
1991
1481
1895
1345
1160
1991
1481
1589
2035
1481
2046
2035
2025
9220
2313
3010
2826
2607
2423
2544
2815
2552
2333
3035
2612
2386
2877
2800
2421
2180
2423
2857
2800
2462
2976
2735
2857
2368
2914
2564
2976
2681
2462
2164
2735
2800
3000
2343
2393
2800
2625
2649
3008
2877
3012
2162
2818
2990
3055
2694
2990
3008
2877
3012
2467
2791
3055
2330
2462
2849
2225
2230
2277
3050
2275
3050
2990
2579
2850
2497
2815
2697
2944
2833
2284
2253
2535
2489
2225
2169
2557
2552
2833
2129
2833
2735
2697
2508
3028
2939
2942
2942
2978
2508
2544
2320
2881
2978
2874
2085
2811
2890
2289
2489
2818
2939
2968
2847
3023
2289
2564
2579
2844
2470
2945
2905
2978
2111
2665
2770
2821
2608
2352
2844
2859
2944
2224
2552
2868
2529
2567
2874
2253
2830
2320
2564
2575
2693
2918
2470
3035
2936
2942
2942
2253
2694
2330
2877
2968
3017
2557
2508
2575
2352
2749
2470
2631
3029
3023
2320
2412
2253
2619
3017
2644
2868
2564
2976
2478
2411
2813
2936
2696
2649
2696
2411
3055
2119
2119
2748
2748
2748
2976
2889
3050
2619
2813
3012
3008
2564
2467
2119
2411
2976
2961
2411
2694
3009
3009
3009
2775
2928
2095
2230
2741
2368
2108
2478
2993
2048
2717
2443
2505
3011
2906
2947
2920
2649
2478
2920
2464
2421
2467
2510
3008
2162
2874
2628
2307
2645
2738
2054
2619
2996
2644
2699
2612
2717
3008
2064
2990
2349
2645
3023
2421
2343
2607
2993
2119
2863
2510
2875
2944
2575
2119
2579
2671
3050
3055
3028
2343
2696
2117
2544
2776
2388
2868
2048
2878
2333
2796
2735
2121
2501
3028
2730
3035
2344
2913
2465
2507
2644
2277
2630
2926
2680
2977
2133
2337
2544
2717
2804
2691
2616
2317
2945
2438
2330
2274
2631
2857
2180
2090
2452
2990
2868
2619
3008
2672
2942
2748
2411
2735
2925
2649
2619
2180
2452
2990
2887
2649
2164
2162
2769
2462
2972
2649
2937
2877
2818
3065
2889
2876
2976
2612
2925
2877
2857
2083
2180
2429
2811
2544
2649
2907
2452
2789
2945
2612
3007
2868
2489
2535
2928
3055
2057
2529
2850
2608
2972
2751
2253
3043
2860
2100
2567
2801
2762
2552
2672
2912
2937
2789
2644
2694
2789
2470
2789
2347
2789
2464
3050
2762
2881
2944
2800
2470
2501
2552
2735
2314
2564
2800
2224
2985
2877
2945
2276
2944
3050
2972
2942
2945
2945
3055
3017
3012
2800
2942
2942
2818
2800
2628
2907
2791
2928
2619
2644
2936
2411
2928
2623
2983
2983
2952
2623
2787
2233
2384
2659
3043
2882
2412
2659
2834
2957
2513
3000
2452
2952
2419
3009
2815
2944
2162
2818
2976
2694
2972
2649
2976
3012
2119
2489
3012
2791
3012
2800
2976
2081
2190
2123
2884
2712
2579
2957
2635
2307
2918
2968
2830
2957
2712
2137
2096
2089
2089
2096
2529
3059
2123
2119
3039
2856
2825
2889
2925
2976
2976
2162
2681
2874
2464
2665
2681
2330
2910
2883
3050
2521
2478
2544
2735
2467
2048
2457
2727
2320
2701
2815
2048
3039
2442
2277
2320
2813
2646
2830
2928
2877
2225
2320
2619
2671
2564
3023
2807
2473
2833
2407
2645
2833
2174
2848
2154
2771
2915
2915
2791
2766
2681
2697
2567
2992
2608
2564
2877
2671
2800
2544
3008
2874
2085
2986
2659
2769
2628
2511
2390
2470
2430
2588
2470
2225
3044
2978
2868
2596
3070
2697
2300
2972
2972
2344
2912
3038
2176
2971
2833
2366
2874
2647
2738
2925
3044
2453
2352
2957
3035
2096
2714
2997
3039
2557
2064
2564
2260
2968
2762
3023
2260
2283
3044
2631
2721
2665
2749
2227
2227
2844
2928
2609
2609
2848
2272
2928
2993
2616
3043
2054
2156
2616
2590
2727
2156
2813
3023
2979
2612
2789
2944
2928
2942
2054
2368
2993
3023
2253
2443
2787
2897
2320
2990
2048
2944
3007
2608
2942
2813
2253
2330
2475
2770
2770
2085
2983
2213
2253
2770
3059
2787
2770
2701
2907
2253
2860
3017
2608
3017
2735
2253
2944
2860
3017
2320
2791
3012
2119
2694
2649
2630
3029
2956
2897
2697
2944
2049
2323
2101
2925
2089
2320
2101
3017
2332
2096
2096
2714
3041
2489
2627
2748
2544
2877
2581
3017
2119
3017
2976
2119
2877
2564
2813
2925
2944
2293
2791
2119
3059
2936
2791
2330
3012
2944
2791
2730
2348
2649
2669
2701
2701
2253
2253
2860
2452
2608
2701
2813
2253
2860
2877
2791
2813
2694
2452
2860
3032
2224
2942
2925
2942
2579
3017
2937
3050
9221
3927
3247
3506
3862
3743
4091
3398
3398
3924
3674
3103
3313
3690
3698
3310
3901
3887
4052
4087
3942
3389
3698
3352
3987
3375
4084
3368
4000
4084
3943
3552
4084
4008
4079
3782
3284
3933
3747
3951
3674
3725
3940
3198
3652
3856
3431
3839
3431
3431
3940
3644
3777
3585
3661
3736
3097
3783
4027
3327
3327
3259
3494
3259
3935
4091
3822
3398
3297
3461
3304
3933
4016
3604
3359
4033
3849
3169
3984
3539
3284
3194
3157
3662
3919
3103
3169
3103
3398
4005
3662
3603
3600
3109
3504
3552
3424
3098
4003
4003
3103
3504
3600
3810
3955
3802
3231
3469
3103
3157
3600
3974
3644
4039
3764
4039
3442
3719
3903
3933
3783
3084
3398
4010
4019
3778
3668
3959
3869
4079
3810
3246
4003
3119
3928
3506
3952
3940
4079
3460
3869
3296
3673
3259
4091
4072
3843
3935
3928
3935
3631
3747
3600
3674
3134
3950
3727
3559
3747
3974
3810
3585
3810
3950
4039
3782
3951
3952
3909
3202
3887
3698
3950
4079
4079
3725
3747
3987
3824
3952
3725
3987
3935
3933
3413
3782
3782
3747
3903
3903
3893
3903
3903
3903
4087
4079
3901
4079
3952
3862
3325
3925
3839
3413
3736
3384
3166
3487
3437
3880
3745
3959
3904
3880
3535
3654
3259
3345
3736
3736
3937
3442
3690
3617
3478
3843
3406
3393
3166
3715
3690
3751
3585
3783
4053
3424
3414
3577
3424
3870
3304
3740
3248
3333
3582
3887
3706
3862
3869
3535
4005
3779
3738
4008
3869
3407
4052
3425
3248
3652
3304
3883
3745
3843
3198
3773
3633
3517
3098
3275
4085
3621
3865
3998
3175
3177
4010
3191
3997
3814
3839
3521
3088
3073
3270
3887
3198
4000
3940
3325
4008
3733
3469
3904
3674
3950
3839
3982
3952
3876
3388
4033
3880
3951
3511
3880
3937
3657
3868
3674
3095
3304
4054
3810
3952
3715
3747
3699
3933
4070
3517
3924
4072
4039
3674
3727
3782
3904
3904
4072
3647
3674
3088
3442
3542
4079
3719
3891
3950
3325
3377
3474
3883
3891
3280
3783
3736
3673
3783
3891
3284
3585
3115
3933
3513
3595
3719
3843
3736
3511
3325
3719
4030
3888
3634
3437
3891
3747
3783
3987
3925
3924
3952
3951
3259
3925
3935
3869
3198
3406
3690
3843
3111
3880
3824
3987
3933
3928
3933
3591
3690
3965
3383
3530
3929
3933
3270
3933
3950
3243
3940
3952
3437
3915
3965
3869
3909
3778
3702
3449
3810
3698
3080
3618
3945
3724
3967
3967
3323
4056
3685
3439
3598
3209
3540
3684
3336
3867
3939
4077
3966
3684
3559
4022
3555
3555
3921
3914
3111
3966
3869
3929
3904
3547
3530
3437
4039
3782
4039
3935
3987
3966
3868
3893
3530
3951
3447
3776
3284
3435
3869
3688
3951
4008
3111
3398
3293
3283
3603
3604
3398
3929
3763
4038
3107
3929
3107
4094
3514
3681
3437
3951
3623
4054
3901
4039
3133
4079
3111
3613
3368
3652
3742
3925
3437
3728
3736
3644
3728
3585
4072
3447
3088
3447
3593
3942
3274
3407
3381
3365
3778
3478
3869
3887
3420
3577
3577
3478
3730
3270
3111
3585
3180
3281
3839
3555
3715
3581
3688
3428
3310
3465
3389
3900
3805
3323
3313
3722
3530
3247
3375
3087
3934
4042
3674
3304
3782
3804
3653
3580
3800
3982
3382
4091
3888
3950
3133
3924
3388
3335
3771
3672
3715
4032
3115
4024
3373
3716
3775
3554
3329
3810
3887
3743
3335
3831
3708
3997
3437
3138
3876
4090
3369
3497
3739
3920
3135
3797
4082
3760
3620
3988
3810
3127
3687
3297
3485
3996
3308
3541
3506
3246
3450
3450
3331
3522
3931
3931
4045
3480
4065
3182
3924
3997
3474
3265
3904
3925
3573
3699
3751
4032
3577
3699
3078
3530
3925
3199
3727
3810
3924
3715
3585
3335
3925
3198
4042
3542
3824
4008
3577
3191
3928
3715
3843
3542
3901
3103
3856
3084
3320
3177
3888
4032
3888
3843
3107
3380
3824
3715
3843
3929
3812
3929
4079
3843
3437
3727
3437
3259
3078
3839
3843
3928
4053
3778
3673
3447
3763
3524
3231
3933
3822
3251
3413
3902
3320
3597
3200
3843
3763
3851
3450
3557
3760
3623
3585
3778
3437
3585
3171
3851
4053
3901
3133
3674
3270
3778
3557
3736
3083
3862
3950
3903
3903
3869
4072
3904
3243
3736
4087
3618
3248
4063
3734
3738
3583
3583
3698
3924
3734
3778
3107
4039
3843
3804
3111
3577
3335
3869
3843
3933
3915
3778
3335
3368
3843
3869
3950
4079
4036
3810
9222
5071
4765
4576
5011
4873
4971
4948
4440
4855
4161
4145
4853
5097
4914
4221
4221
4253
4197
5056
4527
4221
4221
4221
4296
4221
4221
5005
4221
4221
4875
4957
4731
5056
5094
4184
5052
4800
5094
4926
4955
4184
4460
5041
4184
4934
4926
4332
4432
4266
5049
4839
5041
4307
5020
5079
4800
4655
4457
4292
5093
4730
4525
4109
4150
5094
4772
5064
4834
4460
4850
4157
4845
4316
4285
4897
4145
5011
4265
4127
4853
4370
4725
4299
4432
4705
4636
4615
4948
4296
4763
4233
4220
4175
4773
4715
4971
4994
4133
5069
4830
4725
4449
4254
4546
4234
5110
4508
4800
4100
4567
4254
4948
4660
4948
4666
4795
5018
4860
4720
4423
4583
4961
4500
4544
4600
5095
4788
5040
4254
5068
4475
4798
4896
4351
4823
4124
4727
4242
5089
4800
5042
4269
4684
5058
4460
4605
4715
4624
4961
4739
4917
4615
4934
4763
4254
4244
5112
4925
4145
5020
4432
4720
4985
4460
4919
5049
4625
5115
5003
4950
4955
4830
4931
4931
4830
4934
4460
4132
4955
5094
4654
4132
4955
5058
4830
4926
4835
5094
5115
4835
4132
4132
5115
5018
5041
5079
5056
4844
4460
4834
5018
4583
4869
4889
4654
4631
5024
4771
4431
4654
4715
4546
4500
4898
4498
4810
4739
4215
4556
4915
4332
4125
4196
5049
4322
4983
5096
5041
4134
4715
4828
5096
4315
4460
4705
5049
4907
4283
4898
4332
4906
4705
4786
5095
4876
4287
4800
5090
4853
5117
4853
4221
4221
4460
5117
4768
4970
4777
4271
4846
4166
4194
5068
4526
4336
5037
4859
4970
4457
4732
5058
4563
4339
4949
4537
4654
5025
4234
4150
4437
4810
5112
4702
4800
4620
4706
4150
5090
4889
4412
4720
4460
4853
4852
4926
4384
4170
4588
4843
5095
5058
4757
5094
4407
5110
4554
4906
4985
4184
5094
5031
4170
4927
4661
4922
4926
4624
4755
4770
4972
5052
4460
4864
4926
4861
5052
4770
4783
4477
4747
4221
4305
4835
4934
5110
4861
4221
4318
4971
4305
4950
4830
4251
4771
4631
5041
4835
4713
4315
4860
5110
5068
4413
4561
4332
4726
4782
4950
5029
4305
4862
5045
4654
4889
4928
5042
4942
4145
4926
5059
4498
4934
4460
5011
5059
5110
4507
4384
5112
4456
4839
5059
4876
4620
4934
4950
5009
5089
5096
4810
4197
4454
4150
4624
4305
4456
4985
5110
4150
4119
4456
4654
4858
4654
4305
4384
5015
4862
4315
4814
4953
4456
4830
4889
5020
4554
4866
4465
5105
4731
4855
4855
4855
4855
4743
4495
4319
4988
4193
4830
4941
4853
4145
4529
5050
4505
4456
4500
4856
4157
4132
4384
4835
4620
4919
5058
5052
4926
4611
4456
4615
5110
4720
4810
4384
5050
4180
4213
4551
4948
5108
4782
5040
4161
4161
4220
4318
4422
5097
4824
4876
5056
4360
4452
4551
4337
4194
4549
4610
4537
4938
5011
4760
4184
5114
4654
4384
4817
4432
4505
4537
4611
4296
5008
4620
4620
4844
4559
4829
4835
4460
4233
4750
4320
4145
4861
4720
4899
4953
4705
5090
4640
4376
4483
4889
4774
4239
4334
4439
4961
4800
4660
4128
4660
4845
4256
4119
4423
4532
4555
5024
4952
4387
4579
4532
4860
5090
4384
4853
4335
4554
4364
4889
5096
5052
4436
5058
4260
4855
4324
4236
5008
4436
4950
5089
4477
4415
4593
4299
4792
4414
4851
4950
4119
4559
4532
4532
4943
4119
4648
4954
4532
4456
4972
4681
4997
4705
4221
4777
5103
4431
4985
4437
5043
4551
4980
4791
4687
5017
5064
4526
4598
4098
4755
4549
4370
4243
4549
4817
4965
4663
4806
4782
4159
4296
4849
4546
4487
4732
4926
5096
4810
4869
4839
4936
4853
4305
4453
4835
4732
4835
4998
4978
4950
5096
4835
4835
5059
5041
4985
4854
4955
4681
4431
5096
4559
4830
4221
4410
4955
4876
4983
4905
5052
5110
4861
4562
4559
4945
4641
5112
4684
4415
4456
4948
4436
4972
4948
4415
4119
4948
4119
4845
4948
4456
4961
4654
4624
5079
4972
4456
5012
4119
4254
4132
4629
5071
4175
4761
4980
4845
4196
4285
4456
4747
4861
4184
4113
4957
5029
4885
4430
4742
4845
4755
5112
5056
4919
4881
4629
4593
4456
4456
4926
4919
5118
4654
4835
5059
4460
5063
4096
4221
4598
4727
4728
4460
4589
4810
4770
5079
4692
4242
4548
4747
4416
5047
4227
4646
4972
4988
4884
4862
4931
4170
4817
4862
4810
4203
5058
5115
4858
4170
4835
5059
4835
4410
4334
4907
4119
4510
