9217
9218
950
819
819
819
819
819
819
819
819
819
819
819
819
819
819
819
819
819
819
819
819
819
819
819
819
819
819
819
819
819
819
819
819
819
819
819
819
819
819
819
819
819
819
819
819
819
819
819
819
819
819
819
819
819
819
819
819
819
819
819
819
819
819
819
819
819
819
819
819
819
819
819
819
819
819
819
819
819
819
819
819
819
819
819
819
819
819
819
819
819
819
819
819
819
819
819
819
819
819
819
819
819
819
819
819
819
819
819
819
819
819
819
819
819
819
819
819
819
819
819
819
819
819
819
819
819
124
819
819
819
819
819
819
819
819
819
819
819
819
819
819
819
819
819
819
819
819
819
184
819
819
819
819
819
819
819
819
819
819
819
819
819
819
608
772
468
819
468
819
819
819
228
819
819
819
819
819
819
184
184
184
184
537
709
184
184
537
740
537
184
184
537
184
537
608
608
608
772
228
248
124
228
228
228
228
228
228
228
228
228
228
228
228
228
228
228
228
248
228
228
228
228
608
608
608
432
228
228
228
228
228
228
228
228
563
228
228
228
228
228
228
228
228
563
228
228
228
228
228
608
608
608
772
228
896
228
228
228
228
228
228
228
228
228
740
228
228
228
228
228
228
228
228
228
228
228
228
608
740
772
228
228
228
228
184
228
228
228
228
228
184
228
228
537
184
184
228
537
537
228
184
537
184
184
537
184
184
537
563
184
184
819
819
819
819
819
819
819
819
819
819
819
819
819
819
819
819
819
819
819
819
819
819
819
819
819
819
819
819
819
819
384
819
819
819
819
819
819
819
819
819
819
819
819
819
819
819
819
819
819
819
819
819
384
608
772
228
228
228
228
228
228
228
228
228
228
228
228
228
228
228
228
228
228
228
228
228
228
228
228
228
228
228
228
228
228
228
228
228
228
228
228
228
563
228
228
228
228
228
228
228
228
248
228
228
228
228
228
228
228
228
228
228
228
228
228
228
228
228
228
228
228
228
228
228
228
228
228
228
228
228
228
228
228
228
228
228
228
184
228
228
228
184
228
228
228
228
228
228
228
228
228
228
228
228
228
228
228
228
228
228
228
228
709
228
228
228
228
228
228
228
228
228
228
228
228
228
228
228
228
228
228
228
228
228
228
228
228
228
534
9219
1968
1491
1636
1955
1955
1968
1491
1953
1955
1330
1612
1914
1955
1925
1968
1857
1914
1955
1968
1491
1914
1955
1925
1216
1636
1914
1882
1759
1857
1481
1636
2034
2046
1491
1882
1808
1968
1857
1914
1955
2024
1491
1636
1882
1808
2024
1857
1636
1882
2024
1968
1857
1882
2024
1968
1857
1635
1564
1439
2032
1612
1636
1564
1982
1626
1939
1896
1896
1612
1565
1806
2024
1968
1857
1636
1808
1612
1626
1980
1882
1523
1968
1491
1914
1955
1808
1968
1914
1882
1968
1857
1807
1857
1636
1564
1612
1636
1955
1764
1216
1801
1564
1968
1188
2046
1914
1882
2024
1968
1491
1882
1925
2024
1612
1636
1788
2024
1968
1857
1914
1808
1968
1857
1882
1808
1047
1925
1968
1636
1808
2024
1857
1636
1955
1925
1857
1209
1835
1857
1299
1953
1347
1636
1808
1968
1636
1955
1777
2024
1491
1966
1547
2024
1857
1857
1953
1955
1815
1036
1808
1884
1955
1925
1491
1882
1097
2024
1491
1914
1882
1221
1952
1955
1966
1221
1491
1955
1491
1882
2024
1491
1914
1748
1808
1968
1777
1636
1955
1622
1968
1636
1589
1808
1491
1589
1966
1955
1808
1612
1914
1589
1925
1968
1914
1914
1808
1491
1995
1589
2024
1491
1955
1968
1636
1808
1968
1914
1895
1882
1955
1857
1491
1882
1955
1968
1491
1914
1808
1968
1777
1636
1903
1882
2024
1589
1720
1317
1622
1857
1857
1808
1491
1995
1895
1808
1491
1882
1968
1491
1882
1905
1349
1491
1636
1955
1925
1491
1914
1882
2024
1857
1857
1953
1622
1097
1857
1777
1882
1982
1097
2046
1955
1047
1299
1857
1808
1968
1995
1960
1955
1968
1914
1955
1968
1914
1955
1349
1968
1491
1914
1808
1968
1491
1914
1808
1622
1968
1636
1884
1955
1589
1905
1636
1955
2025
1857
1914
1287
2046
1491
1882
1622
1903
1491
1882
1968
1491
1955
1968
1914
1115
1882
1955
1857
1914
1882
1955
1968
1491
1882
1587
1968
1491
1097
1955
1097
1925
1491
1815
2025
1554
1914
1519
2035
1968
1882
2025
2025
1968
1882
1925
1857
1882
1925
1857
1960
2007
1882
1968
1857
1914
1882
1968
1991
1914
1882
1905
1720
1491
1955
1914
2024
1949
1589
1955
1968
1991
2001
1955
1589
1589
1966
1299
2025
1491
1808
1968
1966
1955
1968
1857
1905
1882
1955
1299
1857
1882
1905
1925
1857
1914
1955
1622
1857
1903
1720
1955
1317
1895
1955
1589
1905
1914
1807
1955
1895
1589
1519
1955
1857
1955
1417
1857
1882
1299
1807
1968
1914
1720
1955
1857
1914
1966
1955
1720
1960
1955
1903
2035
1589
1895
1882
1417
1317
1884
1955
1589
2035
1914
1955
1895
1417
1914
1955
1857
1914
1955
1895
1589
1955
1417
1622
1491
1995
1995
1905
1895
1417
1955
1905
1857
2046
1047
1895
1777
1857
1417
1097
1905
1895
1777
2046
1607
1914
1417
1589
1895
1720
1955
1905
1914
1955
1097
1857
1966
2046
1955
1857
1097
1914
1955
2046
1895
1914
1995
1622
1895
2046
1895
1955
1895
1097
1966
1720
1777
1895
1589
1622
1589
1895
1955
1349
1905
1966
1905
1895
1911
1955
1857
1995
1914
1955
1903
2035
1914
1955
1334
1905
1914
1394
1955
1895
1349
1903
1955
1777
1417
1966
1622
1349
1895
1995
1777
2025
1857
1097
2024
1330
1955
1808
1955
1882
1882
1884
1914
1914
1914
1857
1448
1491
2025
1622
1968
1622
1622
1955
1955
1587
1884
1914
1914
1914
1914
1914
1448
1895
2025
1968
1622
1622
1925
1587
1955
1914
1914
1914
1636
1448
1448
1448
1968
1895
1330
1330
1622
1955
1587
1587
1587
1589
1882
1914
1914
1914
1914
1895
1094
1094
1554
1622
1587
1622
1622
1955
1955
1973
1914
1884
1857
2025
1448
2001
1969
1714
1925
1330
2025
1955
1955
1587
1587
1966
1345
1914
1448
1969
2034
2034
1094
1094
1554
2010
1973
1622
1622
1995
1886
1884
1914
1884
1315
1094
1094
1968
1155
1587
1330
1831
1955
1554
1519
1519
1315
1160
2025
2025
1448
1895
2034
1622
1330
2025
1547
1991
1587
1587
1669
1991
1914
1914
1914
1914
2025
2025
1094
1554
1554
1955
1622
1955
1955
1554
1519
1519
2006
1481
2025
1448
1895
1895
1622
1409
2025
1368
1554
1884
1587
1587
1995
1368
1448
2032
2034
2034
2034
2025
1248
1607
1607
1622
1589
2025
1955
1694
1914
1914
1714
1895
2025
2025
1232
1969
1622
1622
1622
1622
1884
1884
1884
1587
2034
9220
2212
2741
2456
2830
2097
2631
2085
2949
2119
2485
2936
2489
2830
2407
2986
2916
3041
3065
2212
2224
3017
2985
2818
2508
2508
2579
2085
2089
2986
2091
2544
2525
2644
2830
2064
2552
2147
2352
2347
2148
2638
2130
2942
2791
2830
2484
2936
2384
2510
2879
2344
2459
3022
2064
2946
2791
2830
2642
2815
2968
2307
2529
2830
2487
2916
2432
2121
2619
2714
2791
2714
2879
2459
2844
2608
2712
2949
2307
2544
2459
2968
2463
2915
2579
2252
2801
2788
2800
2097
2212
2489
2830
2347
2436
2212
2126
2879
2830
3039
3017
2830
2407
2489
2489
2091
3001
2126
2168
2508
2089
2801
2219
2126
3039
2907
3063
2879
2862
2097
2830
2801
2801
2887
2097
2085
3017
2508
2489
2267
2830
2746
2936
2879
2801
2091
2101
2815
2133
2680
2619
2949
3035
2510
2968
3035
2963
3017
2972
2485
2454
2830
2830
2835
3039
2791
2815
2552
2702
2233
2957
2091
2847
3000
3035
2307
2511
2936
2879
2091
2986
2085
2085
2552
2252
2862
2064
2091
2434
2830
2126
2494
2989
2510
2680
2680
3017
3017
2097
3035
2694
2489
2702
2680
3035
2830
2489
2085
2680
3039
2091
2830
2119
2508
2091
2510
3035
2714
2350
2544
2407
2746
2830
2552
2267
2085
2552
2085
2165
2347
3035
2407
2830
2879
2411
2133
2085
2085
2830
2552
2936
3039
2133
2421
3039
2456
2830
2119
2753
2091
2456
2818
2544
2830
2986
3039
2746
2089
2968
2801
2989
2968
2936
2552
2714
2830
2407
2085
2788
2484
2879
3039
3023
2224
2818
3035
2889
3035
2800
2707
2714
2714
2889
3039
2091
2506
2985
2544
2830
2830
2119
2552
2800
2818
2879
2800
2085
3012
2091
2694
3017
2085
2859
2879
2564
2085
2085
2489
2064
2407
2091
2489
2085
2665
2091
2680
2748
2968
2968
2800
2644
2359
2992
2631
2868
2521
2968
2064
2119
3069
2936
2119
2694
3035
3039
2936
2820
3039
2717
2506
2989
2119
2133
2815
2813
2945
2944
2407
2815
2091
2091
2478
2224
2456
2714
2564
2887
2407
2815
2489
2544
2407
2916
2714
2485
2748
2791
2054
2268
2219
2245
3050
2928
3044
2470
2936
3044
3012
2936
3044
3007
2544
2701
2544
3050
2390
2608
3050
2489
2877
2916
2791
2119
2818
2945
3007
2506
3023
2478
2478
2644
3044
3050
2714
3035
2224
2936
2791
3044
2945
2343
3032
3017
2945
2508
2986
2830
2883
2091
2830
2162
3012
2091
2484
2511
3035
2936
3000
2714
2407
2399
2478
3035
2857
2638
3012
2921
2478
2421
2968
2314
2788
2276
2119
3035
2889
2462
2714
2091
3039
3044
2877
2989
2091
2091
2467
2612
2091
2638
2800
2907
2889
2939
2800
2889
2552
2815
2552
2877
2791
2470
2813
2818
2879
2791
2277
3012
2800
2791
2830
3012
2717
2694
2064
2813
2188
3039
2830
2393
2877
2394
2091
2091
3035
2564
2411
2868
3050
2489
2800
2314
2800
3007
2936
2936
2470
2544
3012
2944
2791
2579
2813
2936
2133
2119
2314
3017
2791
2815
3050
2694
2748
2351
2813
2818
2907
3008
2815
2789
2443
2791
2552
2800
2936
2478
2968
2815
2411
2411
3012
2777
2544
2942
3008
2868
2800
2841
2777
2544
2351
2830
2818
2347
2162
2944
2717
3012
2091
2085
2552
2531
2091
2091
2944
2209
2224
2314
2305
2968
2544
2552
2544
2552
2119
2419
2119
2936
2628
2307
2224
2224
2936
2936
2968
2789
3012
3012
2398
2119
2119
2119
2119
2119
2936
2936
2544
2936
2936
2054
3035
3035
2968
2874
2091
2510
2119
2628
2644
2579
2874
2499
3055
2330
2544
2680
3035
2741
2857
2756
2478
2119
2544
2868
2945
2818
2936
3020
2936
2916
2224
2156
3039
2701
2119
2857
3055
2868
2091
2791
2791
2462
2224
2936
2544
2766
2115
2552
2568
2735
2859
2945
2238
2644
2421
2868
2243
2887
2462
2936
3023
2544
2351
2403
3007
2944
2993
2813
2416
2238
2090
2464
2478
2544
3007
3007
2877
3043
2738
2968
2535
2222
3043
2738
2738
2168
3008
2791
3050
2247
2916
2936
2307
2619
2097
2944
2452
2889
2841
2119
2935
2989
2985
2939
3020
2621
2156
3012
3012
3012
2119
2521
2965
2119
2877
2649
2714
2564
2178
2825
2938
2419
2771
3012
2909
2511
2869
2822
2979
2126
2990
2506
2506
2238
2489
2252
2936
2360
2464
2906
2462
2320
2119
2644
2791
2608
2619
2438
3023
2579
3008
2936
3035
2608
2944
2800
2990
2119
2935
2619
2788
2506
2990
9221
3621
3673
3440
3828
3736
4013
3951
3746
3849
3810
3484
3652
4036
4005
3843
3745
3915
4079
3757
3727
3974
3810
4013
3997
3757
3757
3394
3705
3849
4089
3376
3933
3950
3468
3966
3235
3891
3727
3810
3577
3238
3807
3109
3849
3127
3498
3849
3849
4093
3764
3111
3270
3425
4019
4093
3987
3325
3504
3156
3376
3942
3526
3082
3320
3600
3704
3235
3950
3082
3377
4006
3082
3198
3082
3540
3705
3540
3414
3703
3933
3868
3504
4036
4005
3166
3296
4039
3526
3812
3335
3849
3849
3082
3704
3526
4036
3833
3727
3777
3745
3704
3526
3297
4013
3869
3942
3869
3276
3757
3753
3631
3621
3833
3809
4042
3604
3320
3200
3459
3257
3849
3673
3868
3809
3950
3325
4042
3384
3327
4019
4019
3970
4042
3573
3357
3526
3736
3797
3684
3335
3406
3763
3455
3812
3764
4019
3965
3333
3849
3950
3938
3757
3526
3673
4082
4091
3384
3111
3970
3098
3660
3259
3849
3970
3157
3084
3690
3976
3327
3965
3674
3870
3849
3751
3388
3531
3704
3849
3182
3256
3963
3933
3764
3965
3929
3966
3674
3849
4042
3198
3727
3849
3086
4008
3935
3082
3764
3849
3698
3830
3296
3870
3812
3849
3484
4019
3753
3499
3901
3270
3565
4085
3782
4036
3647
3704
3982
3951
3698
3580
3782
3296
3966
3526
3727
3719
3704
3970
3970
3849
3818
3849
3849
3814
3970
4085
3965
3818
3296
3325
3797
3812
3727
3847
3849
3950
3674
3869
4039
3965
3111
3237
3296
3869
3869
3868
3297
4039
3526
3698
3849
3868
3849
3970
3727
4033
3849
3849
3845
3745
3335
3674
3552
3812
3849
3812
3812
3966
3782
3868
4042
3849
3346
4039
3965
3542
3674
3200
3849
3764
3935
4079
3952
3965
3777
3764
3812
3384
3398
4019
3952
3859
3868
3310
3229
3520
3526
3965
3304
3965
3582
3384
3933
3849
3704
3304
3652
3933
3542
3891
3727
3876
3526
3970
3072
3891
3849
3965
3847
3812
3849
4079
3901
3982
3376
3557
3924
3818
3869
3284
3950
3935
3869
3398
4039
3919
3377
3736
4008
3673
3367
3924
4072
4052
3673
3947
3951
3928
3869
3822
3928
3526
3869
4039
3284
3822
3645
3928
3304
3965
3747
3804
3965
3097
3935
3296
3928
4008
3965
3868
3111
3810
4054
3950
3478
3777
3198
3325
3818
3736
3535
3810
3552
3924
3810
3552
3600
3235
3530
3822
3869
3966
3928
4054
3675
4039
3965
3296
3988
3919
3526
3235
3843
3810
3804
4004
3478
3333
4088
3747
3933
3727
4054
3284
3887
3595
3810
3530
3951
3950
3351
3928
3772
3724
3111
3812
4088
3530
3951
4005
3880
3928
3950
4039
3647
3810
3950
3928
3891
3950
3928
3526
3284
3437
3698
3690
3901
4039
3951
3951
3974
3982
3530
3822
3995
3869
4088
4008
3557
3849
3966
3810
3237
3740
3284
3727
3526
3965
3849
3951
3951
4005
3928
3235
3690
3869
3987
3623
4005
3950
3284
3782
3133
3810
3098
3928
3764
3530
3928
3400
3950
3674
4072
3237
3777
3198
3782
3500
3325
3951
3111
3928
3951
3111
4091
3951
3715
3198
3940
3901
3674
3736
3727
3951
3950
3787
3778
3935
3950
3530
3928
3933
4072
3928
3296
3088
3530
3111
3652
3901
4072
3950
3933
3618
3437
3887
3904
3935
3530
3928
3950
3652
3778
3952
3951
3368
3829
3645
3304
3747
3747
3335
3552
3552
3552
3552
3209
3552
3304
3791
3782
4090
3111
3557
4053
3987
3747
3649
3335
4053
3311
3778
3951
3209
3552
3335
3924
3804
3935
3095
4039
3965
3951
3965
3869
3209
3198
3487
3672
3690
3940
3747
3335
3500
3935
3950
3715
3715
3284
3335
3764
4087
3868
3952
3335
3987
3304
3719
3950
3674
3715
3747
3778
4008
3674
3933
3951
3552
4039
4039
3843
3883
3736
3494
3270
3764
3847
3202
3951
3533
3747
3951
3098
3966
3647
3859
3088
3940
3158
4032
3335
3491
3442
4093
3887
4088
3869
3997
4053
3940
3259
3259
3674
3327
3824
3621
3824
3348
3182
3085
3478
3073
3335
3981
3966
3724
3365
4088
3413
4088
4079
3907
3234
4053
3952
3098
3577
4065
3933
3762
3198
3673
3381
3781
3753
3557
4054
3535
3259
3198
3690
3511
3951
3474
3653
3741
3315
3078
3782
4042
3111
3762
3942
3783
3904
3952
3887
4079
3887
3592
3869
3940
3987
3413
3810
3891
3950
3585
3557
3783
3674
3747
3577
3935
3778
3825
3777
3940
4065
3825
3095
3503
3095
3464
3870
3284
3595
3942
3530
3985
3284
9222
4845
4653
4583
4731
4985
4860
4270
4985
4719
4177
4636
4737
4980
4721
4638
5095
4985
4899
4643
4985
4432
4720
5029
4852
4896
4177
4731
4623
4234
4194
4843
4676
4105
4909
4732
4814
5040
4938
5015
4666
4340
4726
4676
5090
4525
4925
4740
4782
4741
4455
4589
4861
4606
4854
4985
4820
4803
4955
4410
4337
4726
4362
4980
4754
4175
4736
4771
4610
4523
4496
4127
4799
4462
4919
4274
4929
4539
5093
5090
4899
4845
4814
4823
4856
5037
4896
5040
4919
4899
4876
4248
4908
4342
5037
4790
4801
4161
4510
4875
4792
4845
4133
5043
4983
4194
4961
4771
4721
4248
4801
4133
4846
4201
4899
4175
5095
4927
4307
4896
4876
5089
4751
4747
4961
5029
4896
4254
4721
4248
4733
4845
4845
5022
4127
4234
4248
4876
4908
4977
4896
4337
4321
5075
4132
4759
4608
4432
5098
4132
4221
4862
5029
4876
5095
4817
4282
4318
4948
4699
4855
4586
4248
4195
4740
4631
5037
4194
5097
4835
4340
4756
5003
4615
4726
4382
4623
4353
4771
4852
4615
4755
4881
4876
5114
4938
4971
4985
5089
4676
4398
4309
4371
4985
4334
4651
4601
4721
4875
5038
4830
4801
4938
5031
5087
4215
4747
4821
4676
4860
4766
5096
4829
4876
4829
4157
4875
4221
4127
4150
4615
5097
4660
5097
4876
4921
4864
4522
4248
4855
4971
4132
4870
4829
4379
4612
4384
4784
4346
4127
4980
4621
4927
4983
4919
4606
4248
4771
4248
4606
4747
4384
4926
4599
4861
5012
5068
4999
4726
5059
4938
4431
5097
5040
4853
4801
4127
4153
4927
4379
5115
4771
4201
4522
4751
4681
4771
4490
4654
4619
4899
4985
5079
4770
4919
5114
4747
4876
4589
4132
5095
4955
4876
4676
4852
4739
4770
4153
5029
4766
4903
4906
4255
4715
5038
4113
4446
4763
4398
4726
4299
5115
4864
4771
4236
5058
4676
4654
4726
5114
4132
4676
4771
4546
4737
4624
5095
4955
4747
4145
4460
4705
4631
5095
4711
4318
4876
4233
4384
5095
4293
4127
4771
4705
4983
4624
4624
4800
5090
5097
4500
4801
4810
4771
4876
4773
4798
5097
5029
4961
5079
4215
4914
4810
4654
4961
4715
4386
4894
4726
4150
4134
4458
5029
5040
4407
4384
4599
4460
4125
5037
4498
4917
4955
4771
4771
4145
5005
4305
4604
4559
5115
5079
4732
4853
4332
4624
4961
4332
4248
4961
4927
4830
5108
4934
4120
4862
5094
4784
4931
4599
4150
4860
4830
4817
4145
4593
4132
4821
4771
4801
4955
4983
4770
4145
4621
4527
4907
4210
4221
5040
4484
4830
5094
4624
4327
4197
4926
5029
4961
4864
5114
4153
4767
4676
4612
4771
4926
4676
4955
4747
4629
4305
4830
4379
4726
4546
4864
4962
4456
4132
4546
4771
4510
4810
4889
4971
4919
4961
4905
4971
4624
4132
4985
4731
4876
5031
4623
4600
5046
4583
5058
4985
4505
4771
4376
5096
5115
5110
4629
5012
4830
4739
4829
4919
4460
4755
4926
4969
4770
4629
4875
4985
4876
4150
5094
4961
4305
4226
4412
4615
4926
4801
4726
4248
4726
4771
4436
5118
4889
4629
4985
4589
4933
4801
4654
4905
4810
4950
4221
4460
4484
4961
5029
4431
4654
4814
4950
4961
5118
4985
5115
4861
4771
4606
4132
4876
4546
4157
4934
4810
4876
4720
4170
4505
4221
4771
4906
5031
4640
4248
4771
4771
4661
4755
4474
5096
4812
4269
4784
4771
5059
5087
5096
4773
4763
5037
4875
4711
4771
4810
5059
4676
4770
4500
4819
4725
4305
5110
4861
4934
4221
4661
4810
4711
4711
4332
4173
4705
4702
4950
4460
5096
4654
4587
4861
4800
5096
4465
4145
5094
4862
5059
5095
4484
4384
5068
4145
4170
5096
4896
4934
4927
4681
5012
5110
4771
5031
4889
4599
4907
4835
4835
4560
4931
4221
4862
4477
4955
4919
4819
4835
5031
4862
5094
4875
4460
4625
4931
4853
5115
5029
4315
4985
4903
4786
4810
5090
4184
4875
4460
4317
4973
5031
4132
4926
4583
4400
4852
4801
4943
4927
4861
4114
4132
5041
4852
5068
4587
4810
4906
4439
4829
4925
5052
4221
5029
4337
5037
5106
4676
4606
4830
4773
4852
4221
4519
4497
5079
4170
4384
4835
4634
4848
4431
4893
4970
4432
4848
4484
4852
4853
4221
4873
4820
4145
4606
4999
5058
5095
4331
4583
4249
5111
4305
4554
5058
5102
4224
5029
4962
5024
4771
4771
4620
4792
4983
4132
4615
4615
4200
4145
4111
4384
4899
4484
4287
4615
4972
4861
5114
5118
