9217
9218
306
774
774
774
774
876
372
876
876
24
876
876
876
876
563
876
876
876
876
876
774
774
774
774
688
774
774
774
774
774
774
774
774
774
774
774
774
774
774
372
774
774
774
774
774
881
422
1020
529
546
527
121
283
330
931
995
496
848
73
853
195
330
733
985
981
496
73
982
330
985
749
868
848
529
121
913
330
985
866
496
529
121
982
330
733
866
981
529
529
167
913
924
749
529
529
283
924
985
641
529
80
529
913
924
931
529
121
283
924
931
542
529
73
389
330
985
885
529
529
73
389
330
985
931
529
529
529
121
913
300
885
601
73
73
982
330
481
885
707
529
632
73
622
330
733
866
868
73
73
622
330
985
866
529
529
73
195
178
924
931
981
497
73
73
622
330
985
981
542
73
73
452
913
924
931
981
223
73
603
603
913
278
885
509
920
563
271
271
603
711
509
73
489
19
649
924
985
866
758
38
996
278
733
985
538
758
38
996
358
985
866
868
47
982
599
445
985
866
47
673
599
445
985
920
47
283
599
985
885
920
38
996
599
955
985
47
283
361
985
866
73
73
996
199
885
885
80
603
191
358
985
866
47
587
361
955
885
377
73
283
924
985
885
271
603
599
358
885
885
920
73
283
358
885
412
73
587
599
481
885
73
73
283
924
985
73
73
563
509
913
924
931
273
73
509
195
599
358
866
47
47
786
319
291
308
509
726
263
85
143
22
47
260
578
33
532
587
824
38
599
358
866
935
199
885
528
587
599
33
587
319
884
291
308
310
935
199
599
33
532
920
935
481
491
260
319
884
308
361
39
587
722
33
532
646
412
38
310
589
319
884
291
509
726
673
578
91
978
539
47
935
481
935
33
532
47
260
578
33
532
587
85
359
120
89
89
504
201
249
249
276
249
249
249
249
249
422
290
290
456
241
673
578
33
866
920
528
504
195
599
33
866
601
73
632
195
599
445
885
412
73
73
195
599
445
885
601
73
73
195
599
33
885
920
271
73
599
199
885
271
340
73
271
271
271
785
220
393
220
603
195
359
120
633
319
291
504
504
684
241
295
786
91
89
504
456
901
456
456
456
456
456
456
276
456
456
456
901
456
276
456
195
63
91
456
456
456
456
456
456
633
359
937
456
249
633
319
260
359
405
9219
1928
1928
1928
1928
1928
1928
1928
1928
1928
1928
1928
1928
1928
1928
1928
1928
1928
1879
1928
1879
1928
1928
1879
1879
1879
1879
1879
1879
1879
1382
1426
2025
1299
1035
1044
1426
1426
1299
1589
1115
1394
1928
1394
1371
1417
1995
1995
1417
1394
1777
1076
1995
1394
1394
1928
1281
1394
1394
1394
1428
1076
1076
1076
1928
1394
1394
1394
1396
1382
1299
1426
1426
1299
1707
1044
1299
1426
1054
1547
1547
1426
1426
1240
1707
1707
1426
1426
1240
1054
1054
1115
1928
1394
1394
1076
1076
1281
1928
1115
1115
1394
1879
1076
1115
1115
1928
1928
1394
1076
1928
1382
1707
1299
1426
1426
1299
1925
1299
1426
1426
1299
1707
1299
1136
1426
1240
1857
1299
1426
1426
1857
1299
1035
1426
1426
1240
1299
1955
1426
1426
1299
1044
1044
1417
1426
1417
1707
1417
1426
1426
1426
1622
1044
1914
1426
1417
1044
1417
1044
1426
1044
1054
1054
1955
1426
1857
1417
1955
1417
1426
1914
1054
1955
1054
1426
1426
1054
1044
1417
1426
1417
1054
1054
1054
1426
1426
1622
1054
1914
1054
1426
1054
1417
1955
1417
1426
1054
1054
1417
1928
1130
1879
1928
1928
1928
1928
1928
1928
1928
1928
1928
1879
1879
1928
1928
1928
1928
1928
1879
1928
1928
1928
1879
1928
1879
1928
1879
1879
1879
1130
1130
1879
1130
1928
1879
1879
1879
1879
1879
1879
1928
1879
1879
1879
1879
1130
1879
1432
1130
1130
1130
1879
1879
1879
1879
1879
1879
1879
1879
1879
1879
1130
1130
1762
1130
1130
1879
1130
1130
1130
1130
1130
1130
1432
1432
1432
1432
1130
1130
1432
1432
1432
1432
1432
1432
1432
1432
1762
1130
1130
1130
1130
1130
1130
1130
1432
1762
1432
1432
1432
1432
1130
1432
1900
1928
1432
1762
1130
1130
1130
1281
1281
1130
1762
1762
1879
1281
1130
1762
1762
1432
1130
1130
1281
1432
1499
1130
1432
1432
1432
1879
1130
1762
1130
1762
1432
1130
1130
1130
1130
1762
1762
1130
1432
1130
1432
1432
1432
1130
1762
1900
1762
1900
1076
1130
1432
1762
1432
1762
1499
1762
1762
1762
1432
1130
1432
1762
1928
1762
1762
2043
1762
1432
1762
1762
1762
1762
1762
1762
1762
1432
1432
1432
1900
1762
1900
1762
1432
1432
1762
1130
1762
1762
1762
1762
1762
1432
1432
1762
1432
1762
1762
1762
1762
1762
1762
1762
1762
1762
1762
1762
1762
1432
1432
1762
1762
1762
1762
1762
1762
1762
1762
1432
1432
1762
1762
1762
1762
1762
1762
1762
1762
1762
1762
1762
1762
1762
1762
1762
1762
1762
1130
1035
1707
1955
2025
1044
1417
1857
1748
1720
1991
1044
1669
1417
1714
1299
1179
1035
1481
1417
1991
1417
1417
1589
1589
1481
1417
1417
1714
1585
1547
1417
1206
1714
1481
1622
1622
1547
1426
1991
1547
1417
1914
1914
1481
1417
1857
2025
1417
1206
1622
1417
1417
1589
1417
1035
1206
1945
1547
1299
1991
1481
1299
1547
1771
1949
1771
1771
1299
1299
1299
1975
1216
1857
1925
1216
1216
1925
1707
1216
1669
1519
1240
1299
1707
1136
1426
1299
1047
1707
1519
1396
1914
1857
1771
1771
1216
1426
1240
1707
1707
1426
1426
1299
1707
1179
1299
1426
1240
1299
1299
1857
1426
1426
2046
1314
1835
1835
1426
1240
1315
1057
1299
1369
1299
1743
1703
1588
1798
1426
2006
1764
1977
1764
2015
1426
1291
1287
2017
1426
1998
1299
1057
1299
1581
1426
1369
1585
1743
2046
1743
1798
1588
1798
1291
1977
1188
2015
1835
1291
1287
2017
1287
1998
1287
1594
1426
1159
1317
1780
1585
1743
1703
1788
1324
1588
1979
1291
1886
1764
2015
1835
1188
1287
1835
1240
1998
1914
1998
1714
1057
2025
1610
1714
1780
1720
1743
1798
1588
1815
1188
1426
1291
2015
1382
1291
1136
1291
1720
1998
1955
1998
1547
1331
1054
1759
1720
1694
1720
2015
1798
1291
1771
1291
1588
1707
1291
1426
1291
1287
1998
1054
1057
1547
1759
1720
1993
1426
2015
1815
1227
1136
1291
1588
1835
1188
1054
1835
1054
1057
1044
1759
1426
1759
1682
1993
2007
1743
1815
1588
1694
1835
1188
1426
1835
1287
1720
1426
1979
2025
1780
1720
1136
1227
1694
1798
1588
1798
1426
1588
1914
1188
1914
1835
1426
1720
1317
1759
2046
1759
1720
1694
1720
1694
1426
1426
1694
1914
1588
1054
1188
1807
1835
1054
1287
1426
1759
1925
1759
1347
9220
2162
2813
2815
2961
2649
2791
3012
2649
2961
3008
2452
2452
2961
3008
2857
2789
2694
2976
2961
2789
2961
2928
2472
2800
2976
2472
2472
2472
2976
2641
2754
2352
2993
2762
2936
2857
2506
2464
2993
2844
2609
2762
2848
2928
2260
3064
2844
2844
3017
2176
2990
2478
2848
2928
2791
2419
3017
2848
2928
2791
2928
2928
2260
3017
2928
2928
2260
2625
2981
2848
3035
2089
2791
3032
2968
2749
2791
2260
2901
2848
2848
2928
2879
2879
2879
2848
2928
2879
2901
2609
2609
3017
2260
3017
2791
2936
2777
3017
2609
2844
3017
2472
2419
2961
2844
3017
2419
3017
3017
3017
2909
3050
2844
2489
2830
2464
2609
2848
2714
2089
2260
2085
2844
2506
3032
2968
2762
2844
2510
3017
2352
2609
2844
2777
3032
2714
2245
2762
2848
2916
2260
2609
2844
2749
2791
2767
2968
2844
2916
2506
2609
3064
2844
2848
3032
2767
2609
2993
2848
3032
2260
2762
2727
2848
3032
2260
3064
2762
2749
3039
2260
3017
2993
2848
2916
2721
3017
2844
2848
2714
2928
2767
2762
3017
2721
2694
2464
3017
2848
2749
2879
2489
2609
2848
2749
2916
2260
3017
2844
2681
3012
2791
2609
2844
2791
2928
2566
2961
2844
2961
2928
2976
2119
2936
2961
2928
2260
3012
2961
2791
2928
2260
2976
2844
2976
2928
2566
2976
2566
2472
2961
2961
2566
2694
2472
2976
2928
2260
2609
2844
2694
2928
2976
2961
2976
2472
2961
2961
2566
2472
2472
2961
2928
2961
2976
2961
2976
2928
2961
2961
2961
2566
2472
2961
2472
2985
2961
2961
2961
2961
2961
2961
2961
2472
2472
2472
2472
2961
2961
2566
2566
2472
2472
2472
2566
2472
2566
2961
2961
2961
2472
2961
2961
2472
2961
2472
2592
2566
2566
2472
2472
2961
2472
2976
3055
2566
2592
2961
2813
2472
2961
2961
2566
2961
2566
2162
2649
2472
2961
2961
2472
2961
2472
2162
2566
2961
2961
2472
2472
2472
2813
2990
2813
2748
2813
2472
2961
2961
2961
2961
2961
2472
2961
2472
2472
2472
2472
2472
2961
2649
2452
2649
2813
2748
2813
2472
2748
2472
2592
3055
2592
2566
2961
2566
2566
2472
2592
2813
2748
2813
2694
2566
2472
2566
2649
2566
2748
2813
2566
2472
2472
2566
2566
2961
2748
2813
2592
2472
2472
2592
2566
2961
2592
2748
2813
2592
2472
2566
2566
2472
2566
2472
2592
2472
2472
2592
2592
2472
2566
2472
2592
2813
2472
2566
2566
2472
2566
2566
2748
2592
2592
2592
2472
2472
2566
2566
2566
2813
2472
2162
2472
2566
2735
2566
2566
2472
2162
2566
2592
2813
2566
2961
2711
2809
2874
2419
3000
2393
2423
3017
2767
2972
2260
2644
2625
2351
2608
2506
2857
2119
2791
2937
2813
2393
2793
2330
2791
2800
2800
2877
2276
2630
2936
2224
3012
2552
2330
3009
2925
2616
2119
2330
2608
2330
2630
3008
2877
2920
2647
2766
2608
2671
2510
2253
2935
2807
2214
3050
3007
3017
2796
2800
2330
2857
2330
2117
2884
2256
2478
3000
2791
2421
2660
2925
2881
2412
2174
2214
2214
2510
2844
2261
2536
2085
2170
2085
2815
2881
2260
2767
2233
3044
2928
2260
2464
2877
2478
3059
2696
2920
2694
3007
2820
2789
2119
2813
3050
2848
2789
2751
2260
2609
2844
2699
2255
2260
2543
2332
2848
2421
2910
2582
2844
2800
2928
2730
2170
2609
2844
2775
2801
2260
2609
2314
2848
2277
2484
2260
2609
2640
2746
2928
2260
2609
2844
2820
2478
2260
2609
2844
2749
2928
2464
2594
2993
2350
2749
2928
2260
2609
2844
2269
2928
2260
2609
2844
2964
2820
2949
2464
2993
2844
2928
2928
2260
3064
2844
2801
2928
2147
2119
2762
2119
2314
2928
2314
2148
2837
2097
2979
2095
2788
2993
2969
2609
2993
2848
2928
2928
2609
2609
2848
2147
2928
2260
2609
2716
2484
2928
2260
2767
2844
2848
2928
2260
2748
2844
2848
2749
2260
2464
2609
2749
2499
2238
2506
2484
2848
2484
2928
2462
2224
2165
2928
2260
2619
2844
2848
2949
2260
2625
2060
2949
2928
2260
2609
2993
2510
2928
2260
2616
2727
2848
2421
2327
2989
2609
2986
2928
2327
2260
2609
2848
2749
2455
2260
2609
2844
2848
2928
2260
2609
2844
2986
2884
2320
3050
2993
2848
2445
2260
3064
2762
2848
2749
3023
2260
2609
2848
2749
2928
2767
2609
2844
2848
2126
2801
2925
2993
2848
2109
2464
2609
2727
3035
2921
2224
2260
2609
2681
2672
9221
3530
4084
3585
3375
3928
4008
4042
3747
3935
3925
3674
3951
3940
4008
3585
3747
3940
3750
3674
3623
3940
4054
3623
3750
3935
3940
3952
3952
3747
3385
3736
3577
3579
3242
3376
3747
3270
3530
3935
3352
3970
3111
3950
3725
3764
3673
4094
3673
3623
3824
3869
3114
3111
3284
3725
4053
3810
4054
3284
3585
4079
3674
3674
3950
3810
4088
4036
3653
3109
3484
3296
3177
3579
3869
3810
4094
3824
3970
4000
3465
4039
3812
3376
3530
3925
4008
3530
3725
3530
3284
3951
3251
3950
3530
3810
3925
3951
3530
4088
3673
3951
3725
3530
3623
3725
3725
3284
3530
3623
4053
3547
3499
3111
3309
3804
3833
4094
4088
3567
3747
4036
3716
3681
4079
3869
3074
3530
3698
3138
4082
4065
4088
3951
3138
3950
3950
3200
3333
3178
4095
4094
3951
3505
3673
3804
3935
3804
4088
3138
3747
3757
4094
4039
3915
3869
3887
4039
3935
3573
3935
3505
3970
3812
3915
4008
3804
3698
3810
3698
4094
4094
3530
3804
3915
4008
3804
3530
3950
4088
3951
4022
4036
3812
3720
3804
3804
4094
3241
3484
3812
4094
3530
4039
4094
3673
3934
3284
3530
3869
4088
3585
3530
4088
3747
3925
4009
3530
3935
3111
3925
3935
4009
3950
3810
3925
4088
3935
3530
3810
3925
4039
3284
3530
3284
3925
4009
3928
3530
3725
3750
3935
4039
3951
3530
3530
3750
4088
4088
4088
4088
3925
4088
3928
3530
3108
3925
3585
3725
3750
3530
3108
3725
4009
3928
3530
3623
3750
4009
3928
3530
3108
3858
3750
3725
3750
3530
4072
4009
4009
3108
3530
4009
4009
3725
3108
3858
3725
3108
3108
3858
3108
3725
3725
3858
3725
3108
3108
3725
3108
3108
3108
3108
3108
3108
3108
3858
3858
3108
3108
3725
3108
3108
3725
4054
4087
4079
3858
3108
3858
4079
3108
3725
3750
3858
3782
3824
3725
4054
3858
3725
3725
4009
3108
3725
3858
3858
3108
3725
3858
3108
3725
4054
3858
3750
3725
3858
4009
3108
3108
3858
4079
3904
3858
3858
3904
3858
3858
3858
3108
3725
3824
3904
3824
4087
3904
3987
3782
3108
3858
3965
3858
3901
3108
3858
3750
3858
3904
4087
3901
3904
3987
3901
4054
3987
4054
3987
3782
3858
3904
3901
3858
3108
3858
3108
4079
3952
3904
3858
3858
3750
3904
3858
3987
3782
3108
3904
3858
3108
3987
3858
3108
3108
3858
3901
4079
4054
3750
4072
3987
3108
3904
4009
3858
3858
4079
3987
4079
4054
3750
4054
3108
3750
3858
3108
4054
3987
4079
4009
3904
3858
3904
4054
4054
4072
3987
4079
3725
4079
3858
4009
4054
3901
3909
3424
3237
3154
3213
3659
3409
4054
3459
3869
3491
3329
3496
3839
3950
3715
3154
3200
3577
3844
4053
3200
3670
3839
3843
3234
3740
3514
3198
3237
3935
3078
3114
3744
3831
3577
3469
3188
3621
3951
4088
3621
3606
3500
4039
3237
3981
3843
3338
3198
3335
3474
3297
3770
3671
3511
3465
3521
3940
3115
3952
3904
4042
3677
3098
3406
3583
4067
3623
3178
3989
3393
3631
3820
3178
3735
3082
3829
3244
3925
3384
3265
3583
3862
3728
3582
3965
4090
4005
4005
3762
3965
3951
3915
3476
3335
3219
3862
3965
3925
3621
3965
3238
3136
3623
4007
3745
3542
3747
3623
3719
3384
3384
3259
3682
3138
3818
3736
3171
3200
4013
3764
3757
4022
3690
3357
3719
3925
3862
3595
3890
3199
3862
3585
3530
3727
4053
3672
3862
3301
3419
3704
3951
3925
3862
3345
3862
3377
3906
3862
3706
3690
3870
3644
3699
3381
3736
3862
3345
3862
3862
3736
3727
3235
3644
3674
4084
3856
3161
3835
3862
3872
3440
4030
3340
3925
3893
4038
3530
4038
3644
3925
3951
3389
3198
3959
3810
3875
3966
3989
3257
3420
3351
3384
3582
3901
3380
3834
3887
4088
3951
3951
3542
3592
3859
3807
3505
4094
3465
3482
3704
3495
3712
3530
3454
3890
3698
3526
4072
3644
3653
3880
3699
3530
3428
3880
3919
3728
3352
3623
3925
3605
3257
3530
4053
3804
3327
3628
3530
3403
3521
3402
3901
4094
3778
3925
4088
3970
4046
3422
4088
3202
3880
4039
3698
4072
3304
3919
3727
4055
3094
4084
3737
4088
4053
3704
3422
3347
3952
3467
3622
3653
3883
3982
3530
3171
4000
3304
4042
3749
3296
3201
3704
3500
3704
3111
3638
3673
3491
3715
3970
3869
3764
3869
3530
3530
3727
3909
3768
4039
4088
3307
3422
3527
3142
3352
4054
3791
3310
9222
4830
4747
4654
4747
4384
4184
4985
5015
5094
4876
4747
4184
5058
4962
5012
5056
4311
4184
4170
4170
4460
5118
4830
4184
5056
4926
4184
4384
4962
4786
4676
5071
4098
4248
4634
5097
4317
4861
4771
5040
4810
4845
4720
4931
5089
4949
4460
5056
4830
5118
5059
4460
4955
4170
4132
4950
4728
5012
5115
5115
4926
5118
5115
4150
4876
4876
4132
4885
4293
5077
4551
5029
4234
4980
4133
5107
4638
4127
4125
4771
4771
4771
5118
5118
4605
4771
5040
4624
4720
4876
5115
5118
4830
5012
4654
5096
4830
4763
4876
5115
4830
4810
5022
5115
4449
4830
5118
4132
5015
5056
4968
4846
5109
5107
4638
4661
4845
4856
4654
4890
4119
4882
4906
4882
4846
4845
5107
4876
5095
4771
4624
4980
4711
4770
4771
5110
4915
4445
4950
4766
4810
5040
4133
4919
4876
4845
4350
4551
5095
4234
5115
4771
5040
4638
4830
4845
4896
4197
4875
4248
4296
4845
5096
5029
4845
4876
4586
4845
4845
4132
4876
4145
5029
4876
4132
4985
4810
4845
5029
4221
4876
4763
4654
4654
4845
4676
4876
4845
4747
4830
4546
4876
5015
4894
4861
4654
4876
4711
4861
4498
5118
5115
4654
5115
5115
4654
5115
4315
5115
4876
4876
5015
4311
5110
4876
4132
5110
5115
5015
4876
5115
5015
5012
5015
4876
4876
5118
5012
4170
4837
4837
5115
4830
5115
5115
5056
4311
4830
5118
4858
5015
5115
5012
4837
4810
5015
5115
5118
4132
4769
4769
5056
5115
4837
5012
4837
5056
5115
5118
5110
4769
4962
4837
4837
4769
5012
4170
4769
4769
4837
5012
4769
4769
4837
4837
4837
4769
4837
4769
4837
4837
4837
4837
4837
4837
4837
4837
4837
4837
4962
4311
4769
4837
4769
4837
4837
4769
4837
4837
4837
4837
4837
4769
4837
4606
4962
4769
4837
4934
4769
4835
4837
4955
4837
5118
5012
4962
4837
4837
4837
4837
4769
5118
4589
4837
5015
4837
4837
4837
4837
4962
4311
4934
4837
4837
4934
4769
4962
4170
4311
4837
4837
4837
4837
4311
4837
4962
4837
4962
5058
4926
4837
4962
5058
5115
4837
5118
4837
4769
4769
4837
4962
4837
4837
4926
4769
4769
4934
4837
4889
5015
4837
4837
4837
4837
4837
4837
4837
4170
4837
4837
4837
4837
4955
5015
4955
4889
4837
4837
4769
4311
4837
4962
4837
4837
4170
4769
4837
4837
4837
4170
4926
4769
4962
4926
4769
4955
5118
4962
4889
4170
4837
4837
4837
4837
4837
4926
5118
4955
4769
4962
4837
4837
4837
4889
4926
4962
4934
4769
5118
4955
4889
5118
5058
4962
4962
5118
4837
4962
4955
4837
4837
4982
4425
4559
4800
4251
4362
4784
4170
4133
4632
5040
4770
4120
4985
4215
5107
4656
4926
4598
4133
4242
4844
4777
4845
5094
4731
4460
4593
5043
4931
4739
4559
4331
4921
4732
4589
4925
4342
5037
4704
4593
4269
4460
4624
4120
4829
5029
5049
4654
4845
4269
4770
4844
5089
4661
4203
4611
5106
5089
4971
4150
5049
4856
4783
4727
4193
5078
4399
4971
4119
4635
4848
5108
4831
4162
4988
4988
4193
4692
5108
4510
4988
4296
4432
4192
4193
4442
4997
4983
4715
4132
4694
5040
4199
4845
5095
4317
4560
4613
4810
4802
4460
4215
4599
4458
4120
4407
4498
5059
4786
4860
4439
4636
4801
4971
4801
4839
4146
4621
4653
4299
4726
4457
4899
4845
5099
4817
4776
4871
4875
4903
4608
4869
5090
4519
4873
4983
4504
5056
4453
4875
4586
4899
5048
4170
4817
4106
4537
4817
4885
4817
4931
4949
4691
4608
4889
4856
4866
4770
4096
4654
4784
4302
4817
4839
4221
4720
4856
4676
4684
4484
4899
4899
4817
4278
4919
4859
4200
4903
4876
4654
4625
4150
4905
4866
5014
4384
4449
4457
4350
4676
4355
4254
4625
4927
4982
4751
4397
4919
4810
4831
4121
4601
4167
4227
4988
4838
4554
4754
5018
5089
5045
4119
4893
4119
4927
4900
5009
4983
5040
4741
4119
4770
5108
4861
5094
4691
4881
4113
4215
5040
4678
4676
4862
4755
4899
4810
4962
4305
4278
5011
4477
4692
4983
4227
4860
4810
4561
4436
4893
4274
4119
4374
4184
4503
5029
4270
4983
4830
4888
4921
4624
4132
4676
4132
4919
4615
4502
4119
4950
4899
4362
5087
4184
4994
5114
4931
4593
4432
4977
4175
4859
4431
4350
5015
4860
4732
4852
4861
4589
4830
4899
4875
4346
4772
4707
4346
4711
4636
5056
4460
4776
4869
4184
5114
4861
4962
4899
4829
