9217
9218
306
266
942
458
326
44
941
632
840
840
840
943
840
31
840
840
840
29
529
840
840
840
840
257
840
840
840
840
29
29
93
121
50
381
747
582
60
151
702
459
929
459
739
739
1000
739
739
257
739
140
140
257
227
140
431
140
140
140
140
140
140
140
140
140
140
140
140
257
140
140
257
140
140
29
376
546
550
340
546
546
29
780
93
104
93
104
222
771
190
381
747
582
60
60
151
702
459
929
553
739
140
1000
739
1000
145
140
121
263
381
747
582
582
60
702
459
929
459
563
739
739
257
739
1000
145
963
145
140
550
550
140
140
140
29
140
140
140
140
431
140
140
29
121
121
266
942
458
942
458
642
967
268
51
51
267
267
267
267
267
267
267
267
267
267
267
267
267
267
267
267
267
267
267
267
267
267
267
267
267
267
267
267
446
747
1001
582
60
702
702
459
929
459
739
739
943
739
943
943
943
943
140
462
943
221
140
140
140
140
140
140
29
140
140
29
140
29
140
140
327
140
140
140
462
140
140
327
327
140
327
140
327
221
327
327
888
462
888
104
888
104
313
190
381
747
582
582
60
702
459
929
459
739
1000
739
1000
550
140
257
416
257
121
446
747
1001
582
60
690
702
459
929
459
739
1000
739
1000
140
140
140
257
140
785
340
140
140
140
140
140
140
140
140
740
140
546
140
140
121
50
661
862
458
458
669
326
268
51
51
267
267
267
267
267
267
267
267
267
267
267
267
267
267
267
267
267
267
267
267
267
267
267
267
267
267
267
267
310
446
747
582
582
60
151
459
459
431
739
739
739
739
943
739
943
943
943
943
221
776
140
619
140
140
140
140
140
140
140
140
140
140
140
140
140
140
462
221
140
140
327
140
611
140
462
611
140
140
104
888
327
140
327
104
771
50
381
747
582
60
151
702
459
929
459
739
1000
739
1000
638
1000
140
140
121
673
381
747
582
582
690
281
459
929
459
140
140
740
140
140
963
140
140
340
140
227
140
140
140
140
140
140
140
140
140
140
140
29
140
140
140
140
121
266
942
458
661
458
326
268
51
51
51
740
267
267
267
267
267
267
267
267
267
267
267
267
267
267
267
267
267
248
267
267
267
267
267
267
267
267
267
267
310
446
747
582
447
151
702
459
459
739
739
943
739
906
9219
1835
1979
1535
1985
1974
1438
1206
2006
1743
1291
1896
1743
1291
1896
1759
1664
1920
1759
1993
1764
1896
1993
1764
1764
2001
1949
1759
1759
1291
1835
1759
1788
1764
1720
1815
1291
1287
2046
1759
1179
1759
2035
1759
1047
1801
1801
1720
1788
1410
1975
1161
1565
1838
1814
1307
1610
1874
1838
1838
1047
1610
1597
1788
1838
1817
1410
1597
1186
1263
1354
1998
1817
1743
1664
1925
1354
1610
1918
1798
1664
1764
1519
1610
1798
1788
1291
1998
2032
1703
1993
1606
1186
1998
1558
1759
1993
1291
1291
2028
1610
1892
1993
2028
1998
1998
1057
1993
1186
1291
1998
1264
1057
1993
1788
1664
1764
1896
1209
1993
1817
1291
1764
1610
1759
1519
1996
1788
1664
1764
1813
1824
1161
1664
1975
1963
1747
1936
1674
1982
1838
1354
1746
1610
1936
1664
1838
1824
1410
1610
1940
1664
1838
1982
1610
1610
1426
1968
1664
1800
1409
1783
1406
1874
1828
2044
1844
1844
1844
1637
1637
1915
1784
1610
1565
1753
1838
1838
1828
1610
1565
1351
1209
1209
1291
1764
1824
1209
1610
1479
1307
1961
1669
1437
1606
1617
1763
1854
1186
2045
1610
1606
1264
1617
1264
1409
1828
1348
1617
1669
1838
1894
1264
1610
1854
1186
1854
1637
1637
1947
1610
1637
1606
1283
1513
1057
1610
1798
1588
1307
1838
1915
1610
1610
1565
1664
1838
1828
1669
1610
1565
1664
1666
2032
1984
1874
1610
1565
1664
1764
1519
1409
1759
1161
1664
1664
1354
1410
1410
1161
1664
1664
1764
1410
1410
1161
1161
1565
1588
2001
1824
1081
1193
1806
1604
1838
1824
1610
2014
1910
1838
1409
1191
1455
1123
1637
1985
1416
1123
1250
1637
1838
1998
1637
1828
1123
1136
1838
1606
1610
1606
1606
1838
1606
1610
1186
2045
1291
1813
1982
1123
1264
1513
1674
1283
1186
2011
1480
1513
1998
1925
1610
1993
1824
1513
1637
1410
1610
1637
1637
1669
2045
1759
1743
1348
1824
1838
1937
1610
1993
1637
1838
1828
1759
1610
1743
1664
1764
1998
1947
1874
1588
1973
1838
1637
2006
1993
1583
1418
1963
2014
1936
1982
1982
2001
1824
1993
1993
1606
1764
1982
1610
1610
1940
1846
1535
1800
1783
1535
1081
1535
1354
1535
1161
1250
1535
1838
1813
1270
1754
1250
1250
1606
1597
1606
1287
1637
1637
1813
1915
1896
1610
2032
1610
1886
1610
1815
1664
1664
1764
1998
1287
1610
1759
1993
1409
1664
1838
2032
1426
1263
1838
1998
1057
1993
2008
1664
1764
1287
1759
1759
1993
1664
1764
1998
1857
1759
1993
1588
1291
1764
1896
1610
1798
1565
1838
1764
1216
1626
1838
1838
1287
1610
1993
1849
1455
1764
1703
1610
1610
2032
1664
1291
1998
1874
1759
1993
1565
1764
1391
2001
1637
1867
1369
1798
1664
1291
1998
1682
1610
1426
1588
1291
1764
1287
1759
1759
1565
1291
1838
1287
1759
1759
1209
1588
1764
1764
1287
1759
1161
1565
1606
1535
1878
1838
1996
1270
1610
1403
1993
1263
1753
1597
1409
1838
1813
1813
1597
1610
1993
1564
1565
1565
1838
1764
1764
1813
1703
1410
1759
1610
1993
1588
1664
1664
1838
1764
1915
1832
1759
1161
1993
1993
1565
1664
1664
1764
1391
1703
1057
2006
1993
1558
1743
1753
1985
1664
1838
1674
1606
1984
1610
1610
1610
1565
1832
1985
1832
1838
1764
1985
1610
1610
1637
1861
1402
1588
1788
1664
1291
1764
1998
1410
1057
1161
1535
1814
1606
1479
1874
1691
1838
1813
1915
1674
1844
1403
1161
1250
2044
1565
1664
1637
1674
1606
1813
1410
1436
1993
1993
1565
1348
1664
1764
1838
1528
1424
1098
1718
1718
1599
1985
1838
1838
1838
1874
1525
1610
1610
1610
1565
1778
1719
1838
1838
1838
1824
1445
1874
1610
1555
2028
1718
1664
1480
1838
1874
1489
1410
1874
1610
1993
1565
1985
1664
1606
1838
1755
1800
1410
1410
1161
1161
1635
1588
2028
1291
1291
1669
1351
1341
1409
1205
2044
1832
1674
1409
1480
1985
1813
1828
1610
1610
1778
1718
1606
1985
1186
1186
1824
1525
1610
1918
1445
1778
1264
1186
1838
1832
1674
1610
1186
1993
1993
1606
1637
1764
1637
1861
1945
1759
1979
1798
1209
1588
1664
1764
1764
1287
1410
1896
1759
1264
1743
1606
1664
1664
1631
1975
1961
1406
1387
1409
1864
1409
1348
1718
1480
1424
1664
1838
1985
1674
1606
1832
1606
1637
1565
1565
1513
1664
1409
9220
3029
2257
2268
2442
2383
2274
2459
2971
3006
2906
2419
3062
2857
2161
3038
2419
2964
2789
2837
2906
2333
2914
2176
2735
2264
2168
2925
2889
2162
2789
2972
2278
2452
2820
2789
2452
2278
2097
2278
2989
2972
2789
2333
2701
2877
2972
2277
2528
2883
2699
3021
2278
2121
2498
3059
2963
2544
2161
2164
2528
2351
2403
2800
2612
2459
2292
2989
2091
2132
2921
2884
2165
2344
2183
2479
2180
2123
2815
2762
2279
2874
2442
2398
2884
2881
2918
2278
3059
2753
2100
2443
2841
2371
2912
2371
2906
2912
2246
2292
2176
2874
3051
2869
2278
2990
2360
2096
2817
2278
2292
2920
2123
2161
2123
2972
2724
2097
2097
2161
2255
2430
2892
2123
2114
2123
3059
2278
2735
2880
2820
2278
2905
2176
2521
2484
2529
2090
2535
2869
2607
2421
2529
2398
2278
3028
3059
2278
2744
2921
2933
2800
2857
2883
3032
2478
2997
3047
2176
2161
2249
2374
2529
2853
2283
2117
2371
2374
2665
2459
2374
2478
2695
2629
2579
2416
2693
2329
2863
2693
2097
2767
3064
2869
2695
2300
2521
2874
2695
2368
2928
2506
2575
2071
2964
2130
2876
2179
2057
2148
2914
2130
3047
2179
3065
2123
2126
2986
2814
2814
2276
2484
2657
2215
2215
2430
2920
2883
2697
2920
2877
2875
3047
2252
2883
2515
2724
2791
2874
3032
2278
2802
2849
2609
2825
2577
2868
2484
2863
2278
2123
2419
2636
2459
2090
2224
2762
2208
2536
2942
3065
2174
2564
2609
2631
3065
2278
2607
2905
2398
3059
2161
2278
2208
2176
2945
2905
2644
2162
2869
2278
2333
3000
2645
2436
2194
2738
2724
2360
2801
2470
2746
2933
2928
2255
2837
2536
2920
2738
2430
2186
2762
2712
2177
2986
2147
2869
2260
2575
3059
2429
2869
2398
2631
2762
2313
2767
2762
2848
2097
2126
2591
3001
2057
2829
2313
2429
2914
2109
2438
2544
2631
3053
2278
2631
3065
2993
2478
2147
2869
2260
2588
2762
2906
2859
2965
2542
2478
2876
2947
2464
2644
2629
2057
2506
2877
2875
2851
2868
2528
2360
2862
2404
2215
2343
2429
2588
2255
2874
2470
2153
2498
2691
3046
2459
2188
2815
2223
2604
2881
2510
2462
2462
2186
2512
2555
2978
2589
2147
2817
2789
2231
2800
3008
2935
2841
2905
2589
2208
2090
2070
2916
2978
2912
2097
2793
2746
2749
2430
2841
2528
2857
2920
2671
2248
2464
2820
2720
2945
2166
3000
2881
2399
2467
2183
2429
2775
2609
2097
2881
2307
3059
2989
2933
2989
2260
2820
2188
2881
2800
2489
3008
2671
2851
2529
2097
2800
3014
2333
2510
2411
2936
2972
2791
2644
2510
2330
2735
3037
2506
2606
2292
2672
2844
2939
2215
2096
2788
2727
2848
2350
2945
2162
2830
2989
2579
3007
2252
2607
2906
2097
2343
2096
2920
2371
2176
2529
2928
2829
2844
2130
2225
2091
2944
2874
2788
2990
2694
2398
2609
2749
2883
2881
2766
2489
2820
2944
2470
2568
2419
2333
2869
2579
2682
2333
2097
3032
2775
2257
2333
3039
2811
2869
2632
2860
2153
2608
2826
2482
2253
2130
2860
2608
2096
2400
2978
2156
2165
3041
2623
2119
2253
3038
2672
2091
2857
2451
2826
2508
2649
2588
2333
2575
2701
2508
2877
2945
2972
2788
2352
2860
2097
2920
2972
2185
2642
2752
2613
3014
2636
2233
2786
2386
2876
2235
2849
2869
2316
3001
2789
2967
2048
3043
2126
2382
2949
2501
2642
3050
2182
2672
2912
2320
2623
2789
2986
2672
2575
2320
2623
2506
2674
2945
2514
2156
2182
2333
2997
2333
2185
3008
2607
2735
2601
2601
2365
2647
2083
2217
2789
2665
2462
2789
2712
2645
2224
2320
2717
2591
2691
2915
2274
2176
2137
2645
2269
2829
2884
2671
2349
2214
3047
2801
2168
2996
3054
2462
2501
2860
3038
2423
2646
2608
2320
2956
2462
2786
2423
2826
2494
2253
2786
2386
2801
2877
2905
2589
2788
2257
2905
2905
2231
2610
2700
2912
2608
2936
2176
2386
2967
2097
2494
2130
2130
2464
2161
2109
2798
2686
2393
2365
2857
2349
2913
2585
2785
2644
2601
2349
2293
2581
2159
2585
2501
2064
3038
2956
2499
2746
2746
2246
2346
2906
2925
2869
2869
2640
2459
2746
2097
2786
2333
2789
2887
2462
2568
2884
2905
2214
2462
2985
2905
2463
2972
2887
2857
2788
2906
2157
3007
2499
2920
2972
2360
2635
2255
2226
2912
2366
2628
2672
3065
2455
2786
2880
2329
2986
2628
2371
2276
3038
2905
9221
3745
3739
3185
3763
3189
3581
3507
3308
3096
3297
3338
3136
3126
3306
3398
3763
3618
3671
4054
4079
3919
3673
3141
3383
3366
3422
4030
3591
3940
3177
3909
3595
3741
3929
3966
3639
3595
3674
3855
3969
3929
3909
3109
3491
3690
3966
3928
3690
3909
3922
3587
3878
3271
3182
3912
3243
3576
3185
3252
3097
4016
3941
3982
3912
3462
4034
3851
3617
3684
3665
3649
4053
3716
3464
4088
3177
3684
3742
3660
3851
3416
3613
3684
3805
3513
4022
3535
3333
3929
3304
3576
3870
3929
3422
3366
3259
3839
3393
3638
3555
3816
3327
3763
4056
3618
3760
3738
3376
3859
3257
3208
3966
3831
3595
3514
3259
3223
3618
3216
3682
3716
3652
3706
3406
3764
3935
3816
3238
3177
3348
3394
3257
3716
4014
3291
3965
3390
3680
3751
3216
3136
3870
3388
3526
3252
3335
3694
3799
3984
4038
3672
3329
3845
4038
3925
3942
3760
3618
3781
3393
3608
3470
3424
3733
3512
3281
3909
3929
3556
3879
4041
4041
4041
3215
3189
3668
3930
4065
4065
3434
3682
3120
3153
4004
3909
3393
3470
3938
3787
3772
3303
3414
3742
3898
3991
3576
3530
3751
3767
3485
3485
3143
3485
3818
3182
3819
3536
3440
3985
3382
3485
3512
3736
3603
3622
3763
3707
3702
3465
3555
3536
3860
3760
3513
3813
3788
4056
3238
3401
4048
3136
3699
3672
3376
3385
3116
3513
3909
4056
3419
3900
3890
3393
3676
4093
3839
3966
3365
3879
3739
3831
3243
3660
4077
4048
3770
3231
3751
4077
3513
3839
3924
4000
3816
3796
4038
3623
3406
3816
3951
3880
3363
3702
3760
3177
3521
3344
3924
3511
3559
3912
3603
3100
3603
3094
3691
3928
3906
3138
3367
3206
3257
3098
3668
3116
3531
3341
3470
3821
4065
3341
3903
3419
3870
3870
3825
3859
3927
3538
4016
4048
3354
3403
3644
3657
3516
3232
3670
3819
3095
3760
4038
3723
3706
3231
3668
3870
3847
3088
4004
3182
3839
3720
3870
3909
3591
3422
3322
3513
3536
3684
3414
3870
3465
3437
4091
4051
3787
3719
3925
4045
3672
3605
3684
3685
3327
3893
3610
3422
3796
3985
3177
3304
3491
3618
3189
4004
3447
3447
3684
3816
3595
3733
3458
3779
4029
3394
3209
3663
3566
3722
3209
3966
3941
3880
3632
3335
3500
3855
3969
4077
3623
3738
3760
3596
3904
3377
3338
3293
3402
3591
3730
3259
3921
3436
3428
3751
3620
4072
3310
3403
3921
3839
3856
3291
3184
3739
3138
3400
3381
3296
3555
3685
3928
3818
3098
3720
3595
3909
4053
3292
3507
3907
3555
3547
4053
3751
3684
3719
3849
3530
3613
3900
3965
3342
3849
3219
3462
3736
3965
3965
3514
3224
3995
4094
3335
3739
3933
3747
3880
3536
3591
3763
3243
3870
3699
3699
3684
3462
3087
3585
4091
3849
3719
4039
3674
3818
3525
3673
3747
3403
3595
3940
4072
3555
3909
3507
3965
3938
3849
3933
3547
3555
3929
3698
3296
3942
4052
3558
4077
3831
3671
3283
3775
3940
3591
3929
3532
3763
4077
3622
3873
3126
4077
3504
3883
3208
3760
3198
4076
3727
3551
3109
3682
3437
3909
4077
3491
3764
3754
3893
3740
3385
3873
3613
4052
3428
3422
3416
3420
3372
3257
3965
3428
3377
3242
3141
4000
3422
3942
3082
3818
3772
3634
3914
3807
3845
3727
3638
3676
3156
3694
3376
3815
3595
3816
3586
3252
3308
3640
3182
4030
3764
3842
3977
3277
3978
3237
3999
3719
3999
3839
3416
3978
3591
3682
3094
3340
3999
3719
3632
3200
3795
4030
3473
3277
3634
3231
4055
3710
3870
3104
3819
3366
3257
3884
3171
3333
3929
3690
3576
4024
3951
3577
4027
3366
3977
3999
3732
3266
3288
3307
3729
3881
3208
3913
3311
3503
3976
3846
3928
3959
3382
3514
3470
3277
3468
4066
3244
3120
3094
3724
3183
3819
3276
3315
3915
3338
3200
3661
3081
3441
3818
3669
3401
3577
3994
4030
4006
4006
3394
3223
3647
3530
3401
3730
3619
3480
3859
3978
3527
3619
3525
3890
3628
3870
3781
3709
3659
3751
3613
3383
3232
3269
3628
3352
3994
3422
3307
3114
3990
3825
3737
3789
3772
3662
3183
3307
3269
3311
3367
3985
3307
3409
3074
3516
3985
3259
3676
3291
3952
3987
3513
3810
3269
4077
4077
3597
3952
3307
3307
3845
3521
3409
3764
3307
3608
3422
3137
3608
4043
3205
3242
4048
3420
3595
3094
3401
3843
3816
3216
3843
3470
3308
3347
3271
3442
3234
3887
3116
3577
9222
4686
4620
4346
4939
4994
4384
4679
5022
4347
4332
4994
4240
4875
4313
4492
4928
4283
5054
4398
4862
4497
5003
4305
5097
4757
4597
4098
4478
4983
5029
4533
4589
4119
5095
4119
4426
5045
4957
4519
4961
5094
4891
4960
4684
4972
4173
4953
4845
4145
4424
4919
4653
5009
4656
4457
4653
4119
4127
4997
4597
4200
4396
5064
5098
5097
4614
5041
4641
4443
5096
4900
4134
5079
4824
4931
5064
4839
4167
4408
4132
4244
4119
4830
5045
4399
5006
4810
4733
4605
4624
4892
4919
5079
4681
4318
4892
4244
4127
4652
4274
5059
4243
4873
4997
5082
5082
4458
4786
4875
4328
5117
4627
4399
4517
4215
4715
5041
4498
4676
4296
4983
4971
4328
4884
4346
4533
4346
4278
4687
4266
4759
4330
5023
4244
4696
4379
4453
4251
4480
4932
4561
4656
4454
4983
4384
4813
4226
4852
4576
4517
4645
5109
4860
4349
4593
4792
5020
4676
5064
4217
4875
4653
4349
4534
4220
4478
4588
4605
4739
4337
4939
5106
4856
4439
5042
5039
4162
4620
4759
4263
4369
4413
4792
4653
4892
4659
4627
4592
4124
4382
5054
4696
4257
5089
5030
4421
4372
4634
4426
4620
4966
4696
4125
4605
4822
4426
4426
4676
4880
4814
4675
4470
4866
4383
4385
4483
4349
5030
4817
5019
4681
4605
4894
4657
4627
4442
4620
4250
4791
4325
4382
4801
4127
4933
4592
4918
4442
4795
5041
4544
4369
5030
4746
4369
4171
4369
4584
4788
4359
4844
5013
4806
4414
4696
4791
4414
4391
4533
4120
4733
4678
4584
4393
4283
4503
4099
4414
4449
4643
4226
4327
5107
5096
4478
4138
4678
4414
4283
4414
4666
4445
4125
4113
4941
4411
4278
4733
4567
5063
4994
4728
4124
5077
4839
4960
4854
4198
4257
4124
4489
4961
4421
4754
4546
4864
4741
4776
5019
4656
4143
4177
4240
4786
4124
4999
5026
4953
4178
4145
4561
4896
4444
4346
4806
4500
4942
4122
4477
4965
4754
4117
5077
4111
4620
4498
4197
4519
4414
4324
4608
4315
4412
4681
4482
4653
4456
4893
4353
4810
4710
4441
4757
4456
4678
4497
4256
4414
5028
4138
5102
4961
4563
4856
4376
4468
4800
4914
4382
4220
4274
4770
4637
5026
4953
4113
4678
4999
4715
4490
4937
4122
4972
4330
4509
4503
5074
4383
4349
4852
4151
4599
4507
4621
4189
4971
4592
4200
4263
4839
4755
5025
4422
4549
4919
5017
4931
4817
5097
4807
4459
4790
4379
4244
4562
5009
4342
4155
4386
4899
4889
4328
5027
4605
5009
5009
4636
4431
5090
5096
4120
5049
5094
4296
4791
4715
4715
5117
4797
4888
4342
5027
4244
4950
4382
4533
4407
4506
4560
4332
4296
4498
4817
5026
4412
4755
4919
4296
4853
4720
4301
4200
5030
4421
4853
4810
4955
4906
4346
5009
4463
4586
4589
4997
5084
4873
4853
4443
4422
4715
4539
4830
4407
5097
4587
4852
4244
4437
4151
4684
4145
4727
4318
4533
4578
4283
4117
4853
4349
4810
4494
4200
4884
4389
4925
4916
4953
4738
5107
4715
4750
4414
4488
4745
4653
4933
4638
4719
4809
4530
4792
4140
4530
4346
4349
4274
4369
5037
4369
4127
4915
4554
4315
4684
4620
4839
4125
4511
4999
4161
4497
4985
4426
4549
4813
4119
4696
4324
4898
4234
5095
4150
4983
4334
4720
4307
4736
4444
4372
4456
4821
4640
4244
4738
5003
4453
4322
4817
4861
4494
4161
4921
4690
5056
4402
4732
4455
4494
4754
4643
4120
4831
4215
5064
4456
4139
4528
4263
4268
4283
4414
4512
4801
4839
4806
4814
4414
4414
4629
5041
4788
4567
4174
5095
4455
4829
4180
4684
4171
5046
4215
4551
4961
5069
4494
4414
4199
4681
4597
4137
4915
4763
4203
4402
4394
4553
5041
5042
4866
4665
5007
4679
4801
4828
4925
4713
4561
4819
5099
4788
4128
4369
4788
4751
4248
4788
4238
4561
5064
4640
4377
4998
4604
4812
4215
4196
4181
5032
4301
4687
4315
4767
5049
4454
4292
4893
4950
4456
4530
4686
4565
4738
4119
4801
4741
4899
4960
5059
4240
4155
4724
4574
4494
4801
4915
4461
4691
4427
4732
4678
4497
5084
4927
4131
4224
4633
4739
4143
4755
4474
4278
4314
4727
4738
4325
4893
5042
4759
5003
4318
5090
5052
4839
4650
4389
4817
4283
4852
4226
4414
4414
4296
4680
4977
4744
4519
4987
4296
4881
4726
4474
4497
4561
4860
4236
4694
4140
4596
4437
4426
5087
4652
4705
4559
4983
5105
4194
4181
4620
4257
4167
4338
