9217
9218
194
668
50
225
309
77
866
528
779
368
331
848
891
979
979
762
224
774
79
902
190
499
1018
576
576
250
681
509
929
762
827
827
827
547
46
46
827
827
827
827
616
827
191
175
535
47
850
413
559
961
613
690
827
827
599
358
955
866
707
528
46
613
290
501
340
501
622
619
827
149
827
501
850
499
1018
576
250
681
681
632
929
1000
1000
629
195
528
147
623
698
28
835
241
589
599
309
250
995
47
499
413
961
613
137
889
827
889
629
662
827
827
528
528
435
848
138
149
827
662
662
662
149
827
257
339
765
413
576
576
250
681
681
762
762
762
844
575
528
219
791
551
354
566
842
673
390
623
285
285
203
391
409
499
559
961
97
763
390
623
285
285
844
483
722
174
46
331
105
835
544
918
918
918
844
844
483
411
53
576
576
250
681
681
762
762
762
844
844
519
390
623
231
285
285
260
390
623
285
285
285
36
633
334
413
559
97
97
16
918
762
762
918
844
844
528
119
551
331
566
254
216
390
22
419
844
79
372
902
988
25
1018
576
250
681
681
762
762
762
844
844
36
589
623
231
285
285
216
260
623
623
285
285
285
36
95
413
559
961
97
763
295
390
623
285
611
216
528
25
623
623
285
285
285
502
912
848
844
844
844
19
499
1018
576
576
681
681
762
589
390
623
285
285
528
46
623
623
285
285
285
519
390
623
285
285
285
36
499
559
961
97
285
835
160
762
762
844
848
844
528
528
551
331
566
566
216
483
390
623
419
844
531
109
499
1018
576
576
250
681
681
762
762
844
844
844
528
46
623
107
285
285
216
390
623
481
285
285
216
519
499
559
961
97
763
763
589
599
358
955
866
575
528
623
623
285
285
285
38
389
63
419
844
844
36
95
413
576
576
250
681
681
762
762
762
844
844
528
528
551
623
285
285
285
285
711
390
175
285
285
285
95
413
559
97
285
763
763
36
589
609
309
77
866
528
46
551
331
80
842
216
390
623
419
844
1006
531
109
499
1018
576
576
250
681
681
762
762
531
844
844
547
46
46
989
285
285
842
390
623
587
143
985
867
334
499
413
961
97
763
763
390
599
358
955
866
47
95
46
46
285
497
116
116
692
116
257
340
116
842
850
82
1018
576
250
681
681
483
390
623
285
285
116
906
9219
1558
1711
1924
1334
1155
1334
1666
1694
1368
1694
1368
1924
1770
1539
1866
1279
1722
2034
1352
1881
1775
1607
1191
1335
2034
1770
1352
1585
1352
1585
1775
1914
1425
1884
1585
1722
2034
1554
2000
2034
1554
2034
1607
1867
2000
1232
2000
2034
1232
2000
2034
1412
1860
2034
2025
2034
1607
1345
1515
1515
1984
1535
1428
1807
1515
1515
1515
1515
2000
1232
1059
1615
1352
1335
1048
1770
1794
1722
1881
1775
1554
1947
1878
1051
1048
1770
1352
1104
1368
1794
1722
2034
1722
1794
1368
1794
1352
1583
1678
1377
1815
1899
2034
1335
1352
1969
1368
2034
1368
1425
1752
1654
1082
1892
1334
1892
1148
1093
1335
1160
1675
1711
1160
1675
1711
1160
1675
1597
1830
1603
1048
1770
1914
1481
1969
1831
1335
1775
1365
1949
1554
1048
1969
1368
1048
1554
1775
1675
1274
1781
1430
1781
1722
1585
1148
1901
1558
1896
2010
1750
1794
1770
1752
1881
1224
1937
1352
1874
1224
1881
1352
1335
1048
1770
1752
1348
1874
1682
1788
1718
1368
1048
1794
1863
1910
1079
1272
1984
1854
1763
1246
1831
1585
2015
1035
1610
1703
2046
1104
1694
1345
1696
1969
1554
2028
1035
1347
1892
1602
1148
1148
1093
1469
1866
1297
1082
1336
1346
1597
1430
1148
1448
1279
1694
1764
1979
1779
1264
1635
1237
1119
1523
1607
1991
1232
1607
1748
1347
1119
1628
1554
2025
1589
1457
1347
1171
1603
1770
1770
1770
1387
1243
1696
2008
1892
1892
1262
2001
1262
1603
1770
1770
1206
1770
1094
1094
1243
1480
1048
1969
1937
1722
1775
1775
1991
1720
1720
1594
1048
1942
1048
1048
1048
1148
1171
1918
1148
1148
1093
1093
1881
1082
1082
1892
1849
1352
1352
1148
1352
1148
1215
1123
1854
1119
1430
1881
1243
2010
1048
1335
1794
1722
1585
2015
1558
1722
1794
1901
1048
1770
1048
1666
1224
2010
1048
1666
1880
1770
1794
1430
1794
1148
1585
1694
2035
1720
1554
1755
1880
1937
1554
1947
1824
1594
1584
1279
1812
1831
1759
1892
1714
1996
1694
1991
1057
1209
1555
1480
1771
1263
1985
1771
1950
1043
1620
1670
1909
1595
1602
1602
2042
1171
2030
2030
1679
1563
1590
1586
2014
1910
1272
2014
1824
1035
1583
2028
1237
1438
1481
1585
1589
1903
1097
1925
1097
1884
1523
2001
1426
1426
1728
1676
1552
1552
1552
1603
1479
1148
1737
1206
1604
1783
1558
1629
1880
1676
1880
1382
1558
1969
1937
1770
1770
1387
1831
1752
1794
1554
1920
1481
1996
1160
1636
1746
1387
1387
1387
1243
1335
1082
1297
1082
1082
1849
1346
1602
1148
2042
2030
1881
1881
1586
1586
1254
1586
1749
1910
1910
1360
1876
1806
1603
1947
1901
1469
1722
1881
2015
1979
1696
1937
1722
1794
1770
1794
1901
1914
1901
2034
1722
1752
1722
2027
1846
1781
1746
1513
1480
1436
2046
1167
2015
1554
1750
1048
2034
1835
1368
1188
1554
1368
1696
1554
1775
1607
1334
1694
1515
1899
1835
1347
1996
1770
2028
1048
1583
1718
1254
1493
1148
1752
1093
1654
1335
1043
1711
1082
1336
1849
1352
1743
1352
1279
1835
1558
1764
1237
1547
2034
1895
1585
1347
1554
1723
1368
1690
1396
1651
1035
1347
1700
1949
1981
1924
1694
1835
1061
1243
1839
1942
1048
1880
1937
1979
1722
1935
2028
1696
1352
1243
1243
1243
1831
1048
1048
1752
1794
1585
1937
1770
1722
1831
2034
1743
1382
1740
1865
1525
1479
1479
1937
1937
1770
1969
1148
1148
1279
1093
1093
1792
1840
1909
1336
1336
1352
1352
1148
1352
1148
1552
1526
1175
1457
1412
1942
1901
1752
1770
1824
1722
1881
1224
1979
1594
1104
1048
1770
1352
1781
1984
1752
2001
1794
1722
1794
1722
1215
1430
2035
1224
1866
2042
1237
2010
2032
1950
1977
1949
1479
1754
1446
1360
1123
1617
1854
1186
1409
1215
1711
1694
1896
1947
1167
1991
2015
1899
1587
1794
1969
1094
1788
1035
1991
1043
1082
1082
1336
1595
1191
1602
2042
2042
1950
1950
1679
1558
1881
1899
1711
1896
1788
1718
1237
1186
1452
1635
1119
2034
1368
1607
1723
1903
1903
1119
1777
1653
2025
1831
2034
1347
1347
1901
1770
1722
1387
1722
1224
1048
1594
1279
2010
1585
2010
1770
1770
1770
1770
1770
1722
1094
1243
1243
1480
1942
1048
1937
1770
1345
1977
1481
1979
1711
1696
2034
1048
1048
1048
1048
1587
1082
1330
9220
3034
2179
2925
2869
2573
2877
2484
3047
2484
2090
2907
2791
2553
2876
2201
2922
2407
2083
2182
2741
2875
2535
2939
2741
2771
2116
2922
2620
2714
2407
2398
3038
2326
2851
2944
2644
3017
2216
2616
2325
2735
2644
2944
2347
2880
2944
2619
2979
2769
2942
2568
2264
2612
2276
3063
2153
2162
2825
2869
2753
2264
2588
2735
3034
2735
2889
2135
2990
2531
2525
2219
2201
2300
2090
2115
2930
2876
2182
3023
2875
2850
2219
2697
2997
3023
2859
2404
2765
2407
2856
2660
2294
3039
2916
2399
2741
3069
2697
2201
2999
2794
2735
2922
2859
2665
2207
2399
2422
2433
2545
2268
2964
2812
2581
3032
2283
2531
2608
2717
2912
2694
2877
2608
2126
2608
2452
2248
2969
2761
2358
2397
2267
2057
2178
2703
2598
2090
2868
2507
2185
2990
2699
2812
2069
2699
2082
2887
2672
2368
2916
2589
2064
2354
2083
3070
2589
3070
2283
2765
2359
2753
2724
2665
2953
2359
2313
2489
2064
2702
2182
2252
2094
2153
2702
2604
2277
2955
2312
2672
2140
2535
2540
2243
2312
2140
2257
2832
2312
2083
2968
2674
2063
2701
2964
3015
2610
2451
2672
2371
2368
2572
2588
2695
2735
2890
2333
2990
2245
2836
2707
2311
2294
2140
2249
3015
2395
2312
2620
2278
2897
2181
2542
3065
2511
2168
2986
2610
2540
2447
2808
2626
2326
2680
2717
2419
3055
2619
3055
2142
2944
2694
2928
3022
2760
2550
2765
2144
2397
2574
2081
2896
2588
2819
3023
2182
2253
3032
2457
2061
2612
2374
2703
2615
2443
2525
2250
2667
3069
2930
2794
2620
2717
2535
2833
2083
2964
2275
2876
2717
2879
2083
2626
2831
2255
2822
2887
2883
2125
2965
2574
2179
2126
2274
2182
2542
2199
2888
2879
2817
2965
2463
2545
2293
2448
2153
2830
2219
2453
2822
2741
2863
2822
2661
2326
3007
2876
2115
2741
2153
2511
2837
2604
2064
2850
2978
2953
2307
2344
2307
2639
2989
2214
2741
2667
2794
2083
2540
2738
2516
2978
2332
2467
2774
2908
2093
2085
2324
2692
2920
2109
2118
2215
2057
2186
2802
2813
2937
2968
2279
2156
2194
2581
2243
2083
2341
2765
2581
2571
2571
2393
2666
2368
2050
2050
2594
2415
2050
2415
2610
2950
2312
2571
2050
2470
2351
2962
2244
2624
2345
2647
2253
2313
2738
2702
2678
2091
2859
2937
3063
2181
3011
2896
2424
2082
2666
2457
2864
2058
2876
2537
2120
2257
2060
2438
2498
3034
2083
2652
2765
2953
2182
3069
2340
2717
2833
2365
3065
2511
2776
2402
2355
2977
3053
2887
2540
2702
2620
2946
2874
2060
2868
2930
2862
2133
2312
2438
2347
2083
2610
2311
2937
2368
2805
2364
2861
2610
2120
2075
2671
2808
2283
2707
2115
2741
2876
2347
2320
2326
2765
2644
3007
2430
2083
2058
2702
2397
2862
2758
2140
2774
2861
2890
2181
2594
2765
2283
2075
2758
2666
2181
2644
2760
2705
2219
2365
3023
2825
2478
2766
2619
3009
2626
2703
2484
2438
2277
2083
3055
2612
2890
2255
2498
2882
3062
2989
2944
2333
2962
2610
2312
2601
2535
2703
2964
2179
2535
2274
2964
2581
2822
2506
2822
2546
2598
2478
2424
2420
2990
2769
2680
3023
2833
2521
2232
3009
2697
2805
2594
2941
3069
2467
3069
2240
2097
2581
2995
2810
2234
2115
2667
2453
2606
2850
2874
2771
2455
2771
2724
2665
2910
2876
2922
2547
2303
2126
2521
3055
2703
2407
2741
2715
2512
2531
2721
2150
2137
2699
2311
2973
2083
2453
2862
2594
2180
2691
2374
2888
2883
3069
2665
2573
2731
2368
2060
2952
2512
2581
2741
2715
2275
2883
2311
3057
2887
2594
2090
2290
2766
2397
2910
2703
2825
3023
2393
2607
2820
2083
2922
2940
2721
2753
2798
2521
3035
2753
2874
2606
2879
2343
2626
2760
2955
2575
2588
2314
2095
2168
2540
2247
2061
2349
2585
2729
2571
2240
2623
2388
2137
2398
2354
2253
2196
2451
3055
2115
2442
2876
2717
3007
2484
2564
2333
3008
2868
2083
2250
2868
2196
2988
2988
2660
2083
2134
2083
2278
2181
2453
2506
2438
2990
2343
3063
2606
2283
2808
2808
2395
3009
2964
2276
2467
2907
2411
2264
3023
2162
2649
2861
2529
3022
2712
2495
2397
2574
2152
2698
2351
2089
2180
3007
2347
2787
2604
2667
2965
2988
2495
2714
2887
2825
2620
2315
2620
2879
3069
2275
2311
2590
2082
2897
2540
3032
2117
2344
2082
2626
2626
2859
2521
2992
2546
9221
3922
3818
3274
3904
4087
3595
4054
3993
3166
4072
3414
3733
3093
3787
3538
3470
3535
4036
4019
3812
3812
3812
3498
3869
3812
3753
3812
3812
3345
3856
3868
4056
3558
3833
3822
3296
3623
3585
3778
3924
3727
3623
3824
3746
3623
3307
3333
3284
4084
3698
3783
3878
3558
3952
3202
3304
3924
3268
3270
3966
3169
3276
3383
3157
3919
3585
3824
3904
3869
3747
3932
3258
3464
3418
3296
3573
3970
3284
3414
3573
3919
3631
3476
3235
3436
3839
3424
3919
3500
3464
3215
4052
3791
3464
3418
3270
3660
3083
4073
3366
3340
4005
3812
3727
3120
4019
3887
3818
3634
3963
3832
3787
3328
3970
3778
3297
4008
3997
3843
3824
3782
4042
3904
3843
3997
3904
3647
3542
4007
3185
3741
3105
3737
3812
3111
4005
3088
3325
3653
3088
3739
3777
3418
3504
3198
3880
3775
3327
3855
3709
4089
3517
3441
3674
3542
3727
3592
3728
3598
3382
3880
3380
3742
3348
3166
3993
3741
3093
3856
3980
3533
3073
3707
3400
3728
3322
3315
3742
3931
3373
3126
3974
4003
3703
3439
3976
3913
3910
3538
3703
3281
3976
3302
3970
3497
3605
3706
3903
3735
3965
3088
3970
3752
3418
4091
3162
3530
3582
3120
3601
3211
3542
3188
3319
3199
3250
3572
3460
3864
3179
3707
4074
4007
3660
3449
3990
3281
3418
3990
3346
3083
3342
3966
3652
3839
3198
3903
3949
3176
3919
3188
3990
3530
3720
3903
3591
3899
3425
3237
3619
3812
3542
3812
3511
4019
3511
3420
3802
3849
3703
3127
3812
4036
3592
3743
4084
3340
3812
3997
3812
4017
3990
3464
3919
3942
3903
3682
3304
3919
3652
3366
3723
3504
3844
3252
3494
3265
3856
3758
3922
3791
3304
3599
3088
3259
3966
3436
3742
3856
3582
4036
3768
3215
3324
3211
3233
3573
3516
3573
3982
3880
3284
3313
3237
4019
3706
4039
3503
3236
3573
3641
3500
3110
3431
3080
3582
3232
3636
3289
3345
3817
3669
3413
3970
3891
3952
3990
3342
3124
3428
3928
3974
3215
4053
3119
3659
3215
4003
3523
3694
3523
3523
3507
3119
4053
3890
3999
3997
3179
3751
3619
3735
3434
3072
3496
3132
3913
3565
3522
4003
3879
4003
3188
3104
4003
4003
3097
4003
3809
3338
3860
3324
3988
4003
3801
4090
3841
4003
3903
3719
3903
3542
3268
3577
3727
3127
3913
4006
3970
4073
4003
3752
4003
4003
3355
4003
4003
3097
4003
4078
3768
3834
3598
3259
3503
3608
3263
3980
3736
3733
4048
3598
3424
3812
3182
3235
3890
3843
3297
3625
3413
3517
4003
4006
3578
3115
3703
3115
3098
3505
3122
3511
3341
3460
3745
3492
3233
3845
3841
4003
3559
4003
3930
3266
3657
3610
3354
3756
3560
3547
3865
3115
3990
3078
3732
3494
3188
4085
3680
3080
3970
3970
3088
3202
3976
3719
3924
4003
3237
3839
3238
4003
3657
3608
3274
3656
3184
3522
3941
3096
3900
3107
3970
3923
3652
3284
3111
3970
3778
3088
3573
3442
3715
3719
4019
4079
3413
3990
4072
3990
3990
3142
3444
4045
4027
3676
3516
3525
3898
3814
4002
3503
3301
3647
3672
3919
4042
4019
3368
3970
3088
4036
3198
4005
3261
3736
3177
3293
3373
4079
3703
3166
4006
4006
3900
3597
3815
3580
3133
3903
3260
3319
3467
3952
3521
3634
4020
4073
3812
3373
3093
3791
3517
3377
3849
3293
3812
4036
3681
4079
3812
3812
4073
3123
3106
3531
3470
3089
4005
3812
3681
3526
3284
3737
3307
3234
3688
3302
3253
3760
3226
3169
3226
3341
3237
3199
3919
3741
3497
3443
3986
3980
4093
4003
3096
4093
3288
3737
3467
4093
3211
3363
3822
3493
3814
3943
3352
3133
3380
3226
4077
3122
3721
4077
3382
3884
3659
3505
3586
3790
3672
3508
3737
3373
3970
3634
3723
3573
3970
3704
3288
3176
3688
3577
3115
4003
3380
3523
3864
3472
3460
3665
3967
3460
4002
3970
3703
3970
3834
3254
3876
4027
3818
3607
3296
3903
3970
3645
3674
3786
3970
3675
3810
3201
3949
3772
3380
3201
3341
3821
3860
3656
3182
3181
3703
3555
3306
3839
3825
3839
3990
3736
3126
4069
3277
3455
3517
3737
3284
3970
3843
3825
3237
3176
3970
3414
4053
3719
3530
3810
3903
3773
3343
3970
3812
3812
3629
3924
3284
3284
3387
3707
3581
3096
3781
3233
3812
3812
3982
3425
3876
3915
3198
3812
3418
4042
3703
3739
3647
3952
3400
3268
3839
3822
3144
3970
3753
3919
3078
3726
3257
9222
4484
4379
4416
4873
4926
4817
5033
4484
4945
4215
4484
5037
4356
5038
4639
4881
4342
4194
4814
4483
5009
4912
4701
4593
4201
4374
4480
4372
4374
4374
4905
4970
4392
5038
5108
4699
5011
4926
4184
4662
5108
4862
4950
5050
5110
4770
4184
4132
5056
4184
4979
4650
4681
4749
4185
4296
4546
5114
5087
4184
4791
5116
4726
4184
4927
4864
4184
4747
4889
5096
4587
4826
5095
4751
4763
5046
4314
5038
4676
4931
4970
5050
4943
4928
4948
4977
4526
4176
5042
4944
4751
4974
4905
4175
4720
4732
5042
4862
4900
4821
4318
4105
5029
4770
4374
4830
4906
4893
5018
4586
5032
4793
4098
4640
4436
4717
4862
5110
5096
4985
4324
4829
4456
4934
5110
4835
4296
5072
5028
4941
4483
4389
4705
5025
5108
4862
5038
4962
4440
4437
4422
5059
4334
4862
4624
4747
4830
5011
4439
5038
4829
4982
4833
4650
4428
4772
4316
4886
4608
4586
4216
4766
4905
4776
4796
4982
4655
4593
4872
5027
4700
4732
4465
4629
4477
4640
4267
4295
5054
4987
4390
5048
4111
4324
4666
4637
4475
4220
4689
4324
4940
4459
4459
4165
4972
4965
4532
5110
5038
4175
4111
4906
4606
5058
4175
4766
4960
4574
4149
5099
4478
4532
4526
4549
4532
4277
4220
4505
5076
4159
4111
4606
4416
4316
4175
4800
4929
4738
5043
4270
4241
4108
5112
4755
4950
4961
4955
4615
4201
4835
4624
4776
4314
4628
4687
4488
4210
5099
4402
4767
4613
4188
4118
5107
4676
4940
4119
4938
4513
4755
4177
4593
4755
5095
4615
4484
4389
4892
4845
5087
4912
5008
4422
4860
4824
4786
4113
4440
4477
4374
4374
4845
4733
4843
4713
4885
4905
5008
4830
4650
4249
4442
5038
4299
4862
4873
4477
4927
4770
5115
4720
4106
4475
4760
4388
4562
4593
5113
4720
4893
5008
4938
4481
4217
4817
4860
5008
4829
4698
4392
4911
4286
4544
5077
4544
4907
4675
4176
4502
4122
4411
4625
4972
4755
4843
4967
4829
4416
4838
4821
4706
4675
5093
4459
4586
4965
4670
4487
5074
4894
4537
5026
4965
4860
4822
4967
4400
4511
4203
4613
4162
4739
4884
4109
4866
4278
5038
4767
4741
5002
4997
4659
4928
4789
5022
4143
4241
4317
4332
4801
4807
4394
4241
4650
4730
5067
4488
4312
5093
4281
4335
4335
4924
4387
4866
4919
4985
5099
4210
4217
5020
4935
4525
4503
4731
4717
4241
4241
4317
4838
4975
4540
4845
4987
4281
4343
4234
4893
4427
4281
4947
4194
4618
4872
4242
4872
5003
4194
4940
4392
4797
5093
4512
5020
4512
4241
5095
4872
4622
4801
4241
4620
4166
4465
4284
4411
4307
5067
4341
4141
4866
4503
4205
4264
4741
4423
4394
4725
4774
4388
4571
4650
4826
5093
4388
4727
5041
4767
4381
4839
4616
4616
4919
5056
4469
4792
5096
4671
4173
4862
4390
5025
4414
4610
4216
4755
4172
4256
4878
4695
4695
5041
4554
4705
4440
4374
4927
4862
4808
4374
4919
4612
4977
4487
4696
5058
4351
5026
4929
4315
5108
4730
4185
4606
4411
4663
5070
5005
4826
4820
4257
4338
5081
4423
5010
4767
4176
4862
4650
4314
4896
4260
4979
4936
4653
4917
4975
5026
4384
5059
4766
5068
5018
5114
4106
4314
4555
4665
5100
4667
4853
5040
4613
4905
4864
4437
4341
4477
4528
4177
4966
4291
4931
4539
4900
4900
4852
4537
4903
4416
4983
4860
4177
4109
4422
4702
4200
4732
4194
4864
4927
4374
4201
4153
4289
4487
4826
5066
4527
4869
4228
4484
4449
4935
5078
4861
4593
4770
4314
4565
5045
4620
5071
4114
4139
4908
4860
4533
4927
4572
5099
4726
4886
4368
4851
4189
4428
4327
4612
4468
4196
4864
4791
4527
4592
4398
4251
4265
5008
4833
4787
4416
5106
4125
4428
4416
4215
4624
5095
4740
5047
4340
4197
4885
4390
4935
4508
4975
4390
4390
4916
4159
4459
4220
4225
4851
4527
4900
4176
4606
4556
5106
4447
4596
4324
4612
5079
4835
4925
5068
4407
4864
4732
4935
4390
4374
4987
4833
5020
4410
4800
5049
4616
5117
4801
4157
4691
4732
4176
4675
4436
4368
4511
4551
4607
4434
4374
4858
4351
4150
4755
4601
4334
4705
4889
4624
4955
4961
4351
4940
5037
4763
4249
4477
4650
4556
4957
4919
4481
4676
4720
4730
5107
4940
4820
4597
4720
4400
5061
5108
4184
4845
4508
4763
4881
4876
5104
4422
4111
4717
4332
4972
4927
4919
4726
4919
4374
4792
4860
4185
4829
