9217
9218
306
668
93
93
433
93
433
93
93
93
438
93
93
431
93
93
125
438
93
93
93
93
93
93
125
93
93
93
93
93
74
93
93
93
93
93
431
93
438
93
74
93
104
93
93
93
438
104
93
440
54
876
438
440
618
54
54
440
372
93
54
876
54
876
876
54
876
93
54
876
438
438
876
54
24
876
876
54
179
50
381
62
447
20
684
20
889
889
501
149
149
501
501
257
501
1008
381
970
345
137
690
20
889
929
889
739
149
501
149
501
339
673
53
360
592
669
841
967
510
645
146
638
953
638
149
827
149
616
521
785
227
149
149
149
149
618
501
1000
149
501
149
145
257
339
339
1008
265
970
469
345
832
702
52
929
52
739
456
20
149
145
456
339
737
236
970
208
425
832
16
840
840
387
840
517
840
750
339
121
897
53
592
669
841
841
967
645
146
632
953
638
953
145
149
145
140
521
227
785
257
546
29
546
29
29
546
29
546
624
624
54
334
757
265
970
469
767
832
832
152
152
387
387
918
901
456
456
597
402
128
460
736
208
832
832
152
152
443
387
274
828
828
828
901
402
676
82
360
592
669
841
967
645
645
14
14
215
215
723
142
142
619
543
431
543
888
104
888
876
888
104
43
43
54
79
54
79
334
109
128
236
1001
767
1011
832
152
152
443
387
602
602
901
828
828
402
446
460
736
208
1011
832
276
152
443
387
531
456
349
552
349
503
53
360
592
669
841
967
510
68
632
638
953
257
140
638
149
140
257
543
465
785
124
546
29
546
29
546
29
546
618
29
29
788
19
499
460
582
767
832
832
152
152
901
387
602
602
602
828
402
402
446
460
736
16
1011
832
679
152
152
387
274
602
901
531
402
334
897
53
592
669
841
841
967
645
645
14
14
215
14
723
215
142
167
543
543
624
624
798
798
798
348
624
624
624
624
624
104
222
19
499
925
582
767
832
832
152
152
443
387
602
602
602
828
602
402
765
381
970
469
1011
832
832
152
443
509
666
456
456
739
527
121
897
53
360
114
669
841
967
645
146
638
953
638
953
827
531
527
339
465
991
17
735
29
546
29
531
662
159
624
29
71
546
167
121
446
607
736
208
1011
832
832
152
443
618
387
602
507
507
828
402
109
128
236
736
1011
1011
832
152
152
387
534
9219
1432
1130
1130
1130
1130
1130
1130
1130
1130
1879
1130
1130
1762
1130
1130
1879
1130
1130
1762
1130
1130
1911
1911
1216
1589
1628
1252
2000
1900
1628
1456
1628
1456
1496
1454
1858
1454
1858
1803
1130
2043
1130
1762
2043
1281
1499
1499
1281
1299
1417
1589
1884
1232
1748
1456
1232
1653
2000
1349
1232
2000
1456
1232
1456
1723
1456
1748
2000
1232
1300
1911
2043
1911
1281
1281
1900
2043
1281
2043
1499
1879
1130
1130
1130
1130
1130
1130
1130
1130
1130
1432
1130
1130
1130
1130
1499
1097
1097
1762
1281
1130
1432
1130
1130
1130
1130
1499
1130
1130
1130
1432
1432
1130
1130
1432
1432
1432
1130
1777
1216
1975
1412
1396
1263
1661
1610
1771
1860
1915
1136
1250
1771
1136
1915
1610
1136
1348
1083
1874
1240
1985
1936
1637
1606
1982
1984
1915
1610
1565
1427
1838
1610
1993
2028
1771
1703
2001
1263
1291
2001
1057
1798
1291
1764
2028
1558
1216
2028
1083
1396
1396
1396
1083
1396
1396
1485
1396
1396
1083
1396
1216
1396
1216
1626
1396
1216
1083
1216
1485
1485
1485
1485
1485
1216
1216
1216
1396
1216
1651
1396
1771
1771
1396
1396
1396
1396
1396
1396
1396
1396
1396
1396
1396
1396
1874
1396
1396
1626
1216
1396
1455
1915
1057
1216
1565
1838
2032
1369
1519
1291
1391
1896
1583
2001
1867
1216
2001
1519
1669
2046
1519
1396
1519
1396
1254
1436
1504
1838
1838
1610
1993
1480
1998
1915
1610
1250
1838
1606
1610
1565
1427
1838
1610
1610
1565
1838
1396
1396
1396
1396
1083
1083
1396
1626
1216
1083
1216
1216
1216
1216
1216
1216
1216
1216
1216
1216
1216
1216
1216
1216
1216
1216
1216
1216
1216
1216
1216
1216
1635
1216
1216
1216
1396
1396
1396
1396
1396
1396
1216
1216
1216
1216
1216
1771
1409
1771
2001
2001
1996
2017
1764
1354
1998
1998
1998
1998
1287
1287
1287
1216
1216
1519
1519
1669
1216
1635
1216
1216
1216
1216
1396
1216
1263
1709
1555
1410
1703
1610
1703
1759
1409
1610
1610
2006
1993
1993
1993
1263
1788
2001
1788
1291
1996
1664
1764
1838
1396
1216
1216
1341
1216
1626
1626
1216
1701
1216
1216
1216
1216
1216
1216
1216
1216
1216
1485
1485
1216
1651
1651
1216
1216
1216
1097
1690
1690
1690
1982
1519
1216
1940
1216
1771
1396
1396
1626
1396
1396
1771
1396
1940
1940
1940
1216
1216
1291
1764
1057
1798
1798
2006
2006
1993
1993
1993
1263
1788
1788
1291
1216
1216
1216
1299
1216
1299
1299
1299
1690
2035
1690
1585
1709
1610
1915
2032
1555
1703
1610
1610
1610
1610
1610
1610
1610
1610
1985
1993
1606
1263
1263
1409
1341
1341
1396
1083
1083
1341
1341
1341
1083
1341
1396
1626
1216
1216
1216
1216
1341
1216
1216
1216
1216
1216
1216
1216
1216
1216
1216
1216
1216
1216
1216
1523
1959
1959
1701
1300
1959
1690
1300
1523
1097
1216
1216
1299
1216
2032
1216
2032
1299
2028
1635
1535
1755
1523
1396
1567
1427
1396
1057
1216
1565
1838
2032
1610
1216
1838
1813
1083
1216
1610
1993
1216
1216
1396
1216
1216
1936
1925
1396
1812
1915
1610
1565
1291
1391
1610
1993
1664
1764
1998
1610
1263
1291
2032
1057
2032
1291
1764
2028
1759
1588
1588
1365
1396
1396
1626
1109
1396
1396
1396
1216
1396
1396
1396
1216
1216
1216
1626
1216
1216
1216
1216
1216
1216
1216
1216
1216
1216
1985
1985
1985
1985
1985
1985
1216
1216
1396
1529
1626
1396
1396
1396
1396
1396
1396
1718
1718
1718
1626
1626
1635
1626
1610
1341
1812
1691
1838
1915
1626
1217
1838
1764
1410
1161
1161
1651
1516
1516
1218
1755
1218
1218
1535
1755
1523
1299
1396
1455
1998
1915
1083
1565
1838
1396
1610
1565
1838
1838
1610
1610
1664
1838
1915
1610
1565
1838
1896
1610
1565
1427
1764
1083
1396
1216
1610
1216
1216
1216
1216
1216
1216
1216
1216
1216
1216
1216
1216
1216
1216
1216
1216
1216
1216
1216
1216
1216
1216
1519
1396
1438
1974
1707
1682
1452
2007
1452
1216
1452
1771
1452
1396
1452
1452
1771
1452
1452
1396
1396
1651
1264
1216
1626
1828
1877
1915
1813
1915
1813
1813
1985
2032
1915
1682
1610
2001
2001
1216
1519
1216
1216
2007
1867
2001
1519
1341
1396
1270
1504
1565
1565
1565
1812
1250
1263
1516
1263
1396
1838
1838
1838
1396
9220
2592
3009
2592
2800
2592
3009
2592
2592
2566
2592
2592
2472
2592
2472
2566
2592
2566
3008
2566
2961
2472
2802
2694
2649
2939
2936
2601
2255
2162
2735
2411
2567
3007
2907
2564
2735
2350
2889
2748
2452
2985
2735
2889
2976
2567
2567
2813
2592
2697
2735
2262
2478
2877
2976
2564
2162
2644
2452
2411
2990
2748
2976
2976
2990
2748
2976
2990
2478
2944
2649
2564
2976
2990
2748
2735
2990
2564
2162
2976
2564
2748
2472
2748
2976
2976
2566
2472
2566
2162
2566
2472
2961
2961
2961
2592
2567
3042
2777
2592
2907
2567
2472
2566
2566
2592
2961
2976
2592
2592
2592
2472
2472
2472
2592
2472
2472
2472
2472
2748
2320
2782
2260
3014
2881
3050
2985
2105
2103
2268
2289
2585
2869
2883
2646
2356
2826
2214
2331
2681
2233
2242
2681
2170
2412
2775
2549
2802
2862
2133
2910
2148
2501
2097
2256
2922
2829
2802
2802
2599
2802
2535
2646
2451
2874
2989
2501
2350
2869
3028
2902
3028
2825
2939
2697
2644
2588
2735
2644
2820
2233
2579
3023
2697
2809
2809
2833
2085
2978
2434
2686
3021
2646
2529
2849
3028
2434
2320
2579
2508
2644
2168
2547
2571
2671
2820
2089
2942
2162
2868
2393
2899
2972
2942
2563
2242
2575
2564
2156
2820
2156
2741
3063
2206
2986
2252
2549
2881
2567
2321
3003
2802
2944
2148
2054
2986
2868
2320
2809
2802
2881
2208
2224
2777
2631
2208
2050
2312
2869
2268
2244
2312
3050
2312
2208
2571
2809
2348
2055
2196
2055
2571
2330
2806
2806
2912
2757
2459
2749
2697
2470
3050
2575
2860
2564
3071
2868
3071
3028
2978
2833
3028
2567
2567
2849
2567
2777
2966
3007
2700
2592
3071
2874
2944
2944
2944
2944
2944
2628
2577
2048
2647
2564
2280
2644
2608
2644
2942
2942
2945
2945
2944
3062
2564
2402
3055
2868
2434
2571
2314
2137
2347
2588
2978
2644
2809
2454
2950
3053
2454
2788
2944
2884
2567
2352
2880
2289
2665
2942
2942
2884
2208
2990
2907
2751
2802
2505
2494
2775
2775
2344
2494
2642
2629
2494
2494
2494
2884
2726
2881
2060
2881
2505
2289
2505
2289
2902
2567
2869
2639
2733
2877
2508
2293
2700
2434
2877
2434
2434
2918
2976
2976
2884
2884
2978
2214
3041
2905
2577
2577
2529
2694
3050
3012
2579
2508
2567
2770
2501
3008
2770
2421
2460
2802
2423
2501
2789
3000
3022
2933
3050
3041
3041
2137
2137
2884
2884
2877
3028
2467
2350
2186
3063
3041
2884
2230
2214
2877
2350
2642
2137
2786
2884
2214
2567
2567
2567
2976
2137
2549
2567
2277
2802
2360
2206
2245
2419
2268
2355
2608
2642
2123
2100
2869
2881
2875
2560
2147
2775
3047
2618
2869
2156
2091
2978
2945
2245
2672
2324
2644
2557
2876
2557
2557
2557
2567
2213
3041
2567
2557
2557
2696
2557
2557
3071
2214
2557
2470
2567
2213
2567
2628
2972
2567
2276
2694
2248
2567
2213
2567
2567
3022
2985
2877
2877
2939
3007
2419
2802
2567
2802
2208
3007
2735
2567
3007
2741
2802
2484
2206
2360
2252
2741
2333
2393
2350
2949
2289
2822
2494
3005
2770
2818
3047
2825
2925
2877
3007
2238
2877
2907
2862
2863
3050
2567
3054
2423
2857
2356
2277
2989
3007
2421
2820
2347
3069
2321
2833
2421
2097
2619
3005
2947
2289
2233
2746
2639
2989
2825
2564
3023
2874
2564
3023
2398
2939
2162
2253
2939
2833
2833
3022
3017
2942
3017
2697
2813
3028
2944
2579
2682
3006
2750
2957
2957
2557
2470
2230
2529
2575
2945
3042
2162
2735
2990
2848
2497
2233
3023
2629
2644
2918
2567
2529
3017
2619
2897
2567
2347
2986
2206
2443
2862
2467
3021
2208
2978
2208
2208
2208
2881
2097
2208
2052
2942
2162
2944
2942
2111
2862
2343
2986
2677
2154
2884
2580
2948
2948
2596
2596
2889
2830
2050
2181
2181
2181
2181
2990
2181
2230
2181
2489
2883
2567
2579
2868
2945
3028
2579
2579
2874
2700
2884
2214
2700
2700
3071
2544
2224
2700
2592
2214
2996
3012
2608
2628
2948
2884
2881
2470
2928
2978
2557
2289
2345
2434
2470
2352
3044
2470
2904
2296
2575
2464
2214
2454
2904
2647
3044
2470
2770
2829
2796
2535
2612
2771
2467
2575
2416
3044
2964
2470
2860
2206
2682
2779
2320
2859
2628
3044
2608
3050
2575
2820
2470
2156
2608
3047
2185
2467
2332
2332
2321
2809
3071
2884
2618
2869
2949
2949
2820
2216
9221
3725
4061
3108
3108
3750
4009
3858
3858
4009
3858
3108
3108
3725
3108
3108
4039
4039
3108
3108
3750
3284
3284
3736
3605
3931
4087
3880
3673
3880
3325
4079
3647
3893
3738
4054
3782
4079
4054
3888
3782
3824
4079
3891
3858
3987
4072
3725
3890
3888
3311
3742
4087
4087
4087
3942
4087
4004
3304
3952
4087
4087
3952
3325
3542
4087
3952
4052
4087
3715
3133
3373
3284
3890
4054
3782
4061
3901
4008
3839
3935
4087
4087
3782
3935
4079
4087
3858
4054
3904
3108
3858
4009
3108
3108
3108
3725
3888
3830
3901
3108
3858
3750
3108
3108
3858
4009
3284
4054
3750
3750
3108
3725
3108
3750
3108
3108
3725
3858
4072
3647
3088
3380
3880
3522
4064
3331
3860
3912
3338
3462
3496
3462
3960
3338
3311
3931
3883
3440
3426
3367
3431
3829
3296
3461
3642
3447
3745
3827
3380
3883
3478
3623
3241
3431
3426
3890
3937
3282
3623
3413
3429
3554
3952
3311
3873
3348
3685
3890
3653
3506
4036
3259
3585
3933
3896
3086
3829
4083
3598
4082
3260
4091
3284
3839
3924
4013
3843
3107
3698
3251
3107
3979
3979
3320
3684
3534
4045
3778
3320
3231
3116
3275
3291
3999
3320
3547
3461
3429
3461
3642
3598
3287
3372
3428
3675
3310
3784
3154
3567
3072
3810
3115
3436
3720
3764
3554
3742
3801
3928
3767
3320
3966
3685
4083
4083
3903
3623
4042
3802
3935
3839
4003
4077
3231
3337
3756
3625
3275
3208
4002
3178
4003
3820
3815
3245
3130
3275
3245
3947
3734
3599
3373
3820
3632
3154
3651
3076
3704
4083
4093
3523
3685
4042
4091
3259
4041
3747
3329
4006
3247
4087
3915
3178
3247
3111
3914
4056
3914
3178
3747
3552
3914
3552
3952
3778
3653
3928
3603
3736
4041
4041
3100
3552
3940
4079
3890
3109
3928
4079
3100
3413
3900
3810
3466
4082
3288
3307
3307
3999
3952
3633
3636
3772
3650
3215
4094
4004
3436
3861
3966
3467
3777
4091
3198
3774
4083
3721
3382
3721
4083
3952
4083
3771
3372
4093
4081
3413
3774
3502
3728
3380
3623
3307
3647
3237
3237
3653
3235
3120
3771
3511
3880
3661
3867
3259
3558
3116
3596
3428
3384
3694
3307
3198
3305
3698
3299
3329
4006
3888
3914
3869
3914
3654
3804
3662
3914
3914
3413
4094
3684
3914
3690
3802
4008
3935
3807
3824
3950
3888
3673
3302
3179
3302
3307
4094
3254
3890
3728
3600
3179
3291
3154
3647
3552
3348
3552
3348
3890
3600
3244
3307
3711
3187
3401
3595
3783
3783
3219
3307
3496
3903
3600
3888
3771
3623
3307
3989
3223
3888
4042
3380
3710
3313
3810
3377
3377
3085
4032
3771
3978
3335
3628
3649
3595
3246
3226
3771
3307
3831
3440
3892
3329
3623
3244
3307
3247
3237
3807
3552
3371
3600
3974
4079
3342
3600
3269
3762
3342
3909
3300
3600
3641
3300
3600
3600
3342
3600
3600
3091
3600
3119
3323
3314
3890
3314
3154
3314
3719
3736
3673
3778
3547
3940
3694
3335
3507
3890
3880
3154
3822
3778
3373
3585
3603
3965
3772
3712
3642
3304
3198
3764
4091
3226
3539
3428
3426
4035
3835
3698
3835
3282
3498
4042
3097
3867
3883
3498
3498
3997
3504
4008
3997
3598
3890
3982
3310
3154
4074
3380
3970
3933
3251
3619
3940
3583
3862
3496
3970
3940
3226
3223
3271
3156
3182
3715
3380
3504
3815
3640
3226
4053
3914
3957
3674
3690
3335
3847
4091
3778
3498
3914
3226
3914
3984
3843
3914
3081
3498
3507
3250
3843
3810
3100
3600
3100
3603
3928
3995
3824
3600
3843
3109
3530
3605
3327
4003
4003
3376
3778
3625
3293
3623
3645
3348
3526
4024
3581
3772
3605
3672
4024
3437
3979
3613
3976
3997
3970
3573
4088
3891
4003
3260
3774
3880
3504
3914
3928
3399
3425
3293
3352
3293
3559
3383
3892
4003
3231
3248
3284
3654
3783
3673
3989
4083
3818
3309
3923
4091
3923
3266
3585
3375
4091
4093
3082
4056
3916
3307
3269
3327
4091
3813
3253
3771
3327
3552
3552
3600
3935
4053
3965
3107
3771
3965
3558
3585
3600
3933
3371
3469
3085
3372
4077
4083
3367
3311
3367
3613
4077
3431
3372
3253
3840
3107
3157
3226
3603
3226
3226
3523
3903
3470
3100
3955
3868
3995
3637
3532
3226
3467
3470
3737
3076
3182
3416
3777
3585
3404
3633
3929
3376
3293
3109
3684
3903
4056
3890
3974
3890
3244
3253
3382
3498
4055
3890
3542
3727
3293
3307
3307
3698
9222
5118
4311
4769
4835
4837
5015
4769
4837
4769
4835
4769
4837
4769
4769
4132
4810
4810
4311
4384
4311
4311
4858
5089
4675
4606
4460
5089
5018
5058
4384
4456
4460
5015
4170
4860
4962
4835
5118
4835
5114
4934
4460
5015
4889
5068
4431
5052
4771
4848
5040
4269
4954
4484
4955
4460
4962
4835
4927
4835
4170
5052
4460
4546
4625
4460
4542
4962
4460
5049
4955
4875
4926
4170
4919
4926
5052
5118
4926
4132
5049
5089
4170
4950
5012
4837
4962
4837
4769
4926
4955
4837
4769
4837
4311
4311
5115
5118
5089
5089
5089
5115
4769
4311
4837
4311
4769
5015
4311
4311
5089
4837
4837
4837
4962
4837
4837
4837
5052
5089
5012
4664
4269
4317
4242
4634
4263
4586
4749
4354
4664
4548
4242
5050
5024
5078
4269
4917
4752
4500
4242
5090
4269
4812
5005
4179
4457
4864
4254
5087
4100
4752
4440
5089
4864
4542
5063
4397
4983
4381
4269
5005
4500
4346
4765
4184
4760
4226
4905
4416
4455
4482
4661
4864
4855
4474
4729
4369
4652
5045
5080
4505
4624
4624
4554
5102
4539
4539
4759
5040
4904
4715
4177
4177
4459
4183
4731
4737
4812
4332
4985
4098
4167
4845
5104
4616
4427
4948
4916
4796
4592
4416
4100
4947
4189
4189
4549
4881
5069
4500
4183
4329
4113
4239
4640
4301
4678
4542
5089
4924
5070
4994
5040
4482
4891
4184
4738
4994
4843
4097
4970
4325
4184
4878
4350
4549
4796
4594
4882
4689
4193
5026
4988
4512
4646
4189
4478
4917
4189
4227
5064
4671
4959
4461
4555
4536
5064
4942
5064
4421
4974
4961
4216
4848
4334
4150
4810
4345
4692
4308
4127
4771
4970
4318
4721
4539
4855
4819
4855
4510
4771
5059
4692
5077
4150
4510
4725
4427
4240
5072
4526
4773
4771
5017
5069
4950
4500
4773
4771
4411
4924
4715
4715
4500
4150
4512
4349
4201
4938
4971
4696
5103
4177
4211
5050
4179
4444
4198
4440
4460
4661
5041
5087
4845
4332
4608
5040
4364
5064
4364
4829
4691
4196
4717
4320
4143
4360
4972
4506
4320
4939
4681
4189
4320
4848
4903
4972
4608
4740
4320
4648
4648
4991
5108
4707
4782
4991
4374
4496
4539
4432
4950
4814
4244
4971
4539
5004
4530
4196
4662
4988
4510
4460
4540
4824
4137
5025
4625
4817
4869
4096
4150
4500
4926
4773
4800
4938
5056
4269
4184
4592
5037
4308
4500
4403
4620
4665
4853
5094
4184
4713
4119
4542
4119
4500
4773
4895
4691
4267
5025
4617
4695
4779
4924
4725
4691
4924
4924
4547
4695
4151
5108
5022
4771
4525
4535
4705
4814
4866
4197
4184
5025
4561
4559
5083
4748
4715
5031
4451
4889
4119
5009
4740
4458
5064
4725
4582
5064
4819
4972
4843
4559
4532
4533
5096
4347
4961
4364
4617
4670
4286
4625
4908
4670
4971
4364
4688
4426
4510
4931
4542
4539
4670
4384
5037
4670
4875
5094
4539
4734
4670
4795
4238
4955
4494
4955
4494
5012
4697
4351
4771
4494
4970
4971
4692
5094
5089
4731
4439
4763
4150
4860
4286
4112
4928
4150
5089
4274
4817
4844
5089
4575
4195
4860
4267
4648
4320
4636
4320
4439
4692
4927
4381
4845
5069
4615
4162
4872
4411
4363
4254
4651
4664
4936
4983
4145
4162
5079
4496
4864
4852
4739
4983
4145
4484
5094
5095
4983
4754
4320
5094
4621
4905
4292
4931
4221
4731
4175
4911
4346
4205
4351
5059
4548
4938
5022
4510
4856
4184
4127
4845
4771
4253
5056
4460
4692
4845
4551
4845
5067
4364
4360
4430
4771
5017
4150
5004
4895
4946
5112
5086
4183
4688
4559
5090
4390
4200
4949
4858
4824
4320
4335
4985
4931
4994
4177
4230
4390
5029
4773
4800
4254
4955
4965
4411
4714
4272
4843
4106
4845
4494
4126
5079
4845
5070
4715
4895
4540
4334
4351
4583
4351
4893
4665
4532
4400
4473
4346
4104
4969
4957
4532
5025
4927
5108
4665
5025
4196
5108
4821
5040
4549
4914
4621
4678
4506
4705
5012
4721
5004
4426
5110
4249
4771
4387
4620
5105
5105
5068
5003
4193
5105
4318
5108
4924
4162
5112
4830
5004
4670
4740
4688
4567
4773
4338
4618
4540
4592
4758
4542
4704
4536
4725
4436
4254
4500
4948
4500
4752
4414
4987
5103
5069
4269
5064
5064
4360
4885
5103
5103
5064
5003
4823
4751
5119
4192
4339
4275
4307
4740
4740
4752
4471
4161
4800
4233
4972
4860
4526
4150
4537
5056
4845
4977
5089
4636
4224
4548
4173
4715
4983
4334
