9217
9218
194
540
87
414
281
947
673
225
909
799
48
204
601
68
68
424
424
17
550
550
816
965
72
339
1008
236
262
540
367
87
281
947
225
942
909
799
326
601
516
146
68
424
424
431
424
1010
220
416
121
342
94
262
613
205
87
87
256
929
753
753
753
753
1000
145
802
416
673
53
909
799
669
204
516
146
68
146
424
424
1010
953
1010
220
740
83
266
316
909
799
326
601
920
146
68
146
424
220
1010
220
1010
220
416
83
1008
265
970
968
367
87
87
281
78
256
753
753
606
802
802
802
416
83
341
609
909
799
326
204
516
146
146
424
424
220
1010
220
1010
527
416
850
737
236
262
172
367
87
87
78
256
589
609
909
799
48
204
516
146
68
991
17
1010
667
72
963
145
527
339
737
94
262
613
367
414
281
673
53
909
799
326
601
601
146
68
191
358
33
326
920
601
68
220
603
342
721
262
540
367
87
414
256
256
5
753
753
802
802
145
802
121
266
53
909
799
669
204
516
146
68
146
424
424
1010
953
257
416
416
83
266
316
909
799
326
601
920
146
68
424
424
220
1010
220
545
220
416
83
737
236
262
968
367
87
414
78
78
753
753
7
802
802
621
802
947
676
53
909
799
48
204
44
146
146
146
424
424
953
953
1010
842
416
83
342
41
968
172
205
87
281
256
256
673
609
909
799
48
204
920
51
68
424
991
17
802
1010
953
802
393
693
664
265
236
355
540
205
1022
673
53
909
799
326
601
516
601
146
146
424
424
424
220
739
220
603
401
94
62
62
447
151
702
459
459
889
739
453
739
1000
739
1000
739
739
943
5
227
739
739
739
739
257
162
476
476
438
1017
476
125
162
1017
1017
1017
549
776
162
104
1017
438
1017
1017
1017
1017
1017
1017
1017
1017
1017
1017
1017
1017
1017
1017
1017
1017
1017
1017
1017
1017
1017
1017
1017
1017
1017
1017
431
438
438
1017
1017
230
438
1017
1017
1017
1017
1017
104
1017
1017
1017
1017
24
438
1017
1017
1017
431
1017
104
1017
1017
1017
1017
340
1017
1017
1017
1017
1017
1017
1017
1017
431
1017
1017
125
1017
125
1017
1017
438
1017
1017
1017
1017
1017
1017
1017
1017
24
1017
1017
1017
1017
1017
1017
125
1017
1017
1017
1017
1017
104
1017
1017
1017
1017
1017
1017
104
125
1017
1017
1017
1017
438
230
1017
1017
1017
1017
1017
1017
1017
1017
1017
1017
1017
125
1017
1017
125
1017
1017
1017
534
9219
1255
1963
2031
1555
1105
1683
1081
1555
2042
1940
1597
1255
1332
1691
1868
1617
1739
1739
1683
1427
1975
1915
1739
1975
1217
1348
1211
1975
1739
1739
1824
1647
1975
1274
1824
1984
1824
1984
2042
1868
1814
1838
2027
1785
1874
1984
1610
1984
1332
1868
1683
1683
1385
1504
1211
1975
1390
1806
1929
1509
1718
1464
1191
1963
1750
1555
1915
1683
1326
1612
1390
1975
1390
1455
1963
1143
1249
1782
1844
1396
1709
1950
1897
1975
1897
1739
1897
2014
1536
1975
1536
1270
1268
1910
1877
1683
1868
1683
1868
1683
1785
1555
1424
2042
1427
1255
1385
1455
1753
1608
1655
1984
1984
1424
1424
1424
1824
1824
1950
1874
1385
1459
1455
1443
1346
1346
1346
1346
1555
1555
1820
1617
1812
1361
1963
1963
1839
1346
1737
1737
1737
1500
1304
1737
1427
1427
1567
1567
1455
1739
1597
1597
1938
1081
1808
1292
1143
1915
1620
1874
1307
1838
1749
1455
1346
1081
1820
1848
1143
1292
1612
1608
1081
1661
1436
1455
1455
1837
1555
1915
1132
1143
1929
1620
1109
1874
1975
1897
1143
1617
1737
1617
1915
1874
1730
1385
1683
1877
1396
1897
1443
1854
1912
1612
1536
1824
1390
1844
1612
1814
1806
1814
1814
1782
1814
1292
1555
1812
1555
1980
1455
1824
1620
1674
1868
1597
1975
1684
1814
1443
1509
1683
1443
1211
1814
1455
1737
1814
1672
1604
1719
1661
1427
2045
1661
1627
1754
1409
1612
1975
1246
1681
1709
1525
1897
1604
1385
1984
1254
1814
1143
1584
1753
1612
1943
1910
2045
1841
1346
1211
1237
1424
1824
1975
2042
1424
1868
1814
1739
1504
1597
1565
1683
1935
1709
1424
1143
1855
1929
1531
1814
1211
1674
1470
1385
1211
1385
1737
1784
1567
1666
1620
1406
1627
1455
1829
1348
1935
1409
1424
1820
1980
1292
1848
1975
1604
1908
1975
1814
1812
2045
1841
1270
1409
1597
1424
1669
1828
1814
1828
1982
1081
2042
2042
1814
1620
1620
1874
1660
1567
1040
1975
1504
1975
1929
1443
1655
1504
1346
1739
1081
1555
1612
1612
2042
1109
1500
1584
1868
1584
1455
1565
1841
1610
1868
1975
1739
1326
1143
1406
1681
1555
1681
1109
1830
1828
1584
1616
1143
1868
1096
1683
1681
1812
1897
1455
1812
1984
1555
1424
1975
1848
1691
1827
1661
1753
1975
1915
1504
1749
1661
1584
1509
1814
1567
1509
1500
1739
1509
1683
1739
1753
1814
1250
1737
1963
1739
1250
2047
1874
1814
1929
1409
1897
1719
1897
1597
1661
1081
2045
1255
1406
1691
1855
1812
1897
1975
1814
1737
1814
1584
1555
1984
1584
1346
1361
1984
1683
1841
1814
1509
1779
1868
1683
1984
1814
1984
1814
1143
1211
1292
1500
2014
1824
1814
1436
1679
1874
1877
1246
1661
1984
1250
1888
1718
1897
1683
1597
1584
1674
1268
1820
1081
1620
1830
1361
1814
1455
1739
1950
1480
1814
1255
2031
1143
1897
1535
1897
1583
1897
1081
1464
1455
1536
1681
1536
1828
1868
1610
1877
1824
1877
1794
1920
1794
2017
1794
1785
1703
2017
1703
1791
1703
1791
2010
1263
1215
1513
1996
1837
1606
1217
1666
1837
1583
1403
1973
1375
1305
1025
1558
1860
1558
1191
1558
1565
1335
1409
1159
1839
1159
1588
1159
1949
1159
1588
1031
1867
1031
1993
1851
1977
1851
2006
1785
1892
1851
1057
1785
1947
1051
1947
1291
1798
1280
1860
1588
1839
1743
1217
2015
1565
1029
1217
1375
1164
1558
1029
1798
1048
1770
1369
1057
1369
1949
1159
1696
1159
2010
1159
2010
1159
1703
1192
1513
1031
1104
1391
1788
1851
1886
1391
1886
1785
2035
1631
1798
1051
1979
1051
1798
1280
1860
1188
1597
1588
1565
1588
1824
1554
1743
1588
1513
1831
1558
1743
1480
1585
1709
1558
1709
2028
1159
1770
1159
2006
1331
1746
1159
1896
1192
2010
1192
1167
1192
2028
1192
1984
1404
1263
1404
1480
1404
1993
1404
1722
1631
1558
1664
1660
1188
1746
1664
1798
1664
1703
1816
1555
1641
1984
2034
1984
1743
1993
1743
1480
1558
1610
1558
1813
1899
1709
1979
1709
1057
1159
1720
1159
1368
1031
1392
1031
1794
1391
2032
1391
1867
1404
1666
1404
2006
1404
1750
1291
1597
1404
1597
1188
1824
1188
2032
1181
2045
1588
1583
1324
1784
1641
1882
1969
1610
1743
1305
1330
1410
1780
1410
1558
1410
1057
1709
2006
1287
1705
1159
1892
1287
1703
1192
1392
1816
9220
2962
2257
2257
2155
2086
2186
2986
2321
2538
2728
2176
2902
2915
2962
2962
2086
2677
2213
2629
2121
2933
2980
2407
2266
2712
2596
2964
2505
2880
2371
2591
2535
2438
2552
2467
3035
2246
2573
2254
2399
2086
2681
2629
2712
2978
2425
2228
2756
2454
2962
2077
2208
2141
2213
2470
2445
2697
2297
2257
2645
3001
2833
2529
2989
2762
2881
2601
2264
2406
2962
2421
2715
2881
2925
2809
2481
2485
2815
2655
2254
2695
2986
2225
2596
2978
2062
2257
2257
2847
2949
2050
2789
2459
2088
2063
2825
2208
2644
2642
2837
2133
2460
2421
2626
2190
2529
2881
2629
2081
2806
2574
2949
2366
2336
2063
2050
2598
2619
2375
2467
2349
2642
2063
2257
2225
2085
2596
2596
2133
2421
2169
2590
2467
2783
2321
2671
2932
2442
2088
2088
2180
2938
2402
3014
2442
2133
2965
2642
2147
2394
2753
2097
2612
2876
3066
2561
2915
2485
2596
2898
2806
2704
2577
2050
2260
2346
2528
2714
2279
2442
2695
2307
2529
3047
2141
2821
2945
2806
2596
2512
2692
2967
2442
2529
2257
2558
2590
2915
2833
2050
2922
2697
2057
2492
2933
2764
2707
2596
3011
2123
2321
2258
2292
2564
2489
2596
2596
2090
2117
2546
3071
2244
2096
2344
2809
2380
2050
2121
2629
2382
2438
2419
2552
2445
2590
2272
2885
2760
2630
2257
2922
2667
2106
2567
2703
2253
2050
2809
3007
2252
2915
2510
2323
2806
2937
2728
2208
2465
2168
2837
2949
2439
2635
2489
3063
2137
2266
2862
2507
2178
2153
2170
2720
2922
2257
2085
2191
2186
2596
3025
2048
2309
2630
2701
2869
3012
3038
2329
2552
2050
2050
2789
2050
2445
2430
2885
2876
2584
2588
2588
2980
3023
2939
2841
2208
2835
2713
2818
2077
2965
2986
3043
2117
2853
2815
2717
2544
2321
2935
2803
2691
2297
2487
2691
2311
2978
2208
2953
2574
2148
2528
2224
2371
2912
2111
2421
2284
2887
2869
2888
2228
2321
2806
2585
2671
3063
2613
2977
2130
2213
2258
2244
2596
2390
2355
2186
2660
2323
2130
2274
2429
2874
2511
2266
2463
2206
2880
2165
2208
2498
2164
2846
2156
2349
2223
2088
2962
2771
2544
2054
2746
2168
2208
2354
2443
2176
2478
2601
2604
2230
2180
2224
2708
2945
2257
2254
2560
2549
2535
2631
2057
2086
2873
2258
2274
2119
2613
2228
2277
2459
2833
2885
2390
2346
2568
2228
2567
2162
2802
2601
3007
2874
2101
2980
2876
2627
2190
2253
2208
2978
2243
2451
2873
2521
3011
2228
2881
2930
2794
2591
2615
2364
2978
2938
2978
2612
2892
2213
2730
2090
2874
2766
2168
2600
2513
3059
2208
2880
2874
2213
2371
3028
2266
2672
2148
3023
2983
2983
2825
2547
2806
2279
2230
2709
2983
2978
2677
2088
2629
2577
2284
2297
2280
2730
2279
2809
2817
3035
2823
2531
2588
2884
2191
2676
2980
2850
2887
2967
2799
2881
2254
2090
2050
2855
2057
2086
2356
2826
2254
2208
2123
2535
2672
2644
2596
2825
2529
2219
2232
2764
2949
2825
2644
2781
2467
2371
2222
2525
2718
2094
2215
2425
2642
2709
2531
2141
3047
2141
2216
2371
2763
2288
2763
2708
2766
2141
2763
2632
2429
2147
2885
2219
2086
2708
2302
2399
2528
2445
2766
2949
2191
2260
2309
2791
2967
2691
2756
2119
2300
2815
2225
2579
3038
2219
3023
2574
2232
2925
2825
2279
2697
2445
2246
2883
2419
2751
2521
2728
2141
3031
2254
2871
2425
2855
2433
2997
2246
2086
2825
2302
2862
2804
3069
2771
2088
2097
2330
2691
2944
2876
2343
2224
2224
3028
3039
2922
2697
2399
3023
2989
2990
3070
2697
2876
2343
3063
2665
2696
2445
2980
2082
2528
2897
2877
2258
2897
2807
2283
2763
2254
3031
2708
2885
2088
2783
2811
2125
2360
2225
2325
3047
2728
2897
2717
3070
2791
2399
2057
2944
2887
3028
2944
2874
3028
2697
2445
2914
2741
2880
3047
2525
3071
2697
2430
3028
2728
2588
2552
2825
2949
2697
3031
2343
2082
2665
2944
2225
2216
2191
2763
3047
2258
2708
2783
2708
2855
2708
2837
2876
2360
2277
2880
2343
2868
2766
2061
2457
2850
2088
2588
3041
2857
2644
2859
2057
2343
2720
3012
2756
2995
3022
2247
2467
3039
2644
2186
2105
2619
2612
2753
2885
2467
2763
2665
2096
2709
2885
2531
2783
2360
2216
2708
2329
2266
2119
2300
2727
2544
2525
2717
2968
2478
2936
2484
2968
2697
2300
2791
2712
3035
2607
9221
3529
3248
3427
3574
3796
3959
3171
3092
3096
3738
3092
3845
3657
3103
3795
3092
3760
3879
3119
4003
3142
3318
3796
3507
3436
3735
3469
4020
3721
3092
3781
3215
3459
3738
3974
4083
3092
3741
3092
4003
3185
3783
3252
3242
3760
3428
3713
3977
3697
3918
3759
3632
3532
3292
4024
3721
3702
3625
3831
3119
4004
3215
3697
3806
3739
4077
3319
3559
3632
3795
3796
3840
4003
3721
3094
3974
3110
3921
3092
3879
3422
3092
4083
3350
3733
3338
4030
3176
3092
4003
3242
3384
3969
3242
3319
3421
3868
3185
4003
3232
4083
3702
3469
3912
3834
3721
3574
3707
3078
4024
3669
3787
3581
4003
3821
3281
3523
3238
3949
3148
3796
3293
3721
3660
3449
4003
3384
3702
4024
3727
3795
3608
3447
3578
4003
4031
3224
3737
3820
4083
3597
3313
3092
3884
3232
3442
3921
3937
3942
3421
3281
3685
3092
3721
3592
4055
3521
4017
4016
3741
3547
3338
3462
3578
3256
3178
3495
3644
3338
3949
3974
4070
4083
3743
3090
3468
4016
3119
3632
3097
3879
3338
3281
3294
3795
3937
3986
3850
3721
3971
3641
3581
3843
4077
3587
3721
3092
3088
3698
3319
3185
3907
3879
3523
3611
3459
3235
3834
3971
3523
3523
3235
4003
3523
3454
3599
3280
3308
3078
3535
3523
3309
4093
3078
3598
4038
3721
3608
3947
3688
3235
3251
3119
3737
3352
3251
3857
3952
3264
4003
3178
3171
3654
4013
3373
3119
3171
3454
4024
3382
4050
3694
3591
3092
3119
3691
3377
3831
3138
3918
3971
3366
3888
3338
3185
3883
3453
3092
3313
3632
3657
3898
4055
3462
3149
3974
3598
3721
3839
3264
3890
3904
4089
3669
3876
3591
3318
3523
3080
3178
3682
3856
3888
3795
3694
3682
3523
3682
3515
3700
3338
3094
3523
3991
3978
3697
3922
3437
3998
3454
3622
3499
3721
3879
3243
3918
3482
3333
3523
3523
4003
3171
4077
3414
4003
3523
3523
3772
3338
3721
3559
3523
3682
3523
3242
3579
3484
4024
3982
3592
3846
3855
3681
3215
3119
3318
3716
3338
3721
3459
3166
3119
3632
3767
3092
3459
3310
3605
3133
3414
3409
3680
4016
4083
3109
3452
4045
3953
3325
3259
3721
4003
4064
3119
3995
3758
4003
3599
3857
3883
3892
4083
3149
3423
3872
3265
3530
3998
3153
3771
3383
3969
3092
4017
3200
3879
3879
3523
3294
3795
3182
3523
3293
3215
3977
3644
3202
3523
3921
3721
3816
3675
3831
3319
4003
3186
3168
3241
3520
3576
3269
3293
3611
3507
3475
3741
4083
3293
3244
3523
3557
3860
3681
3574
3681
3092
3697
3681
3424
3523
4030
3694
3514
3523
3996
3319
3893
4093
3721
3428
3694
3441
3681
3072
3721
3998
3990
3171
3833
3321
3697
3315
3216
3977
3721
3659
4003
3721
3589
3918
3373
3200
3171
3602
3681
3887
3757
3231
3818
3721
3092
3647
3513
3092
3818
3390
3092
3491
3772
3280
3721
3778
3377
3347
3513
3092
3883
3598
3456
3092
3671
3716
3721
3632
3993
3428
3870
3931
4077
3523
4083
3625
3492
3634
3294
3744
3307
3623
3924
3733
3251
3898
3618
3738
3352
3887
3219
3217
3270
3356
3394
4000
3618
3424
3530
3427
4038
3491
3244
4084
3660
3589
3674
3330
3389
3942
3139
3992
3871
3739
3436
3945
3634
3872
3680
3758
3504
3478
3504
3698
4067
3428
3413
3880
3470
3623
3504
3335
3274
3595
4084
3887
3300
3739
3325
3386
3589
3386
3280
3137
3270
3883
3185
3541
3136
3304
3356
3439
3454
3647
3235
3386
3697
3495
3111
4010
3715
3904
3682
3847
3088
3704
4006
3804
4087
3454
3235
4023
4094
3414
3791
3769
3595
4023
4042
3889
3887
3304
3839
3442
3978
4020
3689
3682
3887
3454
3850
3862
4032
3698
3787
3470
3887
3966
3280
3974
3386
3712
3839
3907
3274
3739
3762
3437
3724
3697
3398
3094
3664
3595
3924
3772
3142
4077
3722
3398
3428
3598
3187
3375
4088
3945
3698
3739
3093
3737
3307
3595
3674
3244
4052
3500
3454
3839
3697
3982
3595
3270
3633
3598
3574
3743
3951
3576
4090
3338
3557
3235
4055
3951
3778
4010
3280
4068
3772
3521
3585
3940
3292
3307
3739
3464
3398
3670
3094
3952
3251
3257
3581
3511
3517
3348
3294
4031
3400
3653
3924
3682
3142
4052
3248
4084
3847
3781
3850
3191
3929
3470
3595
3729
3670
3623
3585
3356
3443
3712
3094
3198
3889
3764
3202
3677
3966
3747
3623
3251
3839
3388
3521
3225
3388
9222
4134
4651
5049
4263
4407
4316
4414
4587
4680
4636
4470
4331
4321
4151
4251
4731
4822
4415
5071
4164
4295
4873
4546
4390
4295
5109
4965
4390
5062
4224
4404
4194
4562
4414
4390
4228
4381
4390
4680
4501
4295
4535
4937
4641
5093
5064
4390
4561
4398
4948
4502
4964
4262
4939
5034
4498
4295
4999
4288
4411
4532
4802
4432
4796
4349
4774
4592
4283
4916
4145
4390
4390
4536
4691
4774
4295
4390
4143
4442
4737
4917
4138
4143
4605
4299
4390
4352
4700
4109
4793
4450
4741
4753
4573
4897
4390
4753
4390
4215
4967
4295
4796
4838
4796
4225
4973
4443
4964
4390
4833
4753
4443
4256
4210
5064
4722
4584
4939
4256
4390
4139
4802
4246
4888
4390
4384
4973
4136
4416
4938
4622
4936
4390
4701
4120
4973
4137
4341
4675
4354
4977
4443
4224
4637
4898
4802
4390
4782
4125
4850
4904
4451
5075
4610
4445
4814
4183
4822
4646
4120
4666
5093
4223
4374
4751
4282
4750
4502
4497
4347
4774
4592
4886
5071
4282
4390
4113
4164
4101
4381
4167
4943
5032
4144
5079
5032
4167
4965
4157
4267
4260
4938
4965
4113
4948
4656
4440
4176
4414
4498
4414
4226
4371
4482
4884
4592
4383
4180
4592
5073
5039
4346
4155
4291
4098
5025
4839
4727
4864
5064
4816
4741
4532
4228
4656
4380
4629
4948
4476
4283
4319
4576
4881
4411
4285
4390
4702
4432
4878
4196
4978
4665
4606
4965
4869
4126
4755
4390
4390
4442
4822
4381
4871
4196
4372
5064
4177
4097
4497
4945
4890
5064
4928
4411
4653
4766
4965
4199
4410
4965
4129
4850
4109
5051
4527
4143
4236
4485
4678
4636
4766
4439
4121
4436
4106
4098
4921
5010
4678
4764
4390
5064
4850
4493
4410
5064
4126
4898
4940
5001
4205
4854
4199
5064
4833
4710
4998
4221
5025
4974
4445
4596
4363
4544
4126
4886
4319
4443
4892
4098
4931
4561
4973
4584
4536
4256
4578
4234
4250
4898
4478
4390
4120
4864
4390
4943
4404
4185
4242
4106
4390
4251
4386
4346
4331
4223
4559
4316
5039
4867
4965
4537
4439
5070
4301
4390
4965
4232
4693
4707
4137
4888
4299
4561
4592
4450
4371
4802
4965
4319
4436
4382
4242
4619
4796
4989
4678
4502
4838
4437
5096
4190
4302
4796
4921
4965
4613
4242
4881
4745
4697
4103
5106
4618
4965
4101
4272
5107
4414
5093
5070
5009
4568
4886
4337
4281
4262
4731
5043
4233
4390
4390
4143
4592
4254
4390
4607
4414
4233
5108
4390
4382
5031
4189
4166
5005
4287
4136
4928
4999
4653
4390
4954
4098
4891
4936
4415
4885
4390
5101
4974
4380
4697
4772
4745
4947
4933
4851
4610
4845
4316
4194
4532
4881
4098
4390
4349
4321
4391
4559
4317
4551
4532
4487
4560
4426
4260
4693
4965
4316
4965
5006
4592
5039
4283
4234
5064
4871
4562
4282
4131
4796
4498
4593
4796
4414
4260
4390
4180
4390
4389
5064
4693
4456
4216
4260
5085
4645
5087
4284
5064
4547
4786
4618
4503
4126
5056
4686
4850
4284
4454
4598
4119
4860
5077
4895
4983
4940
4386
4439
4964
4853
4350
4625
4281
5026
4262
4686
4305
4432
5010
5025
5071
5056
4871
5029
4336
4354
4305
4886
4662
4983
4760
4897
4379
4562
4302
5108
4588
4187
4960
4523
4895
4684
4828
4678
4829
4864
4760
4665
5077
5109
4821
4315
4393
4608
5090
4111
4182
4722
4330
4411
5113
4871
4895
4895
4704
4129
4481
4407
4882
4852
5029
4925
4945
4644
4432
4852
4154
5050
4939
4255
4839
4400
4368
5033
4368
5041
4800
4961
4919
4854
4970
4589
4750
4362
4918
4120
4487
4693
4693
4693
4484
4212
5079
4693
4860
4693
4393
4950
4711
4258
4967
4895
4693
4895
4140
4601
4954
4820
4487
4938
4487
4960
4487
4601
4156
4895
4964
4784
4764
4810
4458
4886
4547
5094
5049
4983
4255
4961
4150
4839
4786
4322
5009
4665
4825
4547
5094
4216
5011
4967
4201
4967
5065
4957
4478
4860
4201
4921
4201
4411
5011
4820
5011
5090
5108
4983
4201
5099
4919
4644
4862
4393
4561
4755
4561
5049
4886
4891
4825
4523
4825
4483
4802
4931
4938
5033
4487
4889
4895
4858
4895
4825
4895
4201
4895
4970
4938
5018
4119
4453
4927
4944
4820
4997
4184
4511
4871
4287
5018
4893
4456
4334
4561
4950
4684
4201
4960
4825
4114
4891
4460
4949
4366
4950
4891
4977
4324
4830
4287
4786
4305
4895
4931
4691
5056
4895
4601
4105
4117
