9217
9218
306
668
482
482
482
947
265
460
968
512
60
23
655
553
929
459
606
5
17
17
630
963
376
125
244
222
693
503
82
909
799
48
854
56
751
645
745
691
598
970
968
172
618
281
78
78
78
639
639
664
926
478
989
749
749
550
529
734
963
685
991
991
17
74
888
979
244
222
244
222
313
429
82
909
799
204
854
56
751
645
247
1008
721
970
172
172
719
873
78
78
78
639
947
737
637
356
27
800
23
23
459
320
320
685
5
17
624
125
624
125
624
624
624
624
313
341
568
799
48
204
56
56
751
146
247
691
637
970
172
367
719
873
78
78
624
624
624
119
551
989
749
749
542
461
734
734
963
776
991
17
17
125
888
104
888
888
79
902
503
82
909
799
48
854
56
751
645
247
342
598
970
172
60
719
281
78
78
78
639
402
128
637
356
27
800
16
329
459
320
320
685
991
17
410
507
104
104
888
888
79
902
109
341
568
799
48
204
56
56
751
745
691
598
970
355
172
493
23
873
78
276
639
947
951
368
989
749
749
496
529
529
145
195
598
704
448
172
719
281
78
78
78
621
624
757
82
909
799
48
497
56
56
68
339
691
123
704
613
16
690
20
889
929
256
145
339
499
460
968
512
137
151
20
459
929
256
461
521
17
1000
827
149
827
149
149
145
527
339
429
609
895
48
204
56
56
751
68
339
691
265
970
613
367
690
137
459
256
256
735
256
748
478
989
749
145
1000
145
1000
145
340
685
991
785
776
735
735
963
433
735
527
788
676
53
895
48
48
854
56
461
68
247
342
925
262
172
60
690
281
78
78
256
621
947
128
236
356
512
60
23
655
459
320
459
685
5
17
340
802
74
74
71
222
735
340
83
341
609
895
48
204
56
56
751
745
247
1008
637
970
172
367
719
281
78
78
78
639
947
119
478
989
749
749
542
340
734
376
842
776
991
17
17
888
104
340
888
888
222
902
503
82
909
799
48
854
56
751
645
247
342
598
970
172
172
719
281
78
78
553
621
947
737
637
970
27
800
23
655
152
320
320
507
5
5
17
176
176
176
222
104
222
624
984
341
568
799
48
854
56
56
751
645
247
1008
637
970
172
367
719
873
78
78
553
639
947
748
478
989
641
749
497
496
963
963
685
685
991
17
17
125
534
9219
1878
1691
1753
1739
1191
1604
1270
1838
1878
1975
1774
1592
1592
1975
1584
1584
1627
1455
1455
1455
1681
1681
1592
1376
1678
1592
1678
1684
1684
1325
1325
1378
1737
1482
1482
1072
2024
1828
1482
1482
1482
1917
1427
1667
1040
1230
1230
1075
1325
1576
1612
1178
1806
2024
1612
1710
1655
1325
1819
1737
1913
1339
1482
1482
1170
1584
1586
1586
1586
1325
1325
1568
1576
1678
1865
1568
1611
1919
1576
1865
1997
1913
1913
1913
1913
1655
1655
1948
1307
1967
1737
1406
1730
1396
1984
1412
1424
1424
1270
1814
1806
1984
1385
1814
1406
1866
1730
1984
1730
1736
1551
1490
1876
1459
1962
1917
1739
1978
1459
1272
1678
1294
1678
1105
1254
1688
1848
1814
1830
1293
1528
1994
1695
1753
1655
1655
1655
1878
1695
1878
1683
1501
1737
1683
1730
1984
1814
1888
1683
1307
1938
1479
1913
1424
1455
1584
1730
1406
1436
1286
1948
1655
1740
1967
1586
1596
1338
1683
1678
1338
1333
1740
1683
1691
1412
1739
1739
1258
1576
1576
1576
1612
1576
1754
1576
1612
1612
1307
1681
1178
1339
1482
1089
1667
1089
1505
1678
1678
1739
1213
1737
1948
1446
1627
1927
1737
1658
1678
1574
2030
1737
1683
1504
1984
1584
1740
1725
1270
1841
1469
1740
1795
1814
1501
1482
1678
1406
1776
1088
1088
1878
1089
1267
1814
1683
1470
1470
1501
1934
1683
1658
1678
1128
1948
1655
1840
1546
1406
1211
1479
2027
1367
1691
1354
1128
2027
1546
1681
1730
1987
1956
1546
1676
1676
1730
1286
1406
1718
1109
1147
1176
1420
1378
1975
1975
1737
1678
1156
1584
1975
1691
1655
1678
1855
1584
1307
1387
1406
1752
1211
1082
1874
1455
1935
1191
1792
1878
1878
1088
1405
1166
1792
1274
1730
1876
1570
1406
1406
1730
1616
1470
1876
1479
1479
1984
1406
1435
1984
1406
1921
1678
2027
1455
1479
1753
1293
1678
1579
1730
1470
1479
1293
1030
1730
1592
1257
1962
1030
1106
1293
1994
1105
1567
1678
1272
1627
1272
1730
1272
1661
1528
1978
1592
1965
1147
1502
1420
1420
1420
1420
1533
1586
1420
2033
1229
1244
1596
1683
1678
1668
1975
1684
1528
1739
1509
1596
1524
1524
1524
1524
1378
1420
1510
1691
1244
1510
1420
1502
1984
1147
1730
1437
1089
1854
1674
1984
1975
1874
1396
1617
1026
1586
1272
1469
1034
1294
1894
1730
1814
1678
1894
1274
1678
1799
1647
1678
1763
1647
1678
1606
1647
1678
1470
1479
1678
1610
1255
1855
1424
1255
1855
1406
1730
1390
1824
1975
1406
1243
1880
1937
1984
1424
1880
1937
1828
1479
1751
1609
1901
1813
1592
1586
1412
1469
1627
1975
1469
1627
1343
1408
1088
1878
1128
1878
1691
1443
1878
1691
1688
1814
1691
1678
1610
1255
1193
1854
1427
1211
1610
1427
1455
1396
1814
1678
1980
1691
1678
1975
1691
1683
1617
1504
1683
1814
1255
1191
1535
1191
1254
1943
1739
1729
1975
1691
1267
1133
1535
1504
1469
1596
1351
1037
1841
1627
1814
1655
1560
1596
1932
1718
1753
1739
1191
1513
1270
1860
1250
1161
1674
1837
1967
1975
1486
1730
1967
1081
1848
1814
1470
1592
1435
1412
1683
1683
1683
1774
1528
1948
1706
1040
1170
1075
1271
1144
1933
1646
1710
1326
1678
1913
1611
1880
1470
1984
2027
1814
1486
1385
1212
1546
1307
1178
1865
1572
1254
1572
1075
1567
1572
1170
1678
1678
1678
1678
1678
1678
1624
1505
1505
1386
1482
1211
1683
1737
1719
1934
1719
1719
1584
1584
1584
1627
1627
1627
1744
1681
1424
1424
1848
1745
1773
1294
2004
1888
1655
1567
1567
1938
1938
1486
1297
1898
1402
1063
1890
2004
1678
1678
1326
1792
2027
1294
2004
1655
1655
1474
1745
1908
1028
1898
1459
1965
1075
1406
1229
1975
1730
1360
1420
1678
1678
1678
1678
1459
1683
1272
1555
1855
1445
1963
1862
1509
1683
1040
1627
1596
1211
1683
1270
1841
1098
1737
1683
1933
1075
1075
1271
1572
1572
1678
1584
1913
1737
1683
1325
1584
1719
1401
1123
1436
1469
1567
1840
1501
1840
1681
1840
1967
1406
1948
1681
1932
1387
1479
1396
1387
1948
1576
1576
1271
1170
1170
1254
1254
1683
1325
1246
1089
1681
1624
1497
1089
1246
1948
1980
1246
1307
1584
1913
1913
1307
1967
1980
1612
1913
1178
1325
1584
1913
1913
1193
1546
1878
1089
1238
1267
1878
1241
1933
1128
1878
9220
2383
2660
2923
2443
2829
2946
2861
2457
2740
2169
2999
2629
2676
2764
2881
2344
2364
2596
2579
2214
2321
2321
2240
2744
2321
2992
2445
2682
2937
2085
2547
2730
2856
2897
2864
2380
2380
2380
2953
2266
2212
3010
2222
2309
2722
2316
2316
2064
2832
3049
3049
3049
3049
3049
3049
3053
3053
2967
2292
2502
2764
2764
2646
2214
2764
2830
2214
2884
3010
2362
2096
2957
2326
2903
3035
2903
2292
2903
2903
2778
2214
2114
3051
3051
2255
2454
3016
2130
2380
2130
2671
2528
2506
3061
2297
3014
2903
2362
2077
2244
2962
2923
2445
2642
2923
2923
2695
2962
3071
2380
2371
2125
2562
2380
2208
2923
2962
2862
2100
2573
2785
2573
2962
2691
2923
2962
2923
2388
2728
2812
2661
2661
2208
2191
2589
2589
2608
2562
2859
2337
2223
2321
2938
2442
2524
2249
2805
3029
2536
2568
2875
2538
2337
2865
2935
2524
2512
2309
2657
2503
2362
2646
2977
2430
2496
2731
3029
2371
2331
2230
2380
2070
2590
2184
2510
2872
2464
2198
2269
2968
2957
2316
2214
3035
3059
2316
2316
2316
3024
3016
2228
2292
2775
2489
2259
2406
2334
2114
2764
3010
2339
2496
2321
2726
2108
2904
2524
2655
2524
2524
2520
2631
2922
2332
2921
2967
2536
2765
2224
2506
2130
2868
2521
3029
2807
2933
2313
2380
2118
2228
2297
2249
2418
2512
2525
2210
2794
2353
2579
2063
2822
2603
2616
2962
2962
2294
2657
3052
2244
2209
2219
2923
2923
2962
2921
2923
2923
2984
2457
2923
2923
2801
2309
2208
3052
2923
2923
2345
2214
2962
2799
2998
2546
2348
2113
3047
2089
2068
2414
2923
2923
2198
2349
2825
2607
2923
3066
2433
2528
2825
2380
2697
2406
2497
2272
2512
2616
2965
2812
2958
2082
2771
2589
2105
2148
2277
2060
2862
2898
2320
3061
2983
2077
2323
2596
2130
2787
2716
2508
2105
2766
2459
2498
2862
2730
2266
2562
2459
2322
2323
2406
2574
2822
2743
3023
3063
2406
2383
2404
2764
2263
2445
2406
2392
2967
2576
2660
2603
2380
2089
2760
2353
2222
2465
2228
2383
2864
2596
2596
2313
2513
2503
2596
2344
2126
2581
2732
2838
2306
2503
2923
2503
2591
2547
2282
2962
2182
2104
2864
2737
2554
2249
2943
3019
2596
2113
2147
2121
2492
2923
2838
2292
2176
2294
2923
2340
2923
2672
2242
3063
2079
2997
2439
2539
2079
2257
2072
2394
2627
2403
3028
3063
2049
2257
2219
2737
2912
2348
2784
2263
2297
2923
2398
3066
2608
2253
2156
2874
2188
2922
2671
2920
3034
2647
3006
2665
2884
3028
2730
2947
2868
2644
2884
2233
2769
2608
2644
2695
2060
2202
2311
2371
2168
2539
2497
2701
2432
2185
2257
2978
2326
3063
2249
2272
2962
2313
2863
2978
2785
2463
2292
2859
2978
2148
2455
2989
2105
2219
2579
2986
2551
2386
3066
3034
2957
2214
2208
2923
2197
2726
2939
2252
2096
2161
2208
2890
2760
2692
2717
2923
2645
2978
2923
2923
2863
2923
2625
2292
2596
2596
2923
2861
3015
2484
2861
2923
2923
2880
2289
2923
3047
2923
2923
2623
2923
2923
2861
2923
2935
2309
2624
2297
2257
2180
2321
2088
2057
2321
2105
2445
3047
2445
2835
3000
2065
2062
2255
2817
2316
2580
2316
2561
2485
2278
2089
2096
2161
3059
2096
2519
2957
2510
2406
2497
2356
2430
2850
2550
2240
2760
2884
2719
2448
2230
2339
2699
2114
2711
2573
2573
3024
2292
2114
3007
3007
2884
2726
2738
2505
2221
2805
2221
3016
2716
2967
2716
2277
2636
2406
2521
2371
2212
2440
2616
2585
2719
2297
3061
2658
3063
2913
3033
2957
2380
2356
2766
2460
2360
2705
2719
2719
2130
2689
2313
2219
2182
2629
2204
2164
2490
2388
2971
2864
2923
2923
2255
2476
2999
2596
2380
2136
2403
2282
2923
2609
2282
2571
2313
2573
2847
2348
2548
2923
2399
2148
2992
2923
2923
2765
2829
2684
2483
3047
2297
2460
3058
2333
2525
2324
2454
2875
2121
2792
2105
2297
2249
2259
2309
2316
2496
2496
2740
2228
2282
2717
2850
3051
2118
2175
2137
2646
2561
2360
2321
2884
2903
2609
3028
2313
2257
2849
2174
2579
2892
2579
2624
2859
3023
2849
2613
2096
2313
2474
2766
2716
2865
2466
2764
2636
2188
2278
2313
2278
2884
2118
2105
2198
2520
2865
2148
2198
2198
2574
2360
2130
2796
2801
3035
2764
2307
2712
2589
2765
2642
2958
3021
2150
3021
2209
3021
2326
9221
3961
3961
3982
3608
3961
3517
3660
3522
3676
3195
3377
3606
3462
3420
3961
4056
3187
3892
3892
3712
4067
3219
3876
3581
3476
3507
3700
3595
3850
3401
3158
3541
3200
3184
3998
3269
3645
3393
3359
3763
3918
3938
3529
3366
3851
4017
3788
4018
3117
3607
3586
3618
3596
3208
3354
3314
3181
4018
3692
3763
3443
3910
3093
3845
3471
3728
3763
3819
3861
3460
3861
3275
4038
3999
3581
3581
3581
3581
3581
3581
3716
3329
3329
3819
3819
3393
3834
3889
3269
3308
3166
3338
3590
3216
3532
3477
3581
3581
3657
3187
3887
3581
3677
3870
3443
3916
3796
3803
3511
3682
3152
3796
3235
3606
3500
3224
3617
3291
3099
3444
3231
3998
3338
3130
3730
3760
3675
3726
3248
3406
3122
3231
3591
4003
3195
3314
3788
3872
3410
3444
3176
3608
3625
3581
3400
3401
3661
3246
3733
3641
3208
3999
3913
3628
3254
3554
3789
3220
3775
3949
3899
3111
3861
3415
3756
3514
3247
3468
3390
3347
3352
3280
3389
3582
3143
3814
3884
3899
3685
3432
3979
3375
3273
3352
3246
3288
4038
3595
3581
3898
3475
3581
3763
3104
3093
3741
3355
3118
3583
3611
3153
3181
3321
3390
3416
3652
3301
4060
3358
4029
3767
3136
3900
3610
3743
3287
3516
3097
3188
3529
3644
4082
3908
3143
3587
3313
3587
3201
3136
3922
3513
3310
3104
3793
3771
3246
3180
3995
3617
3210
3475
3465
3796
3235
3702
3691
3444
3199
3567
3400
3444
3795
3702
3834
3444
3564
3440
3444
3231
3917
3348
3320
3195
3274
3502
3224
3080
3231
3953
3357
3930
3206
3246
3551
3757
3489
3632
3753
3625
3676
3645
3625
3328
3292
3247
3494
3224
3159
3949
3452
3148
3848
4024
3248
3783
3620
3916
3271
3440
3671
3715
3410
3538
3599
3525
3484
3833
3075
3868
3650
3998
3554
3171
3538
3580
3246
3833
3581
3440
3575
3916
3159
3213
3484
3549
3607
3097
3171
3321
3697
3277
3739
3358
3517
4013
3092
3894
4013
3957
3998
3906
3193
3115
3879
3879
3264
3200
3415
3757
3879
3642
3564
3349
3642
3836
3149
3246
3310
3358
3415
3074
3415
3201
3470
3478
3246
3796
3210
3444
3407
3321
3444
3930
3953
3879
4013
3246
3104
3548
3263
3246
3246
3444
3930
3136
3206
3246
3206
3625
3393
4089
4003
3235
3831
3136
3231
3369
3246
3819
3796
3660
3784
3773
3785
3460
4038
3345
3967
3712
3217
3930
3820
3564
3274
3716
3983
3377
3133
3659
3334
3246
3369
3910
3967
3723
3751
3406
3369
3111
3393
3348
3704
3087
3937
3632
4065
3741
3729
3293
3195
3892
3756
3335
3971
3876
3771
3288
4038
3358
3244
3153
3845
3177
3514
3101
3661
3977
3225
4000
3829
3608
3937
3745
3313
4038
3598
3136
3515
3219
3967
3872
3414
3147
3851
3346
3582
3741
3243
3913
3513
3942
3462
3072
3334
3831
3796
3771
3906
3581
3231
3796
3246
4030
3231
3098
3945
3620
4067
3171
3682
3231
3166
3428
4038
4003
3201
3745
3231
3788
3618
3715
3266
3419
3231
3638
3771
3101
3246
3231
3743
3231
3791
3839
3930
3737
3739
3440
3864
3231
3076
3137
3097
3949
3247
3114
3246
3504
3400
3628
3496
3784
3185
3847
3094
3632
3179
3370
3180
3680
3680
3234
3312
3553
3553
3553
3200
3200
4082
3212
3629
3921
3374
3559
3819
3684
3620
3916
3662
3401
3093
3271
3811
3327
3307
3288
3763
3359
3153
3120
3358
3280
3346
4082
4013
3287
3220
4030
3511
3446
3220
3422
3347
3201
3247
3593
3177
3692
3093
3307
3180
3547
3297
3809
3581
3771
3553
3763
3247
3201
3171
3581
3772
3464
3607
3861
3602
3921
3908
3535
3602
3186
3796
3796
3347
3382
3937
3937
3728
3611
3608
3818
3796
3796
3256
3256
3578
3444
3231
3241
3231
3231
3187
4066
3261
3879
3231
3489
3200
3759
3231
4059
3444
3686
3231
3572
3686
3447
3462
3425
3185
3979
3365
3149
4016
3581
3177
3878
3704
3447
3403
3114
3348
3093
3432
4038
3385
3819
3456
3096
3219
3892
3771
3922
3628
3772
3238
3876
3756
3444
3582
3809
3352
3941
3522
3389
3977
3260
3738
3485
4024
3251
3728
3783
4020
3971
3694
3256
3111
3916
3400
3489
3219
3262
3680
4055
3657
3876
3101
4084
3475
3654
4029
3918
3737
3269
3772
3511
4038
3159
3181
3393
3354
3243
3797
3243
3456
4024
3444
3444
3425
3797
3381
3854
3772
3618
3093
4050
3444
3177
3763
3913
9222
4370
4404
4681
4514
4237
4171
4886
4797
4507
4161
4603
4923
4719
4514
4748
4637
5076
4973
4993
4137
4139
4509
4190
4325
4230
4587
4729
4363
5036
4192
4794
4851
4355
4779
4707
4841
4790
4513
4317
4688
4571
4733
4105
4973
4493
4575
4224
4616
5107
4472
4754
4133
4846
4893
4940
4803
4857
4616
4603
5103
4972
4700
4805
4259
4218
4333
5099
4427
4591
4113
5100
4200
4633
5009
4784
4179
4701
4447
4387
4638
4478
4794
4633
4096
4103
4103
5007
5119
4109
4665
4997
4636
4591
4692
4137
4381
4308
5082
4903
4746
4340
4458
4877
4167
4413
4874
4779
4193
4131
4784
4741
4722
4806
4180
4973
4402
4232
4633
4564
5074
4098
4616
4466
4743
4235
4823
4192
4598
5064
4180
4238
4217
4264
4435
4629
4777
5028
4661
4961
4900
5025
5025
4116
4273
5007
4583
4418
4703
4211
4402
4720
4821
4821
4122
4762
4239
4966
4199
4349
5013
4780
4142
4741
4515
4179
4421
4382
4382
4288
4353
4594
4633
4585
4793
5003
4827
4946
4542
5077
4692
4638
4196
4736
4116
4692
4692
4692
4316
4330
4678
4636
4825
4993
4116
4561
4958
4222
4688
4348
4665
4716
4140
4509
4968
4933
4207
4352
4627
5117
4833
4710
4616
4124
4124
4444
4149
4561
4200
5056
5005
4124
4397
4585
4798
4736
4207
4743
4656
4741
5030
4399
4444
4409
4946
4620
4409
4827
4380
5028
4410
4573
4299
4385
4605
4445
4741
4366
4942
4806
4761
4314
4407
4504
4823
4389
4873
4509
4884
4621
4779
4298
4264
4106
4752
4442
4490
4535
4423
4504
4415
4204
4603
4658
4633
4616
4532
4761
4965
4512
4692
4777
5119
4884
5009
4965
4766
4761
4742
4458
4502
4751
4157
4903
4943
4548
4843
4347
4813
5026
5119
4337
4620
4850
4380
4884
4903
4178
5104
4234
4275
4354
5032
4688
4547
4843
4897
4180
5024
4743
4167
4526
4348
4652
4341
5014
4327
4234
4388
4485
4457
4374
4626
4423
4441
4936
4731
4234
4647
5075
4547
4850
4333
4233
5045
4506
4126
4965
4490
4965
4160
4886
4963
4116
4341
4650
4863
4958
4653
4619
4918
4843
4916
4566
4556
4553
4976
4716
4806
4315
4748
4607
4126
4638
4518
4333
4432
4995
4458
4264
4958
4376
4128
4222
5021
4576
4643
4656
4246
4976
4619
4264
4976
4502
4874
4827
4236
4988
4376
4964
4393
4126
4864
4566
4501
4646
4958
4709
4894
4777
4645
4709
4995
4951
4958
4434
4142
4768
4819
4232
5006
4819
4692
4886
4226
4570
5117
4948
4139
4324
4421
4224
5007
4554
4937
4542
5049
4288
4749
5030
4916
4645
4480
4246
5078
4296
4491
4490
4259
4673
4790
4537
4673
4116
4260
4818
4428
4120
4194
4931
5034
4283
4806
4891
4774
4800
4103
4806
4663
5028
4587
4550
4156
4488
4332
5007
4607
4657
4766
4457
4727
4200
4334
4777
4699
4116
5014
4893
4196
4604
4621
4728
4136
4566
4733
4777
4710
4420
4741
4874
4507
4264
4264
4551
4921
4316
4380
4355
4264
4977
4274
4211
4251
4514
4401
4854
4751
4166
4250
4135
4587
5064
4897
4211
4993
4211
4860
4563
4317
4616
4723
4180
4874
4128
4139
4994
4451
4841
4240
4098
4180
4422
4273
5082
4670
4543
4741
4566
5099
4276
4552
4537
4345
4234
4867
4937
5023
5023
4399
4234
4791
5017
5087
4833
4964
4700
4496
4288
4550
4230
4103
4632
4337
4633
4633
4908
4427
4745
4427
4333
4730
4814
4846
4653
4896
5108
4638
4439
4400
4399
5007
4633
5111
4143
4416
4804
4655
4881
4952
4623
4915
4437
4211
4565
4172
4444
4151
4909
4178
4733
4157
4155
4134
4547
4287
4730
4665
4473
4233
4196
4650
4120
4656
4162
4651
4380
4806
4691
4761
4211
4451
4264
4346
4725
4268
4650
4877
4644
4397
4222
4440
4923
4264
4505
4850
4111
4105
4533
4180
4236
4958
4753
4753
4800
4849
4761
4168
4672
4309
4494
4380
4825
4930
4340
4409
4409
5028
5087
4330
4509
4797
4620
4381
4633
4746
4276
4799
4389
4805
5014
4558
4979
4275
4958
5010
4688
4239
4701
4707
4565
5103
5020
4315
4406
4849
5063
4591
4805
4459
4700
4591
4736
4967
4946
4616
4946
4560
4452
4472
4227
4543
4662
4692
4627
4425
4409
4598
4788
4691
4816
4598
4566
4472
4421
4442
4444
5030
4865
4224
4872
4736
4116
4945
4709
4918
4838
4409
4259
4211
4536
4409
4349
4891
4345
5023
4277
4883
5107
4234
4116
4409
4857
