9217
9218
950
817
817
817
817
817
817
817
817
817
817
817
817
817
817
817
817
817
817
817
817
817
817
817
817
817
817
817
817
817
817
817
817
817
817
817
817
817
817
817
817
817
817
817
817
817
817
817
817
817
817
817
817
817
817
817
817
817
817
817
817
817
817
817
817
817
817
817
817
817
817
817
817
817
817
817
817
817
817
817
817
817
817
817
817
817
817
817
817
817
817
817
817
817
817
817
817
817
817
817
817
817
817
817
817
817
817
817
817
817
817
817
817
817
817
817
817
817
817
817
817
817
817
817
817
817
817
817
817
817
817
817
817
817
817
817
817
817
817
817
817
817
817
817
817
817
817
817
817
817
817
817
817
817
817
817
817
817
817
817
817
817
817
817
817
817
817
817
817
817
817
817
817
817
817
817
817
817
817
817
817
817
817
817
817
817
817
817
817
817
817
817
817
817
817
817
817
817
817
817
817
817
817
817
817
817
817
817
817
817
817
817
817
817
817
817
817
817
817
817
817
817
817
817
817
817
817
817
817
817
817
817
817
817
817
817
817
817
817
817
817
817
817
817
817
817
817
817
817
817
817
817
817
817
817
817
817
817
817
817
817
817
817
817
817
817
817
817
817
817
817
817
817
817
817
817
817
817
817
817
817
817
817
817
817
817
817
817
817
817
817
817
817
817
635
974
610
610
764
764
764
129
129
129
974
129
858
764
764
764
764
129
129
129
129
676
661
895
427
129
129
129
129
129
129
129
129
129
129
974
129
129
129
148
764
764
764
129
129
129
129
129
764
764
764
764
764
764
129
129
129
129
129
661
895
427
427
129
129
129
129
129
129
129
129
129
129
974
129
129
764
764
764
764
764
764
129
129
129
129
764
764
764
764
764
764
764
129
129
129
676
568
427
427
129
129
129
129
129
129
129
129
129
129
129
129
129
764
764
764
764
764
764
764
129
129
764
764
764
764
764
764
764
764
129
129
129
661
568
427
129
129
129
129
974
129
129
129
129
129
129
974
129
129
129
764
764
764
764
764
764
129
129
129
764
764
764
764
764
764
764
129
974
129
129
661
568
427
129
129
129
129
129
129
974
764
764
764
129
129
129
129
129
129
764
148
764
764
129
129
129
129
129
764
764
148
764
129
764
129
9219
1860
1217
1369
2010
1391
1771
1860
1993
1696
1287
1298
2003
1397
1397
1160
1334
1924
1397
1334
1397
1248
1899
1155
1047
1968
1436
1703
1287
1525
1246
1743
1057
2032
1813
1998
1664
1993
1703
1813
1813
1838
1217
1403
1703
1813
1287
1664
1993
1057
1996
1813
1764
1664
1798
1703
1813
1813
1764
1588
1798
1703
1813
1764
1664
1993
1896
2032
1709
1998
1217
1782
1594
1298
1298
1981
1181
1367
1564
1813
1998
1838
1996
1782
1191
1813
1813
1860
1217
1798
2010
1813
1287
1188
1694
1696
1298
1298
1981
1181
1324
1155
1298
1298
1188
1521
1780
1248
1564
1119
1291
1217
1369
1186
1264
1264
1264
1782
1057
1264
1264
1860
1217
1782
2010
1813
1264
1860
1217
1369
2010
1287
1998
1849
1029
1057
1391
1186
1998
1860
1029
1746
1391
1287
1998
1217
1369
1057
1391
1452
1860
1918
1057
1264
1707
2015
1155
1900
1188
1924
1900
1835
1155
2041
1188
1035
1637
1516
1396
1610
1651
1237
1838
1771
1993
1788
1651
1529
1529
1529
1764
1298
1487
1694
1981
1155
1924
1653
1181
1981
1298
1324
1515
1981
1331
1257
1217
1186
1998
1057
1452
1427
1287
1452
1782
1452
1998
1057
1452
1217
1764
1452
1369
1452
1860
1410
1651
1217
1813
1896
1798
1300
1284
1345
1653
1334
1991
1653
1748
1723
1924
1748
1981
1924
1334
1860
1252
1981
1248
1252
1334
1981
1252
1334
1981
1628
1653
1334
1047
1439
1291
1597
1610
1626
1664
1896
1626
1664
1896
1626
1565
1354
1813
1565
1626
1813
1565
1516
1298
1324
1334
1298
1324
1659
1691
1610
1396
1838
1461
1461
1272
1445
1294
1778
1396
1396
1461
1396
1778
1565
1778
1445
1778
1461
1369
2028
1998
1696
1653
1188
1155
1252
1188
1835
1955
1291
2010
1287
1993
1291
1426
1029
1764
1998
1780
1764
1998
1780
1788
1835
1899
2023
1899
1252
1981
1155
1252
1981
1155
1252
1181
1248
2023
1955
1968
1993
1044
1029
1690
1780
1044
1979
1044
1369
1044
1696
1417
1696
1723
1899
1371
1780
1884
1759
1097
1780
1047
1331
1047
1331
1300
1331
1300
1331
1807
1331
1807
1331
1298
1331
2023
1298
1150
1298
2023
1298
2023
1404
1047
1764
1216
1785
1035
1291
1690
1291
1720
1291
1835
1588
2007
1181
1748
1334
1748
1334
1748
1694
1456
1694
1653
1694
1252
1403
1209
1812
1237
1237
1854
1452
1461
1396
1610
1445
1610
1771
1759
2046
1896
1895
1720
1076
1155
1456
1835
1456
1835
1456
1188
1452
1291
1264
1264
1525
1525
1246
1838
1237
1838
1396
1838
1396
1860
1651
1427
1651
1597
1813
1813
1838
2031
1782
1191
1813
1813
1691
1217
1782
1915
1813
1813
1838
1996
1455
1998
1753
1993
1191
1263
1396
1838
1565
1610
1617
1396
1719
1255
1782
1896
1813
1813
1664
1565
1057
1392
1813
1835
1188
1694
1720
1287
1298
1835
1181
1798
2046
1298
1298
1188
1694
1696
2046
1287
1835
1188
1324
1155
1298
1298
1188
1181
1324
1248
1287
1807
1764
1798
1703
1287
1807
1188
1694
1759
1298
1298
1835
1588
1324
1896
1813
1813
1998
1280
1798
1057
1287
1287
1835
1588
1798
1703
1287
1287
1188
1743
1815
1896
1298
1287
1188
1588
1780
1554
1287
1807
1188
1694
1610
1813
1813
1998
1280
1558
1594
1404
1287
1860
1743
1696
2010
1807
2032
1664
1788
1896
1188
1993
1594
1788
1047
1835
1788
1759
1835
1626
1626
1626
1788
1993
1057
1287
1287
1998
1588
1798
1594
1298
1298
1835
1588
1403
2035
1298
1981
1324
1628
2023
1981
1324
2023
1298
1788
1626
1813
1815
1788
2017
2032
1047
1993
1481
1896
1720
1349
1188
1807
1801
1993
1216
1764
1759
1047
1860
1287
1801
1324
1788
1764
1759
1801
1588
1838
1813
1782
1896
1801
1788
1047
1287
1798
1701
1764
2046
1801
1588
1690
1298
1780
2035
2017
2046
1801
1217
1764
1047
1798
1701
2017
1780
1788
1920
1161
1764
1759
1349
1860
1167
1334
1188
2046
1903
1588
1298
1903
1588
1047
1331
1815
1188
1331
1815
1188
1298
1815
1317
1835
1924
1317
1764
1626
1626
1410
1217
1764
1801
1993
1764
1801
1029
1788
1287
1798
1788
1998
1780
1047
1835
1759
1047
1188
1759
1903
1188
1331
1903
1188
1331
1924
1588
1835
1924
1588
1807
1924
1694
1807
1298
1324
1981
1155
1780
1807
1896
1993
1764
1696
1899
1764
1696
1801
1188
1777
9220
2149
2526
2149
2208
2190
2455
2530
2317
2530
2530
2762
2940
2274
2171
2404
2463
2457
2965
2283
2455
3066
3069
2206
2521
2639
2321
2855
2719
2681
2642
2680
2535
2967
2120
3050
2268
2083
2527
2740
2989
3063
2276
2949
2177
2771
2716
2347
2186
2344
2276
2681
2716
2137
2137
2884
2740
2214
2869
2165
2829
2137
3069
2214
2270
2137
2986
2884
2455
3066
2719
2331
2050
2060
2771
2642
2147
2577
2505
2815
2190
2190
2181
2181
2911
2594
2063
2987
2987
2050
2861
2050
2050
2121
2186
2630
2661
3069
2935
2627
2619
2097
2620
2439
2642
2887
2225
2886
2781
2584
3062
2964
3059
2334
2594
2601
2445
2161
2884
2677
2746
2137
2137
2137
2137
2137
2964
2137
2884
2884
2214
2903
2681
2445
2137
2884
2884
2309
2903
2531
2716
2137
2137
2884
2214
2214
2719
2716
2137
2137
2137
2884
2884
2594
2455
2949
2314
2309
2199
2581
2135
2642
2126
2135
2255
2521
2873
2453
2050
2050
2349
2445
2802
2905
2978
2190
2190
2261
3000
2887
2485
2404
2437
2589
2225
2249
2199
2452
2512
2788
2986
2528
2889
2467
2777
3026
2716
2312
2312
2884
2137
2137
2716
2571
2453
2771
2137
2571
3009
2252
2434
2097
2729
2571
2137
2137
3062
2137
2137
2884
2681
2783
2991
2918
2619
2788
2709
2619
2528
2709
2717
2528
2813
2717
2746
2484
2985
2925
2484
2097
2612
2452
2097
2949
2889
2097
2619
2907
2148
2638
2190
2484
2199
2050
2190
2190
2190
2457
2314
2671
2274
2671
2671
2516
2521
2190
2360
2190
2818
2699
2120
2270
2270
2882
2190
2190
2349
2190
2463
2596
2642
2496
2230
2496
2585
2757
2232
2883
2746
2785
2216
2585
2147
2455
2772
2772
3066
2064
2195
2642
2097
3069
2949
2097
2447
2348
2667
2619
2119
2987
2987
2884
2214
2050
2256
2214
2050
2050
2050
2050
2272
2717
2199
2564
2642
2581
2343
2642
2612
2177
2347
2514
2097
2661
2407
2669
2143
2669
2143
2526
2214
2282
2149
2348
2089
2730
2936
2707
2456
2986
2777
2224
2680
2365
2530
2454
2224
2505
3024
2505
2762
2347
2791
2567
2677
2892
2111
2802
2850
3063
2619
2883
2677
2883
2528
2883
2528
2497
2165
2455
2779
2093
2338
2772
2883
2642
2320
2801
2434
2309
2801
2604
2949
2864
2350
2186
2147
2186
2350
3069
2694
2126
2350
2491
3024
2245
2050
2563
2949
2585
2105
2585
2846
2952
2208
2643
2190
2978
2855
2489
2714
2804
2252
2990
3034
2564
2274
2791
2870
2064
2127
2384
2137
2278
2055
2861
2594
2771
2312
2594
2321
2137
2729
2312
2703
2716
2716
2277
2380
2219
2721
2083
2986
2594
2729
2257
2529
2717
2716
2137
2403
2717
2321
2165
2884
3059
3053
2137
2882
2528
2910
2882
2941
2661
2716
2940
2362
2159
2214
2516
2717
2404
2531
2105
2086
2825
2596
2949
2350
2738
2741
2619
2869
2314
2964
2162
2619
2109
2820
2232
2989
2250
3069
2813
2130
2813
2284
2253
2628
2411
2619
2411
2162
3069
2862
3047
2833
2601
2619
2573
2314
2321
2343
2314
2619
2649
2741
2862
2097
2406
2332
3050
2697
2580
2344
2741
2717
2277
2887
2573
2097
2771
3001
3028
3066
2728
2097
2314
2990
2467
2889
2109
2097
3007
2935
2350
2728
2949
2939
2130
2801
2505
2933
2165
2302
2771
2665
2869
2130
2746
2677
2455
2738
2085
2233
2360
2233
3050
2484
2608
2227
2350
2802
2470
2531
2802
2925
2952
2467
2612
2274
3069
2801
2636
2130
2143
2060
2619
2321
2887
2185
2881
3069
2883
2150
2885
2135
2411
2771
2135
2612
2939
2162
3029
2344
2484
2644
2967
2531
2186
2564
2781
3047
2567
2350
2277
2788
2494
2649
3063
2820
3007
2741
2347
2788
2619
2484
2456
2505
2233
2741
2225
2134
2225
3029
2677
2314
2607
2820
2717
3041
2642
2751
2788
3069
2783
2820
2945
2216
2644
2855
2638
2741
2091
2829
2528
2806
2939
2833
2868
2642
2321
2445
2952
2091
2741
2989
3050
3047
2097
2165
2741
2885
2097
2990
2783
2254
2091
2209
2347
2162
2628
2088
3007
2350
2150
2607
2350
2277
2165
2274
2764
2206
2677
2628
2147
2530
2788
2484
2459
2820
2619
2644
2233
2820
2771
2109
2862
2889
2347
2199
2567
2347
2088
2925
2350
2445
3055
2741
2165
2788
2889
2735
2788
2186
2907
2862
2619
2628
2709
2225
2274
2644
2717
2717
2130
3050
2642
2989
2567
3050
2885
9221
3104
3598
3264
3253
3880
3961
3264
4055
3672
3409
3345
3629
3495
3715
3872
4077
3638
3704
3589
3526
3486
4077
3727
3156
3436
4005
3618
3280
3323
3382
4003
3590
3375
4024
4003
4003
4003
4003
4003
4003
4003
4003
3293
4003
4003
4003
4003
4003
4003
4003
3377
4003
3293
4003
4003
3329
3293
3293
4003
3293
4003
3293
4003
3622
3293
3269
4003
3293
3352
4003
3565
3771
3552
3965
3351
3966
3950
3704
3976
4003
3588
3291
3449
3588
3543
3543
3801
4003
3129
3338
3521
4094
3982
4033
3990
3847
4042
3868
3727
3782
3639
3542
3880
3715
3345
3950
3482
3303
3629
3576
3252
3706
3422
3266
3266
3517
3570
3570
3588
3588
3588
3570
3588
3588
3517
4003
3590
3570
3706
3517
3517
3570
3307
3413
3815
3266
3703
3570
3288
3559
3590
3847
3880
3169
3511
3682
3622
3517
3454
4003
3169
3169
4003
3288
3530
3368
3526
3158
3111
4072
4042
3904
3901
3673
3447
3179
3444
3629
3179
3256
3264
4002
3375
3990
3224
3492
3527
3231
3576
3957
3647
3993
3440
3929
3201
4088
4079
3901
3747
3802
3505
3747
3951
3614
3668
3262
3304
3266
3930
3930
3797
3797
3454
3307
3275
3226
3892
3672
3307
4084
3275
3081
3307
3226
3226
3314
3797
3246
3552
3534
3684
3534
3436
3673
3468
3554
3526
3727
3893
3933
3727
3924
3325
3464
3261
3268
3440
4052
4072
3893
3727
3727
3904
4008
4008
3727
3965
3300
3133
3492
3253
3625
3555
3625
3625
3625
3625
3625
3555
3990
3246
3964
3264
3264
3246
3246
3104
3625
3990
3495
3795
3997
3552
3625
3625
3625
3338
3964
3377
4059
3949
3608
3094
3553
3603
4019
3415
3372
3930
3246
4019
3637
3133
3912
3338
3117
3296
3177
3929
4008
4054
3839
3570
3117
3117
3400
3830
3872
3307
3454
3588
4003
3375
3523
3523
3805
3269
3514
3864
3919
3698
3880
3526
3782
3715
3904
3904
3727
3868
4008
3156
3869
3100
3942
3576
3734
3269
3793
3892
3305
4093
3178
4034
3309
3288
3111
3883
4084
3901
3699
3836
4088
3302
3952
3900
3403
3581
3925
3581
3966
3327
4006
4088
4093
3712
3146
3712
3094
3931
3495
3526
3526
3887
4042
3997
3692
3770
3363
3818
3704
3719
4047
3542
3637
3119
3119
3171
3320
3360
3081
3201
3727
3387
3987
3526
3296
4008
4008
3952
4042
3089
3880
3668
4047
3999
3269
3947
3930
3947
3930
3947
4003
3215
4091
3545
3206
3488
3957
3237
3704
4036
3261
3313
3904
4061
3887
4061
3741
3484
3763
3740
3517
4027
3892
3999
3275
3130
3943
3625
3288
4003
3625
3625
3130
3930
3930
3275
3382
3293
4002
3307
3930
3930
3177
3742
3287
3288
3930
3226
3930
3985
3287
3930
3413
3293
3193
3377
3422
3985
3266
3090
3603
4041
3625
3293
4085
3206
3625
3444
3625
3444
3444
4000
3705
3442
3560
3862
3248
3450
3862
3990
4077
3613
4072
3704
3777
4088
3952
3154
3647
3704
3843
3862
3438
3633
3268
3976
3778
3577
3904
3782
4091
3862
3182
3675
3712
3386
3325
3890
3237
3890
3931
3893
3413
3931
3890
3890
3107
3774
3504
3904
3154
3890
3154
3987
3764
3595
3280
3737
3676
3577
3862
3890
3557
3454
3268
3740
3940
3111
3924
3862
3652
4042
3890
3890
3115
4079
3971
4030
3255
3348
3595
3778
3605
3933
3829
3829
3078
3525
3890
3235
3255
3454
3868
3965
4019
3843
4053
3903
3628
3843
3802
3966
4042
3637
3669
3260
3919
3450
3987
3890
3890
3747
3901
3482
4094
3890
3486
3486
3526
3422
3747
3772
3673
3698
3966
3965
3824
4039
4061
3890
3450
3464
3603
3965
3450
3437
3791
3704
4079
3715
3745
3869
4072
3268
3783
3198
3641
3964
3868
3530
3310
3847
3673
3818
3862
3868
3804
3752
3862
3377
3669
3260
3935
3260
3094
3495
3802
3890
3843
3450
3996
3450
3727
3862
3413
3740
4077
3682
3924
3325
3804
3719
3712
3715
3158
4083
3774
3100
3398
3987
3862
3565
3764
3829
3965
3689
3965
3829
3965
3862
3829
3310
3345
3847
3259
3802
3674
3795
4013
3787
3890
3690
3727
3829
3674
3526
3260
3450
4083
3996
3862
3554
3260
3727
4056
3890
3450
3931
3619
3704
3450
3100
3802
3735
3940
4008
3802
3890
3890
3970
3890
3431
3719
3890
3675
3428
4042
3431
3735
3431
3182
3777
3868
3495
3862
4091
4094
3719
3736
4091
3431
3966
3890
3100
3495
3777
3890
3673
3868
4042
9222
4949
4475
5020
4364
4878
4556
4914
4660
4306
4408
4625
5029
4296
4938
5058
4533
4539
4249
4460
4983
4122
5012
4369
5069
4720
4907
4711
4510
4153
4730
4478
5045
4818
4350
5029
4432
4903
5005
4096
4636
4799
4946
5067
4184
5025
5008
4096
4196
5005
4691
4782
5008
4489
4720
4567
4149
5070
4196
4567
5034
5017
4707
4860
5025
4782
4390
5017
4196
4390
4617
4806
4263
4399
4938
4132
4770
4319
4390
4806
4277
4744
4660
4187
5049
4470
5108
4144
4120
4139
4584
4114
4925
5070
5093
4943
5115
4747
4492
4755
4460
4899
5058
5003
4132
4127
4106
4751
4469
4264
4686
4314
4600
4647
4561
5022
5022
4484
4562
4665
4707
4707
4665
4822
4333
4598
4287
4096
4946
4600
4767
4935
4946
4314
5067
4562
4130
5022
5077
4469
4419
4423
4314
5022
4346
5010
5022
4508
4314
5022
4826
4864
4591
4561
5093
5108
5022
4484
4747
4903
5052
4606
4927
4934
4853
4800
4935
5097
4403
4725
4952
4947
4459
4281
4141
4319
5102
4670
4302
4855
4849
4686
4414
4457
4782
5041
4539
4858
4858
5115
4900
4318
4755
4905
4132
4779
5100
4183
4333
4551
4551
4737
5022
4779
4833
4988
4224
4737
4196
4423
4195
4211
5025
4740
4176
5067
4598
4218
4907
4806
4484
4743
4302
4101
5095
4654
4967
4829
4747
4905
4615
4720
4170
4132
5015
4487
5115
4927
4955
4615
4927
5110
4830
4201
4170
5114
5114
4889
5007
4198
4983
4422
4120
4660
4807
4807
4973
4660
4660
4621
4660
4663
4256
4319
4494
4651
4655
4823
4601
4906
4699
5119
4274
4497
4513
4332
4660
4532
4264
5049
4647
4954
4274
4567
4405
4451
4549
5017
4567
4256
4147
4567
4322
4149
4443
4911
4948
4234
4484
4845
4546
4899
4905
4408
4821
4489
4422
4422
4108
4588
4596
4646
4114
4675
4998
4424
4193
4526
4508
4224
5017
4905
5115
5110
5058
5115
4615
5052
4170
4926
4934
4216
4810
5027
5110
5112
4964
4737
4193
4782
4692
4196
4196
4977
4662
4770
4119
4817
4727
4301
4198
5020
4728
4801
5050
4860
4494
4831
4510
4243
4419
4407
4839
4200
4829
5087
4655
4766
4655
4621
4926
5058
4219
4733
4615
5058
4351
4302
4540
4829
5105
4335
4349
5112
4793
4234
4128
5112
4850
4234
5021
4845
4170
4770
4484
5114
5114
4926
5052
4601
4484
4484
5110
4212
4508
4558
4533
4264
4500
4584
4720
4443
4894
4965
4451
4952
4267
4660
4376
4447
4881
4770
4374
4711
5058
5029
4351
4625
4957
4522
4194
4592
4755
5042
4198
4287
5064
4471
5064
4616
4476
4808
4665
4692
4227
4730
4402
4193
4692
4616
4965
4931
4707
4432
5064
4779
4096
4551
5106
4796
4895
4866
4376
4665
4954
4414
4348
4376
4376
4356
4149
4629
4348
4414
4621
5007
4390
4187
4581
4756
4472
4318
4941
4241
4391
5070
4203
4173
4157
5079
4373
4242
4334
4931
4756
4819
4512
4548
4150
4414
4512
4150
4889
4334
4926
4720
4899
4955
4494
4106
4934
5114
4436
5031
4296
5018
4661
4549
4537
4849
4549
4221
4548
4324
4720
4977
4906
4203
4536
4567
4150
4771
4939
4193
4150
4549
4873
4249
4364
5037
5110
4873
4889
4903
4484
4904
4302
4197
4150
4817
4173
4858
4457
5059
5012
5026
4615
4919
4618
4618
4711
5081
4335
4820
4192
4560
4702
4906
5061
5029
4875
4334
5009
4549
4545
5031
4150
4839
4267
4267
4296
4537
4157
5087
4567
4522
4346
4864
4487
4945
5081
4334
4335
4599
4817
4919
4817
4654
4526
5089
5029
4119
4934
4635
5089
5089
4876
5089
4829
4871
5089
4983
4621
4814
4197
4911
4886
4549
4549
4329
4411
4460
4549
4950
4934
4934
5040
4899
4618
4771
4983
4911
4299
5041
4792
4889
4315
5003
4335
4593
4861
4536
4549
4878
4536
4519
5069
4170
4536
4615
4911
4134
4821
4221
4549
4858
4519
4977
4955
5081
5112
4175
4384
4945
4618
4618
4332
4983
4215
4496
4536
4368
4604
4258
4955
5110
4335
4150
4835
4876
4335
4926
4955
5114
4927
4841
4792
4170
4335
4536
4335
4335
4335
5024
4524
4221
4771
4507
4351
4536
4696
4886
5104
5081
4201
4335
4545
4305
4698
5040
4911
5081
4135
4335
5040
4751
4636
4862
4872
4335
4776
4335
4221
4970
4335
4477
4835
4561
4302
4803
4436
4593
4335
4335
4335
4636
4601
4460
4739
4335
4490
4720
5029
4650
4201
4871
5081
5040
4871
4919
5029
4899
