318
176
468
695
538
967
967
798
441
50
430
834
834
802
802
226
468
201
538
193
967
699
332
132
313
258
36
397
439
798
87
614
72
468
878
538
871
950
303
900
286
915
441
52
50
145
441
50
802
802
226
10
695
695
538
967
967
145
411
593
258
430
834
673
521
521
303
834
834
802
614
176
468
695
538
538
967
967
798
411
50
430
834
802
802
226
468
201
577
967
967
122
295
332
313
258
169
512
439
195
145
411
50
834
802
802
226
176
201
577
577
967
441
52
50
446
441
52
446
802
725
176
10
695
538
538
967
849
332
963
258
258
36
78
439
521
303
834
834
802
802
226
10
879
695
538
538
967
798
411
50
430
834
802
802
226
131
468
878
538
967
967
849
332
963
258
258
673
78
439
798
87
50
834
834
802
725
176
468
546
124
748
184
441
50
446
441
52
446
802
802
226
10
695
538
538
967
849
332
963
258
258
36
78
512
521
303
834
834
802
802
226
131
879
695
538
967
967
441
50
578
834
834
834
802
226
131
468
878
538
193
967
822
534
313
258
258
397
439
512
145
411
430
834
834
802
725
176
468
201
538
538
967
441
50
446
145
52
339
802
802
226
10
695
531
538
967
967
798
87
50
258
430
834
1022
521
521
303
41
834
802
802
226
10
879
538
538
967
967
798
411
50
430
834
834
802
226
176
468
878
538
748
967
295
332
963
258
258
36
78
873
441
50
430
834
802
802
725
176
468
201
538
748
967
441
50
446
145
52
339
116
802
226
10
695
538
538
967
849
332
963
258
258
36
78
439
521
521
46
834
802
802
226
10
879
546
538
967
798
441
50
50
955
955
802
802
226
176
468
695
538
967
967
822
487
313
258
258
36
64
685
704
926
466
466
466
123
685
704
926
926
466
466
466
685
704
926
233
233
233
123
226
948
18
757
757
188
338
861
861
589
589
589
589
589
589
107
227
963
258
258
621
883
783
176
114
546
538
967
512
861
950
303
900
834
834
834
802
479
176
201
878
538
967
105
332
132
593
258
36
621
883
874
227
409
970
36
310
725
103
10
695
538
538
967
967
798
411
50
258
430
834
802
226
176
695
695
538
967
967
332
487
593
258
36
36
439
385
521
303
834
834
802
802
226
10
695
695
538
284
