627
289
289
289
289
289
289
289
289
289
289
512
289
289
289
289
512
289
289
289
289
289
289
289
289
441
52
446
644
441
339
441
52
644
226
176
468
831
828
890
150
150
150
123
184
964
776
124
855
774
150
150
150
741
822
254
313
229
229
124
913
714
714
714
964
776
776
855
184
52
339
441
52
446
287
176
468
831
831
62
150
150
150
350
295
254
963
229
229
913
913
714
714
714
26
964
776
855
855
441
52
339
855
855
311
226
381
468
831
828
748
422
339
446
644
165
964
776
855
855
441
50
446
819
644
226
770
468
831
748
226
176
468
831
748
295
166
963
229
229
913
913
714
714
416
416
964
776
855
855
441
52
446
441
339
644
287
176
468
831
748
39
928
409
229
229
913
964
776
1000
855
802
226
468
831
831
748
849
520
951
374
229
913
913
714
714
339
714
107
964
855
855
855
441
52
446
441
446
287
176
381
35
462
828
184
52
446
644
644
871
964
776
855
855
512
150
150
887
123
849
520
730
593
229
913
913
714
714
416
416
964
776
831
184
52
339
441
52
819
644
226
176
468
831
828
748
441
52
339
644
83
176
468
831
828
748
184
52
339
644
644
205
964
776
855
855
441
52
339
446
644
226
381
468
831
831
184
52
339
446
362
416
964
776
831
855
441
52
50
339
644
287
176
468
831
748
514
928
339
229
310
822
928
2
229
229
39
928
409
229
310
892
226
862
114
831
748
184
441
339
446
644
226
862
695
831
310
184
441
339
145
52
1010
928
229
310
514
126
657
1010
514
409
657
1010
227
409
970
657
39
928
409
229
310
913
39
704
926
466
466
685
954
339
466
287
176
18
757
757
338
188
861
589
589
589
589
364
589
589
512
231
226
156
113
577
231
822
227
410
374
229
913
913
385
714
416
416
776
776
139
231
441
52
339
955
441
339
783
176
468
831
761
420
861
1013
231
295
254
963
433
229
229
913
714
714
416
416
964
964
831
855
231
441
52
339
644
699
226
381
468
831
828
184
441
339
446
644
964
964
776
855
855
184
441
339
446
644
226
176
468
831
748
441
52
339
430
310
849
227
963
229
229
1010
928
409
229
416
416
964
964
970
466
1010
441
52
339
310
1011
226
468
695
831
967
441
441
339
430
644
849
928
493
