128
707
707
388
388
457
457
385
342
342
342
457
342
457
342
889
41
29
683
712
944
815
689
732
774
373
33
231
354
235
902
410
268
136
136
618
618
510
510
510
64
64
899
55
1014
815
732
774
41
33
373
33
279
264
701
790
282
532
62
237
237
237
204
204
525
362
542
790
282
282
531
705
705
388
388
388
484
342
355
342
440
342
355
617
889
41
41
889
889
889
889
247
899
55
1014
689
732
774
373
247
235
235
944
100
744
688
268
136
136
618
618
510
510
567
46
116
976
712
1014
689
732
774
373
231
279
264
701
878
363
363
237
237
237
237
237
196
204
889
247
279
790
282
282
281
363
363
388
388
388
388
342
342
342
342
25
235
342
355
955
355
342
889
41
889
354
902
55
1014
689
732
774
373
889
373
889
207
247
354
902
410
268
136
618
618
940
290
940
290
231
354
744
22
926
466
466
466
466
466
620
620
279
922
683
744
22
386
233
233
237
237
629
722
629
247
279
542
790
790
282
281
705
388
388
388
388
388
342
342
440
342
342
342
751
751
355
751
889
141
889
141
285
899
523
632
889
617
512
889
833
617
889
525
247
69
902
688
268
136
618
618
510
510
567
46
29
279
264
790
282
281
367
804
705
388
388
416
922
342
355
342
355
342
235
321
889
889
41
889
512
889
247
279
790
282
281
281
363
388
388
388
388
342
342
342
835
285
260
889
260
889
889
260
260
889
889
889
285
899
55
632
889
260
889
260
889
260
889
260
247
161
902
902
268
136
136
618
618
510
940
290
139
835
521
303
512
139
260
260
260
260
889
260
260
247
279
862
282
701
363
363
62
237
772
237
260
260
247
279
542
790
282
281
705
388
705
388
388
388
484
342
440
342
260
260
260
260
889
260
889
260
260
260
247
976
712
1014
689
732
774
260
774
373
33
260
405
354
902
902
268
136
136
618
618
510
510
510
234
715
712
1014
815
689
260
774
260
190
260
279
264
701
878
363
296
237
512
260
260
260
260
362
542
922
790
282
281
363
388
388
388
388
342
342
342
342
342
342
260
260
260
889
260
889
260
889
899
55
632
900
260
889
260
889
260
525
247
69
69
902
688
268
136
618
618
510
290
940
290
683
55
303
303
73
385
260
260
260
260
260
542
493
