318
707
457
899
457
362
264
922
363
237
237
123
247
34
862
282
281
363
363
363
388
388
388
388
342
342
342
342
342
342
342
342
342
342
342
889
889
889
683
899
632
889
512
889
889
260
41
889
889
260
247
100
744
688
268
302
618
618
510
940
510
139
73
139
73
73
139
617
124
889
889
260
889
889
889
247
12
790
343
281
420
363
244
237
484
237
889
204
279
542
790
282
281
363
705
388
388
388
490
342
92
342
221
342
889
342
889
260
889
260
889
260
889
751
285
889
124
889
889
889
385
889
889
525
247
241
28
951
268
136
136
618
618
510
510
510
139
73
139
73
139
73
139
109
139
109
889
260
889
260
889
364
260
260
889
260
889
260
92
247
542
790
282
281
281
420
705
388
662
342
490
342
889
342
260
260
260
889
260
889
260
889
260
889
260
141
889
889
141
889
889
92
889
889
260
260
260
260
260
260
247
69
744
268
136
136
618
618
510
510
510
139
73
139
73
889
512
260
260
260
889
260
889
362
542
862
701
281
363
363
62
237
237
237
204
362
542
790
790
282
281
705
388
388
388
30
342
355
342
221
342
889
207
889
207
889
260
889
260
889
683
899
835
260
889
260
889
41
889
525
525
247
100
951
688
268
136
621
618
940
290
940
290
139
405
685
704
22
926
926
466
466
466
620
620
542
922
363
363
363
420
237
237
237
722
237
722
247
279
862
282
281
281
363
388
388
388
388
0
342
342
535
535
535
109
751
535
751
535
751
751
751
751
751
535
535
535
535
41
535
617
889
525
405
241
902
410
268
136
136
618
621
510
510
290
535
535
535
73
535
833
109
535
109
833
617
535
535
535
899
899
279
922
281
363
363
193
237
96
237
234
279
264
790
282
281
363
705
388
0
388
0
342
535
535
535
535
535
535
535
535
535
535
535
260
889
260
596
285
596
596
260
535
596
889
189
889
260
234
325
241
902
688
268
136
618
618
940
510
940
73
139
73
133
73
989
535
139
73
109
260
260
889
260
535
899
55
632
279
542
922
363
363
363
244
237
152
279
790
282
281
281
363
388
388
388
662
342
342
751
342
751
617
889
751
512
751
751
751
889
751
889
260
889
260
260
260
889
260
889
247
417
951
410
268
136
136
618
510
709
