318
707
707
457
457
457
73
457
260
457
535
596
260
683
899
279
326
701
281
363
363
237
237
237
123
279
790
282
281
281
363
705
388
662
342
751
342
355
342
751
751
751
751
751
751
535
535
889
751
889
260
285
260
889
260
889
260
247
417
951
410
268
136
618
618
510
510
940
290
139
73
139
73
92
73
139
535
833
535
535
260
321
833
535
321
321
321
596
596
321
596
321
596
247
542
790
282
281
281
363
705
388
388
388
535
342
342
230
535
535
355
751
889
751
751
751
889
535
889
835
596
260
889
260
889
260
92
260
889
260
889
247
12
902
902
688
268
136
618
618
510
510
510
290
73
73
73
73
139
73
139
73
833
73
260
139
231
737
542
326
790
281
363
363
363
237
237
662
342
260
247
542
790
282
282
281
363
705
388
388
342
355
342
490
342
355
342
751
751
260
13
751
889
260
889
260
221
285
889
751
889
260
889
189
889
260
247
247
100
951
688
268
136
136
618
618
510
290
940
73
139
73
139
73
139
73
321
321
889
617
889
260
321
230
260
889
260
889
260
260
260
260
889
260
247
362
542
790
282
281
281
363
705
388
388
388
342
342
342
13
342
342
889
751
751
751
751
751
889
751
889
751
889
751
889
751
751
889
889
260
889
247
683
902
410
268
136
136
618
621
290
940
290
139
73
139
73
139
535
833
73
833
73
833
617
833
535
26
899
523
632
833
617
833
260
41
321
833
362
542
862
282
281
281
363
363
388
388
388
342
342
342
13
342
342
751
751
751
751
751
751
751
751
26
230
751
751
751
751
751
751
751
821
821
821
123
899
55
632
751
260
889
13
751
751
889
751
751
321
683
899
632
189
889
189
596
260
321
189
596
596
198
683
899
632
88
189
596
189
1002
189
247
12
542
326
790
282
281
281
338
388
388
388
388
388
342
342
342
342
342
751
751
535
751
751
751
751
751
751
342
751
751
751
683
199
632
751
683
199
833
889
683
199
632
617
321
199
632
535
683
199
632
617
321
199
321
321
26
199
632
596
683
199
833
596
683
199
632
321
321
596
596
683
199
632
596
41
683
199
632
683
199
632
596
596
683
199
632
683
199
321
321
321
13
199
1002
683
899
632
189
321
321
683
230
1002
683
199
632
321
746
