128
707
707
457
457
457
629
260
260
247
279
790
282
281
281
363
705
388
388
388
342
342
440
440
260
260
889
260
889
260
260
260
889
311
899
55
1014
689
732
774
260
41
260
33
41
235
874
902
688
268
136
618
618
618
510
567
64
899
282
282
281
804
804
705
260
260
260
614
542
770
701
878
363
62
237
237
237
237
204
984
279
790
282
281
281
772
363
237
292
388
655
342
440
285
260
260
889
260
889
260
260
41
525
247
899
55
1014
385
732
774
260
889
260
889
247
69
902
902
688
268
136
618
618
567
510
567
64
715
712
1014
815
689
732
673
260
33
260
362
304
862
701
296
193
244
557
772
260
889
525
699
542
790
282
281
363
363
363
388
388
388
750
342
440
440
342
889
260
889
260
889
41
525
889
715
712
1014
815
689
732
774
373
33
373
889
260
105
105
902
410
268
136
136
618
618
510
940
883
279
790
282
281
281
363
705
388
388
388
484
388
440
440
342
342
355
41
889
207
41
189
889
889
285
105
245
790
282
281
281
363
388
388
512
388
342
342
440
342
889
617
889
189
889
889
354
235
632
26
899
523
815
139
617
889
92
889
452
889
247
69
902
688
136
136
618
621
290
940
290
41
415
105
902
704
926
926
466
466
466
466
620
362
542
770
701
420
532
244
237
237
237
204
204
362
542
790
282
281
281
363
388
388
388
388
388
342
440
440
342
342
535
751
751
751
549
751
889
187
285
899
55
632
900
260
535
535
41
889
889
889
29
198
874
902
410
268
136
618
618
510
510
510
64
64
976
862
18
281
338
705
388
388
388
388
342
355
440
440
533
355
617
889
582
833
617
415
405
279
790
282
281
281
363
363
388
292
388
484
49
25
25
632
342
355
49
184
235
632
721
549
26
899
632
632
617
833
41
260
889
260
525
247
822
902
688
268
136
618
618
290
940
290
940
73
1022
165
221
533
92
617
833
109
90
207
362
264
922
899
282
296
721
617
617
512
833
415
362
542
947
790
282
281
281
363
388
388
662
388
342
440
440
440
342
342
355
751
889
342
889
751
889
29
715
899
523
632
889
617
124
889
889
889
525
247
822
902
688
136
136
618
618
290
940
290
139
405
715
712
947
281
281
281
363
388
388
662
388
342
440
950
709
