633
707
707
111
673
64
87
1019
430
430
1020
648
14
122
100
928
242
268
792
210
210
111
100
931
242
653
574
210
673
111
111
64
842
89
1014
955
158
158
158
158
614
576
156
375
552
828
1016
257
257
257
871
31
789
789
622
622
179
923
325
576
156
552
552
828
1016
196
257
295
166
593
653
653
719
719
111
111
195
195
897
303
46
670
648
447
512
198
107
357
1014
815
76
92
923
923
295
241
242
242
653
210
210
111
362
103
431
879
531
385
705
158
668
699
178
131
552
552
21
1016
257
257
257
715
89
1014
815
815
158
158
923
325
178
156
918
552
828
1016
257
257
295
166
963
593
653
792
78
111
111
798
87
411
786
430
1020
551
14
122
594
968
242
268
169
210
210
111
100
931
242
653
574
210
210
111
111
64
842
89
1014
815
385
158
158
231
83
178
770
552
552
420
1016
257
257
625
801
1014
815
815
158
158
158
923
849
576
156
918
552
828
1016
257
257
849
520
963
593
653
792
859
111
673
195
87
411
430
1020
551
551
14
14
849
227
968
242
169
210
111
673
111
931
968
242
653
792
210
111
111
84
131
431
879
815
955
622
158
231
287
178
156
552
552
420
1016
257
257
123
842
89
1014
815
815
158
158
231
287
178
156
552
420
828
1016
257
257
295
166
963
593
653
792
78
111
111
195
145
87
130
430
436
670
670
234
822
968
242
268
574
210
210
111
111
69
968
242
653
792
210
111
111
111
838
801
1014
815
815
13
158
158
122
576
156
918
552
828
1016
257
257
257
715
89
1014
815
815
124
158
158
231
576
156
343
552
552
1016
257
196
350
594
963
593
653
792
210
111
111
111
798
87
220
430
670
551
14
14
122
838
357
89
815
815
185
185
14
122
874
87
242
268
436
954
1019
430
84
131
431
879
815
955
622
668
923
83
178
770
552
552
21
1016
257
257
350
842
89
1014
815
815
158
158
231
287
178
156
918
552
828
1016
257
257
295
166
593
653
574
719
78
111
111
195
195
87
411
242
430
551
670
234
69
968
242
268
210
210
111
111
295
931
242
653
653
719
210
111
111
64
195
357
89
1014
13
158
158
158
231
783
117
343
552
552
1016
263
257
257
842
89
1014
815
815
158
158
158
231
94
576
156
552
552
21
1016
257
257
295
227
963
593
284
