318
707
457
457
457
457
457
457
109
900
286
13
582
33
286
33
915
725
518
812
590
577
853
853
703
703
168
168
168
915
520
730
374
160
957
957
733
733
733
733
733
733
543
948
812
590
577
853
853
484
703
703
168
271
725
518
812
590
577
853
75
703
703
703
168
385
94
518
812
590
590
853
853
476
703
124
204
204
984
479
948
680
590
828
853
484
703
703
204
204
984
725
518
812
590
590
853
853
703
237
237
204
204
198
479
948
680
590
367
853
476
237
703
204
204
984
725
518
812
590
590
828
853
237
237
237
204
984
849
518
812
590
590
828
853
504
237
772
204
204
699
45
518
680
590
590
853
853
237
237
237
204
325
103
812
590
590
572
693
75
703
703
13
168
168
27
27
27
900
286
286
286
582
582
271
271
915
254
487
593
160
792
957
733
733
733
733
733
733
543
131
201
590
577
853
853
703
703
168
168
168
1022
27
27
900
286
286
286
582
582
41
33
915
543
518
812
590
577
853
853
703
703
168
168
168
915
594
487
593
160
957
957
733
733
733
733
733
614
518
812
590
590
577
853
703
703
703
168
168
915
543
948
201
590
577
853
484
703
703
703
271
915
725
518
812
590
577
853
853
703
484
204
204
168
849
518
812
590
590
828
853
237
703
703
204
772
984
479
948
680
590
577
853
853
703
237
204
204
984
725
518
812
590
462
853
853
703
237
204
97
984
725
518
812
590
532
748
354
931
126
970
436
233
39
931
409
409
970
716
233
931
409
970
926
233
84
931
409
409
970
716
233
931
126
409
970
716
103
131
114
420
577
572
75
861
75
153
168
168
1022
27
27
303
533
33
901
1022
582
33
41
271
915
520
487
593
160
957
957
733
733
733
733
733
733
725
518
812
590
577
804
853
703
703
703
168
271
915
783
117
206
590
761
420
853
703
703
168
168
168
27
27
303
533
33
286
582
582
33
41
271
915
295
166
57
160
169
957
733
733
733
733
733
733
883
479
812
201
590
804
853
703
703
703
168
168
915
725
518
812
590
577
853
153
703
703
168
168
168
1022
27
303
124
286
286
286
582
582
41
271
915
295
166
963
160
160
957
957
733
733
733
733
733
883
543
812
201
590
761
853
703
703
703
703
168
915
725
518
812
590
284
