318
517
34
178
680
918
828
425
219
219
196
517
350
295
28
930
374
1001
859
859
78
840
840
883
205
347
952
952
935
860
673
860
480
517
98
156
680
918
462
937
936
480
480
517
311
347
866
952
935
935
480
480
598
517
350
822
469
197
377
99
99
507
480
480
517
849
205
381
115
99
99
937
937
480
480
196
347
347
319
436
937
937
46
648
123
83
178
343
918
462
937
936
263
74
392
116
849
594
930
374
536
859
840
840
840
840
840
347
319
5
5
935
860
860
860
860
122
98
178
680
918
828
936
480
480
480
517
517
347
866
319
952
935
935
480
785
517
517
822
469
22
377
99
99
906
779
480
517
86
744
115
115
436
937
937
480
480
517
311
347
22
868
436
937
937
937
648
123
98
178
343
918
906
937
936
480
480
517
517
822
28
374
536
792
859
840
840
840
840
840
347
776
5
840
670
860
860
860
517
517
287
117
343
918
462
936
480
480
480
517
350
205
866
952
952
935
480
598
598
517
350
417
744
115
377
99
99
480
779
263
517
100
744
115
377
906
99
480
480
670
892
417
347
22
952
436
937
937
670
923
98
103
680
918
144
937
937
263
480
517
517
350
594
28
374
573
859
859
555
840
840
840
347
997
430
73
937
73
670
426
673
648
892
783
117
694
918
828
937
480
263
263
517
205
347
319
952
935
935
480
480
785
517
905
198
417
744
22
115
377
906
550
550
779
517
347
22
952
952
772
480
480
480
392
517
350
783
117
381
115
377
828
937
480
480
274
905
905
354
72
343
969
906
937
937
937
74
219
905
905
294
156
22
919
868
937
937
480
219
905
905
905
297
350
539
343
22
377
828
937
219
219
507
392
392
502
359
350
34
72
22
22
436
937
936
74
785
785
785
785
905
905
392
941
647
359
359
359
598
359
359
359
359
359
359
196
359
297
297
359
359
238
359
359
359
297
359
387
359
127
274
359
387
387
387
387
387
387
387
387
387
387
387
387
387
387
387
387
387
387
387
387
387
387
387
387
387
387
387
387
387
387
387
387
507
387
387
387
387
387
387
387
387
387
387
387
387
387
387
387
387
387
387
387
387
387
387
387
387
274
387
387
387
387
387
387
387
387
387
387
387
387
387
387
387
387
274
387
387
746
