318
707
457
457
822
254
57
169
162
716
673
684
684
432
401
1010
403
997
443
883
294
72
114
113
828
403
75
75
798
403
997
443
294
264
113
577
614
294
770
577
853
403
443
75
401
798
403
443
401
294
72
113
748
69
410
160
169
716
716
506
684
684
684
29
39
931
409
970
716
716
195
684
362
72
114
878
748
294
72
201
296
150
401
385
401
401
69
126
970
294
72
113
828
506
684
684
629
699
514
126
970
169
716
294
770
113
828
853
75
75
75
403
997
443
401
105
294
770
113
577
748
403
997
443
514
126
443
514
126
970
673
716
716
684
514
409
443
514
126
970
1010
954
970
1010
954
409
443
514
126
970
970
98
72
18
757
188
338
589
768
589
589
589
589
589
589
589
385
589
589
589
589
589
589
92
589
589
589
364
401
385
401
401
207
401
401
354
254
57
160
169
621
621
290
940
432
432
73
401
401
401
401
401
401
401
401
401
92
401
401
401
294
72
114
577
401
19
401
41
699
294
770
113
577
572
484
75
152
520
730
613
169
162
621
940
684
684
294
72
114
577
853
75
75
401
835
609
401
401
401
401
401
247
822
730
409
970
169
716
940
883
294
72
113
577
577
804
75
401
401
950
401
401
401
401
401
401
685
704
115
88
732
401
41
401
401
105
294
72
113
577
19
152
354
254
57
160
169
716
716
684
684
230
432
401
385
401
41
401
401
294
72
114
546
577
401
401
152
354
931
409
970
184
403
970
716
954
997
443
310
514
126
970
970
294
72
114
577
572
75
1010
931
126
970
169
716
940
506
684
684
230
401
401
124
401
401
401
401
362
72
114
577
401
362
72
113
515
997
443
514
126
970
310
294
72
114
296
577
19
75
152
69
931
409
169
716
716
506
684
26
432
401
401
514
126
409
310
310
294
72
114
296
853
19
19
699
954
997
443
39
931
409
970
294
131
114
577
572
403
443
75
401
401
403
443
72
114
113
512
152
294
72
113
184
403
443
443
484
583
401
152
514
126
970
310
39
931
970
970
716
403
443
567
403
997
443
39
954
409
970
294
72
114
577
184
403
443
75
401
184
403
443
443
279
416
113
294
72
114
296
403
997
150
19
403
403
443
1010
514
126
970
310
39
931
409
169
716
716
684
684
746
