633
707
707
785
785
785
785
123
398
417
381
336
969
906
906
785
785
196
785
785
785
350
398
117
680
527
665
396
396
758
818
818
818
818
350
83
998
680
527
462
396
396
758
818
818
818
648
448
350
842
31
523
76
185
648
97
648
887
887
887
447
311
488
119
456
437
16
399
399
74
74
185
44
44
923
86
28
117
680
527
396
396
396
818
818
818
818
818
350
413
250
527
527
396
396
396
758
818
818
274
448
448
625
842
523
157
76
622
551
179
179
507
452
447
741
398
715
902
688
536
16
399
211
211
211
211
211
211
234
413
250
527
665
396
396
396
818
818
818
818
116
350
83
998
680
527
462
396
396
758
818
818
818
448
448
625
842
119
157
622
622
185
74
179
97
447
447
741
398
398
119
902
536
16
399
399
211
211
211
211
211
234
849
413
250
527
665
396
396
818
758
818
818
818
448
368
83
250
680
527
396
396
396
758
818
818
818
448
448
625
332
902
681
16
399
399
211
211
211
211
211
116
625
874
902
456
536
16
399
211
211
211
92
211
211
234
83
250
680
665
396
396
396
758
196
818
818
116
398
398
117
680
527
182
338
0
0
0
0
0
989
989
989
364
364
364
989
989
989
989
346
989
989
989
989
405
715
902
336
536
16
399
211
211
507
989
989
989
989
737
783
250
680
665
396
396
396
818
818
818
818
0
1004
849
117
250
527
462
396
396
758
818
818
818
274
668
152
874
902
688
536
16
399
211
211
211
211
46
670
116
838
842
119
456
437
399
399
274
74
74
44
648
116
86
191
117
680
527
743
396
396
818
818
818
668
350
398
998
680
527
462
396
396
758
758
818
818
818
311
488
31
523
622
622
622
179
179
179
127
961
961
819
398
28
336
536
16
399
211
211
211
211
211
211
116
122
413
250
527
665
396
396
274
818
818
818
818
448
350
83
250
680
527
396
396
396
758
818
818
818
448
350
86
902
688
536
536
399
211
211
673
211
92
211
116
625
842
119
456
437
399
399
211
211
74
44
447
923
83
998
680
527
665
396
396
758
758
818
818
818
350
83
998
680
527
462
396
396
758
818
818
818
448
311
488
31
31
789
622
622
274
179
179
179
447
447
447
311
822
28
336
536
16
399
211
211
211
211
211
746
