791
730
374
653
792
719
847
847
474
474
474
474
838
801
933
1012
270
270
270
270
340
340
340
116
413
998
879
462
462
890
890
484
811
811
586
586
311
998
1015
527
665
379
379
758
758
811
586
586
116
715
119
456
437
437
399
185
74
179
179
447
741
83
998
1015
527
743
890
890
811
811
586
586
586
350
413
998
527
631
631
631
338
659
659
659
158
659
659
27
27
124
659
659
659
659
901
659
109
659
659
874
166
57
374
653
719
719
847
847
474
474
474
270
842
933
340
1012
270
270
512
270
340
340
340
116
83
744
115
631
631
631
550
550
659
659
659
512
659
27
27
533
659
659
659
659
659
659
659
659
659
737
783
117
527
665
462
890
585
811
811
196
586
350
715
413
1015
527
462
890
379
811
811
772
586
819
350
413
998
879
462
462
890
890
811
811
586
586
350
86
413
948
527
665
379
379
758
811
811
586
586
350
822
166
57
653
574
719
719
847
847
474
474
474
474
838
357
340
1012
270
270
270
270
340
340
340
234
413
1015
879
462
462
890
890
811
811
586
586
586
86
998
1015
527
665
379
379
758
811
586
586
586
122
66
119
456
955
76
551
185
74
179
179
447
741
413
998
1015
527
743
890
21
811
811
586
586
586
325
413
1015
527
631
631
338
659
659
659
659
659
23
1022
27
533
659
659
901
659
659
659
659
109
659
405
874
227
57
653
574
719
719
847
847
474
474
474
474
838
357
340
1012
270
270
270
270
340
340
340
116
822
744
115
631
631
631
550
550
659
659
1013
659
659
27
950
1013
659
659
109
659
659
659
659
659
659
737
783
117
527
665
462
890
758
811
811
811
586
586
625
357
933
789
196
598
124
598
598
598
741
858
413
998
879
527
462
890
890
811
811
811
586
586
83
998
1015
527
665
379
379
758
758
586
586
586
295
254
487
374
653
719
719
847
847
474
474
474
474
838
801
933
1012
270
270
673
270
340
340
340
325
103
1015
879
462
462
890
890
811
811
586
586
586
83
998
1015
527
665
379
379
758
758
811
586
586
350
715
119
456
437
76
551
185
473
473
473
447
741
83
998
1015
527
665
572
693
659
659
1013
659
659
737
413
998
527
631
631
338
188
768
659
659
659
92
659
27
950
659
659
659
659
659
659
385
659
659
659
709
