318
707
457
457
457
457
452
452
234
34
300
82
552
462
1016
758
758
811
237
586
447
123
849
245
431
329
462
367
396
504
504
504
504
668
238
637
637
238
238
887
647
887
647
238
887
887
97
741
874
227
963
160
792
673
418
306
306
306
306
331
331
521
274
1012
1012
1012
234
167
411
130
430
1012
234
413
431
82
462
462
367
705
504
504
504
668
231
12
180
300
329
552
1016
1016
758
758
758
668
586
295
254
963
593
792
169
78
306
306
306
158
124
158
354
931
126
409
169
859
1010
931
126
409
970
716
310
413
797
113
761
1016
693
768
30
768
30
109
307
364
27
221
13
90
307
23
221
364
836
23
307
1004
849
227
57
160
169
397
418
306
306
306
139
331
836
521
221
1012
1012
836
1004
798
87
411
430
90
405
725
797
431
329
462
367
693
292
504
1013
49
49
1004
594
730
593
160
792
397
418
306
1012
306
306
331
331
871
89
738
1012
1012
158
373
373
373
90
1012
405
413
300
82
552
761
121
121
758
237
721
61
482
86
45
431
329
462
1016
1016
758
504
504
504
668
49
637
637
61
196
61
61
61
61
196
61
61
482
295
254
963
593
160
792
418
418
306
306
306
331
331
195
521
1012
1012
1012
1010
954
130
339
430
670
64
725
797
431
329
462
367
396
504
504
504
819
668
350
594
730
593
160
792
397
418
306
306
306
306
331
331
842
89
738
1012
1012
158
158
158
158
109
1012
699
84
300
82
552
462
1016
62
758
237
452
452
204
198
45
797
82
462
462
396
1016
504
504
484
668
668
637
637
637
647
647
887
196
887
887
238
196
448
350
822
166
57
160
792
397
418
306
306
306
306
331
331
521
1012
1012
1012
1012
234
167
411
130
430
1012
1012
783
797
431
329
462
367
705
504
504
274
668
668
350
594
730
593
160
792
397
418
306
306
306
306
331
331
842
89
1014
1012
92
158
158
158
109
158
1012
915
413
300
329
552
462
1016
62
758
811
586
586
123
398
45
431
329
462
1016
1016
292
504
504
13
668
668
637
637
637
238
196
887
887
887
887
507
448
448
350
594
730
593
160
792
397
418
306
306
306
306
331
195
521
1012
1012
1012
1012
184
734
130
339
430
1012
699
413
431
329
462
420
1016
504
504
504
668
668
350
594
487
593
160
792
397
418
306
306
306
306
331
746
