318
707
457
598
517
350
594
730
593
653
574
719
78
111
369
360
523
430
1000
670
670
14
798
360
220
157
430
430
551
14
98
178
770
82
375
828
244
244
517
295
227
963
593
574
719
385
111
98
156
114
375
577
244
244
785
517
369
360
220
789
955
860
860
699
369
220
220
789
860
244
517
517
295
166
963
593
574
885
78
111
111
195
432
5
5
670
670
14
122
798
360
220
430
430
860
512
111
798
360
220
220
430
860
860
860
295
254
963
593
574
574
719
111
111
369
360
523
1000
5
860
860
234
98
178
431
375
462
828
484
244
517
369
31
789
789
598
598
517
350
594
730
593
653
574
124
111
111
195
195
5
5
5
670
860
860
798
360
220
220
430
626
185
14
369
98
156
701
375
21
244
598
517
295
166
963
593
574
719
78
111
98
178
770
375
743
828
244
517
772
369
360
220
789
5
860
860
14
198
637
303
789
955
598
860
860
122
874
227
963
653
574
719
111
111
195
360
220
430
76
670
14
14
122
369
360
220
430
430
860
14
295
254
963
374
792
859
78
111
892
822
730
57
536
574
859
111
111
111
195
5
5
430
92
860
860
122
783
156
82
375
462
244
244
369
369
31
789
789
598
598
517
295
254
963
593
574
719
78
111
111
369
360
523
430
1000
670
14
14
798
360
220
220
430
430
551
699
84
131
385
375
743
244
244
517
368
594
730
313
653
574
512
111
111
98
178
114
375
743
244
244
517
369
360
220
789
789
860
860
124
369
360
220
220
789
185
551
517
517
822
227
963
593
574
719
78
111
369
195
303
1000
5
5
14
670
122
798
360
220
430
430
551
111
111
798
360
220
430
5
860
772
14
122
822
227
57
653
574
859
111
111
195
360
220
430
1020
670
670
14
83
178
770
82
375
828
244
244
517
202
360
220
789
598
598
598
517
295
166
963
593
574
719
78
111
111
195
385
1000
1000
670
670
14
14
369
360
220
430
430
673
551
122
304
156
114
375
743
772
244
517
368
520
730
593
574
574
859
111
873
304
770
701
375
420
244
598
517
369
360
220
789
789
935
598
517
369
360
220
578
789
124
598
517
122
520
730
593
653
574
78
111
111
369
360
220
430
430
860
860
14
122
369
360
220
430
430
551
354
744
131
701
284
