633
707
707
707
312
835
457
457
457
457
457
187
457
187
187
29
869
869
712
1014
815
689
732
774
373
33
29
874
28
730
374
1001
814
814
814
312
218
64
869
89
1014
815
689
732
774
373
33
373
614
864
656
656
878
363
193
96
96
25
204
368
864
656
656
58
58
363
499
388
96
388
722
440
31
632
342
187
772
187
187
187
29
398
960
308
1014
689
732
774
373
190
373
29
838
869
776
5
5
860
189
187
173
187
29
869
165
89
689
815
774
373
373
33
373
915
417
730
374
1001
1001
814
814
814
312
312
64
864
864
656
58
58
499
499
388
96
96
96
165
31
776
187
187
187
187
235
1019
446
29
165
89
1014
815
689
732
385
373
190
187
849
28
730
374
374
1001
814
814
312
312
64
287
864
656
329
58
363
499
499
585
237
184
31
950
296
722
187
184
931
1019
446
644
287
864
656
329
58
58
499
499
388
96
388
355
440
440
342
342
355
124
187
187
187
187
722
285
107
89
1014
815
774
732
33
373
187
187
798
869
776
632
187
617
1002
189
187
187
29
715
119
456
738
815
732
774
373
190
373
915
864
864
656
58
58
363
499
96
96
96
295
28
730
374
1001
1001
814
814
814
312
312
312
521
992
5
5
41
860
1002
187
187
525
198
198
842
89
1014
815
158
774
373
33
915
100
254
730
374
1001
814
814
814
312
312
312
625
712
89
689
815
774
286
373
33
187
915
279
864
656
878
577
193
96
230
96
204
984
725
864
656
329
58
499
499
499
96
96
722
165
869
319
952
187
41
187
187
187
187
29
960
119
1014
815
689
774
774
385
187
187
29
869
869
632
88
187
187
1002
173
187
29
161
960
456
256
689
732
774
373
385
819
614
864
656
656
58
363
499
499
96
237
96
350
594
730
374
1001
1001
814
814
814
312
312
312
992
992
5
5
860
187
187
187
187
173
187
285
842
89
1014
815
774
124
33
373
33
187
105
869
776
88
833
189
1002
187
525
187
161
712
89
1014
689
815
774
373
373
373
415
915
864
656
656
58
58
499
931
1019
446
644
725
864
656
329
58
499
499
499
96
512
388
440
440
869
632
187
187
187
187
196
187
187
625
960
157
256
815
732
774
373
512
190
29
869
31
632
88
189
1002
187
187
41
29
368
960
119
1014
815
709
