791
358
707
457
152
341
706
727
559
509
953
953
711
358
358
904
904
64
711
299
358
296
711
682
446
711
299
358
748
299
748
295
341
727
559
509
953
953
825
835
54
225
904
834
711
299
358
465
748
748
711
299
358
296
748
512
122
295
341
706
559
509
953
953
711
358
358
465
904
904
938
938
754
754
834
834
1003
299
358
711
299
358
748
295
341
706
559
509
953
873
299
358
465
465
904
904
938
938
754
754
754
834
122
711
682
358
532
748
748
295
341
706
559
509
509
953
711
682
358
465
904
904
873
299
358
465
1010
299
358
198
711
358
296
711
682
591
341
706
559
509
509
953
825
835
54
225
904
904
873
299
18
757
188
158
589
299
358
113
589
589
1004
849
341
706
559
559
509
953
711
299
358
465
904
904
883
938
938
754
754
834
699
299
682
201
748
748
41
699
341
706
727
559
509
953
711
358
358
420
904
904
64
938
938
754
754
834
834
711
299
358
532
748
124
152
341
706
727
559
509
953
873
299
358
465
904
904
64
711
682
358
748
299
682
748
711
682
296
711
299
748
341
706
727
559
509
953
953
825
54
225
904
904
64
711
682
358
296
748
748
711
682
358
296
748
748
122
341
706
727
559
509
953
873
299
358
465
904
904
64
835
938
754
754
834
834
711
682
358
532
711
682
748
341
706
727
559
509
953
711
682
358
465
904
904
64
711
682
358
1010
299
358
748
711
682
296
711
682
748
822
706
727
559
509
953
290
825
432
73
139
904
883
711
299
358
689
711
682
748
711
299
358
748
299
358
295
341
706
559
509
953
290
825
512
139
73
904
231
1003
299
757
338
188
158
711
299
358
761
158
158
1004
295
341
706
559
509
953
953
711
358
358
465
904
904
938
938
754
754
834
834
711
299
358
201
748
748
152
295
341
706
559
509
953
873
299
358
358
465
904
904
124
938
754
754
754
834
122
711
682
358
532
748
748
295
341
706
559
509
509
953
711
682
358
465
904
904
873
299
358
296
1010
299
358
198
711
682
296
711
682
325
341
706
559
559
509
953
825
385
54
225
904
904
873
299
682
296
748
748
748
299
682
296
748
748
748
699
341
706
727
559
509
953
711
299
358
465
904
904
64
938
938
754
754
834
834
299
682
201
299
358
284
