633
509
953
873
299
358
465
904
904
354
341
706
559
509
509
953
825
521
432
512
904
904
834
938
754
754
754
834
834
614
299
468
201
748
748
152
341
706
727
559
509
953
873
299
358
358
465
904
591
341
706
727
559
509
953
825
711
358
113
904
904
967
822
227
727
559
512
953
883
711
358
711
358
904
748
341
706
727
509
509
512
825
711
358
358
904
904
748
198
520
706
727
559
509
953
873
711
358
113
748
904
849
341
706
727
559
509
953
825
711
358
113
904
904
152
874
706
727
559
509
953
873
299
358
113
577
904
614
299
358
296
577
748
748
341
706
727
235
126
310
299
195
506
5
290
394
1022
938
938
754
754
834
26
299
468
201
577
748
748
711
682
358
711
682
748
295
341
706
559
509
509
953
711
682
358
465
904
748
341
706
727
559
509
953
51
825
835
754
672
904
834
835
938
754
754
834
834
122
711
299
358
532
748
748
849
341
706
727
509
509
953
711
299
358
465
904
748
822
706
727
559
509
953
953
825
938
754
672
904
834
1022
938
754
754
834
834
834
711
299
358
532
748
748
699
341
706
727
559
509
953
873
299
358
299
358
748
295
341
706
559
509
953
953
873
299
358
465
904
748
122
341
706
727
559
509
953
873
299
358
113
465
904
295
341
706
559
509
953
953
873
299
358
465
904
904
152
341
706
727
559
509
953
825
825
432
754
895
904
883
711
682
358
577
748
748
287
299
358
296
748
748
984
341
706
727
559
509
673
873
299
358
358
465
904
295
341
706
727
509
509
953
825
124
432
672
904
904
834
938
938
754
754
834
834
614
299
770
701
748
748
984
822
706
727
559
509
953
873
711
358
358
465
904
699
341
706
727
559
509
953
825
512
432
754
904
904
834
938
938
754
754
834
834
122
711
682
201
532
748
984
874
227
706
559
509
953
953
825
711
299
358
904
748
105
520
706
727
559
509
953
953
825
711
682
358
904
748
295
227
706
559
509
953
873
299
358
711
465
748
354
341
706
727
509
509
953
873
299
358
113
904
904
748
341
706
727
559
509
953
873
299
358
113
465
904
354
341
706
727
509
509
512
873
299
358
113
904
904
748
849
341
706
727
509
509
953
825
385
754
672
904
116
699
341
706
727
559
509
953
493
