128
707
457
457
457
457
614
245
300
491
183
121
193
292
662
237
49
196
482
520
132
313
120
957
957
315
315
315
315
315
1022
521
303
90
207
207
90
207
90
207
207
614
413
300
206
183
761
292
292
292
30
168
168
94
180
300
183
183
121
693
292
662
1013
49
416
849
166
132
160
120
957
957
957
940
315
1004
614
180
770
113
761
121
693
274
662
662
168
1004
94
180
206
183
761
804
292
292
662
168
168
1004
94
180
300
183
761
121
693
292
662
662
416
152
594
132
313
120
957
957
315
315
315
315
883
84
131
114
761
761
804
693
1013
662
484
168
915
783
180
206
183
761
804
292
292
30
168
168
1004
783
117
300
183
761
804
693
292
662
662
416
152
874
166
132
160
120
957
957
315
940
315
1004
614
180
770
113
183
761
804
292
662
662
168
1004
543
180
206
761
761
804
292
292
30
168
168
737
254
132
313
436
621
931
126
409
443
310
354
744
22
926
443
466
693
292
721
49
1004
744
704
926
992
466
466
721
582
582
721
482
12
103
18
757
757
338
292
292
30
768
768
589
589
27
385
92
836
901
836
901
589
901
901
1004
874
166
132
160
120
957
957
957
315
315
315
315
1022
521
303
617
617
33
41
582
33
415
915
12
180
206
879
531
367
292
292
504
504
504
168
614
245
300
491
532
121
193
237
292
292
204
984
198
520
132
313
120
957
957
957
315
315
315
315
1022
521
303
512
286
617
582
582
582
189
525
915
413
300
879
183
367
367
292
292
504
504
416
385
27
27
303
900
92
41
582
582
582
525
97
198
874
227
132
160
120
957
957
315
315
315
385
315
521
521
303
331
617
582
582
189
582
1002
525
247
783
117
10
879
367
367
512
292
504
504
204
41
783
180
300
491
532
62
292
237
237
237
984
295
254
132
313
120
957
957
957
315
315
416
673
1022
521
303
303
189
1002
582
582
582
525
525
247
413
797
10
183
367
367
292
504
504
504
416
504
27
27
303
961
1002
97
582
961
189
525
525
198
874
166
132
160
120
957
957
315
315
315
1000
25
521
521
303
955
582
582
582
189
1002
525
525
12
180
10
879
531
367
292
292
504
504
484
168
614
245
300
491
532
532
62
237
237
237
204
350
594
166
313
160
120
957
957
315
315
416
315
315
746
