318
1021
980
491
532
62
62
123
69
132
313
120
120
36
439
13
439
280
280
280
584
699
84
980
879
531
367
705
504
602
1021
980
491
638
121
62
602
295
166
132
160
120
36
621
439
673
280
280
280
584
584
584
362
1021
980
491
638
121
705
292
30
861
835
589
589
589
1004
1004
520
132
313
120
120
36
621
78
290
280
280
895
416
416
113
230
950
861
900
533
33
231
543
1021
980
638
121
121
602
354
254
132
258
120
36
36
13
439
1021
980
491
761
121
705
292
861
861
861
533
589
614
1021
980
491
638
121
602
602
354
254
132
313
120
36
36
78
940
290
139
895
737
416
770
296
26
950
504
504
30
901
1004
543
980
491
491
121
602
602
602
520
730
313
120
120
36
439
439
290
280
280
385
584
584
231
543
1021
980
491
638
121
705
504
504
861
30
901
589
901
1004
737
166
132
313
120
36
36
439
439
94
1021
980
638
761
121
602
602
861
861
90
533
90
901
90
901
90
90
13
90
1004
69
487
313
169
36
416
439
439
439
280
280
584
584
90
584
94
1021
980
491
638
121
693
292
30
861
109
490
407
901
1004
822
487
313
313
120
36
78
439
883
543
1021
206
638
761
693
602
861
861
861
533
90
407
901
90
901
90
901
90
737
254
487
313
169
36
621
439
439
280
280
280
584
73
90
1004
94
1021
980
491
638
121
693
292
30
861
490
533
407
901
1004
1004
520
132
313
160
36
36
439
439
439
280
280
385
139
584
584
94
1021
790
491
638
121
772
602
602
1021
980
491
638
121
602
602
849
227
132
313
169
36
716
439
439
280
280
280
584
46
584
234
94
245
980
491
638
121
62
602
602
150
196
61
61
61
525
247
520
132
313
120
36
36
439
439
439
280
280
46
584
584
234
543
790
282
491
638
121
62
602
543
1021
980
491
532
62
257
123
520
132
313
120
120
36
439
439
439
280
385
280
584
525
123
543
1021
980
491
638
121
292
693
662
861
407
90
407
90
901
1004
849
227
132
313
120
36
439
439
439
543
1021
980
638
761
121
602
861
861
30
533
407
901
90
901
90
901
90
901
415
1004
594
132
313
120
36
36
439
439
439
280
385
280
584
584
584
584
94
1021
980
491
638
121
292
292
662
861
124
407
90
407
90
1004
874
227
313
160
169
284
