633
258
258
719
78
847
847
54
54
54
225
225
838
581
933
578
76
551
185
645
645
645
645
645
447
122
479
797
82
375
743
62
62
423
655
772
819
668
668
198
479
461
201
878
62
423
423
237
196
655
668
448
350
874
166
963
258
258
792
957
847
847
54
54
54
225
64
838
581
933
578
512
551
645
645
645
645
645
645
116
287
843
671
82
375
890
423
484
423
655
196
668
668
350
83
843
461
375
743
62
423
423
237
772
655
448
448
350
874
166
963
258
792
719
418
847
847
54
54
54
225
64
107
581
456
578
76
471
645
645
645
645
46
116
122
83
843
431
82
878
890
62
423
484
655
819
668
668
350
479
843
82
375
828
423
423
423
655
124
655
668
448
350
520
166
593
258
792
719
418
847
847
54
54
225
225
64
581
933
578
76
185
551
645
645
645
645
645
116
122
413
797
82
375
462
62
62
423
655
655
668
668
517
287
843
461
201
743
193
423
423
237
655
448
448
196
350
594
166
593
258
258
719
418
847
847
54
54
225
225
64
66
89
157
76
185
551
645
124
645
645
645
116
122
83
843
182
182
338
188
0
0
768
140
140
109
140
737
843
461
201
761
804
693
768
30
0
140
23
140
1004
94
843
114
878
761
804
693
1013
0
140
385
140
1004
737
479
948
201
113
761
804
693
662
662
0
90
1013
1004
94
843
461
201
144
936
693
662
662
1013
721
407
124
1004
479
948
680
969
144
936
936
662
662
662
407
49
415
737
479
461
969
786
162
936
936
662
662
721
407
49
1004
822
843
461
969
144
936
936
966
721
966
819
168
49
287
166
250
680
969
144
936
936
966
512
662
721
49
415
725
843
812
969
144
162
936
936
662
966
819
668
49
915
413
250
969
969
144
936
936
772
662
389
819
443
415
83
998
812
969
786
162
936
506
966
966
819
789
668
984
413
381
969
969
144
936
936
506
966
389
997
668
415
287
843
812
969
786
162
936
936
966
966
997
668
49
984
479
381
680
969
144
162
936
506
966
966
819
443
415
287
843
812
969
969
828
936
62
966
966
966
819
819
311
191
843
114
182
182
338
188
0
0
346
140
140
140
614
843
461
113
761
188
0
0
768
140
92
140
140
1004
94
843
206
113
761
804
0
768
30
346
140
709
