791
197
377
77
630
779
936
353
480
779
353
353
741
417
381
18
631
377
77
394
394
779
394
353
779
394
517
86
469
197
377
377
77
77
394
779
394
394
394
852
231
86
469
197
952
77
353
779
394
353
353
392
392
353
353
198
874
469
197
377
77
353
779
779
353
394
385
353
353
205
197
776
935
779
936
353
353
779
392
353
353
116
86
469
197
969
377
77
936
779
394
353
394
779
353
353
122
469
197
952
779
77
353
779
779
353
353
648
447
353
517
83
469
197
377
77
77
779
353
353
779
353
353
779
122
205
197
952
952
779
936
353
480
779
353
353
196
116
311
469
197
377
377
77
779
936
353
506
779
353
512
779
86
469
197
952
952
779
936
353
506
779
353
353
101
116
517
86
469
197
377
77
77
779
936
353
779
502
353
353
95
205
469
197
952
77
77
353
673
779
353
353
779
101
353
311
469
197
377
779
77
353
779
394
353
353
502
44
923
86
469
197
952
779
77
353
779
779
353
353
392
779
350
469
197
197
377
77
779
779
353
394
779
394
353
353
122
469
197
377
377
77
77
779
394
779
353
394
353
231
86
469
381
377
377
77
77
394
779
394
353
779
779
353
361
469
197
377
779
77
353
484
779
852
353
852
852
852
923
417
469
197
377
77
906
779
353
506
779
353
353
779
231
205
197
952
779
353
353
506
779
353
353
353
447
741
86
469
197
377
77
77
779
936
353
779
394
353
353
779
361
469
319
952
512
936
779
353
353
779
392
353
353
517
122
417
469
197
377
77
77
779
394
353
779
394
353
353
122
469
197
952
353
779
937
353
353
961
961
447
353
127
368
417
469
197
377
77
77
779
353
353
779
394
353
353
122
469
197
952
77
935
779
502
353
512
779
392
353
353
741
86
469
197
377
77
77
77
353
779
779
353
353
779
353
205
197
319
952
779
936
512
394
779
353
353
772
116
517
86
469
197
377
377
77
779
779
353
506
13
353
353
517
122
205
197
952
377
77
353
179
779
353
353
353
779
101
741
417
197
377
377
77
673
779
394
353
779
779
353
353
741
417
381
969
377
77
631
77
394
779
353
353
353
779
517
83
469
197
377
77
779
779
394
394
779
779
353
852
779
469
197
952
779
935
353
502
779
353
746
