633
707
707
457
208
124
385
457
848
848
208
848
848
848
189
848
173
173
173
247
161
717
15
256
256
732
774
373
506
848
208
848
848
848
1002
173
848
848
173
173
173
173
699
529
308
55
256
732
774
385
208
373
848
848
1002
189
1002
173
173
189
173
26
899
55
256
774
161
529
15
15
256
774
732
208
848
208
848
833
189
848
173
41
173
29
976
55
256
689
732
231
625
976
308
256
689
732
190
512
190
848
848
848
41
848
173
29
173
625
899
1014
815
689
41
415
267
308
256
256
208
833
848
190
848
848
848
848
173
833
173
29
354
167
130
786
786
218
29
267
308
15
256
385
774
373
190
848
848
848
41
848
848
173
173
29
143
968
130
786
162
218
26
267
15
256
88
732
208
124
848
848
848
189
848
208
173
173
699
143
968
130
786
218
218
64
267
308
256
256
732
774
373
190
848
848
848
848
848
848
173
1002
285
285
124
173
173
173
29
161
712
15
256
955
158
774
373
190
208
208
189
1002
189
1002
385
285
29
976
717
1014
689
915
529
308
15
256
88
373
190
385
848
848
848
848
848
173
1002
173
247
143
968
130
786
218
64
161
308
15
256
732
774
774
190
848
848
189
848
173
208
173
247
143
968
130
786
218
218
64
161
308
15
256
689
774
774
231
143
87
130
786
218
218
190
354
167
968
242
786
162
218
64
873
960
308
256
256
732
774
190
699
143
968
130
786
218
218
64
699
326
974
974
537
537
750
750
107
119
55
256
732
484
231
231
699
143
968
242
786
906
218
873
167
968
242
786
906
218
64
798
960
15
256
689
732
774
231
354
87
130
786
218
218
64
295
951
410
433
302
200
200
64
873
267
55
256
76
732
59
699
167
411
130
786
218
64
354
167
968
242
786
162
200
200
64
161
308
15
256
955
774
231
354
167
411
786
786
218
218
64
715
332
951
433
302
200
200
200
267
308
15
331
200
218
64
354
167
130
786
786
218
64
100
951
410
268
302
200
200
200
64
976
308
256
815
732
158
512
737
167
411
786
162
200
133
883
143
167
130
786
302
200
64
699
529
308
256
256
689
732
774
190
285
835
848
617
833
617
525
285
285
835
848
173
722
173
173
699
976
308
15
256
774
774
373
848
285
848
848
848
722
173
746
