633
707
707
457
208
457
848
848
29
976
717
738
256
732
208
190
190
29
717
717
256
1010
267
523
506
848
848
848
848
848
848
848
848
848
29
29
976
717
738
256
732
936
208
848
848
208
848
848
29
715
717
15
256
88
512
848
848
190
26
717
15
689
683
267
632
88
190
385
848
848
848
848
848
848
29
29
976
717
738
256
732
936
373
190
717
717
256
689
683
717
738
632
88
848
848
848
848
848
848
848
173
699
717
738
738
256
732
936
506
190
484
848
848
848
29
715
717
15
256
88
848
848
848
190
683
717
738
256
1022
267
55
256
88
848
848
848
848
848
848
173
722
29
960
308
738
256
732
385
190
190
29
976
717
256
256
267
55
506
373
848
848
848
385
848
848
848
848
173
198
976
717
738
689
732
774
373
190
26
717
738
738
683
267
738
632
190
848
848
848
848
848
848
173
722
311
717
308
738
955
936
936
208
190
683
717
15
689
732
267
55
632
88
848
848
848
848
848
848
124
173
29
715
717
738
738
88
732
774
190
190
26
717
256
738
26
267
632
88
190
848
848
848
848
848
848
173
173
29
715
717
256
256
732
732
190
373
208
848
848
173
29
161
717
738
738
88
732
848
190
208
683
717
256
689
1022
267
738
256
88
848
848
848
848
848
848
848
29
29
976
717
738
256
732
774
848
190
848
848
512
29
683
717
256
632
732
774
190
848
29
143
968
433
302
162
936
506
506
208
848
848
29
354
167
2
786
302
162
936
506
506
506
848
848
848
722
29
976
717
256
689
732
267
230
506
848
848
848
190
29
354
167
2
786
310
267
717
256
673
506
502
848
208
848
848
848
173
699
167
2
433
786
162
936
506
190
143
968
130
310
1010
717
126
433
786
936
936
506
354
167
2
433
302
906
936
936
506
506
848
92
848
848
848
848
848
722
311
717
738
256
88
208
673
29
26
717
968
433
302
162
936
506
506
848
848
848
29
354
167
2
786
302
310
936
506
506
506
848
848
848
29
161
717
738
256
88
267
230
385
190
848
848
848
41
699
167
968
433
302
162
267
717
256
256
88
848
848
722
848
107
717
738
88
143
167
242
302
167
2
302
567
506
567
875
48
48
64
976
717
256
88
218
774
64
143
167
433
433
302
162
284
