318
707
457
457
152
354
167
2
786
786
218
59
506
150
107
267
15
256
185
231
143
734
130
786
218
218
325
69
410
433
302
200
200
200
64
267
308
15
256
955
774
64
143
167
130
786
218
218
64
295
951
410
433
302
200
200
200
26
267
55
256
88
185
190
64
798
87
130
786
430
218
64
295
951
410
433
302
200
200
64
529
55
256
88
732
648
14
699
227
410
786
302
200
200
362
862
862
129
537
804
705
152
326
862
129
129
537
750
693
985
87
411
443
732
985
985
985
143
734
130
302
162
774
985
267
308
256
955
774
985
985
699
167
411
786
162
774
231
100
951
410
433
302
200
200
290
26
308
15
256
88
185
231
354
167
130
786
162
218
373
699
143
968
130
786
162
200
64
699
267
55
1014
689
732
774
373
512
285
848
533
833
617
833
207
105
143
734
130
786
218
218
26
267
55
738
256
774
774
41
848
848
189
848
848
189
173
173
247
354
167
130
786
310
218
161
308
55
256
689
373
385
190
150
848
848
848
41
173
1002
173
247
143
734
130
786
218
699
529
55
256
256
732
774
208
260
190
848
1002
189
1002
189
1002
247
143
734
130
786
218
218
64
529
55
738
256
774
732
774
848
285
189
848
189
173
189
173
173
354
167
130
786
786
218
64
267
55
738
256
732
774
373
373
848
848
848
848
189
1002
173
247
143
734
130
786
218
218
699
976
55
1014
689
732
774
231
167
411
130
430
774
1010
167
126
130
786
218
326
326
922
537
398
947
947
129
129
363
750
750
750
583
583
583
583
583
583
583
583
835
583
583
583
833
583
833
583
230
55
55
815
774
373
512
373
33
617
833
41
833
260
385
173
173
247
326
947
947
129
129
363
363
230
55
256
583
583
583
583
583
583
583
583
583
583
583
583
833
583
41
124
583
583
583
247
230
712
55
815
774
732
109
373
33
583
833
41
833
173
92
326
326
922
537
12
947
862
129
129
129
537
750
583
583
583
583
583
583
583
583
583
583
583
583
583
833
583
583
124
415
26
267
55
256
689
617
774
583
41
833
173
124
173
173
173
173
173
326
326
922
537
362
947
862
129
129
537
338
583
583
583
583
583
583
583
124
583
109
583
583
583
583
109
985
985
401
415
267
107
308
15
88
833
709
