318
457
798
734
2
786
218
29
143
928
130
786
644
954
2
145
954
433
310
167
928
130
786
218
165
523
88
190
143
954
2
339
446
644
167
928
130
786
218
267
55
738
900
617
1022
669
303
173
29
29
869
31
88
173
29
285
285
173
29
398
55
738
689
617
190
173
190
173
173
173
625
357
523
173
833
173
1002
173
190
173
41
267
523
632
88
173
267
230
190
525
26
869
523
632
41
26
267
523
512
88
833
285
899
523
617
833
207
683
230
190
29
161
308
15
689
92
774
230
632
190
29
267
835
285
900
985
683
717
632
33
617
184
267
55
815
689
92
133
373
33
901
405
267
523
900
33
617
683
42
944
985
25
326
947
129
129
188
338
583
583
985
512
583
440
221
583
833
583
833
583
833
208
42
55
632
533
833
617
41
833
41
614
542
947
129
182
537
985
750
30
583
985
184
267
385
985
149
985
583
985
985
985
267
440
364
900
985
833
985
833
985
985
737
279
951
951
410
302
188
338
133
768
133
133
133
364
133
133
133
133
133
133
133
133
133
267
1014
689
133
133
133
133
133
133
133
133
835
133
133
133
133
133
133
133
133
26
712
55
815
689
354
954
926
443
620
133
145
924
130
553
620
685
298
339
443
883
184
298
553
657
1010
685
926
926
248
248
184
298
248
248
248
685
704
386
296
363
230
230
750
750
133
1010
685
386
296
537
750
205
704
386
750
362
326
922
537
230
362
862
235
537
750
750
750
150
722
362
542
947
129
537
537
184
31
512
722
123
279
947
129
129
537
954
130
446
750
722
954
2
130
446
59
279
326
537
296
722
326
862
357
296
722
722
514
411
339
88
722
440
31
285
722
1010
167
2
433
786
218
529
871
523
173
29
354
167
2
433
302
310
514
928
433
786
310
871
285
88
173
184
717
55
632
88
617
285
285
87
1019
29
267
31
285
88
41
29
87
2
446
218
683
308
55
632
88
683
230
900
833
617
1022
285
285
833
848
385
173
285
512
29
798
529
55
1014
689
732
133
133
133
133
133
267
55
738
632
732
774
373
190
373
190
29
869
357
55
76
88
173
285
173
173
173
198
357
55
689
1010
954
2
339
88
190
29
279
862
129
129
537
184
422
738
722
722
722
87
130
339
218
362
326
129
284
