627
457
457
1004
362
542
947
129
129
363
693
750
484
583
583
583
583
583
722
614
542
947
129
761
338
693
583
30
861
583
583
490
583
512
583
145
411
443
1010
954
130
310
883
798
734
130
430
1010
954
2
883
542
947
129
129
761
338
188
768
30
768
490
149
985
149
985
861
221
109
985
985
985
985
798
869
55
815
836
901
985
985
385
221
221
533
985
901
41
737
685
744
926
926
926
926
466
248
992
357
248
248
248
248
248
248
951
410
302
302
200
200
64
45
947
129
129
537
363
750
184
31
523
355
504
355
722
152
143
928
2
786
162
310
264
264
922
922
537
244
19
152
279
143
928
433
969
906
188
152
354
928
2
302
732
188
985
69
928
433
302
621
290
836
1004
279
947
129
129
761
804
705
768
861
861
490
583
30
1013
512
861
221
533
836
109
901
901
1022
107
869
55
689
985
385
901
1022
364
221
533
33
901
231
231
105
520
951
410
302
162
36
290
869
308
632
88
139
617
833
1022
521
357
303
617
33
617
231
105
145
734
130
430
834
231
279
862
862
129
537
193
244
152
152
145
411
130
430
204
152
699
734
411
130
786
162
218
64
267
308
15
88
88
648
190
699
685
926
926
466
466
466
685
704
926
926
466
466
466
620
838
357
55
789
355
583
355
583
105
798
87
130
786
310
415
699
734
411
786
786
218
218
29
267
308
632
955
88
1002
29
184
734
220
430
76
218
247
45
862
10
281
281
363
705
750
165
869
523
789
583
722
722
105
145
734
130
786
218
542
264
922
31
296
244
204
196
152
279
862
10
129
532
363
244
257
734
411
130
789
218
59
123
919
31
285
285
46
648
123
267
308
55
76
88
185
247
100
704
298
926
248
248
248
699
332
410
313
302
200
716
64
287
862
947
129
58
363
244
484
440
87
385
220
789
629
722
699
734
130
339
789
218
59
123
267
308
523
88
88
512
14
798
734
220
339
218
185
247
295
951
410
160
302
162
200
64
64
357
933
632
88
189
190
41
798
734
130
786
218
218
64
45
264
922
537
193
244
123
699
864
947
129
58
363
244
750
440
440
609
583
583
598
722
984
520
951
410
302
162
200
64
798
308
933
88
88
41
14
29
145
734
130
786
218
218
525
287
862
922
537
537
244
746
