633
707
707
707
435
98
178
386
296
296
420
244
598
350
991
866
386
296
935
257
350
822
227
57
969
969
906
906
906
219
905
905
905
598
598
598
350
991
866
386
952
935
244
598
984
798
991
866
952
935
598
598
350
576
948
343
246
828
244
598
350
69
968
374
653
259
259
435
873
304
770
491
296
828
244
598
350
991
866
952
296
598
598
123
295
166
57
613
969
259
906
435
560
905
905
905
723
598
350
311
744
968
613
969
906
906
435
39
931
409
969
259
906
435
550
819
245
948
201
246
828
257
325
931
968
242
653
259
859
78
111
98
948
343
246
828
425
238
517
205
991
866
952
935
935
257
123
822
227
613
653
1001
621
78
940
861
221
533
307
346
307
901
405
520
968
613
653
621
162
940
354
931
57
653
259
259
859
940
883
245
948
113
761
188
1013
90
1022
221
364
533
90
90
901
109
737
245
117
201
761
761
1013
49
49
798
991
997
761
49
1013
1004
737
874
227
57
969
906
162
693
219
609
609
49
1013
407
1013
49
915
991
866
443
761
693
49
49
415
991
991
952
935
49
49
152
84
131
206
183
828
244
49
325
931
57
613
653
259
435
435
873
304
770
491
296
935
244
49
26
991
866
296
935
598
598
482
625
520
930
613
653
259
621
290
940
27
221
533
90
901
90
274
105
520
57
613
430
162
621
883
354
968
57
653
169
619
877
883
94
948
114
182
188
768
307
901
109
364
221
533
90
346
346
1004
543
948
201
761
761
804
49
168
798
403
443
73
90
901
1004
368
874
227
57
653
169
162
693
75
609
609
609
1013
92
49
1004
737
991
866
113
935
355
49
49
614
991
997
443
937
426
673
405
725
178
468
491
183
13
49
152
69
487
613
653
259
259
78
435
835
521
303
335
1002
617
415
482
835
285
189
1002
189
482
482
311
520
730
613
653
859
859
940
940
835
221
221
533
90
109
90
737
520
968
613
430
621
73
883
354
167
57
653
430
859
940
883
543
948
114
183
761
804
75
1013
1022
27
221
533
90
901
901
915
543
948
201
183
761
804
49
484
369
866
49
13
49
1013
49
915
874
227
613
653
259
162
435
435
195
609
392
49
196
49
598
984
991
866
952
935
935
61
274
482
798
991
952
49
385
598
517
98
178
114
183
296
746
