633
707
729
729
729
92
145
25
729
124
729
729
39
951
433
657
657
1010
515
468
296
729
729
729
729
123
515
383
756
296
59
123
205
72
386
296
59
150
150
123
515
704
386
196
233
123
26
267
523
598
598
598
598
196
598
123
520
928
433
310
72
657
230
729
385
729
729
729
39
928
433
657
729
729
230
729
729
729
729
729
729
515
383
756
466
729
515
72
386
296
244
484
152
515
704
296
49
644
683
294
72
114
296
59
644
514
928
433
512
310
515
383
756
466
59
26
685
545
657
729
729
230
729
729
729
729
145
383
383
756
466
515
72
386
1010
72
386
515
386
296
59
26
267
49
49
644
520
951
433
657
657
1010
515
997
443
1010
514
433
657
657
729
683
230
729
294
72
515
383
756
729
184
72
386
296
152
515
704
296
296
49
26
267
49
49
152
594
928
433
1010
72
922
515
383
756
514
2
339
657
729
729
267
729
729
729
798
515
383
756
1010
72
114
296
49
49
205
72
113
1010
72
862
113
49
49
39
928
2
302
310
184
383
756
443
39
928
433
657
657
230
729
729
729
729
515
756
362
72
386
296
296
49
515
704
386
296
49
49
26
267
49
49
354
951
2
433
169
310
1010
383
922
72
2
969
657
729
729
683
55
632
644
515
383
756
756
466
515
72
922
296
515
704
296
296
772
517
230
398
72
468
514
928
433
657
78
729
729
515
756
514
2
433
310
310
729
267
523
231
184
383
756
756
59
64
294
72
386
644
515
704
296
230
598
772
267
523
517
644
594
928
433
657
657
729
145
383
756
514
928
433
657
72
922
712
1014
589
1004
145
383
756
756
883
515
468
113
49
184
515
113
124
1013
49
267
589
49
152
69
2
72
657
657
729
515
383
443
514
2
433
657
657
26
267
632
729
699
515
383
756
466
184
72
113
49
484
515
386
49
72
468
49
267
512
231
354
951
2
536
310
732
729
145
383
756
39
928
433
339
310
729
267
729
729
699
515
383
72
756
466
184
515
386
152
515
131
296
196
385
49
517
267
230
1013
231
520
928
433
169
162
310
145
383
72
756
514
2
339
310
310
729
267
1014
589
737
515
383
756
466
985
589
403
922
49
1013
403
1013
49
1013
1013
230
1004
294
72
514
410
302
657
729
729
798
383
756
284
