306
668
482
482
482
482
482
29
482
482
257
482
482
482
482
546
29
546
125
546
29
376
963
482
482
222
693
263
381
1001
448
719
719
873
78
78
639
19
661
942
458
48
204
516
51
68
806
312
312
806
513
545
611
545
513
244
462
549
748
17
74
545
513
888
104
771
19
191
358
458
427
268
268
806
38
38
264
368
158
419
454
542
462
462
492
342
41
355
540
719
281
873
78
639
402
128
279
277
448
60
690
135
692
481
867
431
543
913
481
419
619
888
104
888
109
847
158
1004
641
496
780
780
222
313
191
278
577
532
707
758
38
462
232
711
368
158
989
667
496
496
462
452
861
41
355
540
719
719
873
553
947
19
53
862
942
458
458
268
268
268
51
38
737
236
262
613
447
151
702
889
638
521
521
521
1000
616
149
218
943
462
121
342
131
1001
467
447
151
702
889
929
889
521
776
521
1000
145
29
241
263
94
262
355
205
690
281
52
929
256
121
446
279
1001
467
151
702
459
459
929
632
785
521
785
1000
1000
801
145
801
431
685
227
785
546
963
145
963
145
29
546
227
785
785
125
546
29
546
546
546
29
785
431
549
54
963
546
29
222
93
121
263
236
1001
448
719
719
281
78
78
947
429
661
862
458
48
204
516
51
68
68
776
312
1010
215
618
1010
462
74
244
549
543
17
17
462
545
513
244
222
403
664
996
278
577
458
532
268
51
806
38
664
118
158
1004
454
758
496
462
734
452
342
41
355
540
205
281
873
78
639
947
128
236
277
467
60
690
276
692
481
491
543
543
913
481
419
104
888
125
313
313
118
158
354
667
630
780
376
222
693
191
278
577
9
758
80
51
38
104
313
118
478
989
550
80
496
462
244
693
342
236
1001
448
719
719
281
78
402
676
53
862
458
48
204
516
412
68
68
424
424
424
953
550
953
1010
545
167
861
94
582
613
447
690
20
459
929
889
785
521
785
1000
145
340
121
121
263
94
62
613
613
151
702
459
929
889
739
521
739
1000
1000
145
145
527
121
850
446
958
582
60
137
459
929
889
257
521
785
1000
431
1000
145
257
145
340
546
227
785
227
667
963
145
257
546
29
140
785
29
93
93
376
546
29
546
29
549
58
431
93
93
125
376
222
452
342
41
448
540
719
873
873
78
78
947
429
534
1363
2694
3504
5118
1049
2694
3965
4459
1363
2592
3802
5118
1363
2820
3914
4508
1363
2592
3504
4950
1363
2592
3504
5057
1363
2592
3965
5015
1363
2820
3914
4508
1363
2592
3802
4835
1363
2592
3504
4950
1363
2820
3802
4835
1363
3022
3858
4318
1363
2592
3802
4858
1363
2918
3965
4835
1363
2592
3802
4858
1363
2592
3965
4769
1363
2592
3504
5057
1049
2694
3108
4837
1363
2592
3504
5057
1363
2961
3914
4335
1363
2592
3504
5057
1363
2592
3504
5057
1363
2592
3504
5057
1363
3022
3108
4858
1363
2961
3498
4858
1363
2592
3504
5057
1363
2592
3498
4858
1363
2694
3858
4858
1363
2592
3504
5057
1363
2592
3914
4858
1363
2592
3504
5057
1363
2592
3504
5057
1363
3022
3965
4858
1859
3022
3858
4318
1363
2592
3858
4858
1859
2472
4009
4539
1859
2248
3750
4769
1363
2961
3965
4858
1859
3022
3858
5015
1859
2472
3914
4311
1859
2472
3965
4837
1363
2961
3504
5057
1981
2314
3715
4943
1252
2463
3982
4318
1859
2314
4009
5110
1499
2788
4042
5079
1157
2985
3893
5118
2041
2592
4009
4934
2041
2813
4088
5114
2041
2592
3965
5052
1859
2985
4009
4335
1859
2592
3914
5015
1859
2472
3858
5052
1859
2592
3858
5114
1859
2350
3965
4837
1859
2472
3108
5052
1859
2592
3914
5015
1928
2248
3198
4970
1555
2905
3558
4463
1561
2467
3935
4414
1049
2877
3500
4539
1959
2608
3904
4934
1911
2649
3914
4508
1049
2748
4039
4858
1419
2162
3984
4858
1049
2976
4054
4477
1419
3022
3914
5058
1049
2889
3935
4320
1049
2925
3901
4195
1499
2162
3498
4654
1858
2592
3802
4950
1879
2248
3951
4830
1049
2990
3673
4934
1499
2472
4009
4318
1499
2877
3965
5012
1499
2592
4009
4539
1499
2813
3498
5015
1499
2452
3498
5015
1499
3022
3987
5015
1499
2649
3498
4539
1499
2748
3914
4311
1454
3071
4054
4858
1499
2162
3914
5015
1499
2592
3914
4962
1499
2813
3965
4539
1499
2412
3904
4769
1859
2472
3901
4889
1499
2472
3987
5015
2043
2592
3914
5052
1499
2813
4009
4747
1499
2961
4054
4837
1499
2452
4072
4769
1499
2961
4009
5118
1859
2649
4088
4769
1900
2592
4054
4837
1499
2162
4009
4769
2043
2592
4009
4837
1859
2813
3858
4837
1499
2592
3750
4769
1859
2472
3108
4170
1859
2472
3901
4837
2046
2649
3782
4853
1456
2467
4077
5058
1419
2452
4077
4873
1419
2649
3504
5015
1419
2976
3987
4747
1499
2877
3904
4830
1499
2813
4009
4170
1419
2961
3904
4858
1499
2813
3904
5058
1499
3012
3935
4837
1454
2592
3108
4889
1859
2472
3987
4769
1859
2592
3858
4950
1499
2976
4054
5012
1843
3071
3904
4970
1049
2978
3984
4462
1049
2694
3165
4830
1363
2918
3165
4335
1049
2813
3673
4539
1499
2748
3498
4318
1499
3022
4054
4318
1499
3022
3747
4369
2043
2248
3498
4539
1499
2813
3498
4539
1499
2748
3498
4318
1859
2472
3901
4318
1499
2452
3901
5012
1515
3071
3880
5058
2023
2573
3904
4755
2041
2788
4009
5114
1499
2907
4061
4335
2043
2592
3268
4170
2043
2788
4088
5110
1499
2350
4061
5110
1499
2135
3782
5114
1859
2325
3750
4950
1859
2135
4061
5052
1859
2907
4061
5114
2041
2592
3893
4318
1859
2788
3893
4170
1859
2350
4072
5015
1859
2788
3858
4170
1859
2350
3891
4858
1557
2985
3782
4414
1748
2109
3824
4937
1049
2813
3613
5036
1252
2889
3966
4950
2023
3071
3904
5114
1363
2961
3965
4335
1049
2694
4072
4934
1363
2097
3965
5118
1363
2592
3914
4858
1252
2748
3824
4927
1499
2813
3868
5118
1499
2813
4009
5058
1363
2961
3987
4858
1499
2592
3914
5015
1859
2472
3965
5058
1499
2649
3914
5058
1859
2566
3750
5118
1454
2813
3782
4950
1499
2813
3987
4962
1859
2748
4009
4539
1499
2813
4072
4539
1859
2472
3802
4962
2043
2248
3802
4889
1859
2472
3914
4837
1859
2592
3750
4837
1859
2472
3108
4837
1859
2592
3858
5015
1859
2813
3858
5015
1859
2592
3858
4837
1561
2905
3802
4810
1049
2961
3813
4494
1499
3022
3498
4539
1859
3022
3965
4539
1363
2566
3498
4858
1859
2472
3914
4539
1499
2918
3108
4747
1499
2961
3802
4810
1499
2592
3498
4318
1499
2961
3498
4318
1499
2649
3498
5058
1859
2472
3498
4539
1859
2592
3858
4837
1859
2961
3782
4318
1456
2467
3966
5118
1748
2592
3987
4950
1499
2942
4072
4539
1859
2472
3725
4950
1499
2592
3935
4830
1499
2813
3802
5015
1859
2472
3858
4318
1859
2472
3802
5118
1859
2472
3858
4934
1859
2566
4072
5118
1859
2472
3987
4837
1859
2748
3858
4311
1859
2961
3858
4837
1859
2566
3858
4837
1049
2905
3965
4889
1363
2905
4091
5012
1363
2412
3965
5015
1363
2566
3914
4335
1363
2472
3747
4962
1499
2592
3498
4539
1363
2566
3504
5057
1363
2592
3914
4858
1363
2820
3858
4858
1363
2592
3504
5057
1859
2472
4009
4889
1859
3022
3858
5015
1859
2700
3498
4318
1334
2284
4052
4835
2023
2801
3891
4950
1157
2350
4009
4311
1499
2813
3914
4311
1748
2788
3987
5118
1499
2350
3498
4769
1859
2472
4009
4170
2043
2889
4009
4950
1859
2472
4009
5114
1499
2788
3893
5052
1859
2472
3891
4837
1499
2592
3750
5114
1859
2472
4009
5114
1859
2472
3914
4837
1700
3041
3779
4962
1481
2717
4077
4961
1911
2452
4077
4170
1557
2877
3585
4414
1561
2314
3904
4414
1561
2791
4072
4431
1561
2813
4039
4414
1419
2452
3504
4926
1903
3071
3504
4747
1419
2748
3504
4747
1419
2411
3725
4858
1419
2961
3887
5118
1454
3071
3904
5015
1858
2592
3987
5118
2043
2248
3108
4934
1419
2649
3935
4830
2000
2344
3791
4830
1155
2964
3398
4931
1049
2985
3901
5114
1843
2764
4077
5041
1049
2905
3682
4830
1487
2748
3119
4318
1049
2162
4077
4747
1049
2907
3119
4771
1487
2452
3673
4610
1049
2905
4072
4335
1363
2248
3504
4861
1363
2411
4077
4934
1419
2813
4077
5089
1487
3041
3904
4335
1049
2411
3901
4782
1487
3041
3987
5058
1049
2649
3108
4782
1363
2813
4077
5015
1363
2700
4088
4335
1363
3022
3802
4414
1363
3022
3725
4769
1363
2748
3504
5057
1363
3022
3858
4459
1363
2412
3990
4889
1363
2472
3904
4414
1363
2813
4077
5015
1363
2748
4077
4351
1363
2813
3504
5057
1049
2649
3824
4782
1694
2150
3504
5115
2023
3066
3690
5115
1049
2748
3674
4601
1049
2350
3966
4539
1049
2788
4077
5110
1049
2905
3891
4950
1049
2411
3890
4220
1049
2694
4006
4220
1487
2350
3504
4170
1049
2694
4009
4782
1049
2694
3893
4817
1049
2905
3824
4858
1363
2566
3893
4837
1363
2918
3901
4335
1049
2694
4054
4837
1363
2820
4077
4318
1363
3022
3750
4769
1363
2472
3802
4962
1049
2694
4077
4889
1363
3022
3750
4318
1363
3022
3802
4835
1363
2592
4077
4858
1363
3022
3858
4889
1363
2820
3858
4318
1363
2918
3603
4335
1049
2619
3868
5118
2023
2467
3715
4513
1049
2746
3880
4817
1363
2907
3504
4351
1363
2350
4072
4351
1049
2484
3966
5015
1363
3022
3893
4962
1363
2472
3504
5057
1363
2452
4061
5114
1363
2985
3901
4318
1363
2961
3891
4858
1363
2472
4077
4858
1363
2566
3891
4858
1363
2748
3914
4170
1363
3022
3750
4858
1363
2820
3914
4539
1049
2788
3987
4747
1788
2890
3446
4690
1419
2788
3891
4494
1561
2717
3764
4747
1049
2350
4072
4889
1049
2619
4006
4962
1049
2905
3782
5114
1049
2452
4061
5118
1049
2905
3893
5089
1049
2905
3108
5089
1049
2905
3504
5057
1049
2905
4072
4801
1049
2905
3824
4769
1049
2905
3858
4810
1049
2905
3824
4351
1363
2567
4077
5015
1049
2905
3802
4858
1049
2905
3824
4858
1049
2592
3990
4835
1049
2905
3824
4858
1049
2592
3965
4494
1049
2905
3824
4335
1363
2472
4077
4318
1049
2905
3824
5089
1363
2567
3858
4837
1049
2905
3965
4962
1363
2472
3802
4771
1363
2472
3802
4837
1049
2905
3824
4335
1363
3022
3914
4835
1363
2472
4077
4858
1363
2091
3504
5057
1363
2248
3504
4747
1049
2905
3824
5012
1499
2592
3914
5012
1049
2961
3108
4539
1049
2694
3725
4539
1363
3022
3725
4858
1363
3022
4091
4311
1363
2472
3802
4311
1363
3022
3965
4335
1363
2592
3965
4414
1363
2918
3858
4351
1363
2592
4077
4318
1049
2694
3725
4769
1363
2592
3802
4311
1363
2592
3504
4318
1363
2700
4091
4769
1363
2472
3965
4335
1363
2592
3802
4311
1363
2592
3504
5057
1363
2592
3504
4837
1363
2918
3725
4858
1363
2592
3504
5057
1363
2961
3802
4769
1363
2592
3802
4858
1859
3022
3858
4837
1859
2472
3914
4837
1363
2592
3504
5057
1363
2961
3914
4769
1363
2592
3914
4335
1859
2472
3858
4950
1499
2592
4077
4318
1363
2961
3108
4858
1363
2961
3504
5057
1859
2248
3108
4769
1859
2472
4009
4335
1859
2592
4077
5015
1363
2961
3914
4858
1859
2592
3750
4837
1859
2472
4009
4837
1859
3022
3858
4311
1859
2592
3914
4311
1859
2248
3750
4335
2043
2985
3715
5118
1981
2925
3880
4934
2043
2788
3891
5012
1499
2889
3893
5012
1900
2452
4009
5052
2023
2592
3782
4934
1499
2813
4061
5118
1859
2813
3904
5015
1859
2907
3782
4837
1859
2248
3891
5012
1859
2472
4009
4837
1859
2472
3108
5118
1859
3022
3893
4837
1859
2985
3891
4311
1859
2566
3891
4837
1859
2472
3108
4889
1814
2589
3830
4917
1755
2351
3777
4810
1561
2119
3965
5071
1959
2942
3504
5059
1419
2748
3111
5118
1911
2452
3869
4539
1049
3055
4053
4127
1419
3055
3764
4962
1049
2813
3933
4858
1419
2472
3498
5097
1049
2748
4039
5096
1419
2700
3914
5118
1049
2877
3674
4747
1499
2820
4054
4926
1049
2452
3965
4431
1363
2452
3504
5057
1499
2649
3413
5012
1499
2472
3965
5058
1454
2592
4009
4889
1859
2472
4054
5015
1419
2961
3498
4318
1499
2412
4072
4837
1499
2452
3498
5015
1363
2472
3914
4335
1419
2961
3750
4858
1859
2472
4009
4950
1499
2592
4009
4889
1499
2472
3108
4318
1499
2649
4009
4318
1859
2472
3858
4170
1499
2748
3802
4810
1363
2961
3858
4858
1499
2566
3750
4926
1499
2162
3108
4335
1859
2472
4054
5015
1499
2990
4054
4335
1859
2472
3901
5015
1499
2649
4009
5015
1859
2472
3802
4962
1499
2813
3802
4927
1859
2592
3858
4858
1499
2813
3108
4769
1499
2592
3965
4747
1859
2472
3858
4934
1991
2890
4093
4830
1777
2344
3727
4817
1419
2529
3095
4817
1419
2976
4072
4589
1419
2813
3504
4889
1858
2248
3987
5015
1419
2649
3674
4858
1859
2162
3858
4955
1419
2649
3869
4747
1499
2961
3987
4889
2043
2248
3904
4830
1499
2813
3951
4837
1859
2566
3904
4837
1499
2961
3782
5118
1499
2452
3901
4769
1127
2091
3885
4938
1049
2694
3935
4830
1049
2694
3747
4335
1049
2649
3935
4462
1049
2694
3747
4170
1859
3022
3858
4170
1499
3022
3108
4962
1363
2452
3498
4858
2043
2248
3914
4539
1049
2694
3750
4170
1859
2472
4009
4934
1499
2649
3498
4539
1499
3022
3987
4747
1515
2889
3987
4931
1252
2097
3987
4950
1499
2165
3914
4747
2043
2248
3891
5118
2041
2350
3914
4950
1252
3071
3891
4858
2043
2592
3893
4318
1499
2985
3750
4170
1499
2325
3901
5114
1900
2592
4009
5052
1499
2788
3914
4962
1499
2350
4072
4170
1499
2788
3914
4962
1499
2350
3914
4889
1859
2788
3108
4837
1859
2472
4061
4335
1788
3069
3878
4817
2023
3071
3893
5012
1419
2314
3893
5012
1858
2463
3982
4858
1049
2097
4072
5118
1363
2961
3504
5057
1363
2350
3802
4858
1499
2985
4009
4311
1499
2592
3891
4335
2043
2918
4009
5052
1049
2748
4072
4858
2043
2592
3782
4889
1499
2592
4009
5012
1499
2813
4009
4539
1363
2961
3108
4858
1363
2961
3914
4858
1859
2472
3914
4962
1454
2411
3413
4296
1499
2813
3904
4539
1499
2748
3914
4539
1859
2472
3914
4170
1859
2592
3858
4769
1859
2472
4009
4962
1859
2472
4072
4539
1859
2472
3914
4170
1859
2472
3108
4837
1859
2472
3858
4950
1859
2592
4009
4858
1859
2592
3750
4837
1419
2905
3398
4170
1049
2700
3914
4721
1049
2694
3165
5069
1363
2472
3725
4539
1363
2289
3165
4747
1363
2961
3165
4858
1499
2592
3498
4318
1363
2566
3914
5027
1499
2961
3914
4539
1499
2592
3914
4539
1363
2961
4091
4539
1859
2592
3858
4539
1859
2566
3498
4311
1859
3022
3750
5118
1723
2531
3891
4950
2043
2248
4072
4539
1499
2248
3858
4460
1499
2592
3108
4539
1859
2592
3858
5015
1499
2452
3901
5118
1859
2472
3914
4962
1859
2592
3858
4837
1859
2472
4009
4858
1859
2472
3914
4170
1859
2592
3858
5015
1859
2592
3858
4962
1859
2472
3965
4837
1859
2592
3858
4837
1859
2472
3965
4318
1363
2248
3108
4494
1363
2566
3108
4494
1363
2592
3802
5036
1363
2649
3504
4962
1363
2961
3504
5057
1363
2961
3858
4858
1859
2592
3802
4539
1859
2566
4009
4837
1363
2961
4072
4858
1499
2592
3108
4539
1499
2592
3108
4837
1859
2472
3914
4835
1859
2472
4009
4858
1859
2748
3498
5015
1899
2209
3504
4962
1157
2350
3268
4931
2041
2411
4009
4950
2043
2788
4009
4950
1157
2907
3268
5118
2041
2411
4009
4934
2043
2907
3966
5118
1499
2350
3782
4747
1859
2566
3893
4311
1859
2592
3893
4858
1859
2566
3108
4934
1859
2907
4009
4962
1859
2985
3891
4934
1867
3042
3952
4625
1557
3021
3542
4221
1959
2612
3585
4414
1959
2813
3307
4676
1049
2314
3725
5029
1561
2748
3802
4889
1419
2813
3914
4170
1561
2748
3914
4747
1049
2813
3662
5057
1049
2925
3725
4122
1049
2877
3952
4132
1049
2452
4054
4494
1049
2961
3613
4962
1049
2990
3858
4494
1049
2748
3885
5118
1049
2813
3901
5036
1049
2820
4054
4539
1363
2472
3914
4170
1049
2694
3987
4889
1049
2748
4008
5097
1363
2472
3965
5058
1049
2649
3904
4654
1363
2566
3504
5057
1049
2961
3901
5058
1049
2694
3904
4747
1049
2162
4072
5097
1363
2918
3965
4835
1499
2592
4072
5012
1777
2619
3428
4161
1155
2964
3783
4931
1049
2985
3901
5114
1300
2150
3603
4414
1049
2801
3782
4318
1049
2889
3904
4835
1049
2097
3901
4351
1049
2649
3987
4934
1049
2162
3893
4494
1049
2694
4054
4311
1049
2905
3284
4817
1049
2905
4006
4858
1049
2694
4072
4414
1049
2694
4054
4170
1049
2700
4072
5058
1363
2472
3504
4318
1049
2905
3824
4835
1049
2649
3108
4654
1363
3022
3914
4170
1049
2905
4054
4351
1049
2694
4054
4539
1363
3022
3858
4318
1363
3022
3782
4318
1049
2694
4054
4414
1363
2472
4077
4858
1049
2694
3750
5058
1363
2472
3504
4926
1049
2694
3750
4170
1155
2925
3413
4983
1653
2529
3976
4494
1049
2411
3259
5052
1049
2883
3782
5114
1049
2907
4077
4747
1049
2905
3893
4318
1049
2905
3904
5027
1049
2907
3782
4889
1049
2905
4008
5118
1049
2905
3901
5110
1049
2961
4077
4335
1049
2905
3965
4539
1049
2694
3603
4539
1049
2694
4077
4934
1049
2905
3824
5027
1049
2905
3824
5027
1049
2905
3893
4817
1049
2694
4077
4747
1049
2694
3523
4494
1487
2694
3504
4837
1049
2694
4077
4351
1363
2918
4077
4335
1049
2694
4077
4769
1363
2472
3802
4539
1363
2248
3802
4414
1049
2694
3108
4311
1049
2905
3824
4335
1363
3022
3725
4318
1363
2820
3802
4858
1659
2813
3467
4820
1924
3071
4077
5114
1049
2314
3690
4494
1049
2097
3674
4494
1049
2905
3987
5114
1049
2907
3284
4889
1049
2905
3893
4950
1049
2905
3498
5058
1561
2905
3270
4824
1049
2905
3891
4858
1049
2905
3824
4858
1049
2592
3891
4494
1487
2976
4091
4747
1049
2905
3965
4835
1049
2905
3965
4835
1363
3022
4077
4771
1049
2700
3885
4858
1049
2905
3108
4934
1049
2592
3824
4494
1049
2694
3613
4835
1049
2694
4009
4889
1049
2592
3824
4494
1363
2820
3413
5012
1049
2694
4009
4494
1049
2694
3987
4494
1049
2694
3750
4782
1049
2694
3725
4631
1363
2820
3413
4858
1363
2472
3965
5112
1049
2694
4009
4539
1049
2694
3858
4837
1363
3022
3965
5015
1049
2905
3965
4858
1363
2918
3498
4539
1049
2694
3858
4769
1049
2694
3965
4817
1363
2472
3802
4858
1363
2472
3914
5027
1363
3022
3858
4837
1363
2961
3504
5057
1363
2918
3498
4414
1363
2918
3498
4858
1363
2820
3498
4858
1363
2820
3914
4508
1363
2961
3965
4335
1363
2472
3108
4858
1363
2566
3914
4858
1363
2961
3914
4858
1363
2961
3108
4858
1049
2694
3965
4311
1363
2961
3914
4858
1363
2592
3504
5057
1363
2592
3504
5057
1859
2472
3802
4539
1363
2592
3914
4858
1363
2961
3504
5057
1363
2961
3802
4858
1363
2592
3504
5057
1499
2592
4009
4318
1499
2592
3802
4539
1859
2472
4009
4837
1859
2918
3858
4351
1363
2592
3504
5057
1859
2472
3914
4837
1363
2918
3965
4858
1859
2472
3802
4837
1499
2592
3965
4747
1859
2592
4009
4837
1859
2918
4009
5015
1859
3022
3858
4318
1858
2989
4088
4875
1981
2925
3901
4934
2043
2788
3891
5012
1499
2801
3966
4889
1900
2248
3987
4318
2023
2694
3914
4837
1900
2592
4061
5118
1859
3022
3782
5015
2041
2592
3893
4962
2041
2592
3108
5114
1499
2889
3914
4962
1859
2592
3965
4962
1859
2985
4009
4858
1859
2592
3965
4837
1859
2592
3914
4335
1859
2592
3965
4769
1755
2995
3673
5059
1931
2467
3558
5079
1457
3007
3736
4120
