1012
331
641
630
542
848
545
776
513
545
513
545
603
628
870
331
641
630
542
780
125
853
545
513
545
513
403
104
664
118
551
989
354
542
780
513
848
853
780
611
780
688
688
848
664
664
118
847
107
641
542
145
816
529
740
965
816
546
816
664
673
609
942
77
1007
1007
44
51
632
68
74
244
74
244
489
664
341
609
862
77
1007
787
146
68
632
1010
125
462
780
693
664
672
478
354
667
542
550
21
734
29
244
74
244
527
452
128
202
968
613
690
702
459
929
112
112
112
735
317
339
685
84
834
667
667
145
816
498
848
965
125
816
965
693
693
128
588
277
613
60
702
459
929
1000
112
112
780
527
693
757
82
942
77
1007
1007
787
68
632
68
816
1010
74
244
780
664
119
551
989
667
630
780
734
63
1006
619
74
489
244
403
664
128
236
961
97
719
719
873
78
553
112
112
112
167
403
409
265
236
961
448
719
388
940
78
160
112
112
112
657
852
118
368
331
354
667
618
916
916
74
888
844
222
313
861
94
961
448
618
60
940
160
112
553
112
112
403
36
676
53
895
77
1007
1007
787
51
38
104
888
844
403
263
94
262
448
728
719
873
940
160
112
112
112
844
167
264
861
94
961
448
719
763
935
361
33
1007
787
112
38
36
315
94
262
97
493
388
16
78
160
112
112
244
465
852
519
672
331
419
630
74
888
104
549
494
888
153
403
403
95
923
202
961
660
690
940
78
78
112
112
112
844
167
190
53
568
799
1007
1007
787
465
133
160
104
112
462
167
36
118
368
331
354
667
452
465
276
688
688
513
888
688
603
711
315
236
356
613
137
690
940
553
333
112
112
112
403
403
664
128
279
62
613
137
690
550
684
684
134
112
965
317
852
664
315
236
356
613
367
690
241
722
578
33
77
1007
787
38
409
265
970
968
613
719
281
684
553
112
112
112
112
693
644
25
942
33
77
326
516
452
361
358
33
1007
787
38
264
450
94
968
613
137
195
722
358
33
39
326
758
38
722
578
682
77
250
47
260
578
358
33
1007
1007
787
38
315
131
958
447
447
151
20
889
889
889
739
889
629
889
739
521
118
478
138
1000
616
943
638
616
616
263
94
262
613
137
196
107
107
550
889
550
1000
145
816
230
1000
498
527
121
722
942
862
326
497
516
906
1487
2567
3231
4848
1419
2905
3888
5059
1879
2567
3300
5058
1879
2567
3413
4926
1281
2567
3690
5011
1879
2592
3690
4955
1499
2800
4054
5094
1419
2567
3869
4221
1499
2592
4054
5112
1281
2567
4009
4508
1499
2162
3888
5118
1859
2472
4079
5015
1499
2567
4039
4170
1879
2567
4079
4384
1499
2936
3674
4810
1281
2567
3108
4747
1499
2567
3750
4508
1879
2472
4054
4132
1281
2961
3674
4926
1879
2567
3111
5058
1397
2567
3932
4320
1419
2905
4054
4567
1281
2567
3300
4132
1281
2567
4039
5015
1281
2567
3690
5058
1363
2791
3888
4171
1281
2800
3498
4494
1281
2567
3674
4539
1499
2567
3747
4747
1419
2735
3950
5112
1879
2567
4087
4384
1499
2735
3888
4384
1879
2592
4054
5118
1879
2567
4009
5115
1281
2791
4054
5089
1499
2791
3750
4810
1879
2567
3933
5115
1499
2119
4087
4747
1879
2592
4009
4962
1879
2472
3858
5015
1879
2567
3950
4962
1879
2592
4079
4654
1879
2592
3952
4654
1879
2592
4079
4305
1499
2472
4009
4747
1397
2696
3914
5110
1419
2119
3231
5089
1879
2119
3950
5089
1879
3012
3935
4763
1281
3012
4009
5089
1879
2936
4009
4494
1879
2567
4039
4962
1879
2791
4009
5089
1879
2592
3933
4539
1879
2592
4087
4810
1879
2567
3869
4132
1879
2592
3750
4810
1499
3012
3108
4769
1879
2592
3950
5012
1879
2936
3914
4810
1499
2936
3951
5112
1900
2791
4061
4926
1130
2791
3747
4955
1130
2472
3951
5015
1130
2119
4009
4654
1130
2472
3869
4384
1879
2592
3858
5012
1879
2592
3869
5012
1130
2472
3950
4962
1879
2566
3950
4962
1512
3021
3664
4180
1127
2234
3736
4259
1487
2791
3698
4183
1457
2857
3951
4494
1300
2412
3810
4810
1049
2119
3950
4625
1049
2818
3810
5037
1049
3008
3869
4625
1049
2936
3777
4763
1049
2976
3928
4654
1049
2791
3777
4769
1049
2791
3777
4810
1049
2628
3690
4132
1049
3008
3951
4747
1049
2119
3674
5094
1049
2976
3869
4384
1049
2976
3869
4695
1419
2567
3802
4221
1049
2628
3824
5089
1419
2936
3690
4285
1049
2791
3674
4747
1049
2961
3777
4132
1385
2906
3598
4827
1455
2905
3458
5090
1218
2612
3504
5094
1755
2277
3904
4792
1701
2262
4077
4119
1959
2567
4077
4800
1959
2612
3843
4414
1049
2452
3777
5089
1911
2813
4077
5094
1454
2567
4009
5094
1049
2452
3888
4810
1049
2800
3888
4170
1928
2567
3933
4539
1049
2976
3673
4695
1499
2567
3690
4539
1803
3008
3119
4170
1419
2628
3901
5112
1419
2961
3904
4705
1419
2567
3111
4705
1928
2567
4039
4508
1499
2748
3802
5089
1419
2961
3802
5089
1454
2700
3802
4810
1814
2837
3316
4675
1814
2686
3834
4765
1755
2249
3940
4202
1485
3022
4072
4503
1701
2177
3662
5108
1959
2813
3869
4494
1959
2905
3914
4985
1561
2694
4039
4926
1843
2936
3674
4937
1843
2800
3504
5118
1843
2567
3901
4414
1419
2567
3951
4414
1300
2694
3951
4120
1419
2472
3764
5029
1419
2961
3725
5112
1496
2567
3950
4508
1419
2936
3504
4835
1419
2813
3935
4654
1419
2791
4072
4335
1419
2791
3719
4508
1419
2472
3504
5057
1803
2119
3747
4835
1327
3071
3664
4357
1397
3041
3690
4179
1843
2791
3690
4714
1397
2800
3944
4201
1561
2869
3903
4175
1049
2350
3950
4810
1561
3008
3810
4397
1300
2789
3869
4494
1959
2936
3824
4494
1419
2419
3914
4494
1049
3008
3413
4747
1419
2800
3413
4539
1049
2976
3777
5089
1049
3055
3888
4810
1911
2119
3914
5094
1419
3008
3933
4335
1049
3009
3674
4484
1911
2412
4072
4589
1049
2961
3690
4335
1049
2818
4091
4589
1496
2333
3802
5089
1354
2457
3819
4906
1813
2210
3373
4714
1807
2249
3431
4399
1659
2119
3682
4714
1521
3021
3431
4624
1300
2412
3888
4741
1457
2567
3662
4818
1690
2412
3107
5013
1690
2544
4077
4695
1959
2544
3931
4624
1959
2412
4077
5089
1457
2567
3613
4714
1959
2412
3940
5089
1659
2552
3619
4695
1959
2451
3242
4770
1561
2567
3473
5037
1561
2447
3890
4384
1300
2700
3413
4335
1049
2700
3931
5022
1561
2412
3940
4539
1959
2567
3473
5112
1959
2567
3270
4729
1561
2649
3909
5112
1959
2905
3914
5112
1911
2567
3473
4422
1300
3012
3413
4567
1049
2936
3165
4739
1561
2936
3260
5112
1561
2976
4039
5112
1049
2791
3413
4705
1300
2412
3533
4132
1049
2330
3951
5089
1049
2976
3869
4384
1561
2961
3690
5112
1049
2976
3950
4810
1300
3009
3804
4145
1049
3009
3987
4654
1300
2936
3824
4508
1049
2791
3725
4431
1911
2791
3690
5112
1911
2412
3951
4624
1049
2119
3725
4384
1928
2971
3904
4305
1419
2567
3674
4962
1327
2554
3880
4113
1652
3021
3622
4588
1397
2746
3165
4455
1807
2412
4077
4810
1843
2119
3473
4695
1843
2350
4077
5037
1995
2248
3107
4985
1561
2818
3600
4852
1843
2412
4077
4985
1959
2700
3802
5089
1959
2815
3555
4567
1843
2700
3777
4183
1049
2976
3888
4852
1049
2800
3888
4335
1843
2700
3778
4705
1843
2700
3698
4335
1349
2700
3888
4183
1049
2700
3869
4695
1911
2412
3810
4539
1115
2412
4039
4567
1371
2462
3987
4539
1419
2314
3951
4335
1424
2268
3909
5068
1424
2177
3231
4598
1583
2693
3869
4620
1755
2877
3447
4293
1959
2248
3904
4937
1959
2813
3929
4457
1959
2649
3307
4539
1561
2791
3335
4926
1349
2791
3506
4624
1911
2119
3388
4705
1049
2119
3901
4431
1049
3012
3698
4695
1300
2700
3530
4387
1049
3012
3698
4714
1928
2936
3802
4539
1371
2434
3929
4335
1928
2567
4039
5058
1928
2248
3951
5112
1454
2700
3413
4150
1496
2412
3869
4539
1928
2813
3869
4539
1419
3008
3869
4539
1419
2412
3950
4539
1397
2289
3824
4799
1843
2936
3951
4567
1928
2700
3413
5089
1049
2119
3690
4431
1419
2119
3674
5112
1928
2567
3903
5115
1419
3009
3869
5112
1911
3012
3888
4508
1419
2567
3413
5029
1496
2700
3888
4335
1723
2412
3177
4567
1911
2813
3300
4132
1419
2800
3413
4539
1300
2649
3888
4656
1911
2748
3916
4539
1843
2818
3504
4150
1419
2162
3413
5058
1419
2936
3891
4508
1419
2936
3901
4170
1419
2936
3903
4539
1419
2791
3504
4338
1928
2700
3284
5112
1653
2248
3942
4335
1664
2747
3558
4763
1181
3069
3951
4810
1653
2248
3413
4384
1252
2165
3929
4539
2023
2735
3950
4830
1371
3009
4087
5118
1653
2694
3725
4539
1653
3009
4072
5094
1252
2248
3725
5112
1419
2788
3504
4962
1928
2788
3858
4335
1281
2813
3674
4335
1499
2800
4009
5052
1928
2748
3413
4624
2043
2248
3690
4150
1454
2411
3413
4384
1499
3008
3782
4311
1879
2248
3782
4858
1499
2472
3858
4962
1281
2411
3950
5052
1252
2592
3901
5011
1397
3042
3782
4950
1558
2579
3508
4567
1331
2740
3652
5112
1298
2255
3869
5058
2023
2890
3464
4338
1496
2452
3893
5118
1653
2748
3674
4539
1628
2314
3782
5112
1419
2411
3951
5114
2023
2694
3413
5058
1419
3008
3933
4858
1928
3012
3887
5052
1281
3012
3935
4733
1879
2248
3987
4962
1281
2748
4088
4962
1499
2976
4072
5012
1928
2813
3674
4950
1879
2800
3940
5118
1499
2813
3951
4934
1879
3008
4072
4810
1879
2472
3674
4950
1456
2976
3824
4335
1397
2567
3747
4368
1858
2905
3725
4567
1928
2905
3810
4934
1419
2818
4072
4539
1419
2800
3950
4539
1928
2567
3933
4494
1879
2700
4091
4494
1879
2248
4072
4539
1928
3008
3824
4539
1928
2544
3802
4615
1879
2248
3935
4539
1281
3008
3933
4460
1499
2472
4079
5112
1879
2818
4009
4926
1858
2592
3725
4539
1928
2412
3869
4769
1499
2961
4072
5015
1879
2472
3674
5015
1928
2544
3869
4460
1653
2411
3942
4970
1588
2332
3542
4861
1521
3069
3558
4567
1653
2905
3398
4810
1252
2165
3904
4539
2023
3012
3437
5094
1454
2990
4077
4654
1419
2452
3526
5118
1928
2748
4009
4510
1928
2791
3777
5114
1419
2791
3933
5015
1281
2791
4009
4311
1419
2813
3951
4858
1419
2961
3750
4934
1928
2452
4009
4384
1879
2748
3869
5015
1252
2976
4072
4384
1879
2472
3782
4539
1879
2936
3782
4835
1928
2961
4087
5094
2043
2592
3690
4962
1454
2411
3413
4132
2042
2333
3762
4242
1535
2699
3760
4593
1755
2649
3839
4334
1755
2694
3904
4318
1561
2162
4088
4955
1843
2649
3413
4414
1561
2976
3929
4296
1049
3009
3824
4962
1911
2813
3869
4296
1454
2162
3824
4311
1499
2472
3904
5114
1858
2592
3674
5114
1879
2592
4087
4132
1879
2985
3901
4837
1879
2567
3904
4837
1928
2592
3987
4810
1879
2592
3858
5114
1879
2748
3869
5015
1879
2452
4009
4950
1557
2771
3986
4862
1788
2905
3812
4341
1748
2232
3727
4414
1653
2248
3933
4927
1252
2905
3869
4891
2023
2314
4077
4835
2023
2877
3893
4934
1157
2748
3893
5015
1419
2350
4072
4835
1858
2592
3935
4539
1419
2961
3778
5114
1879
2472
3933
4539
1928
2592
3933
5012
2043
2248
3725
4747
1281
2411
3690
5052
2041
2472
3674
4889
2041
2472
3674
4170
1879
2800
3950
4950
1281
2936
3933
4835
2041
2592
3725
4889
1281
2985
4039
4835
1397
2854
3987
4835
1392
2374
3504
4961
1287
2344
3542
4416
1807
2225
3363
4862
1561
2147
3891
4539
1653
2976
3740
4150
1456
3012
4077
5079
2000
2165
4072
5112
2023
3008
3824
4145
1748
3009
4039
4539
1454
2248
4039
4170
1481
2881
3428
5079
1523
2748
3914
4539
1701
2452
3804
5003
1561
2813
3824
4747
1419
2248
3950
4414
1419
2314
4072
4858
1419
2748
3674
4858
1879
2936
4072
4950
1281
3009
4072
4876
1879
2472
4039
4837
2043
3009
3933
4384
1397
2088
3653
5112
1660
2105
3237
5054
1181
2863
3647
4853
1653
2248
3987
4103
1300
2097
3909
4539
2023
2976
3413
4150
1496
2990
4077
4460
1903
2452
3909
5058
1653
2567
3824
4835
1419
2789
3268
4654
1928
2248
3966
4835
1928
2567
4039
4889
1454
3009
3893
4875
1928
2889
3951
4889
1928
2567
3690
4835
1496
2857
3107
4132
1454
2592
3869
4335
1928
3009
3802
5089
1928
2985
4079
4835
1928
2788
4087
4654
2043
2567
3725
5118
1928
2411
3674
4835
1397
2567
3933
4368
1928
2567
3869
4539
1928
2813
3690
5118
1499
2567
3725
4539
1928
2567
4039
4539
1879
2248
3933
4539
1928
2592
3940
4835
1281
2592
3690
4810
1499
2472
3858
4539
1281
2789
3690
5012
1499
2472
4039
5089
1879
2248
3108
5112
1879
2248
3858
4858
1879
2248
3782
4858
1879
2567
3782
4384
1879
2567
3987
4132
1879
2567
3725
5015
1499
2791
3108
4830
1281
2592
4009
4747
1879
2976
4009
4769
1928
2592
3987
5094
1392
2822
3986
4178
1284
2453
3504
4567
1807
2225
4008
4494
1049
2869
4039
4484
1653
2567
4077
4889
1252
2567
3690
4835
1371
2788
3839
4810
1928
2567
3747
4955
1928
2567
3976
4810
1454
2350
3869
4539
1252
2567
3950
4934
1499
2567
3942
4384
1928
2567
4039
4170
1499
2791
3888
5118
1499
2567
3698
4508
1281
2791
3987
4934
2043
2119
3413
5089
1879
2567
3764
4810
1281
2119
4009
4384
1879
2567
3725
4830
1858
2567
3111
4853
1666
2264
3736
4210
1455
2905
3274
4690
1755
2382
3504
4145
1755
2277
3530
4494
1561
2877
4077
4949
1561
2925
4077
4938
1561
2452
4077
4972
1803
2162
3530
4422
1843
2119
3901
4414
1419
2925
3747
4985
1419
2907
3987
4835
1928
2813
3893
4926
1419
2350
3725
4654
1859
2472
3904
5015
1499
2472
3725
4539
1928
2813
3951
4539
1454
2800
3530
4539
1879
2748
4009
5058
1499
2119
3952
4654
1928
2119
3777
4889
1879
2566
3690
4837
1879
2472
4054
4150
1397
2276
3914
5089
1843
2694
4077
5112
1928
2905
3901
5112
1928
2936
3747
4714
1928
2936
3951
4539
1928
2791
3690
4567
1454
2800
3824
5094
1928
2592
3933
5112
1252
2314
3824
4835
1252
2748
3966
4170
2023
2694
3725
5114
2023
2961
3690
4926
1928
2544
3869
5058
1879
2735
3674
4654
1928
2592
4054
4145
1879
2472
3750
4926
1928
2791
3869
4460
1879
2472
3951
4955
1928
2162
3690
4384
1454
2592
3674
5058
1879
2162
3824
4145
1879
2472
4079
4145
1077
2291
4091
4432
1558
2225
3742
4494
1331
2930
3398
4936
1298
2255
4039
4950
1807
2412
3340
4747
1049
2869
3940
4494
1653
2567
3940
4508
1723
2412
3447
4132
2023
2971
3940
4335
1049
2789
4053
4905
1419
2350
3674
4610
1049
2789
4054
4705
1419
3022
3750
4540
1928
2248
3940
4684
1371
2818
3904
4654
1419
3008
4072
4335
1454
2411
3530
4950
1454
2421
4039
4170
1928
2791
4008
5118
1454
2567
3690
4769
1928
2567
3690
5058
1371
2412
3674
4810
1879
2813
3674
5015
2009
2383
3878
4514
1410
2255
3235
4905
1284
2968
3796
4799
1457
2907
3885
4259
1049
2869
3888
4459
1700
2378
3672
4244
1300
2700
3802
4494
1843
2567
3802
4455
1959
2791
3802
4494
1700
2791
3802
4414
1995
2529
4008
4335
1843
3022
3933
4459
1300
2119
3506
5112
1049
3008
3819
4962
1561
3022
3690
4695
1300
2936
3450
4705
1300
3009
3940
4447
1049
2330
3901
4351
1049
2976
3777
4351
1300
2789
3119
4431
1049
2467
3698
4695
1300
2789
3903
4285
1397
2248
3119
4318
1743
2457
3380
4763
1815
2209
3662
4733
1801
2478
3473
4621
1807
2412
3327
5079
1049
2789
3698
4927
1049
2350
3383
4695
1515
2333
3802
4786
1049
3008
4052
5052
1049
2976
3698
4714
1049
2813
3698
4539
1346
2529
3183
4620
1555
2978
3452
4568
1535
2317
3929
4282
1755
2877
3719
4720
1523
2905
4072
4119
1755
2452
4039
4938
1959
2162
3928
4965
1561
2936
3778
5115
1843
2976
3504
4119
1300
2961
3950
4508
1928
2452
3413
5012
1755
2694
3843
4494
1743
2457
3496
4579
1815
2855
3356
4215
1700
2638
4077
4977
1807
2412
3327
4926
1300
2905
3414
4447
1049
2350
3890
4132
1515
3022
4054
4714
1561
2119
3966
4625
1300
2700
3951
4961
1911
2628
3802
4747
1300
2968
3822
4681
1300
2976
3869
4705
1049
2628
3869
5112
1252
2248
3843
5011
1049
2619
3690
4431
1049
2791
3987
4705
1049
2800
3987
5041
1911
2748
3933
4539
1049
2791
3530
4705
1928
2119
3802
4384
1979
2344
3704
4760
1878
3065
3918
4678
1455
2905
3476
4350
1535
2506
3885
4949
1485
2728
3662
4678
1701
2777
3804
4510
1755
2968
3530
4119
1959
2452
3802
5089
1561
2452
3802
5089
1959
2936
3777
4150
1561
2064
3111
4315
1874
2123
3671
4539
1481
2877
3238
4919
1755
2818
3904
4421
1959
2529
3183
4494
1959
2344
3307
4829
1959
2552
3778
4318
1959
2567
3577
4539
1300
2694
3987
4539
1300
2905
3901
4508
1300
3000
3300
4384
1062
3058
3342
4636
1558
2402
3739
4414
1759
2255
3555
4349
1700
2097
3839
4567
1807
3022
4077
4695
1807
2700
3950
4508
1561
3008
3802
4905
1959
2412
4024
4684
1959
2800
4008
4335
1489
2247
3261
4414
2042
2978
3413
4598
1535
3001
3938
4454
1755
2850
3621
4830
1755
2137
3942
4589
1523
2452
3935
5110
1457
2813
4091
4150
1561
2789
3909
4140
1049
2452
3940
4184
1959
2119
3557
4175
1300
2813
3690
4508
1489
2340
3409
4970
1745
2575
3226
4129
1604
2453
3104
4651
1535
2890
3467
4661
1535
2801
3436
4751
1755
2321
4008
4786
1755
2949
3764
4835
1959
2818
3826
4456
1300
2452
3942
4810
1723
2552
3782
4864
1814
3061
3986
4867
1584
2914
3355
4414
1535
2117
3760
4384
1485
2123
3904
5022
1755
3050
3690
4620
1755
2928
3259
4810
1561
2976
4077
4318
1903
2787
3674
4654
1959
2162
3297
5112
1049
3008
3933
4934
1394
2818
3259
5110
1700
2791
3824
4970
1627
2589
3928
5036
1604
2179
3496
4886
1521
2700
3073
4472
1521
2700
3694
4937
1755
2986
4006
4353
1397
2912
3942
4799
1755
2215
4049
4221
1397
2567
3504
4314
1397
2181
3888
4170
1397
2314
3923
4589
1397
2567
4072
5093
1397
2567
4006
5090
1397
2181
4091
4889
1397
2567
3944
4889
1959
2463
3929
4872
1959
2905
3890
4496
1397
2976
3890
5093
1561
2905
3909
4221
1397
3041
3783
5096
1397
2181
3888
4549
1397
2694
3690
5087
1487
2314
3523
5089
1487
2925
3890
4170
1700
3055
3986
4670
1397
2567
3782
4335
1843
2412
3890
4494
1487
2619
3890
4858
1487
2419
3890
4536
1397
2976
3504
4132
1843
2119
4077
4351
1959
2412
3523
4494
1843
2905
3504
4934
1959
2905
3690
4281
1487
3008
3890
4962
1843
2936
4077
4625
1843
2936
4077
4961
1561
2905
4072
4351
1392
2876
3704
4432
1998
2540
3578
4504
1807
2283
3542
4460
1487
2869
4091
4720
1843
2350
3504
4494
1959
2905
3674
4830
1843
2788
3839
4414
1755
3000
4039
4848
1659
2700
3940
4829
1397
3008
3111
4747
1397
2412
3950
4858
1700
2936
3931
4539
1755
3041
3844
4459
1397
2432
3931
4387
1300
2700
3473
4935
1659
2700
3843
4183
1049
2700
3231
5096
1843
3012
3473
4373
1561
2936
3300
4695
1561
2628
3698
5112
1700
3008
3504
4705
1700
2800
3504
5112
1843
2567
3802
4414
1959
2462
3690
5112
1049
2818
4054
4494
1959
2412
3690
4351
1049
2800
3231
4876
1959
2694
3870
4508
1455
2854
3424
4459
1443
2292
3854
5026
1535
2705
3716
4150
1755
2300
3621
4766
1755
2091
3473
4681
1755
2705
3940
4335
1659
2700
3887
4318
1755
2857
3929
4539
1755
2644
3928
4695
1959
2378
3933
4122
1457
2976
3931
4494
