194
668
589
199
945
698
475
449
260
358
33
532
941
38
861
803
448
512
16
522
160
160
160
232
232
232
128
925
736
512
447
329
459
932
932
929
621
621
685
991
17
376
376
963
376
376
376
470
431
416
83
341
316
592
458
204
280
280
280
280
280
280
280
572
803
968
512
60
329
932
932
932
932
621
621
685
991
17
17
376
376
376
963
376
963
416
340
83
572
803
968
512
329
329
932
932
932
621
621
621
685
429
609
592
458
204
854
280
280
280
280
280
280
572
460
736
512
329
329
932
932
932
621
621
83
1008
721
803
512
60
329
329
932
932
621
963
416
850
572
460
736
512
60
329
932
932
932
621
621
83
897
316
592
48
854
854
280
280
280
280
280
691
721
803
968
512
329
283
361
985
138
621
621
83
572
925
736
512
16
283
361
39
932
621
621
621
737
578
682
698
475
268
361
358
39
532
941
247
722
682
698
698
475
522
361
358
39
532
941
38
342
925
448
208
522
522
160
160
160
160
232
19
923
925
968
512
447
702
459
932
932
932
621
621
685
991
17
376
963
340
376
963
376
376
222
416
503
53
909
592
669
854
516
280
280
280
280
280
1008
721
803
512
60
329
329
932
932
932
621
621
621
991
991
17
376
963
376
963
376
963
376
416
83
1008
236
803
512
512
329
329
932
932
553
621
621
947
429
609
592
458
204
854
280
280
280
280
280
280
737
721
736
512
60
329
329
932
932
932
621
431
850
572
460
968
512
329
329
932
932
932
125
621
83
1008
236
736
512
512
329
329
932
932
621
621
621
676
53
592
458
48
854
280
280
280
280
280
280
1008
721
803
512
60
329
329
932
276
932
621
621
83
572
460
736
512
60
329
932
932
932
621
621
83
897
316
592
48
854
180
280
280
280
280
280
280
757
82
316
458
48
854
280
280
280
280
280
280
1008
721
736
512
60
329
329
932
932
932
621
621
1008
721
803
968
512
329
329
932
932
932
621
621
340
991
991
17
376
963
376
963
376
963
376
416
83
897
316
592
458
48
854
280
280
280
280
280
691
721
803
512
512
16
329
553
932
932
621
621
416
1008
236
803
512
512
329
329
932
932
932
553
621
685
991
431
17
376
963
963
963
853
125
376
416
83
897
316
592
669
204
854
280
906
1397
3041
3251
4460
1049
2905
4054
4414
1843
3021
3747
4308
1049
2925
4042
4494
1250
2311
3104
4886
2046
2925
3869
4983
1801
2424
4091
4860
1397
2403
3966
5037
1931
2801
3804
4414
1755
2117
3876
5041
1959
2612
3698
4305
1700
2452
3904
4414
1723
2905
3413
5079
1583
2922
3664
5029
1700
2178
3251
4414
1557
2968
4077
4526
1561
2748
4077
5118
1700
2925
4039
4943
1394
2939
3940
4487
1843
2813
3914
4414
1049
2649
3966
4782
1700
2097
3504
4934
2015
2457
3280
4384
1653
2529
3782
4519
1924
2225
3824
5058
1748
2619
3398
5052
1981
3071
3619
4985
1049
2694
3725
4962
1049
2985
4072
5114
1049
2350
3782
4747
1049
2813
3673
5052
1049
2694
3893
4311
1363
3022
3824
4858
1419
3022
3904
4962
1419
2748
3891
4747
1363
2748
3504
5052
1363
3022
4091
5052
1363
3022
3893
4858
1363
2788
3504
5058
1363
2813
3504
5052
1996
2883
4077
4938
1801
2741
3909
4274
1807
2746
3398
4494
1049
2097
3868
4414
1659
2105
3804
5118
1049
2869
3715
5118
1049
2905
3398
4747
1561
2411
4077
4747
1049
2248
3782
4414
1487
2467
3504
4305
1487
3041
3413
4926
1127
3041
3891
4351
1487
2567
3990
4858
1049
2248
4006
4183
1487
2097
3504
4335
1487
2148
4088
4875
1487
2567
4061
4636
1049
2350
4077
4771
1049
2905
3890
4335
1049
2905
3725
4335
1049
2905
3890
4335
1487
3050
3750
4335
1487
2412
4091
4351
1049
2905
3824
5089
1487
2567
3673
4950
1049
2905
3108
5114
1049
2905
3824
4801
1049
2412
3108
4494
1049
2905
3890
4771
1049
2905
3824
4335
1049
2905
3913
5114
1049
2694
4077
4835
1049
2905
3824
4539
1049
2905
4006
4858
1049
2700
3231
4771
1049
2905
3782
4858
1049
2694
4009
4835
1755
2511
4008
4970
1436
2249
3830
4599
2003
2529
3987
4414
1392
2920
4077
4830
1557
2257
3885
4889
1561
3022
4077
4830
1700
2925
3504
4624
1457
2857
3473
4696
1457
2813
3613
4170
1397
2289
4004
4695
1397
2612
3504
4507
1700
2452
4077
4145
1457
2813
3662
5057
1397
2185
3735
4351
1457
2612
3662
4625
1300
2905
3987
5058
1397
2225
3673
5112
1049
2925
4077
4830
1161
2612
3888
4414
1981
2883
3764
5089
1561
2232
4077
4813
1653
2344
3878
4820
1349
2412
4077
4927
1298
3071
4077
4175
1487
2567
3966
4858
1049
2985
4077
5015
1049
2813
4077
4695
1049
2567
4077
5015
1049
2905
3890
4962
1049
2248
4061
4414
1049
2905
3268
4335
1487
3050
3914
5015
1049
2567
3782
5052
1049
2802
3413
4801
1363
2248
3890
4335
1049
2905
3942
4487
1049
2985
4077
4695
1487
2567
3965
4962
1049
2985
3890
4494
1049
2905
3725
5052
1487
2976
4091
4747
1049
2248
3725
4536
1487
2567
3725
4858
1049
2592
4009
4771
1049
2248
3750
4539
1049
2412
3725
4589
1049
2905
3725
4769
1049
2905
3890
4351
1049
2412
3725
4539
1049
2905
4009
4351
1049
2961
3843
4150
1049
2976
4009
4539
1049
2905
3824
5089
1049
2905
3725
4835
1049
2905
3108
4837
1049
2907
4077
4801
1403
2090
3830
4414
1653
2347
4056
4335
1298
2255
3891
4950
1700
2717
3904
4414
1659
2801
3526
4335
1049
2869
3715
4494
1049
2567
3824
5114
1049
2248
3987
4414
1049
2350
3300
5052
1419
2700
3858
5052
1049
2976
3891
4539
1049
2905
3530
5052
1049
2788
3108
4494
1049
2905
3725
4539
1049
2961
3725
4351
1049
2905
3888
4835
1049
2905
3893
5089
1049
2905
3891
4335
1049
2788
4088
4539
1049
2788
4006
4835
1812
2718
3442
4432
1392
2330
3608
4701
1755
2467
3096
4872
1557
3032
3674
4414
1755
2314
3639
4926
1959
3022
4053
4335
1457
2813
3662
4589
1561
2412
3698
4494
1049
2248
3904
4508
1049
2452
3300
4384
1127
3041
3901
4462
1397
2185
3437
5094
1049
2905
4053
4684
1457
2813
3673
4625
1049
2877
3300
4589
1049
2748
3725
4540
1049
2248
4052
4835
1896
2511
3473
4390
1188
2986
3088
4864
1653
2529
4054
4983
1924
2529
3997
5110
1659
3069
4077
5059
1397
2252
3914
4747
1487
2813
3824
4858
1049
2700
3868
4625
1049
2350
3890
4459
1049
2889
3893
4747
1049
2248
3603
4539
1049
2788
3904
5089
1049
2905
3802
4351
1049
3009
3824
5089
1049
2412
3990
4567
1049
2694
3231
4539
1049
2907
3913
4567
1487
2567
3673
4950
1049
2985
3725
4494
2015
2529
3531
5037
1298
3071
3284
4962
1561
2869
3891
5112
1659
2642
3880
5089
1457
2484
3613
4364
1561
2097
3119
4349
1049
2529
3931
4606
1049
2905
3987
5052
1049
2314
3450
4494
1487
2434
3603
4858
1049
2700
4072
4494
1049
2905
3824
4351
1049
2905
3888
4335
1487
2976
3802
5089
1049
2905
3858
4462
1487
2567
4054
4835
1049
2248
3450
4494
1049
2905
4091
5096
1049
2905
3603
4835
1996
2484
3663
4861
1561
2638
4088
4494
1807
3071
3236
5115
1457
2801
3154
4905
1924
3071
3802
4835
1843
2985
4077
4335
1049
2905
3725
4889
1049
2905
3725
5118
1049
2097
3893
5089
1049
2905
3704
4950
1049
2976
4088
4934
1049
2694
4077
4311
1049
2788
3725
4539
1049
2472
3725
5118
1363
2567
3891
4801
1049
2907
3108
4771
1049
2907
4077
5096
1049
2907
3802
4782
1584
2224
3672
4562
1392
3021
3623
4308
1755
2467
3698
4676
1755
2443
3843
5045
1700
2531
3237
4788
1959
2260
3715
4831
1457
2813
3613
4414
1397
3041
3119
4763
1959
2531
4077
4351
1700
2452
3824
4414
1457
2162
3662
5057
1561
2649
4077
5015
1049
2905
4072
5015
1300
2905
3904
4170
1397
2813
3802
5089
1127
3041
3735
4889
1049
2905
3904
5089
1896
2177
4077
4484
1188
2255
3231
4926
1653
2529
3777
4494
1924
2529
4088
4875
1659
2940
3880
4431
1049
2869
4088
4494
1049
2905
3888
4950
1049
2411
4077
5114
1049
2467
4077
5052
1659
2452
3952
4414
1457
2978
4072
4829
1487
2419
3504
4931
1561
2905
3802
5058
1049
2905
3673
4889
1049
2905
3880
4927
1049
2905
3802
4906
1049
2905
3802
4771
1049
2905
3398
4747
1959
3022
4077
5089
1996
2883
3665
5094
1049
2528
4052
4494
1807
2332
3802
4414
1843
3066
3704
4931
1700
2989
4077
4484
1127
3041
3552
4484
1561
2412
3335
4494
1896
2694
4079
4494
1931
2467
3887
5010
1755
2224
3987
4335
1397
3009
3504
4684
1457
2208
3802
4985
1049
2248
3530
4259
1049
2905
3914
4799
1487
2567
3673
5015
1049
2248
4077
5089
1487
2567
3802
4431
1487
2918
3673
4494
1263
2498
3106
4140
1998
2897
4077
4150
1755
2942
3712
4623
2003
2869
3959
4741
1896
2699
3725
4853
1397
2813
3504
4829
1397
2185
4052
5118
1959
2925
4077
5059
1397
3029
4004
5058
1703
2651
3942
4129
1397
2346
3504
4170
1755
2942
3237
4335
1959
2905
3802
4829
1843
2942
3901
4414
1843
2412
3935
4414
1049
2925
3952
4414
1397
2567
3824
4853
2003
2257
3357
4678
1838
2467
3951
4853
1801
2314
3966
4955
1764
2424
3535
4150
1807
2735
4077
4150
1931
2986
3825
4502
1481
2255
3782
4862
1589
2531
4077
4977
2046
2283
3940
4460
1700
2452
3504
5099
1950
2644
4077
4852
1392
3050
3987
4997
1700
2877
4077
4889
1903
2905
3413
4889
1959
2612
3966
4184
1843
2990
3504
5041
1903
2971
4008
5090
1419
2877
3933
4508
1049
2925
3690
4801
1057
2383
3613
4612
1653
2162
3268
5087
1807
2746
4072
4934
1252
2829
3504
5052
1653
2889
3893
4934
1049
2883
3673
4934
2023
3022
3824
4539
1049
2985
3904
4539
1419
2889
3904
4934
1049
2350
3901
4934
1049
2788
3698
4926
2041
2248
4072
4962
1049
2788
3987
4801
2041
2877
3802
4539
1049
2788
3824
4539
1499
2350
3891
4539
1363
2907
3504
5057
1807
2700
3847
4983
1993
2314
3558
4776
1815
3071
3619
4414
1457
2986
3901
4695
1659
2741
3096
4771
1127
2148
3727
4335
1049
2097
4077
4384
1049
2248
3966
4459
1561
2905
3802
5114
1049
2905
3398
4601
1561
3022
4077
4747
1049
2905
3725
5089
1127
3041
3913
4782
1049
2905
4061
4835
1127
2985
3380
4414
1049
2976
4061
4946
1049
2350
3300
4414
1487
2350
3914
5052
1049
2905
3600
5052
1561
2905
3890
4508
1049
2567
3300
4835
1049
2905
3824
4335
1487
2412
3890
4801
1049
2905
3914
4835
1049
2567
3725
4494
1487
2976
3914
5114
1487
2976
4091
5012
1049
2905
3893
4335
1049
2905
3498
5052
1049
2472
3725
4335
1049
2905
3824
4835
1049
3009
4077
4695
1049
2905
3913
5089
1487
2091
3903
4858
1049
2905
3284
5052
1049
2905
3725
4924
1049
2905
3824
4747
1049
2905
3725
4771
1555
2905
3483
4183
1931
2467
3251
4414
1755
2507
3935
5031
1755
2741
3698
4786
1755
2979
3940
5020
1397
2289
3950
4747
1755
3041
3388
4335
1959
2905
4054
4351
1457
2478
3843
4695
1487
2748
3778
4919
1397
2567
3604
4170
1487
2877
3914
4351
1561
2700
4072
4494
1487
2452
4088
4858
1049
2905
4088
4739
1049
2700
4088
4494
1487
3029
3300
4889
1896
2360
3931
4767
1188
2531
3893
4127
1561
2147
3715
4335
1815
2940
4052
4835
1659
2484
4077
4615
2023
2829
3094
5114
1049
2905
3987
4540
1487
2985
4091
4889
1049
2877
4077
4695
1049
2907
3928
4539
1049
2700
3891
4494
1487
2976
4091
4747
1049
2905
3725
4335
1049
2905
3725
5089
1049
2905
3725
4307
1049
2788
3335
4782
1049
2567
3603
4539
1049
2097
3843
4539
1049
2097
4077
4835
1049
2985
3725
4539
1049
2985
3725
4494
1049
2248
3888
4414
1049
2976
3736
4695
1049
2700
4009
4695
1049
2248
3952
4414
1049
2412
3979
4695
1049
2700
3725
5089
1049
2905
3725
4539
1049
2700
3231
4946
1049
2905
3888
4335
1487
3041
4053
4771
1049
2976
4009
5089
1487
2289
3725
4459
1049
2976
3890
4771
1487
2976
3824
4858
1049
2905
3725
5118
1049
2905
3732
4625
1049
2700
3108
5069
1263
2907
3934
4494
1298
2463
3824
4414
1807
2801
4077
4919
1981
2232
3802
5110
1700
2126
4077
4179
1843
2206
3893
4747
1049
3009
3843
4494
1049
2907
4006
4494
1487
2411
3673
4950
1049
2788
4006
4494
1049
2619
3335
4494
1419
2788
4077
4858
1049
2905
4061
4858
1049
2748
4077
4695
1049
2905
3891
4540
1049
2694
3893
4494
1049
2700
3725
4494
1049
2700
3552
4743
1049
2869
3600
4539
1635
2264
3088
4414
1812
2317
3747
4414
1392
3021
3325
4150
1867
2467
3690
4707
2003
2257
3735
4955
1959
2693
4006
4792
1690
2424
3327
4589
1457
2694
3904
4625
1723
2529
3623
4589
1397
2162
4091
4508
1457
2649
3931
4540
1397
2612
3888
4335
1561
2452
3305
4171
1903
3022
3952
4494
1457
2649
3824
4494
1561
2905
3904
4351
1457
2452
3824
5112
1487
2877
3914
4184
1931
2986
4006
5112
1835
2956
3581
5029
1561
2801
4052
4494
1653
2248
3094
5115
1981
2529
4072
4494
1049
2459
3613
4335
1049
2976
3231
4539
1049
2700
3782
5052
1049
2350
3987
4835
1049
2905
4088
4801
1487
2976
4072
4858
1049
2976
3735
4414
1487
2961
3504
4771
1049
2592
4077
4335
1049
2905
3888
5052
1049
2905
3824
4311
1049
2905
4006
4962
1049
2905
3108
4335
1049
2905
4061
4307
1896
2360
3891
4508
1188
2986
4077
4864
1653
2529
3997
4714
1924
2529
3486
5052
1659
2889
3802
5110
1807
2905
3914
4170
1487
2567
3725
4835
1561
2905
4072
4351
1561
2350
4077
4747
1049
2248
3094
5114
1487
2567
3698
4927
1049
2248
3108
5114
1049
2905
3413
5052
1049
2905
3725
4462
1049
2905
3725
4858
1049
2905
3725
4835
1487
3009
3802
4858
1049
2905
3824
5089
1049
2567
3603
4494
1993
2540
4004
5059
1835
2956
3876
4402
1049
2186
3839
4460
1653
2344
3987
4307
1659
2907
4072
4494
1807
2746
3872
5015
1049
2905
3914
4835
1049
2976
4077
4835
1049
2889
4053
4494
1049
2907
3473
4351
1049
2700
3824
4835
1049
2700
3725
4494
1487
3041
3783
4494
1049
2905
3165
4823
1049
2700
3314
4950
1049
2350
4077
4494
1049
2350
3966
4494
1049
2567
3824
4539
1455
3065
3791
4404
2003
2331
3325
4414
1597
2868
4077
4421
1755
2262
3674
4184
1755
2452
3673
4770
1959
2905
4053
5110
1755
2262
3674
4324
1561
2735
3119
4136
1487
3029
3300
4184
1457
2452
4052
4876
1959
2905
3997
4853
1561
2649
3300
4414
1127
3041
3904
4184
1457
2813
3116
4876
1561
2649
4077
4938
1049
2925
4077
5059
1049
2091
3231
4695
1487
2877
4091
4170
1993
2424
3940
4540
1807
2484
4077
4861
1561
2869
3327
4934
1659
2949
4004
4927
1397
2484
3504
4927
1049
2097
3473
4349
1049
2905
4072
4858
1049
2619
3778
4934
1049
2905
3698
4934
1049
2905
3891
4539
1049
2700
3284
4962
1049
2905
3398
4335
1049
2905
3725
4335
1049
2905
3890
5052
1049
2700
3893
4494
1487
2567
3725
4335
1049
2905
4061
4771
1049
2985
3858
4494
1487
2961
4091
5052
1996
2443
3747
4183
1298
2989
3880
4494
1561
2907
3942
5048
1181
2940
3915
4889
1155
3071
4077
4274
1049
2097
3880
4494
1049
2869
3725
4494
1049
2905
3888
4955
1049
2097
4077
4695
1049
2248
3942
4414
1049
2889
3268
4459
1049
2869
3987
4494
1049
2905
3750
5015
1049
2905
3467
4983
1487
3041
3893
5110
1049
2905
3893
4364
1049
2905
3893
5118
1049
2869
4077
4747
1455
2090
3363
4414
1886
2905
3398
5003
1755
2925
3673
4830
1931
2813
3690
4414
1959
2452
3307
4593
1700
2314
3504
4179
1959
2162
3388
4889
1843
2649
3504
4972
1959
2612
4077
4695
1300
2412
3878
4747
1903
2905
3909
4589
1300
2424
4091
4305
1843
2412
3904
4539
1959
2452
3388
4170
1843
2877
3914
4414
1049
2925
3335
4494
1049
2452
4088
4494
1457
2813
3829
4695
1049
2877
4006
4494
1455
2506
3261
4414
1788
2700
3987
4739
1392
2993
3096
4800
1755
2649
3887
4503
2003
2529
3500
4747
1959
2452
3778
4414
1481
3071
4077
4175
1959
2649
3802
4999
1457
2452
3942
4695
1700
2699
3778
5089
1457
2877
3307
4145
1457
2649
3929
5069
1700
2412
3529
4770
1723
2529
3388
4714
1127
3041
3901
4889
1487
2925
3914
4335
1049
2452
4088
4625
2003
2511
4072
4853
1188
2531
3880
4384
1049
2232
3942
4858
1924
3071
4077
4615
1659
3069
4077
5112
1981
3071
3300
4414
1049
2905
3893
4170
1049
2248
3942
4567
1049
2985
4072
5015
1049
2905
3880
4962
1487
2289
3893
4494
1049
2961
3891
4494
1049
2248
3824
4414
1487
2985
3725
4858
1049
2905
3891
4858
1487
2289
4008
4414
1049
2472
3888
5059
1049
2905
3824
4835
1807
2995
3107
4414
1993
2314
3854
5041
1815
3071
3782
4983
1815
3071
4077
4823
1561
2162
3727
4414
1700
2746
3504
4889
1049
2097
4077
4835
1487
2567
3725
5052
1049
2350
3300
4858
1049
2748
3979
4335
1049
2905
3893
4962
1049
2248
4072
4455
1561
2905
4061
4747
1049
2350
3903
4539
1049
2905
3725
5079
1049
2905
3914
4726
1049
2350
4006
4494
1049
2905
3914
4835
1049
2905
3880
4335
1049
2905
4088
5052
1487
2985
4091
4771
1049
2905
3824
4335
1049
2976
3914
4539
1049
2905
3725
4858
1049
2700
3108
5089
1049
2567
3725
5015
1049
2905
3725
4351
1049
2592
4009
5118
1049
2700
3888
4494
1049
2592
3108
4494
1049
2976
3824
4494
1487
2567
4091
4414
1049
2700
3725
5089
1049
2694
3725
4747
1487
3041
4009
4837
1049
2700
3108
5089
1049
2976
4009
5118
1867
2769
3747
4970
1812
3063
3598
4296
2003
2531
3413
4414
1755
2329
3764
4132
1557
2330
3802
4384
1397
2434
3804
4817
1700
2412
3751
4414
1561
3008
3300
5110
1959
2813
4077
4589
1127
3041
4004
4835
1487
2452
4091
5096
1457
2694
4052
4739
1561
2649
3888
4455
1049
2905
3904
5022
1397
2733
3888
4170
1561
2905
3901
4335
1049
2905
4088
4926
1127
3041
3727
5058
1057
2424
3619
4938
1049
2885
3966
4494
1298
2463
3413
4950
1843
2660
3613
5114
1653
2529
3997
4334
1653
2905
3305
4364
1049
2869
3987
4494
1049
2877
4042
4494
1049
2788
4077
5022
1487
2788
3914
4170
1049
2472
3300
4858
1049
2905
3725
5015
1049
2905
3398
4747
1049
2813
3725
4934
1487
2567
3802
4962
1049
2905
3108
4962
1049
2905
3725
4539
1049
2905
3725
4539
1487
2907
4091
4351
1896
2769
3737
4494
1188
2877
4054
4934
1300
2186
3096
4625
1659
2105
3613
5058
1700
2907
3504
4494
1700
2383
3704
4494
1049
2905
3725
5079
1049
2905
3413
4889
1049
2905
3893
5112
1049
2905
3802
5114
1049
2905
3942
4771
1561
2412
3603
4494
1049
2248
3893
4539
1487
2350
3914
5114
1049
2905
3987
5015
1561
2700
3893
5069
1049
2700
3888
4911
1049
2905
3888
5052
1049
2905
3725
4431
1049
2905
3893
4335
1049
2905
3284
4462
1487
2567
3725
4801
1049
2905
3725
4539
1561
2905
3802
4747
1049
2905
4006
4950
1049
2905
4006
5118
1049
2905
3802
5096
1049
2905
3725
4170
1049
2700
3824
4771
1049
2961
3231
4539
1487
2961
3914
4858
1049
2976
3165
4494
1049
2905
3914
4351
1049
2905
3824
4835
1049
2905
3725
4858
1363
2248
3504
4494
1363
2472
4077
4837
1455
2498
3843
4484
2032
2905
4056
4665
1931
2434
3198
4414
1557
2884
3149
4540
1690
2314
4077
4447
1561
2905
3802
5095
1457
2262
3764
4971
1561
2976
3839
4414
1959
2452
4077
5059
1457
2813
3778
4494
1457
2694
3901
4889
1457
2694
3725
4654
