306
870
668
668
542
482
29
121
195
11
694
694
165
728
193
102
553
102
484
666
666
666
828
639
552
349
628
956
251
995
787
891
732
431
732
979
543
104
888
104
79
788
711
956
864
251
509
995
80
979
254
979
951
509
509
749
566
979
979
902
446
11
694
165
193
193
193
102
102
666
666
666
666
828
828
828
349
349
956
712
148
326
497
516
497
632
632
632
638
953
739
953
638
167
334
715
46
646
148
978
425
835
197
212
870
731
511
497
638
497
638
339
737
11
694
165
165
16
388
52
135
666
666
666
666
666
349
349
349
349
956
956
251
995
787
80
732
979
732
979
853
372
104
79
79
902
109
956
956
251
995
787
758
254
223
212
870
479
566
566
979
431
79
902
757
11
694
694
165
193
193
102
160
666
666
666
666
828
828
349
349
349
956
712
895
9
516
497
638
632
638
632
638
1000
638
149
689
149
638
748
715
444
646
425
497
496
632
121
212
870
731
511
290
497
638
638
850
11
694
694
165
728
193
52
52
666
666
666
666
666
639
167
349
349
956
956
251
646
577
326
497
638
632
638
632
638
953
257
638
638
527
850
956
956
646
646
454
496
514
771
121
212
956
731
290
497
638
527
850
737
11
694
165
728
193
52
276
52
666
776
666
666
636
410
349
349
956
956
646
148
48
44
516
758
734
979
424
953
618
489
142
771
287
779
928
646
22
9
758
835
223
711
822
479
731
511
290
497
638
195
11
694
694
165
728
193
52
135
256
947
266
174
725
291
449
449
852
264
956
646
174
725
725
449
449
726
647
647
633
541
138
707
433
735
452
715
46
886
646
425
707
690
735
256
776
63
619
433
735
433
788
788
263
11
147
165
165
193
193
52
256
256
389
408
91
1015
707
437
735
956
956
646
479
995
707
707
816
431
816
735
63
481
138
707
735
575
287
779
951
551
444
707
256
735
433
982
786
91
419
707
735
788
263
11
694
694
165
728
16
684
256
256
431
453
606
453
606
437
735
527
664
118
956
251
995
707
431
816
735
317
735
816
195
319
725
647
437
647
84
834
354
667
965
134
647
990
167
673
319
725
291
449
437
647
647
339
265
694
355
260
148
725
684
684
684
453
684
606
453
606
437
735
264
956
444
227
707
317
145
906
1077
2803
3377
4905
1077
2829
3410
4931
1561
2869
3526
4478
1561
3017
4077
4945
1561
2709
4087
4927
1127
2986
3804
4871
1561
2459
3804
5095
1127
2350
3608
4357
1397
2097
3284
4292
1561
2412
3107
4601
1127
2986
3673
5015
1127
2781
3919
4983
1457
2350
3647
4714
1561
2700
3107
4536
1765
2160
3493
4678
1992
2986
3096
4431
1851
2529
3237
4447
1541
3032
3208
4625
1234
2529
3304
5099
1192
2890
3704
5094
1664
2141
3806
4318
1103
3066
3296
4795
1192
2885
3475
4931
1404
2890
3526
4296
1103
3071
4061
4539
1331
2890
3684
4510
1188
2439
4077
5056
1641
2135
3966
4853
1298
2829
3495
4820
1816
2956
3504
4853
1780
2255
3893
4871
1298
2459
3893
4462
1641
2225
3454
4538
1377
2088
3987
4274
1404
2209
3504
4457
1653
2700
3595
4422
1284
2257
4008
4480
1127
2325
3673
4770
1652
2457
3971
4201
1127
2564
4036
4508
1878
2232
4085
4967
1365
2540
3342
4625
1816
2529
3982
5040
1755
3017
3268
4302
1764
2529
3802
5012
1700
2529
3581
4711
1287
2540
4093
4414
1561
3066
3942
5052
1801
2820
4077
5110
1959
2788
3802
5099
1815
2985
4077
5110
1659
3017
3377
4934
1181
2989
3901
4950
1049
2135
3698
4477
1903
2325
4042
4539
1653
2918
3818
5058
1981
3071
3704
4950
1628
2325
3398
5058
1252
2788
4088
4318
1748
2277
4042
4886
1252
2918
3398
5114
2023
2097
3802
4177
1653
2985
3398
5027
1049
2135
3526
4318
1748
2248
3893
4858
1194
2340
3915
4104
1565
2920
3672
4494
1523
2135
4077
4845
1062
2869
4094
4690
1755
2452
3268
5008
1755
2150
3107
4721
1959
2748
3914
4983
1700
2148
4077
4351
1561
2325
3096
4906
1801
2748
3268
4120
1561
2649
4094
4546
1653
3017
4088
4422
1049
2619
3891
4374
1049
2186
3598
4860
1077
2889
3268
5112
1077
2907
3990
4201
1487
2350
3300
4927
1127
2788
3990
4508
1049
2325
4077
4546
1487
2097
3504
4934
1487
2788
3673
4911
1252
2700
3868
5115
1049
2788
3901
4782
1653
3022
3824
4771
1150
3022
3915
4962
1748
2325
3880
4889
1562
2883
3629
5068
1078
2453
3982
4907
1851
2330
3143
5108
1280
2330
3552
4533
1103
2476
3691
4903
1192
2883
3268
4451
1404
2869
3880
4120
1641
2343
3904
4593
1331
2883
3268
4654
1404
2057
4072
4546
1641
2986
3804
5015
1331
2612
3268
4889
1404
2976
4061
5090
1641
2224
3268
5037
1331
2694
3495
4132
1981
2325
3966
4201
1324
2350
3764
4889
1298
2788
4072
5015
1181
2869
3987
4201
1924
2216
4061
4926
1404
2964
3704
4983
1653
2325
3952
5015
1298
2360
3268
4955
1457
2439
3613
4810
1652
2105
3339
4670
1127
2781
3495
4820
1365
2801
3986
4416
1878
3071
3296
4965
1627
2962
3321
4498
1254
2057
3193
4750
1133
3021
3261
4898
1535
2088
3510
4621
1403
2418
3820
4459
1218
2579
3410
4536
1755
2467
3268
5041
1755
2434
3839
4522
1755
2232
3819
4357
1755
2890
3605
4695
1755
2869
3935
4695
1755
2540
4036
4335
1755
2150
3454
4258
1755
2090
3885
4459
1284
2540
3829
4459
1397
2824
3325
4456
1801
2529
3237
4695
1755
2484
3802
5115
1700
2232
3802
4414
1457
2918
3231
5013
2038
2801
3970
4562
1397
2748
3504
4823
1523
3071
3997
4459
1457
2350
3542
5093
1460
2677
3504
4494
1031
3066
3296
4562
1521
2257
4019
4929
1410
2995
3360
4414
1909
2068
3313
4126
1801
2344
3872
4860
1813
2825
3304
4259
1816
2276
3904
4335
1557
2972
3971
4414
1788
2439
3727
4990
1521
2642
3504
4374
1807
2540
3966
4351
1077
2321
3924
4770
1077
2885
3671
5119
1807
2424
3218
4242
1353
2545
3504
4937
1485
2165
3542
4545
1218
2869
3197
4276
1755
2165
3997
4695
1218
2325
3662
4862
1161
2978
3735
4276
1755
2930
3537
4472
1755
2824
3503
4221
1410
2540
3802
4656
1755
2869
3289
4610
1755
2412
4094
4276
1935
2625
3313
4743
1069
2692
3969
4871
1037
2869
3608
4657
1132
2457
3261
4382
1112
2082
3872
4509
1851
2529
3791
4891
1641
2529
3802
5093
1798
2216
3758
5079
1031
2443
4042
4418
1664
2171
3904
4447
1367
2949
3104
4335
1192
2516
3915
4447
1659
2141
4077
4447
1103
2412
3834
5114
1192
3022
4072
5118
1521
2257
3997
4258
1780
2150
3517
4447
1404
2412
3398
4494
1324
2325
3413
4179
1377
2314
3413
4795
1404
2457
3802
4272
1324
2073
3915
4374
1284
2758
3231
4510
1457
2369
3260
4743
1327
2463
3296
4820
1457
2165
4042
4522
1535
2255
3357
5068
1485
2135
3558
4926
1365
2696
3517
4258
1801
2748
3268
4414
1764
2255
3536
4508
1755
2731
3772
4593
1801
2459
4087
4810
1959
2325
3504
4374
1457
2986
3665
4771
1807
2907
3096
4771
1700
2986
4008
4414
1843
2619
3504
4153
1181
2989
3284
4977
1843
2135
3504
4170
2023
2325
3802
5093
1653
2350
3802
5089
1981
2529
4042
4823
1685
2216
3111
4977
1252
2314
4077
5114
2023
2325
3802
4889
1777
2452
4008
4830
2023
2883
3802
4615
1653
2985
3802
4962
1252
2135
3284
5058
1181
2956
3504
5114
1653
2452
3526
4510
1365
2529
3342
4220
1062
2869
3996
4593
1359
2696
3410
4751
1523
2709
3929
4414
1755
2350
3478
4440
1755
2788
3504
4860
1700
3066
3372
4743
1801
2261
3914
4858
1300
2709
4077
4983
1700
2529
3478
4150
1457
2788
4072
5114
1653
2109
3504
4817
1127
3017
3603
4726
1077
2619
3107
4601
1397
3022
3268
4895
1487
2907
3467
4820
1457
2949
4042
5115
1487
2883
3997
4858
1487
2325
3698
4170
1252
2700
3802
4931
2023
2700
4054
4876
1049
2949
3698
5118
1252
2788
4006
5114
1049
2813
3893
4747
1150
2985
3966
5118
1157
2788
3782
4889
1748
2314
3268
5012
1483
2740
3524
4431
1369
2268
3146
4770
1992
2740
3261
4625
1291
2425
4008
4628
1125
2604
3325
5094
1331
2411
3950
4470
1851
2801
3673
4384
1641
2694
4072
4484
1331
2411
3268
4853
1404
2883
4072
4862
1641
3069
4072
4876
1331
2694
4072
5118
1404
2694
3893
5058
1641
2638
3325
4927
1298
2135
3704
5095
1981
2325
4061
4830
1324
2985
3764
4876
1298
2907
3891
4747
1181
2985
4008
5058
1723
2216
4088
4926
1404
2758
3486
4889
1077
2088
4074
4823
1261
2746
3104
4274
1127
2817
3868
4478
1169
2855
3697
4414
1127
2435
3454
4538
1878
2949
3830
5027
1774
2619
3608
5063
1409
2340
3073
4839
1392
2529
3333
4127
1755
2877
3514
4481
1626
2801
3107
4838
1813
2177
4077
4604
1755
2350
3710
4593
1218
2314
3662
4891
1535
2439
3885
4583
1652
2467
3410
4416
1218
3021
3313
4335
1755
2088
4094
5008
1755
2150
3812
4889
1755
2619
3802
4601
1755
2885
3437
4782
1460
3021
3398
4934
1755
2694
3872
4456
1755
2829
3260
4484
1755
2918
3893
4714
1755
2165
3165
4335
1755
3017
3891
4494
1755
2717
3990
5115
1127
2097
3313
4782
1755
2801
3735
5089
1755
2165
3782
4983
1755
2109
3802
5033
1037
2940
3377
4695
1755
2949
3885
4459
1813
2822
3822
4726
1521
2529
3552
4554
2003
2677
3872
4678
1460
2257
3327
4494
1397
2986
3802
4184
1755
2788
3844
4459
1521
2257
3289
4771
1284
2257
3261
4335
1659
2540
3500
4388
1755
2949
4036
4624
1520
2693
3104
5098
1397
2105
3915
4911
1959
2135
4077
5114
1396
2330
4077
5068
1359
2421
3819
4440
1218
2412
3253
4201
1964
2696
3260
4358
1218
2693
3377
4877
1218
2412
3104
4903
1755
2985
3261
4695
1755
2777
3990
4695
1261
2232
3662
4877
1755
2788
3802
5069
1954
2387
3495
4723
1992
2284
4027
4904
1631
2869
3485
4447
1132
2869
3339
4795
1560
2302
4052
4447
1031
2841
3939
4806
1664
2141
3939
4891
1231
2257
3595
4695
1031
2661
3804
4891
1188
2709
3735
4414
1103
2529
3990
4695
1284
2855
3625
4201
1188
2905
3589
5118
1641
2463
3625
4891
1192
3022
3872
4460
1659
2325
3104
4695
1798
2463
3727
4538
1284
2484
4042
4414
1588
2463
3682
4876
1700
2885
3504
4906
1404
2209
3119
4676
1457
2949
4077
4217
1284
2073
3608
4615
1457
2325
4036
4201
1652
2660
3982
4494
1062
2880
3653
4504
1535
2232
3504
4624
1818
3021
3467
4526
1523
2325
4087
4478
1755
2657
3386
4720
1604
3008
3225
4582
1651
2257
3747
4844
1813
2604
3598
4477
1755
2119
3440
4201
1161
2791
3517
4542
1755
2057
3951
4926
1161
2411
4077
5036
1755
2619
3261
4755
1407
3021
3804
5108
1755
2883
3268
4934
1755
2412
3839
4853
1755
2350
3237
4795
1755
2082
4036
5058
1755
2088
3782
4636
1755
2097
3802
5110
1755
2801
3804
4220
1755
2463
3270
4799
1755
2788
4087
4853
1755
2986
3299
4633
1755
2777
3377
4514
1397
2321
3802
5057
1755
2885
3673
4876
1755
2850
3508
4970
1485
2869
4077
4624
1535
2109
3083
5112
1813
3032
4006
4615
1583
2619
3747
4814
1392
2085
3413
4771
1755
3032
3802
4374
1652
2529
3652
4889
1755
2964
3698
4950
1700
2869
3802
4215
1801
2905
3758
4539
1755
2949
3802
4299
1659
2986
4077
4351
1755
2907
3822
4624
1261
2905
3504
4690
1755
2270
3096
5058
1359
2257
3368
5068
1359
2330
3473
4905
1218
2788
3749
4536
1218
2412
3608
4522
1218
2619
3284
4743
1218
2529
3410
4608
1755
3017
3154
4728
1755
2248
3885
4335
1755
2232
3523
5112
1755
2412
3893
4889
1367
2484
3872
4536
1314
2522
3780
4146
1132
2232
3939
4352
1367
2257
4052
4871
1464
2150
3104
4221
1664
2439
3939
4717
1132
2885
3872
4225
1410
2746
3526
4795
1631
2581
3993
4418
1641
2885
3868
4259
1305
2457
3296
4540
1404
2412
4077
4919
1641
2209
3542
4414
1410
2758
3305
4251
1404
2412
4077
5056
1798
2412
3872
4586
1284
2855
3504
4929
1807
2869
3284
4601
1815
2412
3872
4860
1284
2638
3888
4459
1181
2529
4088
4484
1801
2885
3260
4743
1807
2850
4036
4459
1521
2457
3987
4335
1261
2459
3339
4592
1535
2109
3802
4572
1353
2529
3850
5033
1520
2148
3608
4119
1457
2321
3904
4766
1567
2857
3422
4414
1651
2544
4077
4240
1583
2350
3607
4322
1557
2788
3824
4371
1815
2869
4077
4459
1755
2644
3987
4711
1807
2700
3950
4950
1801
2694
3268
4508
1807
2890
3782
4878
1815
2700
3824
4335
1801
2649
3804
4561
1959
2619
4006
4955
1959
2985
3802
4876
1777
2109
3802
4414
1815
2412
4077
5110
1843
2452
3504
4830
1959
2225
3893
4601
1049
2314
3951
4484
1300
2612
4031
4422
1777
2918
3647
5115
1899
2380
4030
4934
1069
2147
3596
5110
1641
2989
4093
5029
1305
2967
3868
4970
1455
2804
3712
5099
1735
2134
3662
5040
1813
2424
3467
4296
1816
2717
4094
4414
1759
2889
4077
4945
1404
2344
3824
5041
1324
2467
3935
5118
1801
2677
3893
5041
1457
2141
3268
4592
1801
2350
4052
4508
1298
3022
4077
4318
1261
2516
3697
4964
1077
2370
3104
4720
1457
3063
3966
4201
1250
2545
3096
4693
1878
2956
3608
4148
1218
2434
3982
4414
1818
3021
3704
4938
1218
2680
3939
4881
1261
2890
3850
4872
1218
2764
3260
4695
1218
2824
3872
5068
1755
2777
3735
4549
1935
2625
3795
4459
1069
2692
3969
4447
1280
2109
3939
5071
1323
2185
4095
4447
1560
2302
3339
4780
1031
2756
3931
4905
1037
2439
3119
5109
1231
2511
3504
4549
1031
2255
3478
4967
1631
2257
3931
4173
1132
2255
3388
5056
1410
2347
3495
4281
1404
2118
3782
4459
1641
2193
3868
4335
1410
2225
3495
4705
1631
2957
3697
4830
1729
2959
3401
4129
1562
2638
3743
4398
1791
3046
3303
5063
1567
2572
4056
4540
1709
2332
3437
4487
1403
2321
3927
4795
1436
2199
3406
4891
1998
2940
3868
5115
1565
2525
3504
4964
1813
2516
3674
5110
1557
2529
3909
4601
1878
2126
3558
4964
1535
2484
3762
4201
1736
2728
3577
4604
1422
2516
3339
4914
1737
2661
3976
4795
1517
2741
3598
4743
1517
3026
3598
5025
1567
2552
3604
4414
1403
2746
4079
4414
1436
2815
3104
4983
1191
2879
3631
4414
1764
2748
3933
4495
1788
2567
3647
4795
1801
2619
3802
4364
1175
2219
3697
4931
1896
2544
3847
4318
1737
2960
3830
5008
1690
2868
3970
4459
1626
3000
3621
5114
1175
2088
3736
4946
1626
2775
3935
4508
1175
2489
3987
4924
1175
2097
3600
4592
1801
3022
3959
4153
1701
2445
4039
4274
1701
2818
3269
4862
1146
2940
3944
4399
1103
3066
3638
4983
1327
2967
3600
4749
1573
2117
3712
4137
1057
2971
3834
4853
1813
2677
4077
4862
1896
2297
4056
4540
1801
2206
3360
4861
1690
2344
4031
4720
1798
2404
3464
4364
1801
2459
3526
5058
1181
2697
3398
4889
1175
2216
3585
4771
1404
2660
3486
4625
1815
2957
3300
4720
1813
2567
3111
4308
1801
2764
3356
4945
1896
2741
3268
5089
1175
3069
3373
4771
1815
2344
3732
4771
1807
3028
3704
4755
1701
2801
3526
4431
1175
2989
4006
4695
1764
2801
3931
4351
1300
2700
3674
4820
1801
2459
3600
4969
1494
2641
3156
4702
1992
2340
3348
4732
1238
2781
3983
4990
1255
2801
4052
4484
1158
2741
3478
4636
1192
2344
3942
4871
1051
2528
3783
5113
1132
2717
3924
5089
1057
2216
3966
5089
1998
2746
3313
4318
1132
2773
3340
4714
1610
2612
3386
4695
1391
2964
3600
4389
1565
2699
4070
4977
1410
2105
3495
4695
1631
2451
3225
4249
1084
2960
3581
4291
1915
2544
4030
4414
1631
3029
3909
4745
1558
2105
3891
4108
1031
2225
3512
4593
1701
2626
3574
4354
1597
2855
3327
4122
1813
2759
3931
5048
1565
2940
3913
4308
1537
3021
3558
4522
1755
2225
4088
5048
1535
2986
3272
4999
1812
2905
3932
4606
1535
2949
3867
4624
1535
2437
4094
4119
1755
2467
3508
4398
1755
2763
3600
4886
1764
2255
3589
4861
1755
2801
3890
5052
1755
2918
3585
4906
1755
3066
3698
4969
1801
2697
4079
4924
1284
2257
4072
4695
1755
2350
3504
5052
1755
2567
4030
4459
1635
2344
3698
4924
1410
2579
3237
4414
1867
2255
3288
4695
1701
2883
3094
4624
1813
2968
3119
4539
1175
2463
3598
4864
1755
2233
3880
4927
1626
2506
3795
4946
1896
2484
4077
4184
1367
2717
3475
4924
1367
2516
3806
4835
1631
2660
3284
4886
1798
3066
3268
4743
1062
2556
3979
4364
1460
2457
3712
4242
1626
2949
3268
4494
1284
2771
3712
4858
1521
2660
3743
5069
1410
2957
4042
4733
1175
2709
3970
4299
1457
2986
4088
4924
1284
2957
3237
4539
1815
2463
3094
4201
1175
2086
4054
4924
1597
2709
3504
4853
1186
3047
3710
4972
1788
2528
3710
4351
1996
2801
3931
4127
1801
3051
3208
4624
1175
2709
3585
4782
1801
2567
3880
4459
1127
2148
3903
4175
1801
2105
3891
4763
1801
2567
3929
4927
1935
2823
3401
4965
1069
2692
3830
4130
1051
2088
3699
4103
1132
3047
3390
5023
1560
2302
3101
4263
1031
2314
3319
4925
1664
2824
3511
4478
1132
2177
3802
4967
1031
2255
3960
4639
1631
3003
3796
4799
1323
3029
3578
4695
1410
2567
3868
4285
1631
2577
3608
4695
1132
2890
3447
4924
1410
2206
4042
4285
1838
2513
3356
5114
1231
2257
3600
4512
1813
3069
3685
4561
1664
2439
3913
5105
1161
2660
3613
4893
1813
2459
3526
4946
1521
2257
3890
4924
1367
2257
3600
4800
1755
2709
3600
4715
1521
2105
3865
5037
1813
2404
3824
4318
1755
3009
4042
5112
1896
2463
3335
4414
1813
2918
3119
4219
1818
2257
3715
4924
1353
2529
3600
5028
1755
2325
3940
4401
1755
2874
3268
4919
1755
2781
4036
4950
1565
2802
3802
4839
1755
2677
3869
4861
1755
2907
4061
5029
1626
2484
3365
4321
1755
2788
3600
5087
1755
2567
3850
4460
1755
2788
3764
5037
1896
3071
3802
4676
1755
2985
3653
4695
1701
2314
3231
4924
1755
2350
3893
4924
1896
3033
3952
4103
1191
2307
3595
5042
1392
2057
3259
5112
1996
2940
3710
4971
1557
2130
3478
4106
1557
2206
3712
5056
1896
2905
3600
5077
1626
2505
3495
4600
1755
2452
4042
4953
1161
2905
3388
4924
1755
2862
4042
5037
1896
2971
4055
4305
1626
2741
4004
4695
1523
2889
3802
5059
1755
2936
3880
4636
1701
2907
4088
4414
1701
2566
3674
4184
1175
3008
3818
5029
1755
2243
3802
4636
1626
2746
3600
4763
1801
2567
4077
4924
1755
2695
3325
4924
1626
2976
3844
4924
1744
3000
3844
4283
1650
2989
3856
4237
1403
2660
3304
5006
1191
2544
3802
4278
1354
2406
3327
4449
1996
2815
3732
4283
1788
2971
3802
4561
1812
2544
3526
4662
1270
2257
3585
5029
1626
2484
3810
4875
1626
2525
3388
4314
1175
2619
3600
4625
1896
2206
3486
4305
1107
2512
4092
4680
1158
2321
3804
4187
1661
2270
3325
4120
1912
2528
3619
4633
1848
2764
3817
4343
1662
2728
3439
4129
1507
2117
3464
4694
1191
2113
4022
4943
1848
2855
3403
4418
1390
2857
3292
4230
1753
2294
3796
4201
1028
2064
3386
4826
1031
2380
3236
4864
1569
2980
3210
4967
1735
2660
3665
4891
1631
2968
3796
4773
1565
2150
3447
4893
1410
2380
3327
4761
1631
2660
3880
5011
1161
3012
3581
4893
1813
2255
3208
4695
1964
2186
3662
4849
1270
3069
3802
5041
1755
2800
4042
4201
1407
2712
3410
4459
1535
2956
3674
4276
1635
2248
3712
4755
1626
2693
3745
4422
1626
2956
3704
4795
1755
2121
3552
4983
1813
2463
3604
5042
1161
2257
3600
4977
1755
2885
3997
5011
1755
2709
3869
4351
1755
2350
3600
4364
1755
2254
3747
4946
