194
178
480
39
981
47
283
57
480
106
192
192
195
131
42
262
297
573
573
982
716
107
885
848
409
178
57
106
981
192
192
492
996
141
480
106
981
940
283
716
480
106
981
47
178
57
480
106
981
192
492
266
942
862
697
510
510
587
716
480
491
981
730
283
716
480
106
981
192
364
195
178
870
106
981
981
940
716
716
480
106
47
982
178
57
106
981
192
364
492
263
42
1001
297
137
690
20
684
283
692
735
227
827
149
827
149
827
827
827
827
913
57
480
138
827
257
827
149
827
827
622
57
138
149
827
257
827
827
339
676
942
862
326
716
716
39
188
188
340
785
730
785
1000
785
257
735
149
827
149
785
227
827
433
257
827
735
195
178
57
106
106
283
716
480
106
735
42
42
262
297
573
281
117
117
553
622
42
42
297
573
573
276
735
735
788
673
178
57
106
981
981
192
364
364
452
178
57
106
981
192
192
735
788
50
661
862
697
587
716
39
866
188
188
188
776
730
730
619
730
545
513
71
813
813
813
813
813
153
153
153
153
788
996
178
480
106
981
283
716
480
106
47
42
958
297
297
573
117
117
117
117
283
178
480
106
573
192
192
364
364
492
109
178
57
480
106
981
192
364
364
492
622
178
480
106
981
192
192
364
167
313
661
942
697
646
716
866
188
188
188
730
730
730
730
730
975
975
975
813
813
813
813
813
813
813
774
774
774
232
232
996
57
480
106
587
716
57
106
981
263
42
1001
297
573
573
117
117
117
167
982
178
42
297
297
573
573
276
117
492
757
178
57
480
106
981
192
364
364
982
178
480
106
981
431
192
364
364
492
503
661
942
620
326
510
188
188
188
188
685
389
330
480
106
496
21
975
492
492
50
786
174
634
634
634
249
249
249
249
249
913
700
1015
249
249
901
249
249
232
263
42
1001
297
573
573
117
117
492
622
57
42
1001
297
573
873
117
117
492
109
996
57
480
106
981
192
192
618
364
982
178
480
106
981
192
364
364
492
661
942
458
646
716
866
188
188
188
730
730
730
431
730
730
125
975
975
372
813
813
813
813
813
813
79
902
996
57
480
106
981
283
716
480
106
981
263
42
1001
297
573
573
117
117
117
19
178
42
1001
297
618
192
117
117
492
996
178
57
106
106
981
192
534
1755
2134
3662
4615
1846
2612
3796
4814
1557
2249
3464
4853
1755
2150
3504
5008
1755
2505
3724
5011
1457
2209
3662
4893
1127
2813
3673
4817
1397
2277
4006
4480
1127
2818
3736
4792
1700
3012
3284
4414
1557
2935
4042
4374
2003
2516
3742
4766
1457
2697
3613
4862
1755
2649
3747
5110
1397
2277
3498
4654
1700
2741
3335
4494
1397
2738
3504
4419
1561
2249
4079
5041
1659
2567
3987
5099
1397
2612
3764
4858
1262
3065
3096
5029
1805
2210
3096
4886
1487
2186
3268
4134
1392
2209
3813
4478
1652
2344
3475
4484
1561
2467
3802
5012
1659
2206
4008
5099
1700
2255
3104
4962
1561
2985
4077
4862
1561
2162
3526
4170
1899
2248
4036
4539
1457
2619
3903
5040
1397
2314
3740
4145
1127
2791
3673
4384
1457
3007
3869
4494
1487
2800
3504
4830
1700
2939
3868
4661
1843
2813
3747
4860
1892
2915
3868
4442
1557
2589
3782
4351
2003
3069
4077
4801
1755
2224
3764
4680
1127
2813
3455
4354
1397
3017
3335
4318
1700
2224
3783
4455
1561
2649
3868
4508
1561
2813
3526
4494
1843
2277
3747
4351
1561
2748
3727
4539
1713
3021
3107
5033
2003
2284
3300
5028
1392
2968
4072
4335
1755
2717
4079
4829
1755
2506
3268
5059
1457
2905
3795
4853
1457
3012
3613
4389
1659
2325
3782
4414
1561
2905
3966
4927
2003
2942
3517
4927
1392
2940
3970
4862
1755
2642
3526
4766
1755
2868
3997
5118
1457
2748
3800
4494
1397
2344
3944
5059
1561
2942
3802
4478
1700
2741
3951
5029
1931
2876
4077
4926
1802
2940
3782
4606
1392
2457
3901
4244
1931
2939
4072
4494
1755
2813
4008
4845
1755
2741
3690
4985
1397
2510
4072
4175
1561
2942
4077
4624
1397
2741
4088
4810
1700
2255
3891
4414
1843
2467
3504
5012
1561
2249
3526
4858
1050
2725
3479
5028
1604
2498
3115
5028
1535
2741
3913
4185
1535
2661
3335
4734
1485
2905
3747
5070
1557
2850
3778
4950
1755
2789
3237
4318
1755
2224
3259
4589
1755
2789
4085
5011
1800
2516
3742
4536
1392
2581
3111
4860
1931
2939
4077
4853
1659
2383
3710
4494
1755
3007
4006
5024
1457
2748
3447
5069
1127
3017
3951
4431
1457
2564
3915
4414
2003
2868
3504
5050
1597
2661
3383
4654
1557
2717
3676
4161
1659
2313
3987
4494
1561
2800
4006
4494
1457
2978
3542
4371
1561
2800
4088
4460
1561
2942
4054
5011
1755
2411
4072
5110
1397
2717
3783
4170
1561
2619
3933
5058
1397
2612
3944
4414
1290
2516
3296
4546
1769
2424
3197
5041
1557
2905
3951
4157
1755
3069
3747
4170
1755
2478
3904
4201
1700
2905
3294
4886
1659
2944
3712
4414
1700
2135
3966
5099
1127
2325
3542
4431
1557
2649
3951
4484
2003
2825
3987
4906
1392
2741
4077
4853
1457
2209
3747
4414
1457
2813
3116
4889
1127
2916
3869
4934
1700
2567
3951
4893
1561
2722
3951
4927
1557
2511
3517
4465
1392
2661
4088
4919
1931
2199
3764
4314
1557
3022
4053
4170
1755
2275
3901
5094
1755
2694
3751
4792
1127
2942
3673
4817
1659
2815
3478
4937
1700
2255
3504
4747
1561
2905
3270
4962
1903
2412
4077
4170
1843
2314
3719
4296
1912
2771
3986
4586
1847
3026
3192
4513
1807
2209
3443
4538
1993
2147
3356
5028
1755
3031
3834
4153
1755
2148
3500
4455
1931
2939
3802
4302
1801
2344
3208
5009
1755
2801
3997
4876
1755
2085
3398
4132
1755
2907
3596
4601
1755
3039
3398
4335
1931
2915
3498
4654
1964
2699
3839
4663
1964
2741
3931
4937
1755
2344
3237
4335
1512
2791
3508
4414
1062
3032
3966
4835
1755
2540
3914
5015
1062
2407
4039
5087
1062
2330
3869
5036
1127
2347
3580
4281
1062
2052
3598
4862
1062
3017
3678
4817
1755
2918
3970
4424
1964
2540
3890
4472
1127
2248
3970
5094
1964
2307
3260
4494
1062
2936
3673
4357
1755
2700
3486
5105
1443
2940
3072
4729
1557
2249
3398
4302
1755
2314
3508
4770
1062
2268
3388
4919
1755
2412
3508
4889
1062
2052
3450
4431
1755
2828
4085
4695
1755
2717
3259
4861
1755
2540
3345
4335
1127
2314
3890
4539
1755
2712
3747
4624
1755
2717
3802
5105
1062
2733
3673
4504
1261
2540
3931
4249
1062
2714
3603
4357
1830
2457
3508
4484
1931
2915
3317
4782
1755
2332
3802
4177
1062
2052
3598
4770
1755
2946
3582
4889
1701
2700
3802
5047
1127
2510
4039
4782
1701
2942
3868
4911
1127
2467
3508
5037
1512
2257
3997
4593
1127
2314
3970
4747
1127
2925
3764
4539
1127
2330
3802
4830
1735
2769
3802
4970
1383
2692
3878
4956
1290
2436
3505
4126
1755
2498
3078
5106
1535
2150
4008
4693
1867
2255
3704
4654
1346
2199
3300
4805
1812
2210
3345
4905
2003
2516
3198
4955
1755
2661
3970
4334
1755
2209
3673
4705
1755
2717
4042
4351
1755
2150
3673
4926
1755
2748
3259
4829
1822
3022
3951
4414
1755
2233
3997
4508
1755
2275
3259
4911
1700
2283
3719
4858
1127
2944
3673
4955
1561
2277
3107
4911
1127
3017
3727
4835
1755
2649
3508
5041
1127
2813
3673
4422
1127
2452
3504
4931
1701
2162
3951
4508
1127
2452
3764
4858
1755
2540
3777
4654
1127
2452
3777
4721
1701
2540
3904
4546
1457
3055
4077
4318
1127
2649
3736
4302
1701
2225
3526
4732
1457
2510
3116
5112
1561
2248
3987
4539
1127
2510
3673
5079
1127
3009
3901
4858
1561
2813
4077
4721
1127
2791
3919
4318
1561
2452
4079
4875
1561
3012
3782
5012
1127
2874
3747
4858
1561
2248
4077
4962
1660
2989
3868
4875
1557
2150
3598
4519
2003
2255
3504
4955
1755
2748
3676
4955
1701
2905
3824
4810
1755
2968
3966
4132
1659
2850
4079
4937
1392
2741
4077
4766
1700
2457
3259
5012
1896
2225
3812
4494
1127
2277
3698
4456
1755
2944
4008
5089
1457
2552
3747
4318
1127
2314
3383
4589
1649
3066
3697
4272
1345
2885
3719
4494
1104
2255
3899
4791
1700
2855
3966
4601
1487
3028
3931
4320
1801
2717
4042
4795
1659
2868
4077
5118
1127
2910
3952
4615
1561
2564
3966
4335
1700
2097
3259
4624
1561
2411
4054
5012
1457
2717
4054
4318
1049
2619
4077
4835
1659
2452
3715
4480
1696
2225
3982
4776
1234
2210
3581
4424
2003
2216
4077
4414
1896
2199
3854
5033
1397
2455
3428
4173
1127
3041
3887
4830
1659
2989
4077
4934
1561
2642
3966
4861
1561
2162
3891
4817
1561
2314
3704
4364
1049
2748
4088
4201
1561
2813
4077
5027
1300
2150
3284
4414
1300
2150
4072
4414
1561
2748
3719
5015
1110
2833
3542
4539
1597
2457
3236
4477
1557
2424
3715
4302
1755
2150
4039
4484
1755
2478
3904
4248
1487
2830
3259
4962
1457
2813
3662
4244
1457
2800
3904
4838
1700
2344
3987
4897
1561
2619
3868
4170
1561
2150
3698
4414
1457
2748
3904
4494
1561
2411
3868
5094
1561
2467
4008
4861
1931
2717
3504
4170
1557
2968
3987
4906
1457
2314
3935
4459
1397
2289
3511
4733
1397
2289
3747
4170
1561
3012
4054
4494
1457
2209
3662
4654
1300
2905
3236
4431
1300
2813
3107
4720
1049
3009
3904
5015
1561
2411
3914
4962
1049
2411
3284
4835
1561
2961
3504
5012
1495
2810
3780
4807
1120
2199
3608
4126
1535
2150
3845
4805
1327
2952
3978
4755
1931
2915
3671
5036
1755
2277
3935
4650
1713
2764
3780
4923
1392
2516
3589
5049
1392
2946
3096
4747
1755
2467
3719
4384
1755
2224
3970
4351
1457
2945
3613
4810
1755
2694
4072
4175
1701
2249
3904
4876
1659
2511
4039
4876
1700
2344
3727
4676
1561
2467
4077
4861
1659
2788
3951
4459
1561
2314
4077
5012
1561
2649
3868
4934
1700
2424
4091
5012
1300
2452
4077
4676
1561
2115
3942
4906
1049
2712
3698
4810
1561
2649
3747
4546
1561
2307
3887
4919
1561
2990
3747
4858
1049
2452
3935
4927
1049
2564
3970
5029
1515
2946
3914
4938
1049
2162
3901
4624
1803
2944
3413
4876
1049
2942
3268
4830
1456
2248
4061
5012
1049
2877
3673
4889
1049
2990
3284
4858
1049
2813
3777
4431
1300
2939
3952
4624
1803
2452
4079
4624
1499
2567
3839
4835
1049
3055
3526
4926
1803
3055
3782
5058
1803
2813
3284
4508
1279
2344
3856
5110
1696
2225
3313
4927
1557
2498
3619
4766
1397
2150
3504
4830
1127
2877
3965
4539
1561
2619
4077
4150
1701
2721
3987
4494
1700
2612
4077
4866
1977
2150
4077
4860
2003
2284
3504
4561
1755
2661
4088
4919
1127
2467
3188
4319
1561
2905
4079
4950
1457
2791
3662
4950
1457
2208
3782
5011
1805
2457
3379
4509
1659
2311
4020
4967
1392
2484
4077
4983
1652
2344
3872
4414
1397
2225
3095
4648
1659
2277
3502
4561
1700
2741
4077
5015
1457
2130
4072
4494
1561
2162
3526
4539
1561
2990
3924
4743
1561
2925
3526
5114
1843
2813
3526
4926
1457
2691
3284
4494
1659
2771
3868
4936
1104
2150
3949
5024
1392
2457
3719
4885
1457
2209
4088
4414
1397
2813
3413
4810
1127
2727
3585
4782
1700
2869
3511
4519
1659
2915
3231
4654
1457
2741
3782
4494
1700
2748
4077
5110
1561
2649
3782
4546
1456
2248
4077
4654
1561
2452
3952
4747
1419
2748
4077
4889
1252
2344
4052
5110
1456
3071
4088
4889
2000
2823
3987
4950
1263
2275
3997
4606
1392
2457
3517
4821
1755
2209
3270
5012
1397
2277
3498
4296
1755
2694
3727
4335
1700
2944
3764
5118
1397
2579
3782
4654
1659
2452
3504
4624
1700
2255
3891
4414
1561
2411
3300
4414
1049
2619
4077
4771
1843
2452
4077
4636
1049
2925
3970
4197
1049
2925
3782
4624
1248
2248
3868
5029
1700
2424
3924
4860
1557
3071
3747
4414
1397
2224
3914
4460
1561
2467
4077
4830
1561
2619
3935
4747
1487
2314
3673
4170
1561
2748
4008
4414
1049
2467
4042
4132
1456
2592
3935
4539
1419
2452
3747
4950
1363
2748
3893
5015
1803
2649
3413
4484
1456
2592
3782
4950
1495
3015
3878
5021
1116
2210
3104
4713
1812
2249
3739
4965
1392
2118
3791
5036
1755
2240
3727
4351
1841
2424
3829
4938
1535
2150
3577
4327
1218
2255
3504
4805
1485
2225
4077
4962
1755
2939
3885
4720
1659
2990
4077
4510
1457
2209
3715
4948
1755
2717
4036
5058
1659
2874
4077
4484
1397
3028
3325
4423
1700
2612
3764
4351
1561
2619
3868
4830
1561
2619
3935
4414
1561
2452
4077
4934
1700
2540
4024
4414
1561
2649
3868
5029
1300
2939
3987
4801
1561
2452
3268
4747
1843
2649
4077
4830
1843
2649
3715
4414
1803
2939
4042
4962
1363
2411
3965
5015
1858
2248
4054
4414
2043
2510
4054
4351
1454
2990
3398
4962
2043
3012
3284
4889
1157
2791
3869
4654
1150
2411
3747
4950
1157
2649
3268
4950
2043
2990
3824
4460
1454
2350
3891
4955
2043
2877
4061
5012
1900
2162
3891
4889
1499
2411
4079
4170
2043
2985
3987
5114
1499
2452
3750
4955
1858
2592
4072
5052
1454
3007
4079
5015
1762
2813
4072
4950
1262
2404
3949
4906
1931
2210
3608
4720
1557
2940
4088
4810
1127
2314
3598
5040
1127
2467
3777
4747
1397
2813
3935
4858
1700
3055
3869
4487
1557
2619
3887
4139
1659
2150
3698
4414
1755
2661
4088
4436
1127
3012
3542
4747
1561
2905
3530
4249
1700
2224
4077
4589
1561
2905
3913
4157
1320
2673
3348
4572
1896
3031
3764
4140
1899
2463
3834
4414
1807
2833
3422
5012
1397
2990
3377
4926
1561
2883
3727
4835
1561
2457
3901
5089
1700
2506
3259
4624
1903
2829
4077
4615
1723
2956
4077
4950
1049
2314
4045
5114
1049
2905
3284
4889
1456
2697
4079
4889
1049
2564
3987
4539
1349
3071
3526
4201
1167
2498
3868
4215
1931
2210
3504
5033
1045
2989
3475
4255
1700
2885
3345
4414
1392
2801
3727
4414
1700
2989
4077
5058
1561
2889
4077
5052
1561
2942
3987
4861
1659
3007
4077
4335
1487
2986
4054
4201
1561
2985
3526
4830
1700
2694
3504
5110
1252
2248
4077
4318
1843
2813
4077
4860
1419
2162
3777
5052
1931
2250
4008
4970
1110
2531
4077
5058
1327
2347
3868
4895
1557
2915
3542
5023
1755
2968
3987
4494
1127
2703
4088
4852
1457
2411
4077
4830
1457
2945
3613
4335
1457
2748
3662
4695
1843
2344
3887
4962
1457
2467
3116
5022
1843
2314
3719
4508
1700
2255
3504
4494
1160
2833
3366
4139
1977
2540
3327
4889
1755
2150
3997
4431
1755
2661
3935
4720
1822
2225
4006
4414
1397
3050
3952
5059
1300
2905
4039
4684
1561
2905
3904
4853
1659
2544
3782
4414
1349
2150
4072
4414
1487
2925
3111
4934
1843
2649
4077
4858
1049
2813
3901
5052
1049
2314
3613
4351
1049
2748
3901
4934
1049
2566
3690
4589
1506
2780
4068
4764
1644
2812
3364
4103
1365
3021
3463
4474
1535
2939
3675
4936
1755
2248
3363
5011
1516
2855
3505
4478
1755
2567
4079
4823
1755
2162
3495
4810
1755
2939
3727
4601
1700
2283
3764
4460
1755
2801
3782
4460
1755
2741
4079
5058
1755
2887
3782
4810
1457
3007
4088
5069
1561
2649
4077
4132
1659
2874
3747
4149
2003
2741
4088
4414
1700
2115
4077
4414
1397
2467
3413
4862
1397
3022
4091
4720
1700
2889
3904
5012
1561
2942
3950
4296
1561
2162
3495
4830
1561
2905
3747
4615
1843
2748
3966
4414
1843
2225
3924
4318
1723
3022
3880
4654
2023
2833
3987
4615
1363
2925
3914
4962
1087
2769
3504
5018
1251
2057
3193
4126
1849
2478
3652
4508
1896
2883
3672
4414
1801
2953
3872
4510
1764
3070
3440
4215
1155
2248
4077
4292
1815
2452
3398
5059
1481
3066
3904
4412
1807
2748
4006
4150
1924
2529
3437
4829
1815
2813
3843
4539
1981
2925
3901
4763
1607
3071
3891
4145
1252
2121
3698
5058
2000
2986
3335
4456
1160
2700
3901
4985
1557
2825
3104
4782
1397
2579
3704
4647
1700
2360
3586
4853
1457
2868
3526
4203
1981
2833
3880
4830
1700
2907
3952
4414
1252
2829
3893
4414
1924
2939
3880
4414
1653
2735
4077
4460
2000
2907
4077
4934
2023
2564
3868
4384
1232
2964
3259
5114
1252
2990
3966
4955
1997
2527
3475
5021
1533
2191
3306
5051
1155
2890
3424
4132
1807
2850
3104
4615
1457
2484
3095
4494
1561
2889
3764
4852
1561
2162
4077
4747
1659
2889
3903
4414
1397
2399
3504
4810
1561
2649
3891
4747
1843
2813
4006
4414
1561
2735
3526
4335
1049
2889
4088
4830
1659
2661
3997
4625
1392
2274
3719
4484
1397
2467
3868
4351
1211
2511
3482
4495
1709
2476
3208
4733
1981
2529
3727
4533
1334
3071
3454
4755
1349
2404
3880
4810
1049
2925
3782
4539
1049
2619
3891
4654
1723
2463
4039
5118
1049
2452
4088
4905
1653
2109
4077
4858
1843
2344
3887
4747
1049
2411
3893
4782
1049
2813
3673
4876
1419
2813
3715
4539
1110
2529
3814
4830
1769
2344
3796
5072
1557
2905
3096
5050
1755
2150
3673
4460
1457
2748
4079
4494
1755
2717
3869
4839
1457
2813
3951
4950
1700
2990
3966
4414
1561
2905
3868
5052
1127
2813
3698
4676
1397
2452
3504
4132
1700
2741
3413
4539
1700
2694
4077
4132
1561
2717
3904
4747
1930
2209
3347
4905
1557
2813
3608
4861
1755
2443
3890
4835
1755
2612
3727
4810
1127
2877
3928
4170
1127
2119
3673
4494
1700
2748
3111
4414
1700
2225
4053
4853
1843
2619
4077
4519
1300
2150
4072
4508
1843
2748
3935
5012
1049
2467
3891
4494
1419
2990
3891
4414
1091
2624
4086
4154
1238
2313
3443
4675
1535
2307
4014
4487
1392
2344
4077
4457
1906
2699
3443
4444
2003
2380
3727
4403
1392
2344
4077
4572
1755
2717
4088
4351
1701
2905
3903
4484
1755
2735
3966
4623
1561
2905
4088
4351
1755
2649
3935
5041
1397
2567
3585
4108
1457
2452
3904
4771
1561
3012
4088
4494
1561
2791
4088
5052
1659
2412
3235
4654
1397
2567
3088
4858
1561
2162
3300
4938
1561
2813
4088
4539
1561
2905
3270
4351
1843
2452
4077
4830
1561
2612
3300
4414
1903
3071
3997
4962
1843
2452
3890
5012
1049
3012
4088
4862
1049
2990
4072
4810
1487
2735
3736
4335
1049
2813
3997
5114
1456
2697
3300
4862
1419
2162
4077
4934
1363
2325
3764
5058
1150
2248
3839
5110
1456
2939
3952
4927
1419
2649
3891
5012
1858
2350
4077
5110
1858
2592
4009
5012
1628
2990
4054
4720
1499
2990
3952
5012
1454
2788
3901
5012
1858
2748
3715
4889
1660
2868
3558
5099
1557
2150
4077
4414
1755
2741
3526
4416
1127
2925
3736
5110
1561
2905
3987
4351
1397
2314
3504
4830
1397
2347
3951
4351
1392
2452
3952
4414
1931
2457
3619
5110
1557
2529
3719
4853
1755
2699
3257
5040
1755
2694
3719
4384
1457
2813
3885
4623
1659
2544
3904
4414
1700
2748
4006
4830
2016
2408
3120
5033
1896
3031
3464
4914
1345
2380
3878
4710
1755
2967
3274
4726
1487
2314
4091
4810
1896
2717
4085
4487
1561
2564
3997
4414
1561
2942
4008
4494
1843
2097
3914
4893
1843
2735
3904
4561
1561
2748
4006
4862
1049
2748
3868
4414
1252
2109
3504
5114
1561
2735
3987
4747
1696
2274
4077
4889
1557
2905
3619
4862
1314
2512
3647
5008
1700
2885
3504
4494
1334
2463
3982
4487
1700
2746
4054
4414
1561
3069
3942
4654
1903
2411
4077
4519
1456
2248
4077
5029
1843
2360
3712
4538
1252
2248
4077
4927
1049
2411
3901
4782
1456
2905
3398
4384
1419
2411
4077
4351
1392
2097
3443
4829
1696
2344
3300
4871
1557
2283
4088
4519
1755
2741
3111
4720
1755
2307
3115
4792
1397
2289
4006
5020
1457
2905
4091
4462
1700
2712
3778
4906
1397
2649
3944
4889
1397
2764
4072
4589
1457
2314
4054
4318
1457
3023
3935
4950
