1012
408
807
931
497
351
984
264
318
384
479
253
896
253
957
253
912
253
410
314
489
984
996
408
993
77
497
351
516
984
685
227
912
984
314
314
495
495
626
132
626
132
626
132
626
771
408
807
807
867
758
693
318
831
479
115
28
454
292
825
514
734
1000
825
248
825
476
563
118
84
444
630
542
244
167
264
318
478
115
454
28
825
514
825
514
740
636
248
802
636
489
664
913
12
807
867
351
693
264
118
318
115
454
28
292
825
553
825
553
825
476
636
636
476
549
549
771
408
807
964
489
771
118
318
115
454
28
496
542
563
853
734
563
477
74
636
222
389
408
807
964
419
351
334
495
318
432
132
626
132
626
957
272
912
272
132
272
657
391
457
807
419
489
495
984
264
318
479
115
454
959
495
132
626
132
880
132
880
132
314
314
408
214
964
419
314
495
880
711
318
834
115
454
28
514
880
880
132
880
132
314
984
740
502
563
913
807
944
132
253
391
264
318
202
277
467
728
504
52
135
912
1016
410
1016
410
276
771
408
807
944
253
253
253
253
212
886
277
768
182
28
182
31
182
182
84
1020
410
182
31
391
996
330
807
931
351
38
575
450
886
768
768
728
182
31
96
84
834
96
96
31
96
452
408
12
964
995
351
798
182
318
870
277
467
728
454
52
135
912
84
444
636
410
1016
334
996
924
807
944
351
351
391
318
925
277
768
768
504
52
96
196
834
553
96
31
96
996
924
807
809
758
182
31
182
318
779
277
467
728
504
728
135
333
912
410
15
223
1016
771
959
432
913
12
944
896
829
391
318
779
743
205
728
504
96
15
834
444
182
31
798
798
391
408
12
807
326
351
182
798
318
870
277
540
728
504
728
135
318
834
419
1016
410
1016
982
408
12
964
9
351
896
391
318
925
277
743
728
504
1022
15
158
444
410
1016
563
852
771
996
924
807
9
758
351
223
409
318
277
743
743
728
843
52
15
834
843
410
843
410
852
996
408
807
620
9
351
340
182
318
834
779
540
540
1022
822
22
912
1016
410
1016
410
852
19
408
12
964
9
351
829
38
264
315
277
277
728
843
414
295
196
843
453
410
410
314
391
408
12
964
9
829
248
798
391
664
530
202
540
743
728
1022
318
834
444
410
410
1016
771
409
996
330
807
9
405
1928
2905
3413
4961
1327
2245
4018
4625
1991
2061
3533
4494
1755
3032
3885
4830
1959
3071
4052
4567
1843
2501
3238
4429
1843
2192
3530
4145
1700
2701
3888
4937
2035
2905
3238
4460
1959
3044
3300
4137
1959
2608
3747
4183
1995
3045
3327
5072
1218
2761
3811
4868
1206
2260
3109
5010
1218
2881
3410
4519
1218
3021
4038
4881
1857
2905
3681
5023
2038
2307
3890
4845
1564
2161
3484
4567
2038
2730
3928
5077
2038
2599
3603
4856
2046
3011
3200
4567
2038
2730
3446
4519
2038
3012
3681
4487
2046
2599
4022
4567
1857
3071
3819
5108
1417
2618
3951
4171
1959
2748
3231
4845
1959
2905
3081
4961
1959
2443
3226
4194
1959
2748
3810
4845
1959
2928
3427
4239
1959
3012
3888
4845
1884
2646
3081
4103
2025
2798
3107
4567
1406
2667
3830
5102
1327
2969
3885
4103
1535
2928
3358
4616
1755
2333
3903
4830
1700
2905
3925
5022
1867
2260
3819
5022
1557
2860
3104
5087
1867
2848
3811
4795
1867
2608
3215
4175
1682
2260
3215
4218
2038
3044
3603
4230
1397
2993
3585
5036
1959
3064
3081
4472
1867
2848
3676
4494
1884
3064
3376
4236
2038
2944
3974
4773
2038
3012
3810
4740
1690
2905
4022
4195
1959
2531
3300
4407
1959
2923
3674
4300
1764
2990
3081
4494
2035
2253
3376
5041
2007
2859
3705
4567
1959
2905
4053
5042
1635
2701
3231
4747
1801
2860
3231
5022
1554
2419
3226
4494
1347
2787
3887
4494
1547
2623
3760
4662
1959
2912
3231
4699
1547
3071
3783
4320
1394
2564
4077
4262
1959
2735
3778
5022
1589
2905
3133
5059
1394
2905
3764
4589
1867
2506
4032
5022
1755
2609
3747
4835
1959
2749
4053
4899
1843
2813
3504
4971
1394
2905
3447
4955
1843
2976
3504
4831
1959
2860
3888
4770
1911
2990
3843
5089
1843
2848
4077
5018
1327
2839
3885
4824
1755
2860
3885
4120
1755
2442
3300
4961
1959
2905
3900
4307
1659
2470
3903
4937
1959
2119
3727
5018
1397
3044
3888
4985
1884
2905
3238
4927
1801
2782
3215
5079
1959
2928
3888
4927
1397
2985
3888
4436
1700
2844
3891
4195
1843
2619
3888
4839
1700
2976
3888
4937
1659
2848
3251
4221
1843
2905
3876
5022
1659
2694
3530
4739
1777
2905
3914
5058
1659
2770
3979
4511
1777
2905
3530
5112
1843
2907
3810
4414
1843
2985
3810
4414
1843
2694
3891
4456
1371
2976
3810
5052
1755
2650
3928
4368
1928
2905
3413
4615
1843
2928
3300
4921
1959
2609
3903
4539
1843
2976
3498
4494
1959
2905
3928
4906
1843
2331
3888
4266
1959
2352
3810
4747
1843
2260
3810
4948
1419
2905
3727
5022
1843
2260
3226
4747
1327
2854
3435
5022
1959
2791
3804
5112
1755
2260
3885
5010
1659
2119
3081
5036
1959
2905
3933
4800
2038
2693
3888
4175
1959
2883
3885
4926
1659
2905
3804
4183
1700
2985
3810
4484
1700
2521
3530
4184
1659
2928
3603
4567
1700
2649
3888
5029
1700
2260
3888
4171
1843
2990
3530
4183
1700
2905
3810
4431
1959
2352
3933
4567
1843
2905
3698
4411
1700
2928
3810
5011
1995
3064
3900
4955
1843
2609
3603
5112
1700
2848
3909
4567
1995
2905
3238
4338
1843
2976
3226
4397
1394
2411
4077
4145
1995
3045
3403
4170
2025
2850
3198
4119
1755
2721
3647
4539
1959
2133
3270
4200
1843
2748
3504
4955
1959
2928
3952
4654
1394
2260
3107
4889
1394
2567
3498
4926
1394
2567
3603
4962
1911
2905
3530
5112
1755
2119
4008
4196
1397
2119
3413
5036
1327
2260
3272
4461
1995
3062
3567
4176
1755
2694
3888
4889
1959
2860
3437
4567
1457
2877
3168
4494
1054
2463
3517
4184
1700
2609
3300
4567
1659
2860
3888
5072
1700
2928
3603
5112
1843
2314
3530
4740
1700
2976
3603
5056
1659
2928
3081
4414
1252
3062
3231
4150
1659
2681
3933
4150
1903
2463
3933
4171
1700
2694
3226
4747
1843
3062
3698
4397
1843
3062
3942
4150
1394
2905
3498
5089
1777
2928
3498
4145
1659
2928
3226
4539
1363
2097
3530
5089
1394
2905
3498
4539
1394
2985
3603
4714
1843
2976
3165
4195
1911
3062
3933
5069
1232
2162
3226
4628
1959
2498
3111
4889
1959
2609
4054
4835
1911
2649
3933
4320
1928
2248
3623
4170
1419
2976
3987
4414
1394
2905
3928
4595
1928
2649
3585
4494
1087
2958
3914
5088
1054
2260
3366
5112
1397
2848
4052
4364
1700
2693
3810
4862
1397
2813
3226
4747
1700
2048
3903
4567
1843
2800
3251
4414
1959
2844
3668
4567
1843
3062
4052
4184
1843
2800
3928
5112
1843
2905
3437
5112
1843
2976
3669
4730
1959
2928
3888
4861
1843
2928
3888
4171
1928
3062
3810
4494
1371
2844
3413
4171
1371
2905
3413
5108
1843
2681
3888
4184
1928
2905
3810
5022
1496
2800
3300
5089
1394
3062
4039
4494
1928
3062
4039
4539
1394
3062
3530
4132
1884
3011
4079
4171
1755
2848
3966
4845
1959
2119
4077
4771
1911
2905
3904
4589
1371
2248
3690
4889
1928
3064
4079
4539
1928
2649
4079
4171
1371
2248
3904
4171
1419
2877
3782
5022
2035
2748
3653
4800
1846
2912
3599
4676
1327
2176
3890
4887
1368
2789
3890
4739
2035
2176
3890
4875
1179
2771
3719
4567
2035
2482
3613
4305
1589
2920
3780
4119
2035
2920
3270
4861
1659
2789
3478
4119
1179
2209
3929
4567
1903
3008
3585
4567
1349
2905
3107
4527
2046
2857
3690
4119
1547
2467
3107
4567
1232
2600
3914
4171
1547
2748
3107
5090
1895
2462
3812
5020
1349
2813
3585
4948
1547
2085
3437
4171
2000
2398
3226
4184
1232
3017
3847
4861
1895
2564
3634
4171
1895
3062
3870
4955
1959
2912
3924
4539
1347
2398
3107
4839
1995
2813
3078
5058
1232
2912
3603
4184
1928
2789
3764
4171
1554
2609
4077
4739
1394
2928
3924
4853
1371
2925
3810
4171
1928
2470
3997
4830
1327
2909
3882
4734
1959
2608
3649
4494
1700
2976
3952
4453
1397
2767
3925
4866
1397
2192
3810
4370
1397
2464
3888
4905
1349
2905
3437
4132
1426
2550
3606
4444
1867
3044
3565
4494
1700
2937
4087
4567
2038
2937
3276
4295
1589
2048
3297
4132
1659
2048
3366
4364
1589
2905
3974
4567
1589
2905
3276
4334
1843
2564
3552
4567
1884
2628
3300
4830
1884
2787
3777
4567
1884
2905
3276
4364
1884
2905
3276
4950
1232
2944
3403
4567
1843
2789
3942
4800
1554
2976
3974
4567
2000
2735
3335
4567
1867
2162
3096
4150
1959
2990
3335
4955
1777
2419
3085
4835
2025
2990
4077
5059
1843
2857
4053
4567
1394
2942
3530
5050
1054
2787
3965
5072
2007
2224
3887
4875
1054
2937
4077
5040
1054
2644
3843
4875
1589
2048
4077
4829
1327
2909
3428
4300
1589
2905
3603
4997
1959
2564
3778
4494
1884
2905
3955
4830
1659
2860
3811
4919
1959
2860
3603
4961
1394
2787
3869
4236
1959
2905
3530
4740
1843
2788
3603
4274
1700
2608
3966
5042
2025
2608
3300
4950
1959
2928
3694
4771
1995
2905
3175
4461
2023
2905
3952
4856
1995
2905
3928
5089
1622
3071
3888
4171
1843
2990
3603
4171
2025
2694
3888
4171
1995
3012
3215
4364
1843
2119
3307
4740
2025
2694
3300
4171
1995
3062
3585
5029
1884
2905
4008
5089
1371
2942
4077
4184
1622
2922
3215
4364
1959
2119
4077
4856
1959
3009
3437
5090
1394
2936
4077
4977
1349
2791
3810
4171
1995
2478
3107
4494
1928
2350
3107
5042
1371
3017
3893
4654
1371
2800
3982
4494
1371
2119
3107
4983
1087
2905
3623
4690
1959
2905
3914
4362
2017
2928
3339
4510
1181
2249
3413
4119
1652
2609
3796
4183
1284
2883
3276
4567
1334
2905
3950
4184
1815
3011
3260
4151
1700
2443
3231
5090
1659
2788
3231
4239
1659
2935
3276
4567
1895
2177
4072
4567
1843
3008
3966
4567
1959
2119
3637
4889
1232
2350
3888
4567
1777
2700
3888
4699
1843
2791
3888
4414
1928
2905
3585
5089
1843
2818
3888
5072
1843
2818
3888
4539
1928
2818
3300
4567
1394
2255
3869
4119
1928
2818
3603
5089
1368
2905
3413
4830
1755
2649
4072
4766
1523
3012
3952
4771
2046
3035
3804
4119
1857
2730
3929
4786
1417
2064
3890
4119
1995
3017
3763
4881
1417
2730
3869
4681
1417
2936
3681
4456
1417
3011
3890
5107
1397
3017
3933
5036
1397
2468
3725
4845
1087
2956
3878
5088
1588
2815
3530
4567
1426
2349
3205
4997
1764
2693
3555
4737
2038
2772
3827
4245
1815
2401
3707
4494
2038
2349
3555
4567
1317
2821
3281
4510
1815
2063
3937
4567
2038
2081
3909
4414
2038
2772
3921
4636
1815
2190
3300
4961
1959
2772
3736
4820
1801
3008
3555
4567
1755
2818
3342
4416
1417
2905
3555
4615
1115
2097
3530
4332
1115
3054
4077
4494
1959
2772
3862
4961
1115
2800
3437
4733
1895
2190
3603
4198
1895
2700
3824
5049
1895
2905
3530
4660
1867
2720
3555
4432
1755
2791
3764
4889
1755
2478
4039
4720
1959
2649
4039
5114
1995
2818
4077
4839
1232
2905
3810
4763
1232
2976
3555
4494
1232
2478
3284
4624
1115
2905
3935
5049
1777
2511
4088
4624
1924
2314
3495
4950
1327
2969
3467
4274
1181
2883
3085
4937
1788
2333
3232
4967
1287
2971
3255
4924
1966
2513
3304
4361
1659
2421
3662
4924
1690
2102
3271
4924
1801
3008
3890
4924
2046
2226
3890
4924
1966
2513
3215
4817
1801
2905
3148
4924
1690
2818
3231
4773
2038
3008
3558
4924
1966
2802
3447
4171
1966
2802
3913
4567
1690
3000
3231
4924
2046
2802
3603
5094
1547
2881
3372
4924
1054
2857
4077
4733
1054
2618
3674
4171
1995
2881
3372
4567
1775
2791
3367
4653
1789
2257
3365
4337
1755
3055
3935
4687
1966
2529
3904
5049
1959
2800
3555
4414
1394
2579
3449
4852
1417
2585
3924
4624
1991
2671
3555
4137
1417
2800
3281
4800
1417
2190
3603
5022
1115
2585
4088
4660
1327
2435
3413
4624
1397
2932
3140
4266
1284
2352
3662
4888
1188
2529
3555
4494
1815
2905
3307
5010
1298
2905
3205
4624
1659
2841
3928
4788
1054
2232
3925
4567
1054
2177
3925
4526
1349
2905
3530
5037
1659
2801
3231
5056
1777
2350
3300
4567
1843
2905
3727
4624
1903
3064
3925
4539
1700
2696
3094
4189
1394
2889
3555
5056
1843
3022
3231
4917
1394
2905
3498
5022
1394
2905
3526
5089
1777
2884
3966
4740
1371
2905
3887
4624
1394
2905
3530
4820
1777
2791
4093
4119
1867
2453
3869
4432
1755
2579
3764
5007
1651
3021
3875
5077
1857
2209
3951
4414
1801
2714
3839
4414
1995
2119
3901
4133
1554
2644
3269
4891
1481
2748
4077
4961
1417
2905
3951
4856
1777
2604
4077
5079
2038
2944
4022
4546
1327
3037
3906
4239
1798
2844
3339
4945
1284
2620
3231
4397
1867
2762
3072
4494
1945
2445
3811
4924
1905
2191
3367
4924
1807
2558
3662
4924
1659
2115
3576
4914
1815
3009
3768
4893
2046
2451
3458
4153
1807
2818
3231
4189
1218
3008
3581
4180
1991
2789
3530
4826
1054
2462
4077
4320
2038
2506
3231
4500
1777
3008
3872
5094
1622
2971
3231
4500
1054
3009
4077
4971
2038
3009
3265
4171
1547
3009
3621
4773
1054
2501
4077
4812
1947
2224
3547
4149
1535
2564
3642
4620
1755
3041
3981
4269
1959
2818
3367
4334
1394
2874
4077
4834
1232
2899
3231
4812
1991
3000
3555
4494
1417
2585
3933
5022
1115
2905
4087
4439
1349
2162
3449
4827
1054
2540
3674
4120
1327
2761
3937
4300
1995
2861
3530
4714
1418
2772
3208
4168
1521
2619
3662
4705
1652
2243
3530
4414
1298
2890
3555
4691
2015
2928
3824
4419
1815
2905
3623
4740
1700
2097
3811
4908
1248
2165
3928
4503
1807
2905
4042
4195
1815
2905
3081
4852
1843
2985
3888
4171
1807
2905
3388
5090
1394
2905
3198
5022
1653
2905
3888
4184
1959
2452
3081
4175
1397
2646
3585
4740
1371
2976
3810
5022
1394
2284
3603
4484
1843
2925
3637
4171
1515
2976
3888
4830
1394
2905
3914
5045
1651
2791
3307
4814
1955
2714
3915
4760
2028
2944
3851
4705
1597
2691
3950
4255
1755
2330
3951
4971
1882
2529
3585
4654
1589
2323
3839
4625
1905
2544
4038
4876
1905
2990
3514
4949
1417
2912
3940
4149
1955
2777
3304
4629
1218
2435
3231
4363
1857
2857
3585
4514
1159
2642
3623
4424
1764
2180
4031
4689
1815
2818
3976
4529
1801
2097
3552
5042
1835
2800
3970
4315
1966
2801
3530
4494
1815
2905
3751
4321
1905
2813
3690
5010
2046
2884
3231
5097
1690
2905
3535
4903
1327
3037
3609
4971
1690
2972
3603
4924
1690
2234
3613
4882
1690
2226
3237
4500
1690
2996
3373
4171
1690
2628
3613
4924
1047
2513
3409
4567
1216
2513
3388
4567
1047
2594
3600
5005
1895
2513
3585
4817
1394
2467
3372
4924
1824
2506
3073
5050
1535
2699
4084
5068
1755
2529
4072
4835
1936
2699
3603
4598
1349
2544
4077
4364
1589
2314
3707
4800
1991
3009
3869
4494
1903
2976
3231
4460
1349
2063
3942
4332
1417
2190
3300
4314
1959
2190
3804
5095
1327
2969
3585
4634
2038
2470
3790
4444
1835
2528
3104
4787
1188
2905
4088
4705
1815
2985
3530
5017
1287
2411
3623
5099
1188
2905
3283
4678
1181
2928
3641
4320
1155
3064
3966
4320
1807
2976
3446
4195
1995
2907
3226
4494
1815
2905
3498
4624
1397
2696
3251
4197
1394
2150
3603
4171
1653
2905
3869
4740
1349
2452
3530
4567
1777
2800
3226
4120
1371
2905
3900
5022
1394
3062
3623
4494
1115
2649
3300
4171
1394
2818
3987
4171
1394
2905
3623
4171
1880
2939
3505
4848
1535
2478
3940
4456
1755
2815
3736
4875
1589
2800
3107
4889
1589
3008
3542
4884
1589
2818
3909
4845
2035
2818
3929
4484
1777
2877
3933
4194
1966
2944
3824
4845
1895
2944
4039
4119
1895
2944
4079
4314
1327
2969
3530
4378
1331
2453
3869
4567
1460
2425
3806
4301
1588
2815
3251
4770
1759
2468
3215
4705
1835
2905
3447
4705
1188
2905
3585
4699
1324
2772
4004
5020
1155
3045
3226
4831
1807
2649
3933
4567
1755
3063
3966
4567
1426
3037
3246
4478
1895
2772
3095
4453
1659
2905
3810
4183
1995
2905
3951
4950
1659
2350
3231
4184
1349
3008
4077
4567
1895
2567
3824
4567
1843
2976
3935
4414
1659
2119
3903
4567
1777
2905
3869
5022
1349
2905
3914
4200
1857
2411
3623
4338
1455
3023
3663
4606
1755
2716
3933
5078
1755
2649
4079
5026
1690
2407
3613
4776
1417
2800
4077
5031
1589
2694
3437
4526
1481
2905
3133
4948
1895
2976
3869
5011
1659
2905
3447
4456
1959
2085
3976
4948
1966
3017
3098
4934
1218
3037
3339
4407
1161
2419
3202
4494
1798
2783
3339
4758
1287
2619
3825
4915
2038
2642
3914
4886
1588
2815
3296
4600
1410
2857
3888
4943
1287
2972
3791
4727
1835
2789
4077
4315
1317
2905
4093
4489
1801
2462
3942
4747
1218
2967
3231
4368
1054
2928
3210
4145
1317
2971
3888
4889
1700
2972
3888
4918
1807
2789
3888
4728
1959
3008
3888
4171
1349
2905
3940
4171
1995
2209
3783
4384
1690
2857
3182
5096
1995
2462
3942
5022
1417
3008
3893
4918
1705
2938
3834
4822
1535
2506
3742
4681
1755
2939
3880
4339
1589
2333
3365
4739
2035
2800
3088
4542
1097
2964
4024
4220
1481
3050
3940
4494
1317
3008
3742
5094
1300
3009
3950
4119
1299
2942
3602
4269
2046
2421
3890
4924
1327
2761
3435
4269
1054
2818
4072
4725
1700
2976
3662
4865
1331
2619
3974
4494
1835
2528
3603
4500
1181
2905
3498
5049
1759
2889
4087
5094
1298
2467
4077
4170
1349
2905
4061
4132
1059
2909
3558
4997
1394
2097
3111
5112
1807
2905
3307
4145
1317
2905
3623
4918
1349
2905
3928
5037
1349
2905
3950
4800
1807
2844
3621
4567
1959
2421
3231
4740
1995
2905
3603
4717
1777
3008
3585
4567
1903
3008
4077
5029
1394
2907
3530
4567
1394
2788
4077
4926
1857
2863
3304
4567
1828
2589
3398
4387
1485
2905
3743
4140
1523
2789
3437
4106
1807
2905
3576
4949
1417
3008
3437
4460
1589
2944
3133
4948
1991
2552
3107
4376
1417
2567
3270
4456
1895
2626
3783
4456
1911
2990
3893
4456
1417
2818
3970
4184
1327
2969
3237
4378
1315
2088
3422
4567
1652
2930
3662
4891
1284
2619
3339
4374
1816
2642
3888
4538
1815
2521
3888
4593
1287
2905
3639
4873
1287
2215
3300
4977
1104
2801
3081
4242
1694
2905
3888
4358
1410
2857
3932
4567
1764
3037
3925
4567
1995
2529
3888
4558
1959
2972
3226
5037
1807
2789
3888
4567
1659
2857
3888
5023
1054
2109
3940
4567
1659
2863
3226
5045
1547
2905
3283
5037
1394
2789
3226
4539
1895
2971
4087
4872
1659
2777
3603
4460
1455
2561
3672
4494
1940
2693
3598
4681
1523
2800
3747
4872
2046
2462
3987
4955
1949
2850
3136
4654
1589
3008
3653
4676
1481
2800
3764
5110
1589
2789
3530
4529
1690
2818
3252
4494
1905
3050
3367
4215
1519
2609
3154
4100
1884
2938
3380
4771
1515
2748
3890
4810
1327
2297
3664
4379
1798
2642
3557
4567
1287
2255
3231
4829
1345
2529
3467
4132
1815
2088
3924
4905
1700
3012
3526
4567
1807
2452
3928
4567
1720
2771
3327
5018
2000
2905
3413
4601
1327
2854
3490
4938
1298
2976
3375
4567
1959
2260
3231
4908
1607
3011
3893
5118
1903
2905
3942
5087
1807
2119
3727
4567
1394
2939
3498
4567
1700
2936
3231
4184
1349
2928
3868
4132
1394
2905
3951
4955
1843
3012
3674
4858
1690
2944
3231
4853
1857
2696
3259
5089
1666
2564
3237
4997
1485
3009
4005
4314
1755
2649
3674
4739
1417
2978
3674
4948
1959
3017
3690
4615
1417
2942
3909
4175
1959
2478
3888
4948
