194
182
959
314
628
784
944
182
31
248
182
182
182
31
182
563
31
253
575
715
118
784
809
31
182
182
31
182
31
314
31
31
495
495
253
579
784
944
253
132
253
31
253
132
253
253
214
314
495
495
575
118
784
809
314
495
626
248
626
132
626
1006
1006
314
489
495
715
579
784
944
626
132
626
132
132
132
1006
37
626
611
626
214
831
944
132
626
1006
626
132
314
314
626
1006
495
132
984
711
579
784
944
495
626
132
626
132
626
132
1006
1006
314
489
314
495
118
214
944
896
626
132
626
132
626
547
824
779
495
626
391
264
579
784
809
495
248
1016
132
626
391
69
578
964
866
787
1016
959
959
314
495
132
626
626
132
626
711
69
807
964
867
715
214
214
784
944
626
901
626
750
1006
314
495
609
993
620
1007
626
748
1006
626
132
611
489
1016
489
771
483
421
993
964
995
715
715
214
784
809
489
1016
563
1006
108
50
578
993
964
809
465
758
214
1006
553
1016
489
1006
563
1006
108
853
853
489
771
771
69
784
784
995
454
489
489
489
179
401
32
558
756
756
917
1006
444
957
272
201
272
201
391
644
287
32
558
756
917
212
214
809
201
272
201
937
201
563
201
912
748
444
611
232
264
579
784
809
798
611
489
1016
391
711
69
993
964
867
47
212
214
784
944
314
314
132
626
132
626
722
993
964
866
495
626
214
784
626
314
314
495
1006
626
132
314
748
495
495
984
264
579
784
944
944
132
984
132
132
984
401
32
558
743
756
743
957
435
182
314
314
768
182
31
182
547
287
558
756
756
743
957
214
784
495
253
502
253
611
253
502
253
314
214
1006
984
391
264
214
944
419
563
495
132
984
984
711
722
993
964
1007
314
951
214
784
495
626
132
626
132
626
401
32
558
743
756
743
917
743
684
684
453
253
453
253
453
314
227
776
227
314
134
409
418
579
784
454
28
495
514
626
632
626
227
214
314
953
626
391
214
784
626
132
314
132
626
257
339
50
839
993
620
509
248
779
785
248
459
495
132
626
132
626
627
807
944
575
715
810
784
809
454
957
495
132
626
132
626
132
227
314
212
579
784
809
16
743
957
495
132
626
626
132
1006
214
944
626
715
119
214
944
28
132
495
132
626
132
626
483
810
993
944
525
588
479
779
495
132
495
132
906
1777
2097
3449
5112
1628
2097
3555
4470
2023
2097
3555
5049
2023
2190
3966
4853
2023
3008
3929
4971
2023
3008
3909
5015
1349
2278
4042
5114
1485
2516
3891
4551
1690
2552
3976
4845
1903
2869
3929
4145
1394
2942
3933
4119
1903
2800
3437
4949
1777
2869
3572
4845
1895
2564
3572
4948
1911
2851
3526
4845
1349
2123
3621
4948
1349
2985
3437
4254
1115
2941
3965
4615
1903
2941
3849
4747
1903
2278
3202
4318
1928
2119
3967
4948
1895
2694
3967
4845
1928
2411
3243
4948
1394
2552
3891
4629
1995
2748
3967
4501
1928
2936
3950
4629
1995
2064
3967
4480
1394
2552
3987
5012
1115
2800
4042
4629
1807
2552
3437
4845
1371
2788
3437
4931
1626
2813
3437
4720
1561
2619
3504
4751
1911
2813
3437
4624
1394
2350
4079
4501
1928
2350
3133
4305
1349
3017
3133
4926
1349
2714
3888
4456
1115
2748
3888
5108
1115
2350
3929
5089
1496
2818
3888
4629
1928
2985
3933
4629
1115
2567
3437
4484
1115
3000
3437
4484
1371
2694
3782
4589
1115
2162
3284
5114
1115
2941
3965
4684
1928
2411
3950
4589
1371
2343
3839
4589
1232
2936
3760
4747
1895
2214
3935
5108
1394
2936
4039
4691
1895
2224
4067
4810
1626
2232
3366
4636
1300
3035
3300
4967
1622
2137
3647
4853
1394
2096
3933
4845
1417
3069
4038
4194
1417
2161
4082
4615
1417
2123
3464
4194
1417
3059
4008
4845
1417
2128
4008
4248
1417
3039
3409
4194
1394
2089
3929
4654
1777
2123
4094
4876
1394
3017
3763
4194
1394
3017
3797
5077
1076
3059
3107
4249
1394
2278
3970
4432
2043
2788
3437
4845
1499
2942
4009
5114
1371
2510
3812
4318
1995
2564
3951
4456
2000
2119
3974
4931
1394
2564
3974
4876
1928
2567
4079
4961
1371
2942
3810
4119
1896
2165
3506
4684
1701
2788
3078
4170
1300
2788
3904
4985
2023
2944
3824
4961
2023
2478
3987
4961
1371
2162
4079
4132
1723
3017
3307
4150
1371
2990
3530
5003
2000
2735
4039
4985
1371
2649
3928
4845
1928
2649
3952
4876
1928
2162
3893
4876
1858
3017
3893
5015
1628
2961
4079
4654
1454
2350
3904
5095
1454
2350
3725
4955
1454
2735
3725
4934
1928
3007
4088
4119
1928
2877
3869
4876
1454
2985
3437
4460
1928
2985
3674
5058
1995
2649
3171
4620
1924
2525
3843
5110
1252
2253
3698
5114
1365
2616
3083
4299
1931
2406
3777
4513
1690
2134
3751
4678
1547
2868
4014
4876
1995
2937
4036
4739
1349
2398
3710
4971
1995
2724
3952
4905
1995
2564
3335
4931
1884
2398
3111
5003
1547
2644
4008
4853
1995
2564
4039
5059
1232
2912
3804
4460
2000
3043
3107
4889
1371
2419
4054
5096
1232
2920
3952
4927
2000
2398
3764
4456
1371
2695
3869
4624
1232
2920
4088
4926
2000
2912
3804
4835
1371
2162
4053
4624
1232
2419
3284
4624
1300
2912
4079
4508
1801
2253
4008
4526
1232
2419
3398
5052
2000
2912
3778
4484
1723
2093
3966
4919
1232
2701
3970
5114
1371
2398
4088
4955
1349
2054
3868
4931
1232
2320
3891
5059
1115
2860
3839
4305
2000
2419
3517
4145
1371
2907
3778
5011
1858
2944
3843
4955
2041
2944
3935
5015
1748
2608
3893
5115
2023
2972
3595
4921
1454
2419
4079
5058
1928
2985
3335
4876
2025
2694
3810
4845
1232
2470
4079
4876
1928
2920
3694
4985
1232
2860
3284
4589
1371
2623
3673
4835
1371
2701
3952
4950
1365
2383
3673
5009
1561
2350
3997
4391
1653
2945
3377
4985
1252
2990
3928
5115
1232
2398
3843
5079
1924
2419
3901
4889
2000
2608
3198
4170
2000
2411
3674
4985
1628
2972
3966
5059
1628
2789
4054
4170
2023
2942
3690
4862
2023
2735
3940
5110
1723
2920
4072
5114
1748
2990
3951
4460
1748
2789
3839
4460
1723
2649
3690
4460
1252
2564
3843
5118
1454
2735
4088
4589
1456
2411
3893
5096
2041
2419
3893
4589
1748
2649
3952
4985
2043
2944
3893
4926
1628
2694
3530
5052
1928
2985
3904
4589
1903
2939
4009
4970
1626
2890
3297
5114
1561
2877
3504
4862
1554
2920
3672
4860
2000
2398
4094
4215
1723
2253
4030
5096
1232
2320
3394
5096
1981
2398
4079
5095
1777
2054
4036
4624
1232
2419
3335
4615
2000
2398
4088
4843
1547
3023
3284
5096
1995
2920
3997
4926
2000
2398
3778
4215
1924
2253
3868
5096
1924
2628
3552
4346
1924
2996
3259
4853
1924
2628
3901
4771
1801
2638
3600
4784
1720
2224
4029
4185
1777
2331
3822
4127
1777
2788
3552
4876
1777
2883
3822
4318
1087
2660
3530
4971
1626
2057
3952
4938
1690
2907
4077
4554
1349
2644
3802
5012
1748
2990
4039
4318
1371
2869
3870
4792
1903
3039
3500
5096
1454
2419
3876
4934
1515
2935
3824
4132
1454
2350
3674
5115
1628
2789
4072
5079
1653
2398
3111
4170
1723
2531
4053
5094
1454
2419
3951
5052
1371
2619
3935
4684
1535
2697
4052
4720
1626
3034
3800
4681
1049
3055
3782
4955
1777
2874
4039
4170
1911
2815
3950
4510
1803
2314
3933
4589
1748
3055
3987
5114
1748
2277
3966
5096
1349
2691
3891
4926
1076
2452
3259
5029
1903
2506
3552
5029
1748
2976
3904
4705
1628
2462
3310
4705
2043
2945
3674
4889
1777
2972
3747
4889
1456
2789
4088
4705
1371
2314
3747
4170
1748
2421
3950
5114
1928
2868
4072
4739
1252
2462
3880
4705
1371
2644
3690
5079
1858
2976
3935
5118
1628
2857
3987
5015
1561
2748
3940
4970
1535
2925
3506
4792
1561
2289
3598
4150
1456
2248
3504
4955
1499
2889
3690
5115
2043
2942
3904
4460
1628
2411
3782
4384
1252
2097
3747
4305
1561
2097
4079
4771
1561
2788
4052
4384
1561
2748
3891
4351
2023
2925
3690
4950
2023
2694
3747
4858
1456
2788
4079
4589
1748
2452
3690
5118
1748
2961
4079
4926
1454
2789
3887
4132
1456
2411
3690
5118
1456
2789
3893
4771
1748
2857
3777
4145
1628
2907
4072
4305
1454
2411
3869
4589
1454
2350
3951
5059
1748
2452
3725
4771
1535
3042
3847
4285
1455
2457
3437
4756
1701
3041
3822
4136
1561
2564
4039
4876
1903
3008
3824
4985
1911
2800
3802
4889
1928
2925
3674
5052
1371
2452
3552
4950
1911
2350
3778
4654
1419
2985
3928
4771
1748
2985
3824
4926
1252
2748
3725
4150
1456
2748
3530
5079
1252
2162
3690
4955
2041
2472
3725
5114
2043
2990
3725
4150
1858
2097
3824
4889
1454
2889
3901
4132
1454
2162
3891
5015
1879
2748
3987
5114
1858
2452
3928
5015
1858
2813
3891
5118
1454
2592
3782
4950
1535
2850
3673
4895
1690
2284
3704
4414
1911
2592
3802
4170
1419
2649
3690
4414
1499
3008
3802
4771
1748
2452
3674
4625
1858
2592
3951
4830
1653
2869
3987
4771
1815
2801
3398
4654
1561
2350
3802
4720
1803
2350
3904
4221
2041
2985
3893
5015
1252
2889
3674
5052
1252
2889
3951
5052
2041
2985
4039
5118
1252
2694
3891
5114
1252
2788
3782
4769
2043
2649
3782
5114
2043
2788
4072
5015
1628
2788
3824
5012
1858
2788
3824
4927
1499
2907
3966
4170
1695
2257
3480
4898
1947
2529
3783
4205
1959
2628
3504
4921
1049
2421
3777
4460
1911
2649
3929
4460
1858
2472
3893
4510
1628
2162
3824
5094
1252
2478
3868
5114
2043
2452
3782
5114
1858
2788
4079
4962
2023
2592
3398
4934
2023
2592
3777
4384
1748
2788
3904
4132
1900
2472
4061
4950
1879
2813
3904
5118
1748
2694
4079
5015
1499
2813
4079
4962
1454
2592
3893
5118
1454
2350
4039
4934
1419
2350
4054
4858
1419
2350
3901
4858
1499
2350
3764
4926
2043
2889
3904
5118
1499
2961
3904
4889
1859
2350
3858
4132
1454
2889
3935
5110
2041
2748
3108
4955
1900
2961
4061
5058
2041
2961
3893
4962
2041
2350
3901
5118
1858
2592
4079
4889
1230
2275
3558
4846
1755
2289
3098
5068
1419
2350
3504
4810
1499
2907
3858
4889
1858
2985
3987
5114
1252
2748
3284
4926
2041
2748
3747
4654
1900
2472
3674
4934
2043
2248
3747
4858
2041
2248
3904
4858
1499
2735
3880
5058
2043
2452
3901
5118
2043
2649
3782
4950
1780
2467
3742
4460
1798
2117
3647
4861
1324
3017
3884
4431
1815
2916
3237
5079
1815
2774
3840
4919
1622
2986
3935
4254
1622
2986
3843
4948
1991
3012
3840
4661
1694
2162
3296
5045
1903
2944
3107
5114
1903
2097
3530
4136
1903
2990
3782
4961
2000
2453
3704
4950
1115
2411
3704
4654
2023
3017
3868
4184
1981
3017
3952
4961
1115
2604
3747
4985
1981
3017
3672
5089
1748
3017
4079
5015
1748
3017
3698
4132
1115
2791
3530
4955
1456
3017
3893
4853
1694
2297
3919
4829
1588
2343
3901
4948
1181
3017
3500
4460
1815
2275
4039
4876
1815
2887
3940
4170
1815
2224
3335
4624
1334
2986
3111
4624
1723
2986
3530
4852
1903
2314
3966
4384
1959
2619
3704
4839
1903
2097
3675
4661
2000
2964
3859
4926
1515
2964
3690
4830
2023
2411
4079
4747
1628
2788
3901
4889
1628
2883
3928
4132
1748
2976
3891
4926
1748
2907
3952
4810
1748
2694
4079
4810
1748
2791
3880
4170
1454
2944
3893
4654
1928
2350
3782
4132
1371
2350
3782
4889
1628
2592
4079
4983
1628
2592
3893
4654
1858
2748
4039
4876
1858
2889
3935
4926
1900
2889
3725
4830
2041
3017
3987
5052
1252
2889
3725
4460
2041
2411
3839
4132
1561
2097
3653
4889
1755
2660
3777
5094
1959
2660
3976
4876
1454
2248
3652
4858
1900
2314
3747
4150
1281
2748
3928
5114
1928
2735
3987
4889
1928
2907
3747
4654
1858
2467
3690
4747
1928
2162
4087
4889
1252
2907
3810
5058
2043
2976
3904
5015
1628
2694
4087
5058
1281
2990
3893
5089
1755
2276
3653
4926
1812
2276
4077
5110
1561
2877
3504
4705
1419
3055
3504
4852
1252
2976
3413
5012
1879
2628
3270
5058
2043
2976
4088
5058
1281
2649
3690
4771
1903
2905
3674
4955
1801
2462
3987
4971
1659
2818
3377
5012
1300
3008
3737
4821
1371
2800
3777
4615
1879
3012
3933
4934
1371
2748
3804
4132
1628
2857
3284
4852
1628
2961
3935
4889
1515
2462
3856
4889
1456
2942
3335
4384
1371
2619
3710
5012
1628
2889
3111
4305
1628
2789
3951
5059
1903
2665
3952
5096
1365
2443
4004
4714
1690
2825
3257
4508
1959
2451
3631
4414
1911
3012
3870
4460
1928
2944
3725
4934
1349
2097
3639
4150
1349
2860
3304
4150
1903
2352
4004
4510
1394
2628
4036
4961
1700
2608
3504
4711
2035
2964
3955
4127
1777
2777
3843
4839
1371
2925
3810
4894
1349
2608
3552
4576
1076
2452
3891
4985
1858
2411
3933
4720
1723
2276
3782
4589
1349
2990
3639
4127
1807
2612
3585
4845
1515
3017
3674
4625
1454
2818
3952
4926
1349
2813
3690
5110
1349
2411
3674
4876
2041
2990
3891
4132
1454
2985
4009
4589
1456
2592
3725
4830
2025
2579
3810
4771
2025
2470
3965
5110
1232
2470
3974
4853
1911
2945
3843
4318
1884
3071
3904
4318
1878
2738
3504
5033
1626
2939
3231
4905
1701
2478
3558
5018
1232
2276
4077
4335
1232
3050
3810
4985
1884
2928
3952
5015
1622
2260
4072
4157
1232
2727
3530
4919
1884
2844
3747
4221
1995
2942
3925
4510
1394
2536
3486
5110
1622
2260
4087
4097
2025
2260
3951
5115
1394
2944
4065
4810
1317
2956
3567
4321
1331
2528
3715
4931
1331
3017
3919
5110
1331
2644
4054
4460
1287
2989
3237
4296
1801
2148
3077
4938
1896
2746
3471
4676
2046
2791
3638
4456
1835
2989
3133
4676
1807
3017
3715
4673
2046
2907
3928
4938
1349
2942
3498
4456
1349
2869
3498
5114
1334
2289
3514
4119
1417
2060
3409
4845
1903
3017
3951
4335
1995
2628
3619
4726
1690
2628
3940
4924
1815
2333
3609
4924
1815
2971
3600
5069
2046
2513
4000
4335
1300
2513
3966
5069
1300
2818
3552
4432
1780
2347
3942
4315
1798
2557
3440
4767
1798
2741
3865
5011
1815
2869
3600
4820
1815
2887
4064
4525
1815
2314
3552
4525
1743
2557
3825
4654
2032
2224
3600
4455
1788
2313
3600
4999
2035
2333
3600
4906
1755
2097
3535
4854
1801
2608
3909
4424
1801
2119
3698
4554
1054
2119
3377
4691
1720
2214
3459
4418
1807
2719
4091
4810
1884
2791
4094
4779
1914
2137
3296
4389
1417
2604
3269
4132
1317
2884
3265
4988
1417
2936
3329
4615
1417
2936
3329
5025
1895
2881
4067
4484
1895
2881
3872
4662
1895
2350
3307
4145
2000
2350
3950
4950
2025
2844
3284
4985
1690
2848
3088
4906
1622
2928
3880
4654
1903
2464
3530
5029
1884
2993
3925
5079
1622
2928
4054
4624
1777
2260
3952
4170
1690
2944
4065
4860
1701
2411
4006
4221
1959
3012
3623
4895
1995
2727
4008
4934
1748
2976
3901
5029
1394
2649
3951
4839
1394
3012
3530
5114
1903
2564
3974
4927
1300
3044
3237
4889
1777
2575
3887
5112
1777
2470
3887
5110
1394
2945
3928
4927
1394
2748
3843
5012
1394
3044
3747
4893
1755
2248
3653
4460
1683
2283
3665
4414
1690
2275
3398
4985
1959
2735
3843
5012
1959
2868
3843
4318
1300
2727
3585
4862
1232
2470
3951
4927
1928
2944
3764
4771
1349
2248
3644
5112
1959
2564
3506
5052
1659
2942
3504
4961
1911
2411
3764
4654
1884
2162
3778
4732
1232
2253
3970
4747
2000
2912
3237
4150
1884
2253
3270
4477
1995
2920
3107
4860
1115
3043
4079
4296
1995
2647
3557
4374
1115
2608
3727
4589
1232
2419
4053
4955
1928
2912
3935
4484
1389
2368
3919
4938
1192
2608
3795
4133
1287
2525
3822
4686
1287
2968
3547
4770
1287
3012
4033
4106
1968
2484
4084
5114
1835
2121
3807
4678
1807
2604
3585
4477
1835
3022
3966
4554
1622
2890
3109
4364
1622
2137
4056
4754
1317
2214
3573
4728
1914
2801
3307
4412
1659
2791
3990
4869
1815
2608
4067
4889
1815
3001
3420
4960
1622
2137
3198
4296
1622
3022
4072
4184
1690
2701
3751
4691
1884
3022
3764
4185
1884
2716
3098
4615
1959
2531
3928
4132
1232
2214
3966
4720
1371
2097
3928
4720
1777
2860
4088
4621
1777
2936
3335
4942
1777
2608
4088
5022
1349
3012
3747
5110
1622
2544
3764
4351
1349
2937
3747
4699
1232
3062
3951
4934
1959
2735
3928
4720
1755
2452
3928
4654
1583
2264
3420
4187
1931
3035
3504
4875
1690
2968
4077
5008
1843
2608
3581
5037
1371
2748
3764
5058
1911
2735
3764
4296
1903
2735
3982
4132
1903
2789
3596
5029
2000
2976
3914
5096
1515
2462
3942
4972
1777
2162
3928
4161
2000
2939
3810
5050
1995
3022
3376
4942
1232
3008
3942
4140
1911
2818
3498
5041
1300
2735
3824
4530
1690
2608
3901
4893
1300
2800
4006
5058
2000
2976
3777
4384
1911
3017
3690
5022
1777
2525
3447
4985
1995
2735
3107
5118
1515
2248
3933
4127
1959
2162
3398
4845
1701
3008
3804
4606
1903
2989
3901
5059
1995
2889
4054
4654
1252
3017
3891
5058
1748
3017
3810
4397
1628
2800
3335
4510
2000
3022
3928
4926
1300
2115
3530
4853
2000
2989
3552
4875
2000
3022
3987
4384
1928
3071
3674
5015
1300
2162
3530
4782
1456
3022
4054
4950
1232
2162
3398
4705
1425
3034
3342
4922
1626
2117
4019
4194
1755
3050
3802
4926
1911
2748
3935
4539
1843
2905
3839
4589
1659
2117
3904
4314
1653
2564
4072
5118
1653
2649
3950
5118
1653
2990
3530
4926
1653
2990
3914
5114
1252
2791
3904
5015
1653
2165
3690
4853
1371
2985
3413
5090
1252
2248
3839
4589
1777
2333
3940
4905
1777
2789
4054
4145
2000
3022
3690
4771
2023
2735
3940
4852
1607
2592
3690
4985
1371
2452
3891
4950
2023
2971
3940
4955
1300
2162
3987
4931
1457
2813
3673
4971
1561
3008
3933
4721
1456
2462
3901
4926
1928
2971
3270
5040
1454
2462
4088
4955
1181
2694
3325
4621
1628
2801
3690
4364
1535
2877
3342
4763
1300
2925
3976
4983
1496
2350
3498
4132
1653
2694
3904
4654
1748
3022
3526
4926
1858
2985
4088
5052
1252
2619
3843
4589
1777
2608
3843
4926
1777
2470
4056
4876
1777
2813
3928
4711
1777
2813
3843
5110
1628
3022
3810
4860
1628
2788
3778
4150
2023
2452
3928
4127
1456
2976
3843
4927
1371
2628
3891
5115
1748
2592
3869
5118
1371
2452
3498
4654
1456
2119
3824
4950
1419
2936
3893
4889
1959
2990
3933
4985
1753
3042
3104
4973
1701
2869
4087
4414
1049
2869
3437
5041
1157
2869
3268
4950
1653
2644
4054
4170
1653
2907
3952
5095
1653
2907
3824
5058
1349
3069
3942
4934
1653
2777
4052
4830
1903
2985
3530
5115
1903
2860
3398
4747
1252
2976
3088
4961
1777
2608
3987
5115
1777
2964
3901
4985
1252
2907
3725
4889
1628
2649
3585
5114
1628
2788
4079
4985
1232
3022
3915
4384
1300
2162
3869
4782
1349
2649
4094
4150
1115
2990
4056
4985
1428
2452
3843
4296
1456
3017
4079
4150
1981
3017
3952
4985
1076
2907
3782
4460
1561
2869
3868
4127
1300
2833
3673
4782
1653
3017
4039
4889
1628
3017
3893
5059
1748
3017
4072
4983
2043
2990
3585
4934
1777
2284
3530
4906
2000
2844
3647
4263
1723
2928
3398
5015
1928
2277
3530
4733
1723
2844
3377
4962
1252
2877
3925
4624
1456
2976
3928
4830
1515
3071
3530
4858
1928
2649
3810
5114
1535
2545
3413
5037
1755
2868
3764
4739
1701
2990
3727
4997
1281
2472
3891
5015
1858
2248
3610
5114
1959
2818
3111
4305
1755
2452
3885
4786
1349
2869
4077
4508
1371
2869
4054
4962
1748
2877
3893
5052
1653
2976
3928
4889
1653
2777
3951
4961
1371
2350
3933
5096
1653
2419
4039
5114
1371
2535
4088
4589
1777
2936
3987
4175
1232
2985
3335
4830
1903
2411
3778
5029
1928
2735
4088
5089
