1012
668
457
457
633
91
763
457
359
491
587
359
91
260
359
91
587
633
91
310
633
359
491
673
359
91
587
633
91
491
633
91
491
633
359
491
587
359
91
295
633
91
809
763
457
359
485
19
633
91
295
683
1016
492
457
22
769
805
683
22
492
589
359
91
805
683
867
492
457
22
769
47
633
359
931
492
633
359
491
536
709
531
492
457
359
769
47
633
359
22
295
633
91
491
763
457
22
485
536
805
544
457
22
867
531
805
359
931
648
457
359
931
709
683
440
54
63
883
544
867
633
359
931
648
457
359
931
648
372
440
54
883
457
199
867
457
359
531
83
633
359
491
648
848
536
883
54
457
22
867
648
457
359
531
883
633
359
931
648
848
536
544
1020
440
544
22
54
440
457
359
931
648
633
22
491
648
805
54
883
805
805
22
867
457
22
883
440
457
359
931
440
223
54
805
544
769
90
457
457
359
931
618
633
91
179
633
91
867
544
544
769
179
457
359
640
492
633
359
931
648
457
457
359
22
867
457
359
931
492
457
359
587
359
931
47
457
359
673
359
91
47
457
359
491
633
22
483
422
633
91
928
532
587
633
91
587
633
91
491
835
806
805
683
492
483
786
91
9
89
835
536
536
673
633
91
978
47
69
148
978
978
539
47
483
786
978
978
539
806
806
806
806
806
899
790
19
633
884
587
810
148
69
148
978
47
544
91
971
971
806
806
806
806
790
918
517
221
1
1
1
24
1
1
1
848
648
54
1
1
1
1
805
406
928
22
1
648
648
440
179
633
91
457
359
491
587
633
199
491
633
170
978
544
532
806
683
491
468
928
867
310
457
359
852
483
810
978
633
978
532
295
544
491
51
295
22
531
806
295
1006
894
310
633
199
483
359
978
522
544
51
457
806
544
491
848
633
22
22
47
310
483
633
978
646
978
532
544
51
295
51
295
359
491
148
978
47
69
199
978
148
978
978
539
539
971
51
806
310
483
810
170
978
47
69
148
978
978
928
978
51
51
806
806
806
806
790
611
790
790
611
1
1
611
624
406
395
406
1020
790
790
440
440
195
406
805
928
1020
624
248
440
611
406
395
647
624
37
624
195
406
910
611
662
395
29
248
406
910
848
37
910
611
195
406
910
740
134
375
647
805
906
