1012
158
641
477
477
477
477
477
477
477
477
477
477
340
169
118
834
477
477
477
805
847
331
477
125
477
477
477
477
125
477
549
340
477
169
619
791
107
354
74
244
916
563
916
403
483
421
309
646
646
44
268
51
51
806
806
462
806
888
545
477
547
70
355
960
1022
644
401
588
277
467
859
414
873
7
7
7
5
7
477
852
264
847
107
641
641
758
888
125
169
982
361
822
641
758
47
15
870
641
477
542
477
477
477
477
477
104
549
63
107
313
673
421
309
535
641
80
477
51
734
21
477
15
822
477
283
627
84
331
630
477
477
125
477
563
313
421
175
309
866
15
196
331
354
477
477
477
477
477
477
125
477
547
704
477
169
452
450
588
355
205
859
859
859
276
169
996
175
985
867
169
409
672
478
354
630
630
244
104
244
222
313
401
588
277
467
205
414
912
859
859
859
859
7
477
477
169
169
547
70
355
1022
1022
401
588
277
467
859
859
859
7
859
859
859
5
662
169
169
15
870
989
641
662
629
169
63
175
169
401
588
355
447
151
859
859
859
859
740
629
662
629
169
644
94
295
786
174
522
266
942
535
44
524
758
51
806
1016
489
611
232
50
661
862
535
326
758
38
806
806
771
786
174
174
611
449
449
806
806
276
449
657
657
657
272
657
232
70
704
522
232
263
450
62
447
447
151
20
889
20
889
739
889
739
1000
629
227
748
1000
145
740
145
257
145
616
982
692
138
667
707
227
785
785
563
965
816
965
965
169
693
70
704
960
1022
644
450
277
467
255
690
914
52
914
914
965
410
63
692
138
196
870
354
630
916
340
916
916
313
50
661
862
535
326
44
516
632
68
632
965
816
965
965
547
70
355
1022
1022
421
309
535
138
497
496
632
965
632
965
785
740
965
644
70
588
355
205
914
914
453
914
256
498
452
191
175
931
15
870
361
535
138
707
632
965
632
965
15
481
965
644
287
588
277
613
690
914
914
914
7
606
606
692
481
138
644
450
277
355
205
690
914
914
914
852
260
361
309
931
707
196
834
444
965
21
965
916
965
816
644
70
355
205
1022
673
225
309
760
641
76
76
21
965
317
965
549
965
693
15
870
331
354
667
965
916
916
965
693
50
421
309
646
538
44
312
51
965
806
619
965
965
965
534
