306
668
668
674
674
124
674
740
674
674
674
674
674
674
674
674
674
738
738
490
674
674
674
674
223
738
611
738
738
738
567
674
567
674
176
386
818
248
294
386
223
386
386
740
486
108
386
338
86
86
308
829
563
386
386
384
338
292
292
896
829
124
386
338
338
772
238
829
674
386
386
912
674
272
386
674
674
386
805
384
772
772
772
674
829
674
674
124
386
386
386
386
386
771
384
384
772
772
28
829
674
272
517
674
517
674
674
674
674
674
674
272
517
386
674
674
674
711
384
608
772
124
772
674
674
611
124
272
674
674
674
124
124
674
674
674
248
124
674
674
674
338
338
292
825
674
829
124
386
223
674
674
825
124
386
818
386
386
386
386
386
674
386
386
386
386
386
386
563
386
386
386
386
384
608
772
292
432
896
238
223
338
292
772
896
386
386
386
386
223
825
292
386
386
386
386
248
338
338
772
432
829
674
386
386
386
674
248
674
674
674
223
223
386
386
386
740
674
386
386
338
338
825
248
896
829
124
386
386
674
272
674
825
386
386
674
611
248
386
386
386
338
386
384
384
772
454
896
1005
896
124
124
272
674
674
674
611
818
386
818
386
818
611
818
818
818
818
818
818
386
818
386
818
563
818
386
818
386
386
386
818
386
611
818
818
386
818
386
818
386
386
386
386
386
386
386
248
386
372
386
338
248
384
772
772
705
513
384
384
1002
600
1002
600
1002
600
253
600
705
600
1002
600
600
705
384
938
938
938
938
938
938
938
938
705
938
938
938
938
938
938
938
938
938
938
938
705
705
386
338
384
384
1002
600
1002
600
1002
600
1002
600
1002
600
705
705
705
384
384
1002
600
1002
600
1002
705
384
384
1002
600
1002
600
1002
600
1002
600
1002
600
705
705
384
384
1002
600
1002
600
1002
1002
1002
705
705
384
600
1002
1002
600
1002
600
1002
600
1002
600
705
600
984
705
495
600
1002
600
1002
600
1002
600
1002
600
1002
705
705
705
384
938
938
938
938
938
938
938
938
938
938
938
938
938
938
938
938
384
384
600
1002
600
1002
600
1002
600
1002
600
248
253
253
705
384
938
938
938
938
938
938
938
338
938
938
31
938
31
938
938
938
938
938
938
938
938
938
938
938
938
938
938
938
705
384
1005
1005
600
1005
348
1005
348
338
600
1005
348
906
1622
2983
3621
4759
1895
2253
4019
4845
1895
2323
3919
4612
1884
2830
3297
4845
1903
2119
3935
4845
1622
2889
3950
4711
1349
2791
3535
4184
1349
2791
3933
4899
1622
2748
3098
4845
1349
2818
3822
4858
1895
2411
3822
4132
1777
2800
3822
4389
1995
2119
3095
5110
1777
2818
3901
5029
1895
2985
3782
5056
1903
2791
3777
4845
1903
2119
3935
4876
1995
3012
3987
4845
1903
2936
3623
5029
1895
2694
3777
4184
1371
2314
3933
5056
1995
2119
3914
4934
1349
3039
3725
4184
1895
2748
3777
5056
1371
2791
3982
4962
1628
2119
3530
5079
1995
3012
3893
5110
1371
2789
3413
4654
1777
2936
3843
4184
1928
2467
3933
5118
1995
2813
3623
4810
1928
2813
3111
4184
1371
2619
3585
4150
1371
2619
3777
4132
1903
2694
3843
5095
1928
3012
3987
5052
1349
2860
4039
5052
1928
2748
4039
4184
1349
2608
3699
4810
1928
2748
3869
4876
1928
2411
3843
4876
1928
2649
4039
4876
1371
2411
3725
4985
1928
2592
4054
4830
1928
2985
3747
4150
1928
2936
3951
4170
1928
2889
4039
4170
1928
2889
3891
4810
1928
2889
3777
4985
1928
2748
3950
4985
1879
2748
3585
5015
1928
3055
4072
4132
1928
3055
3843
5110
1879
2411
3725
5052
1928
2411
4039
4985
1928
2985
3777
4985
1928
2592
3824
4150
1928
2694
3935
4460
1928
2748
3824
4889
1879
2119
4072
4384
1928
2411
3824
4876
1879
2472
3111
4853
1879
2472
3725
4150
1879
2472
3725
4955
1879
2472
3869
5118
1879
2592
3725
4384
1928
2936
3777
4132
1879
2619
4072
4876
1858
2985
3585
4810
1928
2889
3824
4876
1879
2985
3674
4934
1653
2791
3824
4858
1628
2350
3777
4934
1628
2644
3725
4460
1454
2748
4079
4384
1628
2942
4039
4934
1628
2592
3777
4955
1628
2777
3869
4184
1628
3017
3950
4460
1371
2564
3891
5115
1454
2564
3891
4876
1928
2411
4079
4860
1928
2964
4072
4926
1252
3050
3951
4184
1349
2788
3950
5089
1903
2714
3623
5029
1349
2119
3891
4705
1496
2875
3111
4926
1777
3000
3690
4876
1371
3055
3880
4559
1628
2628
3778
4132
1496
2608
3950
5052
1371
2411
3777
4145
1928
2818
3284
4955
1777
3069
4053
4739
1903
2567
3778
4955
1903
2489
4008
4150
1777
2788
3952
4845
1371
2944
3284
5011
1777
2788
4053
4858
1911
3012
3704
4907
1899
2920
3933
4561
2023
3035
3935
4810
1371
2985
3919
4926
2023
2628
3919
5106
1371
2097
4039
4170
1928
2119
3777
5114
1928
2985
4039
5118
1928
2628
3869
5114
1628
3008
3672
5052
1252
2877
3933
4705
1252
3017
3952
5110
1252
2961
3952
4132
1252
2818
3839
4384
1454
2800
3647
4860
1456
2985
3869
5095
1879
2592
4054
4654
1748
2985
4054
5095
1858
3008
3904
4962
1911
2748
3904
4899
1076
2628
3526
4678
1349
2531
3933
4876
1653
2748
3777
5114
1349
2478
4053
4983
1653
2942
3869
4858
1349
2350
3935
5058
1653
2276
3951
4335
1628
2944
3880
5096
1628
2350
3901
5059
1252
2350
3950
4127
1858
2467
3893
4876
1252
2961
3893
4654
1454
2119
4039
4876
1454
2818
3674
5052
1748
2942
3674
4460
1499
2985
4054
5089
1858
2791
3747
4927
1454
2889
3951
4934
2043
3008
3725
4955
1454
2961
3674
4934
1252
2694
3725
4926
1454
2411
3725
4460
1300
2942
3464
4876
1777
2813
3447
4914
1777
2452
3928
5040
1115
2130
3498
4962
1115
2820
3526
4810
1115
2889
3965
4150
1349
2608
3284
4864
1115
2907
3965
4985
1115
2788
3928
4457
1777
2253
3704
4934
1777
2085
3498
4961
1903
2889
3555
4324
1349
2608
3384
4335
1115
2907
3868
4985
2023
3017
3782
4317
1777
2452
3966
5040
1653
3017
3965
4961
1903
2350
3498
4324
1349
2990
3810
4248
1115
2907
3965
5031
1115
2726
3201
4985
1777
3017
3535
4985
1653
2253
3335
4624
1903
2350
3843
4624
1115
2889
3965
5012
1349
2649
3965
4624
2023
3017
3530
4955
1371
3017
3704
4985
1252
3017
3928
4873
1653
3017
3901
4858
1748
3017
4088
5058
1748
3017
3259
4624
2023
3017
4079
4150
2023
3017
3952
4150
1628
2985
3965
4985
1232
2986
3868
4985
2035
2224
3950
4755
1317
2544
3890
4339
1914
2939
4091
4872
1349
2644
3890
4335
1622
2990
4091
4335
1895
2649
3719
4335
1895
2830
3111
4490
1349
2119
3997
4335
1349
2119
3868
4763
1895
2484
3111
4339
1895
2564
3777
4197
1884
2714
3413
4337
1115
2119
4079
4510
1622
2552
3743
4624
1895
2956
3504
5058
1371
2788
4088
4132
1995
2788
3856
5095
1232
3017
3869
4255
1895
2224
3284
4876
1371
2680
3966
4927
1723
2119
4072
4876
1995
2411
3869
5029
1777
2936
3777
5058
1371
2791
4088
4926
1777
2591
4008
4845
1903
2119
3869
4926
1903
2936
3777
5108
1895
2694
3777
4971
1371
2791
3987
4184
1903
2968
3904
4132
1622
2694
3777
4792
1371
2936
3880
4876
1371
2791
3982
4615
1748
2119
3623
4955
1349
2119
3950
4184
1232
2411
3950
5052
1349
2936
4042
4985
1371
2985
3933
4919
1349
2813
3585
4905
1995
3012
3950
4484
1371
2883
3777
4334
1371
2628
3782
4456
1928
2788
3933
5056
1928
2818
3777
4810
1928
2936
3690
4184
1371
2788
3893
4955
1371
2985
3933
5114
2023
3055
3585
4962
1928
2985
3950
4221
1252
3008
3725
4853
1928
2791
3966
5110
1252
2119
3876
5056
1879
2818
3893
4934
1252
2936
4084
4654
1928
2985
4039
4460
1252
2119
3623
4132
1928
2889
3869
4852
1928
2985
3876
5052
1748
2976
3935
4460
1879
2985
4079
4184
1879
2877
3674
4934
1879
2472
3782
4962
1748
2985
3777
4654
1879
2564
3777
4853
1748
2976
3777
4132
1879
2592
4079
5029
2023
2350
3891
5029
1879
2791
3777
5114
2043
2976
3777
5015
1879
2472
3725
4810
2043
2472
3725
4971
1879
2566
3725
4830
2043
2472
3782
5015
2041
2976
3108
5114
2041
2472
3858
4962
1879
2472
4054
5052
2041
2472
3725
5052
2043
2566
3725
4769
2041
2961
3950
4132
1879
2791
4054
4962
2041
2566
3725
4926
1879
2566
3869
4460
1454
2889
3935
5029
1371
2985
3782
4771
1371
2411
4079
4771
1928
2119
3777
4318
1748
3012
3725
4771
1371
2936
3782
4771
1371
2788
3965
4132
1748
2119
3966
4170
2023
3012
3725
5058
1371
2936
3891
4771
1371
2788
4079
4132
1371
2119
3284
4860
2000
2735
3777
4624
1777
2936
3704
5029
1371
2907
4079
4305
1371
2097
3284
4150
2023
3017
3725
4221
1928
2985
3952
4876
1371
2276
3778
5058
1928
2748
3778
5114
1252
2990
3725
4221
1928
3055
3952
4654
1252
2990
3725
4985
1496
2608
3982
4810
1252
2889
3725
4150
1928
3055
4036
4962
1928
2889
3777
4876
1252
2162
3778
4654
1748
2961
3778
4810
2041
2472
3725
4962
1928
2936
3284
5058
1879
3017
3782
4852
1748
3017
3951
4150
1879
2985
3725
4876
1858
2748
3725
4589
1879
2985
3674
5058
1928
2791
3777
5052
1454
2467
3891
4934
1879
2813
3747
5015
1454
2564
4053
5015
1454
2813
3725
4654
1252
2813
4079
5115
1496
2990
4052
4876
1456
2276
3904
4853
1748
2961
3952
5118
1456
2748
3725
4460
1858
2788
3725
5087
1858
2165
3673
4830
1928
2097
4079
4934
1858
2985
3725
4926
1628
2989
3750
5118
1928
2748
3782
4926
1252
2748
3725
4460
1454
2411
3725
5052
1252
2889
3782
4830
2041
2942
3725
5118
1456
2694
3935
5052
1858
2735
3725
5118
1748
2986
3951
5110
1858
2961
3893
5029
1748
2985
3904
4830
2043
2472
4079
5115
1748
2748
3935
5015
1879
2411
3725
4955
1748
2411
3893
4934
2043
2628
3782
4384
1628
2276
4042
4889
1879
2564
3893
4889
1454
2813
3725
5058
1454
2813
3891
5058
1454
2813
3725
5118
1252
2800
3891
4170
1349
2119
3901
4705
1252
2788
3935
4384
1748
2942
3778
4835
1371
2985
3777
5029
1928
2830
3727
4221
1252
3012
3725
4654
1371
2748
3933
4985
1456
3055
3778
4962
1928
2411
4039
4150
1928
2889
3869
4835
1252
2411
4088
4559
1928
2942
3987
4810
1252
2628
3966
4150
1858
2119
3725
4654
1653
2788
3725
5052
1628
2961
4053
4624
1454
2986
3764
5118
1252
2800
3585
5110
1748
2119
3777
4624
1252
2936
3777
4739
1748
2628
3869
4624
1428
2411
3778
4926
1748
2791
3542
4150
1252
2961
3950
5118
1454
2800
3891
4755
1879
2985
3725
4889
1371
2694
3782
4150
1928
2119
3904
4460
1454
2592
4039
4858
1252
2942
3869
5118
1454
2936
3987
4983
1456
2791
3115
4955
1456
2552
3725
4921
1748
2800
3782
5095
1690
2928
3622
4720
1884
2192
3672
4121
1995
2192
3919
4766
1777
2421
3914
4676
1995
2350
3914
5095
1895
2815
3880
4755
1995
2544
3259
5022
1895
2168
3914
4624
1371
2467
3778
4715
1232
2818
3335
4931
1903
3000
3951
4384
1995
3017
3904
4145
1995
2085
4053
4971
1371
2162
3674
4985
1371
2800
3778
4720
1371
3017
3783
4955
1349
3008
3843
4615
1777
2818
4054
4845
1349
3000
3887
5118
1456
2421
3747
4926
1995
2162
4039
4876
1371
3017
3904
4771
1371
3017
4072
4955
1371
2985
3950
4127
1371
2818
4054
4983
1232
3017
3940
4771
1995
3007
3940
4876
1232
2478
3891
4921
1371
2800
3891
5058
2023
2800
3839
4876
1371
3017
3997
4771
1371
3017
3924
4925
1454
3017
3950
4771
1232
2985
3280
5090
1653
3017
4054
4145
2000
2815
3530
4876
1371
2735
3747
4876
1371
2907
3778
4876
1371
2907
3950
4876
2023
3017
3843
4955
1232
2818
4054
4876
1628
2813
3933
5058
1928
2985
4079
4876
1371
2735
4072
4876
1371
3017
4054
5052
1371
2644
3198
5015
1748
3008
3869
4845
1928
2162
3778
4615
1628
3017
3940
5058
2023
3017
3933
4853
2023
3017
3901
4962
1858
2800
3843
4860
1928
2990
4054
4876
1454
3017
3966
4436
1928
2162
4072
4876
1928
2564
3935
4876
1454
3017
3869
5118
1748
2162
3725
4926
1858
3017
3928
4927
1371
2990
3891
4876
1454
3017
3778
4926
1858
3008
3891
4876
1858
2990
3725
4876
1454
3017
3824
5052
1928
2162
3526
4876
1858
2350
3725
4876
1454
2350
3778
5058
1454
3017
3901
4150
1858
3017
3893
5059
1858
2990
3891
4876
1454
2788
3869
4876
1858
2788
3901
4985
1858
2985
3891
4876
1879
2985
3839
4876
1879
2735
4072
4876
2041
2961
4054
4876
1879
2350
4079
5114
1900
2566
3893
5118
1900
2162
4061
4955
1879
2907
4054
5052
1879
2907
3904
4830
1879
2788
3893
4926
2043
2813
3725
5114
2041
2411
3725
4934
2043
2985
3904
4955
2041
2877
3904
4962
1762
2350
4054
5015
1454
2619
3893
4950
1515
3050
3891
4876
1803
2162
3919
4305
1803
3017
3924
5114
1777
2825
3600
4305
1777
3007
4036
4307
1777
2085
3924
5052
2000
2085
3725
4510
1895
3007
3951
5115
1771
2830
3797
5079
1396
2851
3753
4194
1396
2968
3797
4516
1396
2096
3354
4248
1396
2916
3797
4318
1636
2101
3529
4884
1519
2830
3681
4585
1047
2098
3776
4386
1857
2098
3797
4371
1857
2089
3466
4899
1914
2851
3188
4759
1955
3055
3716
4516
1857
2096
3914
4484
1914
2114
3797
4905
1589
2851
3797
4638
1047
2411
3985
4248
1857
2547
3368
4846
1035
2830
3442
4638
1955
2089
3719
4194
2046
3035
3797
4615
1857
2694
4082
4132
1481
2830
3797
4546
1995
2314
3985
4248
1216
2063
4000
4356
1820
2548
3415
4332
1940
2190
3323
4443
1936
2915
3091
4823
1778
2915
3449
4507
1936
2548
3959
5119
1396
2063
4064
4660
1982
2081
4016
5110
1396
3000
3707
4322
1529
2421
3555
4120
1966
2190
3091
4318
1966
2063
3488
4817
1035
2190
3447
4324
1299
2513
3236
4938
1690
2619
3083
4256
1982
2421
3653
5029
1961
2198
3254
4645
1396
2913
3229
4732
1940
2971
3302
4727
1674
3024
3709
4878
1396
3024
3275
4384
1651
2657
3504
4555
1216
2503
3849
4924
1945
2085
3870
4727
1209
3009
3456
5040
1299
2451
4051
4161
1714
2572
3687
4950
1097
2421
3536
4739
1315
2379
4064
4816
1417
3024
3870
4221
1547
2400
3456
4924
1911
2972
3940
4727
1417
2789
3536
4862
1394
3008
3933
5030
1252
3009
3940
4332
1115
2813
4087
5059
1456
2314
3284
4926
1349
2097
3111
4170
2024
2680
3437
4846
2024
2214
3734
4914
2024
2571
3245
4211
1925
2510
3771
4427
1669
2968
3245
4211
1669
2212
3275
4196
1669
2214
4003
5100
1396
2721
3583
4511
1669
3050
3288
4692
1216
2119
3304
4227
1519
2716
3661
4227
1519
2348
3989
4776
1519
2348
3307
4615
1519
2791
3244
4845
1368
2851
3737
5108
1481
2506
3307
5095
1914
2968
3657
5087
1589
2506
3585
4193
1777
2680
3839
4296
1456
2347
3987
5115
1903
2452
3652
4876
1622
2989
3951
4955
1587
2703
3284
4763
1771
2464
4073
5040
1771
2993
3174
4567
1448
3050
3143
4385
1669
2993
4008
4443
1094
2640
3186
4447
1519
2848
4042
4888
1622
2063
3925
4899
1097
2945
3924
4318
1589
2510
3536
4301
2025
2945
3702
4727
1347
2510
3526
4221
1955
3050
3982
4983
1771
3035
3586
4862
1156
2856
3354
4445
1396
2547
3763
4893
1396
2096
3516
5116
1396
2128
4019
4536
1626
2292
3797
4881
1396
2123
3757
4726
1396
2830
3929
4638
1626
2096
3373
4194
1857
2730
3354
4972
1035
2600
3514
4845
1817
2407
3466
4845
1968
3055
3760
5118
1857
2600
3933
4197
1882
2128
3376
4477
1955
2292
3716
5089
1857
2096
3797
5022
1857
3059
3797
4881
1589
3055
3484
4588
1097
2942
3869
4638
1349
2818
3893
4845
1771
2936
3623
4900
1396
3012
3302
4350
1396
2510
3375
4894
1828
3019
3254
4586
1396
2211
3265
4382
1396
2707
3179
4882
1669
2536
4019
4869
1299
2646
3265
4177
1925
2298
3111
4364
1669
2450
4095
4952
1703
2594
4042
4676
1925
2298
3809
4894
1216
2211
3463
4989
1299
2955
4008
5109
1589
3035
3302
4974
1426
2119
3777
4645
1216
2681
3302
4899
1240
2830
3247
5112
2045
2276
3898
4610
1925
2154
3813
4285
1529
2510
3558
4529
1216
2945
4036
4275
1925
2838
3685
4654
1669
2456
3179
4882
1771
2536
3415
4403
1771
2681
3582
4285
1925
2549
3254
4875
1519
2269
3814
4258
2025
2646
3164
5112
1925
2211
3673
4890
1417
2762
3977
4924
1347
2549
3935
4711
1347
2681
4091
4860
1622
2549
3783
4776
1519
2230
3805
4710
2025
2628
3651
4366
1589
3012
3651
5056
1884
2777
3530
4747
1925
2564
3284
4725
1771
2727
3536
4573
1669
2957
4008
4844
1396
2727
3485
4776
1083
2762
3644
5030
1396
2848
3582
4810
1626
2536
3132
4705
1216
2942
3957
4421
1519
2945
3413
4397
1925
3003
4006
4830
1519
2868
3890
4942
1669
2996
3687
4315
2001
2727
4079
4097
1519
2721
4051
4605
1417
2942
3777
4470
1417
2944
3536
4660
2025
3050
3555
4325
1097
2762
3555
4829
1115
2844
3555
4899
1115
2844
3727
5056
1748
2848
3890
4950
1519
2545
3784
5094
1771
2818
3323
4611
1771
3000
3129
4660
1771
2190
3531
4451
1936
2190
3180
4385
1936
2401
3508
4824
1936
2915
3686
4610
1982
2081
3323
4246
1778
2407
3555
4495
1945
2585
3398
4605
1940
2671
3827
4660
1940
2911
3373
4369
1940
2496
3812
4177
1936
3054
3555
4911
1936
2585
3281
4484
1936
2063
3291
4747
1905
2081
3338
4861
1905
2063
4042
4855
1945
2081
3323
4774
1945
2349
3555
4876
1035
2421
3469
4875
1966
2190
3869
5110
1966
2081
3148
5112
1035
2800
3912
4556
1936
2481
4008
4451
1955
3035
3830
4756
1857
2096
3797
4866
1636
2440
3797
4881
1216
2121
3797
4109
1156
2230
3484
4454
1771
2278
3194
4881
1690
2881
3763
4454
1626
2096
3484
4354
1396
2830
3797
4638
1216
2851
3833
4124
1968
2089
3287
5112
1857
2881
3514
4845
1817
2830
3719
5012
1925
2098
3763
4845
1857
2547
3309
4844
1857
2547
3243
5040
1299
2101
3763
4899
1299
2096
3757
4733
1857
3032
3929
4194
1955
2680
3409
4194
1905
2989
3851
4194
1857
2694
3514
4194
1955
2123
3777
4416
1905
3050
3437
5068
1396
3000
3148
4376
1820
2911
4059
5082
1940
2190
3415
4470
1936
2585
3555
4824
1626
2552
4034
4660
1626
2183
3529
5069
1982
2820
4077
4660
1982
2757
3707
5091
1081
2190
3894
4911
1945
2585
3281
4715
1940
2671
3555
5119
1940
2190
3755
4800
1529
3014
4006
4256
1960
2063
3323
5027
1035
2234
3449
4756
1905
2081
4072
4318
1982
2702
3707
4221
1299
2421
3555
5105
2001
2190
3176
4802
1966
2496
3515
4715
1966
2785
3247
4256
1966
2243
4059
4443
1940
3041
3429
4529
1257
2379
3327
4812
1982
2679
3940
4773
1626
2333
3903
4500
1396
2971
3367
4529
1396
2513
3622
4403
1396
2513
3727
4100
1237
2440
3372
4952
1936
2513
3684
4634
1626
2789
3372
4396
1396
2826
3642
4670
1982
2899
3254
5079
1216
3014
3642
4616
1452
2211
3914
4542
1216
2451
3688
4335
1047
2333
3496
4705
1637
2815
3254
4695
1067
3032
3179
4542
1960
2330
3179
4100
1035
3014
3367
4921
1299
2462
3688
4500
1347
2423
3685
4555
1801
2798
3242
4732
1396
2983
3862
4177
1396
2323
3826
4690
1396
2101
3154
4544
1156
2730
3986
4334
1535
2323
3484
4670
1535
2557
4013
4285
1156
2415
3117
4150
1365
2983
3804
4690
1535
2089
3826
4194
1718
2983
3116
4351
1535
2860
3665
4980
1626
2323
3833
4705
1626
2983
3597
4374
1779
2730
3608
5051
1438
2915
3450
4535
1396
2101
3171
4285
1788
2323
3260
4400
1452
2323
3297
4562
2007
2983
3398
4422
