306
668
668
74
617
780
780
738
431
153
55
611
780
422
928
1020
805
928
614
611
780
780
780
780
81
876
928
1020
780
780
780
780
780
431
153
153
93
780
780
611
153
1
858
858
395
688
1
1
1
1
1
372
888
153
54
50
148
174
449
554
1
1
1
1
658
24
894
894
744
638
259
149
638
546
29
440
257
546
744
257
638
638
805
928
406
638
972
638
638
248
638
881
658
638
50
148
148
978
978
539
539
554
806
554
221
1
221
437
1
1
1
1
431
1
1
1
1
372
1
1
1
1
876
1
876
1
876
876
876
876
876
876
876
876
1
858
1
1
894
858
858
858
1
1
1
658
928
406
91
1
1
431
1
372
1
1
1
1
1
1
1
1
1
1
431
876
876
876
54
190
148
148
978
308
308
928
928
894
249
937
937
223
1
1
750
1
901
1
1
1
1
372
1
1
1
894
1
1
1
876
1
1
1
1
372
54
54
440
876
876
24
876
54
876
876
876
876
54
876
876
876
894
894
894
894
894
894
894
259
1
1
372
876
440
440
54
876
928
658
658
658
858
858
858
1
1
1
1
1
1
1
1
1
1
1
1
1
1
440
1
440
876
372
858
858
372
1
440
54
876
876
24
876
179
928
928
346
1
658
771
483
928
858
292
894
894
894
894
517
38
658
636
894
108
750
211
338
108
440
108
440
108
858
108
257
108
149
108
552
431
552
365
149
365
257
827
149
257
552
259
121
673
148
978
978
539
539
20
514
108
943
257
552
552
211
894
375
365
375
121
729
422
290
290
972
740
972
972
257
972
972
130
375
928
130
130
375
130
195
824
824
120
120
120
120
120
52
276
914
7
120
201
7
894
647
894
894
100
409
338
978
539
539
539
539
647
539
647
647
647
790
647
647
790
647
431
121
729
148
978
978
978
539
539
539
539
647
647
647
790
130
130
790
647
647
409
338
422
928
978
539
707
130
259
647
647
130
130
130
647
130
647
130
647
409
525
422
978
978
707
647
647
647
647
130
647
223
647
647
647
647
647
489
121
525
148
978
978
647
406
928
539
611
130
211
130
647
130
647
375
647
647
391
729
148
978
978
539
539
539
894
894
100
100
130
130
130
130
130
130
121
263
824
558
120
120
120
16
859
906
1086
2961
3858
4769
1086
2472
3858
4769
1086
2472
3858
4769
1086
2472
3858
4837
1432
2592
3750
4837
1432
2592
3750
4837
1432
2961
4009
4769
1432
2961
4009
4769
1086
2472
3858
4769
1432
2961
4009
4837
1432
2961
4009
4769
1086
2472
3858
4769
1086
2472
3858
4769
1086
2472
3858
4769
1086
2472
3858
4769
1086
2472
3858
4769
1086
2472
3858
4769
1086
2472
3858
4769
1086
2472
3858
4769
1086
2472
3858
4769
1086
2472
3858
4769
1086
2472
3858
4769
1086
2472
3858
4769
1086
2472
3108
4769
1086
2472
3858
4769
1086
2472
3858
4769
1086
2472
3858
4769
1086
2472
3858
4769
1086
2472
3858
4769
1086
2472
3858
4769
1086
2472
3858
4769
1086
2472
3858
4769
1086
2472
3858
4769
1086
2472
3858
4769
1086
2472
3858
4769
1086
2472
3858
4769
1086
2472
3858
4769
1086
2472
3858
4769
1086
2472
3858
4769
1086
2472
3858
4769
1086
2472
3858
4769
1086
2472
3858
4769
1086
2472
3858
4769
1086
2472
3858
4769
1086
2472
3858
4769
1086
2472
3858
4769
1086
2472
3108
4769
1086
2472
3858
4769
1086
2472
3108
4769
1086
2472
3108
4769
1086
2472
3108
4769
1086
2472
3108
4769
1086
2472
3108
4769
1086
2472
3108
4769
1086
2472
3108
4769
1086
2472
3108
4769
1086
2472
3108
4769
1086
2566
3858
4311
1086
2472
3108
4769
1086
2566
3858
4311
1086
2566
3858
4311
1086
2566
3858
4311
1086
2472
3108
4769
1086
2566
3858
4311
1086
2566
3858
4311
1086
2566
3858
4311
1086
2566
3858
4311
1086
2566
3858
4311
1086
2566
3858
4311
1086
2566
3858
4311
1086
2566
3858
4311
1086
2566
3858
4311
1086
2566
3858
4311
1086
2566
3858
4311
1086
2566
3858
4311
1086
2566
3858
4311
1086
2566
3858
4311
1086
2566
3858
4311
1086
2566
3858
4311
1086
2566
3858
4311
1086
2566
3858
4311
1086
2566
3858
4311
1086
2566
3858
4311
1086
2566
3858
4311
1086
2472
3858
4769
1086
2566
3858
4311
1086
2566
3858
4311
1086
2472
3108
4769
1086
2566
3858
4311
1086
2566
3858
4311
1086
2566
3858
4311
1086
2566
3858
4311
1086
2566
3858
4311
1086
2566
3858
4311
1086
2566
3858
4311
1086
2566
3858
4311
1086
2566
3858
4311
1086
2566
3858
4769
1086
2566
3858
4311
1086
2566
3858
4311
1086
2566
3858
4311
1086
2566
3858
4311
1086
2566
3858
4311
1086
2566
3858
4311
1086
2566
3858
4311
1086
2566
3858
4311
1086
2566
3858
4311
1086
2566
3858
4311
1086
2566
3858
4311
1086
2566
3858
4311
1086
2566
3858
4311
1086
2566
3858
4311
1086
2566
3858
4311
1086
2566
3858
4311
1086
2566
3858
4311
1086
2566
3858
4769
1086
2566
3858
4311
1086
2566
3858
4311
1086
2566
3858
4769
1086
2566
3858
4311
1086
2566
3858
4311
1086
2566
3858
4311
1086
2566
3858
4311
1086
2566
3858
4769
1086
2566
3858
4311
1086
2472
3108
4769
1086
2566
3858
4769
1086
2566
3858
4311
1086
2566
3858
4769
1086
2566
3858
4311
1086
2566
3858
4311
1086
2566
3858
4311
1086
2566
3858
4311
1086
2566
3858
4311
1086
2566
3858
4311
1086
2566
3858
4311
1086
2566
3858
4769
1086
2566
3858
4769
1086
2566
3858
4311
1086
2566
3858
4769
1086
2566
3858
4311
1086
2566
3858
4311
1086
2566
3858
4769
1127
2976
3509
4670
1879
3050
3782
5015
1432
2976
4009
4311
1432
2472
3725
4769
1432
2566
3858
4837
1432
2566
3108
4837
1432
2961
4009
4837
1432
2961
4009
4837
1432
2961
4009
4837
1432
2961
3108
4837
1086
2472
3858
4769
1086
2472
3858
4769
1086
2472
3858
4769
1086
2472
3108
4769
1086
2472
3108
4769
1086
2472
3108
4769
1086
2472
3108
4769
1086
2566
3858
4311
1086
2566
3858
4311
1086
2566
3858
4311
1086
2566
3858
4311
1086
2566
3858
4311
1086
2566
3858
4311
1086
2566
3858
4311
1086
2566
3858
4311
1086
2566
3858
4311
1086
2566
3858
4311
1086
2566
3858
4311
1086
2566
3858
4311
1086
2566
3858
4311
1086
2566
3858
4311
1086
2566
3858
4311
1086
2566
3858
4769
1086
2566
3858
4311
1086
2566
3858
4311
1086
2566
3858
4311
1086
2566
3858
4311
1086
2566
3858
4769
1086
2566
3858
4311
1086
2566
3858
4311
1086
2566
3858
4769
1086
2566
3858
4311
1086
2566
3858
4769
1086
2566
3858
4769
1086
2566
3858
4311
1086
2566
3858
4769
1086
2566
3858
4769
1086
2566
3858
4311
1086
2566
3858
4769
1086
2566
3858
4311
1086
2566
3858
4311
1086
2566
3858
4769
1086
2566
3858
4311
1086
2566
3858
4311
1086
2566
3858
4311
1086
2566
3858
4311
1086
2566
3858
4769
1086
2566
3858
4769
1086
2566
3858
4311
1086
2566
3858
4311
1086
2566
3858
4769
1086
2566
3858
4769
1086
2566
3858
4311
1086
2566
3858
4769
1086
2566
3858
4769
1086
2566
3858
4769
1086
2566
3858
4311
1086
2566
3858
4769
1086
2566
3858
4311
1086
2566
3858
4769
1086
2566
3858
4311
1086
2566
3858
4311
1086
2566
3858
4311
1086
2566
3858
4311
1086
2566
3858
4769
1086
2566
3858
4769
1086
2566
3858
4311
1086
2566
3858
4769
1086
2566
3858
4769
1086
2566
3858
4311
1086
2566
3858
4769
1086
2566
3858
4769
1086
2566
3858
4311
1086
2566
3858
4769
1086
2566
3858
4769
1086
2566
3858
4311
1086
2566
3858
4311
1086
2566
3858
4769
1086
2566
3858
4311
1086
2566
3858
4769
1086
2566
3858
4769
1086
2566
3858
4311
1086
2566
3858
4769
1086
2566
3858
4769
1086
2566
3858
4311
1086
2566
3858
4769
1086
2566
3858
4769
1086
2566
3858
4769
1086
2566
3858
4769
1086
2566
3858
4769
1086
2566
3858
4769
1086
2566
3858
4769
1086
2566
3858
4769
1086
2566
3858
4769
1086
2566
3858
4769
1086
2566
3858
4769
1086
2566
3858
4769
1086
2566
3858
4311
1086
2566
3858
4769
1086
2566
3858
4769
1086
2566
3858
4769
1086
2566
3858
4769
1086
2566
3858
4311
1086
2566
3858
4311
1086
2472
3858
4769
1086
2472
3858
4769
1086
2472
3858
4769
1086
2472
3858
4769
1086
2566
3858
4311
1086
2566
3858
4311
1086
2566
3858
4311
1086
2566
3858
4311
1086
2566
3858
4311
1086
2566
3858
4311
1086
2566
3858
4311
1086
2566
3858
4769
1086
2566
3858
4311
1086
2566
3858
4769
1086
2566
3858
4311
1086
2566
3858
4769
1086
2566
3858
4769
1086
2566
3858
4311
1086
2566
3858
4311
1086
2566
3858
4769
1086
2566
3858
4311
1086
2566
3858
4769
1086
2566
3858
4769
1086
2566
3858
4311
1086
2566
3858
4769
1086
2566
3858
4769
1086
2566
3858
4311
1086
2566
3858
4769
1086
2566
3858
4769
1086
2566
3858
4769
1086
2566
3858
4769
1086
2566
3858
4311
1086
2566
3858
4769
1086
2566
3858
4769
1086
2566
3858
4311
1086
2566
3858
4769
1086
2566
3858
4769
1086
2566
3858
4769
1086
2566
3858
4769
1086
2566
3858
4311
1086
2566
3858
4769
1086
2566
3858
4769
1086
2566
3858
4311
1086
2566
3858
4769
1086
2566
3858
4769
1086
2566
3858
4311
1086
2566
3858
4769
1086
2566
3858
4769
1086
2566
3858
4311
1086
2566
3858
4769
1086
2566
3858
4311
1086
2566
3858
4769
1086
2566
3858
4769
1086
2566
3858
4769
1086
2566
3858
4769
1086
2566
3858
4769
1086
2566
3858
4769
1086
2566
3858
4769
1086
2566
3858
4311
1086
2566
3858
4769
1086
2566
3858
4769
1086
2566
3858
4769
1086
2566
3858
4769
1086
2566
3858
4311
1086
2566
3858
4769
1086
2566
3858
4769
1086
2566
3858
4311
1086
2566
3858
4769
1086
2566
3858
4769
1086
2566
3858
4769
1086
2566
3858
4769
1086
2566
3858
4769
1086
2566
3858
4311
1086
2566
3858
4769
1086
2566
3858
4769
1086
2566
3858
4769
1086
2566
3858
4769
1086
2566
3858
4311
1086
2566
3858
4769
1086
2566
3858
4769
1086
2566
3858
4769
1086
2566
3858
4311
1086
2566
3858
4769
1086
2566
3858
4769
1086
2566
3858
4769
1086
2566
3858
4769
1086
2566
3858
4769
1086
2566
3858
4769
1086
2566
3858
4769
1086
2566
3858
4769
1086
2566
3858
4769
1086
2566
3858
4311
1086
2566
3858
4769
1086
2566
3858
4769
1086
2566
3858
4769
1086
2566
3858
4769
1086
2566
3858
4769
1086
2566
3858
4769
1086
2566
3858
4769
1086
2566
3858
4769
1086
2566
3858
4311
1086
2566
3858
4311
1086
2566
3858
4769
1086
2566
3858
4769
1086
2566
3858
4311
1086
2566
3858
4311
1086
2566
3858
4311
1086
2566
3858
4311
1086
2566
3858
4311
1086
2566
3858
4769
1086
2566
3858
4311
1086
2566
3858
4311
1086
2566
3858
4769
1086
2566
3858
4769
1086
2566
3858
4311
1086
2566
3858
4311
1086
2566
3858
4769
1086
2566
3858
4769
1086
2566
3858
4311
1086
2566
3858
4769
1086
2566
3858
4769
1086
2566
3858
4311
1086
2566
3858
4769
1086
2566
3858
4769
1086
2566
3858
4311
1086
2566
3858
4769
1086
2566
3858
4769
1086
2566
3858
4311
1086
2566
3858
4769
1086
2566
3858
4769
1086
2566
3858
4311
1086
2566
3858
4769
1086
2566
3858
4769
1086
2566
3858
4311
1086
2566
3858
4769
1086
2566
3858
4769
1086
2566
3858
4769
1086
2566
3858
4311
1086
2566
3858
4769
1086
2566
3858
4311
1086
2566
3858
4311
1086
2566
3858
4769
1086
2566
3858
4769
1086
2566
3858
4311
1086
2566
3858
4769
1086
2566
3858
4769
1086
2566
3858
4769
1086
2566
3858
4769
1086
2566
3858
4769
1086
2566
3858
4311
1086
2566
3858
4769
1086
2566
3858
4769
1086
2566
3858
4311
1086
2566
3858
4769
1086
2566
3858
4769
1086
2472
3108
4769
1086
2566
3858
4311
1086
2566
3858
4769
1086
2566
3858
4311
1086
2566
3858
4769
1086
2566
3858
4769
1086
2566
3858
4769
1086
2566
3858
4311
1086
2566
3858
4769
1086
2566
3858
4311
1086
2566
3858
4311
1086
2566
3858
4311
1086
2566
3858
4311
1086
2472
3108
4769
1086
2472
3108
4769
1086
2472
3858
4769
1086
2566
3858
4311
1086
2472
3108
4769
1086
2472
3858
4769
1086
2472
3858
4769
1086
2472
3108
4769
1086
2566
3858
4311
1086
2566
3858
4311
1086
2566
3858
4769
1086
2566
3858
4311
1086
2566
3858
4769
1086
2566
3858
4311
1086
2566
3858
4769
1086
2566
3858
4311
1086
2566
3858
4311
1086
2566
3858
4311
1086
2566
3858
4311
1086
2472
3108
4769
1086
2472
3108
4769
1086
2566
3858
4769
1086
2472
3108
4769
1086
2566
3858
4311
1086
2566
3858
4311
1086
2566
3858
4769
1086
2472
3108
4769
1086
2566
3858
4311
1086
2566
3858
4311
1086
2472
3108
4769
1086
2566
3858
4311
1086
2566
3858
4837
1086
2472
3108
4769
1086
2472
3858
4769
1086
2566
3858
4769
1086
2566
3858
4311
1086
2566
3858
4311
1086
2566
3858
4311
1086
2472
3108
4769
1086
2566
3858
4311
1086
2566
3858
4311
1086
2566
3858
4311
1086
2566
3858
4311
1086
2566
3858
4311
1086
2566
3858
4311
1086
2566
3858
4311
1086
2566
3858
4311
1086
2566
3858
4311
1086
2472
3108
4769
1086
2566
3858
4311
1086
2472
3108
4769
1086
2472
3108
4769
1086
2472
3858
4769
1086
2566
3858
4769
1086
2566
3858
4311
1086
2472
3858
4769
1086
2472
3858
4769
1086
2566
3858
4311
1859
2566
3108
4539
1363
2566
3782
5114
1859
2985
3108
4769
1432
2472
4009
4769
1859
2961
3108
4962
1859
2961
3108
4837
1859
2592
3858
4769
1859
2566
3108
4311
1859
2566
4009
4769
1432
2472
4009
4769
1859
2961
3108
4837
1859
2566
3108
4539
1859
2961
3108
4837
1859
2961
3108
4769
1859
2961
3108
4837
1859
2961
3108
4769
1859
2961
3108
4769
1432
2472
4009
4769
1859
2961
4009
4769
1859
2592
3858
4311
1859
2592
3858
4837
1859
2566
3108
4837
1859
2976
4009
4311
1859
2592
3858
5015
1859
2566
3858
4311
1859
2592
4009
4311
1859
2592
3858
4837
1859
2592
3858
4769
1487
2248
4091
4747
1363
2905
4006
4858
1363
2976
3231
4837
1363
2976
3778
4414
1363
2976
3725
4494
1363
2976
3750
4747
1363
2976
3108
4769
1859
2472
3725
4769
1363
2961
3725
4769
1363
2961
3530
4494
1363
2961
3824
5015
1363
2976
3108
4858
1879
3071
3530
5015
1859
2472
3108
4769
1363
2694
3725
4769
1363
2976
3750
4985
1859
2472
3725
4747
1859
2472
3725
4769
1363
2976
3777
4769
1363
2961
3725
4858
1859
2472
3108
4837
1363
2976
3108
4858
1859
2472
4009
4769
1363
2961
3108
4769
1859
2592
3858
4311
1363
2976
3504
5057
1859
2248
3108
4414
1499
2592
3108
4747
1653
2771
4077
4170
1521
2484
3824
4414
2041
2350
4077
5036
1150
2905
3335
5114
1748
3071
3891
4414
1653
2694
4077
4589
2043
2135
4077
4962
1879
2788
4009
5118
1157
2472
3893
5118
2043
2789
4077
5015
1900
2788
3690
5052
1363
2907
3725
5015
1363
2350
3108
4858
1363
2097
3335
4858
1879
2907
4077
5114
1363
2350
4061
4858
2041
2411
4009
4311
1879
2788
4009
4311
1879
2592
4061
4589
1363
2411
3108
5052
1363
2961
3725
5114
1363
2976
3891
4858
1499
2976
4077
5052
1859
2472
3690
4311
1499
2592
3108
4747
1419
2961
3893
4414
1859
2472
3858
4962
1499
2592
4006
4769
1499
3022
3891
4769
1419
2592
4077
4962
1363
2961
3725
4858
1499
2592
3690
4589
1859
2472
4009
4837
1499
2592
4009
4747
1859
2472
3725
5114
1130
2592
3858
4769
1859
2961
3725
4837
1859
2472
3108
4747
1859
2961
3858
4769
1859
2566
3725
4589
1859
2472
3725
4747
1859
2472
3725
4747
1859
2961
3858
4837
1859
2472
3725
4747
1859
2472
3690
4769
1859
2566
3725
5059
1859
2592
3858
4769
1859
2472
3858
4769
1859
2961
3858
4837
1130
2472
4009
4589
1130
2566
3335
4837
1859
2961
3858
4769
1859
2961
3858
4769
1859
2961
3725
4769
1859
2961
3858
4769
1859
2472
3725
4747
1859
2566
3725
4539
1363
2961
3725
4769
1755
2905
3270
4460
1397
2694
3690
4335
1363
2800
3891
4351
1363
2961
3504
4311
1499
2961
3891
5094
1859
2472
3674
4962
1859
2472
3891
4769
1363
2961
3725
4858
1859
2472
3725
4769
1859
2566
3858
4311
1859
2566
3725
4769
1859
2472
3725
4769
1859
2566
3725
4769
1859
2566
3725
4589
1859
2566
3725
4747
1859
2472
3725
4747
1859
2566
3725
4747
1859
2961
3725
4769
1859
2961
3858
4311
1859
2566
3858
4769
1859
2961
3858
4837
1859
2472
3725
4747
1859
2961
3858
4311
1859
2566
3858
4311
1859
2961
3108
4837
1859
2566
3108
4311
1859
2472
3725
4747
1859
2472
3725
4962
1487
2976
3108
4858
1363
2566
3858
4494
1419
2700
3725
4318
1499
2961
3108
4962
1363
2472
3725
4858
1859
2472
3725
4769
1363
2961
3725
4858
1859
2472
3858
4837
1859
2472
3108
4837
1859
2472
4009
4837
1363
2961
3725
4858
1879
2592
3108
4769
1859
2472
3725
4769
1879
2592
3108
4769
1859
2472
4053
4769
1432
2472
4009
4837
1859
2961
3858
4769
1859
2961
3858
4769
1859
2961
3858
4769
1859
2961
3858
4769
1859
2961
3858
4769
1859
2961
3858
4769
1859
2961
3858
4769
1859
2961
3858
4837
1859
2961
3108
4837
1859
2472
3725
4747
1859
2961
3858
4769
1432
2472
4009
4769
1859
2961
3858
4962
1487
2976
3673
4494
1859
2566
3858
4311
1499
2566
3335
4769
1859
2592
3858
4769
1859
2472
3725
4769
1859
2566
3690
4769
1859
2961
3858
4769
1859
2566
3858
4837
1859
2472
3725
4351
1130
2592
3690
5015
1879
2592
3108
4769
1130
2592
4009
4747
1859
2961
3858
4769
1859
2961
3108
4837
1859
2566
3858
4769
1859
2472
4009
4769
1859
2566
3108
4769
1859
2961
3858
4769
1859
2472
3750
4769
1130
2566
4009
4589
1130
2961
4009
4769
1859
2961
3858
4769
1859
2961
3750
4837
1859
2961
3858
5015
1762
2592
3725
4747
1859
2961
3858
4769
1859
2961
3858
4837
1859
2961
3108
4769
1363
2961
3108
4858
1487
2696
3662
5096
1879
2592
3690
4311
1879
2592
4009
4311
1859
2472
3858
4769
1859
2472
3108
4494
1859
2472
3858
4769
1419
2976
4077
4747
1419
2592
3690
4414
1130
3022
3725
4494
1859
2976
3858
5015
1859
2472
3108
4769
1859
2472
3858
4769
1859
2472
3858
4837
1499
3022
3108
4837
1859
2472
3725
4837
1499
3022
3108
4747
1859
2472
3725
4769
1499
2592
3108
4747
1859
2566
3725
4769
1859
2566
3858
4589
1859
2566
3858
4769
1859
2961
3858
4769
1432
2472
4009
4769
1859
2961
3858
4769
1130
2961
4009
4769
1130
2961
4009
4769
1859
2961
3858
4769
1363
2905
3725
4837
1487
3041
4009
4494
1363
2411
3504
4351
1859
2472
3725
4769
1859
2976
4077
4747
1859
2472
3725
5114
1859
2961
3725
4769
1859
2592
4077
4747
1859
2961
3858
4837
1859
2961
3858
4769
1363
2961
3725
4858
1859
2976
3858
5015
1363
2961
3504
5057
1130
2472
4009
4837
1130
2472
4009
4589
1859
2961
3858
4769
1130
2592
3108
4747
1859
2961
3858
4769
1859
2961
3750
4837
1859
2566
3858
4769
1859
2961
3108
4837
1859
2472
3725
4837
1859
2472
3725
4769
1859
2566
3725
4769
1859
2472
3725
4747
1859
2961
3858
4769
1432
2472
4009
4837
1859
2961
3858
4837
1298
2883
3893
5110
1397
2781
4006
4950
1363
2869
4077
4962
1049
2350
4077
4484
1150
2788
4077
4983
2023
3071
4006
4478
1419
2350
4006
5052
1363
2097
3893
4311
1363
2788
4088
4414
1363
2619
3504
4747
1363
2411
3268
5015
1363
2788
3966
4414
1363
2135
3891
5118
