306
668
482
482
482
482
74
438
693
313
628
148
993
620
497
516
632
68
632
734
549
965
230
1006
816
438
125
693
483
810
251
354
928
928
9
21
965
438
549
549
965
438
244
74
244
313
525
279
202
467
205
728
414
52
914
914
7
7
606
7
550
230
244
438
313
409
315
954
62
467
859
859
859
859
859
859
7
859
859
859
859
169
169
169
525
435
444
630
816
496
74
125
477
477
549
477
477
169
563
169
169
169
525
831
784
419
630
477
496
21
438
477
549
340
549
74
244
74
244
313
95
279
202
467
205
414
414
52
276
135
7
7
5
7
7
304
276
438
852
264
672
784
354
542
496
21
438
734
438
452
401
704
540
205
414
1022
1022
401
46
46
467
467
414
414
52
914
7
7
901
7
7
410
410
438
639
693
664
307
864
769
419
835
740
438
222
244
313
69
170
931
419
1006
888
438
438
664
429
810
577
978
412
835
513
513
545
771
589
786
577
475
1006
758
545
771
109
429
786
577
978
449
829
513
545
310
810
170
665
928
22
758
611
545
310
69
170
535
475
587
786
174
491
829
928
214
22
809
419
489
244
489
771
525
141
171
809
707
758
496
21
734
693
452
70
704
540
540
414
873
1022
401
94
46
277
467
205
414
414
553
7
7
7
69
170
22
9
835
7
852
947
729
141
171
809
425
758
1016
21
639
852
457
834
354
802
244
222
167
693
401
279
202
467
467
414
414
52
135
7
1006
214
22
7
606
914
639
852
401
450
202
467
467
728
859
859
859
859
7
7
5
7
606
410
169
169
169
729
141
171
809
419
477
477
734
169
169
563
549
17
244
74
244
74
169
169
525
791
331
419
630
74
244
858
63
15
22
331
419
758
545
104
54
24
313
429
141
290
290
646
20
497
20
501
501
389
22
809
524
758
104
888
104
313
525
791
171
928
928
758
38
619
771
563
435
834
888
104
888
104
531
54
313
409
628
290
290
290
317
501
134
20
317
227
227
230
340
647
375
498
230
391
212
478
290
290
542
496
632
638
317
734
227
257
953
130
546
74
74
244
693
119
672
290
290
629
662
629
662
629
662
227
477
563
477
93
244
169
74
438
227
664
118
223
354
93
563
93
734
93
104
93
549
104
74
153
153
104
104
153
153
549
534
1432
2592
3108
5118
1859
2592
3108
4769
1859
2419
4009
4305
1859
2961
3725
4747
1859
2961
3858
5118
1859
2472
3858
4589
1859
2961
3108
4769
1859
2472
3725
4747
1859
2472
3858
4747
1859
2961
3858
4769
1859
2566
3858
4769
1879
2592
3108
4747
1859
2472
3690
4769
1859
2472
3858
4747
1859
2566
3108
4769
1859
2472
3858
4837
1397
3071
3885
5033
1397
2277
3530
4370
1843
2529
4072
4414
1363
2905
3504
4132
1363
2976
3858
4414
1363
2472
3690
4414
1363
2961
3858
4769
1363
2961
3725
4589
1363
2961
3690
4769
1363
2961
3725
4769
1363
2961
3725
4858
1363
2961
3108
4962
1859
2905
3725
4858
1363
2976
3858
4589
1859
2472
3725
4589
1363
2419
3778
4858
1879
2592
4009
4769
1859
2472
4009
4769
1363
2961
3725
4589
1363
2961
3108
4769
1363
2961
3725
4858
1859
2472
3725
5059
1879
2592
4077
5059
1859
2472
3690
4837
1859
2472
3725
4769
1859
2976
3858
4837
1859
2472
4039
4837
1561
2905
3585
4351
1049
2905
3928
4771
1879
2248
3108
4414
1859
2592
3858
4311
1363
2961
3725
4858
1363
2976
3690
4589
1561
2905
3804
4950
1363
3050
3858
4414
1879
2592
3108
4769
1130
2566
4009
4589
1859
2961
3858
4769
1859
2472
3858
4589
1859
2472
3335
4837
1859
2789
3690
5015
1859
2472
3725
4747
1859
2961
3858
4769
1879
2592
3108
4837
1130
2472
4009
4747
1859
2566
3108
4837
1879
2592
4009
4769
1859
2472
3725
4747
1859
2472
3108
4769
1859
2566
3858
4769
1859
2472
3725
4589
1859
2961
3858
4837
1859
2961
3858
4769
1859
2472
4077
4769
1843
2700
4054
4962
1924
2255
4077
5015
1363
2097
3764
4926
2023
3071
4077
5114
1157
2905
3928
4311
2043
2350
4009
4311
1363
2788
3966
4414
1879
2907
4061
4539
2041
2350
4077
5015
2041
2905
3108
5114
1363
2788
3893
4858
1157
2889
3268
4494
1363
2985
3690
4858
1879
2788
4009
4305
1879
2592
4061
5118
1859
2411
3858
5052
1879
2592
4009
5114
1879
2592
3891
5118
1859
2472
3893
5015
1859
2905
3750
4858
1363
2961
3891
4858
1879
2592
3893
5015
1859
2566
3725
4311
1859
2472
3858
5114
1859
2472
4061
4311
1859
2985
3858
4589
1859
2472
3108
5114
1859
2566
3725
5114
1363
2961
3108
4858
1487
2592
3725
4970
1659
2905
4042
4414
1981
2529
3623
4983
1653
3071
3437
4508
1487
2638
3893
4962
2023
2905
4006
4335
1748
2905
3530
4983
2041
2905
3725
4962
1363
2788
3725
4414
1879
3022
4042
4494
1419
2411
3893
4747
1363
2135
3725
4184
2023
3022
3810
4494
1363
2976
3530
4858
1363
2985
3928
4351
1363
2788
3698
4962
1363
2889
3778
4414
1363
2985
3504
5015
1879
2248
3810
5114
1363
2976
3530
4201
2041
2976
4009
4962
1363
2976
3750
4962
1879
2592
3824
5114
1363
2961
3893
4858
1859
2472
3725
4962
1363
2976
3530
5114
1859
2907
3725
5052
1130
2248
3858
4747
1419
2905
3914
4335
1363
2976
4077
5015
1879
2592
3893
5052
1879
2592
3928
4962
1879
2592
3824
5015
1130
2472
4009
4962
1859
2472
3858
4769
1879
2592
4009
5114
1859
2976
4009
4769
1859
2472
3778
4769
1130
2592
4009
4747
1130
2472
4009
4747
1859
2961
3725
4837
1879
2976
4009
4985
1130
2472
4009
4747
1130
2472
4009
4747
1859
2961
3725
4769
1859
2961
3725
4769
1130
2472
4009
4150
1859
2976
3750
4837
1859
2961
3725
4769
1859
2976
4009
4769
1130
2472
4009
4985
1859
2472
3725
4747
1859
2961
3725
4769
1879
2592
3530
4837
1130
2566
4009
4747
1363
2248
3891
4414
1363
2905
3725
4305
1859
2592
3725
4769
1859
2472
3725
4769
1130
2592
4009
4589
1859
2961
3108
4769
1859
2961
3858
4837
1859
2976
3858
4311
1859
2976
3858
4769
1859
2976
4009
4769
1859
2566
3725
4769
1879
2592
3108
4769
1130
2566
4009
4589
1130
2566
4009
4747
1130
2592
3108
4747
1859
2961
3858
4769
1130
2472
4009
4589
1859
2961
3858
4769
1130
2472
4009
4747
1130
2592
3858
4747
1859
2961
3725
4769
1859
2472
3725
4747
1859
2961
3858
4769
1859
2566
3725
4747
1859
2961
3858
4769
1130
2961
4009
4769
1859
2961
3858
4769
1419
2905
4053
4962
1652
3021
4008
5052
1150
2905
3589
4351
2023
3071
4006
4747
1157
2350
4077
4311
2043
2248
3268
4747
1900
2788
4009
5114
1879
2907
4061
4494
2041
2350
3725
5052
2041
2788
4009
5052
1363
2907
3725
4747
2041
2350
4061
4769
1879
2592
3268
5114
1900
2788
3824
5015
1859
2325
3750
4311
1859
2748
3858
5015
1859
2788
3880
4311
1859
2907
4061
5015
1859
2350
4061
4311
1859
2472
3108
4311
1879
2592
3891
4837
1130
2350
4009
5118
1859
2961
3725
4962
1879
2592
3891
5114
1130
2592
4061
4311
1859
2985
3891
4311
1859
2472
3858
5114
1130
2592
3690
5015
1859
2472
3690
4962
1487
2592
3725
4494
1363
2472
3725
4414
1363
2566
3891
4858
1130
2592
4009
4747
1859
2472
3725
4747
1859
2472
3725
4769
1859
2566
3725
5052
1859
2566
3725
4769
1859
2566
3725
4769
1859
2961
3858
4837
1859
2472
3858
4311
1859
2566
3725
5118
1859
2566
3108
4311
1859
2472
3725
4769
1859
2961
3725
4769
1859
2472
3858
4962
1924
2694
3824
5052
1900
2097
4009
4934
2023
2694
3824
5118
1157
2135
3893
4769
2043
2985
4009
4934
1363
2788
3504
5015
1859
2907
4061
5052
2041
2350
3824
5114
2041
2788
3725
4311
1130
2907
3108
5114
2023
2883
3966
4934
2023
2976
4008
4934
1487
2869
4008
4962
2041
2350
4077
4311
1363
2788
3782
4414
2023
2801
3725
4962
1157
2135
3893
5052
2043
2592
3108
4311
2023
2694
4061
4934
1859
2325
4077
5015
2043
2592
3268
4837
1879
2788
4009
4311
1879
2592
4061
5118
1859
2350
3725
4962
2041
2592
4077
5114
1859
2788
3893
5015
2041
2350
4061
4934
2041
2592
3108
4962
1859
2788
3725
4589
1879
2592
4061
5052
2041
2592
3893
4962
1859
2472
3108
5114
1859
2472
4061
5118
1859
2350
4061
5114
1859
2472
3858
4589
1859
2472
3725
4769
1859
2566
3893
5015
1859
2961
3858
4769
1859
2472
3858
4311
1130
2472
3893
4837
1487
3042
3725
4835
1843
2700
3504
4494
1130
2985
3725
4311
1130
2592
3108
4769
1859
2961
3858
4962
1859
2961
3782
5114
1130
2961
4009
4769
1432
2472
3858
4962
1130
2961
4009
4769
1130
2961
4009
4769
1762
2592
3858
5052
1432
2472
4061
4311
1432
2566
3858
4837
1432
2566
3858
4837
1432
2566
3108
4837
1363
2961
3750
4858
1419
3022
4077
4769
1859
2961
3725
4962
1859
2961
3858
4769
1859
2961
3858
4769
1859
2961
3858
4837
1859
2566
3858
4769
1859
2961
3108
4769
1432
2472
4009
4837
1432
2472
3108
4837
1762
2592
3725
4769
1432
2472
4009
4769
1432
2472
4009
4837
1432
2472
4009
4769
1843
2905
3504
4985
1755
2581
3987
4129
1499
2350
3824
4414
1879
2813
3904
4955
1762
2564
4061
4934
1762
2735
4054
4769
1762
2472
4061
4955
1762
2564
3108
4837
1762
2472
3952
4837
1762
2472
3750
4955
1762
2592
3858
4769
1762
2566
4009
4769
1130
2566
4009
4311
1432
2472
3725
4769
1432
2472
4009
4769
1561
2905
3839
4970
1049
2452
3598
4919
1130
2472
3952
4955
1762
2961
4079
4837
1432
2472
4054
4837
1859
2735
4054
5118
1859
2566
3858
4769
1859
2566
3108
4769
1859
2961
3858
4837
1432
2472
4009
4769
1432
2566
3858
4837
1432
2566
3858
4837
1432
2961
3858
4837
1859
2961
3108
4311
1535
2275
3680
4284
1723
2249
3413
4318
1456
2162
3824
4927
1454
2162
3952
4625
1130
2649
4079
4955
1900
2564
4072
4837
1900
2649
3952
4955
1900
2990
4072
4837
1859
2452
4072
4769
1859
2566
3987
4311
1859
2566
4079
4962
1859
2566
4054
4311
1363
2961
3108
4170
1535
3029
3088
4938
1858
2833
4077
4829
1858
2564
3782
4170
1858
2162
3747
5110
1363
2592
4077
4858
1499
2564
3901
4955
1879
2649
4077
4170
1130
2990
3901
4837
1859
2961
3858
5058
1859
2961
3858
4926
1859
2961
3750
4955
1859
2961
4054
4769
1859
2566
3108
4170
1755
2453
3486
4970
1755
2581
3783
4431
1843
2738
3950
4414
1363
2735
3904
4414
1879
2644
3300
4950
1859
2162
3725
5058
1859
2735
4054
4311
1903
2649
4053
4589
1911
2649
3904
4539
1499
2990
3952
4747
1879
2990
4006
5110
1859
2961
3725
4962
1499
2248
4053
4747
1363
2452
3725
4769
1363
2976
3858
4170
1487
2289
3824
4835
1049
2905
3824
5015
1859
2961
3858
4311
1859
2961
3858
4769
1432
2472
3858
4837
1432
2472
3858
4837
1432
2472
3858
4837
1432
2592
3858
5015
1859
2961
3858
4311
1859
2961
3108
4769
1432
2592
4009
5015
1432
2472
4009
4769
1859
2961
3108
4769
1397
2694
3530
4962
1487
3041
3843
4318
1859
2350
3108
4311
1363
2961
3750
4132
1859
2566
3893
4769
1859
2472
3690
4311
1859
2961
3858
4769
1859
2566
3108
4769
1859
2472
4009
4769
1859
2961
3858
4837
1859
2961
3858
4962
1762
2592
3108
4769
1859
2961
3750
4769
1859
2961
3108
4769
1432
2592
4009
4769
2041
2411
4061
5052
1653
2748
3893
4747
2041
2748
4009
4962
1900
2788
4009
4311
1859
2325
3750
4311
2041
2350
3782
5110
1859
2135
3858
5114
1859
2788
3893
5015
1157
2694
3268
5015
1432
2472
4009
5052
1432
2788
4009
5052
1653
2694
4061
4889
1181
2989
3268
4934
1252
2748
3268
5110
1487
2788
3698
5110
1363
2619
4061
4414
1252
2350
3824
4962
1150
2592
3891
4934
1499
2788
4061
4747
1157
2350
3268
4769
1859
2889
3268
5114
1363
2788
3750
4858
1157
2907
3268
5118
2041
2592
3108
4962
1363
2961
3891
4858
1900
2325
4009
4934
2041
2592
4061
4311
1859
2135
4009
4962
1859
2788
4061
5015
1363
2472
4077
5015
1363
2472
4077
4934
1363
2788
3504
5052
1859
2907
4061
4311
1859
2961
3858
5052
1432
2472
3108
4769
1432
2472
4061
4769
1762
2350
3108
5114
1432
2472
4009
4962
1432
2472
4009
5114
1859
2961
4061
5052
1762
2592
3858
4962
1859
2961
3858
5114
1397
2119
3824
4351
1487
3041
3530
4494
1859
2566
3891
4539
1130
2566
3891
4747
1762
2566
4061
5118
1762
2592
3690
5015
1859
2961
3725
4769
1859
2961
3893
4769
1859
2961
3858
4962
1859
2961
3750
5114
1432
2592
4061
4311
1432
2985
4009
4837
1432
2566
4009
4962
1432
2566
3108
5114
1859
2961
3108
4837
1859
2566
4009
4769
1859
2961
3108
4589
1859
2566
3725
4747
1859
2961
3858
5052
1859
2961
3858
4769
1859
2961
3858
4769
1859
2961
3858
4769
1432
2472
3108
4837
1432
2566
3108
4837
1432
2566
4009
4769
1432
2472
4009
4769
1454
2350
3782
5118
1653
2109
4077
4934
1487
2350
3698
4962
1487
3041
3778
5114
1900
2907
4077
5118
1157
2985
4077
5015
2041
2592
3108
4311
1900
2788
4009
5015
1157
2961
3893
4311
1859
2350
3891
4311
1859
2135
4061
5114
1363
2907
4061
4858
1859
2350
3858
4769
1859
2985
3891
4311
1363
2788
3893
4858
1363
2961
4061
4858
1363
2411
3725
5052
1363
2976
3891
4414
1859
2472
4061
5118
1130
2592
3108
4962
1432
2472
4009
5114
1762
2592
4061
5114
1762
2592
3893
5052
1859
2566
3858
5052
1859
2961
3108
4769
1859
2961
3893
4837
1859
2961
3108
5052
1859
2961
3108
4962
1924
2788
3824
4889
1487
2788
3662
4950
1900
2709
4077
4747
1363
2350
4088
4414
1363
2135
3725
4414
2023
2976
4077
4484
1363
2976
3893
4414
2041
2976
4009
4962
1363
2097
3530
4889
1900
2976
4061
4934
1928
2985
3872
5114
1879
2985
3891
4311
1281
2788
4009
4747
1363
2961
3893
4962
1499
2976
3268
4747
1363
2788
3725
4747
1363
2961
3893
4858
1879
2350
3824
5015
1859
2976
4009
5114
1363
2976
3891
4858
1859
2350
3725
4769
1859
2472
3725
4962
1859
2566
3891
5052
1879
2592
3893
4837
1859
2976
3108
4962
1859
2976
3750
5114
1363
2976
3750
4858
1130
2592
4009
4150
1487
2800
3778
5094
1397
2260
3270
5036
1363
2985
3725
4747
1859
2961
3725
4769
1859
2976
3858
4962
1130
2472
3810
4985
1130
2566
4009
4962
1130
2961
4009
4769
1859
2961
3725
4769
1859
2961
3858
4837
1130
2592
4009
4747
1859
2976
3750
5114
1130
2472
4009
4747
1130
2592
3858
4769
1859
2961
3858
4769
1130
2961
4009
4837
1130
2592
3108
4747
1859
2566
3750
4769
1130
2472
4009
4747
1130
2592
3108
4747
1130
2566
4009
4747
1130
2961
4009
4747
1130
2961
3108
4769
1432
2472
3725
4837
1859
2961
3725
4769
1432
2976
4009
4769
1859
2961
3858
4769
1130
2592
4009
4747
1432
2472
3725
4837
1363
2472
4009
4837
1363
2961
3725
4769
1859
2961
3725
4769
1130
2472
4009
4747
1859
2961
3725
4769
1859
2961
3858
4769
1859
2961
3858
4769
1859
2961
3108
4769
1859
2961
3725
4837
1130
2592
3750
4769
1130
2976
4009
4170
1499
2961
4054
4889
1130
2472
3901
4962
1363
2248
3750
4414
1363
2961
3725
4858
1363
2961
3858
4769
1130
2592
4009
4747
1859
2961
3725
4769
1432
2472
4009
4769
1130
2961
4009
4769
1432
2472
3725
4837
1432
2472
4009
4769
1432
2472
4009
4837
1859
2961
3858
4769
1859
2961
3108
4769
1859
2961
3108
4769
1859
2961
3725
4769
1432
2472
4009
4769
1363
2976
4009
4970
1755
2905
4039
4713
1487
2971
3940
4858
1397
2253
3940
4589
1397
2976
3940
5036
1397
2276
3690
5011
1397
2789
3504
4799
1487
2912
3783
5096
1487
2976
3504
4494
1487
2976
4039
5015
1487
2419
3736
4296
1843
2700
3928
4747
1397
2972
3824
4739
1487
2419
3673
4384
1487
2789
3965
4431
1843
2905
3802
4810
1487
3041
3885
4384
1363
2961
3504
4747
1762
2566
4077
4769
1432
2472
4009
4769
1432
2566
3725
4769
1762
2592
3858
4769
1432
2592
3858
5015
1432
2472
4009
4769
1432
2472
4009
4962
1432
2592
3858
5015
1432
2472
4009
4837
1432
2472
4009
4769
1432
2566
4009
4769
1363
2248
3108
4747
1363
2961
3725
4858
1859
2961
3858
4769
1859
2566
3858
4769
1859
2592
3858
4769
1859
2961
3108
4769
1859
2961
3108
4769
1432
2566
3108
4837
1432
2961
4009
4769
1432
2961
4009
4837
1432
2961
4009
4769
1432
2961
4009
4837
1432
2592
3108
4769
1086
2472
3858
4769
1859
2905
3108
4858
1859
2566
3108
4311
1859
2961
3108
4769
1432
2472
4009
4769
1432
2472
4009
4769
1859
2961
4077
4747
1432
2566
3108
4837
1432
2566
3108
4837
1432
2566
3108
4837
1432
2472
4009
4769
1859
2961
3108
4769
1859
2961
3108
4769
1432
2566
4009
4769
1432
2961
4009
4769
1432
2566
3108
4837
1487
2419
4053
4494
1928
2905
3928
4145
1928
2905
3940
4539
1419
2905
3928
4747
1419
2905
3940
4747
1363
2800
3778
5059
1363
2976
3858
4769
1419
2961
3690
4539
1363
2800
3603
5059
1363
2800
3725
5052
1879
2905
3965
5094
1363
2961
3725
4858
1879
2248
3108
4539
1130
2905
3725
4858
1879
3022
3108
4384
1859
2800
3108
4311
1879
2592
4077
4769
1130
2472
4039
4589
1363
2976
3674
4858
1879
2592
4077
4962
1363
2961
3725
4414
1363
2961
3778
4414
1879
2592
4077
4747
1859
2566
3725
4769
1130
2472
4009
4769
1130
2472
4009
4769
1130
2592
3858
4769
1363
2905
3725
4837
1487
3041
3824
4494
1487
2694
3725
4858
1363
2961
3858
4769
1363
2905
3504
5057
1363
2961
4006
4858
1363
2961
3725
4494
1363
2961
3108
4769
1363
2566
3108
4837
1363
2961
3108
4837
1363
2961
3108
4769
1363
2976
3858
4858
1859
2472
4077
4769
1859
2472
3725
4769
1879
2592
4009
4384
1859
2472
3530
4769
1859
2472
3725
4769
1859
2472
3725
4747
1859
2472
4077
4985
1859
2472
3108
4769
1859
2472
3725
4837
1859
2472
3725
4769
1859
2961
4006
4837
1859
2472
3858
4769
1859
2566
3108
4769
1859
2592
3750
4837
1859
2566
3858
4837
1859
2566
3108
4769
1859
2566
3108
4769
1363
2976
4009
4858
1487
2976
3673
4494
1363
2976
3690
4414
1363
2976
3843
4962
1363
2905
3530
4858
1363
2961
3725
4414
1363
2976
3750
4414
1130
2905
3530
4858
1859
2472
4009
4769
1363
2976
3858
4769
1879
2592
3530
5110
1859
2905
3725
4858
1859
2472
3725
4769
1363
2976
3750
4985
1859
2472
3725
4747
1859
2472
3858
4769
1859
2472
3530
4837
1859
2976
3858
4769
1859
2472
3858
4769
1859
2566
3530
4837
1859
2472
3725
4747
1130
2592
4009
4747
1859
2472
4077
4747
1859
2961
3725
4769
1859
2566
3858
4837
1859
2961
3108
4769
1130
2592
4009
4747
1130
2566
4009
4589
1859
2961
3858
4769
1130
2472
4009
4769
1130
2961
4009
4769
1859
2961
3858
4837
1363
2566
3858
4769
1859
2961
3858
4769
1859
2961
3858
4769
1859
2961
3725
4769
1859
2961
3858
4769
1432
2566
4009
4769
1432
2472
3725
4837
1432
2472
3725
4837
1432
2472
3725
4837
1432
2472
3858
4837
1859
2961
3858
4769
1432
2472
3725
4837
1432
2566
3108
4837
1432
2566
3108
4837
1432
2566
3108
4837
1432
2961
4009
4769
1432
2961
4009
4769
1086
2472
3858
4769
1432
2592
3750
4769
1432
2472
3108
4837
1432
2566
3108
4837
1432
2961
4009
4769
1432
2566
3108
4837
1432
2961
3108
4837
1432
2961
4009
4769
1432
2961
4009
4837
1086
2472
3858
4769
1432
2961
3108
4837
1432
2566
3108
4837
1363
2905
3108
4837
1363
2961
3108
4769
