194
668
601
668
668
482
482
482
513
545
513
852
313
315
67
987
904
719
23
763
982
599
358
985
866
787
920
412
603
212
315
67
987
904
800
763
599
358
33
39
866
601
920
412
603
212
435
67
987
904
800
23
835
333
160
160
688
688
688
688
688
902
897
25
958
469
250
601
601
412
412
594
513
594
513
545
513
603
212
67
958
904
800
800
23
835
160
160
224
24
688
774
688
232
503
25
909
458
250
601
601
920
51
312
594
513
594
513
545
232
212
67
958
904
800
800
763
260
578
358
33
326
601
920
412
247
247
315
67
987
27
800
23
702
333
333
513
513
513
372
79
232
190
53
987
682
458
642
920
601
920
412
312
611
594
513
545
513
603
212
315
67
987
800
800
763
260
599
33
458
885
601
920
412
603
264
67
987
904
800
800
23
152
160
848
387
545
901
888
79
902
334
265
958
987
904
447
151
889
889
889
889
218
218
218
218
218
149
521
521
521
340
218
218
29
29
29
776
853
327
372
153
372
153
153
109
50
67
987
904
151
702
889
889
889
218
218
218
218
218
257
218
218
521
257
58
145
149
527
527
982
63
885
220
545
220
220
220
73
220
220
805
509
545
29
527
195
599
358
535
601
920
601
73
73
603
452
266
578
33
458
601
920
920
412
594
412
594
340
271
545
271
603
266
319
884
884
291
308
308
726
554
554
554
221
554
221
828
232
264
368
265
41
904
800
702
702
333
333
218
848
218
546
29
121
195
786
319
884
291
308
308
726
260
578
33
39
920
601
920
726
247
315
67
987
613
367
702
256
241
389
599
358
885
601
920
603
603
263
279
904
904
137
151
393
889
393
521
393
1000
393
149
257
527
339
618
227
227
159
159
393
527
850
913
481
885
920
220
545
73
805
368
848
17
1010
220
339
195
361
358
885
866
601
496
603
603
368
478
17
1010
220
618
145
339
227
785
776
145
29
527
339
121
266
319
884
291
308
308
726
260
599
33
885
642
601
920
603
603
603
599
358
33
39
532
601
920
412
424
594
220
594
271
271
603
673
786
174
884
291
308
726
310
722
358
33
39
532
308
38
554
310
266
578
33
33
642
920
920
260
599
33
33
532
601
920
603
603
67
987
904
800
800
835
959
608
271
271
271
271
534
