194
668
668
482
805
847
107
290
501
638
501
121
195
633
359
698
89
89
75
406
75
241
195
786
359
698
89
89
241
260
786
174
291
308
263
131
958
904
504
308
20
726
453
606
943
943
606
437
606
437
606
437
606
606
618
606
550
498
437
498
693
805
263
131
958
904
137
832
223
726
726
453
221
553
847
870
105
707
221
816
549
816
549
816
549
816
93
816
780
816
693
805
822
922
164
630
816
244
816
693
711
421
922
164
566
758
244
816
693
15
822
922
164
566
542
496
916
421
822
985
164
758
771
260
143
985
164
566
587
421
922
164
529
121
69
107
107
501
501
501
501
501
263
131
958
799
642
642
920
412
51
412
594
412
594
271
594
271
603
603
15
822
922
164
73
496
603
805
847
107
290
550
638
266
225
862
458
642
967
268
412
412
412
805
822
594
594
220
594
220
594
220
847
870
594
220
220
220
220
603
266
225
862
862
642
642
268
412
68
412
594
594
594
263
824
356
120
504
690
135
52
135
453
304
611
304
304
606
611
304
304
304
304
340
93
93
29
93
93
93
93
431
93
93
93
263
131
958
448
448
719
873
160
160
937
221
224
274
327
597
221
597
597
431
597
597
597
597
597
153
104
153
153
618
153
597
597
153
153
372
313
263
131
987
904
447
151
20
889
393
75
456
393
456
456
456
456
456
456
456
456
227
227
257
159
393
159
393
393
195
421
922
164
707
159
393
257
393
159
850
847
158
138
145
963
159
29
546
693
118
421
922
138
542
735
29
93
693
847
870
354
630
29
546
780
780
431
693
565
141
164
566
121
263
131
958
987
447
151
702
943
135
943
393
943
221
943
943
221
248
221
327
852
847
158
159
393
159
159
159
159
159
847
158
354
542
542
780
546
222
121
266
359
91
89
89
89
75
249
249
633
319
725
308
554
221
554
554
937
805
847
331
943
221
943
393
195
266
942
862
458
642
920
412
247
85
958
62
904
151
539
554
594
220
943
513
611
594
594
513
545
513
513
513
611
224
888
513
888
611
888
327
888
372
59
59
59
59
59
851
24
153
153
59
59
59
59
153
153
59
153
153
431
851
59
59
59
153
153
153
59
59
59
104
59
59
59
59
59
59
153
153
153
483
85
958
356
467
23
534
1535
2316
3621
4281
1755
2467
3979
4145
1830
2404
3410
4218
1062
2468
3072
4801
1755
3005
3500
4893
1755
2516
3915
4320
1077
2820
3736
4274
1964
2905
3745
4306
1878
2589
3198
4552
1573
2776
3849
4414
1573
2183
3410
4554
1797
2552
3885
5094
1062
2818
3979
4357
1535
2540
4064
4276
1062
2052
3570
4244
1755
2932
3849
4706
1062
2703
3885
4715
1755
2830
3300
4650
1755
2971
3503
4927
1755
2248
3183
5049
1531
2863
3208
4601
1059
2467
3506
4478
1392
2956
3410
4648
1583
2457
3619
4349
1755
2949
3300
5096
1557
2642
3523
4487
1261
2601
3410
5041
1457
2925
3942
4318
1964
2817
3307
5097
1535
2841
3903
4721
1755
2411
3498
4532
1755
2463
3580
4894
1755
3022
3913
4820
1261
2091
3104
4741
1813
2940
3576
4161
1645
2490
3093
4485
1191
2424
3540
4697
1161
2283
3539
4743
1753
2424
3506
4823
2003
2459
3990
4990
1161
2531
3705
4414
1557
2255
3540
4536
1218
2459
3539
4784
1410
2801
3498
4402
1755
2494
3787
4782
1034
2862
3581
4468
1841
2458
3738
4468
1650
2529
3208
4454
1059
2383
3979
4762
1812
3069
4006
4801
1812
2171
3300
4681
1812
2463
3558
4344
1367
2467
3697
5049
1514
2380
3844
4571
1250
2906
3500
5071
1270
2728
3104
4484
1535
2568
3437
4721
1392
2289
3458
4680
1392
3066
3422
4921
1059
2406
3215
4697
1964
3041
3987
4697
1557
2380
3903
4878
1755
2383
3924
5069
1755
2411
3868
4530
1896
2905
3398
4530
1457
2905
3631
5093
1516
2531
3498
5099
1659
2248
3504
4934
1755
2619
4008
4530
1801
2129
3997
4714
1755
2989
3950
4175
1700
3022
3259
4422
1755
2404
3698
4384
1755
2741
4004
4318
1457
2091
3535
4592
1457
2918
3880
4593
1755
2091
3782
4900
1700
3066
3704
4592
1127
2883
3504
4318
1457
2978
3727
4314
1457
2889
3913
4592
1561
2619
3913
4171
1755
2717
3965
5058
1701
2411
3552
4747
1457
3009
3552
4810
1457
2091
3523
4927
1457
3050
3825
5069
1701
3000
3782
4508
1127
3041
3526
4771
1755
2440
3824
4306
1457
2091
3690
4927
1457
2907
3690
4771
1701
2608
3523
4508
1062
3058
3990
4848
1798
2908
3356
5022
1514
2268
3475
4228
1743
2333
4094
4414
1788
2249
3580
4248
1557
3008
3782
4536
1659
2206
4031
5056
1755
2274
3413
4823
1659
2912
3782
5059
1755
2452
3498
4318
1700
2890
3705
4697
1457
2748
3913
4927
1659
2540
3783
4414
1659
2813
3208
4615
1127
3041
3987
4771
1801
2552
3913
4175
1700
2717
3398
4414
1959
3022
3600
4369
1755
2741
3747
4690
1397
2248
4053
4873
1822
2693
3919
4276
1801
2905
3782
4539
1700
2091
3914
4508
1127
2268
3300
4484
2046
3071
3498
4414
1049
2314
3690
4771
1300
2813
3913
4508
1457
2813
3613
4384
1561
2976
3504
4384
1561
2883
4072
4771
1561
2925
3802
4170
1300
2700
3284
4296
1300
2889
3506
4801
1561
2976
3940
4175
1561
2411
3498
4127
1049
2925
3764
4170
1561
2119
3504
4384
1561
2788
3725
4934
1300
3022
4039
4771
1049
2791
3725
4771
1049
2467
4039
4145
1300
2411
3824
4654
1561
3022
3940
5041
1561
2918
3966
4801
1049
2091
4088
4934
1327
3032
3405
4896
1755
2857
3885
4926
1397
3050
4054
4384
1561
3008
3111
4332
1049
2905
3259
4962
1049
2628
3300
4801
1561
2889
3940
5015
1561
2961
3750
4771
1049
2091
3950
4962
1561
2411
4006
4747
1049
2091
3725
5112
1049
2800
3987
4589
1049
2091
4088
4810
1049
2976
3552
4810
1327
2052
3274
4895
1561
2905
4094
4955
1561
2905
3951
4296
1843
3022
3965
4494
1561
2961
3690
4296
1843
2091
3504
4747
1049
2091
3782
4589
1049
2789
3736
4830
1049
2748
3725
4835
1049
2748
3725
5015
1049
3041
4009
4771
1049
2694
3552
4351
1049
2248
3698
4970
1327
2340
3830
4364
1397
2248
3885
4950
1397
2248
3819
4602
1397
2976
3965
5095
1397
2800
4006
4698
1397
3041
3933
4318
1487
3050
4054
5015
1561
2936
4006
4494
1561
2961
3987
4726
1843
2091
3914
4414
1049
2091
4006
4431
1397
2248
3952
4119
1397
2592
3777
4955
1959
2905
3777
5052
1561
2905
3690
4771
1561
2564
4077
4296
1419
2905
3504
5057
1049
2566
3858
4539
1419
3022
3987
5052
1419
2592
3777
4934
1419
2592
3858
4384
1218
2700
3231
5036
1397
2697
4087
4801
1487
2248
3965
4695
1487
3017
3970
4771
1843
3022
4079
4494
1419
2472
4077
4624
1419
2976
4077
4318
1049
2791
3613
4931
1327
2354
4049
4592
1487
2248
3965
4810
1822
3021
3555
4351
1561
2905
3237
4296
1457
2905
4087
5094
1397
2552
4087
4145
1561
2905
3869
4747
1487
2091
4091
4927
1218
2971
3870
4848
1940
2540
3359
4122
1936
2940
3580
4782
1755
2558
3849
5065
1397
3050
3293
4403
1822
2920
4041
4529
1755
3000
3970
5059
1755
2421
3685
4861
1127
2916
3115
4422
1755
2102
3508
5059
1755
3000
3674
4795
1397
2489
3990
4150
1755
2963
3869
4324
1055
2539
3321
4778
1678
2499
3439
4941
1597
2978
3628
4328
1745
2589
3715
4543
1732
2121
3819
4157
1396
2150
4032
4997
1931
2467
3248
4519
1755
2421
3843
4170
1755
2320
4042
4766
1867
2510
3940
4122
1755
2123
3966
4145
1896
2771
3929
5022
1755
2162
3133
5096
1755
2411
3335
5077
1788
2989
3727
4539
1959
2564
4077
4770
1659
2619
3778
4942
1801
2700
3437
4339
1959
2411
3929
5059
1700
2398
4052
4477
1349
2695
3929
4494
1659
3022
3335
4926
1903
2877
4053
4161
2000
2248
3782
4532
1777
2787
3929
4926
1700
2588
3649
4320
1218
2905
3986
5027
1261
2905
3410
4481
1755
2825
4054
4799
1659
2912
4077
5059
1561
2942
3300
4889
1397
2411
3944
5112
1959
2905
3778
4624
1843
2314
4006
5096
1397
3041
4039
4934
1843
2818
3504
4334
1561
2985
3965
4861
1755
2248
3690
5033
1218
2561
3950
4624
1261
2971
4039
4429
1755
2971
3555
4824
1457
2815
3915
4318
1261
2968
3662
4318
1127
2936
3970
4422
1755
3000
4019
4384
1982
2956
4077
4624
1422
2731
3512
4287
1034
2453
3193
4444
1683
2498
3737
4814
1984
2249
3608
4960
1830
3028
3231
4486
1535
2937
4008
4384
1535
2083
3136
4510
1812
2443
3839
4414
1392
2697
3919
4919
1635
2874
3984
4598
1583
2925
3940
4894
1635
2764
3935
4962
1867
2608
3365
4127
1949
2939
3740
5012
2028
3071
3950
4414
1573
2839
3188
4422
1755
2990
4079
5041
1755
2735
4005
5011
1261
2588
4088
4937
1755
2735
3839
4161
2003
3022
3984
4460
1755
2990
3498
5027
1457
2162
3613
4318
1457
2833
4053
5027
1457
2850
3684
5037
1457
2918
3924
4631
1457
2990
3933
5097
1755
2162
3984
4552
1218
2833
3663
5072
1397
2735
3580
4552
1755
2564
3984
4647
1755
2825
3933
4318
1457
2162
3819
4422
1457
2990
3819
4318
1457
3007
3885
5029
1457
2564
3915
4539
1457
2905
4087
4721
1457
2918
3613
4460
1561
2990
3984
5037
1457
3007
3950
4494
1596
3042
3316
4604
1852
2986
3358
4954
1812
2642
3933
5027
1392
2912
3111
5050
1812
2939
3933
4337
1564
2741
3705
4954
1931
2529
3940
4125
1867
2700
3940
4949
1701
2818
3557
4455
1755
2990
3264
4907
1755
2818
3673
5110
1457
2564
3950
4889
1755
2443
3950
4858
1959
2162
4077
4460
1457
2644
3778
4318
1457
2877
4072
5069
1561
2467
3498
4747
1843
2735
3504
5068
1959
3028
3690
4747
1049
2990
3413
4220
1835
2459
3111
5027
1959
2097
3464
4201
1815
2968
4077
4721
1807
2255
3684
4508
1049
2925
3526
4220
1049
2097
4077
4801
1457
2801
3673
4318
1300
2097
3984
4782
1049
2325
3984
5114
1049
2925
3526
5027
1561
2907
3984
4743
1911
3022
3887
4631
1561
2788
3984
4792
1653
3022
3824
4878
1049
2877
3335
4782
1049
2869
4054
4318
1049
2788
3725
4220
1419
3022
3966
4601
1049
2986
4079
4747
1049
2869
3690
4220
1049
2961
3893
4318
1049
2883
3725
4801
1049
2986
3335
4962
1419
2918
3603
4858
1049
2869
3913
5052
2023
2248
4077
4318
1049
3009
4061
4220
1049
2097
3893
5027
1419
3022
3893
4801
1049
2961
3690
4835
1049
2813
3673
4220
1419
2918
3603
4962
1049
2748
4087
5027
1049
2961
3893
4817
1419
3022
3673
4170
1049
2961
3725
5097
1049
2788
3603
4835
1419
3022
4072
4858
1049
2961
3984
4431
1049
2694
3603
4835
1499
2472
3498
4801
1049
2976
3891
4962
1419
3022
3673
4962
1499
2918
3603
5118
1419
2566
3893
4858
1419
2961
3504
5057
1363
2748
3504
5057
1419
2985
3984
4858
1993
2771
3387
4970
1860
2604
3914
5110
1801
3000
3804
4852
1807
2665
3904
4754
1252
2119
3413
4601
1653
2165
3984
4546
1748
2788
3725
4589
1419
2907
3690
4858
1252
2165
3504
4132
1252
2248
3951
5114
1454
2350
3398
5094
1858
2889
3413
5114
2043
3022
3987
5015
1252
3022
3880
5110
1252
3071
3504
4889
1499
2472
3901
5012
2043
3022
3782
4539
1748
2411
3398
5110
1499
2985
3603
5052
1499
2985
3904
4889
1499
2889
4088
4384
1499
2411
3603
5114
2043
3022
3891
4318
1499
2889
4077
4962
1499
3022
3893
4769
1499
2907
3858
5052
2041
2248
3891
4771
2043
2985
4009
4950
1499
2889
4072
4539
1859
2907
3858
5015
1499
2907
3725
4837
2041
3022
3904
4170
1499
3022
3108
5052
1499
2889
3782
4769
2043
3022
3725
4170
1859
2472
3725
5114
1499
2592
3108
4962
1499
2889
4072
4771
1859
2592
3858
4837
1859
3022
3725
4318
1499
2961
3891
4769
1499
2788
3108
4962
1499
2566
3108
4962
1499
2350
4039
5114
1499
2961
3893
5012
1859
2566
3891
5118
2043
2248
3782
5114
1859
2985
3725
4837
1499
2961
3893
4837
1499
2907
3858
5052
1859
2472
3891
4837
2041
2592
3891
5052
2041
2592
3824
5015
1499
2961
3893
4769
1954
2257
3986
4135
1678
2455
3454
4949
1356
3021
3558
4289
1218
3021
3175
4334
1830
2457
4042
4272
1964
2883
3410
4459
1755
2463
3802
4119
1218
2764
3094
4468
1755
2824
3319
5037
1755
2829
3923
5036
1161
2905
3119
4274
1127
2947
4088
4478
1460
3021
3413
4610
1755
2097
3119
4344
1755
2463
3802
4747
1755
2147
3885
4610
1755
2557
4042
5112
1755
2411
3305
4351
1700
2463
3305
4536
1127
2162
3880
4695
1755
2869
3802
4695
1755
2907
3802
4747
1127
2097
3903
4459
1755
2985
3802
4695
1755
2054
3931
4183
1457
2907
3636
4695
1755
2484
3802
4705
1127
2097
3698
4695
1755
3069
3802
4705
1127
2869
3698
5096
1755
2484
3802
5089
1755
2484
3802
5068
1127
3041
3942
4732
1755
2889
4008
4695
1127
2869
3690
4695
1127
2628
3698
4695
1457
2628
3931
4567
1127
2419
3906
4695
1659
2054
3802
5112
1457
2628
3931
4494
1127
2628
3673
4539
1127
3041
3095
4539
1755
2795
3888
4368
1755
3058
3952
5112
1755
2694
3777
4684
1561
2905
3891
4830
1127
3041
3782
4705
1457
2985
3931
4494
1561
2889
4006
4705
1457
2907
3824
5112
1561
2411
3802
4349
1561
2985
3388
5112
1300
2700
4009
4494
1959
2567
4042
4705
1049
2700
3891
5015
1561
2411
3802
4567
1300
2976
3261
4539
1127
2976
3698
4690
1397
2907
3504
4810
1397
2791
3504
4462
1127
3041
3942
4830
1561
3012
3802
4508
1049
2800
3928
4494
1561
3012
3300
4414
1561
2700
3802
4494
1561
2791
3300
4335
1300
2905
4006
5112
1397
2289
4006
4747
1049
2248
3951
4414
1561
2789
3802
4539
1049
2248
3674
4539
1959
2694
4077
5052
1755
2694
3950
4314
1561
2735
3819
4795
1561
2905
4088
4539
1049
2248
3690
4654
1049
2905
3880
4150
1049
2472
3764
4539
1049
2976
3777
4384
1049
2905
4072
4771
1049
2985
3725
5015
1049
2472
3880
4771
1049
2628
3982
4810
1049
2628
3891
5115
1049
2985
3891
4654
1755
2696
3300
4662
1561
2905
3950
4747
1049
2905
3913
4132
1049
2905
3690
4858
1049
3055
3725
4539
1561
2694
4077
4747
1049
2248
3858
4771
1049
3055
3747
4539
1049
2592
3951
4835
1049
2976
3935
5015
1049
2976
4088
4830
1049
2119
4087
4835
1049
2976
3951
5110
1049
2472
3725
5096
1049
2248
3782
4414
1755
2905
4039
4484
1397
3050
3914
4460
1397
3050
3951
4351
1843
2592
3935
4414
1487
2567
3965
4654
1561
2905
3951
4858
1487
3041
3398
4934
1419
2091
4077
5015
1627
2179
3986
4485
1877
3063
3622
4508
1960
2105
3098
4801
1392
2274
3504
4150
1755
2097
3340
5026
1755
2404
3440
4259
1127
2467
3888
4874
1127
3041
3727
4462
1659
2412
3588
4494
1700
2412
3588
4180
1049
2213
4043
4494
1561
2411
3540
4361
1700
2274
3540
4171
1049
2314
3888
4530
1561
2567
4043
5112
1903
2567
4043
4183
1049
2467
3888
4292
1700
3041
3509
5022
1049
2411
3509
5022
1049
2519
3888
5069
1748
3062
3735
4127
1049
2985
3888
4462
1049
2985
4006
4540
1049
2467
3888
4462
1049
2883
3777
4462
1049
2748
3987
4462
1049
2889
3888
4530
1419
2700
3914
4858
1419
2813
4006
4858
1397
2854
3327
4606
1959
2700
3498
4494
1049
2748
3888
4539
1843
2412
3778
4539
1843
2567
3903
4539
1419
2700
3095
5089
1419
2700
3335
4335
1049
2883
3509
4705
1049
2700
3890
4335
1049
2976
3888
4539
1843
2976
3888
4539
1049
2700
3888
4305
1049
2985
3888
4539
1127
2976
3653
4567
1843
2961
4077
5112
1843
2905
3951
4858
1419
2976
3888
4171
1049
2330
4077
4462
1419
2472
3750
4539
1419
2905
3498
4539
1843
3009
3914
4539
1049
2119
4087
4494
1049
2791
3165
4697
1419
2566
3498
4654
1049
3055
4087
4539
1049
2972
3674
4771
1049
2566
3552
4539
1959
2936
3653
4934
1737
2960
3660
4606
2035
2467
3208
4900
1653
2277
3966
5011
1317
2225
3903
4215
1628
2890
3782
4296
1899
2529
3901
4332
1653
2314
3747
4539
1049
2925
3893
4539
2023
2813
4088
4927
1252
2248
4077
5110
1653
3012
3824
4561
1748
2567
4006
4771
2023
3022
3893
5089
1696
2248
3115
4460
1696
3032
3095
4170
1777
2925
3087
4253
1155
2884
3259
4348
1155
2976
3325
4457
1248
2209
3504
5114
1748
2248
3268
4926
1334
2277
4008
4934
1748
2314
3782
4830
1252
2619
3901
4889
1899
2694
3987
5110
1419
2411
4072
4962
1628
2883
3880
4927
1628
2907
3901
4950
1755
2150
3558
4926
1397
2741
3880
4462
1843
3069
3890
4171
1843
2467
4042
4937
1843
2411
3107
4171
1843
2748
4008
4215
1843
2748
3888
4937
1748
2567
4006
4508
1049
2619
3891
4589
1843
2619
3504
4189
1363
2097
3893
4539
1555
2467
3318
4732
1455
2717
3175
4445
2032
2498
3244
4185
1931
2529
3839
5097
1583
2561
3114
5045
1755
2467
4079
4862
1755
2162
3869
5025
1755
2588
4072
4927
1755
2825
3725
4318
1755
2162
3673
4934
1959
2990
4042
4351
2035
2700
3952
4150
1534
2404
3663
4523
1263
2746
3883
4800
1755
2604
3706
4690
1931
2861
3987
4873
1457
3008
4052
4883
1457
2748
3498
4494
1843
3005
4077
4525
1843
2516
4054
4962
1561
2411
3498
4862
1700
2162
3966
4171
1843
3022
3552
4171
1843
2850
3540
4195
1659
2694
3498
4414
1049
2619
3509
4461
1628
2905
3498
4320
1419
2990
3498
4889
1843
2162
3498
4539
1748
2248
3965
4539
1419
2091
3498
4926
1419
2619
4054
4771
1252
2248
4042
5059
1419
2907
3952
4539
1419
2883
3965
4539
1803
2735
3081
4807
1419
2889
4054
4539
1454
2700
3987
4364
1419
2813
3778
4539
1419
2411
3904
4539
2043
2248
3914
4539
1419
2961
4054
4539
1419
2567
3698
4132
1499
2985
3950
4539
1499
2985
4009
4539
1419
2985
4072
4539
2043
2248
4039
4539
1499
2472
4009
4771
1499
2472
4054
4771
1499
2889
3858
5015
1499
2472
4006
4962
1499
3022
3782
5015
1499
2566
4006
4170
1499
2472
4006
4934
1499
2748
3108
4810
1499
2961
3858
5052
1879
2592
3858
5118
1499
2472
3858
4170
1499
2411
3965
5114
1499
2592
4072
4311
1859
2472
3858
4950
1499
2907
4009
4539
1499
2961
3858
5114
1499
2592
3108
4962
1499
2985
3108
4539
1499
2592
3108
4769
1859
2566
3858
4837
1499
2961
4009
5114
1859
2472
3858
5052
1859
3022
3858
4858
1859
2472
3858
5015
1499
2961
3108
4837
1499
2961
3108
4837
1859
2566
3108
4837
1859
2566
3725
4837
1859
2472
3858
4771
1499
2566
3858
4771
1859
2472
3108
4771
1859
2566
3858
4837
1859
2472
3858
4858
1859
2472
3858
4771
1859
2472
3891
4858
1859
2961
3858
4962
1859
2961
3858
4962
1859
2472
3725
4769
1762
2592
3858
5015
1859
2961
3108
4837
1859
2961
3108
4962
1859
2961
3858
4837
1859
2961
3858
4858
1432
2472
3108
4837
1859
2566
3108
4858
1859
2566
3858
4858
1859
2961
3858
4858
1859
2961
3858
4858
1432
2472
4009
4837
1859
2961
3108
4858
1432
2472
3858
4837
1432
2566
3858
4837
1432
2566
3858
4837
1432
2472
3858
4837
1432
2472
3108
4837
1432
2566
3108
4837
1432
2566
3108
5052
1432
2472
3108
4837
1432
2472
3858
4837
1432
2566
3108
4962
1432
2592
3858
5052
1432
2472
3858
4837
1432
2566
3108
4837
1432
2472
3108
4962
1432
2592
3858
4837
1432
2566
3858
4837
1432
2566
3108
4837
1432
2961
3858
4837
1755
2905
3952
4835
1560
2746
3502
4905
1755
2268
3630
4318
1659
2907
3940
4414
1959
2905
3682
4684
1349
2905
3398
4747
1252
2248
3966
4334
1487
2907
3504
5069
1363
2889
3764
5058
1049
2411
3613
4351
