1012
158
1020
641
771
457
158
1020
529
457
683
1020
529
457
683
1020
29
121
683
834
354
529
805
683
1020
667
529
683
107
354
618
529
683
158
1020
121
683
158
641
529
529
457
683
1020
529
457
683
1020
529
529
805
683
1020
529
29
529
805
683
107
257
683
1020
529
257
529
805
683
1020
805
683
529
529
457
158
529
529
121
263
131
987
904
800
23
702
459
929
393
5
393
393
393
943
619
393
393
125
785
227
227
393
125
393
159
740
93
159
93
159
74
93
433
93
153
93
313
263
85
987
904
425
76
76
459
393
393
5
393
248
393
327
244
159
159
159
549
159
224
431
159
153
153
153
153
93
125
153
153
153
313
85
958
987
904
800
76
459
68
943
393
943
393
611
393
159
393
159
788
190
786
319
884
260
786
532
449
786
143
91
51
457
928
726
554
852
295
786
91
91
587
359
1015
249
633
91
249
249
901
522
249
295
633
91
522
522
522
295
633
91
522
633
359
522
901
249
633
359
91
232
95
85
987
904
447
151
702
553
889
393
776
393
257
393
393
943
159
159
393
227
159
618
393
159
159
159
159
159
159
159
393
159
125
159
340
788
19
85
987
904
447
151
702
889
218
889
739
1000
739
218
257
218
431
527
546
850
266
942
77
642
646
920
601
68
412
594
847
107
220
594
220
545
220
121
263
131
987
904
151
702
459
73
73
220
220
776
218
218
220
220
218
218
685
850
263
67
942
884
291
308
308
308
726
554
221
943
221
943
221
943
221
852
263
67
69
148
884
291
308
308
726
554
726
554
221
554
221
554
221
310
786
319
85
987
904
425
758
835
152
806
554
221
554
221
327
828
828
232
190
85
987
904
447
151
702
889
929
889
218
1000
739
218
218
218
218
218
218
521
218
121
589
319
884
291
308
308
726
726
295
599
33
290
707
943
638
943
73
850
266
319
884
291
308
308
726
726
726
622
359
291
291
308
726
943
726
554
664
913
359
91
89
89
249
249
402
266
359
91
89
89
89
249
249
19
85
987
987
904
44
76
459
135
943
901
5
5
410
327
327
393
327
852
119
847
444
667
630
816
546
816
788
805
847
107
749
529
431
842
842
121
266
319
884
291
308
308
726
726
726
554
310
633
319
884
308
308
726
310
260
599
33
405
1487
2770
3370
4508
1755
3021
3509
4320
1397
3005
3304
4743
1487
2248
3498
4132
1487
2330
3498
4830
1487
2289
3950
5015
1049
2340
3498
4369
1487
2289
3747
4320
1755
2435
3498
4670
1457
2340
3498
4532
1487
3022
3540
4592
1487
2473
3684
4494
1487
2473
3903
4806
1487
2473
3580
4835
1397
3071
3728
5034
1755
2735
3509
5097
1561
2700
3684
4991
1561
2700
3903
4536
1487
2990
3498
4381
1561
2700
3498
4817
1487
2330
3498
4369
1218
3021
3498
4895
1487
2473
3293
4530
1487
2289
3540
4631
1487
3005
3903
4743
1487
2791
3498
4320
1487
3005
3314
4281
1397
2248
3509
5097
1755
2976
3365
4369
1843
3022
3819
4830
1397
2544
3498
5097
1397
2289
3940
4132
1843
2544
3498
4494
1843
2800
4077
4773
1487
2976
3498
5095
1261
2861
3540
4592
1487
2473
4003
5036
1457
2905
3540
4320
1457
2721
3498
4494
1487
2473
3580
4810
1487
3009
3498
4494
1755
3009
3885
4721
1959
3009
3370
5094
1397
2818
4049
4817
1397
3050
3498
4462
1561
2820
3300
4747
1843
3071
3498
5036
1561
3012
3539
4624
1755
2435
3506
4670
1261
3022
3540
4817
1457
3071
3509
4161
1487
2800
3498
4161
1487
2800
3540
5027
1397
3022
3824
4320
1487
2248
3498
5015
1535
3032
3969
4670
1959
3009
3300
4335
1561
2412
4077
4624
1561
2412
4077
4384
1561
2468
4077
4817
1487
2789
3303
4318
1487
2248
3783
4817
1561
2818
3506
5037
1327
2754
3540
4623
1487
2248
3413
4913
1457
2592
3540
4883
1457
2694
3498
4771
1457
2905
3824
4721
1457
2905
3951
4721
1218
3008
3558
4817
1397
2552
3736
5047
1561
2119
3300
4743
1561
2905
4006
4335
1959
3071
3933
5047
1487
2820
3237
4335
1487
2818
3725
4335
1561
3008
4077
4721
1535
2506
3623
4938
1487
2248
3935
4171
1127
2800
3804
4835
1561
2905
4039
5027
1561
2905
3283
4771
1561
2905
3398
4747
1561
2905
3940
4508
1959
2905
3508
4771
1397
3050
3932
4895
1755
2696
3885
4300
1755
2243
3824
4357
1457
2905
3824
5094
1127
2091
3690
5036
1755
2800
3928
4810
1397
2946
3674
4132
1457
3071
3950
4883
1457
3071
3662
4817
1561
2820
4077
4364
1457
2552
3684
4494
1457
2702
3335
4422
1457
2820
3284
4494
1457
2544
3613
5027
2012
2257
3811
4244
1755
3009
3555
4991
1755
2540
3539
4714
1397
2491
3370
4935
1755
2976
3498
4783
1755
2815
3498
4654
1457
2905
3824
4817
1127
3009
3673
4508
1457
2905
3284
4739
1701
2700
4085
4648
1535
2084
4094
4752
1397
3050
3498
5094
1755
2248
3933
4624
1457
3050
3663
4924
1127
3008
3979
5068
1127
2330
3849
4539
1397
2946
3933
4539
1127
2330
3260
4817
1235
2527
3581
4764
1488
2830
3458
4891
1250
2699
3933
4305
1583
2255
3859
4419
1392
2165
3547
4965
1755
2791
4053
4891
1755
2411
4053
4183
1392
2889
3974
4478
1557
2552
4053
4726
1755
2411
3950
4351
1700
2833
4008
4170
1755
2907
3914
4624
1392
2639
3825
4526
1659
2920
3398
4414
1127
2162
3736
4484
1801
2567
4042
4720
1127
2162
3888
4801
1700
2567
3764
5022
1127
2877
3888
4835
1701
2531
3270
5022
1659
2567
3464
4487
1127
3041
3888
4456
1700
2567
3504
5058
1561
2660
3888
5079
1701
2162
3888
4296
1457
2577
3982
4540
1300
2877
4077
5112
1300
2248
3464
4934
1561
2649
4088
4183
1457
2411
3914
5069
1561
2567
3727
5022
1457
2741
3888
4810
1049
2628
3888
4934
1300
2700
3777
4971
1457
2985
4091
4889
1457
2694
3778
5089
1561
2748
3951
4539
1561
2748
3498
4414
1049
3008
4088
4539
1300
2592
3782
4384
1049
3008
3413
4771
1561
2567
3698
4539
1457
2567
3777
4338
1300
2567
3893
4508
1300
2813
4077
4705
1049
2628
3987
4183
1561
2818
3888
4962
1561
2748
3690
5022
1049
3008
3888
4927
1561
2976
3891
4183
1300
2700
3276
5029
1911
2905
3783
4351
1049
2976
4088
4589
1959
2411
3119
4835
1049
2976
3888
4414
1561
2976
3987
5022
1755
2608
3932
4934
1582
2746
3104
5068
1897
2465
3225
4198
1410
2789
3588
4200
2003
2419
3619
4189
1557
2484
3876
5028
1701
2964
3660
4747
1690
2748
3764
4926
1457
2219
3305
4398
1690
2314
4008
5022
1659
2748
3824
4414
1659
2412
3226
4862
1300
2463
3888
4496
1801
2412
3668
4478
1300
2411
3888
4508
1700
2907
3504
4629
1659
2567
4072
4791
1049
2877
3888
4934
1659
2567
3782
4274
1300
2463
3903
5022
1300
2883
3413
5049
1300
2883
4072
4800
1049
2883
3600
5052
1049
2314
3839
4931
1300
2619
3107
4705
1049
2567
3782
4456
1300
2540
3942
4589
1049
2411
3107
4858
1300
2907
3107
5096
1049
2314
3690
5118
1300
2412
3107
5052
1049
2985
3880
4539
1300
2411
3893
4305
1049
2411
3888
4589
1049
2248
4054
4589
1049
2314
3725
5089
1049
2889
3725
4926
1300
2649
3413
5059
1049
2411
3843
4858
1561
2567
3804
4318
1049
2314
3891
4589
1049
2748
3987
5089
1911
2918
4077
4769
1049
2813
3914
4624
1300
2694
4053
4539
1049
2567
3725
4962
1049
2748
3725
4835
1049
2976
3764
5089
1049
2813
3750
4589
1049
2813
3890
4938
1049
2976
3237
4926
1161
2088
3932
4168
1514
2380
3558
4672
1604
2460
3225
4482
1666
2589
3120
4816
1732
3021
3843
4370
1755
2889
3195
4485
1755
2544
3904
4215
1659
2192
3919
4971
2003
2529
3237
4444
1700
2890
3704
4985
1755
3023
3904
5112
1659
3017
3237
4120
1557
3017
3888
4937
1457
2619
3215
4105
1700
2567
3413
4705
1700
2971
3868
5112
1457
2501
3824
4862
1659
2700
3674
5089
1457
2889
3931
4624
1457
2208
3735
5081
1701
2378
3812
4386
1959
2567
3305
4567
1127
3041
3888
5041
1659
2257
3888
4950
1659
2257
3486
5059
1561
2567
3802
4739
1300
2434
3300
4468
1127
2910
3888
4480
1686
2457
3668
4381
1634
2257
4085
4843
1621
2403
3307
4824
1802
3069
3743
4414
1263
2516
3261
4431
1535
2314
3932
4943
1975
2516
3830
4638
2032
2792
3325
4487
1690
2424
3073
4318
2032
2619
3824
4783
1801
2332
3869
4414
1878
2909
3095
4993
2006
2498
3766
4503
1801
2813
3383
4418
1896
3008
3672
5025
1690
2467
3929
4384
2046
2915
3388
5090
1896
2700
4056
4589
1755
2314
3504
4938
1659
3029
3335
4938
1659
3050
3498
5112
1345
2248
3585
4487
1049
2619
3904
5094
1899
2344
4054
4170
1300
2813
3107
4484
1700
2748
3504
5112
1786
2257
3341
4184
1291
2150
3985
4508
2046
2329
4077
4198
1759
2283
3525
4384
1481
2787
3737
4889
1629
2529
3414
4315
1759
2531
3300
5089
2035
2147
3891
4539
1807
2907
3890
4684
1924
2248
3891
4170
1815
2850
3623
4487
1998
2907
3893
4934
1694
2097
3778
4684
1334
2232
3674
4335
1807
2162
3893
4145
1155
2813
3915
4539
1653
2912
4093
5037
1659
2907
3504
4477
1835
2478
3970
5089
1903
2097
3824
5089
1694
2577
3777
4508
1349
2869
4039
4853
1270
3042
3682
4349
1340
2540
3743
4620
1815
2841
3940
4606
1317
2907
4077
4170
1959
2411
3237
5114
1899
2150
3504
5079
1349
2350
4054
5022
1807
2642
3914
4776
1155
3071
3987
4814
1526
2680
3909
4971
1743
2540
4072
4985
1481
2813
3335
4221
1959
2788
3987
4334
1777
2748
3966
4684
1396
2525
4042
4848
1759
3022
3552
4654
1349
2877
3876
5096
2046
2907
3623
4335
1300
2788
4052
4175
1653
2165
3698
4184
1903
2889
3778
4820
1300
2907
4014
4305
1604
3029
3764
4895
1777
2883
3970
4526
1345
2883
3491
4950
1300
2889
4072
5096
1334
2912
3690
4985
1349
2567
3891
4539
1903
2573
3904
5089
1251
2206
3410
4402
1531
3021
3980
4342
1535
2468
3373
4857
1535
2604
3510
5113
1218
2191
3410
4335
1261
3021
3754
4864
1896
2693
3107
4313
1261
2412
3622
4414
1127
2877
4053
4714
1755
2889
3259
4494
1261
2619
3504
4189
1261
2813
3662
4904
1755
2411
3300
4392
1261
2567
3669
4862
1397
2567
3764
4335
1755
2567
3727
4876
1127
2314
3335
5096
1127
2330
3888
4991
1261
2403
3473
5022
1755
2412
3782
4370
1755
2412
3215
4889
1397
2748
3914
4335
1127
2748
3888
4335
1397
2567
3413
5052
1127
2314
3880
4705
1127
2869
3303
5089
1755
2717
3305
4195
1127
2097
3888
4705
1127
2330
3888
4962
1659
2567
4077
4714
1397
2567
3810
5036
1755
2694
3778
4747
1127
2985
3804
5059
1457
2567
3802
4625
1127
3017
3750
4889
1457
2434
3778
4546
1755
2694
4072
5059
1457
2905
3690
4695
1127
2628
3804
4835
1049
2248
3498
4934
1561
3022
3154
4494
1127
3041
3888
4374
1127
3041
4008
4705
1457
3017
3777
4695
1457
2276
4072
4695
1127
2330
3804
4705
1049
2905
3987
5015
1561
2472
3300
4335
1843
2412
3777
4414
1049
2248
3498
4539
1561
2447
3119
4899
1127
3041
3888
4962
1959
2567
3914
4175
1049
2314
3888
4508
1954
2890
3208
4368
1536
2380
3975
4648
1268
2693
3872
4816
1573
2731
3540
5023
1535
2468
3870
4565
1755
2121
3300
5067
1535
3069
3656
4320
1797
2862
3996
4161
1261
2181
3996
4161
1218
3022
3719
4697
1261
2890
3509
4536
1755
3022
3976
4457
1261
2820
3410
5093
1512
2619
3523
4444
1755
3022
3486
5027
1261
3021
3523
5040
1755
2209
3684
4809
1261
3021
4075
5047
1062
2181
3885
4817
1512
3021
3656
4817
1512
2828
3598
5028
1261
2820
3509
4161
1261
2181
3504
4536
1127
2820
3523
4320
1261
3021
4083
4161
1127
2800
3800
4782
1755
2918
3368
4615
1755
2468
3913
5097
1830
2625
4063
5027
1972
2249
3949
4725
1745
2314
3375
4402
1385
2243
4077
4276
1535
2284
3216
4746
1583
2498
4089
4855
1984
2457
3340
4353
2027
2771
3916
4885
1825
2457
3325
4320
1824
2225
3187
4508
1485
2399
3502
4914
1583
3022
3509
4728
1846
2134
3517
4431
1583
2700
3498
4926
1635
2833
4006
4721
1573
3007
3410
4848
1218
2564
3473
4614
1535
2825
3684
4852
2003
3028
4006
4654
1755
2990
3839
4494
1755
2162
3300
4318
1755
2644
3685
4919
1755
3007
3950
4539
1755
2564
3684
5099
1457
2905
3839
5097
1755
2162
3665
4320
1755
2283
3849
5041
1755
3007
3526
4824
1954
2374
3083
4153
1536
2982
3414
4777
1191
2964
3218
4503
1583
2529
3934
5119
1755
3065
3839
4490
1062
2168
3804
4647
1557
3005
3073
5028
1557
2833
3984
4468
1755
2968
3498
5027
1755
2162
4072
5079
1755
2828
3868
4751
1755
2735
3984
4615
1261
2257
3924
4320
1755
3005
3839
4484
1397
3028
3684
4875
1261
2990
3504
4161
1261
2484
3504
4320
1457
2820
3903
5058
1755
2255
3684
4767
1755
2841
3901
5027
1397
3022
3498
5097
1755
2985
4008
4218
1397
3022
3719
4720
1127
2735
3736
4422
1397
3028
3715
4862
1127
2340
3698
5027
1261
3007
3492
4414
1127
2330
3580
4697
1127
2877
3913
5097
1127
2083
3580
4862
1127
3009
3745
5095
1101
2380
3383
4757
1678
2979
3576
4215
1662
2589
3647
5003
1025
2529
3460
4691
1403
2484
3523
5071
1896
2262
3413
4536
1696
2457
3596
4931
1896
2564
3984
4985
1755
2748
3301
4720
1392
2484
3517
4710
1104
3071
3984
4810
1659
2889
3684
4508
1557
3069
3504
4934
1457
3069
3745
5097
1801
3022
3782
4530
1896
2589
3604
5027
1700
2484
4077
4862
1659
2404
3736
4962
1659
2741
4006
4369
1659
3069
3504
4422
1457
3069
3782
4318
1561
2717
3580
4817
1700
2540
3719
4546
1700
2907
3913
4296
1457
2741
4072
5115
1659
3071
3684
4414
1815
2511
3486
5027
1467
2257
3503
4506
2006
2393
4093
4508
1422
2598
3558
4943
1488
2082
3581
5107
1662
3063
3791
4620
1660
2692
3783
4266
1403
2257
3480
5078
2006
2383
3984
4890
1696
2332
4077
4889
1696
2249
3824
4407
1896
2925
3673
4170
1594
2946
3251
4114
1248
2248
3868
5090
2046
3022
3727
5115
1659
2314
4036
4721
1659
2619
3506
4770
1659
2383
3673
4184
1899
3071
3585
4508
1700
2467
3504
4795
1700
2484
3802
5052
1700
2918
3727
4414
1659
2741
3984
4962
1334
3071
3398
5027
1903
2918
4006
4776
1252
2248
3802
4320
1589
2344
3300
5110
1422
2764
3558
4755
1562
2185
3780
4402
1290
2703
3986
4509
1131
2801
3608
4151
1703
2789
3872
4852
1788
2452
4077
4403
1690
2119
4085
4274
1959
2536
3891
4927
2046
2209
3297
4334
1248
2877
4056
4955
1104
3071
3929
5096
1903
2889
3951
4508
1903
3022
3880
4320
1843
2649
3335
4414
1777
2411
3984
5093
1777
3022
3891
4926
1628
2255
4088
5027
1300
2930
3984
4926
1843
2889
3504
4926
2000
3071
3839
5027
1777
3022
3782
5027
1843
2411
4008
5058
1628
2248
3987
4318
1561
2907
3727
4817
1049
2813
3965
5097
1456
2248
3684
4320
1419
2820
3903
4374
1628
2248
3913
5027
1235
2105
3502
4670
1683
2793
3806
4987
1535
2360
3533
4161
1535
2914
3540
4766
1964
2457
4027
4320
1169
2312
3246
4855
1964
2561
4027
4883
1062
2986
3540
4631
1218
3055
3782
4494
1535
2918
3506
4734
1261
3022
3608
4860
1062
2268
3300
4552
1327
2091
3405
4192
1327
2946
3944
4530
1512
2619
4077
4817
1261
2978
3984
4241
1218
3022
3410
4132
1077
2347
3731
5068
1755
2918
3300
4320
1261
2905
3517
5027
1261
2946
3410
4161
1218
2463
3984
4414
1077
2289
3736
5093
1261
2905
3540
4320
1127
2883
3903
4615
1261
3021
3580
5057
1755
3058
3413
4615
1127
2248
4077
5027
1755
3022
3486
5027
1261
2918
3684
5070
1755
2918
4085
5115
1261
2918
3608
5027
1792
2406
3780
5068
1531
2841
3558
4926
2005
2897
3984
4795
1191
2589
3307
4108
1392
2660
3300
4782
1392
2660
3854
4676
1830
2661
3984
4374
1392
2890
4008
4721
1996
2209
3834
4530
2003
2516
3984
4251
1059
2257
3984
4462
1659
3070
3913
4593
1812
2589
3212
5068
1597
2976
3098
4122
1403
2939
3104
4318
1830
2758
3662
4474
1896
2700
3300
5011
1755
2314
4006
4830
1755
2438
3935
4955
1755
2889
3447
5097
1557
3022
3965
4384
1755
2467
3388
4161
1457
2883
3839
5068
1755
2209
3698
4895
1457
2741
3300
4369
1755
2889
3719
4926
1659
2915
3903
4721
1621
2193
3455
4670
1621
2531
3439
4196
1802
2758
3854
4684
1996
2589
3846
5117
1059
2257
3498
4255
2015
3071
3300
4791
1059
2257
3929
4721
1557
3069
3984
4414
1557
2717
3904
4508
1557
2863
3506
4161
1700
2411
4077
4721
1700
2457
3542
4318
1700
2890
3504
4721
1659
2564
3413
5068
1837
2700
3935
4484
1557
2619
3552
4430
1557
2863
3916
4266
1801
2210
3834
4721
1896
2905
3984
4522
1700
2411
3984
4292
1700
2890
3498
4220
1248
2890
3984
4720
1457
2889
3984
4462
1334
2249
3904
4320
1457
2619
3673
4721
1700
2717
4077
4721
1700
2467
3913
4747
1843
2660
3903
4726
1597
2920
3774
5068
2032
2964
3104
4648
1815
2309
3526
4331
1690
2869
3503
4747
1807
2411
4077
4925
1700
2097
3504
4170
1049
2748
3526
4320
1659
2907
4008
4460
1659
2918
3467
4120
1777
3022
3903
4185
1924
3071
3903
4318
1959
2801
3782
4318
1627
2545
3104
4299
1661
2598
3141
4886
1481
2869
3929
4820
1690
3065
3413
5049
1977
2989
3413
4926
1659
2314
4006
4949
1981
2344
3909
4860
1700
2257
3638
4962
1653
2918
3300
4274
1659
2918
3804
4755
2023
2248
4004
4318
1924
2976
3104
4710
1653
3022
3095
4961
1087
2801
4063
4625
1467
2528
3558
4291
1841
2910
3981
4661
1755
2246
4055
5007
1939
2612
3831
4937
1755
2455
3880
4829
1523
2699
3802
4145
1801
2700
3526
5112
1659
2642
4032
4539
1659
2907
3413
4747
1397
2567
3467
4150
1561
2877
3966
4175
1801
2581
3682
4931
1561
2649
3300
5112
1700
2907
3504
4539
1700
2314
3504
5114
1049
2985
4088
5089
1659
2694
4093
4747
1903
2567
4077
4950
1561
2411
3891
5112
1700
2567
3824
4962
1300
2350
3107
4221
1300
2889
3888
4539
1300
2249
3888
4934
1300
2540
3888
4274
1959
2985
4072
4539
1049
2925
3893
5022
1049
2907
4088
4539
1659
2908
3888
4629
1755
3037
3903
5028
1397
2918
3869
5036
1822
2649
3504
4132
1700
3008
4077
5118
1959
2905
3914
5094
1127
2330
3966
4132
1397
2770
4088
5093
1457
2976
3673
4589
1561
2813
3107
4589
1457
2567
3613
4197
1457
2989
4083
4934
1561
3022
3966
5012
1822
3042
3498
4726
1535
2468
3613
4554
1755
3009
3885
4318
1755
3039
3885
4676
1755
2255
3940
4959
1755
2936
3474
4508
1397
2489
3098
4318
1822
3012
3504
4631
1397
2946
3673
4830
1701
2694
3885
4589
1755
3023
3674
4955
1397
3009
3914
4823
1561
3022
3674
4494
1561
2181
3498
4835
1645
2257
3746
4636
1621
2262
3894
4988
1545
2957
3208
4272
1263
2531
3788
4187
2015
2383
3915
4739
1694
2459
3880
4720
1977
2529
4053
4318
1557
2219
3504
4460
1720
3022
3782
4134
1155
2467
3398
5027
1700
2918
3891
4858
1248
2248
4077
4132
1349
2700
3727
5056
1334
3022
3398
4318
1694
3071
4006
4739
1252
2248
4006
5118
1814
3042
3467
4440
1110
2132
3976
4627
1996
2661
3413
4923
1104
2457
3777
4625
1104
3071
3909
4833
1104
2380
4008
4170
1334
2619
3398
4830
1694
2459
3880
4170
1899
3022
4039
4972
1899
2248
3307
4296
1899
2529
3868
4560
1597
2264
4077
5058
1584
2874
3854
4096
1683
2274
3928
4414
1604
2283
3297
4620
1597
3028
3280
4508
1828
2283
3188
4817
