306
668
482
618
528
519
307
864
331
566
891
659
853
390
864
769
867
483
411
670
1018
576
576
681
681
544
864
769
9
758
844
36
499
559
961
97
584
584
499
41
262
448
763
763
109
307
864
905
324
891
618
853
853
589
544
769
9
216
664
551
834
566
844
844
519
390
864
769
216
411
411
1018
1018
576
576
681
681
762
762
762
844
844
844
519
670
864
989
749
116
116
116
390
864
931
116
116
116
748
748
17
419
844
844
307
864
769
9
758
580
95
413
147
961
97
763
835
543
224
844
844
528
483
411
1018
1018
576
538
681
681
762
589
544
769
9
647
664
119
551
331
419
844
232
483
544
769
769
835
580
36
307
864
769
566
758
835
160
543
224
844
844
844
109
499
559
961
97
763
763
232
589
390
22
9
528
411
676
1018
576
576
538
681
247
390
864
769
80
216
580
307
670
922
749
116
116
116
521
853
842
257
842
36
307
413
961
448
97
835
835
762
848
762
844
528
528
664
926
551
105
431
844
902
69
864
769
9
216
411
411
1018
576
576
538
681
681
762
390
864
769
216
216
315
925
961
97
660
584
499
94
262
448
763
763
36
119
670
251
105
566
216
519
390
769
769
844
580
519
670
864
251
618
758
835
462
543
494
888
844
844
988
1018
1018
576
576
681
681
457
864
769
9
844
580
988
670
922
989
749
116
116
116
618
116
116
116
116
988
670
331
324
566
457
544
22
711
544
22
6
216
95
413
559
961
97
763
483
544
22
867
69
544
867
676
1018
576
576
681
681
95
598
704
448
719
763
402
307
864
251
566
848
844
36
589
390
769
867
19
598
704
46
97
763
763
483
544
22
867
465
219
711
670
864
331
566
513
167
853
853
494
844
618
844
411
1018
1018
576
576
681
681
762
762
762
372
844
844
307
670
922
989
749
116
116
116
776
116
116
116
842
109
499
559
62
728
702
889
889
616
29
638
527
121
69
199
725
935
174
725
449
587
390
199
532
647
391
411
670
1018
576
576
538
681
38
390
544
725
647
647
95
598
262
147
960
896
647
502
912
502
848
502
391
391
499
41
147
97
829
896
391
711
390
199
725
502
391
664
551
444
465
502
502
391
69
810
174
9
391
411
411
265
1018
576
538
681
647
502
611
502
502
502
391
307
231
1561
2907
3101
4755
1561
2457
3072
4487
1561
2411
3661
4562
1561
2343
4006
4810
1628
2412
3398
4983
1561
2748
4072
4281
1561
2411
3965
4926
1155
2862
3997
4562
1561
2638
4036
4875
1374
2077
3986
4891
1425
3071
3746
5001
1755
2884
3307
4927
1755
2905
3887
4235
1755
2694
4072
4727
1397
2128
3982
4950
1959
2457
3891
4170
1127
2649
3736
4817
1561
2907
4077
4817
1561
2976
3984
5012
1561
2411
3965
5058
1374
2915
3986
4894
1425
3007
4092
4734
1755
2944
3237
4625
1523
3009
3942
4384
1701
2777
3843
4508
1457
2162
3764
4858
1959
3022
4072
4771
1878
2545
4077
4736
1686
2589
3404
4616
1165
2854
3197
4140
1321
2237
3339
4275
1488
2059
3854
5001
1713
2493
3878
4119
1906
2457
3410
4950
2003
2529
3410
4770
1755
2225
3613
4734
1397
2925
3890
4211
1457
2418
3341
5118
1834
2520
3608
4937
1359
3021
3385
4127
1523
2529
3526
4618
1561
3022
4054
4817
1700
2628
4077
5097
1300
3022
4004
5108
1911
2350
3802
5079
1300
2091
3984
4782
1561
2649
4087
4876
1300
2091
3542
4460
1087
2908
3398
4889
1251
2257
3558
4741
1045
2315
3842
4402
1541
2369
3581
4468
1164
2940
3232
5050
1404
2746
3506
4307
1641
3071
3600
4171
1924
2885
3839
4771
1404
3071
3504
5114
1324
3066
3965
4950
1230
2967
3664
4579
1107
2116
4031
4833
1873
2879
3301
4860
1181
2516
3146
4983
1653
3066
3965
4484
1300
2350
3360
4351
1803
2097
3413
4201
1049
3050
3268
4962
1803
2248
3782
4726
1777
2939
3987
4926
1374
2514
3608
4970
1425
2463
3510
4493
1535
2657
3672
4335
1755
2985
3885
4457
1397
2091
3154
4508
1755
2694
3154
4539
1561
2788
4054
4296
1959
2905
3924
4335
1959
2990
3965
5012
1561
2877
4006
4296
1561
2976
3893
5015
1561
2452
3530
4771
1087
2257
3739
5069
1724
3021
3558
4803
1651
2412
3410
4422
1523
2939
3987
4332
1959
2700
3504
4184
1959
2162
3966
4414
1959
2990
3940
5059
1777
2333
4088
4971
1700
2206
3340
4919
1327
2829
3447
4535
1755
2956
4005
4726
1397
2344
3987
4462
1700
3071
3504
4771
1561
2162
3942
4615
1561
2925
3231
4875
1561
2990
3804
4414
1097
2700
3901
5012
1561
2925
3296
4893
1724
3021
3410
4496
1359
2788
3410
4657
1959
2344
3987
4414
1959
2877
4077
4127
1457
2330
3904
4150
1097
2162
3690
4320
1300
2877
3839
4829
1064
2073
3830
4127
1561
2990
3715
4951
1374
2201
3608
4149
1693
3040
3458
4581
1687
3021
3105
4103
1792
3021
3743
4800
1732
2209
3410
4965
2003
2915
3314
4954
1755
2249
3673
4876
1755
3007
3231
4184
1755
2649
3673
4480
1959
2694
3413
4926
1959
2907
3585
4889
1959
2452
3719
4858
1300
2813
3598
4170
1300
2225
4087
4184
1561
2985
3935
5112
1561
3041
3951
4495
1561
2735
3464
4899
1561
2748
3987
4308
1903
2592
3777
4539
1374
2257
3399
4827
1068
3021
3225
4882
1535
2877
3372
4235
1218
2257
3458
5112
1755
2905
3705
4782
1327
2276
3405
4636
1261
2628
4052
4320
1261
2693
3376
4235
1261
2649
4077
4235
1755
2857
3966
4726
1755
2850
3924
4726
1671
2529
3443
4235
1412
3065
3915
4766
1755
3050
3690
4931
1392
2905
3096
4985
1755
2720
3951
4514
1755
2314
3231
4145
1261
2925
3231
4539
1755
2717
3165
4917
1397
2248
3747
4497
1457
2905
3890
5041
1755
2209
3478
4684
1755
2694
3777
4171
1659
2802
3542
4589
1959
2567
3928
4861
1843
2976
3890
4414
1701
2531
3542
4539
1911
2748
3890
5114
1561
2411
3778
4889
1374
2529
3986
4235
1425
2884
3143
5051
1651
2529
3269
4922
1523
2976
4052
4161
1755
3041
3839
4654
1690
2748
3300
5112
1959
2452
4053
4324
2035
2920
4079
4459
1515
2971
3437
4875
1690
2700
4072
5118
1671
2543
3378
4509
1235
2383
4068
5023
1101
2088
3647
5028
1677
2746
3304
4508
1700
2989
3970
4508
1410
3069
3504
4640
1911
2789
3585
4970
1959
2985
3890
4145
1959
2412
3901
5059
1659
2478
3504
4926
1300
2748
3904
4539
1300
2700
3268
5059
1700
2877
3504
4539
1300
2748
3942
4242
1561
2748
3504
5058
1700
3041
3292
4460
1324
2889
3802
4771
1324
2232
3719
4860
1425
2500
3558
4547
1561
3042
3919
4950
1495
2257
3297
4465
1693
2210
3752
4299
1241
2457
3796
4848
1713
3021
3596
4795
1392
2344
3289
4235
2003
2418
3965
4567
1755
2877
3822
4276
1755
2649
3901
4985
1127
2694
3690
4782
1561
2990
3952
4934
1959
2452
3904
4924
1671
2589
3986
5004
1878
2697
3166
4890
1523
2462
3942
5094
1557
3041
3570
4494
2046
2529
3903
4134
1959
2462
3504
4157
2035
2920
3987
4539
1349
2412
3237
4313
1097
2209
4088
4145
1300
2813
3674
4876
1327
3037
3447
5068
1755
2989
3987
4747
1659
3071
3690
4145
1561
2925
4036
4962
1911
2813
4077
5079
1561
2748
3940
5037
1049
2452
3552
4484
1561
2789
3673
4931
1374
2075
3961
4247
1425
2969
3269
4495
1755
2976
4091
5034
1959
2162
3942
4414
1690
2649
4077
4889
1959
2608
3764
4460
1959
2700
3782
4334
1903
2939
4088
4335
1903
3022
3674
4889
1959
2985
3904
4539
1671
2962
3986
4276
1878
2201
3094
4584
1161
3032
3410
4945
1523
2788
3509
4422
1523
2813
3933
5118
1700
2972
3517
4899
1659
2452
4077
4950
1349
2150
3270
4858
1349
2985
3824
4926
2035
2649
3530
4335
1959
2344
4008
4962
1700
2694
3504
4853
1561
2411
3782
4905
1777
2344
3997
5058
1561
2411
4094
4733
1300
2717
4009
4221
1777
2248
3719
4889
1561
2717
3698
4127
1252
2248
3284
4539
1345
2946
3284
4539
1251
2380
3197
5051
1069
2783
3819
5072
1146
2297
3201
4826
1860
2763
3473
5008
1659
3066
3854
4484
1700
3066
3736
4991
1561
2412
3940
4414
1959
2813
3778
4977
1561
2788
4077
4817
1959
2452
3504
4334
1561
2162
4077
4905
1068
2962
3197
4779
1396
2561
3672
4235
1557
2789
3413
4414
1690
2612
4052
4539
1959
2877
3869
4830
1959
2813
3933
4244
1780
2829
3647
5118
1226
3021
3746
4733
1701
2097
3467
4733
1708
3029
3796
4675
1693
2715
3780
4643
1290
2493
4007
4514
1792
2940
3752
4198
1755
2344
3613
4486
2003
2697
3508
5058
1755
2699
3259
4648
1397
2877
3747
4950
1561
2877
3300
4862
1087
2625
3558
4636
1856
2493
3760
4868
1651
2563
4056
4235
2038
2257
3904
4240
2038
2406
3782
4999
1959
2119
3530
4733
1959
2411
3504
5094
1394
2419
3782
4720
1300
2612
4077
5059
1700
2452
3504
4119
1834
2589
3608
4235
1878
2344
3739
4317
1327
2881
4049
5041
1755
2418
3088
4239
1218
2787
3410
4157
1261
2424
3777
4340
1261
2642
3662
4539
1127
2700
4053
4455
1261
2700
3738
4414
1261
3007
3303
4235
1755
2649
3997
4508
1397
2985
3777
4633
1755
2813
3500
4510
1755
2717
3940
5047
1397
2976
3165
4519
1755
2813
4008
4171
1397
2289
3165
4484
1397
2289
3839
4508
1843
2813
3987
5012
1651
2908
3704
4171
1724
3015
3159
5032
1107
2476
4031
4690
1873
2484
3608
4248
1107
2940
3806
4477
1815
2940
3942
4983
1815
2255
4077
4967
1561
3008
3843
4447
1561
2350
3237
4335
1561
3022
3764
4862
1300
2925
4077
4835
1561
2350
3987
4747
1561
2350
3498
4747
1690
2612
3976
5110
1911
3055
4087
4820
1561
2979
4088
4615
1911
2564
3914
4351
1696
2206
3795
4130
1924
2855
3413
4601
1298
2946
3966
4962
1807
2694
3719
4221
1520
2208
3986
4636
1327
2971
3944
4983
1397
2412
3259
4539
1561
2564
3782
5114
1561
2907
3368
4889
1561
2649
4054
4747
1049
2628
3804
4858
1561
2788
3673
5112
1049
2314
3673
4835
1496
2907
3987
4296
1724
3021
3558
4629
1626
2563
4077
4330
1959
2289
4077
4955
1690
2700
3335
4500
1959
2972
3869
4771
1300
2419
4077
4705
1457
3041
3888
4926
1425
2909
4012
4178
1671
2957
3973
4126
1066
2705
3149
4937
1171
2150
3878
5028
1238
2424
3386
4987
1800
2284
3410
4508
1557
2340
3596
4810
1931
2284
3410
4691
1397
2833
3195
4817
1659
2939
3623
4161
1397
3050
3237
4335
1843
2877
3327
4414
1911
2788
4077
4615
1671
2962
3529
4368
1365
2696
3297
4904
1523
2257
3417
5079
1959
3050
3891
5058
1300
2700
3335
4456
1959
2411
3778
4335
1349
2813
3530
4771
1300
2877
3782
4539
1724
2516
3104
4429
1055
2315
3378
5013
1125
2885
3232
4364
1112
2746
3440
5028
1460
2439
3410
4939
1103
3071
3893
4170
1284
2638
3473
5012
1188
3071
3284
4601
1652
2105
3965
4905
1230
2967
4068
4127
1107
2116
4063
4513
1185
2801
3399
4825
1334
2864
3236
4871
1181
3071
3824
4414
1300
2763
3795
5114
1300
2746
3915
4601
1803
2976
3268
4508
1911
2097
3498
4889
1561
2985
3698
4962
1911
2748
3965
4539
1671
3021
4085
4758
1878
2201
3083
4949
1651
2905
3340
4942
1959
2277
4077
4200
1300
2877
4077
4145
1959
2649
3933
5114
1803
2883
3904
4875
1959
2813
4008
4335
1300
2649
4087
4985
1671
2915
3197
5068
1878
2696
3485
4557
1523
2905
3933
5115
1690
2964
3935
4934
1523
2162
4087
5089
1959
2649
3940
4882
1801
2552
3904
4751
1911
2452
3413
5012
1300
2277
3804
4539
1374
2257
3817
4401
1425
2842
3510
4716
1651
2149
3819
4656
1755
2877
4094
4714
1755
2694
3198
4875
2038
2544
4077
4831
1959
2091
3909
4335
1959
2649
4077
5079
1300
2990
3903
5050
1349
2452
3929
4436
1959
2813
3259
4618
1911
3022
4072
4539
1959
2452
3719
4539
1561
2694
3725
4221
1561
2748
3901
4817
1561
2452
3725
4431
1911
2748
3398
5058
1049
2976
4088
4817
1959
2748
4072
5049
1561
2452
3942
4934
1440
2962
3197
4880
1729
2059
3780
4572
1742
3021
4063
4885
1597
2457
3854
4457
2003
2418
4077
5008
1931
2418
3486
4987
1755
2694
3747
4895
1959
2905
4004
4408
1397
2877
3944
4296
1087
3050
3598
4494
1425
2696
3435
4997
1523
2918
4052
4739
1959
2276
3504
4924
1097
3022
3929
4759
1959
2694
3504
4314
1349
2472
3398
4145
1903
2452
4053
5110
1903
2877
3398
4835
1561
2925
3690
5029
1834
2493
3662
4366
1878
2850
3684
4904
1535
2795
3885
5003
1218
2849
3231
4510
1261
2418
3165
4414
1077
2314
3698
4852
1218
2129
3473
4900
1261
2905
3778
4320
1755
2150
3839
4539
1261
2700
3231
4235
1755
2700
3498
5059
1127
2248
3165
4494
1218
3022
4053
4633
1127
2700
3885
4747
1755
2700
3778
4171
1397
2649
3893
4771
1755
2255
3674
4539
1755
2700
3195
4905
1755
2694
3822
4726
1374
2940
3608
4369
1230
2130
3232
4938
1755
2564
3268
4357
1755
2750
3982
4747
1561
2905
3585
4927
1561
2700
3498
4414
1049
2788
4088
4962
1959
2162
3890
4771
1856
2493
3197
4235
1959
2874
3305
4817
1959
3050
4054
4624
1561
2990
3270
4955
1959
2162
3928
4926
1068
3021
3378
4618
1755
2162
3284
4335
1959
2990
3623
4184
1561
2748
3810
4747
1561
3042
3942
4747
1300
3007
4077
5015
1300
2907
4077
4770
1954
2073
3083
4639
1038
2144
3599
4117
1842
2879
3780
4615
1234
2516
3267
4171
1397
2126
4006
4983
1653
2885
3966
4494
1419
2905
3965
4860
1561
2350
3914
5052
1049
2314
3965
5118
1834
2231
3197
4951
1878
3059
3830
4180
1755
2735
3824
4357
1561
2976
3928
4950
1300
2628
3839
4782
1374
2257
4056
4827
1878
2839
3398
5095
1523
2564
3327
4665
1959
2162
3965
4414
1365
2545
3888
4127
1495
2257
3729
4259
1693
2747
4073
4230
1290
2424
3787
4486
2009
2249
3246
4899
1931
2905
3982
4859
1755
2275
3915
4771
1822
2452
3410
4170
1561
2277
3300
4858
1959
2225
4087
4806
1959
2771
3965
4829
1466
2383
3746
4509
1045
2315
3806
4565
1146
2297
3746
4180
1641
2763
3723
4861
1181
3069
3893
5089
1181
2957
3915
4771
1803
2889
4077
5052
1803
2350
3413
5115
1803
2813
3725
4510
1834
2493
3608
4959
1878
2276
3252
4127
1755
2478
3111
4782
1755
2694
4006
4317
1561
2985
3698
4875
1959
2162
4077
4335
1300
2452
4077
5115
1300
2976
3904
4281
1561
2411
4087
4351
1300
2833
3598
4801
1561
2649
3750
4747
1834
2077
3608
4867
1975
2061
3751
4459
1523
2162
3802
4987
1755
3041
3088
4170
1959
3022
4079
4899
2035
3022
4077
4560
1959
2628
3782
4684
1306
2105
3664
4154
1314
2960
3440
4172
1154
2210
3872
5001
1641
2493
3723
4871
1659
2147
3506
4494
1397
2445
3914
4484
1127
2638
3186
4747
1561
2907
4077
4905
1561
2788
3750
4955
1561
2411
4042
5114
1834
2493
3746
5028
1485
2976
3410
4972
1959
3028
4077
4456
1959
2833
3901
4414
1561
2877
4077
4296
1924
3071
3504
5057
1801
2105
3613
5114
1300
2097
3719
4508
1561
2877
3704
4335
1374
2940
4076
5076
1425
3058
3342
5090
1218
3041
3952
4771
1755
2694
3307
4357
1755
2694
3530
4926
1959
2905
3928
4519
1300
2564
4077
5118
1690
2850
4008
4414
1561
2162
4077
4747
1561
2411
3966
4145
1659
2350
4077
5058
1653
2248
3965
4539
1561
2097
3783
4539
1561
2788
3901
5012
1300
2225
3613
4962
1561
2162
3914
4858
1561
2162
3108
4771
1300
2939
3891
4335
1419
2248
3893
4414
1856
2257
3695
4794
2013
2804
3230
4586
1662
2457
3854
4153
1792
2150
3410
4120
1906
2418
3096
4800
1800
2940
3410
4160
1557
2540
3231
4889
1755
2581
3915
4624
1397
2289
3904
4919
1755
2452
3673
5058
1959
2452
3783
4414
1561
2976
3965
4962
1903
2877
3965
4934
1911
3028
3839
4962
1911
2907
4052
4950
1561
2961
3802
4985
1300
2452
3891
4853
1300
2276
3904
4539
1911
2649
3839
5050
1686
2908
3598
4422
1856
2493
3334
5111
1359
3021
3229
5034
1218
3021
3880
4896
1327
2946
3804
4357
1218
2700
3410
4875
1218
2700
3705
4180
1755
2889
3081
4924
1397
2946
3950
4539
1755
2248
3940
4776
1755
2789
3300
5097
1755
2162
3705
5047
1755
2829
3690
4615
1755
2700
3082
5096
1755
2694
3777
4539
1127
2340
3698
4338
1397
2529
3944
4320
1261
2257
4036
5097
1397
2248
3284
4927
1397
2820
3165
5069
1419
2248
4077
4905
1332
2854
3137
4923
1084
2116
3096
4838
1154
2940
3878
4219
1037
2940
3146
4965
1521
2940
3961
5093
1521
2404
3961
5008
1077
2052
3195
4532
1127
2261
3613
4478
1755
2956
3736
4965
1755
2261
3613
4877
1755
3058
3523
4335
1397
3050
3537
4459
1397
3050
3931
5093
1397
2869
3537
4697
1397
2881
3195
4536
1397
2567
3523
4335
1397
2529
3523
4335
1822
2824
3890
4494
1671
2693
3316
4509
1425
2507
3226
4610
1975
2821
3475
4844
1830
2128
3224
4636
1686
2769
3197
4877
1425
2332
3844
4276
1975
2150
3819
4629
1081
2741
3413
4193
1830
2257
3836
4616
1452
2978
3868
4692
1452
2813
3620
4281
1867
2133
3523
4936
1226
2962
3670
5033
1975
3010
3884
4976
1975
2756
3734
4385
1626
2703
3366
4145
1396
3000
3845
4637
1703
2434
3098
4494
1690
2467
3950
4494
1519
2905
3684
4150
1425
2193
3695
4273
1878
2761
3862
4942
1726
3046
3418
4404
1370
2940
4073
4746
1133
2328
3796
4486
1557
2249
3780
4108
1830
2468
3464
4841
2003
2813
3410
4335
1755
2225
4008
4494
1931
2257
3542
4357
1397
3050
3778
4335
1686
3041
3115
5082
1425
2908
3670
4892
1425
2862
3840
4997
1812
2089
3398
4223
1396
2764
3107
4895
1396
2572
4052
4150
1828
3000
3848
4098
1216
2240
4022
4194
1216
2467
3710
4374
1997
2107
3104
4116
1026
2105
3094
4122
1113
2257
3369
4533
1683
2855
3413
4561
1468
2957
3935
4183
1764
2148
3413
4629
1216
2671
3104
4654
1216
2907
3623
4339
1216
2777
3900
4985
1523
2942
4072
4950
1690
2791
3335
4927
1216
3012
3782
4508
1867
3041
3737
4170
1807
2944
3928
5052
1690
2877
4079
4714
2035
2990
3935
4456
1925
2976
3921
4460
2025
2344
3437
4170
1519
2813
3959
4654
1690
2889
3727
5112
1671
2107
3464
4796
1847
2957
3608
4418
1190
2105
3517
4572
1301
2206
3631
4192
1391
2913
3753
4119
1813
2252
3504
4145
1216
2788
3547
4961
1764
3050
3987
4193
1097
2115
3900
5079
1216
2813
3111
4646
2032
2531
3335
5089
1651
2977
3614
4650
1068
2539
3879
4721
1425
2185
3959
4560
1975
2513
3327
4370
2045
2378
3740
4895
1669
2957
3690
5112
2045
2079
4008
4411
1216
2944
3107
5042
1703
2462
3148
4314
1925
2567
3270
5094
1327
2183
3304
4593
1867
2579
4052
4714
1896
3055
3613
4593
1759
2746
3890
4889
1287
2434
3747
4332
1690
2307
3942
5068
1925
2738
4093
4508
2035
2307
3839
4246
1690
3012
4008
4938
1374
2989
3986
4400
2013
2940
3427
4965
1425
2792
3671
4802
1412
2999
3154
4256
1083
2510
3672
4382
1396
2868
3462
4335
1097
2733
3107
4873
1109
2438
3133
5003
1068
3021
3475
4338
1270
2201
3854
4629
1686
2463
3458
4106
1131
2283
3538
5051
1053
2488
3608
4923
1273
2522
3212
5028
1691
2150
3662
4755
1691
3034
3281
4429
1485
2721
3982
4414
1755
2321
3313
4770
1925
2905
3284
4696
2045
2506
3599
4835
1925
2955
3747
4480
1519
2868
3398
4907
1523
3012
3727
4308
1519
2802
4079
4127
1867
3009
3935
4500
1519
2111
3237
5110
1867
2307
4072
4308
1523
2721
3674
4220
1686
2625
3439
4723
2013
2457
3867
4850
1975
2210
4064
4385
1412
2349
3413
4494
