186
536
980
117
139
464
139
268
235
782
482
48
48
754
753
963
778
608
171
270
171
891
647
487
370
528
153
31
461
153
461
461
180
178
602
489
526
536
99
431
589
326
601
292
526
292
764
292
764
292
342
292
791
431
830
987
151
178
429
489
185
85
330
149
980
986
461
986
853
986
326
432
234
234
464
215
8
193
1023
447
754
342
754
681
681
859
438
204
907
807
978
659
978
807
978
791
532
830
482
178
728
753
608
596
253
171
487
370
528
153
153
807
441
919
357
551
536
447
738
99
991
738
666
601
601
39
681
336
31
326
877
877
877
877
273
978
659
978
807
978
255
410
692
593
987
429
923
400
964
20
964
8
89
461
877
136
670
3
326
357
447
425
163
17
492
607
980
370
807
153
681
681
562
571
608
447
986
432
234
273
774
985
219
985
215
677
441
809
1023
849
1023
387
17
442
253
171
439
224
439
207
439
497
326
439
439
526
439
439
388
273
531
439
342
467
45
83
497
83
977
501
282
439
764
646
99
646
342
149
642
953
257
593
151
473
429
439
693
439
826
439
393
439
826
646
45
142
156
326
158
439
387
439
995
991
393
439
342
439
342
439
669
938
809
137
158
958
149
531
512
439
424
467
439
830
283
987
809
805
753
439
387
439
330
439
44
439
273
439
668
149
977
516
526
439
539
137
764
439
539
516
330
951
642
919
987
204
516
526
439
764
439
99
439
222
439
439
242
511
692
593
439
429
439
530
374
442
374
44
419
44
374
348
668
919
870
762
790
249
18
991
273
273
116
11
586
653
348
550
892
157
602
726
273
360
12
130
12
821
807
70
532
468
692
809
753
903
596
1019
513
296
921
584
783
573
681
573
865
511
865
116
576
296
623
96
273
96
512
713
957
573
681
164
326
96
623
573
323
18
12
296
957
821
255
580
532
468
593
37
429
814
400
917
957
296
957
296
957
296
255
958
681
809
159
753
808
513
513
1019
995
573
811
713
658
573
681
865
602
326
575
398
121
492
130
183
81
821
512
532
410
594
257
720
435
923
202
917
530
138
6
1019
658
706
249
795
681
892
204
465
626
18
183
512
152
96
152
821
821
428
468
593
197
736
621
626
1019
511
480
152
343
152
821
953
953
257
353
93
499
202
6
839
1412
3047
3194
4713
1824
2473
3578
4954
1083
2962
4042
4507
1083
2196
3680
5010
1931
2459
3686
4370
1535
2102
3281
4610
1392
2962
3148
4900
1651
2589
3555
4429
1867
2958
3449
4451
1635
2861
3918
4660
1812
2693
3707
4750
1526
2290
3316
4906
1947
2333
3237
4826
1703
2572
3681
4998
2028
2603
3680
4517
2044
2962
3202
4930
1674
2635
3854
4440
1555
2789
4029
4361
1255
2333
3374
4159
1176
2993
3608
4289
1584
2640
3468
4503
1525
2764
3282
4137
1409
2971
3348
4670
1915
2132
3143
4366
1838
2884
3984
4113
1246
2946
3450
4180
1915
2529
3450
4957
1412
2793
3275
4404
1083
2977
3587
4618
1412
2811
3609
5030
1257
2498
4055
5063
1257
2930
3536
4175
1257
2762
3587
4618
1617
2770
3536
4498
1083
2883
3774
4616
1854
2770
3400
5011
1246
2770
3427
5030
2006
2870
3482
4284
1886
2510
3907
4795
1996
2153
3210
5077
1703
2978
3985
4721
1216
2424
3631
4903
1812
2321
3988
4751
1396
2096
3201
4766
1838
2640
3724
4972
1828
2921
4085
4846
1925
2946
3097
5041
2045
2865
3556
4299
1109
2090
3608
4972
1409
2121
3090
4991
1257
2127
3870
4190
1637
2473
3366
4568
1878
2171
4048
4895
1832
2946
3229
4441
2004
2741
3127
5107
1191
2127
3762
4507
1270
2491
3547
4414
1455
2935
4021
5061
1975
2691
3539
4628
2045
2127
3192
4133
1753
2423
3996
4798
1830
3012
3615
4194
1674
2618
4030
4980
1455
2981
3996
4584
1910
2764
3996
4284
1844
2165
3851
4532
1830
2695
3127
4436
1083
2861
3652
4229
1747
2946
3964
4697
1812
2861
4055
4133
1409
2861
3453
4809
1844
2741
3339
5007
1674
2626
3829
4532
1854
2861
3487
4465
1270
2491
3133
4786
1854
2384
3847
5023
1186
2491
3706
4697
1985
2198
3797
4529
1940
2535
3587
4801
1597
2491
3620
4494
1237
2337
3174
4673
1681
2910
3797
4190
1910
2249
3687
4317
1437
2249
3420
4698
1307
2118
3473
4728
1814
2337
3252
5024
2045
2568
3456
4584
1985
2081
3166
4402
1754
2574
3434
4584
1669
2516
3790
4573
1996
2723
3619
4526
2045
2082
3787
4605
1936
2765
3758
4262
1812
2561
3072
4229
1674
2506
3274
5027
1606
2438
3739
4710
1626
2337
3810
4893
1597
2727
3323
4965
1982
2346
3555
4449
1409
2453
3449
4151
1828
2249
3707
4340
1839
2276
3297
4443
1830
2868
3539
4285
1354
2861
3856
4855
1896
2861
3453
4446
1403
2270
3887
4363
1535
2645
3442
4670
1604
2916
3608
5074
1830
2703
3979
4245
1846
2340
3608
5090
1218
2851
3979
4980
1651
2089
3851
4494
1535
2990
3304
5107
1813
2394
3441
4276
1564
2850
3662
4980
1925
2971
3833
5013
1824
2307
3585
4362
1597
2572
4091
4878
1209
2877
3716
4097
1606
2588
4051
4138
1348
2920
3760
4335
1513
2491
3416
4175
1674
2374
3194
4943
1606
2473
3414
4592
1844
2398
4089
4618
1961
2750
3834
4980
1739
2972
3996
4989
1661
2653
3506
4573
2047
2516
3454
4226
1565
2607
3237
5009
1637
2945
3208
4573
1391
2081
4055
4859
1664
2911
3715
4856
1136
2115
3702
5050
1391
2190
3699
4494
1341
2703
3500
4385
1610
3007
3555
4307
1409
3008
3449
5006
1993
2820
3772
4853
1583
2820
3690
4830
1664
2914
3760
4712
1635
2881
3141
4620
1838
2531
3907
4462
2010
2255
3555
4960
2010
3028
3994
5006
1352
2347
3974
4409
1191
2355
3883
4224
1878
2215
4021
4942
1385
2600
3979
4814
1424
2641
4011
4284
1098
3005
3096
4757
1366
2590
3986
4816
1782
2371
3864
4788
1326
2491
3269
4230
1828
2884
3930
4243
1782
2794
3913
4364
1868
2302
3624
4189
1409
2127
3161
4993
1250
2061
3441
4243
1412
2861
3482
4789
1838
2870
3288
4253
1996
3061
3311
4208
1587
2607
3229
4255
1746
2198
3188
4307
1746
2423
3393
4727
1831
2330
3859
4681
1798
2464
3383
4616
2006
2525
3623
4972
1565
2123
3143
4997
1436
2513
3854
4190
1674
2756
4085
4426
1812
2684
3709
4772
1681
2599
3557
4878
1178
2579
3996
4943
2024
2380
3441
4240
1674
2936
3840
4451
1814
2552
3539
4400
1081
2399
3174
4656
1824
2913
3575
4681
1812
2119
3331
4286
1270
2421
3671
4532
1936
3005
3743
4097
1612
2380
3536
4320
1083
2120
3899
4374
1814
2460
3539
4888
1936
2198
3739
4933
1828
2270
3491
4839
1940
2154
3621
5078
1597
2270
3393
4385
1564
2270
3764
4407
1409
2861
4055
4263
1747
2913
3372
4346
2045
2393
3638
4256
2045
2498
3682
4322
1590
2657
3810
4143
1669
2371
3536
4526
1669
2478
3928
4738
1409
2793
3536
4720
2010
2467
3859
4241
1396
2525
3702
4608
1828
2947
3235
4783
1403
3065
3610
4269
1597
2604
3870
4113
1263
2767
3447
4918
1993
2462
3868
4551
1746
2154
3223
4639
1409
2525
3685
4972
1993
2735
3521
4194
1610
2161
3538
4731
1703
2054
3743
5077
1788
2470
3747
5027
1669
2619
3293
4704
1436
2224
3485
4957
1263
2333
3206
4638
1695
2250
3979
4810
1681
2978
3837
4406
1424
2589
3743
4755
1828
3035
3579
4795
1915
2801
3686
4784
1830
2176
3148
4797
1610
2424
3699
4584
1436
2905
3896
4477
1237
2905
4004
4553
1250
2875
3979
4375
2001
2905
3383
4888
1996
3065
3872
4725
1940
2510
3737
4573
1354
2346
3598
4256
1867
2956
3257
4802
1057
2565
3686
4943
1237
2811
3323
4800
1982
2360
3686
4907
1403
2760
3415
4643
1949
2347
4077
4285
1263
2190
3672
5050
1403
2793
3166
4414
1564
2701
3997
4939
1250
2283
3932
4414
1718
2684
3478
4212
1718
2938
3583
4258
1528
2733
3425
4189
1312
2434
4082
4808
1996
2320
3549
4808
1617
2701
3233
5109
1779
2279
3788
4791
1186
2296
3517
4776
1270
2278
3930
4371
1191
2137
3790
4511
1719
2940
4074
5054
1747
2073
3718
4675
1270
2684
3577
4730
1955
2608
3119
4987
1977
2096
3955
4551
1896
3055
3304
4414
1635
2300
3377
4488
1669
2964
3880
4916
1263
2063
3104
4317
1291
2165
3707
4800
1604
2949
3730
4706
1513
2165
3533
4197
1938
2940
3180
4314
1938
2275
3872
4584
1936
2626
3669
4385
1940
2196
3323
4906
1270
2671
3494
4852
1354
2693
3449
5041
1218
2996
3707
4993
1218
2208
3449
5014
1769
3021
3555
4349
1327
2052
3148
4330
1161
2421
3339
4624
1218
2821
3602
4414
2038
2800
3979
4120
1958
3008
3148
4937
1755
2330
3613
4660
1218
2887
3555
4990
1218
2604
3410
4705
1789
2682
3458
4562
1695
2208
3745
4841
1105
2629
3878
4424
1509
2424
4013
4720
1533
2284
3581
4098
1176
2423
3470
4859
1402
2716
3470
4561
1814
2932
3266
4826
1176
2770
3898
4987
1718
2121
3303
4423
1868
2660
3311
4189
2045
2383
3576
4634
1455
2635
3180
4411
1868
2703
3669
4563
2024
2728
3349
4809
1455
2641
3984
4848
1412
2512
3642
4826
1584
2899
3556
4140
1346
2971
3984
4255
1147
2134
3669
4985
1455
2883
3169
4147
1424
2309
3429
4266
1753
2306
3237
4826
1455
2626
3687
4324
1147
2075
4032
4957
1147
2565
3517
4702
1147
3011
3250
4544
1147
3062
3110
4198
1838
2603
3790
5100
1412
2774
3485
4922
1455
2571
3073
4364
1814
2423
3517
4657
1455
2121
3536
4925
1854
2501
3502
4106
1270
2914
3275
4352
1985
2127
3856
5100
1254
2968
3456
4741
1838
2814
3250
4468
1915
2088
3549
4942
1412
2986
3078
4269
1246
2660
3372
4754
1270
2814
3250
4266
1812
2986
4051
4161
1424
2274
3892
5043
1814
2503
3607
5100
1606
2380
3984
4978
1683
2161
3516
4545
1385
2257
3177
4721
1437
2129
3177
4343
1814
2937
3984
4638
1455
2089
3291
4554
1779
2712
3291
4618
1814
2312
4021
4731
1455
2127
3243
5067
1412
2568
3441
4505
1424
2540
3875
4430
1980
2127
3847
5072
1597
2383
3334
4739
1824
2643
3984
4149
1812
2320
3169
4179
1597
2623
3984
4233
1814
2089
3984
4616
1812
2312
3088
5054
1424
2697
3169
4332
1950
2828
3224
4183
1753
2860
3291
4911
1597
2489
3984
4451
1814
2922
3338
4213
1385
2424
3264
4661
1683
3058
3903
4637
1838
2821
3878
5100
1539
2121
3439
4192
1396
2925
3441
4167
1814
2115
3133
5030
1156
2364
3502
4994
1250
2800
3996
4850
1838
2168
3275
4364
1535
2616
3250
4234
1237
2463
3078
4464
1211
2770
3872
4990
1535
2453
3615
4637
1597
2641
3502
5100
1211
2382
3959
4820
1838
2821
3996
4731
1739
2860
3742
4704
1814
2793
3930
4800
1812
2890
3984
4935
1610
2804
3275
4581
1250
2127
3250
4232
1838
2693
4016
4187
1270
2542
3180
4891
1985
2535
3760
4922
1838
2623
3985
4609
1268
2257
3832
4516
1915
2424
4047
4352
1860
2529
3984
4921
1191
2770
3383
4383
1915
2127
3191
4147
1838
2127
3647
4816
1452
2883
3559
4942
1246
2531
3210
4183
1452
2538
3210
4364
1838
2198
3237
4864
1813
2884
3456
4648
1237
2503
3929
4820
1838
2453
3502
4358
1452
2528
3456
4377
1452
2986
3235
4942
1452
2169
3210
4364
1270
2770
3168
4780
1610
3005
3485
4755
1147
2770
3199
4289
1354
2257
3691
5046
1237
2603
3317
4852
1396
2671
3388
4403
1560
2242
3607
5056
1661
2693
3515
4407
1445
2516
3161
4614
1778
2801
3127
4246
1250
2360
3542
4183
1626
3045
3662
4704
1778
3033
3878
4100
1270
2349
3120
4503
1915
2846
3126
4411
1452
2646
3531
4542
1778
2770
3429
5020
1813
3029
3338
4121
1445
2249
3275
4748
1597
2392
3441
5100
1800
2770
3291
4159
1445
2249
3897
4900
1445
2457
3498
4833
1939
2671
3226
4748
1385
2785
3945
4941
1353
2846
3758
4937
1814
2585
3396
4542
1612
2585
4074
4738
1584
2117
3515
4788
1056
2756
4016
4383
1504
2260
3441
4322
1683
2753
3213
4704
1211
2172
3470
4704
1606
2563
3381
4455
1848
2353
3549
4639
1452
2850
3982
5056
1812
2788
3855
4800
1424
2563
3581
4215
1984
2594
4082
4945
1270
2242
3498
4234
1814
2869
3429
4430
1412
2309
3503
4932
1436
2563
3844
4957
1683
2608
3311
4616
1940
2899
3460
4234
1455
2814
3430
4763
1583
2890
3782
4748
1147
3066
3881
4096
1147
2383
3341
4703
1147
2404
3740
4665
1984
2306
3517
4360
2045
2946
3536
4096
1246
2198
3907
4846
1812
2814
3250
4196
1191
2603
3352
4648
1753
2242
3377
4396
1403
2451
3642
4161
1211
2568
3461
4748
1263
2529
3313
4508
1270
2986
3833
4243
1211
2089
3349
4897
1250
2603
3250
4854
1678
2423
3210
4220
1211
2603
3275
4599
1567
2603
3934
4488
1436
2529
3981
4727
1412
2123
3691
4106
1257
2930
3210
4939
1307
2529
3311
4846
1270
3065
3315
4320
1617
2354
4010
4147
1940
2884
3833
4326
1674
2814
3389
4621
1412
2176
4000
4793
1396
2788
3090
4364
1874
2529
4089
4415
1351
2731
3456
5026
1452
2529
4051
4861
1452
2061
3456
4137
1452
2089
3456
4822
1452
2404
3389
5005
1753
2638
3833
5042
1403
2827
3086
4414
1354
2971
3320
4208
1263
2121
3169
4348
1270
2756
3840
4681
1452
2971
3416
4671
1412
2127
3945
4381
1270
2101
3609
4414
1626
2720
3493
5064
1254
2182
3603
4216
1878
2245
3768
4662
1178
2619
3861
5099
1695
3020
3246
4431
1753
2337
3919
4551
1824
2619
3269
4845
1270
2115
3111
4234
1874
2861
3757
4615
1610
2861
3659
5108
1838
2510
3780
5007
1263
2510
3210
4320
1270
2756
3389
4131
1674
2922
4067
4320
1250
2282
3077
5072
1939
2090
3198
4429
1237
2279
3415
4326
1606
2619
3210
4884
1057
2127
3660
4816
1452
2314
3592
4776
1403
2607
3171
4517
1191
2371
3200
4789
1996
2730
3844
4157
1403
2547
3512
4246
1354
2877
3348
4997
1513
3028
3209
4906
2006
2531
3250
4494
1940
2525
3978
5094
1263
2340
3603
4453
1947
2986
3522
4816
1606
2701
3734
4918
1637
2933
3485
4469
2006
2777
3632
4918
1057
3024
3660
5108
1651
3008
3368
4156
1403
2603
3764
4494
1191
2616
3229
4925
1874
2603
3834
5010
1583
2421
3210
4482
1209
2603
3104
4681
1996
3055
3210
4653
1874
2423
3210
4149
1452
2875
3945
4942
2001
2619
3456
5003
1452
2503
3719
4553
1993
2552
3237
5030
1936
2644
3880
4644
1664
2709
3585
4730
1565
2083
3919
4285
1813
2910
3880
4436
1359
2349
3497
4880
1798
2585
3781
5011
2028
2671
3477
4285
1651
2800
3555
4889
1896
2393
3579
4654
1867
2347
3810
4845
1703
2905
4054
4510
2001
2314
3699
4256
1651
3000
3504
4470
1703
3000
3281
4553
1216
2700
3839
4985
1940
2682
3148
4443
1966
2347
3449
4244
1519
2284
3555
4150
1982
2568
3091
4443
1892
2628
3536
4828
1982
2764
3514
4942
1950
2091
3073
4727
1830
2890
3442
4249
1193
2915
3941
4558
1838
2953
3765
5111
1468
2579
3949
4409
2045
2869
3143
4831
1737
2949
3644
4124
1193
2746
3900
5039
1597
2109
3608
4289
1132
2767
3104
5020
1841
2462
3210
5066
1604
3008
3304
4497
1996
2986
3855
4439
1597
2756
3622
4097
1270
2423
3913
4421
1606
2717
3530
4766
1812
2368
4014
4292
1669
2277
3269
4816
1396
2492
3085
4475
1651
2091
3475
5037
1565
2346
3261
4933
1237
2262
3687
4946
2045
2891
3638
4935
1828
3024
3647
4990
1915
2091
3647
4558
1606
2727
3422
4320
1109
2438
3631
4503
1830
2631
4010
4618
1270
2371
3136
4728
2006
2096
3310
4728
1828
2403
3130
4422
1669
2619
3210
4119
1409
2603
3981
4893
1637
2292
3737
4893
1674
3070
3485
4656
2045
3071
3485
4239
1828
2993
3705
5094
1191
2161
3672
4720
1403
2252
3210
4399
1812
2603
3763
4906
1263
2123
3706
4727
1996
2971
3198
4439
1703
2292
3143
4487
1610
2209
3346
4161
1396
2292
3745
4678
1975
2262
3143
4601
1152
2260
3647
4788
1390
2996
3403
4426
2045
2972
3998
4608
1940
2536
3822
4248
1674
2148
4022
4980
1707
2971
4082
4147
1396
2796
3368
4147
1409
2928
3229
4717
2045
2276
3210
4157
1651
2506
4051
4865
1784
2276
3760
4754
2032
2314
3705
5094
1703
2756
3456
5071
1597
2276
3381
5030
1436
2677
3788
4358
1812
3041
3822
4739
1263
2547
4010
4421
1703
2165
3710
4721
1583
2887
3822
4757
1191
2741
3303
4831
1191
2912
3862
4728
1878
2769
3200
4901
1307
3001
3884
4716
1304
2514
3833
4673
1307
2415
3945
5117
2045
2568
3988
4503
1152
2467
3777
5000
2033
2939
3845
4673
1828
2198
3710
4301
1307
2177
3699
4788
1597
2176
4082
4494
1455
2547
3760
4125
1812
2101
3138
4788
1996
2536
3393
4859
2032
2905
3699
5050
1597
2628
3710
4171
1705
2547
3247
4445
1812
2238
3323
4598
1263
2340
3687
4098
2001
2996
4056
5107
1703
2944
3143
4253
1597
2057
3200
5110
1436
2972
4013
4627
1255
2117
3681
4248
1504
2589
3850
5048
1709
2276
3687
5039
1996
2857
3143
4990
1565
2340
3942
4248
1610
2861
3229
4694
1812
2603
3630
4218
1516
2114
3120
5010
1996
2971
3590
4331
1354
2460
3514
4496
1896
2571
3677
4864
1237
2346
3208
5062
1617
3024
3825
4306
1828
2136
3474
4096
1940
2292
3250
4147
1535
3063
3229
4900
1626
2756
3947
4727
2032
2249
3229
4681
1452
2457
3691
4399
1535
3059
3604
4681
1606
2625
3949
4508
1565
2687
3477
4942
1452
2249
3229
4562
1565
2857
3210
4455
1218
2123
3924
4508
1635
2330
3653
4470
1396
2421
3588
4358
1828
2276
4051
4103
2045
2880
3456
4605
1651
2942
3707
4358
1081
2278
3449
4826
1651
2333
3257
5119
1424
2815
3491
5097
1666
2330
3916
4350
1669
2971
3703
4503
1452
2354
3360
5028
1838
2222
3705
4884
1452
2945
3760
4530
1824
2933
3670
4119
1915
2401
3772
4612
1263
3038
3376
5095
1918
2850
3078
4402
1612
2899
4005
4474
1263
2283
3634
5097
1826
3021
3099
4908
1270
2644
3928
4921
1996
2905
3376
4839
1604
2582
3814
4898
1583
2156
3983
4120
1535
2604
3177
4739
1789
2380
3499
4386
1597
2756
3949
4234
1824
2890
3424
4914
1409
2529
3078
4264
1270
2238
3237
4234
1354
2075
3420
5072
1985
2498
3959
4728
1674
2753
3315
4763
1789
2257
3859
5011
1812
2529
3903
4961
1480
2121
3791
5097
1409
2861
4014
4728
1604
2257
3191
4300
1812
2789
3970
4508
1237
2926
3270
4567
1996
2510
4077
4897
1824
3071
3235
4973
1915
2424
3744
4620
1838
2457
3606
4631
1412
2069
3850
4155
1270
2671
3790
4561
1828
2088
3126
4774
1610
2821
3781
4137
1813
2421
3443
4961
1812
2320
4016
5097
1610
3008
4085
4739
1354
2091
3225
5097
1996
2324
3579
4485
1806
2644
3502
4488
1830
2720
3827
4822
1396
2936
3082
4774
1674
2925
3813
4800
1824
3059
3280
4126
1564
2619
3661
4508
1191
2398
3376
5011
1838
2535
3959
4597
1812
2875
3751
4119
1270
2607
3663
4948
1616
2829
3202
4967
1784
2677
3751
4525
1674
2897
3600
5099
1564
2883
3660
4138
1564
3051
4003
4918
1828
2443
3491
4994
1824
2467
3773
4800
1237
2627
3813
4999
1635
2121
3810
4833
1270
2407
3642
4530
1830
3041
3237
4846
1812
2703
3274
4364
1606
2922
4077
4161
1452
2890
3376
4408
1606
3005
3834
4443
1612
2129
3281
4496
1674
2876
3191
4161
1996
2995
3284
5010
1250
2115
3376
4111
1812
2910
3844
4800
1318
2798
3211
4937
1535
2727
3660
5079
1174
2324
3363
4414
1824
2635
3400
4224
1681
2890
3399
4704
1753
2993
3580
4232
1409
2595
3464
5050
1270
2300
3439
4488
1825
2423
3669
4120
1828
2671
3815
5079
1535
2346
3713
4360
1824
2821
4014
4362
