186
617
617
617
958
617
573
164
665
358
787
787
48
287
178
596
790
740
877
740
584
991
964
464
234
464
234
774
502
502
178
489
536
601
11
764
729
432
964
393
322
985
478
964
322
428
365
148
728
287
425
387
17
740
374
995
696
584
584
249
255
821
255
74
502
859
243
923
93
360
511
363
364
584
364
584
811
584
951
884
905
74
156
401
178
790
287
790
387
898
740
877
921
877
921
70
958
70
311
80
502
243
37
178
93
620
693
620
620
83
583
273
180
34
430
8
905
441
156
98
676
287
790
596
17
94
374
995
586
44
374
531
374
342
21
80
502
859
736
93
97
183
884
764
884
44
771
44
44
620
342
907
907
557
652
969
287
790
198
790
740
254
740
620
393
603
249
108
70
70
853
80
859
178
447
608
185
17
764
827
764
374
393
226
1012
83
791
533
74
652
401
159
959
287
790
740
877
740
323
921
603
44
254
255
255
853
80
502
859
178
447
489
958
620
183
620
44
393
584
811
811
811
964
665
557
10
98
287
790
198
32
740
877
921
729
432
234
464
234
464
215
41
80
502
859
93
536
282
738
764
738
764
85
393
85
393
601
85
207
557
652
148
676
903
287
425
387
17
94
907
921
374
921
921
329
255
428
80
80
859
425
998
636
17
764
789
764
393
374
393
487
342
487
791
581
365
401
148
287
790
596
32
740
898
94
584
921
586
921
821
951
958
74
502
859
178
425
636
17
11
17
79
927
142
393
811
226
282
907
665
27
652
148
676
287
596
898
462
740
740
586
224
653
364
821
255
665
428
80
502
243
869
790
121
121
130
364
584
183
584
811
573
623
70
255
41
557
281
676
287
790
387
596
620
740
620
354
393
620
393
843
342
586
853
361
859
736
178
93
620
601
764
620
764
584
382
584
951
665
255
665
557
652
148
178
287
596
17
387
374
374
921
374
921
439
342
342
323
431
80
80
859
397
869
374
11
374
500
467
467
646
890
899
528
153
255
670
317
156
148
159
287
790
295
360
740
986
740
729
464
234
985
774
774
215
441
502
178
447
1023
185
17
171
789
171
374
393
149
149
342
419
207
27
365
148
805
287
97
596
17
94
94
292
393
67
67
927
292
298
67
283
502
859
869
790
526
67
442
620
484
1270
2257
3929
4337
1669
2516
3431
4897
1626
2557
3177
4917
1838
2557
3182
4808
1651
2557
3257
5013
1896
2489
3822
4686
1519
2978
4082
4710
1993
2942
3851
5107
1993
2076
3200
4760
1703
2128
3484
4957
1216
2323
3231
4456
1529
2123
4013
4519
1529
2956
3231
4721
1529
2123
3425
4364
1896
2128
3206
4989
1064
2516
3193
4498
1567
2845
3879
4426
1645
2962
4010
4587
1627
2257
3576
5086
1412
2978
3628
4813
1683
2627
3244
4756
1081
2470
3154
4928
1963
2470
3253
4346
1599
2130
3488
4426
1985
2837
3645
4551
1985
2531
3243
4664
1936
2436
3323
4402
1159
2183
4070
4965
1813
3008
3097
4171
1610
2123
3822
4841
1354
2185
3334
4806
1535
2937
3681
4756
1535
2937
3760
4744
1535
2937
3384
4906
1516
2161
3796
5018
1651
2952
3996
4851
1651
2880
3154
5077
1535
2097
3087
4339
1789
2097
3662
5077
1830
2161
3662
4978
1535
2506
3314
4559
1264
2905
3075
4690
1535
2938
3431
4687
1878
2498
3310
4275
1864
3021
3080
4338
1830
2506
3669
4159
1409
2076
3916
4444
2045
2323
3591
4314
1838
2130
3154
4643
1409
2123
3408
4285
2032
2628
3929
5050
1925
2628
3620
4807
1396
2278
3154
4713
1812
2738
3909
4402
1626
2628
3727
4998
1985
2915
3909
4661
1535
2230
3153
4150
1939
2915
3698
4989
1812
2851
3091
4784
1270
2161
3091
4916
1535
2983
3425
4338
1535
2076
3906
4845
1392
3044
3317
4285
1939
2128
4077
4270
1985
2149
3200
4119
1996
2983
3253
4346
1982
2723
3685
5043
1597
2983
3866
4654
1940
2983
3559
4400
1925
2905
3974
4349
1084
2457
3215
4621
1263
2800
3104
5027
1567
2512
3716
4159
1967
2730
3116
4680
1548
2809
3512
4179
1712
2938
3931
4751
1718
2721
3698
5006
1838
2349
4013
4346
1779
2506
3247
4469
1703
3043
3304
4468
2045
2531
4091
4643
1718
3059
3856
4680
1985
2351
4013
4397
2045
2701
4094
4113
1993
2777
3681
4318
1409
2246
3156
4976
1857
3017
3684
4488
1480
2658
3369
4423
1287
2851
3200
4903
1669
2733
3093
4407
1771
2123
3966
4808
1771
2101
3478
4546
1817
2060
3171
4657
2032
2253
3682
4358
1669
2945
3826
4779
2001
2168
3154
4644
1354
2089
3662
4856
1878
2969
3320
4586
1878
2811
3320
5028
1535
2494
3985
4260
1165
2208
3955
4906
1270
2787
3514
4371
1651
2323
3409
4980
1216
2905
3632
5009
1771
2557
4077
4884
1664
2730
3557
4972
1651
2608
3833
5119
1703
2089
3297
4972
2006
2983
4077
4456
1896
2567
3843
4497
1216
2119
3470
4119
1216
2985
3526
5077
1703
2599
3764
4293
1664
2983
3740
4846
1886
2253
3951
4980
1764
2253
3681
4808
2046
2253
3727
4705
1896
2628
3928
4845
1896
2628
3928
5040
1682
2165
3200
4487
1216
2323
3526
4405
1216
2323
3257
5041
1788
2557
3880
4855
1564
2608
3323
4906
1084
2493
3739
4971
1829
2608
3999
4843
1994
2962
3649
4551
1617
2506
3473
4469
1862
2913
3662
4891
2045
2978
4013
4943
1681
3059
3872
4387
1409
2851
3599
4851
1828
2890
3431
4358
1838
2796
3878
5009
1779
2307
3243
4544
1438
2862
4059
4788
1718
2949
3323
4484
1610
2628
3177
4436
1610
2423
3415
5089
1409
2292
3154
4372
1771
2983
3265
5030
1391
2336
4046
4346
1409
2756
3822
4387
1998
2531
3323
4884
1264
2057
3259
5105
2006
2419
3437
4989
1837
2910
3091
4893
2024
2949
3618
4559
1993
2101
3323
4972
1535
2119
3154
4559
1535
2210
3171
4751
1878
2407
3201
4334
1166
2714
4049
4510
1646
2089
3662
4389
1485
2496
3393
5023
1718
2915
3951
4275
1664
2860
3763
4275
1109
2608
3582
5119
1985
2484
3576
4444
1985
2579
3909
4731
1980
2717
3116
4610
1830
2830
3463
4933
2024
2255
3884
4989
1939
2185
3324
4881
1081
2857
4072
4559
1940
2741
3401
4881
1669
2544
3685
4512
1755
2788
3165
4285
1896
2248
3890
4845
1703
2463
3315
4242
2001
2860
4093
5077
1529
2817
3711
4643
1788
2628
3933
4872
1764
2416
4090
4456
1896
2517
3447
4356
1270
2996
3504
4609
1516
2983
3513
5025
1535
2496
4013
4838
1084
2156
3556
5050
1548
2516
3303
4142
1754
2105
3712
4670
1678
2245
3488
4533
1718
2925
3323
4307
1438
3066
3290
4196
1106
2209
3499
4356
1779
2090
3171
4788
1806
2623
3348
4180
1806
2623
3148
4928
1597
2401
3377
4795
1915
2830
4059
4544
1250
2830
3303
4695
1636
2978
3087
4337
1985
2677
3822
4478
1985
2292
3323
4561
1812
2983
3513
4731
1779
2089
3582
4947
1779
2278
3320
4788
1779
2313
3200
4791
1779
2860
3253
4710
1438
2292
3253
4966
1712
2730
3305
4953
1393
2455
3771
4495
1599
2463
3916
4171
1564
2320
3916
4939
1878
2274
3841
5107
1878
3010
3542
4989
1878
2119
3633
4707
1599
2463
3413
4242
1528
2740
3931
4275
1985
2070
3087
4416
1985
2671
3774
4844
1610
2983
3819
4592
1250
2701
3669
4705
1779
2639
3976
4800
1779
2517
3208
4334
1438
2527
3303
5028
1712
2968
3669
4210
1718
2195
3669
4677
1718
2195
3771
4788
2024
2693
4013
5025
1806
2693
4038
4705
1564
2510
3307
4845
1838
2968
3916
4468
1669
2137
3538
4535
1806
2137
3154
4210
1806
2996
3269
4543
1838
2884
3077
4275
1985
2199
3974
4242
1779
2776
3502
4989
1682
2693
3764
5004
1718
2484
3323
4122
1582
2940
3259
5119
1912
2208
3234
5007
1567
2214
3340
5007
1862
2214
3581
4872
2024
2903
3557
4307
1617
2535
3109
4196
2024
2186
3219
4275
2024
2716
3654
4535
1915
2510
3307
4260
1396
3044
3861
4242
1579
2879
3185
4664
1838
2119
3931
5006
1828
2119
3310
4242
1940
2830
3478
4337
1565
2830
3343
4434
1452
3066
3668
4167
1452
2791
3248
5018
1610
2412
3530
5025
1599
2639
3372
4210
1886
2470
3276
4916
1985
2148
3307
4285
1610
3012
3861
5105
1669
2983
3756
5011
1669
2613
3329
4881
2024
2525
3266
4416
1535
2152
3352
4249
1878
2119
3887
4690
1878
2979
3916
4696
1878
2252
3307
4993
1674
2635
3431
4746
1758
2501
3215
4795
2014
2506
3509
4691
1178
2252
3253
4184
1936
3003
3623
4404
1254
2178
3253
4789
1936
2646
3253
4793
1664
2191
3183
4947
1525
2323
3253
4622
1426
2787
3323
5091
1820
2149
3647
4925
1525
2983
4055
4795
1998
2978
3154
4628
1186
2496
3599
4731
1936
2433
3241
4795
1936
2127
3989
4371
1982
2536
3820
5042
1982
2526
3598
4263
2006
2536
3154
4337
1588
2323
3311
4707
1291
2238
3091
4363
1703
2323
3592
4500
1186
2323
3487
4275
1936
2323
4056
4324
1128
2424
3883
4154
1565
2712
3327
4510
1250
2727
4059
4540
1469
2677
3351
4277
1612
2380
3469
4703
1779
2971
3309
5044
1669
2785
3449
4324
1445
2723
3974
4470
1782
2349
3400
4196
1669
2869
3740
4564
1637
2374
3730
4202
1998
2091
3740
4973
1396
2671
4048
4675
1427
2591
3465
5031
1996
2830
3929
4151
1985
2279
3376
4211
1610
2214
3576
4742
1782
2856
3771
4347
1939
2508
3504
4195
2010
2584
3729
4662
1240
2753
3898
4248
1083
2887
3861
4699
1838
2549
3730
5046
1609
2884
3325
4735
1535
2063
3329
4267
1535
2888
3896
4322
1535
2646
3628
4801
1878
2190
3805
5099
1878
2649
3323
4679
1718
2953
3983
5005
1980
3058
3898
4664
1636
2978
3921
4665
2024
2650
3730
4664
1491
2978
3238
4973
1806
2801
3816
4332
1612
2230
4016
4519
1636
2978
3403
4800
1564
2821
3880
4996
1703
3066
3937
4385
1940
2137
3380
4127
1703
2137
3555
4715
1936
2063
3382
4928
1996
2884
3449
4180
1612
2884
3449
4743
2032
2214
3889
5049
2024
3069
3623
4517
1664
2091
4016
4266
1764
2349
3623
4145
1564
2289
3704
4256
1610
2848
3555
4494
1264
2063
3573
4498
1426
2481
3783
4691
1610
2174
3266
4565
1686
2901
3464
4414
1645
2516
3340
4121
1841
2186
3177
4471
1178
2321
3307
4324
1606
2712
3941
4903
1597
2621
3202
4788
1674
2307
3892
4786
1270
2296
3082
4560
1939
2314
3082
4414
1764
2133
3376
4839
1838
2063
3257
4317
1396
2219
4046
4620
2024
2081
3499
4460
1669
2277
3649
4183
1789
2174
3918
4843
1789
2971
3702
5036
1565
2316
4084
4176
1789
2316
3389
4233
1351
2506
3082
4217
1178
2126
3465
5023
1939
2848
3510
4928
1939
3021
3801
4919
1354
2174
3662
4866
1191
2174
3232
5054
1409
2081
3327
4896
1565
3035
3579
4379
1354
2767
3801
4597
1535
3046
3942
4138
1318
2968
3410
5079
1365
2391
3801
4190
1683
2968
3558
4443
1396
2510
3662
4620
1597
2454
3847
4621
1535
2222
3373
4318
1455
2741
3487
4556
1666
2946
3613
4249
1583
2830
3727
4831
1814
2064
3925
4653
1824
2639
3768
4556
1838
2949
3702
4487
2032
2081
3182
4700
2032
2936
3251
4516
1250
2828
3884
4522
1982
2890
3647
4556
1675
3035
3929
5071
1564
2751
3251
4782
1564
2588
3890
4733
1564
2833
3909
4403
1669
2905
3887
4628
1669
2589
3742
4403
2006
2510
3530
4839
1519
2119
4077
4655
1557
2830
3621
4414
1466
2879
3986
4400
1535
2922
3576
5079
1133
2257
3090
4849
1263
2165
3998
4527
1230
2691
3116
4636
1617
2178
3234
4851
1533
2489
3657
5082
1617
2608
3938
4788
1237
2132
3704
4203
1915
2096
3686
4696
1813
2671
3428
4483
1915
2274
3241
4171
1186
2529
3801
4469
1838
2117
3465
4680
1936
2292
3494
5003
1636
2619
3567
4742
1753
2848
3383
4833
1824
2874
3555
4686
1610
2681
4081
4609
1636
2670
3504
4439
1915
2386
3244
4299
1915
2911
3456
4808
1237
2719
3549
4176
1636
2459
3857
5050
1525
2681
3459
4556
1516
2119
3292
5119
1359
2278
4041
4636
1878
2942
3210
4096
1878
2714
3393
4478
1994
2971
3149
5006
1437
2949
3599
4421
2044
2295
3276
4295
1637
2279
3651
4791
1828
2989
3632
4660
1680
2063
3210
4469
1832
2883
3836
4287
1674
2933
3201
4791
1806
2544
4095
4656
1674
2479
3504
5095
1637
3054
4051
4543
1636
2081
3521
4337
1824
2503
3707
4656
1081
2714
3684
4482
1936
2190
3243
5079
1402
2544
4063
4855
1674
2791
3323
4122
1940
2393
3555
4681
1156
2499
3427
4341
1982
2281
3556
4861
1936
3050
3929
4556
1817
2750
3511
4866
1808
2347
3675
4456
1396
2190
3851
4829
1997
2279
3608
4556
1683
2360
3517
4452
1774
2208
3620
4571
1841
2764
3247
5013
1841
2148
3308
4866
1081
2787
3514
5040
1812
2920
3449
4345
1998
2133
3514
4203
2045
2321
3856
4334
1565
2791
3961
4556
1771
2350
3984
4138
1874
2971
3449
4675
1597
2764
3202
4437
1936
2292
3704
5027
1610
2905
3396
4421
1669
2063
3478
4559
1838
2848
3247
4327
1998
2548
3416
4875
1264
2274
3107
4138
1806
2179
3942
4681
1083
2479
3247
4810
1798
2946
3449
4285
1427
2989
3951
4556
1403
2830
3555
5077
1564
2591
3226
4660
1396
2942
3252
4559
1813
2436
3415
4864
1194
2340
3966
4131
1878
2064
3080
4985
1437
2978
3642
4600
1844
2905
4013
4483
2033
2333
3232
4664
1617
2972
3074
5042
1606
2503
3176
4791
1637
2891
3502
4982
1264
2333
4051
4912
1402
2190
3687
4299
1961
2190
3394
4542
1606
2453
3687
4705
1832
2603
3555
4659
1452
2603
3929
4284
1674
2478
3677
4326
1637
2563
3855
4855
1396
3000
3303
5025
1636
2694
3555
4140
1452
2628
3476
5097
1982
2192
3784
4703
1982
2096
3684
4812
1452
2820
3327
4226
1820
2276
3437
4898
1925
2401
3869
4898
1216
2907
3437
4173
1940
2702
3555
4330
1882
2081
3153
4873
1084
2457
3753
4987
1774
2257
3511
4556
1627
2253
3581
4761
1636
2787
3141
4594
1985
2830
3682
4827
1753
2920
3243
4439
1664
2403
3708
4362
1980
2680
3621
4605
1636
2971
3281
4720
1664
2336
3253
4334
1396
2253
3415
4982
1824
2097
3238
4951
1636
2060
3585
4414
2032
2912
3690
5005
1812
2346
4090
4598
1606
2085
3580
4437
1263
2830
3385
4495
2006
2292
3205
4414
1637
2253
3595
4800
1838
2544
3579
4563
1940
2326
3585
4256
1626
2393
3555
4817
1838
2261
3449
4615
1216
2818
3107
4355
1824
2535
3329
4121
1732
3021
3940
4184
1878
2841
3780
4285
1353
2983
3410
5061
1985
2716
3202
4354
1940
2905
3313
4656
1564
2190
3422
5072
1612
2968
3232
5119
1968
2190
3577
4559
1636
2479
3116
4660
1161
2608
3504
4845
1982
3012
3120
4150
1612
2063
3116
4299
1452
2481
3909
4134
1771
2219
3281
4175
1703
2874
3707
4203
1564
2190
3947
4961
1523
2190
3764
5011
1636
2484
3984
4691
1882
2918
3437
4985
1690
2119
3580
4302
1817
2404
4091
4318
1491
2347
3091
4660
1636
2190
3976
4681
1564
2517
3449
4905
1968
2081
3177
4461
1264
2911
3582
4873
1788
2063
3684
4355
1669
3000
3728
4470
1997
2498
3986
5099
1737
2463
3780
4896
1774
2130
3348
4099
1528
3034
3638
4937
1985
2978
3551
4497
1584
2544
3215
4861
1806
2528
3380
4096
1718
2496
3641
4946
1436
2489
3136
4854
1610
2188
3552
4138
1396
2751
3449
4437
1806
3011
3588
4385
2024
2206
3536
4584
1612
2123
3970
4325
1980
2484
3329
4727
1940
3016
3834
4285
1806
2225
4008
4535
2024
2404
3730
4691
1409
3035
3188
4422
1597
2360
4067
4385
1996
2277
3177
4138
1806
2989
3449
4806
1396
2097
3154
4715
1584
2517
3136
4498
1813
2190
3729
4421
1410
2506
3878
4470
1166
2225
4042
4256
1535
2791
3885
4690
1573
2388
3410
4121
1455
2485
3579
4878
1980
2085
3787
4421
1636
2978
3555
5077
1396
2209
3555
4909
1610
2489
3376
4972
1985
2091
3136
4556
1813
2411
3896
4498
1186
3039
3987
4532
1812
2048
3393
4681
1838
2181
3716
4337
1431
2278
3198
4921
1882
2130
3587
4660
1216
2119
3753
4705
1896
2063
3675
4830
1936
2986
3449
4612
1936
2956
3281
4380
1186
2540
3538
4121
1564
2278
3686
4661
1186
2230
3281
4985
1703
2278
3555
4197
1636
3059
3555
4548
1636
2278
3115
4660
1925
2156
3323
4627
1491
2278
3719
4640
1522
2940
4005
4454
1878
2728
3243
4468
1531
2079
3721
5072
1459
2228
3189
4517
1985
2392
3253
4405
1739
2349
3811
4393
1156
2868
3922
4935
1915
2250
3180
4983
1778
2414
3745
5024
1778
2644
3398
5109
1778
2402
3836
5016
1307
2821
3696
4415
1461
2579
3132
4459
1674
2672
3669
4155
1565
2672
3788
4776
1828
3035
3669
4821
1828
2535
3303
4567
1057
2122
3303
4330
1975
2195
3148
4650
1718
2075
3839
5014
1409
2401
3122
4308
1915
2700
3741
4392
1838
2479
3813
4991
1396
2738
3598
4629
1814
3059
3126
4479
1854
2552
3509
4234
1535
2320
3436
4917
1429
2697
3176
4262
1878
2079
3420
5041
1353
2920
3581
4322
1272
2190
3599
4676
1718
2866
3814
4706
1461
2912
3555
4909
1985
2785
3449
4826
1936
2712
3154
4675
2045
2804
3323
4189
1237
2585
3480
5079
1272
2351
3999
4167
1445
2712
3766
4836
1778
2307
3672
4591
1610
3054
3275
4941
1438
2434
3515
4468
1445
2153
3126
4653
1718
2349
3427
4648
1599
2196
3180
4392
1985
2665
3730
4138
1831
2085
3715
4443
1925
2320
3605
5018
1480
2815
3291
4324
1669
2478
4079
4443
1669
2564
3449
5074
1949
3003
3680
4331
1669
3023
3707
4715
1789
2063
3986
4715
1081
2568
3884
4850
1084
2697
3197
4702
1737
2249
3816
4432
1604
2607
3796
4309
1812
2208
3888
4119
1838
2990
3611
4119
1391
3028
3974
4337
1982
2213
3201
4990
1880
2168
3600
4632
1828
3012
3611
4379
1828
2738
3231
4098
1470
2208
3242
4413
1828
2589
3839
4232
1937
2890
3215
4434
1982
2945
3373
4494
1825
2208
3313
4282
1867
2905
3276
4593
1354
2208
3887
4346
2038
2419
3650
4346
1939
2208
3751
5108
1583
2905
3737
4305
1583
2926
3721
5077
1996
3058
3205
5011
1583
2868
3231
4861
1825
2208
3909
5040
1825
2905
3104
4275
1825
3021
3724
4212
1535
2874
4070
4861
1878
2070
3558
4563
1975
2451
4020
4759
1246
2874
3503
5112
1854
2215
3480
4937
1480
2123
3157
4330
1480
2919
3934
4103
1617
2876
3383
4662
1152
2281
3219
4434
1452
2489
3157
4207
1940
2143
3363
4374
1237
2238
3156
4415
2033
2868
3320
4729
1525
2447
3670
4752
1186
2351
3349
4731
1452
2447
4045
4415
1480
2847
3349
4644
1480
2447
3269
4161
1480
2919
4051
4289
1480
2127
3129
4511
1635
2292
3813
4382
1237
2447
3136
4753
1452
2438
3614
4122
1452
2791
3136
4556
1452
2137
3724
4808
1753
2535
3986
4522
1596
2311
3986
4324
1897
2561
3549
4609
1719
2794
3419
4299
1878
2880
3072
4326
1719
3028
3215
5003
1854
3028
3657
4454
1246
2746
3878
4900
1838
2161
3365
4140
1606
2978
3618
4478
1565
2225
3088
4836
1753
2631
3945
4686
1565
2133
3189
4691
1565
2995
3818
4606
1205
2257
4010
4275
1246
2897
3816
4497
1961
2272
3329
4468
1637
2697
3652
4591
1081
2240
3913
5025
1351
2672
3607
4838
1606
3000
4005
5082
1664
2971
3073
4307
1535
2289
3329
4113
1996
2105
3531
4872
1209
2463
3661
4666
1674
2859
3694
5087
1871
3021
3668
4372
1439
2451
3556
4728
1535
2177
3468
4875
1878
2212
3498
4713
1270
2702
3189
4500
1535
2156
4091
4418
1825
2910
3149
4608
1940
2935
4036
5030
1984
2198
3171
4786
1825
2333
3608
4946
1396
2992
3878
4307
1812
2874
3732
4947
1409
2506
3348
4947
1867
2121
3965
4616
2045
2198
3327
4644
1626
2942
4043
4432
