128
617
617
617
64
747
89
512
499
775
954
548
617
670
441
302
98
809
728
849
387
425
17
171
17
171
827
497
211
326
827
1012
827
183
439
342
419
207
669
582
538
918
397
56
419
693
374
973
101
317
809
75
612
612
295
978
272
978
364
978
594
446
732
754
447
738
954
738
791
39
122
809
809
149
387
137
614
718
531
330
901
207
211
802
639
397
998
533
693
978
764
978
152
301
672
987
529
432
964
954
548
923
329
34
302
809
809
728
753
425
198
17
17
957
374
403
672
211
716
716
467
958
957
374
342
716
701
848
720
720
473
636
374
457
884
298
884
716
517
809
997
465
761
716
388
272
716
973
301
446
859
736
116
954
954
700
103
6
103
276
809
969
612
958
626
360
995
343
461
103
701
582
720
923
202
496
964
363
615
329
461
775
704
548
964
193
954
664
895
34
702
227
317
809
728
997
1009
387
17
171
50
171
83
45
211
977
467
8
611
44
200
476
411
670
242
582
639
178
998
246
693
457
620
623
620
276
809
874
997
612
295
877
659
235
268
754
45
211
307
738
625
775
954
747
473
1004
207
276
809
874
997
234
985
322
985
193
825
268
922
802
582
714
998
784
954
747
473
467
784
775
747
473
762
233
411
954
747
895
670
441
809
809
728
997
425
387
17
513
419
558
467
211
45
467
974
467
467
974
439
558
558
439
558
439
558
974
467
467
262
516
44
467
44
467
44
467
974
683
516
262
439
623
623
771
44
467
44
974
467
439
731
439
44
974
44
771
623
439
974
974
439
974
974
467
974
623
771
623
439
974
974
683
731
467
439
974
771
623
731
623
165
731
683
623
731
686
558
974
558
731
623
533
731
683
558
731
53
819
53
53
731
686
558
731
623
57
731
981
183
533
623
731
266
683
731
868
683
731
731
1002
177
974
868
67
683
731
868
683
556
868
683
169
1002
868
168
683
731
868
683
169
868
868
683
1002
868
868
683
556
201
683
169
731
319
683
169
868
868
683
169
731
868
683
556
868
168
208
556
201
168
683
731
868
683
169
868
868
169
169
868
168
683
556
868
683
169
731
868
169
169
731
868
958
240
868
168
683
731
868
663
208
974
240
663
663
731
868
319
240
868
168
1002
240
868
168
683
731
868
683
556
839
1219
2962
3197
4581
1425
2115
3978
4948
1878
2219
3579
4633
1878
2627
3555
5028
1878
2115
3883
4409
1878
2219
3819
4117
1878
2632
3686
4437
1422
3070
3442
5045
1684
2178
3410
4450
1646
2722
3197
4573
1575
2249
3149
4380
1604
2393
4011
5090
1346
2540
3579
4639
1844
2933
3874
4483
1191
2481
3844
4916
1370
2590
3192
4859
1737
2635
3686
4791
1683
3025
3579
4797
1535
2911
3428
4899
1812
2481
3844
4442
1753
2453
3634
4888
1681
2063
3502
4363
1178
2354
3281
4487
1500
2911
3551
4544
2030
3026
3449
5028
1332
2390
3589
4178
1310
2424
3842
4138
2002
2425
3752
4126
1600
2705
3084
5023
1063
2206
3663
5098
1619
3033
3854
4839
1908
2457
3334
4373
1400
2155
3910
4250
1401
2463
3488
4878
1658
2063
3632
5077
1338
2911
3114
4345
1446
2703
3796
4396
1678
2684
3449
4407
1975
2103
3648
4878
1446
2313
3686
4841
1795
2121
3073
4996
1740
2911
3430
5116
1814
2928
3586
4965
1927
3015
3289
4659
1079
2443
3430
4468
1658
2257
3547
4376
1508
2185
3421
4987
1032
2787
3400
4605
1927
2283
3707
4629
1754
2684
3522
4142
1814
2081
3572
4342
1079
2428
3103
4230
1401
2421
4019
4376
1385
2993
3820
4103
1608
2799
3458
4138
2002
2466
3178
4122
1042
3064
3339
4298
1580
2308
3941
4738
1357
2963
3197
4385
1566
3045
3680
4870
1913
2703
3820
4746
2002
2407
3458
4570
1042
2699
3473
4628
1908
2669
3473
4363
1443
2669
3199
4468
1238
2848
3692
4997
1446
2552
3820
4121
1385
2684
3449
4570
1509
2079
3582
4965
1749
2923
3555
4611
1754
2424
3967
4322
1123
2669
3123
4604
1222
2784
3426
4562
1290
2962
3135
4765
1938
2589
3441
4738
2018
2348
3579
4468
1645
2428
3468
5099
1579
2708
3878
4283
1562
2855
3663
4386
1848
2963
3443
4788
1938
2424
4065
4403
1938
2692
3801
4993
1567
2442
3693
4553
1997
2442
3720
4230
1938
3057
3245
4503
1976
2351
3619
4687
1987
2835
3517
4925
1812
2063
3677
4678
1996
2873
3465
4891
1191
2290
3259
4556
1455
2992
3984
4301
2018
2692
3707
4838
1745
2590
3702
4291
1876
2250
3339
4475
1212
2937
3927
4144
2027
2882
3803
4865
1559
2090
3546
4888
1840
2618
3743
4121
1559
2560
3399
5064
1676
2684
3355
4420
1658
2497
3934
5064
1627
2892
3991
4407
1446
2206
3097
5064
2022
2301
3610
4878
1503
2711
3780
4575
1978
2077
3688
4501
1678
2301
3480
4497
2030
2297
3545
4420
1260
2664
3850
4420
1121
2388
3796
4603
1325
2057
3702
4965
1058
2065
3517
4273
1866
2799
3581
4244
1503
2980
3808
4804
1503
2914
3801
4646
1274
2287
3900
4423
1754
3003
3246
4393
1739
2744
3508
4325
1406
2065
3453
4122
1490
2684
3202
4786
1528
2301
3692
4965
1105
2992
3317
4965
1730
2065
3453
4121
1975
3038
3086
4990
1205
2235
3480
4965
1543
2223
4028
4564
1742
2219
3961
4126
1878
2300
3508
4432
1655
2058
4022
4560
1967
2978
3758
4643
1739
2766
3860
4911
1745
2069
3231
4226
1212
2588
3231
4750
1470
2488
3508
4743
1983
2266
3663
4385
1212
2388
3702
4122
2027
2313
3465
4178
1866
2156
3625
4385
1387
2332
3625
4468
1730
2812
3345
4743
1470
2923
3733
4854
1274
2723
4022
4743
1443
2561
3896
4135
1470
2993
3428
4443
1342
2962
4033
4411
1486
2958
4045
4528
1535
2798
3438
4677
2012
2429
3389
4851
1191
3064
3854
4403
1522
2466
3122
4418
1267
2374
3602
5028
1604
2272
3803
4309
1920
2561
3202
4136
1237
2935
3745
4570
1824
2595
3310
4774
1403
2063
3189
4720
1596
2340
3653
4841
1997
2606
3206
4263
1531
2336
3294
4741
1833
2311
3215
4283
1422
2653
3360
4429
1449
2455
3589
4638
1591
2684
3385
4731
1841
2336
3200
4543
1647
2380
3234
4229
1524
2337
3323
4587
1544
2089
3269
5119
1678
2547
3323
5071
1744
2799
3091
4995
1578
2160
3510
4347
1578
2110
3818
4833
1836
2483
3103
4356
1032
2576
3091
4794
1471
2455
3263
5119
1580
2125
3323
4395
1548
2999
3840
4735
1927
2864
3323
4634
1401
2517
3780
4243
1401
2483
3949
4683
1401
2336
3877
4558
1401
2276
3489
4943
1333
2118
3188
4387
1191
2757
3245
4882
1754
2496
3662
4744
1079
2590
3245
4388
1941
2762
3510
4285
1902
2707
3248
4559
1795
2757
3744
4142
1678
2282
3860
4387
1213
2669
3671
5028
1876
2465
3720
4142
1338
2068
3854
4908
1338
2635
4070
4716
1776
2507
3344
4333
1079
2756
3814
4227
1754
2977
3502
4570
1761
2283
3104
4761
1658
2693
4033
4285
1975
2861
3340
4142
1658
2693
3209
4753
1032
2498
3625
4535
1401
2923
3831
4859
1910
2923
3822
4553
1814
2799
3263
4932
1258
2799
3945
4761
1591
2757
3583
4259
1795
2715
3323
4207
1563
2836
3245
5119
1026
2774
4022
4941
1658
2425
3263
4230
1902
2302
3366
4275
1927
2425
3844
4478
1902
2191
3640
4222
1678
2352
3583
4165
1567
2993
3282
4570
1927
2511
3323
4803
1333
2645
3247
4915
1740
2341
3734
4275
1333
2272
3734
4242
1761
2996
3245
4826
1333
2982
3091
4447
1737
2993
3820
4380
1446
2348
3906
4285
1563
2506
3263
4142
1501
2559
3780
4275
1446
2249
3606
4958
1927
2958
3633
4659
2014
2669
3854
4553
1424
3065
3473
4594
1795
2766
3473
4142
1640
2852
3949
4570
1989
2804
3323
4583
1948
2774
3961
4263
1472
2766
3608
4976
1840
2883
3509
4882
1472
2962
3791
4275
1840
2921
3473
4839
1967
2375
3502
4535
1123
2336
3189
5047
1776
2863
3961
4798
1531
2375
3608
4272
1658
2141
3104
4134
1760
2931
3567
4478
1544
2439
3149
4201
1406
2464
3949
4486
1754
3021
3557
4134
2014
2498
3862
4914
1081
2727
3878
4660
1446
2275
3247
4743
1307
2904
3872
4254
1864
3066
3513
4670
1109
3065
3845
4285
1862
2390
3818
4472
2045
2757
3208
4631
1862
2355
3502
4249
1864
2757
3101
4136
1627
2767
3364
4706
1116
2977
3439
4380
1878
2507
3822
4180
1878
2786
3981
4739
1353
2978
3908
4706
1509
2514
3969
4739
1878
2964
4064
4633
1753
2190
3780
4944
1353
2923
3533
5119
1754
2514
3499
4364
1814
2365
3558
4125
1753
2506
3862
4414
1307
2210
3608
4989
1263
2514
3415
4403
1830
2386
3608
4765
1906
2231
3247
4916
2012
2945
3323
4817
1644
2498
3364
4139
1166
2722
3739
4660
1219
2498
3176
4546
1684
2712
3816
4103
1405
3021
3205
4285
1908
2249
3415
4230
1286
2529
3856
4282
1586
2773
3541
4126
1267
2766
3262
4285
1730
2837
3247
4597
1436
2962
3185
4470
1455
2249
3384
4412
1436
2514
3730
4443
1424
2305
3854
4127
1678
2208
3912
4173
1718
2978
3291
4772
1596
2082
3835
4637
1339
2527
3141
4491
1260
2487
3685
4349
1559
2803
3147
4965
1230
2983
3097
4603
1559
2260
3507
4857
1761
2105
3525
4444
1401
2497
3345
4231
1592
2575
3631
4443
1307
2338
3143
4633
1446
2257
3675
4199
1446
2184
3274
4918
1079
2252
3771
5109
1079
2403
3961
4409
1386
2997
3403
4646
1338
2085
3856
4232
1592
2716
3961
4408
1678
2669
3861
4912
1386
2940
3471
4714
1386
2660
3130
4957
1089
2997
3178
4490
1684
2334
3734
4603
1739
2168
3599
4167
1386
2948
3867
4570
1975
2805
3510
4988
1246
2299
3247
5046
1865
2463
3608
5007
1254
2339
3407
4179
1681
2269
3178
4741
1838
2983
3344
4639
1610
2978
3168
4881
1105
2741
3711
4171
1081
3035
3420
4670
1075
2934
3104
4661
1553
2266
3190
4263
1422
2712
3213
4836
1501
2072
3941
4885
1994
2631
3879
5010
1472
2596
3381
5023
1655
2977
3796
4716
1546
2596
3138
4410
1683
2921
3232
4634
1910
2166
3796
4518
1681
2904
3796
4640
1814
2923
3547
4702
1343
3006
3879
4363
1528
2252
3075
4171
1948
2932
3941
4178
1910
2818
3811
4173
1840
3045
3205
4872
1332
2352
3785
4284
1061
2186
3875
4417
1260
3051
3574
4178
1730
2763
3407
4634
1855
2873
3927
5102
1469
2536
3449
4143
1737
2911
3521
4128
1868
2753
3861
4573
2024
2336
3517
4100
1784
2121
3744
4886
1479
2402
3459
4990
1501
2669
3400
4126
1967
2295
4065
4126
1739
2716
3809
4103
1710
2571
3796
4979
1503
2565
3523
4867
1878
2983
3393
4491
1913
2650
3768
4423
1913
2188
3232
4990
1576
2650
3581
5075
1576
2902
3240
4167
1325
2577
3875
4273
1646
3054
3358
4178
1325
2577
3811
4832
1683
2221
3195
4217
1933
3065
3236
5042
1165
2249
3662
4125
1933
2652
3796
4966
1230
2188
3780
4285
1967
2561
3587
4285
1592
3010
3266
4390
1933
2999
4070
4965
1646
3010
3197
4856
1325
2082
3468
4285
1143
2953
3850
4198
1326
2933
3175
4538
1613
2728
3796
4478
1166
2757
3754
4565
1088
3026
3193
4786
1878
2712
3872
4588
1166
2332
3333
4659
1166
2333
3247
4213
1986
2962
3840
4521
1535
2344
3928
4254
1270
2712
4041
4817
1325
2185
3494
4655
1144
2106
3545
4701
1446
2428
3661
4444
1446
2712
3569
4463
1040
2278
3631
4124
1358
2950
3497
4255
1566
2438
3548
5028
1706
2703
3096
4976
1471
2240
3687
4463
1360
2827
3274
4421
1578
2999
3640
4686
1814
2847
3879
4164
1446
2266
3569
4395
1729
2980
3193
4768
1563
2632
3084
4918
1667
2998
3957
4415
1975
2793
3957
4213
1406
2827
3640
4869
1075
2281
3905
4397
1878
2576
4022
4709
1360
2390
3363
4976
1972
2121
3490
4380
1592
2919
3860
5023
1406
2414
3953
4125
1028
2827
4065
4928
1509
2240
3316
4865
1584
2402
3103
4439
1683
2640
3497
4370
1567
2161
3166
4254
1866
2294
3201
4288
1852
2561
3232
4839
1290
2552
3860
4230
1784
2712
3352
4453
1828
2938
3878
4875
1535
2652
3736
4194
1840
2608
3943
4176
1933
2682
3791
4605
1084
2641
3805
4103
1271
2172
3872
5023
1260
2167
3578
4395
1176
2342
3556
5023
1222
2973
3875
5028
1361
2693
3224
4363
1980
2693
3375
4131
1658
2935
3208
4211
1754
2811
3369
4543
1938
2049
4017
5102
1548
2049
3317
5010
1459
2992
3149
4234
1079
2127
3833
4376
1079
2407
3969
4618
1908
2331
3441
4509
1878
2979
3805
4673
1246
2428
3984
4687
1254
2796
3439
4121
1254
2703
3905
4573
1254
2661
3587
4103
1089
2661
3441
4886
1089
3030
3441
4665
1406
2805
3790
4429
1246
3070
3290
4665
1730
2214
3939
4442
1254
2930
3502
4234
1681
2716
3129
4176
1980
2827
3663
5077
1343
2362
3421
4898
1386
2116
3790
4450
1400
3015
3307
4620
1908
2719
3281
4528
1170
2811
3339
4666
1089
2238
4033
4937
1386
2911
3441
4563
1386
2081
3538
4870
1386
2589
3421
4746
1246
2210
3281
5010
1254
2481
3077
4468
1719
2210
3351
4584
1246
2769
3157
5108
1246
2723
3421
4197
2018
2911
3663
4211
2018
2479
3115
4937
1246
2861
3790
4556
1246
2457
3505
4791
1624
2481
3339
4623
1246
2118
3281
4422
1246
2548
3339
4966
1142
2940
3329
4304
1254
2081
3502
4410
1254
2407
3692
4486
1719
2121
3421
4923
1386
2714
3430
4450
1386
2262
3281
5043
1386
2428
3339
4753
1386
2481
3430
4223
1681
2127
3307
4256
1681
2716
3812
4468
1719
2498
3707
4870
1608
2498
3556
4703
1081
2701
3219
4870
1497
2623
3441
4556
1591
2481
3219
4791
1254
2845
3441
4639
1719
2127
3686
4282
1386
2243
3104
4980
1142
2457
4084
4258
1932
2214
3790
4990
1254
2703
3541
4234
1528
2081
3339
4173
1854
3015
3557
4348
1386
2916
3555
4803
1142
2362
3773
5044
1719
2861
3660
4173
1719
2861
3449
4665
1525
2061
4074
4234
1386
2243
3339
4623
1957
2861
3269
4138
1246
2081
3821
5108
1246
2794
3320
4138
1865
2940
4013
4450
1681
2719
4040
4183
2018
2935
3686
4803
1246
3010
3791
4870
1186
2635
3266
4925
1254
2064
3757
5023
1254
2491
3104
4347
1270
2473
3171
5025
1186
2635
3320
4442
1865
2540
3707
4548
1186
2481
3677
5031
1237
2479
3796
4556
1246
2457
3449
5010
1186
2635
3107
4211
1254
2604
3281
5025
1609
2911
3994
4348
1081
3015
4032
5108
1865
2769
3812
4408
1254
2422
3281
4908
1820
2127
3916
4556
1963
2861
4084
4661
1246
2963
3339
4233
1246
2933
3555
4234
1186
2787
3555
4161
1254
2714
3449
5028
1719
2963
3480
4300
1719
2691
3773
4392
1525
2565
3465
4960
1525
2861
3875
4521
1246
2963
4010
4941
2047
3061
3686
4211
1755
2243
3644
4373
1525
2498
3317
4422
1806
2063
4010
4665
1952
2635
4010
4665
1952
2498
3269
4177
1525
2243
3511
4990
1525
2670
3465
4264
1081
2447
3231
4707
1820
2540
3790
4646
1806
2548
3104
4731
1525
2561
3801
4264
1940
2861
3580
4691
1952
2255
3580
4556
1940
2930
3117
4478
1525
2963
3672
4508
1936
2884
3505
4737
1669
2407
3502
4211
1564
2930
3443
4238
1452
2498
3583
4540
1452
2498
3303
4484
1564
2192
3791
4264
1564
2090
4042
4820
1882
2913
3081
4767
1820
2283
3307
4922
1746
2561
3916
4508
1966
2723
3288
4123
1940
2707
3107
4430
1896
3009
3912
4526
1940
2484
3586
5022
1635
2267
3868
4829
1936
2841
3586
4189
1635
2351
3680
4096
1392
2818
4067
5011
2046
3022
3875
4546
1996
2565
3619
4849
1969
2565
3269
4488
1175
2314
3078
4410
1867
2703
3460
5025
1788
2670
3471
5022
1788
2670
3315
4284
1905
3070
3580
4783
1905
3070
3413
5025
1993
3070
3256
4732
1982
2665
3307
4739
1635
2234
3813
4374
1587
2333
3313
4699
1635
2818
3949
4636
1519
2818
3368
4119
1896
2407
3183
4810
1457
2937
3869
5022
1896
3000
4043
4484
1955
2915
3498
4864
1896
2421
3399
4519
1896
2538
3399
4889
1966
2660
3903
4530
1966
3070
3813
4477
1896
2665
3660
4921
1659
2279
3719
4530
2046
3062
4077
4522
1815
2561
3256
5054
1659
2279
3743
4414
1457
2192
3883
4176
2046
3062
3790
4318
1801
2421
3976
4715
1788
2815
3580
4476
1966
2540
3914
5049
1659
2800
4077
5049
1801
3069
3531
4853
1788
3055
4043
4484
1457
2937
3183
4817
1659
2383
3325
4431
1801
2813
3498
4264
1557
3062
3800
4898
1690
2467
3903
5018
1959
2794
3914
4264
1155
2651
3504
5094
1701
2717
3903
4337
1896
2721
3914
4373
1777
3062
3802
4876
1896
2859
4079
4934
1300
2290
3942
4541
2046
3062
3625
4905
1700
3062
3504
4384
2046
2868
3300
5094
1049
2097
3764
4145
1659
2748
3813
4532
1561
2883
4083
4455
1659
2748
3504
5097
1959
2748
3813
4613
1788
3023
3914
4508
1300
3055
3710
4826
1659
3041
3914
4384
1959
3023
3839
5094
1694
3071
3813
5094
1659
3041
3743
4145
1903
3022
3914
4145
1300
3009
3530
4422
1801
3069
3903
4789
1959
2813
3183
4862
1899
3062
3802
4625
1457
2644
4072
4739
1899
2529
3725
4801
1843
2412
3460
4715
1801
2642
3413
4305
1349
2344
4054
4747
1155
2434
3933
4875
1349
2944
4072
4835
1700
3055
3504
4927
1300
3055
3952
4721
1155
2276
4077
4934
1300
2748
3935
4530
1349
3009
3868
4763
1349
3062
3802
4955
1349
3062
3891
4318
1995
2889
3413
4733
1659
2508
3107
4835
1903
2800
3914
4835
1659
2770
4006
4318
1903
2944
3413
4733
1748
2248
3914
4931
1903
2412
3335
4822
1903
3062
3802
4460
1801
2440
3509
5059
1300
2889
3368
4853
1777
3022
4077
4145
1300
2813
3724
5029
1777
2800
3914
4860
1653
2946
3333
5042
1700
3041
3413
4384
1496
2467
3914
5041
1155
2434
3777
5094
1300
2564
3261
4858
1349
2411
3413
4927
1561
2738
3952
5112
1349
3055
3933
4927
1628
2985
3413
4786
1349
2800
4009
4893
1300
2868
3966
4384
1349
3055
4042
4384
1561
2097
3935
5094
1334
3022
3824
4866
1115
2918
4079
4145
1334
3055
3413
4145
1496
2800
4088
5114
1903
3055
3526
4132
1371
3022
3862
5029
1903
3008
3526
4624
1561
3008
3188
4861
1903
2985
3413
4861
1496
2818
3914
4170
1903
2411
3940
5059
1777
3055
3869
4977
1777
3055
3526
4955
1496
2800
3764
4889
1777
2791
4008
4835
1371
2344
4052
4835
1777
2942
3914
4835
1496
2912
3727
4919
1777
2748
3914
4835
1349
2694
3940
4934
1777
2748
3891
4835
1300
3055
3966
5110
1349
3062
3952
4318
1748
3055
3966
4950
1349
3055
3891
4384
1496
2889
3914
5015
1349
2918
3935
4759
1903
2694
3904
5052
1349
3055
4079
4335
1496
2619
3933
4962
1748
2579
3783
4508
1300
2985
4079
4721
1300
2721
3976
4654
1496
2467
3966
4197
1496
2619
3914
4384
1252
3055
4088
4950
1928
2945
3880
4175
1777
2411
3987
4835
1496
2942
3824
5052
1777
3055
3914
5012
1803
2350
3914
4830
1155
3071
4053
4739
1496
2985
4072
4830
1628
3055
4088
4480
1496
2592
4072
4810
1349
2907
3914
4830
1252
2748
3824
4950
1349
3055
3747
4934
1499
3055
3966
4962
1981
2889
3914
4460
1803
2918
3268
4962
1349
2889
3914
4853
1496
2985
3268
4955
1334
2276
3935
4835
1496
2592
3987
4962
1653
2942
3987
4931
1499
2813
3413
4955
1903
3055
3914
4615
2023
3055
3914
4889
1903
2694
3719
4919
1419
2564
3891
4858
1252
2944
3880
4835
2023
3055
3747
4983
1252
3055
3725
4837
1496
2944
3674
4927
1252
3055
3914
4384
1496
2907
3951
5015
1252
3055
3891
4962
1496
2907
3764
4962
1496
2411
3933
5110
1349
2942
3914
5110
2043
2800
4009
4950
1496
2942
3727
4950
1496
2748
3891
4384
1748
3055
4088
4830
1858
2748
3413
4384
1371
2889
3914
5011
1419
2985
3914
4858
