895
198
414
119
846
555
161
489
161
847
728
129
29
555
555
232
837
607
607
32
120
80
185
166
30
50
30
50
30
50
922
424
630
783
110
103
572
714
572
708
1
1001
30
1001
782
782
998
206
178
797
216
797
216
414
119
226
916
493
855
855
999
777
424
181
254
115
574
115
414
702
575
995
575
93
878
847
490
763
58
763
696
222
696
784
605
119
592
468
976
468
481
430
886
607
431
774
96
774
96
578
96
828
186
50
430
763
608
820
117
955
608
634
608
634
608
186
592
998
824
360
458
1013
458
579
458
441
458
1013
31
1013
31
1013
605
360
321
286
423
896
232
607
316
321
594
995
286
775
775
180
540
846
774
575
330
790
903
693
774
688
578
719
292
688
1004
185
535
763
634
608
676
674
58
808
634
608
634
784
775
540
395
648
539
648
539
578
115
627
115
272
184
933
115
414
922
441
780
175
575
161
330
620
785
333
688
32
688
330
995
992
431
272
504
194
96
96
777
424
15
743
577
743
96
574
96
908
226
763
763
1013
222
784
908
687
333
316
468
32
995
922
540
540
430
916
217
493
922
620
855
48
855
493
855
574
855
493
186
226
181
161
115
777
790
785
837
743
800
578
115
416
702
272
575
878
330
161
330
620
15
169
15
103
688
574
330
185
688
272
330
161
186
974
846
783
58
808
801
217
574
855
414
992
540
846
103
555
797
963
627
846
48
555
574
957
326
957
957
660
226
268
155
233
658
687
978
349
349
774
216
216
216
272
186
272
846
30
980
922
424
311
903
259
103
423
979
31
411
272
272
154
161
154
324
456
687
333
759
30
32
120
207
866
540
766
103
30
103
866
1008
311
441
6
714
259
326
8
708
782
470
430
175
349
411
216
937
333
846
916
217
493
855
493
855
272
702
184
414
592
1008
853
320
575
103
575
103
330
878
688
119
120
468
468
161
481
998
431
178
431
634
96
995
96
540
186
585
468
103
468
922
620
228
783
441
910
502
910
457
314
430
575
878
575
161
847
119
476
978
539
115
578
115
67
414
414
272
846
916
217
217
855
790
783
110
535
316
468
457
457
468
272
572
998
430
349
349
216
687
837
759
846
175
217
493
855
540
540
535
846
349
349
1000
228
783
910
648
846
574
555
787
957
797
477
1387
2660
3171
4316
1061
2459
4020
4937
1243
2862
3078
4478
1610
2591
3708
4648
1746
2880
3796
4480
1896
2482
3502
4785
1915
2787
3883
4816
1915
2913
3687
5025
1961
2811
3143
4495
1896
2223
3175
4358
1555
2971
3829
4813
1674
3007
3892
4942
1867
2421
3314
4665
1674
2219
3883
4432
1409
2913
3377
4945
1094
2914
3710
4317
2035
2635
3847
4900
1945
2346
3603
4916
2032
2630
3366
4117
1437
2952
3978
4119
1975
2190
3801
4928
1824
2851
3449
4207
1984
2347
3555
4974
1166
2343
3829
4378
1535
2645
3793
5036
1193
2463
3244
4442
1390
2591
3339
4487
1158
3070
4014
4906
1755
2468
3889
4177
1541
3015
3394
4176
1351
2430
3339
4430
1860
2061
4014
4619
1526
2677
3149
4248
1631
2153
3339
4346
1410
2430
3780
4161
1410
2482
3846
4886
1234
2906
3104
4713
1743
2424
3398
4680
1132
3015
3814
4482
1789
2572
3082
5028
1770
3066
3198
4864
1666
2215
3834
4650
1867
2980
3356
4422
1410
2219
3400
4891
1410
2722
3517
4497
1689
3057
3724
4619
1931
2858
3859
4821
1314
2156
3859
4593
1146
2885
3184
4639
1848
2857
3385
4886
1693
2058
3363
4341
1389
2520
3758
4790
1323
2865
3101
4509
1211
2226
3446
4801
1436
2288
4085
4409
1146
2632
3745
4330
1469
2520
4033
4264
1709
2279
3336
4726
1691
2642
3565
4230
1125
2364
4085
4190
1635
2091
3671
4933
1391
3051
3442
4306
1280
2457
3645
5035
1132
2977
3082
4892
1813
2343
3082
4114
1051
2165
3705
4971
2031
2275
3670
4897
1262
2885
3336
4901
1391
2637
4085
4653
1664
2945
3876
4801
1176
2658
3259
4739
1623
3029
3532
4579
1978
2371
3650
4565
1437
2408
3867
5023
1490
2125
3650
4227
1844
2967
3175
4570
1293
2684
3648
4389
1978
2673
4010
4113
1528
2574
3832
4692
1490
2677
3201
4178
1312
3051
3953
4419
1132
2533
4007
4702
2006
2419
3540
4538
1243
2459
3554
4925
1210
2640
3234
4856
1518
2640
3857
4495
1484
2749
3832
4888
1472
2327
3236
4488
1258
2327
4047
4741
1552
2103
3381
4391
1706
2993
3801
4621
2026
2640
3313
5082
1442
2105
3814
4141
1667
2153
3120
4315
1069
2502
3734
4372
1518
2113
3829
4966
1518
2297
3294
4202
1389
2212
3644
4528
1472
2388
3454
5061
1146
2359
3538
4127
1210
2980
3820
4139
1539
2746
3737
4570
1640
2879
3304
4193
1491
2728
3480
4386
1980
2478
3665
4175
1178
2252
4082
4452
1255
2547
3406
4878
1612
2105
3484
4409
1612
2978
3426
4551
1691
2830
3961
4731
1806
2978
3581
4133
1612
2978
3484
4168
1980
2484
3961
4736
1806
2730
3797
4878
1860
2830
4082
4791
1667
2721
3485
4698
1559
3024
3671
4675
1586
2151
3913
4198
1492
2888
3159
4946
1582
3024
3383
4946
1730
3024
4066
4289
1255
3024
3106
4728
1734
2507
3913
4207
1596
2148
3512
4946
1844
3024
3581
4838
1176
2834
3223
4946
1437
3024
3918
5016
1391
3024
3849
4796
1280
2360
3098
4598
1057
2329
3576
5112
1391
2591
3913
4452
1998
2325
3304
4726
1588
2228
3735
4908
1709
2857
3729
4733
1391
2890
3685
5030
1798
3035
3685
5100
1565
2765
3514
4946
1159
2528
4083
4755
1325
2771
3321
4587
1742
2874
3427
4841
1053
2087
3419
4450
1053
2155
3686
4455
1470
2243
3663
4470
1101
2911
3581
4230
1063
2383
3449
4274
1567
2709
3650
4993
1567
2121
3449
4964
1645
2308
3707
4498
1963
2481
3201
5028
1938
2288
3707
5028
1938
2302
3686
4715
1897
2081
3096
4937
1042
2859
3555
4641
1081
2481
3230
4473
1798
2340
4005
4561
1031
2169
3663
4337
1846
2913
3454
4937
1040
2826
3665
4139
2004
2206
3458
5004
1326
2339
3927
4230
1938
2339
3688
4396
1600
2546
3429
5004
1644
2364
3733
4371
1975
2339
3605
4956
1385
2339
3605
4103
1683
2908
3429
4924
1584
2480
3602
4416
1838
2513
3521
4989
1739
2948
3622
4100
1855
2948
3883
4537
1814
2513
3242
4139
1840
2886
3791
4542
1176
2513
3733
4617
1892
2165
3447
4898
1832
2498
4031
4100
1940
2801
3512
4538
1081
2721
3179
4201
2004
2511
3808
4696
1293
2077
4095
4440
1683
2834
3217
4223
1205
2834
3796
5075
2004
2834
3625
4696
2004
2834
3230
5009
1674
2834
3883
4444
1674
3046
3492
4440
1507
2834
3855
5098
1533
2834
3400
4645
1205
2834
3137
4440
1346
2236
3855
4645
1205
2834
3662
4873
1205
2751
3651
4582
2004
2699
3808
5109
1205
2077
3156
4645
1205
2751
3808
4936
1503
2834
3634
4476
1205
2834
3960
4550
2004
2834
3231
4894
1961
2684
3364
4585
1961
2494
3274
4582
1637
2967
3822
4179
1081
2599
3234
4878
2018
2599
3315
5064
1938
2599
3325
4234
1985
2599
3602
4980
1156
2913
3775
4180
1105
2599
3733
5064
1718
2599
3676
4980
1878
2323
4063
4548
1878
2156
3075
4545
1878
2983
3592
4740
1390
2983
3558
4478
1105
2599
3460
4253
1984
2418
4013
4844
1156
2815
3091
4548
1985
2599
3770
4990
1359
2730
3924
4203
1351
2253
4036
4282
1105
2101
3208
4684
1535
2323
3498
4190
1535
2966
3452
5105
1535
2757
3993
4522
1735
2731
3602
4855
1783
2922
3850
4919
1638
2122
3847
4741
1500
2568
3797
4117
1576
2967
3252
4846
1464
2565
4038
4133
1980
2766
3793
4194
1178
2123
4082
5073
1806
2479
3347
4638
1854
2991
3104
4731
1314
2358
3556
4137
1514
2172
3427
4516
1829
2749
3354
4960
1760
2297
3409
4475
1255
2061
3799
5103
1787
2953
3556
4741
1427
2095
3354
4524
1406
2390
3188
5103
1387
2186
3522
5103
1612
2332
3813
4478
1584
2283
3797
4328
1984
3066
3573
5043
1691
2953
3797
4124
1785
2579
3287
4721
1596
2665
3211
5010
1838
2776
3910
4324
1683
2388
3385
4377
1678
2440
3753
4754
1975
2630
3753
4617
1346
2862
3247
4620
1178
2513
3377
4124
1806
2513
3116
4100
1806
2568
3372
4617
1081
2888
3642
5066
1878
2228
3814
4269
1343
2693
3429
4741
1681
3047
3372
4684
1975
2329
3094
4403
1406
2339
3688
4490
1975
2337
3367
5076
1691
2497
3198
4933
1828
2513
3156
4469
1681
2513
3292
4500
1424
3028
3705
5063
1820
3070
3688
4118
1784
2121
3356
4833
1211
2743
3505
4967
1469
2482
3141
4739
1672
2147
3845
4865
2024
2887
3953
4477
1472
2147
4016
4320
1484
2408
3578
4213
1518
2921
3517
4641
2026
2546
3339
4997
1258
2123
3183
4266
1518
2498
4084
5112
1210
2833
3570
4122
1258
2354
3274
5097
1728
2723
3918
4882
1210
2529
3805
4210
1258
2712
3864
4923
1728
2511
3413
4314
1967
2810
4005
4143
2045
2888
3237
4096
1518
2487
3179
4826
1348
3010
3672
4350
1210
2874
3166
4894
2045
2765
3705
4943
1620
2380
3409
4490
1874
2105
3644
4248
1567
2691
3251
4846
1655
2448
3833
5023
1028
2851
3615
5107
1806
3059
3819
4820
1555
2128
3320
4965
2024
2600
3484
4906
1980
2076
4013
4264
1636
2684
3797
4681
1468
3034
3484
4293
1837
2601
3851
4194
1868
2565
3878
4845
1868
2746
3339
4328
1996
2525
3208
4203
1555
3065
3641
4551
1915
2752
3797
4826
1915
2591
3082
4109
1806
2868
3317
4248
1612
2689
3833
4248
1980
2090
3082
4098
1824
2278
3425
4911
1940
2939
3288
4948
1608
2803
3910
4254
1255
2941
3157
4262
1255
2378
3084
4699
2031
2792
3430
4242
1255
2378
3840
4295
1737
2715
3157
4189
1980
2274
3103
4967
1681
2175
3157
4629
1555
2847
3884
4144
1771
2941
3596
4753
1307
2866
4074
4254
1507
2967
3618
4948
1677
2434
3133
5010
1453
2652
3369
4254
1534
2522
3470
4309
1533
2394
3910
4586
1883
2938
3637
4629
1734
2507
3676
4345
1427
2436
3292
4262
1361
2847
3538
4376
1655
2448
3840
4768
1852
2945
3421
4995
1472
2941
3157
4941
1409
2164
3685
4262
2001
2788
3764
4948
1674
2434
3913
4561
2022
3024
3960
4207
1350
3024
3689
4495
2004
2198
3396
4440
1402
3024
3156
4198
1961
3024
3480
4652
2004
2312
3456
4878
1402
2198
3396
4591
1947
3009
3844
5030
1789
2699
3878
4505
1327
2453
3405
4751
1732
3015
3281
4465
1681
2581
3339
4638
1094
2833
3441
4954
1828
2667
3363
4893
1862
2390
3373
5028
1867
2703
3321
4122
1728
2540
3340
4788
1864
2115
3208
4928
1031
2297
3786
4505
1880
2424
3619
4248
1848
2848
3101
4703
1217
3066
3559
4456
1967
2229
4073
4687
1580
2570
3094
4553
1926
2852
3094
5021
1552
3045
3702
4208
1286
2245
3403
4149
1484
2664
3567
4264
1552
3045
3815
4960
1706
2144
3419
4475
1640
2071
3475
5013
1472
2852
3502
4392
1532
2327
3502
4475
2026
2245
3502
4475
1518
2675
3720
4137
1926
2174
3440
4719
2020
2260
3682
4826
1286
2245
3682
4826
1640
2848
3120
4831
1518
2749
3900
4621
1484
2852
3137
4207
1552
2327
3538
4223
1258
2327
4093
4243
1552
3064
3251
4274
1448
2228
3787
4138
1442
2712
4019
4721
1980
2228
3800
4227
1442
2277
3187
4863
1612
2448
3547
4923
1919
2344
3875
4957
1919
2946
3734
4096
1919
2277
3529
4099
1919
2728
3352
4966
1667
2723
3357
4967
1501
2179
3780
4908
1269
2492
3949
4941
1314
2723
3776
4675
1518
2601
3753
4227
1469
2622
3289
4617
1518
2984
3916
4741
1269
2511
3916
4731
2024
2498
3916
4122
2024
2377
3916
4786
1782
2935
3916
4255
1612
2255
3749
4845
1526
2089
3849
4103
1250
3047
4082
4757
1612
2429
3998
4953
1980
2101
3345
4779
1806
2600
3833
4979
2024
2728
3797
4400
2024
2332
3591
4881
1612
2856
3587
4194
1636
2128
4082
4983
1806
3059
3484
4733
1661
2720
4045
4194
1464
2343
4082
4745
1734
2307
4093
4629
1518
2830
3096
4780
1534
2774
3427
4696
1828
2807
3513
4864
1340
2436
3366
4780
1953
2360
3439
4698
1725
2252
3856
5104
1612
2989
3797
4400
1828
2489
3386
4382
1636
2121
3422
4862
1806
2407
3082
4382
1612
2627
3082
4846
1980
2638
3327
4980
1953
3029
3797
4656
2024
2877
3446
4133
1612
2868
3797
5072
1980
2626
3354
4111
1387
2714
3177
4891
1973
2360
4082
4546
1831
2492
3760
4784
1448
2811
3390
4896
1552
2283
3817
4524
1706
2527
3941
4997
1640
2458
3854
4117
2020
2601
3339
4628
1533
2587
3579
4478
1852
2664
3511
4856
1536
2372
3168
4277
1255
2464
4022
4122
1580
2311
3814
4264
1464
2852
3917
4477
1840
2327
3104
4737
1987
2673
3184
4675
1989
2528
4065
4538
1992
2337
3439
4201
1392
2762
3439
4760
1436
2844
3364
4435
1464
2631
3844
4157
1912
2959
3702
4328
2031
2224
3208
4643
1193
2429
3470
4507
1468
2665
3900
4891
1620
2920
3739
4172
1217
2906
3077
4925
1464
2661
3235
4757
1868
2215
3296
4153
1691
2657
3274
4821
1606
2311
3604
5071
1031
2314
3242
4274
1838
2486
3631
4201
1565
2215
4094
4726
1812
2313
3771
4891
1031
2223
3328
4465
1838
2906
3737
4721
1565
2695
3348
4218
1410
2223
3542
4465
1868
2262
3856
4620
1409
2869
3710
4727
1555
2429
3439
4366
1746
2880
3834
4599
1920
2307
3454
4244
1728
2544
3141
4583
1409
2963
4036
4185
1489
2967
3814
5011
1330
2512
3712
4397
1132
2465
3877
4733
1410
3065
3857
5010
1390
2589
3768
5028
1332
2061
3785
5043
1509
2093
3581
4945
1536
2715
3194
4928
1427
2320
3161
5028
1307
2088
3339
4324
1880
2463
3171
4732
1998
2253
3917
4561
1937
2787
3356
4881
1937
2186
3115
4964
1915
2156
3582
4648
1984
2374
3175
4648
1354
3066
3934
4613
2045
2219
3439
4697
1404
2498
3971
4432
1404
2460
3595
4210
1789
2105
3126
4721
1674
2198
3463
4671
1813
3038
3791
4364
1583
2498
4033
4599
1979
2885
3940
4422
1057
2850
3945
4508
1367
2516
3589
4719
2045
2619
3910
4706
1782
2533
3419
4798
1539
2236
3953
4328
1599
2186
3583
4597
1848
2647
3826
4692
1880
2966
3453
4386
1718
2348
3997
4640
1255
2602
3739
4988
1283
2591
3245
4285
1475
2463
3820
4362
1985
2182
3394
4227
1369
2168
4053
4646
1312
2880
3096
4337
1283
2746
3822
4510
1475
2983
3248
4193
1599
2880
3676
4692
1937
2677
3649
4497
1867
2966
3452
4924
1635
2876
3549
4374
1583
2672
3822
5012
1554
2133
3104
4776
1664
2644
4019
4985
1351
3023
3872
4149
1789
2596
3660
4412
1535
2825
3844
4536
1867
2283
3526
4713
1652
2467
3094
5043
1755
2090
3970
4337
1896
2460
4019
4915
1161
2977
3832
4187
1392
2815
3502
4739
1410
2438
3119
4897
1583
2054
3488
4320
1867
2912
3478
4678
1635
2528
3877
4149
1057
2812
3205
4300
1533
3007
3682
4422
1029
2623
3742
5007
1565
2665
3149
4379
1217
2360
3949
4646
1217
2249
3980
4418
1029
2540
3672
5050
1558
2516
3916
4560
1029
2249
3400
4625
1583
2083
4008
5010
1739
2629
3711
4436
1985
2802
3711
4341
1176
2115
3605
4502
1217
2374
3711
5047
1217
2774
3964
4603
1107
2599
3126
4754
1107
2280
3881
4702
1782
2682
3889
4354
1107
2608
3407
4872
1935
2156
3373
4490
1107
2965
3208
4700
1330
2253
3949
4537
1107
2506
3380
4702
1369
2787
3582
4648
1918
2090
3496
4548
1935
2802
3439
5020
1551
2752
3358
4928
1917
2684
3176
4166
1739
2320
3650
4153
1739
2647
3704
4392
1880
2527
3480
4203
1734
2647
3786
4419
1340
2684
3978
4818
1105
2090
4081
4937
1327
2979
3470
4907
1258
2457
3137
4099
1446
2218
4090
4595
1472
2852
3579
5039
1706
2464
4022
5010
1580
2892
3549
4117
1472
2296
3974
4634
1706
2327
3137
4099
2026
2245
3234
4475
1372
3070
3573
4634
1258
2327
3197
4174
1552
2103
3363
4475
1307
2848
3644
4255
1210
2249
3925
4826
1330
2565
3375
4766
1728
2073
4013
5020
1967
2856
3236
4474
1612
2715
3702
4452
1330
3066
3810
4468
1973
3010
3524
4349
1335
2635
3542
4628
1425
2759
3444
4409
1123
2524
3444
4647
2030
2781
3625
4409
1586
2374
3082
4401
1053
2251
3631
4509
1297
2752
3620
4638
1819
2807
3554
4116
1507
2731
3883
4936
1734
2856
3733
4133
1072
2807
3517
4936
1211
2992
3416
4194
1534
2448
4067
4788
1636
2278
3918
4788
1211
2167
3240
4454
1159
2927
3892
4248
1330
2851
3082
4320
1728
2459
3499
4399
1210
2148
3082
4772
1612
3025
3377
4808
1258
2094
3201
4792
1728
2484
4005
4426
1953
2275
3081
4760
1448
2165
3385
5030
1968
2462
3389
5054
1975
2769
3555
4808
1400
2188
3197
4443
1400
2913
3312
4766
1600
2911
3796
4495
1142
2856
3312
4786
1963
2081
3796
4863
1681
2684
3707
4295
1938
2063
3796
4574
1608
2081
3502
4696
1081
2911
3692
4277
1081
2063
3416
4621
1734
2481
3356
4289
1929
2081
3317
4284
1581
2088
3363
4322
1025
2105
3838
4185
1734
2554
3506
4686
1597
2693
3742
4622
1705
2309
3506
4686
1661
2612
3437
4999
1410
2646
3294
4650
1410
2535
3697
4705
1231
2272
3827
4825
1292
2182
4070
4187
1686
2206
3425
4705
1670
2087
3703
4178
1027
2554
3366
4388
1558
2913
3468
4256
1725
2499
3955
4443
1484
2386
3776
4356
1027
2105
3280
4452
1963
2947
3463
4220
1380
2544
3602
4891
1221
2118
3347
4443
1288
2134
3730
4857
1027
2225
3630
4526
1952
3010
3631
4599
1933
3029
3378
4691
1156
2212
3243
4965
1608
2096
3484
4507
1612
2114
3663
4194
1980
2547
3153
4613
1482
3059
3807
4194
1806
2132
3681
4925
1894
2407
3927
4881
1186
2094
3236
5037
1258
2499
3225
4598
1596
2498
3878
4893
2026
2712
3793
4503
1706
2238
3339
4679
2020
2572
3339
4400
1242
2090
3339
5045
1518
3033
3422
4300
2026
2486
3834
4634
1484
2723
3663
4957
1618
2963
3872
4230
1210
2913
3854
4867
1258
2823
3430
4918
1472
2535
3943
4641
1948
2811
3720
5010
1518
2928
3644
4621
1484
2940
3943
4798
1967
2767
3773
5078
1401
2487
3366
4223
1948
2071
3786
4866
1472
2852
4081
4277
1258
3045
3702
4126
2026
2103
4063
4826
1518
2848
3586
4411
1840
2327
3780
4270
1956
3060
3464
4475
1618
2596
3137
4997
1176
2999
4041
4301
1967
2327
3949
4706
1367
2882
3211
5028
1973
2496
3949
4177
1297
2882
3822
4200
1707
2496
3773
5017
1348
2415
3941
4980
1782
2631
3323
4767
1993
2429
3247
5090
1159
2336
3758
4218
1409
2776
3495
4114
1610
2705
3091
4478
1940
2996
3517
4699
1794
2517
3333
4422
1880
2226
3872
5045
2045
2664
3922
4165
1530
2497
3796
4814
1479
2623
3650
4846
1479
2623
3628
4396
1984
2345
3106
4105
1387
2352
3413
4731
1864
2253
3320
4710
1864
3021
3292
4711
1828
2693
3567
4733
1728
2723
3768
4896
1448
2769
4041
4543
1546
2327
3443
4579
1401
2487
3366
4317
2026
2103
3234
4813
1501
2848
3138
4803
1926
2631
3097
4442
1967
2327
3184
4714
1258
3064
4065
4223
1948
2071
3193
4621
1472
2147
3135
4824
1693
2715
4022
4106
1828
2179
3115
4300
1691
2557
3381
4897
1528
2377
3682
4731
1479
2377
3624
4696
1479
2382
3812
4579
1479
2701
3094
4714
1753
2701
3484
4579
1984
2623
3622
4928
1608
2583
3145
4990
1072
2967
3724
4405
1511
2365
3292
4731
1072
2126
3137
4131
1987
2320
3569
4960
1808
2380
3565
4601
2031
2267
3963
4134
1806
2445
4019
4253
1584
3066
3202
4978
1984
2252
3790
4328
1555
2544
3136
4121
2024
2769
3363
4985
1824
2980
3136
4138
1784
2429
3385
4888
1820
2360
3459
4739
1612
2525
3478
4643
1258
2478
3577
4855
