128
5
178
753
153
761
807
504
864
506
209
193
571
797
709
1023
399
835
399
669
23
284
609
447
488
399
488
399
88
668
488
694
694
488
488
399
488
399
830
276
809
5
697
488
778
488
399
488
533
672
672
694
397
0
718
0
0
533
532
692
582
720
429
895
636
964
983
209
797
571
732
694
129
297
835
399
226
399
754
23
694
426
426
864
72
424
816
886
886
454
307
357
529
217
709
488
399
488
669
502
809
805
849
488
387
488
99
488
45
669
88
694
869
488
282
488
399
488
669
29
694
609
869
488
399
951
492
880
560
29
694
694
694
880
282
376
807
880
302
809
5
499
983
499
408
729
432
1005
23
23
62
426
572
214
214
337
1005
1005
276
809
191
357
551
1023
354
738
625
531
211
672
609
788
1009
788
39
788
1009
207
23
284
609
529
423
461
226
461
226
853
437
934
694
869
978
788
877
136
136
122
652
5
595
983
788
189
788
136
396
734
131
896
697
499
555
561
136
852
915
848
859
852
429
631
894
412
894
352
34
672
426
694
372
297
226
461
235
791
754
23
694
572
447
684
980
749
963
268
454
88
609
694
217
709
488
399
488
207
669
517
5
697
488
778
488
399
488
207
88
88
609
609
488
282
488
399
488
207
23
284
609
447
880
134
880
134
134
853
88
859
694
869
964
209
134
670
561
441
276
809
903
983
631
408
476
476
352
668
672
645
694
754
754
297
0
0
1009
830
5
809
1009
849
835
399
226
354
235
889
609
694
754
399
754
399
488
399
488
23
284
488
488
399
488
399
488
488
279
29
609
694
488
424
488
399
488
207
669
276
5
805
158
488
778
488
399
488
669
29
426
694
488
424
16
424
880
532
669
593
639
429
895
983
964
72
528
375
375
910
694
217
709
835
399
226
638
142
23
727
609
529
226
226
764
226
399
235
23
919
694
754
447
754
399
827
297
431
23
276
809
97
849
379
399
861
399
721
45
211
694
39
834
721
399
721
791
669
446
284
694
706
14
880
20
880
478
74
88
639
918
923
496
706
496
343
134
74
517
5
896
612
926
360
741
875
875
624
63
307
694
256
376
741
119
706
405
358
915
48
720
429
373
496
478
624
376
63
277
277
624
706
624
624
741
852
376
624
63
277
376
741
376
839
1489
2257
3342
4954
1838
2225
3442
4220
1327
2455
4041
4887
1397
2781
3663
4606
1748
2249
3904
4883
1456
2788
3231
5059
1928
2869
4077
4814
1628
2350
3904
4858
1748
2314
3891
4132
1653
2889
3824
4858
1653
2411
4039
4170
2041
2350
3904
5015
1365
2463
3653
4273
1327
2248
3915
4129
1172
3021
3942
4257
1077
2347
3705
4357
1485
2129
3608
4357
1701
2882
3942
4292
2006
2129
3719
4950
1557
2874
3940
4364
1812
2423
3909
4650
1519
2913
3976
4713
1083
2841
3907
4508
1104
2519
3396
4859
1703
2462
3413
4595
2006
2395
3789
4530
1886
2473
4027
4568
1788
2821
3491
4721
1703
2882
3389
4462
1714
2467
3506
4521
1583
2756
3215
4246
2012
2246
3475
4361
1218
2568
3410
4184
1557
2419
3903
4611
1209
2177
3813
4301
1519
2972
3413
5032
2006
2398
3540
4917
1519
2764
3540
4574
1209
2928
3907
4595
2046
2941
3709
4215
1209
2717
3789
4712
2006
2462
3560
4301
1886
2378
3690
4655
1969
2150
3925
4972
1755
2767
3981
5093
1867
2738
4006
4158
1392
2470
3662
4516
1896
3058
3520
4289
1327
2910
3929
4313
1519
2568
3437
4743
1714
2467
3366
4610
1557
2972
4065
4872
2035
3008
3478
4568
2035
2935
3713
4541
1317
2944
3827
5029
1788
2181
3940
4712
2046
2333
3862
4615
2046
2971
3182
4485
1896
2905
3088
4145
1755
2346
3860
4494
1354
2905
3208
4982
1327
3026
4065
4378
1284
3021
3185
4099
1347
2249
3496
4449
1347
2756
4077
4541
1317
3055
3827
4936
2046
2181
3907
4912
1317
2181
3719
4302
2046
2115
3561
4713
2046
2665
4006
4880
2046
2337
3560
5020
2046
2946
3868
4655
1896
2721
3690
4157
1801
2722
3492
4705
1659
2238
3719
4795
1659
2905
3907
4302
1392
2514
3980
4937
1700
2905
3970
4831
1557
2738
3242
4743
1345
3050
3940
4795
1903
2874
4006
4136
1903
2735
3970
4244
1334
2395
3496
4853
1334
2544
4006
4676
1334
2544
4006
4676
1334
3009
3398
4546
1248
2091
3900
4655
2046
2942
4006
4771
1896
2694
4043
4456
1327
3050
3900
4484
1875
3021
3185
4374
1814
2964
3747
4244
1535
2209
3728
4202
1557
2820
3728
4242
1755
2261
3771
4221
1755
2820
3916
4711
1755
2820
3916
4123
1755
2820
3657
4931
1755
2791
3929
4795
1755
2791
3329
4318
1261
2936
3608
4364
1755
2224
3990
4907
1457
2276
3782
4623
1777
3022
4041
5008
1896
2996
3869
4253
1755
2882
3727
4331
1516
2920
3966
4647
1606
3069
3929
4494
2006
3043
3216
4422
1896
2927
3909
4699
1764
2237
3841
5112
1606
2841
3283
4880
1966
2987
3815
5047
1905
2987
3888
4604
1589
2782
3933
5022
1895
2346
3107
4792
1720
2552
3107
4951
1720
2451
3283
4763
1519
2234
3914
5070
1755
2568
3815
4861
1327
2597
4000
4859
1485
2300
3662
5068
2000
2807
3503
4349
1515
2116
3398
4934
2023
2649
3727
4468
1457
2147
3422
4970
1049
2082
3715
4183
1748
2889
3613
4484
1252
2162
3782
4962
1748
2907
3924
4926
1252
2452
3526
4889
2023
2907
3904
4615
1457
3069
3653
4715
1651
3062
3662
4927
1523
2905
3724
5100
1769
2890
3694
4883
1396
2850
3558
4386
1392
2625
3413
4305
1896
3062
3520
4803
2006
2154
3676
4404
2006
3062
3316
4982
2006
2845
3283
4124
1626
2616
3732
4694
1886
3053
3283
4651
1982
3062
3331
4925
1979
3062
3577
4920
1960
3062
3955
4354
1519
2857
3283
4568
1940
2756
3811
4347
1327
2538
3226
4182
1517
3021
3451
4824
1631
3021
3203
4631
1831
2438
3542
4678
1925
2727
3283
4684
1426
3062
3964
4841
2046
2501
3283
4150
1896
3062
3928
5035
1905
2154
3165
4284
1547
2154
4090
5103
1519
2572
3226
5088
1714
3062
4046
4368
1949
3062
3907
4872
1347
2837
3283
4242
1523
2837
3283
4844
1867
2971
3995
4218
1830
2368
3602
4195
1270
2627
3811
4951
1755
3009
3533
4715
1119
2346
3695
4792
1519
2501
3503
5108
1589
2800
3283
5077
1690
2616
3226
4516
1347
2942
3603
4145
1299
3022
3997
4465
1347
2818
4090
4720
1857
2501
3791
4799
2035
2619
3283
4922
1317
3061
3719
4934
1347
2538
3283
4950
1516
2978
3603
4862
1958
2934
3410
4732
1397
2905
3976
4656
1397
2393
3606
4370
1155
2905
3982
4595
1248
2877
3742
4170
1349
2525
3095
4792
1349
3055
3674
4858
1232
3009
3933
5029
1777
2735
3782
4145
1155
2976
3933
4598
1155
2091
3413
4145
1347
2411
3511
5041
1777
3055
3952
4351
1583
2908
3310
5077
1828
2209
3830
4597
1397
2240
4090
4328
1397
2944
3095
5037
1397
2993
3388
4484
1397
2993
3903
4484
1334
2224
3903
5058
1232
2314
3903
4830
1349
2735
3903
4676
1349
2859
3903
4934
1248
3055
4072
5110
1628
2748
3868
5052
1628
2411
4072
4835
1777
2365
3747
4296
1801
3042
3914
4977
1503
2120
4070
5097
1826
2978
3094
4491
1407
2978
3410
4676
1485
2238
3662
4445
1635
3050
3951
4665
1216
2841
3504
4786
1690
2791
3802
4601
1047
3041
3595
5025
1097
2936
4093
4739
1300
2735
3257
4631
1803
2990
3839
4384
1487
2830
3950
4889
1487
2788
3893
4364
1561
2905
4042
4589
1200
3021
3893
4308
1397
2801
3284
5052
1959
2905
3880
5012
1397
2350
3914
4150
1409
2978
3718
4735
1104
2905
3215
5095
2001
2416
3475
4149
1554
2932
3841
4595
1300
2628
3538
4792
1155
3028
3325
4875
1457
2209
3554
4624
1561
2209
4077
5022
1700
2365
4077
4364
1701
2717
4077
5015
1561
2717
4077
4861
1523
2813
3782
4422
1218
2717
3232
4351
1655
2978
3878
4905
1485
2350
3938
5006
1216
2820
3942
5096
1982
2863
3293
4873
1703
2660
3632
4161
2032
2862
3743
4161
1083
2115
3937
4241
1083
2181
3500
4398
1764
2764
3747
4546
2032
2791
3990
4828
1764
2111
3787
4474
1519
2289
3783
4786
1764
2936
3398
4346
1626
2108
3787
4494
1626
2694
3772
4462
1931
2130
3976
4494
1867
2344
3762
4197
1489
2740
3740
4960
1690
2942
3715
4855
1083
2429
3747
4855
1896
2644
3783
4934
1519
2833
4093
4373
2032
3012
3933
4759
1519
2153
3238
4759
1764
2400
3358
4462
1519
2628
3500
4759
1764
2631
3661
4849
2028
2639
3990
5087
1519
2968
3182
4181
1327
2938
3897
5079
1327
2597
4053
4664
2032
2993
4077
4242
1519
2464
3198
4484
1925
2791
3098
5029
2028
2130
3676
5003
2046
2567
4091
4747
1690
2130
3335
4431
1925
2484
3881
4439
2035
2863
3783
4132
1481
2289
3818
5057
1955
3035
3783
4226
1047
2057
3880
4221
1659
2649
3783
4240
1764
3071
3933
4502
1396
2632
3966
4834
1788
2905
3844
4386
1392
2968
3816
4221
1557
2791
3826
4817
2035
2452
3783
4677
2046
2886
3437
4221
1481
2791
3783
4756
1047
2224
3985
4274
1047
2926
3095
4480
1047
2925
3265
4221
1047
2443
3095
5042
1047
2841
3095
4843
1047
2478
3095
5096
1690
2544
3335
4759
1594
2833
3740
5075
1327
2437
3271
4173
1284
2208
3297
4397
1959
2905
3783
5018
1097
2419
3924
4629
1300
2941
3698
4244
1300
3041
3383
4681
1047
2478
3335
4221
1300
2944
4053
4221
1300
2156
3632
4221
1300
2942
4053
4221
1589
2162
3675
5077
1884
3043
3965
4802
1895
2978
3739
4221
1807
2978
3778
4829
1567
2862
3342
5095
1521
2703
3979
4604
1652
3021
3366
4608
2035
2905
3856
5042
1248
2978
3935
5079
1160
3050
4053
5077
1884
2332
3850
4201
1991
2130
3601
4756
2046
2054
3719
4120
1345
2544
3783
4983
2035
2889
3719
5059
1700
2925
3504
4875
1701
2813
3843
4955
1792
2697
3608
4838
1666
2210
3653
4741
1535
2650
3814
4606
1755
2498
3510
4919
1119
2383
3710
4494
1626
2693
3846
4318
1626
2402
3976
4414
1701
2314
4077
4801
1626
2741
3303
4795
1755
3029
4005
4771
1700
2925
3443
4795
2046
2412
4072
5096
1155
3009
3335
4134
1777
2411
3783
4862
1047
2262
3198
4373
1232
2651
3778
4625
1397
2990
3862
5096
1824
2142
3232
4296
1397
2735
3182
4481
1397
2525
3777
4817
1347
2564
3727
4715
1317
2119
3095
4893
1720
2868
3671
4145
1417
2936
3270
5040
1720
2627
3296
5059
1349
2655
3904
4145
1349
2419
4087
5018
1694
2721
3164
4751
1884
2874
4005
4901
1955
3017
3824
4830
1939
2243
3189
5059
1327
2133
3885
4759
2012
3033
3324
4828
1557
2333
3478
4788
1626
2756
3327
4852
1104
2333
3534
4592
1896
2415
3634
4715
1637
2415
3270
4943
1209
2415
3791
4157
1788
2415
4000
4546
1690
2452
3777
4485
1764
2366
3631
4355
1083
3059
3724
4461
1083
2525
3540
4972
1119
2185
3307
4337
1191
2770
3307
4661
1583
3005
3307
4469
1769
3021
3226
4961
1789
2848
3780
4713
1403
2123
3512
4099
1315
2641
3596
4643
1240
2383
3396
4799
1817
3062
3743
4485
1426
3062
3710
4351
1703
3064
3283
4673
1209
2120
3133
5031
1426
3062
3548
4694
1426
3062
3845
4108
1209
3062
3768
4306
1209
2536
3864
4477
1315
3062
3310
5056
1046
3021
3352
4190
1367
2890
3215
4783
1426
3062
3137
5011
1714
2536
3987
4149
1179
3062
3375
4770
1209
2120
3644
4849
2006
3062
3925
4283
1714
3062
3713
4260
1209
3062
3907
4629
1714
3062
3403
5006
1209
3062
3964
4462
1714
3062
3493
4519
1547
3062
3331
4758
1966
3062
3483
4397
1059
2180
3189
4195
1535
2234
3325
5087
1755
2337
3271
4454
1392
2815
3985
4414
2046
3000
3300
5089
1690
2240
3509
4672
1547
2344
3888
4713
1589
2786
3413
4814
1345
2462
3540
4338
1884
2416
3739
4739
1349
3062
3907
4876
1248
2789
3859
4595
1777
3022
3276
4313
1903
2789
4008
4889
1397
2764
3690
4221
1327
2150
3885
4987
1397
2150
4072
4145
1397
2741
3940
4747
1349
2905
3976
4132
1748
2800
3987
4460
1456
2905
3950
4955
2041
2813
3933
4919
1252
2694
4079
4384
2041
2813
4072
5058
1859
2813
3904
5052
1859
2592
3750
4351
1859
2566
3108
4539
1859
2961
3891
4837
1363
2961
3108
4769
1487
2905
3839
4170
1931
2209
4088
4414
1127
2340
3673
4457
1487
2330
3819
4950
1487
3050
3750
4615
1487
2162
3777
4858
1487
2748
3725
4858
1487
2411
3904
4858
1419
2813
4006
4771
1900
2877
4006
5118
1454
2694
4072
4858
1499
2472
3987
5015
1419
2452
3777
4950
1561
3022
3777
5112
1701
2976
4054
4705
1626
2393
3474
4457
1878
2463
3232
4836
1509
2801
3662
4665
1664
2289
3728
4821
1690
2105
3839
4931
1216
3022
3934
4384
1216
2119
3327
4620
1519
3055
3377
5112
1216
2506
3534
4844
1175
2588
3660
4920
1347
2567
3111
4526
2000
3012
3284
5112
1076
3012
3903
5058
1363
2905
3673
5095
1363
2905
4079
4876
1363
2905
4079
4858
1363
2889
3891
4539
1363
2883
4061
5052
1700
2883
4004
4494
1317
2905
3477
4539
1589
2985
3814
4875
1807
2070
3872
5018
1334
2567
3259
4510
1252
2162
3111
5012
2000
2883
3812
4771
1334
2604
3782
4835
1345
2219
3325
5052
1899
2564
4039
4460
1175
2090
3950
4152
1896
2494
3190
4853
2012
2978
3379
4937
1830
2868
3663
5068
1998
2246
3104
4128
1720
2462
3772
4195
1892
3062
3136
4713
1179
2987
3072
4931
1044
2383
3907
4737
1044
2383
3521
5017
1054
2789
3856
4931
1426
2841
3416
5070
1179
3005
3485
4156
1054
2462
3603
4621
1587
2161
3447
4181
1622
2262
3428
4364
1557
2443
3780
4625
2038
2516
3691
4546
1392
2538
3791
4558
1392
2958
3844
5072
1714
2703
4036
4939
1209
2346
3637
4845
1714
2154
3670
4644
1179
2154
3383
4624
1714
2154
3907
4475
1209
2770
3283
4301
1714
2154
3403
4818
1519
2451
3283
4503
2006
3062
3283
4827
2006
3062
3404
4351
1960
2095
3283
4262
1218
2756
3888
4334
2012
2589
3709
4933
1788
2905
3744
4739
1867
3062
3995
5037
2046
3062
3181
4971
1703
3062
3929
4949
1519
3062
3964
4431
2006
3062
3964
4997
2006
3062
4033
5106
1714
3062
3670
4663
1867
3062
3383
4730
1519
2501
3283
4568
1519
3062
4000
4770
1317
3062
3940
4500
1982
2761
3425
4096
1825
2337
3608
4759
1867
3062
3727
5063
1392
2625
3226
4783
1583
3062
3252
4853
1896
2247
3815
4370
1896
2346
3226
4684
1966
3062
3928
4827
1714
2451
3283
4917
1788
2234
3226
4099
1966
2619
3283
4449
1714
3062
4046
4260
1905
3062
3710
4612
2046
3062
3607
4961
2046
2913
3283
4150
1392
2462
3283
4620
1327
2558
3182
4970
1174
3021
3669
4982
1798
2905
3503
4826
1905
2882
3509
4105
2035
3008
3276
4436
2035
3062
3535
4671
2035
2788
3283
4229
1788
2580
3804
4595
1788
2746
3283
4722
1457
2293
3907
4195
1788
3062
4064
5090
2046
2226
3283
4766
2046
2789
3283
4687
1519
3062
3639
4278
1557
2568
3215
4684
1109
2764
3917
4230
1607
2284
3976
4111
1397
2182
3870
4449
1899
2568
3878
4320
2035
2928
4041
4398
1317
3062
3727
5029
1248
3022
3764
4553
1347
2859
3705
4145
1899
2628
3413
4853
1899
2738
3413
5094
1155
2415
3447
4431
1496
2568
3727
4197
1690
2815
3736
4985
1349
2942
3783
4938
1397
2889
3743
5058
1425
2686
3917
4680
1812
2868
3979
4198
1485
2868
3413
5108
1812
2498
3645
5078
1635
2498
3329
4561
1635
2968
3365
5027
1755
2538
3413
5072
1755
2250
3684
4422
1867
2741
3862
4422
2025
2946
3088
4711
1248
3007
3935
4907
1628
2748
3965
5012
1047
2484
3856
4681
1701
2738
3919
4951
1485
2775
3542
4878
1397
2717
3807
4962
1327
2815
3792
4139
1392
2963
3256
4189
1905
2121
3903
4562
1886
2800
3864
4593
1905
2987
3585
4648
1720
2987
3490
4921
1720
2932
4033
4419
1955
2868
3804
4587
1966
2979
3293
4672
1905
2841
3734
4370
1788
2800
3143
4368
1995
2219
4087
4763
1327
2916
3942
4195
2012
2915
3662
5018
1788
2663
3314
4612
1583
2691
3780
5018
1317
2368
3300
4921
1368
3008
3095
4269
1054
2738
3511
4942
1054
2604
3500
4725
1607
2313
3265
4625
1394
3012
3727
4921
1368
2944
3942
4661
1054
2484
4039
4132
1607
2224
3880
4629
1515
2883
3747
5079
1054
3051
3839
4774
2038
2349
3072
4487
2038
2546
4077
4120
1651
2150
3210
4857
1250
2589
3621
4884
1523
2219
3997
4739
1720
2333
3107
4848
1216
3009
3780
4693
2046
2293
4053
5033
2032
2054
3976
5112
1317
2580
3385
4539
1759
2415
3694
4232
1690
2695
3283
4368
1896
2508
3095
4292
1764
2996
3359
4533
2035
3022
3550
4684
1788
2918
3991
4149
1327
2597
3205
5058
1218
2297
3662
5068
1998
2498
3772
4897
1188
2508
3318
5116
1788
3022
3674
4970
1788
2701
3762
4783
1815
2619
3649
4852
1801
2070
3684
5058
1047
2272
3929
4589
1835
2494
3580
4547
1300
2800
4052
4766
1659
2854
3997
4817
1300
2811
3486
5027
1924
2618
3869
4714
1700
2565
3401
5072
1700
2070
3684
4468
1700
2944
3478
4937
1397
2150
3819
4927
1397
2985
3498
4299
1300
2897
3839
4197
1300
2922
3309
5047
1300
2313
3935
5047
1659
2775
3802
4132
1628
2997
3559
5112
1456
2248
3984
4291
1653
2489
3914
5027
1858
2791
3107
4519
1252
2877
3868
5058
1628
3071
3478
4487
1327
2052
3251
4905
1397
3071
3951
4926
1077
2052
3880
4349
1397
2717
3885
4962
1628
2248
3891
4414
1748
2700
3914
4985
1879
2985
4009
5058
1879
2735
3942
5089
1748
2248
3824
5058
1456
3071
3880
5015
1252
2411
4077
4170
1628
2162
3914
4931
1858
2985
3107
4170
1748
2248
3891
5012
1363
2985
4088
5052
1800
3042
3608
4456
1629
2463
3876
4519
1062
2696
3341
4839
1755
2540
3327
5118
1659
2985
3413
4414
1561
2314
4077
5112
1777
2905
3901
4950
1911
2813
4054
4934
1349
2985
3904
4150
1911
2411
3764
4824
1928
2452
4077
4950
1803
2592
3824
4926
1419
2467
3839
4654
1252
2248
3901
5118
1419
2452
3498
4926
1843
2907
3727
5114
1046
3021
3232
4938
1487
2803
3458
4862
1487
2097
3727
5110
1748
2788
4077
5110
1150
2788
3782
5114
2023
2869
3965
5110
1748
2801
3782
5052
2043
2467
3824
4494
1879
2985
4009
4934
2041
2350
4009
5118
1363
2350
3891
4858
1363
2566
3891
5052
1363
2788
3108
4962
1363
2788
3725
5015
1363
2788
4077
5052
1487
2694
4091
4539
1363
2907
4077
5015
1487
2907
3885
4320
1363
2350
3891
4494
1363
2905
4088
5052
2041
2592
3725
4311
2041
2248
3725
4858
1499
2985
3891
4835
1499
2592
3108
4962
1499
2961
3891
4837
1859
2472
3891
4837
1499
2592
3987
4837
2041
2248
3750
4769
1419
2985
3782
4747
1814
2854
3780
4308
1443
3034
3458
4690
1059
3066
3854
4937
1659
2284
3120
4937
1557
2986
3998
4967
1561
2986
4052
4875
1700
3021
3268
4318
2046
2746
4006
5052
1903
2097
3878
4351
1561
2788
3901
4414
1777
2544
3868
5110
2023
2248
3725
4335
2023
2314
3715
5118
2023
2248
3377
4962
1803
2788
3542
5052
2023
2788
3965
4170
2023
2748
3802
4384
2023
2813
3824
4934
2023
3050
4077
4624
1748
2109
3504
4771
1748
2350
3777
4950
1496
2869
3782
5110
1653
2907
3284
4335
1157
2885
3987
5118
1803
2350
3880
4835
1653
3071
4054
4858
1252
2248
4072
4335
1419
2989
3750
5015
1252
3071
3966
4858
1252
2165
3891
4858
1419
2788
3891
4835
1419
2788
4077
4335
2023
3071
3725
4335
2023
2946
4061
4747
1803
2907
3802
4835
1803
2907
3987
4508
1803
2869
4072
5114
1803
3055
3893
4170
1803
2350
4009
4335
1803
3055
4009
4983
