186
617
617
43
43
461
499
481
8
481
147
62
205
153
461
886
886
357
156
148
759
998
185
83
330
501
354
835
399
99
487
45
487
214
214
34
359
34
670
205
34
766
766
297
782
669
156
613
310
849
83
387
226
354
142
46
948
948
562
571
357
732
447
835
399
830
279
226
764
827
791
431
619
156
281
397
697
226
185
948
461
948
432
506
209
797
279
167
191
536
531
738
764
423
764
531
764
423
791
431
365
401
805
849
530
432
139
279
219
464
8
464
774
279
193
551
1023
447
835
764
827
279
827
399
827
791
431
619
281
805
697
487
214
14
530
153
528
864
464
506
464
506
529
797
551
1023
709
835
304
310
282
891
207
431
669
10
874
158
137
387
149
171
501
826
861
570
861
826
211
497
861
570
370
214
14
153
14
570
702
570
706
619
490
281
969
89
530
89
702
14
645
14
645
297
372
279
372
214
14
14
864
432
506
464
219
209
147
0
147
782
156
728
849
572
778
738
279
171
721
214
14
153
279
14
730
910
551
572
826
738
279
827
1012
149
207
827
490
281
805
158
986
14
139
985
139
464
219
14
72
441
830
14
357
551
754
709
217
614
137
38
83
330
501
490
131
805
158
789
387
789
99
467
79
789
79
789
45
669
497
487
447
487
46
117
279
234
706
34
72
34
619
241
148
730
536
56
536
171
738
79
438
79
438
207
279
438
571
899
14
1005
985
72
14
877
504
34
864
209
506
156
728
849
1023
778
835
279
789
354
789
531
789
45
789
977
137
79
487
79
986
279
139
464
72
34
864
765
956
728
849
1023
778
684
354
332
354
325
99
325
581
279
717
640
551
608
163
83
163
137
99
83
330
501
830
490
401
805
158
646
387
646
354
646
890
646
890
646
45
669
529
646
826
646
890
669
279
646
531
646
890
669
365
281
805
158
890
646
171
646
890
890
890
137
890
669
279
205
501
526
16
99
601
45
330
501
389
826
431
490
652
805
158
200
596
986
46
205
464
234
8
234
279
279
575
499
530
89
461
66
279
481
199
89
481
481
410
802
148
697
540
530
89
530
323
199
189
921
189
34
348
167
542
77
189
461
8
279
205
189
202
89
20
410
241
98
730
372
551
536
354
738
99
16
614
83
330
279
211
977
389
484
1626
2983
3504
5075
1083
2983
3581
4655
1626
2105
3323
4410
1626
2206
3514
4559
1626
2148
3323
4680
1083
3035
3723
4292
1083
2957
4039
4705
1083
2105
3091
4462
1626
2567
3377
4855
1626
2323
3132
4659
1626
2898
3078
4721
1216
2730
3711
4705
1216
2280
3822
4895
1626
2496
3380
4119
1216
3035
3094
4194
1703
2946
4082
4967
1626
2922
3247
4456
1626
2121
3813
4275
1626
2225
3833
4721
1626
2547
3868
5082
1626
2323
3253
4197
1626
2730
3577
4970
1216
2599
3849
4895
1626
2730
3704
4615
1984
2484
3320
4978
1216
2599
3270
4615
1940
3029
4013
4970
1938
2259
3560
5033
1063
2229
3593
4741
1225
2166
4095
4736
1464
2561
3820
4991
1691
2544
3608
4162
1608
3071
3154
4498
1396
2352
3091
4283
1910
2599
3256
4891
1938
2730
3352
4147
1719
3038
3210
4948
1719
2971
3276
4153
1348
2716
3615
4254
1617
3033
3189
4254
1844
2143
3244
4320
1719
2451
3742
5030
1874
2913
3861
4421
1246
2695
3832
5107
1437
2884
3540
4325
1961
2214
3303
4352
1257
2914
3288
4171
1257
2430
3130
4740
1961
2076
3839
4963
1674
2914
3728
4886
1637
2913
3738
4333
1626
3000
3166
4881
1083
2531
4038
4705
1083
2691
3385
4921
1985
2289
3307
4845
1626
2802
3247
4638
1396
3042
3764
5106
1626
2133
3931
4338
1626
2434
3673
4234
1626
2434
3123
4906
1452
2920
3965
4874
1396
2419
3950
4629
1617
2114
3599
4443
1854
2787
3681
4727
1910
2684
3912
4988
1778
2599
3955
4878
2042
2844
3515
4320
1294
2257
3938
4888
1910
2349
3820
4259
1294
2257
3938
5102
1176
2794
3311
5102
1158
2784
3805
4487
1468
2089
3367
4716
1255
2547
3372
4872
1246
2281
3210
4610
1246
2105
3074
5102
1854
2206
3758
4387
1617
2913
3829
4201
1254
2143
3087
4285
1502
2333
3771
4561
1254
2782
3687
4881
1824
2730
3657
4820
1424
2857
4093
4133
1838
2613
3218
4275
1626
2936
4036
4510
1626
2764
3154
5030
1830
2185
3119
5107
1830
2212
3119
4949
1396
3039
4013
4927
1597
2321
3681
5099
1950
2121
3082
4604
1455
2857
3521
4532
1455
2932
3199
4332
1455
2818
3802
4439
1597
2184
3933
4314
1240
2830
3739
4370
1424
2054
3547
4636
1424
2544
3241
4829
1083
3008
3118
4407
1982
2282
3381
4175
1814
2262
3790
4988
1564
3022
3199
4532
1874
3022
3912
4335
1666
2184
3939
4451
1666
2349
3132
4498
1455
2511
3338
4882
1455
2260
3660
4898
1455
2609
3639
4174
1455
3022
3801
4133
1455
2968
3098
4407
1133
2660
3937
5112
1053
2436
3104
4612
1970
2830
3224
4316
1158
2833
3215
4440
1915
2833
3488
4697
1424
2442
4019
4259
1838
2442
3737
4444
1800
2321
3305
4136
1814
2275
3517
4374
1939
2085
3504
4653
1489
2085
3833
4759
1626
2085
3868
4540
1812
2612
3749
4177
1250
2833
3296
4965
1830
2905
3216
4561
1485
2830
3727
4965
1535
2510
3628
4111
1812
2949
3811
4316
1597
2085
3815
4103
1830
2083
3098
4561
1812
2225
3259
4624
1455
2085
3446
4776
1930
2284
4077
4994
1846
2344
3660
4564
1846
2077
3970
4717
1424
2501
3965
4633
1424
2552
3819
4215
1424
2451
3807
4178
2032
2121
3868
5040
1526
2561
3736
4972
1940
2277
4038
4175
1874
2596
3496
4508
1814
3034
3496
4264
1874
2333
3674
4180
1812
2731
3447
4782
1874
2932
3721
4118
1666
2133
3811
4119
1455
3000
3811
4396
1940
2344
3246
4307
1424
2544
4024
4648
1424
2243
3195
4457
1028
2888
3383
4741
1158
3066
3639
4315
1031
2932
3738
4931
1424
3066
3195
4936
1424
2957
3231
4440
1565
2085
3847
4259
1410
2684
3447
4173
1359
2208
4031
4930
1535
2809
3639
4964
1485
2097
4042
4416
1365
2054
3885
5109
1735
2091
3662
4890
1161
2978
4039
4890
1359
2054
3467
4444
1516
2978
3314
4810
1535
2350
3510
4534
1535
2834
3198
4119
1359
2208
4048
4621
1535
2830
3195
5094
1365
3063
3982
5069
1485
2985
3802
4516
1348
2225
3913
4654
1453
2933
3625
4893
1402
2731
3770
4874
1961
2275
3302
4127
1910
3029
3619
4831
1910
2275
3504
4163
1910
2275
3923
4121
1754
2731
3990
4774
1123
2699
3707
4127
2014
2731
3661
4443
1136
2561
3516
4163
1874
2928
3607
4163
1936
2081
3547
5090
1455
2491
3530
4382
1597
2848
3504
4856
1083
2921
3812
4117
1240
2284
3354
4258
1424
2245
3202
4756
1674
3029
3178
4997
1412
2452
3600
4407
1734
2210
3884
4627
1702
2853
3971
4440
1868
2143
4031
4453
1323
2731
3480
4639
1940
2225
3802
4556
1083
2243
3364
4358
1455
2552
3107
4743
1626
2274
3940
4121
1626
2530
3237
4945
1626
2425
3492
4234
1565
2206
3884
5037
1083
2796
3791
4830
1626
2851
3950
4302
2012
2225
3504
4638
1407
3021
4091
5096
1535
2530
3942
4857
1535
2225
3885
5091
1535
2412
3325
4494
2012
2764
3802
4324
1695
3021
3940
4942
1485
2253
3819
4235
1626
2253
3735
4349
1626
2986
3082
5026
2032
2347
3449
4364
1430
2913
3953
4936
1874
2913
3591
4870
1719
2588
3142
4918
1719
2326
3735
4965
1525
2364
3485
4119
1525
3028
3892
4965
1424
2334
3485
4127
1254
2117
3485
4561
1525
2899
4024
4587
1246
2547
3687
4953
1186
2603
4003
4175
1147
2326
3288
4965
1719
3007
3485
4133
1525
2847
3395
4339
1854
2833
3187
4157
1854
2364
3691
4309
1719
3028
3084
4976
1314
2716
3414
4109
1225
2891
3867
4748
1464
2884
3687
5078
1838
2427
3738
4814
1246
2923
3642
4282
1254
2940
3401
4872
1719
2684
3130
4940
1719
2851
3473
5039
1617
2997
3288
4151
1763
3015
3195
4196
1411
2833
4077
4180
1854
2850
3269
4414
1386
2257
3269
4426
1246
2137
3494
4264
1270
2214
3452
4561
1254
3015
3989
4496
1719
2940
3617
4772
1424
2137
3215
5007
1246
2850
3641
4965
1246
2459
3195
5025
1254
2939
3738
4743
1674
2716
4024
4180
1535
2629
3859
5108
1830
2914
3329
4965
1535
2430
3890
4969
1674
2850
3890
5037
1535
3057
3131
4636
1341
2833
3819
4670
1485
3042
3924
4332
1485
2883
3978
4203
1535
2085
3248
4431
1365
2599
3804
4849
1485
2162
4077
4854
1535
3017
3719
4098
1535
3003
3195
5043
1535
2644
3757
4616
1485
2119
3890
4731
1359
2208
4082
4276
1365
2993
3804
4234
1365
3041
3757
4379
1485
2944
3685
4743
1734
2210
3496
5107
1661
2835
3850
4487
1868
2781
4019
4615
1323
2957
3806
4788
1813
2862
3439
4881
1485
2949
3802
5026
1813
3035
3802
4639
1396
2942
3195
4478
1626
2936
3741
4638
1813
2851
3965
4526
1083
2564
3231
5093
1626
2616
3747
4233
1083
2672
3515
4743
1626
2320
3437
4551
1161
2320
3238
4743
1351
2090
3970
4473
1637
2459
3739
4194
1718
2801
3859
4845
1718
2830
3291
4684
1365
2632
3231
5024
1396
2791
3217
4149
1666
2830
3705
4117
1626
2738
3914
4763
1626
2639
3503
4551
1626
2738
3195
4960
1396
2693
3136
4248
1535
2473
3256
4717
1535
2944
3195
4456
1535
2323
3591
4648
1359
2085
4053
4791
1535
2494
4013
4800
1396
2599
3704
4726
1485
3017
3231
5107
1485
2942
3819
4980
1396
2968
3441
4559
1824
2511
4082
4510
1455
2249
3753
4234
1034
2879
3833
4414
1346
2089
3345
4444
1346
2964
3166
4696
1424
2612
3608
4387
1424
2967
4042
4731
1301
3029
3262
4234
1771
2685
3495
4407
1176
2855
3138
4936
1910
3029
3704
4898
1915
2184
3938
4755
1083
2180
3530
4743
1565
2629
3241
4766
1915
2225
3925
4540
1455
2544
3928
4881
1083
2344
3231
4453
1083
2200
3444
4636
1982
2344
3909
4180
1083
2802
3231
4455
2032
2600
3259
4332
1813
2280
3913
4447
1626
2600
3613
4564
1083
2424
3730
5039
1396
2255
4079
4119
1626
2463
3719
4379
1626
2628
3498
4681
1626
2801
3777
4519
1583
2697
4065
4972
1679
2705
3719
4133
1773
2699
3498
5045
1608
2275
3540
5039
1608
2275
3247
4189
1608
2699
3381
4234
1814
3000
3931
4980
1874
2815
3247
4845
1812
2567
3202
4839
1455
2584
3098
4881
1982
2344
3739
4307
1081
2567
3797
4301
1424
3000
3685
4839
1424
2815
3699
4239
1424
2913
3547
4472
1424
2470
3602
4285
1424
2844
3202
4275
1424
2848
3986
4457
1332
2746
3610
4112
1301
2577
3381
4414
1569
2826
3879
5042
1929
2629
3602
4875
1915
2062
4031
4411
1940
2454
3364
4713
1813
2225
3551
4875
1830
2801
3473
4559
1818
3021
4075
4788
1365
2667
3885
4452
1535
3036
3154
4533
1535
2514
3829
4845
1964
2076
3662
4670
1964
2802
3437
4414
1564
2076
3961
4422
1813
2600
3186
4120
1626
2567
3893
5018
1626
2350
3890
4494
1083
2360
3824
4859
1824
2452
3498
4194
1812
2731
3998
4844
1216
2877
3890
4743
1597
2957
4088
4972
1083
2833
3598
4176
1424
2770
3580
4244
1424
2394
3081
4194
1961
2486
3833
5082
1385
2137
3796
5063
1254
2770
3892
4178
1719
2333
3130
4701
1525
2284
3226
5027
1396
2990
3367
4648
1455
2089
3291
4716
1257
2599
3663
4287
1246
2571
3687
4814
1824
2950
3485
4691
1854
3053
3650
4890
1763
2588
3267
4785
1617
2600
3707
4788
1854
2588
3587
4585
1617
2289
3879
4894
1176
2794
3859
4427
1176
3053
3386
4656
1468
2832
3409
4526
1255
2132
3516
4423
1617
2733
3541
4585
1257
2076
3872
4382
1617
2206
3466
4355
1257
2076
3390
4226
1854
2834
3620
4965
1975
2600
4095
4197
1975
2128
3651
4803
1617
2154
3516
4258
1075
2782
3716
4814
1617
2326
3075
4645
1257
2161
4077
4312
1617
2326
3596
4124
1246
2898
3074
4585
1257
2128
3313
4187
1617
2257
3075
4470
1257
2161
3924
4189
1854
2770
3816
4215
1824
2292
3354
5105
1257
2128
3343
4643
1617
2770
3216
4621
1984
2161
3198
5064
1824
2292
3637
5105
1257
2123
3209
4650
1606
2997
3380
5117
1583
2085
3293
4852
1485
2629
3558
4924
1485
2599
3437
4491
1485
2599
3347
4789
1485
2898
3573
4478
1216
2905
3681
4697
1485
2280
3237
4926
1626
2730
3997
5069
1396
2802
3812
5032
2032
2898
3919
4161
1216
2154
4083
4846
1626
2489
3498
4814
1083
2644
3247
4194
1408
2105
3079
4615
1256
2086
3889
4175
1868
2309
3195
4776
1255
2940
3918
4302
1783
2085
3504
4989
1846
2513
3620
4881
1783
2912
3890
4509
1424
2920
3075
4721
1874
2920
4077
4532
1424
2920
3600
4532
1874
2693
3486
4854
1424
2912
4083
4924
1874
2912
3909
4733
1437
2283
3393
4924
1874
2693
3634
5105
1424
2912
4083
4757
1874
2462
4077
5105
1437
2644
4083
4551
1874
2978
3149
4845
1844
2898
3855
4258
1844
2850
3558
4757
1844
2876
3589
4538
1844
2615
3075
5107
1480
2744
3931
4843
1626
2730
3839
4756
1626
2599
3604
4885
1626
2599
3325
4965
1626
2599
3531
4178
1626
2599
4053
4318
1964
2277
3662
4881
1964
3003
3854
4617
1626
2731
3812
4244
1626
2085
3401
4685
1626
2898
3560
4770
1216
2730
3398
4354
1626
2599
3760
4318
1626
2599
3932
4318
1964
2599
3608
4426
1573
2085
3410
4742
1535
2540
3920
4845
1365
2916
3909
4416
1573
2278
3508
4236
1297
2527
3092
4283
1234
3028
3319
4871
1468
2652
3075
4437
1255
2416
4032
5064
1844
2966
3373
4532
1437
2600
3647
5064
1424
2076
3137
4797
1617
2731
4042
4663
1264
2205
3738
4458
1617
2148
3189
4910
1257
2479
3494
4353
1854
2185
3394
4457
1763
2752
3296
4497
1854
2497
3253
4619
1257
2600
3087
4470
1854
2289
3274
4215
1617
2176
3620
4470
1257
2161
4014
4443
1617
2731
3216
5034
1257
2479
3466
4237
1246
2731
3393
4354
1257
2128
3187
4354
1246
2137
3711
4507
1246
2802
3101
4610
1824
2646
3732
4497
1348
2280
3307
4141
1083
2947
3382
4944
1674
2731
3760
4281
1637
2898
3758
4318
1626
2607
3406
4636
1485
2649
3231
5107
1485
2923
3585
4846
1516
2085
3195
4893
1156
2940
3728
5069
1626
2599
3662
4786
1216
2599
3909
4514
1083
2730
3152
4803
1485
2599
3625
4456
1087
2923
3393
4881
2012
2730
3174
5119
1913
2393
3663
4232
1314
2514
3075
4878
1225
2940
4091
4320
1464
2497
3217
4776
1880
3066
3890
4474
1437
2326
3931
4189
1874
2501
3939
4839
1824
2451
3715
4620
1424
2770
4000
4414
1984
2185
3075
4894
1866
2770
3336
4340
1824
3066
3993
4770
1424
2751
3242
4726
1984
2326
3474
4482
1874
2746
3674
4730
1824
2914
3156
5107
1424
2588
3540
4544
1984
2957
3464
4651
1455
2497
3496
4532
1874
2872
3284
4532
1679
2802
3923
4414
1679
2957
3912
4354
1950
2731
3486
4532
1874
2906
3498
4530
1814
2451
3585
4180
1246
2913
3244
4959
1257
2214
3847
4816
1257
2098
3793
4814
1396
3059
3958
4282
1824
2792
3953
4470
1617
2257
3867
4584
1617
2223
4077
4648
1396
2128
3449
5096
1257
2973
3254
4495
1975
2770
3605
4515
1396
2055
3867
4322
1237
2196
3642
4563
1237
3005
3349
5103
1237
3005
3879
4752
1975
2861
3567
4427
1975
2349
3999
4324
1975
2571
3264
4430
1514
2309
3430
4347
1225
2571
3156
4246
1464
2729
3867
4846
1868
2320
3275
5044
1975
2647
3130
4803
1814
2321
3250
4702
2021
2802
3246
5044
1868
2156
3130
4167
1237
2623
3595
4616
1105
2861
3515
4626
1975
2860
3467
4451
1975
2729
3597
4637
1528
2571
3959
4965
1985
2055
3515
4442
1294
2770
3819
4299
1105
2312
3554
4990
1814
2693
3130
4233
2021
2859
3515
4444
1814
2055
4090
4332
1975
2156
3999
4451
1878
2312
3175
4549
1975
2861
3606
5067
1105
2861
3999
4126
1718
2571
4016
4845
1718
2055
3117
4217
1528
2821
3999
4480
1975
2320
3984
4120
1617
2647
3130
4567
1237
3028
3819
4800
1975
2861
3130
4233
1975
2790
3275
4548
1617
2196
3175
4178
1105
2821
3275
5119
1718
2693
3515
4689
1975
2420
3291
5105
1528
2571
3469
4258
1985
2312
3148
5105
1975
2647
3130
4332
1975
3023
3275
4451
1814
2055
3464
4850
1314
2571
3730
4327
1225
2312
3908
5075
1464
2693
3130
4246
1691
2571
3921
5105
1257
2585
3130
4881
1975
2770
3473
4563
1237
2401
3787
4788
1975
2682
3130
4637
1975
2821
3473
4877
1975
2564
3959
4532
1985
2647
3231
5067
1237
2693
3726
4975
1828
2312
3441
4724
1237
2697
3231
4240
1257
2196
4059
5067
1396
2693
3180
4978
1718
2684
3999
4332
1985
2693
3180
4751
1985
2785
3669
5105
1779
2693
3247
4800
1828
2693
3171
4724
1270
2253
3441
4850
1828
2821
3867
4277
1412
3054
3978
4761
1975
2672
3540
4171
1412
2156
3819
4387
1985
2874
3247
4850
1396
2757
3641
4563
1812
2349
3832
5088
1985
2344
3246
4232
1753
2701
3246
4526
1165
2647
3608
4893
1105
2496
3796
4524
1105
3023
3796
4320
1718
2596
3659
4256
1718
2596
3791
4481
1535
2497
3323
4817
1396
2525
3091
4733
1985
2168
3529
4234
1985
2344
3603
4387
1985
2596
3171
4377
1522
2126
3549
4745
1158
2253
3086
4891
1468
2596
4013
4360
1255
2608
3246
4814
1985
2697
4019
4414
1565
2945
3247
4980
1915
2868
3415
4893
2001
2946
4077
4201
1431
2156
3777
4624
2001
2459
3174
4818
1396
2939
3526
4670
1161
2341
3951
4285
1896
2323
3739
4844
1460
2323
3783
5023
1516
2323
3726
4491
1564
2983
3770
4937
1485
2983
3407
4494
1485
2905
3685
4980
1485
2323
3997
4494
1565
2344
3415
4791
1626
2978
3237
4925
1452
2148
3777
4796
1396
2741
3848
5043
1626
2101
3890
4519
1626
2730
3095
4293
1626
2547
3247
4770
1626
2467
3777
4846
1626
2612
3247
5091
1626
2830
3154
5099
1626
2680
3890
5105
1626
2496
3384
5112
1626
2517
3107
4604
1626
2983
3132
4737
1626
2253
3154
5099
1626
2323
4052
4823
1985
2989
3091
4820
1985
2484
3415
4508
1396
2048
3091
4624
1626
2253
3736
5119
1626
2253
3496
4705
1626
2800
3890
4119
2002
2967
3986
4450
1464
2573
3622
4334
1970
2344
3415
4133
1158
2957
3091
4538
1813
2415
4091
4791
1701
2628
3826
4784
1396
2459
3976
4792
1083
2801
3154
4197
1626
2280
3976
5031
1216
2496
3795
4508
1626
2517
3825
5027
1396
2936
3704
4275
1396
2323
3177
4693
1396
2323
3270
4810
2032
2885
3620
4285
1813
2730
3415
5112
1396
2714
3154
4721
1626
2757
3498
4490
1396
2350
3323
4370
1610
2552
3247
4770
1396
2791
3109
4374
1396
2907
3951
4900
1626
2212
3107
4755
1396
2649
3950
5107
1396
2741
4039
4456
1396
2064
3782
5112
1626
2119
3154
4849
1396
3012
3685
4712
1216
2936
3323
5112
1626
2983
3903
4979
1626
2119
3701
4305
1626
2253
3368
4854
1626
2398
3526
4099
1606
2225
3557
4853
1626
2612
3822
4150
1626
2277
3822
4259
1626
2789
4036
4535
1396
2693
4036
4334
1485
2877
3210
4733
1830
2968
3504
4494
1365
2407
3555
4613
1084
2673
3378
4374
1225
2484
3246
4177
1464
2957
4085
4510
1455
2283
3511
4285
1866
2323
3993
4805
1730
2876
3195
4846
1783
2130
4019
4965
1984
2430
3323
4965
2027
2750
3608
4737
1984
2101
4019
4875
1365
2372
3320
4866
1365
2607
3231
4133
1814
2085
3231
4881
1984
2085
3195
4305
1824
2085
3890
4788
1984
2949
3600
5096
1485
2937
3246
4899
1409
2693
3675
4522
1406
2650
3154
4176
1985
2402
3662
4924
1406
2208
3675
4840
1862
2208
3549
4166
1932
3050
3754
4788
1932
3043
3232
4534
1830
2320
3280
4183
1165
2674
3339
4529
1165
2352
3246
4616
