186
617
807
73
511
665
311
866
469
732
112
79
112
194
654
337
586
677
302
787
75
997
4
115
898
740
786
740
111
788
301
672
469
77
116
788
71
788
696
70
653
677
301
469
144
77
111
224
111
224
111
224
1013
301
668
469
160
116
11
620
558
620
625
620
298
884
734
65
75
612
596
32
740
111
740
111
990
111
803
62
469
116
696
111
224
696
70
525
22
105
605
469
912
851
206
851
224
319
972
1013
1013
734
652
75
697
4
295
360
12
130
696
1013
638
832
866
469
500
360
206
324
500
972
696
1013
1013
589
866
469
144
769
12
12
369
130
177
951
463
348
866
469
876
500
324
511
369
696
108
311
405
3
605
491
422
476
807
411
454
454
894
454
557
652
520
52
28
28
231
94
231
94
786
539
715
45
469
44
695
44
695
44
713
723
695
298
715
62
866
51
509
231
509
476
46
507
978
507
298
348
469
160
422
695
173
695
183
695
249
512
953
490
10
159
204
898
740
898
740
786
740
573
740
865
469
144
77
898
11
254
152
96
152
96
865
468
469
469
144
96
11
898
6
96
152
96
623
865
865
469
144
11
96
183
130
249
96
183
96
348
734
65
184
540
761
898
898
623
96
96
183
348
866
469
144
96
11
96
12
130
96
821
638
677
542
542
469
103
6
103
6
96
96
96
358
787
75
184
637
4
103
740
6
103
103
103
677
711
469
144
870
96
152
96
96
183
18
96
348
866
469
144
121
819
18
18
507
96
249
249
348
469
469
96
11
96
12
769
183
96
623
96
866
469
144
144
6
96
958
6
103
6
103
74
365
787
75
612
637
360
740
6
466
958
466
53
865
469
469
466
152
466
466
152
466
152
466
795
62
469
42
466
152
466
783
138
783
466
327
795
560
469
42
783
138
327
138
327
138
327
707
787
98
753
808
140
1019
513
138
513
513
138
138
247
138
783
138
328
138
138
328
138
783
783
138
783
138
783
783
783
783
783
783
183
18
673
783
138
783
673
783
511
783
138
783
138
783
795
194
194
783
345
783
673
783
152
53
783
673
783
673
865
53
673
783
462
673
783
18
783
783
673
673
53
53
53
673
183
96
53
18
183
53
53
53
53
18
314
314
53
53
53
53
769
183
53
53
53
15
771
653
839
1317
3050
4053
4278
1417
2628
3094
4711
1589
2350
3269
4934
1815
2604
3675
4974
1815
2608
3935
4783
1815
2506
4053
4691
1417
2091
3526
5089
1815
2631
3710
4985
2025
2989
3876
4296
2035
2777
3925
5079
1801
2224
4052
4221
2035
2619
3313
4150
1317
2990
3674
4733
1788
2181
3261
4373
2003
2181
3504
4915
1690
2181
3368
4999
2035
2137
4006
4305
1801
2990
3913
4684
2035
2181
3825
4926
1690
2452
3690
5036
1690
2881
3653
4918
1519
2775
4051
4954
1775
2874
3924
4422
2032
2920
3684
4799
1279
2529
3216
4353
2032
2368
3337
4364
1814
2966
3560
4998
2032
2659
3189
4174
1814
2937
3591
4646
1314
2484
4073
4192
2001
2445
3235
4824
2010
2677
3719
4855
1287
2255
4053
4629
1703
2225
3839
4739
1759
2510
3964
4820
2008
2510
3843
4161
1669
2505
3325
4854
2028
2762
3082
5026
1703
2309
3675
4763
1606
2388
3736
4302
1947
2505
3517
4104
2032
2560
3409
4907
2032
2942
3924
5096
1637
2936
3809
4226
1950
2702
3191
4854
1857
2629
3831
4755
1886
2820
3111
4196
1925
2877
3507
4931
1925
2162
3304
4972
1925
2627
3257
4332
1925
2119
3521
5040
1669
2478
3478
4392
2001
2119
3072
4305
2028
2119
3552
4413
1519
2100
3469
4132
1947
2830
3660
4661
2006
2791
3487
5049
1857
2452
3965
5041
1857
2411
3862
5096
2032
2936
3673
4500
1857
2224
3715
4817
2032
3035
3843
4855
1583
2261
3257
4127
1925
2156
3997
5097
1925
2649
4053
4889
1886
2346
3647
4145
1481
2119
3783
4588
1882
2717
4053
4184
1519
2649
3243
4862
2028
2506
4005
4431
1947
2791
3377
4332
1914
2820
3198
4678
1448
2054
3738
5045
1857
2751
3335
4631
1857
2511
3307
4817
2025
2277
3659
4443
1925
2809
3162
4767
1622
2877
4053
4972
1925
2608
3901
4817
1481
3012
3259
4505
1955
2850
3673
4200
1931
2510
3764
5056
1519
2150
4014
4953
2028
2926
3209
4484
1519
2567
3881
4766
2032
2791
3675
4873
1914
2833
3890
4351
1991
2791
3649
4866
1047
2774
3849
5031
2032
2936
3605
5108
1857
2162
3965
4248
1867
3007
3950
4519
1925
2225
3896
4898
1583
2140
3297
4873
1925
3010
3310
5070
1519
2579
3869
4296
1519
2874
3778
4456
1209
2344
3604
4334
1519
2560
3604
4123
1606
2506
3604
4563
1596
2309
3092
4711
1159
2459
3347
4960
1694
2091
3802
4755
1743
2465
3675
4120
1743
2277
3270
4713
2035
2774
3865
4379
1588
2912
3111
4875
1585
3012
4053
4953
2001
3012
3110
4502
1925
2222
3506
4608
1519
2568
3966
4508
1519
2825
3764
4165
1519
2581
3419
4391
2028
2788
3951
4413
1914
2097
3248
4424
1857
2419
4032
4249
1857
2608
3494
4458
1991
2936
3398
4334
1991
2560
3831
4732
2025
2277
3778
4852
1949
2054
3111
4296
1607
3035
3597
4771
1622
2253
3887
4931
2034
2419
3297
4334
1955
2735
3778
4653
1955
2649
3649
4889
1481
2119
3335
4771
1481
2253
3951
4132
1914
2085
4014
4681
1895
2925
3951
4119
1775
2791
3649
4324
1775
2912
3552
4869
1991
2936
4053
4985
1867
2452
3876
4970
1824
2378
3990
4684
2032
2378
3274
4313
1925
2378
3335
4505
1886
2378
3270
4546
1886
2378
3831
4376
1481
2378
3887
4232
1587
2378
3542
4164
1481
2378
3335
4249
1481
2412
3951
4390
1914
2941
3174
4643
2028
2941
3265
5031
1775
2941
3881
4624
1054
2612
3859
4335
1857
2860
3437
5041
1991
2936
3437
5096
1991
2936
3870
4262
1925
2792
4053
4314
2035
3012
3133
4373
1925
2848
3133
4278
1786
2206
3558
4468
1780
2380
3297
4321
1481
2788
3881
4456
1188
2054
3095
4346
1588
2531
3577
4629
1287
2612
3437
4132
1347
2791
3904
4629
1815
2791
4053
4624
1815
2887
3437
4145
1815
2936
3925
4921
1857
2360
3843
4977
1895
2619
4054
4346
1815
3012
3950
4447
1622
2945
4074
4447
1815
2793
3704
5059
1955
3007
3530
4983
1564
2811
3888
5087
1817
2378
3166
4774
1481
2378
3526
4345
1694
2378
3217
4345
2046
2378
3880
4132
1694
2792
3622
4221
1892
2378
3500
5097
1991
2378
4039
4456
1991
2378
3889
5074
1991
2049
3582
4274
1991
2329
3888
4170
1991
2941
3111
4611
2035
2941
3888
4830
1585
2941
3630
5026
1481
2941
3869
4274
1054
2788
3901
5077
1481
2979
3437
4432
1481
2788
3437
4810
1807
2792
3966
5031
1914
2792
4008
4853
1775
2079
3413
4132
1720
2771
3198
4456
1347
2863
3369
5012
1720
2224
3369
4377
1991
2936
3327
4221
1991
2936
3967
4370
1991
2642
3095
4830
2035
2694
3950
4546
1622
2411
3542
5089
2035
2119
4008
4773
1481
2968
3437
4221
1995
2649
3148
4931
1884
2649
3413
4332
1515
2628
3413
5037
1777
2791
3335
4221
1690
2925
4042
5041
1054
2567
3154
4800
2046
2941
3500
4373
1895
2941
3870
4149
1991
2378
3889
4860
1991
2628
3111
4221
1991
2378
4052
4678
1317
2378
3442
4802
1347
2720
3133
4242
1317
2378
3869
4376
1347
2813
3369
4278
1317
2119
3901
4164
1481
2889
3967
4747
1481
2608
3967
4132
1317
2941
3464
4398
1368
2941
3335
4900
1895
2941
3724
4919
1815
2123
3904
4826
2025
2792
3737
4629
1991
2936
3464
4505
1925
2694
3987
5049
2032
2987
3552
4350
1626
2918
3074
4153
2032
2987
3269
4444
1925
2987
3829
4535
2035
3012
3552
4692
1622
2628
3511
4127
1884
2649
3325
4510
2023
2791
3413
4892
1807
2791
4008
4351
1175
2489
3325
4335
1626
2946
3809
4705
1701
2489
3739
5011
1701
2833
3990
4636
1626
2224
3183
5058
1626
2452
3111
4824
2032
2225
3260
5029
1690
3012
3976
4549
1469
2493
4066
4903
1782
2594
3954
4562
1707
2148
4077
4939
2006
2749
3504
4536
1426
2862
3604
4422
1610
2135
3547
4388
1452
2528
3241
4461
1452
3069
3138
4157
1452
2097
3925
4862
1452
2928
3913
4733
1610
2491
3860
4413
1759
2646
3913
4717
1452
2097
3138
4351
2032
2137
3925
4896
2035
2097
3082
4184
1925
2628
3381
4957
1925
2148
3199
4307
1669
2434
3600
4829
1452
2639
3743
4379
1669
2694
3742
4621
1896
2677
3621
4364
1519
2884
3468
4692
1452
3024
3514
4862
1690
2097
4067
4208
1857
3022
3293
4145
1857
2154
3800
4906
2032
2936
3130
4988
1925
2270
3753
5112
1925
2270
3178
5090
1764
2270
3734
4616
1564
2987
3401
5020
1519
2270
3800
4865
1519
2270
3243
4775
1519
2270
4027
5007
1452
2140
3142
5100
1519
2270
3266
4988
1216
2270
4027
4193
1136
2712
3523
4833
1597
2631
3900
4846
1240
2270
3582
4388
1707
2882
3772
4227
1452
2640
3703
5009
1452
2882
3925
4983
1452
2260
3600
4790
1925
3064
3600
4820
1815
2557
3413
4701
1519
2848
3865
4370
1426
2064
3990
4676
1857
2181
3389
4985
1857
2181
4065
4127
1925
2848
4006
4510
1426
2181
4019
4821
1801
2181
3699
5037
1519
2181
3530
5095
1519
2844
3552
4241
1287
2181
3925
4866
2032
2928
3540
5031
1083
2996
3575
4296
1452
2091
3091
4153
1452
2948
3951
4988
1788
3022
3296
4961
1452
2415
3583
4620
1523
2907
3269
4894
1452
3034
3570
4988
1523
2918
3603
4692
1764
2276
3916
4227
2028
2137
3570
4988
1519
2137
3570
4957
1519
2884
3178
4911
1703
3022
3734
5025
2032
2270
3800
5056
1481
3022
3580
4763
1396
2452
4052
5049
1688
2689
3443
5071
1369
2206
3884
4707
1857
2877
3138
4763
1409
3063
3976
4183
1588
2716
3586
5070
1828
2638
3916
4645
1409
2916
3398
4900
1565
2941
3938
5111
1597
3028
3766
4636
2001
2096
3530
4720
1669
2105
3896
5066
1950
2321
3235
4463
1703
2232
3572
5056
1925
2292
3449
4971
1771
2942
3964
4490
1993
2252
3810
4760
1925
2314
3088
4549
1771
2607
3585
4793
1216
2612
3394
4376
2006
2351
3880
4351
1828
2456
3810
4864
1452
2889
3974
4862
1824
2887
3736
4999
1759
3035
3465
4460
1771
2443
3526
4097
2006
2330
3536
4684
2032
2083
3919
4470
1703
2607
3647
4556
1409
2857
3187
4098
1824
2972
3699
4598
1886
2697
3673
4325
1409
2825
3284
5095
2006
2462
3210
5090
1703
2270
3257
4860
2001
2270
4084
4556
1409
2276
3352
4845
1299
2792
3531
4364
1519
2314
3505
4421
1703
2330
4079
4497
1949
2260
3542
4616
1949
2883
3403
4710
2010
2544
3310
5056
1299
3045
3945
4860
1949
2464
3485
4751
1817
3007
3753
4591
1817
2825
3743
4728
1409
2928
3903
5030
1426
3028
3252
4481
1703
2947
3572
4200
2028
2792
3982
4856
1949
2792
3674
4351
2001
2792
3687
4870
2028
3059
3384
4263
1480
2609
3133
4243
1703
2762
3940
5110
1523
2800
3839
4730
1839
2989
3844
4097
1949
2945
3073
4336
2035
2314
3395
5020
1867
2462
3764
5030
1949
3022
3456
4588
1585
2333
3210
4411
1299
2938
3085
4423
1589
2890
3966
4345
1216
2462
3687
4581
1519
2777
3485
4604
1690
2921
3981
4855
2028
2906
3485
4121
1896
2987
3737
4728
2001
2529
3634
4560
2028
2939
3210
4817
1949
2121
3687
4463
2001
3023
3572
4786
1627
2249
4024
4710
1785
2484
3201
5112
1588
2857
3952
4821
1217
2126
3985
4955
1588
3009
3456
4891
1519
2877
3210
4705
1588
2603
3893
4370
1589
2140
3094
4629
1216
2814
3094
5018
1519
2186
3990
5112
1209
2941
3325
4983
1588
2727
3085
4918
1426
3028
3555
4728
1426
2443
3581
4296
1690
2603
3872
4861
1299
2350
3596
4918
1583
2949
3485
4610
1519
2350
3702
4728
1481
3064
3868
4720
1557
2727
3307
4388
1669
2848
3536
4484
1867
2215
3782
4955
1519
2990
3210
5090
1452
2993
3485
4687
2001
2276
3428
4657
2028
2972
4027
4421
1991
3022
3760
4421
1519
2735
3210
4351
1589
2219
3183
4852
1896
2727
3686
4772
1519
3007
3707
5030
2025
2540
3158
4325
2032
2506
3990
4816
1669
2181
3687
4622
1844
2276
3560
4856
1606
2262
3951
4855
1925
2659
4051
4272
1426
2966
3210
4820
1788
2510
4053
4352
1743
2054
3485
4889
1519
2631
3810
4473
1925
2944
4032
4097
2025
2966
3942
4397
1519
2452
3530
4422
1925
2844
4006
4250
2032
2420
3555
4411
1426
2738
4006
5077
1240
2276
3297
4421
1519
2559
4006
4789
1925
2419
4006
4411
1857
2912
3990
4462
1966
2181
3485
4313
1683
2457
3632
5074
1146
2979
3536
4299
1588
2199
4051
4625
1287
2631
3706
4351
1287
2415
3710
5058
1044
2709
3297
4560
2032
2350
3210
4443
1287
2510
3639
4351
1764
2987
3335
4558
1519
2813
3485
4935
1807
2487
3941
4132
1519
2727
3485
4583
1764
2921
3536
4422
1867
2503
4042
5090
1764
2603
3747
4799
1764
2224
3485
4799
1690
2762
3868
4498
1209
2111
3217
4866
1452
2484
3844
4660
1764
2645
3982
4373
1703
2644
3210
5011
1991
2697
3210
4114
1690
2869
3990
4437
1831
2276
3398
4829
1583
2419
3703
4352
1481
2987
3778
4727
1690
2841
3764
4097
1519
2766
4022
4165
2001
2260
3555
4558
1209
2609
3485
4790
1867
2848
3672
4799
2046
3009
3786
4210
1690
3012
3335
4455
1690
2942
3485
4197
1519
2054
3485
4790
1867
2503
3925
4108
1452
2863
3831
4942
2006
2817
3706
4351
1801
2093
4052
4820
2006
2701
3210
4351
1801
3022
3778
4931
1801
2647
4005
4243
1714
2276
3470
4393
1867
2972
4072
4352
2006
2777
4014
4657
2046
3022
3078
4421
1690
2623
3804
4443
1764
2330
3235
5003
1690
2727
3555
4578
1884
3022
3175
5011
1589
3022
3870
4875
2035
2306
3924
4824
2007
2777
3536
4660
1315
2644
3596
4972
1209
2756
3687
4523
1317
3022
3536
4897
1547
3022
3456
4411
1452
3023
3210
4908
1481
2749
3687
4792
1690
2724
3485
4460
1714
3028
3340
4422
1547
2735
3413
4711
1690
2888
4014
4860
1801
2856
3778
4431
1347
3022
3887
5096
1635
2608
3237
4192
2035
2421
3210
4443
1690
2603
3708
4374
1690
2398
3485
5041
1547
2913
3659
5008
1857
2937
3950
4351
1392
2093
3541
4942
1703
2701
4036
4351
2046
2398
3555
4864
1703
2758
3754
4727
1519
2270
3485
4498
1759
2253
3340
4097
1519
2920
3536
5041
1315
2971
4051
4997
2046
3022
3567
5027
1519
2608
3111
4888
1867
2270
3485
4489
1519
2920
3536
4351
1925
2398
3456
4351
1044
2868
3210
4175
1519
2603
3463
4097
1867
2093
3901
4549
1519
2937
3687
4488
1535
2564
3932
4558
1629
2529
3422
4853
1038
2741
3558
4562
1815
2406
3942
4504
1192
2529
3485
5096
1287
3022
3335
4894
1299
3022
3684
4942
1759
2135
3210
4784
1287
2270
3778
4766
2035
2623
3918
4220
1287
2814
3257
5031
1287
2253
3604
4918
1519
2746
3485
4324
1287
3043
3536
4684
1801
2647
3942
4351
1287
3028
3335
4942
1583
2972
3687
4853
1867
2777
3478
4411
1831
2306
3778
4117
1452
2343
3536
4919
1886
2498
3115
4942
1867
2659
3687
4799
1519
2720
3536
4411
1452
2964
3536
4766
1635
2644
3684
5030
1519
2774
3447
4919
1867
2503
4053
5027
1867
2430
3687
5027
1949
2270
3825
4918
1867
2453
4032
5020
1519
2644
3450
4921
1452
2815
3270
4942
2001
2529
3210
4655
1635
2306
3741
4484
1519
2939
3952
5027
1925
2489
3210
4856
1635
2506
3877
4894
1626
2085
3900
5027
1703
2712
3261
5027
1896
3035
4056
5027
1703
2529
3500
4911
1452
2989
3925
4220
1857
2697
3603
4194
1867
2966
3742
5095
1635
2791
3504
5027
1583
2979
3377
4795
1755
2945
3368
4220
1635
2714
3485
4621
1867
2529
3536
5093
1452
2565
3403
4942
1626
2208
3984
4352
1626
2306
3231
4465
1755
2767
3734
4292
1651
2935
3727
5027
1635
2529
3951
4494
1830
2848
3603
4193
1392
3022
3657
4220
1535
2307
3652
5027
1896
2793
3210
4220
1755
2270
3670
5027
1755
2918
3786
4581
1755
2712
3964
4522
1755
2330
3097
4353
1651
2791
3536
4313
1755
2777
3210
5027
1535
3000
3690
5027
1755
2789
4051
5027
1535
2544
3665
4420
1755
3022
3976
4422
1535
2647
3604
4872
1535
2564
3944
4244
1408
2660
3393
4814
1250
2209
3971
4494
1813
2121
3587
4474
1812
2206
3231
5096
1753
2270
3747
4397
1565
2787
3259
5049
1535
2130
4053
4376
1846
2419
3841
5011
1565
2529
3760
4615
1535
2627
3632
5029
1846
3066
3231
4613
1565
3011
3603
4814
1535
2645
3576
4763
1664
2402
3890
5064
1565
2905
3304
5077
1535
2740
3876
4150
1535
2276
3877
4838
1250
2544
3416
4977
1535
2820
3959
4864
1535
2485
3394
4936
1626
2972
3231
4318
1535
2659
3237
5093
1626
2789
3576
4422
1485
3043
3526
4414
1535
2350
3843
4549
1535
2497
3919
5117
1564
2874
3870
4723
1635
2695
3444
4681
1583
2796
3486
5105
1867
2874
3523
4919
1424
3023
3862
5077
1824
3071
3288
4898
1535
2667
3728
4640
1485
2452
3270
4418
1351
3007
3685
4197
1535
2100
3525
5018
1824
2918
3598
4931
1874
2905
3684
4453
1867
2424
3778
4921
1535
2421
3925
5027
1940
2918
3900
4853
1755
2419
3699
4911
1396
2990
3523
4120
1635
2133
3413
4593
1825
2321
3931
4322
1564
2990
3777
4826
1635
2869
3148
4189
1583
2260
3912
4539
1626
2905
3547
4627
1626
2478
3810
4494
1993
3043
3933
4629
1940
2123
3096
4755
1161
2944
3603
4414
2001
2971
3751
4459
1409
2552
3802
4710
1635
2912
3585
4414
1583
2972
3413
4733
1985
3071
3603
4802
1867
2912
3942
4411
2028
2333
3307
4988
1635
3055
3781
4397
1519
2094
3994
4928
1867
2525
4053
4972
1635
2419
3254
4220
1626
2793
3884
4628
1626
2905
3241
4454
2032
2477
3514
4120
1583
2874
3929
4786
1788
2939
3437
5037
1583
2972
4077
4637
1412
2545
4017
5069
1985
2264
3583
4414
1606
2986
3259
5003
1867
2489
4032
5089
1396
2429
3335
4194
1216
3043
3741
4994
1896
2567
3904
4328
1690
3055
4088
4589
2032
2434
4053
5020
1216
2119
3976
4150
1635
2347
4077
4624
2001
2695
3365
4589
2028
3008
3515
4972
1824
2535
4083
4787
2001
3028
3777
4800
1626
2564
3368
4638
2046
2818
3764
4800
1896
3055
4084
4145
1409
2083
3824
4411
1651
2964
4006
4389
1824
2531
3909
4653
2001
3022
4053
4861
1635
2430
3380
4432
1583
3041
3931
4985
2028
3043
4077
4113
1635
3050
3257
5025
1867
3041
3740
4853
1519
2253
3764
4560
1426
2365
3890
4457
2028
2939
3870
4184
2032
3023
3839
4717
2001
2276
3107
4613
1519
2883
3824
4624
1047
2877
3335
4809
1583
2398
3887
5049
1771
2181
3199
4821
1635
2421
3373
5059
1585
2912
3095
4680
2028
2735
4053
4927
2034
2467
3226
4684
1874
2944
4008
4559
2028
2868
3335
4830
1047
2564
3438
4193
1209
2694
4010
4519
1714
2567
3198
5039
2032
3043
3804
4853
2028
2942
3237
4373
1949
2912
3719
4861
2001
2972
3652
4985
1690
2419
3237
4411
2001
2928
3684
4526
1831
2820
3521
5056
1519
2162
3970
4739
1035
3008
3364
4953
1867
3041
3447
4657
1519
2966
3585
5018
1690
2133
3582
4906
2046
2735
3205
4150
2028
2748
4052
5110
1690
2419
3198
4221
1519
2260
3862
5011
2035
2253
3950
4150
2001
2920
3107
4774
1925
2912
3804
4322
1949
2054
3259
5079
2001
3023
3909
4194
1368
3008
3111
4950
1857
2647
3447
4934
1905
2944
3413
4384
2028
2478
3950
5112
1519
2979
3719
4505
1690
2608
3952
4926
2025
2874
3890
4197
1949
2820
3674
5118
2035
3008
3942
4838
1905
2989
3802
4490
1905
2564
3783
4411
2035
2631
3778
4919
1317
2623
3925
4763
1589
2912
3690
4111
2035
2552
4053
4950
2046
2945
3778
5059
