128
617
110
617
73
208
656
73
656
55
55
792
306
926
547
930
727
1016
1016
408
408
408
1006
390
967
126
755
932
55
792
624
624
656
656
656
932
55
792
306
816
525
60
361
243
256
208
606
875
656
406
331
331
312
312
110
277
940
73
656
656
656
405
192
420
1016
1016
408
408
594
288
13
256
318
870
577
658
277
967
203
58
577
55
55
192
420
1016
1016
408
408
408
1006
390
926
816
405
60
361
243
256
606
606
606
656
405
331
331
929
312
110
277
940
164
324
741
453
656
905
938
55
792
306
926
594
727
13
1016
1016
408
408
408
1006
390
126
755
932
55
792
792
306
926
624
656
932
55
792
306
926
525
594
361
243
256
621
606
606
760
406
331
929
312
110
110
277
940
453
741
656
656
405
133
420
1016
1016
408
1006
361
13
13
256
606
606
760
796
29
949
1016
28
408
408
803
803
751
408
751
408
408
1006
1006
1006
1018
554
594
361
243
256
621
606
405
875
331
331
929
312
110
110
319
930
256
606
875
656
741
796
192
420
1016
408
408
594
361
13
755
854
875
760
796
520
949
1016
993
408
408
288
595
408
408
408
1006
390
1018
940
73
656
554
594
331
331
929
312
110
110
606
30
440
984
256
606
319
361
407
256
741
875
606
453
656
277
741
656
656
358
361
13
256
540
606
875
932
55
60
984
337
337
760
552
420
1016
1016
408
408
408
1006
1006
1018
1018
554
358
361
407
256
621
606
606
208
405
406
331
929
312
312
110
277
940
208
656
453
656
453
932
55
792
306
926
361
727
420
1016
1016
408
408
1006
1006
1006
126
755
768
932
55
792
306
926
741
656
656
141
938
792
306
306
74
361
407
256
870
606
875
606
405
440
331
929
312
110
192
520
1016
1016
1016
724
408
549
331
91
700
698
406
955
261
929
810
537
267
724
698
803
181
724
724
932
55
792
237
1016
1016
408
408
408
1006
1006
390
768
22
361
407
256
256
875
606
875
405
406
331
929
312
110
110
277
277
656
453
656
741
656
55
55
792
306
926
361
727
420
1016
408
627
206
597
301
967
126
755
932
55
792
792
306
926
958
624
141
938
55
792
306
926
594
361
243
256
606
606
606
405
331
331
929
312
110
110
277
940
453
656
656
656
656
55
55
792
306
926
594
361
13
13
140
140
1019
577
247
839
1049
2419
3890
4843
1076
2567
4077
4134
1499
2419
4008
4654
1499
2889
3904
4589
2041
2567
3951
4926
1879
3012
3108
5115
2043
2452
3890
5052
1858
2411
3904
4589
1499
2748
3890
4955
1454
2813
3890
4810
1858
2567
3782
4810
2043
2567
3890
5115
1879
2889
3890
4889
2041
2567
3890
5115
1981
2741
3890
4484
1298
2989
4008
5089
1924
2746
3890
5115
1252
2985
3997
5052
1653
2612
3901
4934
1748
2869
3782
5012
1748
2452
4042
4170
2023
2411
4072
5012
2023
2905
3715
4335
1973
3057
4077
4783
1277
2723
3633
4363
1148
3068
3477
4987
1352
2346
3775
4354
1094
2100
3758
4639
1093
2300
3497
4603
1675
2779
3758
4440
2011
2506
3079
4242
1179
2538
3676
4304
1094
2398
4005
4589
1884
2743
3862
4810
1371
2470
4056
4676
1858
3028
3778
4354
1903
2813
3398
5105
1628
2284
3890
5059
1345
2225
3942
4876
1248
2085
3778
5018
1456
2820
3782
5096
1628
2990
3890
5052
1232
2883
3824
4810
1924
2224
3890
4934
1653
2985
3335
4170
1653
2748
3778
4589
1456
2907
4053
4810
1748
2925
3890
4934
2023
2478
3987
4150
1252
2788
4079
5110
1252
2567
3901
4170
1252
2748
3890
5045
1653
2802
4053
5058
1653
2506
3890
4830
1981
2813
3987
5089
1298
2802
3198
4810
1924
2788
3890
4546
1924
2225
3673
4962
1653
2649
3951
5089
1334
2694
3893
5096
1748
2419
3870
5058
2023
2925
3778
5012
2023
2942
4054
5096
1397
2936
3398
4340
1397
2964
3398
4171
1653
3071
3966
4494
1456
2820
4077
4654
1748
2820
4054
4732
1748
2877
3890
5012
1419
2802
3935
4934
1454
2411
3890
5114
1499
2567
3498
4817
1252
2567
3725
5047
1628
2802
3904
5052
1499
2889
3890
4460
1535
3000
3260
4670
1561
2800
3819
4510
1561
2800
3935
4285
1049
2467
3154
5110
1803
2592
3782
5110
1454
2119
4054
4950
1499
2162
3890
5052
2043
2248
3750
4810
1499
2961
3890
4132
1499
2472
3890
4747
1499
2813
4054
4810
1858
2567
3951
5052
2043
2467
3904
5089
2043
2567
3893
4132
1900
2567
3725
4934
1499
2961
3890
4747
2043
2567
3782
4926
1499
2985
3890
4747
2041
2567
4061
5015
1330
2724
3248
5068
1262
2602
3460
4694
1352
2622
3491
4282
1093
2616
3906
5080
1093
2632
3597
4661
1808
2171
3079
4160
1335
2602
3777
4449
1215
2398
3477
4546
1279
2647
3844
4497
1448
2122
3597
4230
1557
2253
3270
4487
1397
2130
3887
4661
1903
2162
3509
4889
1723
2567
4043
4170
2000
2907
3659
4684
2000
2383
3890
4462
1515
2964
3868
4926
1515
3071
3674
4170
1232
2889
3498
4432
1723
2877
3110
4106
1252
2791
3893
5059
1252
2564
3876
5089
1248
2411
3447
4654
2046
2972
3727
4119
1723
3007
3890
4508
1777
2802
4072
4889
1858
2411
3890
4625
1628
2925
3890
4615
1981
2531
3739
4615
1515
2746
3942
4170
1924
2097
4054
5089
1968
2823
3922
5068
1283
2433
3463
4481
1094
2743
3905
4268
1629
2156
3162
4193
1330
2093
3868
4997
1279
2602
3770
4278
1728
2275
3634
4234
1179
2659
3500
5042
1352
2124
3436
4711
1977
2093
3154
4202
1210
3034
3525
4784
1981
2253
3652
4621
2023
2097
3928
4175
1252
2985
3111
5059
1924
2608
3088
4830
1653
3007
4079
4889
1334
3007
3893
4889
1748
2907
3782
4460
1397
2252
4063
5094
1755
2564
4008
4153
1700
2721
3377
4745
1049
2097
3890
4770
1653
2649
3843
5089
1653
2162
3890
4539
1628
2802
3893
4508
1456
2907
3890
4508
1858
2567
3325
4648
2023
2411
3893
4889
1858
2788
3952
5089
1252
2567
3966
5059
1456
2567
3935
4962
1700
3042
4032
5089
1940
2276
4036
4414
1959
2907
4036
4391
1561
2889
3950
4810
1049
2813
3782
5095
1628
2567
4088
4810
1454
2912
3839
5115
1858
2253
3478
4889
1454
2877
3335
5089
1858
2813
3777
4950
2043
2248
4054
4858
1858
2907
4039
4771
1499
2990
3987
4934
1252
2694
4072
4950
1499
2813
3750
5089
2043
2314
3890
4589
1454
2411
3935
4170
1858
2990
3890
4934
1454
2985
3890
5118
2041
2735
3890
4170
1628
2162
3890
5110
1334
2147
3904
4927
1981
2801
3890
4720
1981
2956
3782
4858
2023
2097
3904
5012
1252
2097
3997
5118
1653
2097
3987
5052
1653
2649
3782
5052
1653
2907
3950
4170
1609
2382
3664
4478
1518
2093
3339
4156
1335
2602
3868
4242
1215
2420
3189
4371
1335
2647
3831
4829
1794
2124
3856
4284
1558
2533
3573
4560
1448
2430
4032
4703
1973
2398
3077
4684
1547
2887
3843
4349
1914
2560
3814
4371
1547
2791
3171
4684
1803
2253
3987
4175
1252
2820
3335
4950
1248
2398
3987
4950
1515
2592
3901
5089
1858
2314
3107
4858
1748
2467
4042
4926
1298
3063
3987
4934
1298
2694
3782
5089
1924
2788
4072
5029
1653
2097
3935
5089
1653
2649
3843
5015
1456
2869
3890
4684
1748
2907
3891
5089
2023
2567
3901
4170
1628
2788
3904
4830
1252
2649
3890
4170
1252
2314
3987
5059
1155
2748
3498
4934
1252
2162
3901
4955
1924
2274
3904
5059
1653
2452
3997
4589
1515
2813
3893
5096
1981
2177
3504
4150
2023
2274
4053
4962
1456
2788
3782
4810
1252
2119
3778
4654
1903
2905
3526
4170
1755
2531
3933
4875
1561
2642
3473
4526
1748
2945
4077
4335
1454
2248
3509
4460
1723
3071
4054
4171
2043
2344
3935
4494
1456
2939
3890
4508
1049
2748
3890
4747
1049
2802
3966
4770
1252
2649
3498
4654
1858
2567
3843
5047
1755
3012
3822
4615
1097
2529
3822
5087
1561
2649
4072
4858
1903
2777
3834
5089
1419
2649
3327
4835
1456
3050
3891
4170
1628
2889
3904
5110
1454
2411
3890
4510
2041
2567
4079
4170
1499
2985
3987
5052
1499
2748
3893
5089
1748
2411
4072
4950
1900
2813
3890
5118
2041
2813
3891
4950
2043
2567
3891
4817
2043
2592
3890
5052
2041
2567
3782
5015
2041
2567
3987
5015
1157
2889
3268
4335
1746
2175
3111
4563
1224
2637
3799
4270
1794
2215
3235
4735
1770
2391
3280
4719
1722
2804
3709
4270
1048
2482
3741
4922
1969
2486
3933
4099
1714
2811
3974
4809
1547
2482
3098
4733
1397
2619
3653
4283
1801
2225
3232
4171
1481
2225
4077
4462
1723
2820
4043
4364
1371
2905
3890
5059
1775
2964
3251
4654
2000
2411
3509
5058
1928
2857
3486
4414
1232
2850
3890
5041
1456
2889
3111
4539
1653
2419
3867
4334
1155
2802
3498
4921
1475
2823
3830
4672
1277
2294
3677
4442
1094
2180
3649
4571
1352
2156
3280
4836
1330
2390
3507
4512
1279
2602
3781
4391
1728
2215
3333
4872
1209
2615
3424
4559
1973
2343
4047
4504
1682
2888
3301
4305
1448
2466
3729
4203
2007
2538
3477
4354
1094
2093
3428
4377
1352
2156
3388
4786
1960
3043
3407
4374
1448
2720
3659
4416
1352
2912
3162
4111
1094
2659
3940
4162
1945
2156
3487
4574
1831
2672
3106
4648
1179
2399
3649
4593
2007
2963
3672
4814
1858
2800
3810
4876
1454
2054
3890
4830
1456
2608
3674
4720
1653
2544
3869
5089
1456
2907
3890
4384
1748
2748
3890
4927
1397
2564
3398
4889
1843
2452
4077
4624
1628
2248
3509
4715
1803
2700
3890
4906
1515
3071
3335
4962
1456
2735
3890
4927
1858
2567
3933
4934
1419
2411
3890
4684
2000
2944
4053
5089
1049
2818
3782
4431
1049
2877
4053
4747
1755
2777
3653
4145
1523
2421
3276
4197
1561
2628
4077
4789
1300
2887
3915
4539
1456
2248
3951
5115
1419
2564
3890
5059
1858
2411
3447
4589
1858
2818
3890
4132
1628
2592
3933
5052
1454
2567
3987
4132
1419
2800
4008
4926
1456
2544
3890
4889
1858
2567
3284
4384
2043
2248
3890
5110
1454
2942
3890
4889
1858
2284
3901
4335
1454
2813
3890
4926
1499
2942
3890
4962
1499
2350
3890
4889
1803
2813
3335
5112
1858
2592
3890
4962
1953
2672
3234
4181
1330
2228
3659
4706
1277
2234
4020
4197
1587
2807
3649
4870
1221
2699
3078
4941
1148
2860
3511
4661
1974
2707
4014
4651
1448
2608
3209
4855
1789
2093
3796
4368
1867
2382
3439
5011
1160
2253
3608
4324
1345
2177
3504
4170
1160
2529
3525
4384
1723
2813
3778
5089
1777
2925
4008
4926
1456
2567
4088
4170
1628
2925
3498
4589
1723
2529
4039
4335
1515
2567
4072
5059
1283
2687
3477
4809
1794
2538
3905
4836
1881
2122
3710
4478
1361
3039
3509
4942
1770
2568
3509
4135
1747
2894
3752
4354
1554
2371
3394
4487
1722
2360
3677
4648
1714
2837
3709
4710
1831
2419
3859
4942
1831
2354
3300
4432
1179
2115
3485
4921
1048
2972
3292
4918
1048
2499
3963
4182
1794
2501
3464
5030
1969
2462
4052
4283
1585
2482
3890
4593
1585
2637
3884
4853
1723
2462
4053
4335
1858
2751
3870
4508
1858
2419
3715
4526
1858
2567
3940
5047
1456
2649
3674
5079
1748
2119
3839
5009
1515
2462
3950
4934
1628
2544
4042
4955
1628
2462
3690
4132
1456
2789
3987
4950
1397
2289
3478
4970
1535
2777
3918
4633
1701
2777
3822
4432
1561
2119
4039
4296
1561
2735
3764
4862
1561
2564
4008
4926
1300
2649
3777
5115
2023
2791
4072
4510
1419
2628
3869
5012
1858
2735
3284
5089
1803
2936
4072
4539
1456
2791
3890
4955
1419
2567
3725
4132
1843
2225
4072
4354
1843
2972
3890
4414
1049
2802
3868
4431
1419
2802
3887
4835
1232
2802
3904
4852
2000
2802
3413
5110
1858
3071
3890
4654
1049
2789
3904
4494
1487
2467
3498
4858
1419
2735
3498
5058
1419
2877
4008
5089
2041
2813
3413
5012
1499
2567
3764
4817
1454
2592
3951
4170
1419
2748
3498
5089
1454
2813
3890
4810
1858
2990
3890
5110
2043
2567
3890
4384
1499
2813
3890
4132
1858
2567
3904
5027
1499
2813
3890
4962
1499
2961
3890
4747
1499
2748
3890
5052
1858
2813
4039
4983
1499
2877
4008
4934
1454
2592
3901
5114
1155
2248
3952
4970
1896
2979
3997
4140
1723
2748
3335
4770
1419
2564
3952
4889
1723
2813
3824
4962
1628
2225
3891
4962
1628
2567
3901
4830
1499
2889
3750
4835
2041
2619
3890
5058
1252
2411
3890
5058
2043
2472
3890
4927
1694
2126
3997
4983
1181
3069
3890
4615
1659
2179
4093
4970
1460
2997
3104
4803
1298
3070
3869
4369
1899
2097
3509
4481
1924
2182
3509
4389
2000
2350
3509
4766
1248
3028
4042
5009
1981
2735
3509
5052
1960
2150
3296
4750
1518
2169
3328
4997
1148
2359
4000
4625
1728
2811
3733
4712
1585
2234
3098
4487
1973
2064
3677
4113
1966
2887
3887
4274
1448
2648
3843
4685
1949
2102
3676
5047
1448
2837
3728
4906
1960
2859
3428
4613
2000
2224
3940
4305
2043
3028
3782
4654
1454
2619
3904
5094
1454
2735
3690
4950
1628
2800
3890
4145
1454
2472
3940
4889
1858
2818
3890
4926
1843
2942
3890
4384
1261
3021
3500
4950
1397
2185
3111
4817
1456
2820
4077
5089
2000
2802
3747
4893
1454
2697
3890
4862
2023
3012
3890
4955
1419
2789
3890
4747
1049
2735
3782
4648
1928
2119
3509
4950
1454
2985
3890
4810
1252
2820
3413
5089
1748
2567
3952
4889
1748
2820
3747
5112
1535
3008
3247
4567
1690
2276
3764
4374
1561
2162
3942
4955
1843
2944
3504
4132
1049
2791
3890
4615
1419
2942
3890
5094
1803
2791
3542
5012
1858
2649
4056
4835
1499
2791
3890
5118
1454
2411
3890
4654
1499
2936
3890
5114
1419
2936
3901
4858
1499
2452
3890
4654
1454
2748
3890
4830
1499
2813
3890
4654
1803
2748
3890
5029
1499
2942
3890
5110
1499
2985
3890
4384
2043
2567
3890
4889
1248
2883
3704
5089
1924
2097
4008
5079
1653
2535
3924
4926
1181
3069
3904
4747
1981
2147
3891
4170
1981
2484
3904
5089
2023
2788
4072
5089
1723
2528
4077
4950
1397
2862
3942
4539
1336
2204
3887
4554
1330
2531
3677
4872
1585
2238
3094
4664
1215
2219
4033
4854
1722
3000
3509
4386
1969
2166
3509
4500
1960
2977
3639
4233
1914
2598
3859
5047
1711
2815
3257
4593
1945
2307
3639
4872
1914
2552
3730
4999
1547
2501
3599
5031
1232
3066
3491
4561
1628
2314
3398
5089
1515
2467
3890
5096
1349
2612
3690
4457
1903
2811
3890
4830
1628
2789
3890
5052
1928
2462
3764
4962
1181
2788
4053
5094
1981
2054
3890
5118
1981
2813
3890
4497
2023
2985
3498
4860
1252
2097
3890
5012
1653
2748
3890
5110
1653
2649
3890
5096
1456
2419
3893
5058
1748
2789
3890
4889
1723
2567
3498
4843
1628
2649
3890
4889
1456
2452
3891
4384
1696
2531
4019
4830
1324
3069
3891
4145
1181
2694
3901
5052
1188
2879
3880
4889
1981
2452
3904
5114
2023
2411
3868
5114
1252
2097
3890
4589
1924
2771
4077
4955
1659
2249
3526
4171
1515
2890
3436
4171
1981
3071
3498
4770
1858
2788
4077
4487
1899
2225
3891
5058
1723
2612
4054
4810
1454
2248
3526
4926
1456
2314
3235
5047
1454
2877
3890
5012
1456
2452
3824
4934
1628
2592
3951
4889
1858
2907
3887
4950
1755
2070
3653
4422
1701
2129
3690
4221
1049
2925
3965
4766
1723
2529
3183
4852
1252
2344
4054
5041
1748
2452
4088
4170
1454
2925
3987
4830
1299
2927
3782
5068
1527
2446
3135
5045
1243
2954
3371
4519
1670
2602
3358
4628
1277
2804
3191
4735
1475
2222
3463
4831
1067
2852
3551
4922
1438
2859
3351
4498
1491
2156
3699
5080
1277
2266
3241
4702
1475
2093
3478
4956
1205
2061
3206
4547
1412
2057
3610
4597
1240
3070
3098
4373
1808
2906
3217
4239
1475
2313
3941
4647
1277
2691
3720
4377
1952
2695
3168
4426
1240
2858
3775
4140
2013
2498
3796
4544
1425
2727
3659
5076
1667
2070
3773
4468
1984
2695
3663
4822
1081
2283
3175
4397
1409
2157
3641
4315
1861
2221
3313
4411
1277
3070
3425
4097
1861
2134
3499
4919
1221
2260
3586
4502
1794
2609
3837
4234
1861
2858
3592
4411
1277
2207
3123
4507
1861
2090
3420
4748
1770
2823
3547
4324
1952
2164
4090
4317
1722
2123
3199
4907
1808
2371
3925
4165
1861
3039
3097
4998
1750
2823
3547
5042
1638
2591
3235
4197
1234
2466
3649
5020
1029
2653
3778
5009
1909
2093
3352
4283
1785
2769
3209
4471
1638
2614
3199
4533
1937
2743
3244
4255
1558
2793
3657
4502
1048
2805
3803
4210
1808
2779
3424
4915
1283
2887
4020
4401
1770
2647
4014
5019
1770
2714
3162
5025
1587
3007
3288
4829
1723
2573
3787
4221
2000
2868
3526
4589
1232
2889
3951
4305
1628
2350
3843
4119
1345
2920
3409
4460
1397
3028
3876
4201
1397
2936
3891
4717
1700
2788
4072
4171
1777
2452
3641
4335
1653
2248
3498
5114
2000
2735
3880
4150
2000
2255
3270
4739
1456
2412
3893
4494
1748
2818
3887
4927
2023
2162
3940
4494
1628
2592
3966
4625
1252
2877
3690
4830
1653
2788
3890
4830
1755
2226
3313
4567
1701
2478
3303
4414
1300
2644
3603
4422
1561
2990
3909
5096
1928
2567
3782
4539
1349
2612
3690
5089
1454
2813
3335
4830
1928
2567
3901
5052
1456
2877
3824
5089
1858
2350
3725
4934
1454
2907
4054
4950
1748
2964
3498
4950
1454
2788
3904
5015
1879
2985
3935
5114
1252
2925
3929
4950
2041
2942
3890
4184
1748
2592
3935
4170
1454
2567
3725
4335
1454
2976
3904
4335
1371
2649
3890
5059
1188
2455
4054
4770
1298
2484
3893
4889
1331
2612
3824
4977
1924
2813
3647
5114
1653
2925
3526
4934
1456
2869
4072
4983
1981
3071
3893
5052
1397
2907
4042
4625
1635
2247
3208
4587
1246
2273
3799
4386
1603
2667
3178
4211
1937
2602
3176
5025
1215
2784
3288
4442
1480
2743
3989
4193
1044
2137
3577
4684
1417
2137
3178
5007
1044
2884
3494
4988
1076
2467
3245
4355
1628
3017
4036
5096
1252
2467
4042
4175
1931
2429
3335
4197
1334
3043
3887
4700
1160
2419
3952
4184
1723
2884
3778
4931
1777
2925
4036
5096
1723
2976
3335
5118
1835
2771
3327
4905
1298
3063
3901
4962
1155
2165
3335
4906
1924
2889
3987
4170
1653
2925
3526
5118
1748
2350
3682
4860
1981
2350
3901
4589
2023
2889
4053
4170
2023
2419
3891
4962
1628
2097
4042
4889
1903
2717
3987
4962
1653
2748
3904
5114
1345
2274
3987
4184
1298
2612
3715
4747
1924
2573
3335
4926
1924
2985
3778
5052
1653
2925
3893
4934
1981
2147
3824
4950
2023
2869
3987
5118
2023
2907
3782
5012
1700
2967
3682
4962
1755
2463
3741
4484
1843
2383
3231
4829
1653
2457
3843
4170
1653
2771
4052
4119
1628
2889
3413
5108
2023
2869
3782
4171
1748
2452
3498
5114
2023
2976
4072
4810
1858
2788
3413
4747
1252
2649
4009
4962
1456
2939
3904
5015
1535
2628
3488
4160
1701
2276
3698
4337
1457
2996
3977
4625
1561
3012
3437
4132
1803
2985
4039
4539
1858
2314
3950
4539
1628
2771
4072
4132
1456
2452
4039
5118
2043
2472
4009
4853
1858
2788
3901
4170
2043
2748
3966
4983
2041
2467
3987
4934
1858
2889
4039
4830
2043
2592
3950
5052
2043
2411
3893
5015
1900
2592
3893
5015
1900
2619
4061
5089
1858
2592
3891
5052
2043
2472
3858
4810
1456
2771
4088
4955
1298
2484
3893
4601
1298
2989
4008
4170
1924
2649
3704
5118
1653
2452
3966
5110
1653
2771
3997
4962
1748
2813
3893
5015
1981
2612
3824
4170
2023
2592
3987
4810
1896
2498
3787
4153
1892
2660
3597
4494
1248
2990
3824
4926
1711
2608
3506
4962
1232
2162
4043
4170
1607
2209
3504
4150
2023
2890
3778
4654
1049
2748
4042
4934
1419
2619
3498
5110
1252
2791
3782
4170
1723
2939
4072
4962
2000
2748
3904
4934
1748
2990
3526
5118
1252
3012
3747
4934
