186
617
265
413
467
467
207
707
711
265
526
843
413
467
957
843
957
843
957
601
558
843
558
843
558
31
31
50
31
149
647
39
647
50
647
50
647
39
625
39
647
142
669
711
100
987
526
389
890
389
442
389
764
389
393
601
843
843
342
880
580
882
223
935
767
923
273
942
513
343
958
483
363
89
44
189
1017
1017
706
711
727
491
993
466
44
531
715
734
747
837
294
89
146
146
877
66
520
482
984
499
993
343
328
343
795
64
747
548
923
813
343
442
1017
580
406
435
178
918
489
185
325
0
381
787
728
753
729
464
219
985
219
734
75
728
1023
551
1023
778
513
83
558
803
85
558
85
328
85
558
85
865
308
45
640
608
38
17
79
789
467
706
467
467
467
439
467
439
467
467
467
467
558
467
467
439
467
292
467
467
789
467
467
827
1012
142
614
558
880
558
533
834
880
558
877
877
807
504
729
985
322
209
193
193
268
1023
31
738
493
827
1012
827
442
827
1012
827
1012
827
1012
827
1012
501
1012
142
614
880
558
880
558
533
807
729
729
432
139
985
219
985
215
72
193
209
193
551
1023
834
835
558
85
558
85
558
85
558
85
558
85
31
31
235
754
754
834
270
512
137
558
292
533
330
501
880
614
718
791
533
882
482
987
909
880
115
877
696
876
740
876
788
696
876
876
33
876
319
33
33
876
33
876
33
69
33
33
33
33
706
33
33
876
33
33
33
22
930
984
478
202
33
20
33
33
33
33
33
33
33
33
376
696
376
33
277
819
73
33
876
33
663
663
663
650
769
108
876
108
650
22
930
984
706
606
875
741
119
119
177
376
177
741
119
376
741
119
958
119
177
119
741
376
177
376
741
376
177
119
1011
119
741
650
650
650
405
405
930
984
376
741
741
852
894
852
894
852
741
852
741
412
741
412
650
650
645
235
297
754
0
332
0
325
640
31
732
986
432
139
337
219
520
450
909
215
551
1023
709
759
684
46
332
83
31
325
558
79
308
79
308
79
79
640
467
467
467
467
891
79
467
467
467
467
467
467
467
467
467
467
467
467
467
467
467
467
467
467
467
467
891
467
467
467
467
142
137
614
880
533
834
880
46
807
877
504
729
322
985
322
322
322
520
209
193
551
270
1012
827
1012
827
1012
1012
1012
827
1012
484
1612
2077
4049
4598
1165
3021
3177
4627
1083
2132
3339
4249
1564
2316
3620
4532
1412
2923
3716
4462
1612
2123
3246
4486
1165
2796
3314
4743
1178
2957
3444
4274
1564
2316
3473
5105
1564
2111
3195
4656
1165
2968
3314
4420
2024
3071
3314
4752
1254
2233
3346
4804
1081
2719
3540
4653
1564
2077
3174
4292
1908
2065
3540
4779
1806
2181
3382
4494
1270
2108
4011
4665
1936
2828
3763
5039
1936
2181
3444
4103
2045
2316
3728
4482
1341
2181
3625
4381
1081
2301
3909
4452
1940
2316
3393
4487
1940
2712
3625
4873
1612
2316
4033
4420
1862
3014
4038
4805
1270
2820
3851
4472
1812
2316
3446
4960
1178
2214
3314
4651
1980
2316
3444
4841
1939
2301
3312
4509
1270
2181
3625
4884
1626
2923
3174
5108
1165
2714
3504
4420
1980
2316
3847
4743
1830
2584
3314
4691
1681
2234
3273
4330
2045
2316
4077
4898
1669
3021
3307
4446
1165
2278
3796
5095
1646
2775
3314
4264
1270
2868
3376
4965
1669
2316
3555
4745
1812
2830
3432
4856
1564
2316
3373
4666
1828
2316
3654
4605
1864
2759
3662
4514
1828
3011
3923
4687
1862
2830
3314
4453
2045
2316
3890
4806
1789
3021
3293
4407
2045
2050
3314
4525
1828
2122
3314
4111
1812
2316
4038
4766
1083
2050
3913
5029
1365
2841
3314
4884
1896
2316
4043
4487
1270
2968
3376
4806
2045
2316
3599
4555
1669
2316
3716
4442
2045
2316
4043
4924
1789
2519
3314
4249
1751
2519
3587
4223
1083
2402
3684
4494
1975
2161
3540
4558
1612
2884
4005
4369
1246
2701
3246
4251
2024
2402
3266
4806
1812
2647
3444
4196
1862
2192
3314
4701
1635
2672
3432
4532
1681
2879
4043
4166
1985
2820
3314
4586
1985
3023
3444
4334
1880
2181
3432
4179
1789
3012
3314
4334
1519
2316
3978
4874
1828
2968
3444
5022
1828
2995
3444
4925
1828
2181
3923
4180
1828
2181
3166
4494
1626
2506
3444
4378
1828
2181
4008
4103
1519
2188
3618
4494
1626
2316
3205
4546
1519
3035
3432
4639
1755
2096
3376
4514
1523
2096
3444
4930
1635
2316
3309
4743
1867
2320
3314
4806
1626
2316
3525
5093
1635
2181
3620
4178
1290
2962
3986
4711
1650
2249
4086
4748
1535
2619
3760
4462
1837
2463
4006
4971
1993
2249
3257
4513
1557
2978
3737
5070
1612
2849
3791
4494
1867
2489
3599
4292
1939
2351
3685
4972
1857
2635
3111
5108
2032
2181
3773
4494
1755
2936
3944
5007
1583
3039
3760
4593
1669
2463
3621
4980
1519
2219
3743
4318
1896
2830
4038
4599
1519
2939
3719
5056
1519
2791
3868
4620
1690
2791
3868
5108
2046
2467
3935
4281
2007
2884
3582
4846
1857
2567
3335
5078
1857
2214
3606
4140
1857
2048
3965
4766
1690
2253
3582
5037
1925
2470
3462
4459
1651
3012
3462
4869
1982
2320
3307
4332
1637
2905
3834
4800
1209
2529
3469
4934
1519
2789
3148
4422
1519
2238
3741
4453
1857
2791
3940
5108
1857
2920
4077
4386
1857
2884
3913
5096
1690
2462
3868
4691
1867
2214
3388
4858
1216
2719
4053
4654
2028
2789
3176
4384
1837
2360
3599
4751
1755
2619
3869
4606
1867
2137
3949
4215
1755
2884
3940
4546
1955
2971
4008
5029
1867
2119
3136
4853
1959
2833
3674
4629
1589
2333
3111
4889
1519
2307
4094
5107
1690
2714
3335
4285
1857
2579
3098
4961
1714
2623
3554
4234
1682
2712
3154
4980
1857
2323
4088
5079
1985
2589
3344
4690
1982
2701
3780
4285
1564
2048
3796
4630
1925
2253
3933
4494
1966
2253
3740
4714
1940
2860
3987
4821
1755
2608
3698
5029
1519
2971
3726
4494
1896
2983
3447
4817
1523
2048
3997
4098
1519
2323
3098
4731
1523
2436
3778
5099
1800
2457
3622
4851
1290
2642
3986
4176
1535
3038
3970
5007
1516
2905
3504
5007
1867
2253
3187
4615
1755
2168
3719
4197
1755
2628
3623
4519
1867
2608
3674
4484
1867
2608
3916
4923
1867
2701
3307
4477
1690
2623
3698
4965
1635
2048
3685
4598
1867
2860
3504
4184
2032
2860
3810
5031
1627
2937
3796
4196
1802
3070
3791
4872
2044
2228
3611
5024
1627
2307
3953
5023
1635
3011
3981
4414
1666
2912
4070
4861
1597
2567
3209
4414
1606
2751
4077
4285
1666
2320
3456
5089
1597
2859
3708
4444
2024
2751
3088
4597
1666
2849
3918
4732
1597
2192
3632
5026
1056
2663
3428
4151
1713
2958
3494
4925
1986
3021
3577
4706
1732
2905
3780
4828
1327
2623
3201
4734
2012
2642
3773
4355
1327
2052
3729
4412
1327
2052
3778
4349
1327
2451
3885
4346
1218
2608
3410
4715
1327
2774
3868
4357
1327
2052
3542
5093
1535
2651
3191
5066
1026
2430
3234
5023
1848
2644
3854
4826
1513
2382
3439
4482
1705
2419
3608
4752
1424
2266
4074
4559
1712
2955
3420
5091
1718
2679
3088
4731
1828
2317
3473
4131
1564
2944
3088
4414
1828
3007
3940
4453
1666
2544
4030
4478
1984
2649
3951
4725
1666
2253
3877
4459
1666
2487
3171
5010
1824
2351
3802
4561
1824
2168
3619
5050
1597
2354
3928
4952
1396
2721
3790
4852
1874
2947
3200
4237
1937
3044
3596
4266
2032
2134
3095
4243
1348
2940
3887
4221
1348
2540
3450
4221
1626
3008
3413
4864
1452
2320
3182
4609
1824
2879
3413
4816
1812
2693
3198
4587
1606
2284
4094
4705
1812
2501
3822
4143
1985
2914
3506
4587
1844
2884
3652
5112
1254
2957
3905
4872
1525
2697
3506
5087
1246
2143
3715
4850
1254
2825
3251
4691
1719
2283
4013
4651
1525
2225
3460
4259
1525
2225
3142
4526
1246
3057
3607
5069
1254
2770
3264
4402
1719
2859
3325
5049
1525
2497
3323
4558
1246
2770
3959
4897
1985
2997
4016
4691
1186
2997
3910
4776
1719
2957
3978
4392
1719
3023
3585
4867
1525
2946
3119
4707
1246
2384
3819
4253
1246
2577
3218
4471
1186
2283
3620
4866
1719
2879
3771
4364
1525
2225
3916
4517
1525
2494
3760
4681
1246
2608
3269
5076
1246
2782
3870
4332
1254
2644
3909
4579
1719
2644
3339
4211
1719
2384
3606
4370
1525
2168
3506
5105
1246
2860
3541
5005
1186
2672
3091
4691
1985
2719
3226
4814
1828
2716
3819
4634
1396
2137
3147
4543
1083
2884
3420
4494
1083
2214
3839
4567
1083
2719
3822
4650
1626
2137
3819
4338
1396
2990
3269
4175
1083
2884
3603
4917
1626
2681
4054
4338
1216
2906
3307
5096
1626
2549
3826
5018
1083
2681
3928
4205
1525
2882
3109
4713
1047
2640
3531
4195
1186
2844
3600
4363
1216
2609
3887
4705
1690
2057
3826
4315
2032
2137
4079
4387
1635
2226
3226
4707
1949
2214
3600
4684
1949
2646
3388
4175
1519
3055
3244
4852
1519
2884
3381
4684
1347
2269
4088
4853
2001
2567
3251
4351
1300
2735
3940
5015
2035
2850
3504
5056
2035
2928
3098
5108
1690
2942
3373
4539
1481
2567
3585
4317
1300
2323
3585
4940
2035
2815
3901
4184
1523
2269
3251
5110
1512
2249
3231
4184
1077
2370
3314
4242
1261
3021
3990
5094
1261
2050
3997
4507
1964
2861
3142
5087
1218
2693
3307
5058
1261
2170
3805
4776
1755
2990
3585
4734
1867
2770
3997
4831
1936
2390
3182
4113
1936
2226
3095
4320
1938
3007
3609
4989
1938
2861
3531
4298
1936
2225
3705
4922
1964
2416
3900
4834
1455
3061
3811
4488
2047
2416
3603
5071
2047
2753
3609
4389
1936
2316
3226
4990
1938
2581
3811
5086
2018
2420
3246
4636
1985
2992
3811
4285
2018
2701
3246
4887
1081
2693
3292
5017
1081
2990
3246
4898
1081
2876
3246
5069
1751
2460
3826
4180
1940
2537
3248
4178
1940
2787
3246
5090
1940
2537
3447
4696
1936
2494
3530
4380
1936
2177
3811
4831
1439
2782
3779
4691
1439
2770
4052
4916
2032
2091
3811
5097
1936
2751
4085
5064
1982
2442
3376
4878
1982
2494
3237
5017
1047
2121
3885
5072
1982
2494
3270
4494
1945
2119
3964
5069
1966
2177
3661
4145
1882
2277
3327
4183
1666
2544
3673
4125
1966
2091
3259
4936
1097
2735
3388
4320
1481
2800
3914
5040
1481
2775
3705
4856
1895
2800
3661
4477
1097
2735
3333
4873
1966
3071
4077
4876
1755
2963
3613
5018
1397
2393
3890
4931
1397
3008
4088
4653
1397
2990
3869
4950
1397
2133
3585
4307
1755
2162
3613
5056
1755
2649
3260
4307
1397
2800
3950
4714
1755
2700
3496
4889
1397
3008
3888
4667
1755
2700
3613
4853
1959
2818
3498
4351
1690
2748
3653
4654
1755
3000
3082
4184
1755
2473
3592
4873
2035
2412
3623
4120
1622
2717
3259
5041
1886
2815
3436
5099
2046
2791
3251
4494
1481
2936
3406
4720
1991
3035
3727
5059
1481
3012
3107
4899
1097
2119
3987
4861
2046
2765
3831
4593
1047
2262
3107
4720
1622
2777
3660
4337
1589
2209
3997
4780
1659
2119
4053
4260
1160
2939
3951
4494
1047
2443
3657
4305
2034
2791
3622
4955
2025
2332
3952
4132
1991
2936
3259
5041
1481
2936
3887
4494
1585
3071
3309
4817
1589
2649
3231
4542
2035
2735
3257
4259
1054
2568
3325
5012
1179
2276
3654
4924
1179
2738
3914
4494
1882
2920
3987
4494
1179
2175
3166
4494
2032
2983
3844
4248
1636
2453
4014
4494
1955
2770
3729
4631
1936
2774
3380
4991
1564
2629
3179
4099
1931
2289
3983
4218
2003
2607
3426
4792
1315
2514
3763
4258
1925
2531
3182
4822
1925
2514
3500
4190
1857
2628
3364
4190
1947
2398
3166
4387
2003
2826
3847
4648
1047
2465
3300
4705
1931
2557
3179
4810
1775
3043
3970
4560
1675
2567
3870
4494
1481
2567
3819
4458
1368
2188
3198
4307
1675
3035
3783
4398
1711
2936
3506
5097
2034
2989
4039
4755
1659
2119
3782
4814
1160
3035
3705
4885
1248
2830
3782
4320
1583
3055
3491
4759
2006
2209
3513
4638
1523
2925
3673
4759
1519
2452
3500
4305
1991
2219
3976
5020
1585
2344
3950
4194
2046
2925
3951
4845
1903
2119
3238
5027
1481
2985
3530
4810
2046
3035
3237
4906
2035
2791
3325
4305
1160
2912
3503
4539
1801
3017
3619
4934
1481
2398
3987
4170
1248
2912
3304
4917
1417
2735
3777
4856
1589
2411
4089
4997
1995
2277
3621
4456
1903
2462
4088
4384
1895
3017
3966
4950
1777
2830
3300
4858
1777
2907
3870
4926
1903
2314
4054
4921
1903
2735
4088
5118
2046
3023
3904
4589
1349
2735
3764
4305
1903
2789
4072
4460
1903
2990
3950
4962
1723
2976
4039
4364
2046
2649
4079
4132
1349
3017
3869
4962
1899
2912
3901
5029
1911
2411
4072
4589
1349
2990
3987
4487
1349
2789
3901
5089
1252
2925
3674
4950
1903
2789
3891
4460
1349
2649
4079
4589
1991
2889
3824
4926
1777
2968
3870
5059
1777
2925
3952
5059
1903
2452
3890
5118
1903
2649
3674
4145
1723
2612
3950
4950
1349
2877
4008
4589
1300
2925
3951
4771
1456
3035
3951
5112
1995
2567
3542
4720
1628
2314
3965
4926
1349
2592
4079
5059
1515
2419
3782
4950
1777
2452
3951
5059
1349
2735
3901
5059
1349
2748
4039
5059
1561
2985
3300
4970
1700
2813
4072
4543
1049
2314
3674
4539
1748
2248
3890
4171
1777
2735
3325
4539
1700
2694
4054
4171
1903
2649
3869
4539
1371
2248
3737
4830
1300
2964
3111
4539
1777
2748
3259
4175
1628
3009
3987
5096
1903
2567
3690
4539
1803
2990
3690
5015
1723
2248
3901
5096
1371
2649
3413
4539
1300
2694
3933
5096
1300
2717
3987
4955
1371
2248
4072
4934
1748
2248
3933
4955
1803
2877
4053
5059
1777
2990
4008
4305
1456
2248
3891
4305
1803
2990
4053
4931
1858
2248
4053
4926
1777
2119
3914
5110
1628
2592
4053
4926
1456
2990
3914
4305
1803
2735
3880
4305
2000
2567
3296
4950
1803
2877
3950
4624
1911
2564
4008
4589
1456
2567
3725
4962
1499
2472
4079
5031
1349
2567
4008
4926
1803
2813
4079
4589
1252
2248
4039
4926
1803
3017
3924
4589
1748
2567
3901
4318
1628
2567
3880
5058
1803
3017
3901
4962
1803
2564
3868
4589
1803
2889
3987
4589
1928
2592
4054
4950
1628
2649
3284
4950
1858
2248
3764
4858
1803
2735
3750
5115
1911
2920
3526
4305
1803
2735
3891
5059
1803
2564
3935
4934
1803
3017
3839
5059
1803
2564
3782
4170
1454
2248
3530
4858
1397
2452
3933
4950
1049
2649
4088
4508
1843
2564
3890
4937
1419
2735
3890
4539
1419
2961
4077
4830
1843
2119
3504
4955
1911
2119
3270
5012
1419
2735
4079
4539
1049
2162
3725
5096
1419
3012
3935
4539
1419
2748
4054
5015
1419
2735
4079
5089
1419
2985
3914
5096
1049
2990
4039
4170
1419
2877
3904
4624
1419
2990
3504
4926
1419
2162
3782
4810
1803
2990
3901
4624
1371
2592
4054
4934
1419
2567
4079
4624
1419
2411
3914
4858
1803
2472
4053
5112
1419
2162
3504
4926
1499
2990
3725
4962
1419
2162
4053
4858
1803
2649
4079
5112
1858
2592
3901
4950
1803
2990
3901
4654
1803
2748
3952
4132
1419
2961
4079
4858
1803
2162
3725
4926
1803
2990
4054
4624
1803
2162
3810
4508
1803
2748
3951
5112
1499
2735
4054
5112
1803
2961
3782
5112
1499
2735
4088
4589
1419
2889
3504
5058
1803
2735
3284
5112
1252
3050
4079
5112
1803
2411
3935
5112
1419
2564
3890
4858
1499
2735
3890
5052
1858
2592
4072
5058
1803
2925
3891
4170
1858
2592
4039
4889
1454
2592
3987
4950
1803
2452
4054
5112
2043
2567
3725
4955
1419
2564
3901
4858
1454
2592
3987
4858
1419
2411
4054
4858
1454
2567
3904
4170
1858
2592
3725
4934
1127
3009
3613
4848
1843
2162
4077
4858
1803
2735
3890
4508
1561
2889
3952
4624
1049
2990
3890
4567
1300
2905
4072
4460
1911
2700
4079
5012
1561
2162
3673
4539
1561
2990
3782
4830
1561
2694
3952
5012
1496
2119
4079
4927
1561
2162
3623
4926
1561
2813
3673
5112
1561
3009
3901
4747
1561
2961
3903
4539
1561
2649
3903
4747
1561
2411
3673
4624
1419
2735
4054
4494
1561
3041
4079
4615
1419
2735
3284
4414
1803
2564
3284
5112
1496
2592
3914
4985
1911
2564
3935
4539
1456
2567
3284
4926
1419
2564
3504
4962
1803
2735
3903
4876
1499
2564
3935
4539
1911
2985
3987
4624
1911
2162
4079
4962
1660
2220
3504
4872
1604
2208
3257
4227
1443
2407
3116
4743
1800
2196
3309
4743
1711
2849
3551
4970
1555
2849
3884
5082
1812
2454
3809
4521
1703
2830
3408
4660
1950
2188
3179
5082
2008
2613
3302
5040
1947
2936
3622
4529
2009
3021
3226
5042
1455
2565
3662
4270
1695
2196
3662
4135
1218
2267
3780
4408
1327
2328
3732
4970
1923
2052
3573
4198
1327
2085
3433
4810
1327
2968
3884
4357
1327
2052
4024
4316
1327
2052
3425
4907
1958
2830
3410
5011
1166
2655
4012
4714
2012
2914
3608
4613
1932
2962
3162
4857
2012
2423
3443
4235
1583
2460
3752
4316
1703
2176
4077
4510
1555
2300
4002
4636
1123
2497
3663
4831
1910
2055
3993
4440
1754
2448
3435
4937
1984
2464
3291
4996
1237
2464
3829
4202
1824
2453
3238
4339
1669
2451
3311
4997
1794
2946
3738
5045
1824
2770
3674
4786
1348
3005
3119
4855
1874
2491
3242
4776
1880
2727
3218
4985
1828
2491
3870
4439
1479
2825
3303
4583
2045
2491
3491
4839
1424
2120
3877
4652
1348
2120
3452
4809
1083
3038
3703
5095
1257
2226
3218
4419
1606
2882
3282
4739
1936
2882
3371
5005
1874
2882
3187
4732
1257
2275
3690
4918
1402
2491
3743
4143
1257
2947
3307
4552
1257
2137
3267
4614
1525
2850
3314
4620
1525
2494
3591
4491
1525
2289
3323
4586
1525
2344
3819
4620
1525
2957
3091
4358
1824
2884
3314
4809
1246
2588
3498
4812
1396
2214
3275
4387
1257
3023
3219
5067
1824
2716
3247
4178
1525
2957
3303
4867
1525
2344
3952
4657
1246
2770
3591
4358
1396
2693
3754
5030
1257
2859
3307
4358
1525
2289
3536
4650
1246
2770
3642
5108
1246
2770
3771
4721
1254
2770
4051
4474
1719
2825
3210
4192
1237
2716
3310
4917
1396
2137
3819
4558
1246
2644
3539
4918
1246
2644
3485
4740
1186
2344
3783
4559
1719
2750
3977
4791
1396
2137
3819
4265
1396
2137
3868
4352
1396
3005
3269
4352
1396
2628
3687
4671
1396
2735
3303
4546
1396
2735
3307
4657
1396
2137
3715
4552
1246
2770
3269
4143
1186
2770
3323
5007
1186
2366
3967
4543
1719
2644
3510
5081
1525
2644
3536
4507
1525
2770
3313
4421
1246
2588
3999
4887
1396
2214
3275
4387
1083
2651
3736
4662
1669
2770
3323
4869
1626
2159
3640
4481
1083
2719
3633
4961
1525
2957
3389
4461
1083
2928
3202
4370
1828
2928
3839
4514
2001
2716
3540
4794
2001
2137
3276
4712
2001
2884
3904
5022
1867
3029
3266
5020
1690
2628
3739
4866
2028
2628
3904
4942
2028
2884
3777
5094
1481
2681
3452
4364
2035
2260
3674
4953
1426
2939
3777
5089
1589
2184
3100
4727
1690
2230
3530
4919
2035
2719
4072
4889
2046
2467
3307
4460
1755
2137
3380
4782
1062
3058
3942
5047
1218
2693
3952
4235
1218
2693
3728
4814
1261
2693
3736
4691
1755
2468
3739
4904
1755
3022
3854
4119
1218
3022
3498
4119
1520
2693
3736
4235
1535
2944
3976
4985
1783
2787
3900
4388
1982
2672
3997
4713
1221
2731
3828
4776
1820
2882
3997
4371
1963
2225
3277
4419
1083
2558
3553
4237
1732
2932
3325
4794
1424
2693
3740
4320
2018
2750
3480
4514
1424
3005
4016
4180
1081
3005
3291
4586
1940
2180
3811
4396
1940
2259
3246
4125
2047
2782
3510
4647
1431
2340
3226
4997
1825
2442
3811
4306
1431
2166
3811
4477
1812
2769
3811
5031
1930
2276
3811
4856
1936
2316
3226
4498
1938
2782
3191
4322
1982
2618
3082
4661
1718
2782
3997
4801
