186
787
787
1014
140
140
1019
513
1019
513
483
247
326
762
673
398
398
428
446
353
661
243
869
116
898
15
124
348
938
65
184
204
4
295
428
668
727
10
75
140
808
513
1019
513
795
775
747
548
264
537
917
355
428
701
704
548
76
294
942
1008
687
355
904
346
159
140
808
513
138
658
795
490
98
52
753
1019
1019
513
795
850
704
935
76
814
813
1019
615
795
483
446
661
621
113
113
113
658
795
65
346
703
4
198
466
658
795
549
435
935
349
697
942
462
1019
513
483
563
483
911
466
783
466
658
795
628
167
911
157
11
36
11
786
492
483
459
157
152
36
152
21
21
348
307
446
243
621
537
103
576
21
30
105
491
491
152
857
623
21
41
904
401
232
697
204
898
740
70
921
672
157
326
116
116
224
70
41
701
848
538
76
349
813
942
363
687
459
386
762
116
11
70
665
638
677
420
661
661
267
11
71
152
653
21
668
938
346
612
295
295
70
41
348
156
401
184
612
295
295
71
696
70
459
326
157
77
70
653
319
41
589
167
661
736
224
898
224
70
27
904
346
204
612
921
70
255
311
677
468
582
720
697
814
636
1019
740
30
63
459
940
116
77
70
70
653
348
468
307
661
621
71
788
71
751
41
668
326
144
621
152
71
255
41
167
727
661
243
869
621
224
71
224
30
459
940
326
116
224
70
70
677
302
98
232
612
198
71
740
71
30
668
157
911
202
653
653
21
795
701
848
538
349
814
942
400
687
355
301
446
736
621
77
821
255
272
668
446
243
869
116
35
653
70
904
704
548
767
814
496
462
355
428
734
98
232
703
204
295
71
15
70
459
633
157
649
788
254
255
70
41
317
10
232
997
4
295
649
649
650
277
672
663
663
663
663
563
311
22
802
9
538
604
942
813
327
327
327
663
663
663
663
663
663
663
663
663
663
326
663
663
663
663
663
663
663
663
663
663
663
663
1011
663
557
787
232
997
563
663
663
663
663
663
663
663
663
663
663
663
663
663
663
672
237
237
57
15
15
663
663
663
663
734
65
184
831
663
1011
663
1011
1011
406
223
720
82
926
1011
663
663
663
663
663
663
663
663
663
663
563
663
663
663
663
663
663
663
563
663
663
663
1011
1011
1011
1011
1011
1011
1011
1011
663
663
326
1011
1011
839
1777
2180
3890
5096
1589
2802
3870
4955
1931
3069
3598
5018
1896
2484
4077
5103
1807
2939
3672
4872
1755
2781
3383
4864
1807
2162
4077
5099
1959
3055
3890
4414
1959
2196
3526
4145
1777
2905
3890
4893
1959
3055
3890
4414
1561
3055
3887
4845
1659
2735
4053
4414
1561
2905
3764
4872
1397
3041
3887
4972
1755
2608
3890
5042
1903
2905
3890
4589
1701
3055
3380
4915
1561
3055
3890
4919
1700
3055
4077
4864
1300
2619
3890
4494
1349
3055
3685
4862
1347
2920
3365
5089
1300
2802
3904
4221
1928
2253
3368
4955
1349
2990
3890
4962
1496
2567
3942
4305
1349
2452
3890
4242
1561
2600
3997
4494
1349
2802
3997
4921
1903
2905
3596
4242
1843
3055
4054
4414
1515
3071
3764
5089
1300
3055
3890
4374
1300
2649
3890
4900
1454
3055
3890
5052
1777
2284
4039
4835
1803
2399
3919
5027
2000
2820
3904
4876
1496
2820
3887
4194
1349
2454
3887
5052
1300
3000
3890
5058
1700
2802
3504
4546
1835
2177
3890
4664
1924
2677
3719
4533
1777
3055
3704
4487
1515
3055
3987
4440
1300
2649
3931
4374
1803
2567
3890
4889
2000
2309
3935
4431
1515
2567
3931
5058
1628
3055
3890
4906
1371
2564
3890
4985
1700
2802
3987
4720
1397
3041
3182
4150
1991
2905
3950
4324
1558
2529
3424
4733
1959
2088
3901
4414
1659
2347
4077
5112
1801
2905
3901
4299
1659
2206
3893
5047
1561
2649
3839
4414
1659
2989
3602
5094
1659
2649
4077
5040
1843
2990
4077
5036
1959
2649
3447
4862
1659
2452
3639
4414
1561
2925
3890
5059
2003
2196
3377
4647
1392
3001
3764
4487
1700
2162
3982
4872
1397
2277
3403
4498
1659
2162
3675
4414
1561
3008
3880
4414
1481
2964
4077
4835
1300
2649
3869
4985
1903
2344
3891
4817
1995
3055
3727
4950
1515
3055
3413
5089
1347
2802
3904
5012
1931
3055
3447
4970
1290
2257
3558
4287
1347
2467
3931
4351
1561
2863
3982
5096
1899
2905
3398
4654
1959
2813
3095
4955
1700
3055
4077
5110
1903
3055
3890
4927
1300
2857
3890
4876
1843
2225
3237
4414
1561
2877
3690
4537
1903
2802
3839
4927
1300
2748
3839
4872
1777
2567
4079
4889
1694
2284
3931
4351
1653
2467
3890
4717
1300
2360
3951
5112
1561
2802
3468
5015
1049
2314
3890
4853
1561
3055
4008
5112
1659
2452
3890
4197
1457
2802
4072
5118
1457
2452
3890
5110
1457
3055
3270
4537
1561
2162
3890
5068
1457
2802
3413
4971
1959
2162
3984
4484
1755
2604
3413
5029
1104
2869
3096
5107
1959
2735
3890
4810
1349
2869
3950
4853
1334
2529
3576
4853
1959
2649
3890
4955
1349
2314
3764
4720
1589
2567
3931
4320
1561
2936
3368
5027
1659
3055
4054
4150
2000
2529
4054
5027
1959
2985
3931
5029
1700
3055
3890
4803
2003
3055
3982
4414
2046
2925
3368
4414
1347
3015
3613
5027
2046
2905
3719
5112
1561
2907
3368
4215
1347
2905
3739
4389
1959
3055
3890
4684
1843
2813
3504
4925
1959
2990
4077
4654
1700
3055
3504
4965
1903
3028
3368
4955
1349
3055
3904
5047
1843
3055
3504
4170
1300
2802
3413
4911
1843
2990
4077
4955
1347
2249
3685
5024
1561
3055
3890
4747
1300
2452
4094
4805
1903
2649
4077
4836
1561
3055
3698
5027
1777
3055
3940
4170
1347
2344
3934
4384
1049
3017
3890
4221
1300
2162
3674
4663
1777
3055
3890
4738
1049
2452
3725
4955
2046
3055
3182
4175
1924
3055
3890
4943
1347
2746
3890
5077
2023
3055
3880
4766
1911
2162
3931
4346
1496
2564
3869
5027
1347
2612
3890
5114
1903
3055
3802
4194
1911
3055
3450
4919
2023
3055
3778
4393
1300
3055
3952
5047
1496
2128
3715
4296
1397
2098
3923
4494
1535
2735
3997
4132
1392
2208
3504
4606
1981
2514
3942
4194
1959
2890
3940
4494
1843
2162
3625
4872
1659
2478
3931
4414
1349
2128
3904
4175
1347
2802
3289
4681
1843
2162
3987
4414
1561
2411
3870
4414
1300
2905
3839
4739
1843
2567
3231
4549
1561
2802
3231
4477
1347
2802
3231
4875
1496
2905
3890
4810
1349
2905
3890
5110
1911
2600
3107
4414
1928
2567
3231
4351
1496
2905
3890
4934
1496
2452
3890
4334
1300
2802
3413
4484
1496
2820
3997
5112
1419
2567
3231
5027
1496
2567
3890
4919
1300
2802
3674
4934
1803
2802
4088
4747
1911
2789
3890
4875
1347
2255
3890
4484
1496
2600
4088
4589
1803
3055
3890
4175
1803
2990
3890
4747
1496
2820
3901
5037
1300
2802
4079
4170
1803
2990
3890
5112
1911
2128
3690
4830
1748
2564
3890
4962
1803
3009
3890
4184
1496
2567
3890
4460
1496
2467
3890
4615
1803
2990
3928
5027
1300
3055
3890
4431
1496
2820
3890
5079
1300
2802
3736
5058
1454
2735
3890
4835
1496
2735
3890
4927
1496
2452
3890
4334
1496
2942
3890
5118
1928
2889
3890
4955
1456
2564
3413
4817
1496
2564
3890
4454
1928
2567
4039
4835
1300
2162
3368
4460
1496
2452
4072
5089
1561
2128
3778
4861
1843
2735
4077
5027
1561
2802
3903
4197
1496
2802
3839
4175
1496
2567
3839
5027
1858
2567
3890
4889
1454
2564
3935
5058
1496
2802
4079
4810
1496
2162
3747
5112
1803
2564
3890
5112
1496
2694
3890
4460
1496
2877
3951
5112
1858
3055
3890
4962
1496
2802
3413
4861
1496
2600
4088
4971
1496
2162
3890
4955
1803
2600
4079
4876
1496
2990
3890
5059
1496
2649
3890
4876
1496
2564
3684
4589
1496
2564
3690
5027
1496
2802
4088
5112
1803
2802
3698
4739
1858
3055
3940
4132
1496
2990
3674
5027
1496
2735
4079
5112
1788
2274
3890
5079
1496
2802
4054
4364
1981
3055
3890
4983
1653
3055
3890
5058
1496
2350
4054
5027
1748
3055
3890
4460
1496
2097
3890
4835
1879
2567
3952
5027
1653
2128
3824
5114
1496
2452
3890
4747
1496
2128
3839
4715
2043
2889
3890
5058
1928
2567
4079
4615
1803
2802
3966
5015
1496
2802
4088
4739
1496
2813
4072
5112
1628
3055
3929
5052
1456
2600
3891
4950
1454
2802
3413
4460
1496
2452
3890
4747
1454
2162
3890
5049
2043
2820
3413
4962
1858
2076
4088
4955
1454
2567
3890
4681
1499
2748
3890
4955
1496
2813
4054
4835
1800
2516
3558
5077
1349
2209
4077
4839
1561
2748
3182
4676
1628
2248
3890
4414
1561
2604
3380
4589
1349
2700
3890
4926
1858
2248
3843
4132
1911
3055
3890
4484
1496
2567
3674
4985
1928
2411
3890
4889
1496
2567
3868
5058
1496
2162
3890
4962
1496
2907
4054
4654
1496
2820
3890
4477
1496
2802
4088
4830
1454
2802
3413
5011
1858
3009
3890
5118
1496
2802
3839
4318
1499
3055
3890
4747
1858
2802
3413
5052
1496
2567
3890
4431
1496
2802
3782
4170
1496
2694
3782
4835
1454
2567
3725
5027
1523
2564
4008
4872
1995
2946
4024
4678
1371
2162
3890
5096
2000
3055
4054
4589
1371
2323
3839
4835
1911
2323
3997
4150
1496
2176
3890
4876
1496
2972
3890
5059
1456
2789
3890
5096
1371
2253
4054
5110
1858
2990
3940
5118
1496
2735
3890
4589
1858
3055
3690
4150
1858
2462
3674
5058
1496
2735
3890
4862
1232
2802
3284
4305
1911
2802
3764
4835
2000
3055
3890
4955
1981
3055
3437
4170
1803
2564
3890
4747
1454
2820
4079
5058
1454
2567
3725
5114
1748
2564
3690
5114
1496
2452
3747
4589
1454
2472
3890
4926
1076
2162
3890
5110
1496
2802
3725
4876
1496
2735
3904
4905
1496
2735
4039
5110
1777
2833
3890
4915
1155
2956
3413
4955
1748
3017
3327
4835
2023
2564
3310
4460
2023
2813
3893
5089
1499
3055
3890
4876
1252
2162
3890
4747
1928
3055
3904
4876
1496
2907
3890
4747
1252
3055
3890
4170
1499
2411
3890
5052
1858
2567
3839
4654
1454
2802
4054
5015
1858
2802
3413
4919
1499
2802
3869
5015
1454
2567
3890
4782
1858
2802
3413
5015
1900
2802
4088
4132
1454
2592
3890
4962
1858
2694
3891
4170
1499
2961
3891
5089
1879
2472
3890
4962
1900
2877
4054
4955
1499
2472
4079
4962
1499
2452
3725
4955
1454
2802
3413
5079
1499
2452
3890
4460
1281
2452
3890
4589
1454
2248
3890
4221
1858
2592
3890
4962
1499
2813
3890
4934
1454
2820
3904
5112
1858
2592
3890
4170
1454
2802
3413
4889
1858
2567
3904
5027
1900
2813
3725
4926
1419
2802
4072
4858
1858
2802
4088
4835
1454
2813
3824
4835
1334
2802
4072
4950
1928
2813
3890
4983
1803
2802
4072
4835
2043
2881
3903
5105
1456
2276
3903
4876
1803
2802
3413
4484
1499
2452
3890
4835
1454
2567
3901
4460
1499
2802
4088
4962
1499
2813
3890
4962
1454
2820
3725
5112
1130
2566
3890
4962
1911
2802
3111
4175
1895
2529
3890
5110
1755
2868
3932
5096
1899
2939
3740
4455
1843
2802
3504
4234
1903
2802
4077
4926
1371
2985
3890
4150
1928
2619
3890
5110
1928
2467
3890
4810
1858
2253
3893
4889
1419
2791
3778
4560
1803
2649
3890
4985
1858
2567
3890
4925
1748
2802
3413
4876
1454
2791
3824
5015
1858
2567
3782
5118
1454
2411
3869
4950
2043
2567
3950
4769
1803
2162
4039
5112
2043
2472
3890
4132
1879
3055
3869
5012
1879
2566
4072
5089
1879
2748
3890
4654
1879
2567
3935
4782
1454
2748
3725
4170
1879
2452
3890
4837
1879
2802
4079
5015
1879
2472
3284
4132
1858
2592
3890
4889
1879
2472
4079
4589
1879
3055
4088
4384
1858
2649
3890
4170
1858
3055
3890
4962
1879
3055
3890
4955
1454
2802
3413
4926
1879
2592
4054
4835
1879
2990
3890
4889
1454
3055
3869
4962
1879
2162
3108
4837
1499
2564
3890
4853
1879
2592
3839
5110
1879
2162
4009
5118
1858
2592
3782
5089
1499
2472
3890
4747
1454
3055
3890
4876
1499
2452
3690
4889
1879
2592
3750
5058
1900
2735
4072
4132
1499
2162
3690
5089
1499
2961
4079
4769
1130
2472
3750
4837
1879
2592
3890
5110
1499
2961
3890
5058
1130
2472
3890
4810
1499
2472
3952
5089
1858
3055
3890
5110
1281
2961
3904
4747
1281
2735
4077
5058
1499
2877
3108
5058
1499
2452
4072
4654
1499
2813
3750
5052
1499
2649
4079
4962
1499
2452
4072
4769
1499
2564
3901
4769
1499
2748
3890
4484
1499
2162
3890
4810
1130
2566
3890
5110
2043
2452
3890
5118
1499
2813
3890
4926
2043
2592
3890
4747
1762
2472
3782
4955
1454
2694
3725
4835
1499
2961
3935
4962
1499
2813
3890
4835
1499
3055
4079
4747
1130
3055
3987
4962
1499
2564
3901
4835
1499
2452
3890
4747
1130
2472
3750
4170
1879
2649
3437
4950
1858
2936
3890
4950
1903
2649
3890
4132
1252
2788
3747
4145
1928
2907
3674
5114
1419
2788
3940
4384
2023
2452
3824
4589
1454
2592
3891
4955
1879
2985
3725
5015
1858
2567
3725
4889
1454
2592
4039
4769
1130
2472
3858
4810
1858
2592
3824
4170
1879
2472
4072
5118
1879
2567
3725
4654
1499
2162
3750
4889
1499
3055
3904
5115
1499
2735
4054
5052
1900
2592
3890
4889
1499
2452
4072
5089
1900
2813
4061
4955
1879
2592
3901
5089
1858
2802
3725
4318
1130
2567
3782
4769
2043
2567
3725
4926
1499
2813
3890
4747
1499
2961
3750
4889
1130
2748
4009
5052
1959
2649
3997
4853
1858
2990
3890
5029
1900
2314
4061
4835
1499
2889
3891
4769
1858
2990
3901
4934
1900
2592
3725
4769
1499
2649
4054
5052
1858
2694
3904
4837
1879
2649
3858
4170
2043
2592
3952
5052
1130
2162
4079
5015
1454
2592
3824
4835
1130
2592
3750
4835
2041
2162
3750
5118
1499
2990
4054
4747
1900
2592
4061
4955
1499
2649
4054
4962
1130
2452
4009
4837
1130
2566
3782
4769
1762
2472
4072
4837
1762
2566
4054
4837
1130
2566
3108
4837
1762
2592
3858
4837
1762
2472
4054
4837
1130
2961
3858
4962
1879
2592
3987
4311
1499
3055
3108
4747
1130
2472
4009
4170
1130
2472
4054
4837
1130
2961
3108
4837
1130
2472
3901
4962
1130
2162
3858
4311
1762
2961
3725
4837
1130
2472
3750
4837
1762
2566
3725
4837
1130
2961
4009
4769
1130
2592
3750
4837
1252
2592
4072
4170
1858
2889
4009
4962
2043
2748
3858
5114
1859
2907
3901
4962
2043
2889
3108
4962
2043
2567
3725
4934
1762
2592
3750
4589
1499
3055
3987
4747
1762
2472
3782
5052
1762
2566
3108
4955
1762
2592
3858
4837
1762
2472
4039
4962
1130
2592
3750
5089
1859
2567
3750
4769
1252
2162
3725
4835
2043
2472
3893
5089
2041
2472
3901
4837
2041
2566
3858
4926
2041
2889
3890
4955
1859
2567
3750
4769
1130
2566
4079
5089
1762
2472
3108
5089
2043
2961
3108
5089
1499
2961
3890
4747
1859
2567
3725
4962
1130
2567
3858
4962
1762
2472
3890
4962
1859
2961
3890
4769
1762
2472
3858
4170
1762
2961
3858
4837
1762
2592
3858
4837
1859
2567
3750
4769
1859
2567
3750
4769
1432
2472
3858
5089
1432
2472
3904
4889
1762
2452
3108
5118
1432
2472
3108
5089
1762
2592
3108
4962
1762
2592
3858
4837
1432
2472
3108
4837
1432
2472
3108
4837
1762
2592
3901
4837
2041
2985
4054
5089
1762
2411
3893
4769
1762
2592
3858
5052
1762
2985
3858
4837
1859
2961
3858
5052
1432
2566
3858
4837
1859
2567
3750
4858
1432
2472
3108
4962
1432
2472
3858
4962
1432
2472
3108
4837
1432
2961
3858
4837
1432
2961
4009
4837
1432
2961
4009
4769
1432
2566
3108
4837
1432
2961
4009
4769
1432
2592
3108
4769
1086
2472
3858
4311
1432
2592
3108
4769
1086
2472
3858
4769
1432
2961
4009
4837
1086
2472
3858
4769
1086
2566
3858
4311
1086
2472
3858
4769
1086
2472
3108
4769
1086
2472
3858
4769
1432
2961
3108
4837
1900
2813
4072
4837
1900
2592
3987
4962
1762
2592
3750
4934
1859
2961
3987
4769
1762
2592
3858
4934
1432
2472
4009
4769
1432
2472
3108
4837
1432
2566
3108
4837
1086
2472
3858
4769
1432
2961
4009
4837
1432
2961
4009
4769
1086
2472
3858
4769
1086
2472
3858
4769
1086
2472
3108
4769
1086
2472
3108
4769
1086
2472
3858
4769
1086
2472
3858
4769
1086
2472
3858
4769
1086
2566
3858
4311
1086
2566
3858
4311
1086
2566
3858
4769
1086
2566
3858
4769
1086
2566
3858
4769
1086
2472
3858
4769
1086
2566
3858
4311
1086
2566
3858
4769
1086
2566
3858
4769
1086
2566
3858
4311
1086
2566
3858
4311
1086
2566
3858
4769
1086
2566
3858
4769
1086
2566
3858
4769
1086
2566
3858
4769
1086
2566
3858
4769
1086
2566
3858
4769
1086
2566
3858
4769
1086
2566
3858
4769
1086
2566
3858
4837
1086
2566
3858
4769
1086
2566
3858
4769
1086
2566
3858
4769
1086
2566
3858
4769
1086
2566
3858
4311
1086
2566
3858
4769
1086
2566
3858
4769
1086
2566
3858
4769
1086
2566
3858
4769
1086
2566
3858
4769
1086
2566
3858
4769
1086
2566
3858
4769
1086
2566
3858
4769
1086
2566
3858
4769
1086
2472
3858
5052
1086
2472
3858
4311
1432
2961
4009
4769
1086
2472
3858
4769
1086
2472
3858
4769
1086
2472
3858
4769
1086
2472
3108
4769
1086
2566
3858
4311
1086
2566
3858
4311
1086
2566
3858
4311
1086
2566
3858
4311
1086
2566
3858
4769
1086
2566
3858
4311
1086
2566
3858
4769
1086
2566
3858
4311
1086
2566
3858
4769
1086
2566
3858
4769
1086
2566
3858
4769
1086
2566
3858
4769
1086
2566
3858
4769
1086
2566
3858
4769
1086
2566
3858
4311
1086
2566
3858
4769
1086
2566
3858
4769
1086
2566
3858
4769
1086
2566
3858
4769
1086
2566
3858
4769
1086
2566
3858
4769
1086
2566
3858
4769
1086
2566
3858
4769
1086
2566
3858
4769
1086
2566
3858
4769
1086
2566
3858
4311
1086
2566
3858
4311
1086
2566
3858
4769
1086
2566
3858
4769
1086
2566
3858
4769
1086
2566
3858
4769
1086
2566
3858
4769
1086
2566
3858
4769
1086
2566
3858
4769
1086
2566
3858
4769
1086
2566
3858
4769
1086
2566
3858
4837
1086
2472
3108
4769
1086
2566
3858
4311
1086
2566
3858
4769
1086
2566
3858
4769
1086
2566
3858
4311
1086
2566
3858
4769
1086
2566
3858
4769
1086
2566
3858
4769
1086
2566
3858
4769
1086
2566
3858
4769
1086
2566
3858
4769
1086
2566
3858
4769
1086
2566
3858
4837
1086
2472
3858
5052
1432
2961
4009
4837
1432
2566
3108
4837
1086
2472
3858
4769
1086
2472
3858
4769
1086
2472
3108
4769
1086
2566
3858
4311
1086
2566
3858
4311
1086
2566
3858
4769
1086
2566
3858
4769
1086
2566
3858
4311
1086
2566
3858
4311
1086
2566
3858
4311
1086
2566
3858
4769
1086
2566
3858
4311
1086
2566
3858
4769
1086
2566
3858
4769
1086
2566
3858
4769
1086
2566
3858
4769
1086
2566
3858
4769
1086
2566
3858
4769
1086
2566
3858
4769
1086
2566
3858
4769
1086
2566
3858
4769
1086
2566
3858
4769
1086
2566
3858
4769
1086
2566
3858
4769
1086
2566
3858
4769
1086
2566
3858
4769
1086
2566
3858
4769
1086
2566
3858
4769
1086
2566
3858
4769
1086
2566
3858
4769
1086
2566
3858
4769
1086
2566
3858
4769
1086
2566
3858
4769
1086
2566
3858
4769
1086
2566
3858
4769
1086
2566
3858
4769
1086
2566
3858
4769
1086
2566
3858
4769
1086
2566
3858
4769
1086
2566
3858
4769
1086
2566
3858
4769
1086
2566
3858
4769
1086
2566
3858
4769
1086
2566
3858
4769
1086
2566
3858
4769
1086
2566
3858
4769
1086
2566
3858
4769
1086
2566
3858
4769
1086
2566
3858
4769
1086
2566
3858
4769
1086
2566
3858
4769
1086
2566
3858
4769
1086
2566
3858
4769
1086
2566
3858
4769
1086
2566
3858
4769
1086
2566
3858
4769
1086
2566
3858
4769
1086
2566
3858
4769
1086
2566
3858
4769
