128
837
537
617
617
617
15
311
358
444
391
810
775
704
548
312
160
677
560
667
251
775
648
837
770
770
444
391
837
294
996
19
524
81
67
388
704
391
810
444
391
810
996
524
905
850
667
548
58
251
164
164
905
775
704
837
294
814
81
355
81
130
905
953
667
251
248
548
42
917
115
524
905
64
704
810
810
770
457
524
940
130
940
524
81
524
580
775
704
837
810
496
524
81
524
81
524
81
70
398
41
64
391
837
814
110
524
81
130
388
939
905
406
704
837
58
996
545
952
61
61
524
272
524
905
701
704
548
810
996
996
19
462
2
138
938
61
760
545
667
138
610
61
328
524
81
850
545
952
465
164
81
524
545
952
465
194
323
610
466
463
585
81
775
952
61
539
323
81
713
905
850
924
61
28
524
539
524
734
952
61
930
808
81
610
466
81
760
638
463
610
952
466
870
81
511
81
466
81
775
7
466
81
7
524
81
524
610
61
81
316
81
610
1020
734
952
61
930
19
81
486
380
466
511
466
81
610
952
466
328
466
81
466
81
560
952
466
486
466
466
81
388
160
715
263
734
952
61
466
626
466
81
466
81
610
952
61
81
466
81
524
444
837
810
537
414
524
81
524
795
667
667
251
251
19
577
442
687
403
939
81
524
850
444
837
810
81
524
19
524
524
81
524
81
444
391
810
537
996
323
850
667
667
251
251
666
251
463
463
524
610
667
251
957
524
414
938
61
723
476
390
411
668
19
996
463
463
524
316
66
560
667
455
251
823
206
272
463
398
146
78
63
81
326
595
524
146
850
953
463
524
146
573
775
444
837
810
996
81
580
560
667
463
251
251
957
524
444
837
810
411
560
667
251
251
463
463
1020
135
734
952
251
251
850
648
19
19
160
486
380
524
398
823
388
316
358
704
548
810
870
400
524
355
263
444
837
996
667
667
251
251
380
444
837
810
1017
263
444
391
810
996
938
61
19
1017
638
19
545
58
537
71
958
35
525
227
444
391
810
996
850
444
391
810
996
495
932
667
251
251
251
991
135
509
823
823
64
391
810
996
870
19
152
524
263
444
837
810
996
996
511
414
326
996
524
19
463
81
524
88
837
821
57
775
391
837
810
636
524
81
463
463
775
444
837
537
996
442
81
486
839
1592
2090
3458
4656
1683
2307
3608
4673
1564
3021
3953
4477
1636
2576
3369
5028
1583
2380
3730
4253
1396
2691
3469
4126
1597
2789
3851
4468
1651
2223
3933
4675
1651
2054
3469
4636
1936
2671
3499
4846
1651
2314
3338
4136
1945
2330
3320
5039
1299
2182
3933
4850
2006
2789
3862
4739
1866
2561
3145
4995
1597
2693
3937
4268
1940
2700
3592
4144
1755
2585
3918
4589
1830
2941
3672
4414
1984
2467
3548
4103
1346
2544
3096
4198
1535
2857
3783
5049
1755
2510
4065
4816
1896
2700
4032
4866
1867
2168
3927
4221
1382
2971
3536
4994
1771
3070
3215
4645
1771
3054
3931
4914
1678
2717
3183
4900
1999
2859
3198
4388
1436
2964
3291
4591
1436
3062
3304
4352
1403
3062
3427
4843
1436
2552
3413
4530
1270
2330
3291
4786
1651
2420
3210
4468
1703
3062
3687
4459
1606
2890
3485
4559
1606
2276
3976
5067
1637
3062
4051
4931
1948
2283
3210
4435
1824
2332
3149
4451
1535
2568
3485
4432
1606
2962
3428
4657
1637
2604
3456
4427
2028
2890
3394
4942
2044
3042
3210
4925
1635
2467
3428
4727
1606
2306
3952
4897
1637
2529
3536
5022
1606
2314
4051
4800
1606
2430
3210
5087
1523
3062
3687
4278
1606
2306
3919
4131
1878
2630
3664
4370
1555
2945
3413
4120
1396
2820
3106
4500
1985
2276
3210
4389
1718
2906
3862
4562
1351
2697
3773
4097
1535
2483
3536
4951
1666
2671
3706
4855
1535
2430
3264
4302
1718
2966
3687
5045
1637
2693
3485
4807
1396
2671
3420
4193
1637
2333
3862
4142
1216
2701
3229
4855
1438
2282
3862
4797
1802
2404
3953
4932
1802
2697
3945
5008
1736
2971
3558
4205
1996
2293
3148
4249
1996
2947
3247
5109
1996
2517
3639
4487
1996
2757
3274
4232
1438
2628
3710
4285
1993
2517
4090
4780
1637
3054
3450
4816
2006
2323
4077
4918
1057
2983
3334
4542
1684
2388
3677
4328
1535
2133
3076
4751
1996
2971
3185
4587
1626
2579
3247
4528
1651
2649
3536
4285
1961
2802
3091
4193
1606
2821
3862
4914
1209
2820
3257
4558
1674
2966
3325
4743
2032
2456
3536
4242
1674
2403
3456
4232
2006
2585
3862
4722
1209
2874
4059
4364
1703
2820
3264
4645
1409
2769
3862
4542
1562
2915
3474
4425
1110
2344
3210
4160
1133
2659
3220
4572
1274
2703
3189
4140
1424
2604
3158
4855
1783
2738
4051
4841
1806
2966
3854
4924
1215
2659
3180
4140
1985
2607
3608
4855
1949
2820
3862
4768
1747
2529
3777
4424
2006
2966
3381
5041
1718
2735
3269
4645
1703
2640
3091
4243
1627
2995
3751
4193
1065
2257
4035
4490
1938
2793
3878
5067
1396
2905
3210
4268
1824
2821
3953
4982
1825
2261
3485
4872
1824
2920
3862
4728
1985
2276
3598
4512
1651
2261
3976
4942
1771
2966
3478
4281
1216
2467
3485
4322
1637
2682
3485
4501
1396
2320
3817
4829
1216
2371
3890
4970
1396
2817
3385
4898
1396
2789
3673
4558
1703
2971
3095
4800
1771
2925
3381
4193
1637
2882
3429
4535
1216
2990
4065
4352
1396
2090
3691
4636
1961
2769
3434
4855
1878
2374
3558
4487
1351
2225
3158
5026
1535
2674
3100
4633
1564
2971
3284
4559
1674
2568
3862
5047
1651
2937
3737
4855
1209
2877
3862
4421
1396
2048
3687
4989
1940
2681
3974
4286
1771
2333
3862
4562
1771
2659
3952
4687
1209
2912
3862
4332
1216
2603
4053
4817
1083
2419
4059
4918
1771
2261
3649
4875
1216
2503
3492
4420
1438
2423
3888
5046
1299
2628
3959
4500
1771
2857
3569
4918
1315
2647
3800
4918
1166
2886
3722
4243
1443
2561
3520
4804
2018
3021
3210
4954
1351
2820
4021
4639
1651
2820
3538
4657
2032
2306
3740
4541
1674
2647
3462
4971
1452
2769
3210
4756
1674
2644
3640
4928
1438
2276
3485
4190
1940
2802
3485
4583
1606
3055
4051
4173
1690
2800
4051
4766
1396
3008
3416
4727
1771
2253
3464
4227
1396
2966
3496
4773
1606
2223
3536
4338
1671
2061
3407
4692
1063
2443
3101
4639
1406
2552
3264
4987
1824
2905
3115
4263
1479
2815
4021
4782
1348
2915
3388
4240
1824
2628
3415
4136
1596
2112
3729
5050
1469
2980
4036
5003
1291
2294
3277
4766
1610
2455
3862
4593
1263
2897
3784
4233
1838
2156
3862
4974
1610
2465
3957
4752
1396
2740
3807
4855
1758
2966
3829
4839
1529
2219
3224
4227
1993
2176
3810
5119
1838
2659
4059
4354
1915
2390
3795
4768
1856
2251
3101
5002
1666
2623
3429
4194
1975
2857
3224
4746
1874
2295
3365
4675
1351
2535
3390
4789
1996
2966
3390
4131
1764
2978
3649
4925
1109
2097
3123
4150
1535
2628
3957
4635
1718
2295
3723
4193
1429
2701
3104
4894
1365
2295
3154
4253
1718
2905
3787
4894
1535
2659
4095
4162
1534
2966
3780
4447
1830
2276
3733
4743
1410
2732
3957
4578
1152
2514
3966
4411
1597
2529
3862
4645
1191
3043
3651
4494
1191
2732
3640
4344
1528
2484
3957
4645
1996
2732
3444
5081
1290
2732
3927
4414
1753
2261
3828
4855
1152
2956
3879
5105
1270
2986
3862
4178
1109
2262
3957
4890
1152
2404
3862
4559
1354
2515
3862
4232
1606
2515
3862
4436
1263
2515
4014
4205
1385
2061
3652
5075
1993
2860
3231
4332
1838
3063
3413
4147
1610
2505
3413
4855
1985
2949
3862
5086
1664
3043
3467
4800
1351
2276
3431
4666
1610
2966
3819
4646
1651
2378
3684
5011
1838
2738
3687
4113
1764
2314
4014
4288
1610
2966
3698
4484
1626
2821
3569
4245
1838
2276
3980
4742
1703
2529
4091
4193
1993
2054
3437
4332
1683
2230
3957
4269
1664
2419
3862
4500
1216
2789
3891
4335
1975
2821
3394
4988
1771
3043
4035
4332
1985
2349
3862
4585
1216
2821
3778
4543
1651
2585
3095
4603
1985
2740
3668
4938
1455
2314
4055
4800
1211
2568
3959
4855
1610
2779
3462
4510
1396
2671
3976
4646
1838
2779
3862
4988
1057
2821
4053
5094
2001
2585
3442
4994
1263
2378
3729
4167
1771
2883
3506
4451
1610
3055
4014
4855
1606
2585
3862
4436
1291
2054
3224
5033
1211
2061
3264
4442
1567
2268
3764
4205
1785
2920
3115
5049
1610
2349
3640
4302
1637
2349
3094
4205
1606
2465
3469
4970
1896
3050
3862
4836
1610
2821
3862
4412
1838
3055
3880
4855
1764
2966
3507
4119
1912
2623
3642
4615
1837
2660
3368
4098
1838
2093
3957
4898
1270
2779
3744
4259
1270
2048
3779
4134
1485
2966
4048
4262
1674
2276
3854
4834
1651
2883
3862
4965
1610
2905
3178
4622
1270
2208
4052
5026
1535
2378
3546
4302
1359
2215
3516
4793
1485
2659
3437
4414
1755
2789
3783
4733
1237
2966
3912
5079
1351
2563
3681
4785
1237
2192
4082
4869
1830
2156
3653
4638
1753
2989
3957
4731
1354
2467
3585
4516
1351
2049
3198
4411
1535
2740
3778
4768
1838
2348
3585
5068
1270
2276
3390
4662
1354
2330
3189
5089
1651
2985
4082
4768
1396
2350
3778
4516
1354
2170
3598
4594
1396
2659
3909
4546
1237
2360
3337
5107
1396
2119
3784
4205
1535
2549
3199
4731
1975
2857
3182
4647
1703
2829
3352
4478
1985
2162
3389
4194
1396
2889
3375
4472
1351
3041
3706
4350
1109
2660
3640
4097
1824
2399
3091
5044
1396
2985
3862
4881
1817
2912
3724
4980
1409
2276
3260
4977
1351
2330
3853
4496
1782
2528
3247
4797
1427
2972
3542
4656
1998
2434
3942
4606
1610
2253
4013
4221
1985
2801
4052
4194
1838
2483
3942
4938
1610
2261
3171
4226
1993
2966
3985
4830
1812
2263
3576
4114
1998
2261
3087
4869
1610
2883
3171
4780
1954
2483
3599
4414
1584
2910
3862
4826
1838
2659
3304
4827
1270
2619
3788
4502
1565
2168
3587
4414
1109
2161
3104
4784
1354
2257
3915
4606
1396
2986
3925
4855
1250
2793
3862
4827
1604
2966
3969
4725
1270
2263
3919
4700
1535
2983
3132
4522
1718
2255
3862
4817
1351
2252
3925
4337
1452
2978
3461
5086
1351
2986
3862
4822
1535
2966
3440
4551
1862
3066
3736
4768
1191
2677
3091
4194
1739
2208
3154
4941
1753
2208
3303
5059
1718
2883
3816
4980
1351
2097
3716
4518
1753
2330
3154
4482
1838
2208
3862
4501
1985
2097
3915
4097
1564
2659
4038
4629
1764
2905
3389
4855
1718
2484
3862
4097
1351
2531
3231
4120
1617
2525
3200
4742
1610
2517
3111
4097
1438
2869
4095
4315
1985
2860
3862
4198
2032
2854
3154
4469
1436
2966
3623
4332
1263
2659
3338
4687
1838
2261
3898
4974
1270
2821
3778
4855
1610
2905
3200
4286
1985
2563
3111
4855
1838
2762
3810
5025
1626
2419
3862
4844
1985
2968
3348
4637
1396
2869
3171
4162
1985
2777
3304
4197
1560
3042
3795
4603
2031
2060
3822
4295
2032
2674
3880
4882
1985
2619
3862
4512
1410
2762
3260
4645
1516
3002
3243
4098
1396
3012
3473
4504
1939
2529
3148
4978
1270
2464
3862
4142
1412
2793
3232
4323
1396
2623
3154
4272
1985
2224
4077
5007
1351
2517
3810
4937
1718
2506
3862
4629
1351
2219
3862
4696
1753
2921
3245
5066
1813
2701
3583
4197
1353
2966
3819
4928
1812
2628
3819
4780
1354
2257
3552
5062
1270
2419
3862
4826
1250
2608
3862
4549
1753
2777
3819
4855
1985
2224
3862
4326
1612
2811
3235
4240
1718
2360
3608
4352
1351
2869
3741
5005
1874
2793
3641
4269
1940
2990
3685
5084
1824
2535
3952
4855
1984
2830
3311
4988
1583
2314
3617
4702
1985
2563
3957
4544
1718
3023
3862
4269
1636
2529
3862
4619
1651
2253
3182
4414
1396
2119
3640
4817
1936
2483
3274
4661
1650
2539
3775
4844
1650
2563
3818
4872
1837
2659
4052
4363
1837
2966
3348
4812
1812
2619
3937
4725
1812
2659
4060
4451
1812
2966
3380
4376
1436
2659
3372
4539
1824
2881
3642
5007
1597
2659
3143
4829
1806
2604
3372
4843
1516
2674
3862
4447
1993
2261
3182
4362
1985
2403
3338
4679
1940
2467
3098
4221
1703
2881
3072
4644
1396
2242
4032
4278
1240
2406
3210
4896
1814
2817
3699
4942
1812
2724
4053
4421
1824
2329
3671
4358
1535
2464
3661
4432
1936
2331
3098
4637
1452
2091
3406
4890
1812
3041
3925
5029
1651
2657
3925
4675
1939
3021
3919
4382
1651
2966
3104
4704
1583
2926
3143
4830
1867
2231
4094
4784
1651
2657
3388
4325
1651
2791
3229
4414
1564
2657
4054
4098
1925
2905
4004
4594
1651
2814
3094
4363
1939
2857
3143
5108
1806
2863
4043
4843
1812
2048
4084
4802
1830
2420
3536
4414
1502
2825
3177
4852
1635
2817
3389
4251
2001
2529
3613
4498
1824
2657
3641
4578
2001
2074
3149
4907
1635
2891
3251
4711
1299
2657
3976
4139
1621
2777
3558
4401
1545
2443
3414
4696
1263
2996
3987
4332
1263
2064
3552
4641
1263
2262
3491
4792
1837
2657
3830
4855
1812
2696
3390
4699
1589
2467
3937
4875
1436
2407
3143
4692
1703
2091
3296
4167
1382
2604
3572
4415
1263
2268
3133
4897
1299
2314
4051
4599
2006
2079
3229
4906
1436
3069
3716
4974
1436
2857
3461
4849
2006
2883
4051
4202
1703
2074
3333
4995
1703
2467
3552
4445
1452
2604
3967
4254
1206
2941
3325
4615
1771
2074
4005
4932
1299
2657
4093
4505
1263
2074
3741
4262
1044
3035
3849
4860
1759
2520
3937
4948
1703
2079
3982
4245
1291
2349
3176
4542
1886
2671
3398
4109
1815
2657
3456
4873
1788
2198
3778
4983
1746
2506
3649
5050
1583
2811
3390
4860
1635
2657
3777
4938
2001
2198
3976
4726
1635
2456
3467
4414
1651
2891
3729
4621
2033
2835
3494
4317
1857
2877
4082
4827
1452
2430
3178
4446
1651
2148
3869
4100
1299
2198
3198
4795
1317
2091
3869
4296
1764
2657
3088
4983
1824
2503
3325
4539
1517
2257
3856
4942
1567
2629
3365
4349
1567
2214
3771
4097
1186
2065
3192
4942
1186
2383
4062
4558
1186
2065
3536
4468
1186
2802
3327
4671
1246
2775
3210
4693
1703
2891
3243
4854
1382
2618
3478
4143
1263
2802
3181
4604
1771
2881
3929
4289
1982
2851
3983
4918
1936
2618
3179
4097
1854
2857
3622
5063
1874
2913
3254
4627
1854
2215
3179
5030
1674
2802
3919
4867
1936
2128
3390
4529
1186
2513
4005
4939
1396
2128
3592
4862
1982
2076
4005
4949
1936
2198
3620
4972
1264
2618
3229
4974
1617
2775
3773
4549
1264
2881
3456
4695
1191
2247
3210
4549
1771
2347
3255
4731
1264
2406
3237
4242
1996
2223
3493
4549
1263
2881
3393
4558
1669
2076
3185
4183
1606
2600
3157
4484
1874
2278
3198
5106
2042
2133
3327
4723
1385
2979
3103
4656
1535
2161
3154
5096
1940
3038
3103
4262
1854
2717
3154
4691
1264
2787
3687
4242
1635
2600
3982
4127
1264
2198
3154
4854
1651
2478
3485
4627
1817
2529
3536
4845
1191
2775
3985
4745
2005
2563
3380
4891
1191
2891
3211
4757
1703
2479
4088
4695
1703
2851
3727
4700
1264
2406
4051
4578
1263
2600
3191
4773
1263
2128
3536
4127
1857
2631
3890
4821
1817
2862
3229
4136
1270
2161
3296
4695
1862
2600
3229
4139
1718
2128
3414
4413
1996
3059
3536
4242
1690
2657
3839
4615
1886
2899
4070
4726
1396
2881
3918
4546
1110
2618
3306
4456
1110
2280
3603
4445
1996
2898
3341
4671
1996
2128
3552
4549
1996
2881
3409
5063
1263
2881
3603
4622
1156
2740
3591
4284
1186
2875
3331
5105
2006
2881
3500
5105
1246
2238
3599
4549
1429
2820
3320
4509
1830
2331
3591
4285
1314
2360
3244
5075
1737
2351
3469
4098
1996
2820
3912
4382
1996
2881
3243
4363
1996
2214
3736
4766
1396
2521
3862
4721
1525
2436
3845
4804
1535
2214
3889
4564
1812
2292
3337
4817
1651
2219
3521
4230
1270
2996
3558
4578
1718
2881
3414
4097
1996
2170
3370
4423
1996
2719
4035
4815
1996
2820
3148
4988
1263
2214
3808
4660
1263
2845
3331
4145
1993
2966
3896
4860
1186
2100
3745
4320
1186
2775
3194
4197
1669
2719
3684
4192
1617
2589
3862
5105
1186
2820
4056
4260
1186
2820
3881
4662
1170
3015
3491
4136
1584
2922
3232
4686
1825
2132
3443
4918
1846
2128
3969
4414
1874
2719
3107
4442
1984
2802
3334
4773
1824
2278
3890
4125
1564
2881
3333
4119
1824
2972
3154
5097
1651
2821
3335
4561
1617
3028
3861
4354
1348
2802
3219
4854
1718
2343
3681
5006
1984
2802
4094
5108
1583
2881
3244
4459
1264
2881
3839
4465
1854
2802
3702
4722
1193
2802
3739
4445
2005
2881
3647
5105
1920
2884
3711
4155
1555
2775
3485
5034
1703
2881
3556
4700
1824
2479
3622
5105
1996
2881
3642
4965
1996
2802
3200
4693
1604
2323
3264
4836
1535
2479
3890
4604
1985
2278
3782
4504
1651
2811
3991
4113
1974
2922
4077
4972
1617
2618
3606
4664
1424
2479
3200
4772
1854
2802
3191
4772
1081
2123
4090
5106
1940
2881
3087
4468
1528
2802
3497
4598
1351
2802
3343
5077
1186
2802
4077
4304
1734
2574
3470
4598
1817
2881
3741
4544
1351
2600
3296
4500
1974
2618
3744
4928
1974
2278
3605
5106
1974
2406
3915
4834
1974
2741
4016
4907
1617
2233
3890
4140
1528
2479
4070
4120
1424
2802
3845
4802
1874
2253
3080
4681
1186
2283
3862
4432
1264
2623
3890
4975
1599
2802
3153
4908
1936
2695
3890
4348
2001
2884
3867
4902
1372
2128
3216
4401
1817
2333
4038
4854
1636
2616
3136
5059
1315
2345
3485
5029
1341
2695
3450
5005
1548
2399
3447
5111
1597
2076
3364
4821
1940
2132
3255
4244
1982
2600
3477
4990
1940
2802
3424
4454
1910
2802
3938
4791
1409
2128
3109
4990
1830
2600
3991
4720
1424
2525
3890
4122
1824
2214
3300
5102
1246
2815
3900
4504
1824
2860
3728
4953
1867
2074
3644
4700
1949
2787
3904
4269
1525
2494
3862
4856
1583
2450
3862
4603
1645
2549
3475
4978
1621
2681
3317
5076
1263
2159
4035
4296
1837
2269
3229
4487
1837
2609
4064
4544
1812
2331
4004
4484
1136
2383
4004
4348
1240
2463
3728
4544
1191
2331
3608
5011
1136
2450
3337
4202
1996
2456
3142
4539
1416
2255
3370
4955
1993
2678
3884
4754
1707
2219
3370
4783
1710
2962
3427
4547
1597
2333
3680
4296
1424
2594
4041
5039
1874
2331
3896
4916
1136
2284
3492
4586
1583
2345
3896
4296
1754
2825
3269
4134
1824
2095
3478
4795
1940
2697
3368
5039
1426
2890
3787
4098
1828
2470
3937
4664
1985
2659
3427
4527
1583
2261
3925
4134
1754
2968
3862
4519
1385
2257
3870
4746
1940
2255
3318
4554
1635
2966
4038
4159
1940
2467
3862
4493
1824
2818
3485
5102
1940
2682
3862
4193
1824
2659
3403
4942
1985
2735
3986
4855
1396
2623
3143
4455
2045
2276
3551
4097
1651
2705
4065
4822
1718
3007
3368
4158
1974
2915
3808
5095
1718
2443
3633
4727
1351
3062
3913
4586
1874
2928
3368
4215
1961
2293
3252
4240
1771
3062
3311
4596
1209
2716
4076
4988
1209
3062
3097
4513
1564
2470
3815
4558
1874
2563
3977
4826
1351
2224
3598
4399
1940
2848
3251
4171
1409
2412
3205
4200
1936
2470
3296
5025
1982
2941
3649
4763
1745
2561
3503
4140
1814
2249
3488
4834
1535
2184
3957
4982
1940
2905
4065
4706
1583
3008
3085
4725
1237
2260
3148
4215
1936
2609
3304
4753
1651
2818
3925
4873
1936
2330
3402
4348
1583
2792
4064
4539
1351
2714
3860
5119
1771
2914
3366
4768
1651
2631
3572
4680
1604
2966
3547
4826
1679
2498
3828
4317
1597
2529
3847
4288
1824
2983
3608
4645
1984
2671
3608
4905
1824
2552
3921
4171
1812
2470
3598
4862
1651
2133
3148
4748
2028
2122
3552
4414
1985
2330
3329
4953
1240
2190
4077
4193
1947
2646
3608
5057
1936
2700
3171
4097
1637
2667
3206
4425
