128
1014
946
545
95
19
398
398
1020
440
682
542
913
49
49
49
414
414
49
539
1020
49
414
22
145
145
434
294
474
400
577
403
577
624
760
545
377
277
588
588
696
22
545
377
914
525
22
414
545
377
277
73
73
227
414
62
545
585
585
1020
734
652
1014
1014
808
850
682
872
491
318
513
760
760
552
145
434
699
814
274
305
398
398
388
545
7
316
277
940
73
525
545
494
440
682
77
525
525
525
856
652
250
997
316
1010
525
444
434
91
996
337
757
414
277
403
600
369
396
188
725
872
49
951
1017
879
145
434
699
294
917
355
277
277
585
585
585
585
3
95
585
173
585
585
263
444
434
91
585
879
879
710
307
736
11
600
788
459
95
585
585
545
557
652
1014
1014
808
946
1019
503
36
545
318
585
760
145
145
434
264
537
316
398
398
510
525
388
474
512
426
1010
414
1010
1010
1010
414
510
696
816
816
752
120
401
1014
808
946
946
946
513
577
908
696
585
552
446
62
463
318
318
474
247
36
247
36
760
760
682
145
145
434
294
996
388
682
503
469
823
545
474
301
446
595
77
600
988
545
444
444
434
700
585
88
879
727
228
823
411
494
335
444
434
810
996
302
131
1014
1014
808
585
850
503
585
247
585
318
760
682
145
434
699
996
208
976
65
184
61
585
653
494
95
661
762
762
715
405
335
88
434
91
1010
752
280
652
232
997
823
49
976
444
434
434
914
49
301
727
727
318
808
318
715
247
95
841
686
328
715
348
145
434
566
294
996
319
277
440
682
35
600
396
60
446
595
621
585
585
74
444
434
91
341
879
879
386
307
228
723
653
715
444
391
434
810
715
365
131
676
1014
140
472
946
30
95
585
585
36
760
145
145
434
294
968
585
904
346
61
545
682
872
688
62
426
1010
1010
1010
172
444
434
91
585
585
557
652
232
997
585
539
585
444
434
91
585
585
301
446
727
736
318
318
585
462
95
377
318
318
719
348
145
145
434
264
110
208
976
682
872
176
173
585
552
727
243
700
173
713
580
552
444
434
91
585
585
879
879
595
585
173
585
850
444
434
810
585
557
652
232
1014
808
946
585
494
377
247
36
318
760
765
145
434
699
585
585
585
156
346
61
585
585
585
552
426
26
476
659
164
263
444
434
776
723
968
263
652
356
1788
2516
3216
4601
1755
2965
3383
4799
1457
2925
3454
4567
1815
2589
3257
4364
1807
2452
4077
4799
1815
2129
3997
4722
1807
2850
3603
4414
1788
2535
4077
4675
1991
3071
4077
4919
1903
2162
4087
4414
1481
2910
3933
4924
1160
2740
3824
4184
1991
2230
3904
4624
1903
2317
3307
5006
1481
2976
3967
4875
1436
2969
3375
4449
2046
2268
3887
5005
1991
3069
3728
4773
1835
2802
3274
4751
1694
2274
4094
5056
1835
2884
3906
5057
1694
2719
3851
4132
1835
2549
3690
5056
1694
2214
4000
4431
1835
2269
3940
5008
1694
3009
3251
4950
1764
2289
3342
4999
1694
2910
3674
5108
1835
2740
3940
4119
1899
2330
3880
4624
1317
2484
3736
4119
1720
3069
3496
4456
1317
2907
3592
4972
1924
2467
4072
5094
1317
2907
3987
4384
1720
2985
3382
4726
1535
2264
3834
4455
1683
2424
3918
4177
1365
2394
3517
4898
1535
3071
4072
4852
1931
2516
3736
5056
1755
2925
3782
4831
1635
2817
3904
4414
2035
2883
3352
4845
1334
2424
3783
5056
1160
2529
3333
4481
1334
2529
3623
4770
1700
2057
3942
4397
1481
2516
3380
5108
1160
3071
3333
4457
1659
2612
3623
4414
1155
2277
3909
5050
1659
2813
3623
4432
1931
2467
3307
4285
2046
2201
3880
4179
1723
2612
3736
5056
1607
2644
3987
4460
1515
2411
3919
4835
1748
2925
3904
4747
1155
2452
3824
4654
1723
2889
3725
4170
1607
2467
3307
4955
1481
2531
4079
4739
1896
3042
3325
5056
1626
2696
3478
4921
1903
2162
3673
4977
1515
2877
3673
4972
1777
2925
4008
4624
1991
2531
3284
5058
1723
2330
3891
4119
1903
2877
3782
4624
1481
2612
3251
5118
1777
2990
3647
4145
1984
2201
3622
5081
1456
2162
3783
4184
1371
2877
3810
5112
1903
2681
3237
5089
1481
2979
3824
4184
1115
2990
3526
5108
1777
2421
3929
5094
1991
2694
3929
4145
1777
2907
3940
4972
1886
2696
3413
5094
1801
2214
4079
5114
1753
2568
3234
4368
1417
2568
3870
5041
1886
3032
3237
5089
2046
3032
3890
4972
2035
3059
3284
4864
2046
3009
3154
4624
1481
3050
4008
5077
1753
2771
3986
4955
1581
2455
4019
4478
1755
2085
3814
4149
1460
2962
3786
5040
1161
2540
4055
4230
1931
2880
3735
4126
1755
2937
3434
4715
1626
2682
3831
4496
1975
2754
3307
5024
1452
2214
3458
4731
1485
2269
3681
4414
1896
3017
3710
4665
2038
2352
4077
4411
1755
2557
3698
4503
2038
2412
3530
4414
1755
2928
4088
4307
2038
2557
3870
4363
1755
2095
3810
4354
1755
2048
4004
4589
1755
3044
3940
4184
1386
2830
3197
4340
1424
2529
3878
5025
1535
2630
3857
4242
1651
2884
3447
4916
2038
2470
3244
4237
2038
2549
3504
4985
1714
2214
4077
4194
2007
2717
3307
5096
1417
2609
3674
5003
1394
2352
3552
5018
1991
3044
3673
4971
1417
2735
3940
4783
1884
2352
3783
4931
1703
2462
3311
4644
1683
2463
3762
4414
1481
2135
3623
4497
1701
2314
4052
5119
2025
3041
3810
4812
1417
2470
3567
4484
1054
2760
3839
4184
1884
2681
4091
4500
1589
2748
3943
4125
1589
2699
4094
4830
1995
2579
3804
5018
2025
2137
4008
4948
1896
2366
3096
4184
1232
2944
3904
4624
1884
3007
4079
5040
1396
2626
3342
4831
1589
2549
3376
4845
1991
2681
3970
5095
2025
2453
3657
4830
1554
2214
3237
5110
1884
2649
3307
4971
1884
2549
3623
4876
1160
2681
3900
4876
1589
3012
3585
5110
1425
2343
3558
4111
1594
2601
3460
5072
1652
2380
3603
4398
1969
2601
3672
4927
1324
2283
3916
4195
1824
2746
3880
4830
1554
2478
3325
4170
2025
2332
4079
5041
1607
2425
3268
5058
1554
2429
3919
4835
1412
2761
3781
4921
1385
3028
3608
4482
1535
3071
3660
4760
1755
2985
3198
5098
2035
2907
3437
4763
1368
2989
3513
4456
2034
2869
4053
4739
1554
2594
3906
5056
1368
2168
3133
4905
1949
2701
4093
4302
1317
2735
3778
4456
1589
2097
3673
4334
1949
2920
3727
4629
1554
2860
3782
4305
1589
2305
3727
4559
1607
2420
3198
4860
1547
2735
3976
5040
1720
2920
4079
4305
1788
3043
3839
4876
1412
2283
3898
4547
1949
2549
3329
4721
1035
2214
3182
4527
1035
2269
3442
4915
1720
2884
3870
4717
1682
3069
3771
4739
1714
3044
4030
5108
1547
2557
3976
4715
1535
2946
3831
4300
1412
2771
3639
4300
1443
2364
3854
4770
1535
2850
3522
4632
1755
2421
3928
4239
1651
3034
3796
4158
1755
2884
3698
4684
1801
2818
3530
5047
2046
2352
3674
4170
1347
2649
3384
4822
1884
2501
3891
4770
1589
2716
3940
4715
1589
2965
3157
4184
1035
3000
3623
4983
2025
2137
3970
4384
1035
2868
3856
4852
1347
2944
3710
4889
1801
3009
3760
5029
1589
2890
3690
4624
1801
2572
3288
4931
1523
2813
3914
4140
1035
2868
3861
4733
1317
2540
3940
5094
1801
3009
3202
4456
1523
2137
3698
4615
1347
2579
3856
4184
1347
2877
3555
4145
1347
3017
3690
4955
1347
2971
3982
4889
2046
3009
3791
5096
1455
2697
3839
4925
1365
2424
3269
4701
1755
2877
3585
4462
1523
2905
3619
4120
1347
3017
3096
4613
1347
2443
3736
4443
1626
2854
4014
4592
1209
2150
3596
5094
1626
2772
3976
4220
1347
2772
3106
4320
1218
3021
3325
5017
1347
2467
3690
5047
1347
3017
3965
4601
1481
2702
3208
4384
2046
2054
3398
4260
1589
2347
3508
4370
1047
2491
4053
4260
2046
2419
3194
5089
1047
3017
3577
5029
2046
2253
3839
4119
1903
2820
3237
4921
1115
2748
3736
4927
1417
3009
4079
4318
1417
2748
3198
4766
1903
2877
3965
5096
1083
3037
3478
4253
1996
2761
3104
4549
1029
2463
3422
4545
1755
2412
3428
4472
1284
2249
3585
5032
1521
2457
3623
4397
1700
2619
4053
5056
1397
2567
4006
4739
1700
2350
3940
5028
1755
2439
3727
4739
1755
2642
4074
4162
1755
2936
3909
5093
1931
2307
3804
4196
1816
2540
3884
4414
1485
2228
3119
4743
1659
3009
3712
4414
1700
3009
3119
4934
1523
2813
3437
4281
1755
2612
3621
4431
1755
2717
4088
4335
1940
2971
3790
4835
1814
2364
3165
5096
1535
2939
3810
4351
1755
3028
3437
4889
1457
2277
4083
4601
1397
2325
3859
4258
2025
2540
3987
4305
1700
3017
3859
4168
2035
2764
3486
4999
1628
3041
3970
4985
1622
2809
3928
4676
1417
2748
3965
4961
1345
3017
3810
5040
1248
3017
3530
5040
1903
2352
3810
4763
1248
3017
3951
4961
1480
2276
3081
4848
1594
2672
3839
4949
2034
2484
3088
4455
1554
2535
3237
4601
1981
2354
3868
4119
1924
2953
3237
4601
1981
2874
4004
4624
1694
2939
3904
4919
1981
3047
3467
4732
1924
2874
4042
4906
1981
2564
4072
4477
1924
2735
3418
4519
1981
2925
4079
4955
1899
2452
3919
4835
1981
2284
3673
4460
1899
2452
3284
4810
1248
2274
3237
5118
1899
3009
3296
4861
1317
2612
4008
4934
1155
2403
3107
5057
1334
2434
4008
4170
1087
2097
3504
4305
1737
2516
3282
5051
1410
2455
4077
4145
1788
2516
3276
4215
1755
2695
3603
4653
1457
2425
3603
4253
1801
2700
3294
5018
1764
2589
3942
4239
1755
2949
3603
4813
1755
2967
3603
4599
1755
2262
3526
4903
1659
2314
3603
4538
1801
2424
3887
4549
1659
2777
3603
4546
1700
2467
3603
4269
1659
2905
3603
5095
2038
2411
3951
4567
2038
2889
3976
4567
1720
3011
3260
4337
1385
2054
3796
4869
1755
2411
3778
5041
1755
2412
3888
4334
1683
2277
3900
4535
1263
2693
3352
4281
1059
2269
3296
5071
1993
2509
3671
4184
1557
2378
3288
4418
1557
3008
4084
4468
1755
2598
3259
4196
1931
2137
3887
4851
2038
2567
3634
4487
1931
2257
3735
4398
1755
2907
3119
4431
1801
2791
3844
4562
1755
2789
3288
4905
1867
2972
3307
4919
1755
2869
3111
4184
1801
2905
3940
4508
1975
2716
3343
4483
1240
2989
3334
4896
1984
2344
3248
4208
1412
2394
3994
4662
1535
2815
3325
4589
1931
2716
3619
4494
1651
2331
3440
5037
1700
2214
4089
4414
1659
2423
3336
4583
1054
2214
3868
4715
1216
2633
3618
5079
1707
2268
3288
4583
1651
2137
3997
4641
1801
2884
3673
5094
1899
2971
4094
5056
1426
2884
3868
4475
1054
2214
3859
4810
1896
2133
3876
4168
1690
2857
4072
4119
1054
2716
3753
4817
1218
2362
4077
5033
1755
2876
3585
4184
1659
2672
4077
4640
1867
2884
4000
4414
1054
3070
3728
4215
1054
2697
3623
4905
1801
2325
3684
4672
2035
2564
3219
4806
1317
2123
3107
5056
1626
2718
3494
4504
1777
2564
3585
4184
1814
2621
3274
4487
1365
2939
3558
4371
1535
3023
3728
4921
1690
2735
3261
4414
1299
2644
3413
4546
1299
2672
3843
4314
2028
2276
3307
4810
1481
2738
3880
4856
1674
2969
3657
4713
1755
3062
3603
4599
1626
2572
3389
4740
1347
2791
3266
4733
1347
2791
3219
4740
1347
2123
3582
4593
1394
2869
3307
4318
1054
2612
3585
4623
1984
2696
4091
4192
1991
2085
3270
5025
1455
2854
3933
4418
1412
2284
3929
4368
1755
2830
4007
4332
1755
2440
3450
4132
1914
2209
3608
4096
1347
2791
3782
4691
1626
2314
3083
4581
1627
2588
3083
4905
1581
3063
3288
4431
1755
2137
3880
4412
1631
3021
3647
4812
1161
2693
3872
4431
1485
2412
3966
5044
1523
2412
4014
4221
1523
2412
3976
4834
1764
2412
3880
4269
1830
2264
3428
4788
1764
2467
3855
4447
1690
3055
3844
4538
2038
2257
3735
4866
1651
2412
4053
4478
1651
2224
3335
4447
1755
2330
3778
4768
2038
2378
3352
5096
1523
3012
3976
4269
1755
2330
4053
5026
1254
2969
3861
4137
1525
2635
3251
5033
1424
2214
3878
4266
1535
2269
3363
5038
1755
2884
3764
4853
1209
2681
3506
4896
1347
2331
4077
4654
2038
3041
3623
4197
1690
2789
3307
5095
1874
2201
3269
4849
1191
2612
3864
4154
1588
2864
3943
5066
1690
2421
3728
4221
1287
2484
3698
4739
1720
2325
3976
4184
1347
3008
3623
5096
1347
2793
3933
4490
1299
2054
3950
4629
2032
2331
3460
4971
1097
2925
3623
4506
1059
2738
3585
4693
1397
2594
3783
4810
1519
2368
3094
4886
1481
2830
3739
4987
1914
2276
3288
4771
1347
2791
4077
4620
1347
2791
3935
4919
1232
2791
3413
4184
1347
2214
3313
4820
1186
2764
3188
4970
1841
2644
3419
4168
1535
2697
3307
4849
1846
3007
3502
5082
1635
2137
3104
4733
1317
2697
3269
4710
1720
2825
3237
4184
2034
2884
3976
4636
2001
2214
3704
4875
1535
2823
4045
4283
1638
2642
3327
4713
1801
2516
3288
4210
1764
2123
3891
4456
1798
2137
3440
5047
1807
2884
3704
4431
1394
2619
3728
4771
1835
2214
3268
5040
1694
2719
3795
5007
1083
2716
3272
4905
1412
2933
3083
5034
1385
2915
3187
4743
1535
3069
3474
4950
1755
2883
3728
4371
1801
2214
3903
5094
1349
2883
3623
4864
2025
2985
3672
5096
1622
2137
3296
4589
1925
2908
3269
4646
1878
2884
3352
4126
1535
2214
3072
4540
1218
2716
3872
4993
1896
2412
3107
4416
1059
2257
3916
4552
1896
2137
3300
4508
1516
2791
3339
4707
1896
2905
4067
4485
1788
2905
3540
4700
1896
2936
3940
4281
1867
2936
3888
4701
2003
2313
3414
4979
1788
2723
3265
4227
1896
3012
3540
4227
1622
2380
3822
4307
1896
2968
3822
4508
1788
2968
3942
4193
1896
2119
3804
4539
1519
2889
3081
5095
1412
2506
4030
5068
1586
2255
3363
4234
1878
2716
3752
5076
1993
2884
3096
4176
1764
2681
4077
4700
1857
2331
3502
5112
1857
2214
3982
4767
1054
2535
3307
4732
1622
2604
3736
4184
1925
2362
4072
4727
1622
2549
4052
4972
1564
2854
3333
4211
1949
2680
3297
4731
1759
2682
3352
4299
1955
3063
3989
4561
1884
2419
3384
5095
2006
2506
3467
5056
1317
2419
3657
4733
1914
2276
3394
4817
1535
3011
3664
4184
1857
2905
3219
4455
1857
2905
3585
4423
1815
2936
3982
4508
1857
2989
3505
5090
1622
2276
3880
4834
1925
2276
3876
5110
1299
3012
3976
4589
1299
3012
3891
4145
1622
2119
4036
4771
1455
3010
3297
4592
1535
2850
3398
4938
1755
2119
3432
4927
1755
2506
3919
5095
1884
2830
3178
4927
1884
2830
3552
4988
1626
2854
3200
4619
1674
2540
3185
4193
1626
2914
3359
4692
1299
2270
3813
4227
1218
2936
3558
4178
1299
2936
3603
5047
1299
2224
3603
5007
1299
2214
4008
5011
1801
2510
3288
4988
1589
2510
3307
4193
1690
2137
4036
4922
1589
2884
3951
4335
1828
2264
3634
4096
1814
2833
3986
4211
1535
3071
3244
4145
1755
2716
3812
4817
1659
2137
3623
4197
1054
2820
3585
4983
2035
2884
3862
4624
1054
2820
3352
4733
1596
2782
3475
5033
1250
2463
3653
4817
1651
3028
3791
4855
1268
2137
3343
4230
1161
2644
3872
4648
1583
3023
3904
4714
1867
2498
3724
4196
1635
2484
3777
4766
1583
2439
3880
5025
1838
2949
3585
4714
1635
2165
3095
4414
1583
2907
4084
4826
1801
2330
4077
4184
1755
2869
3783
4196
1161
2439
3504
4221
1764
2905
3976
4983
1801
3012
3307
4763
1788
2905
3869
5108
1755
2411
3526
5100
1516
2971
3913
4414
1814
2436
3165
4583
1535
2162
3098
4351
1485
2343
3951
4414
1755
3041
3845
4629
1755
2941
3704
4654
1690
3055
3880
4629
1523
2976
3766
4120
1690
3055
3950
4934
1191
3029
3342
4349
1743
2740
3095
4389
1216
2941
3133
5099
1391
2484
3413
4681
1690
2325
3437
4860
1254
2341
3251
4586
1136
2362
3647
4121
1240
2792
3188
4407
1299
2681
3825
4886
1426
2137
3670
4389
2006
2214
3825
4221
1343
3021
3440
4287
2001
2210
3739
4363
2028
2060
3270
5025
1824
2717
3307
4221
1585
3055
3088
4705
2028
2137
3333
4705
1949
3055
3929
5078
1554
2946
3800
4821
2028
2907
3251
4921
1626
2986
3623
5029
1535
2907
3834
4221
1755
2467
3095
4715
1788
2137
3182
4546
1801
2119
3736
4318
1788
2119
3800
4843
1759
2628
4084
5025
1764
2830
3880
4221
1537
2561
3189
4943
1029
2165
4019
4220
1523
2791
3670
4351
1287
2771
3413
4654
1588
2411
3876
4474
1788
2276
3111
4384
1720
3012
3413
4654
1788
3012
3469
4835
1720
3012
3413
4201
1669
2608
3185
4322
1385
2660
3854
4810
1535
3071
3880
4256
1755
2883
3764
5031
1993
2276
3903
4661
2046
2883
3413
4604
1299
2791
4074
4221
2046
2813
3542
4197
1857
2276
3526
4120
1535
3071
3885
4725
1878
2269
3830
4803
1535
2884
3822
4677
1485
2681
3747
4820
1755
2907
3585
4763
1626
2905
3623
4542
1583
2137
3751
4788
1755
2619
3303
4835
1651
2412
3940
5041
1651
2693
3266
4281
1755
2462
3741
4763
1635
2933
3473
4592
1583
2531
3307
4414
1755
2535
4052
4743
1690
2177
3270
5096
2038
2884
3095
4161
1755
2307
3903
4701
1857
2255
3095
4201
1857
2681
3182
4508
1755
2936
3307
4540
1406
2545
3189
4784
1597
2962
3452
4327
1485
2424
3710
4318
1755
2884
3952
4710
2038
2214
3259
4455
1801
2119
3909
5058
1347
2869
3916
4791
1347
2325
3916
4878
1347
2869
3585
4810
1814
2276
3498
4707
1186
2680
3797
4527
1426
2245
3797
4632
1179
2594
3914
5039
1054
2325
3219
4866
1347
2857
3585
4127
1690
2462
3777
5003
1299
2378
3690
5108
1347
2883
3940
4184
1347
2628
3690
4770
1878
2750
3558
4628
1651
2681
4077
4161
2038
2137
3498
4145
1547
2646
3951
4987
1347
2716
3526
4726
2046
2451
3266
4771
1690
2716
3674
4899
1690
3055
3940
5108
1347
2800
3269
4127
2032
2884
3822
4114
1940
2097
3817
4672
1385
2660
3986
4606
1535
3071
3623
4803
1755
2716
3727
4694
1959
2628
4077
5077
1347
3012
3916
4771
1299
2968
3269
4849
1347
2119
3552
4977
1589
2946
3951
4955
1166
2451
3558
4552
1755
2789
3570
4384
1690
2971
3570
4123
1959
2791
3603
4221
1347
2791
3603
4510
1347
2936
3603
4170
2046
2276
3966
4654
2035
2936
4079
4768
2046
2936
3777
4800
1299
2693
3627
4181
1385
2257
3309
4906
1535
2193
3371
5096
1755
2452
3747
4184
1651
2589
3504
4810
1347
2119
3834
4860
1299
2649
3413
5110
1519
2452
3623
5095
1211
2909
3475
4944
1029
2255
3261
4494
1755
2276
3735
4866
1813
2905
3542
4447
1521
3055
4067
4937
1755
2412
3268
4834
1755
2330
3929
4540
1755
2214
3268
5036
1764
2976
3413
4726
1626
2905
3595
4143
1635
2628
3585
5095
1523
2649
4077
4221
1523
2857
3987
5015
2038
2567
3585
4509
1690
2214
3935
5079
1755
2936
3843
4900
1857
2452
3719
5025
1700
3009
3504
4852
1755
2936
3893
4150
2045
2264
3949
4221
1814
2249
3198
4356
1535
2906
3824
4948
1209
2833
4077
4957
1755
3043
3570
4451
1523
2276
3603
4542
1299
2693
3335
4799
1523
3041
3642
4305
1523
2976
3777
4373
1216
3055
3367
4412
1753
2677
3682
4650
1581
2332
3372
4388
1523
2380
3270
4752
1764
2332
3413
5096
1664
2276
3715
4500
1523
2248
3095
4752
1651
2920
3876
4800
1651
2989
3870
4721
1651
2325
3506
4855
1651
2748
3297
4725
2027
2252
3478
4538
1825
2257
3365
4269
1846
2874
3188
5032
1635
2897
3878
4660
1554
2347
3976
4918
2028
2946
4077
4720
1949
2347
3506
4770
2001
2463
3777
4594
1635
2874
3772
4924
1824
2535
3085
4617
1359
2404
3876
4474
1161
2940
3783
4221
1755
2489
3182
5012
1801
2485
3413
4318
1764
2530
4039
4351
1801
2818
3095
4633
1764
2941
3094
4164
1626
2941
3526
5112
1627
2971
3104
4826
1560
2660
3095
4908
1254
2557
3098
4211
1264
2557
3957
4331
