73
829
762
457
93
872
1020
282
974
974
974
974
188
188
188
188
101
101
101
101
283
101
101
101
283
101
101
26
774
872
223
166
6
220
794
892
374
892
374
224
374
224
374
224
374
224
374
224
374
224
374
224
184
457
97
89
728
582
360
358
235
235
915
1020
282
282
652
455
1020
138
79
894
894
815
1020
576
576
651
861
881
360
579
152
152
107
107
107
295
295
539
539
539
539
539
539
539
539
539
539
225
101
789
457
774
789
930
166
6
1008
1008
185
185
588
588
588
588
10
10
10
10
10
850
10
10
10
492
10
850
850
1014
369
29
930
582
360
75
644
911
1020
576
375
893
576
394
861
881
360
912
912
1020
1020
815
692
815
815
997
815
6
923
800
152
235
644
43
915
43
105
302
302
302
197
302
101
302
101
101
101
397
847
774
930
166
6
1008
794
892
337
301
374
224
691
656
691
492
691
656
691
656
691
656
691
656
691
691
762
184
1020
282
728
582
881
358
235
911
1020
1020
576
1020
56
930
861
881
360
358
235
235
911
1020
1020
93
282
815
815
815
282
282
282
974
224
188
43
631
631
492
631
101
537
101
492
101
101
101
283
789
457
774
872
930
629
313
97
159
196
97
159
39
939
39
939
39
939
39
939
39
939
492
939
39
939
39
762
506
184
930
728
527
861
881
794
235
235
235
900
762
457
282
93
282
815
282
974
974
893
369
861
881
360
358
235
235
598
553
43
43
101
302
101
302
101
302
101
101
537
101
101
292
101
101
397
847
872
789
930
166
313
220
794
1018
892
374
224
255
224
374
374
374
374
224
374
224
374
656
688
656
688
762
1014
604
728
861
881
360
358
235
911
1020
282
282
455
375
56
930
582
360
75
644
644
644
460
1020
507
394
861
360
360
152
152
152
598
598
598
105
105
539
539
225
539
539
539
539
423
225
101
457
774
789
789
930
313
6
1008
1008
185
185
588
588
588
79
588
10
10
10
10
492
10
850
850
850
850
850
457
88
369
930
861
686
360
152
1020
576
375
893
375
651
861
881
360
152
152
152
911
1020
282
455
455
815
282
815
582
502
923
974
235
98
98
553
234
101
101
101
101
101
225
101
101
101
101
101
101
457
774
789
930
166
6
794
1008
337
892
57
301
57
57
57
10
10
10
10
656
818
