73
822
822
822
822
822
822
822
822
822
822
553
822
822
822
822
822
822
822
822
822
822
822
822
822
822
822
822
822
822
822
822
79
822
822
822
822
822
822
822
822
822
822
553
822
90
822
822
379
90
379
379
90
397
715
324
308
312
308
313
69
800
551
911
83
692
997
308
313
69
800
551
180
51
967
324
651
633
356
821
800
551
765
834
24
622
187
622
966
622
966
622
966
622
966
622
966
622
966
622
966
622
516
122
516
122
187
622
966
122
122
966
966
622
516
122
122
966
622
122
122
879
122
122
122
122
122
516
122
516
122
122
516
122
516
516
122
492
516
122
122
516
122
883
122
516
516
122
516
122
122
516
516
122
516
516
883
516
457
715
194
949
633
356
186
186
186
186
715
312
182
944
845
845
457
83
117
565
565
141
223
633
356
821
800
551
765
834
187
622
187
622
622
122
966
622
622
622
966
622
966
122
966
570
516
570
570
570
516
570
570
570
570
570
570
516
622
516
570
122
570
516
122
516
122
516
122
516
122
516
122
570
516
122
516
570
122
516
492
570
570
570
516
570
570
553
570
570
570
570
883
570
570
122
516
570
883
570
516
122
516
122
516
570
762
715
494
356
475
186
186
186
186
996
996
715
312
182
845
949
83
117
967
48
223
633
356
821
800
551
765
834
834
622
622
622
622
622
966
622
622
622
966
622
966
966
122
122
966
122
516
122
570
570
122
516
516
122
570
122
516
122
516
492
516
879
122
516
879
122
516
879
122
122
516
79
516
122
516
122
122
516
122
122
516
879
122
516
883
883
516
516
122
122
516
122
516
122
516
122
516
457
312
561
603
565
565
565
293
645
645
645
15
645
645
645
645
645
645
645
645
645
645
515
645
645
651
633
356
424
186
186
186
186
996
996
996
996
639
639
639
639
639
639
639
539
639
114
803
639
539
539
539
803
803
539
539
539
283
40
40
283
40
539
44
283
767
40
201
539
293
44
767
40
539
44
201
60
40
643
539
201
60
643
60
60
979
60
60
283
60
60
60
397
902
279
877
877
877
877
877
877
877
60
902
877
877
902
877
877
283
907
60
902
194
350
1005
565
645
645
645
645
645
515
645
645
293
645
715
774
651
633
356
558
186
186
186
996
996
818
