976
689
689
689
689
689
391
689
87
633
313
119
161
997
997
722
911
216
136
475
456
405
405
541
541
193
838
448
112
112
936
315
689
689
689
537
397
715
194
527
313
119
800
53
53
718
464
718
50
271
405
512
405
405
112
537
315
838
936
112
112
315
315
225
936
323
936
789
689
789
560
308
313
119
800
53
718
718
93
997
216
271
811
644
644
512
112
72
936
315
594
936
112
112
936
315
936
397
323
689
323
689
789
87
165
159
190
119
119
892
718
653
692
653
718
255
718
969
962
718
255
718
969
718
255
718
718
515
718
619
718
852
216
119
838
692
64
405
79
112
391
405
936
397
308
119
119
800
997
53
464
997
464
718
718
464
464
718
216
405
405
405
405
83
872
949
190
119
997
53
718
718
718
718
718
718
718
718
718
718
949
190
119
475
692
692
557
1005
557
681
936
197
323
605
397
394
308
119
502
815
997
710
95
710
648
448
281
787
405
512
68
422
405
405
367
103
714
578
941
405
936
68
405
405
936
101
283
101
578
578
936
689
225
936
405
405
936
789
651
190
1010
119
475
46
722
281
448
64
405
79
492
714
714
714
405
938
405
512
315
405
742
308
312
136
475
53
280
838
448
112
112
936
315
315
936
112
261
324
494
119
475
710
722
448
448
448
197
359
359
197
367
405
307
308
981
136
119
502
53
280
405
107
112
936
838
936
789
847
494
494
119
119
75
710
760
107
715
313
159
692
815
997
692
462
324
375
223
308
119
997
974
815
997
405
692
648
512
938
405
188
512
512
789
715
312
266
997
815
710
710
448
838
448
112
112
936
315
936
112
223
494
494
119
119
710
710
448
448
448
247
740
936
315
936
936
397
324
136
119
997
75
722
95
107
405
135
512
278
541
112
315
315
315
465
56
494
119
119
710
46
448
448
838
448
112
112
936
936
949
324
494
119
732
280
53
405
938
405
537
315
936
112
112
323
308
494
494
475
710
564
280
448
112
112
315
315
315
457
619
936
789
223
190
475
692
815
315
93
952
234
234
43
234
789
223
633
356
475
456
815
692
692
692
323
308
1010
308
69
800
710
722
834
281
460
648
112
112
292
188
266
1005
718
718
936
397
391
194
689
689
715
689
323
651
56
527
119
119
811
760
342
