73
221
394
466
882
470
413
218
218
218
218
218
218
729
729
729
729
729
221
221
221
466
882
567
470
470
679
679
207
485
485
485
31
51
269
269
269
269
948
948
948
948
948
948
948
948
948
948
948
948
15
948
948
948
948
948
948
948
948
948
948
948
948
948
515
948
537
948
948
948
948
948
948
948
515
948
948
948
948
948
948
948
948
948
948
948
87
216
269
948
605
948
948
948
948
948
948
948
948
537
948
948
948
15
948
948
948
948
8
250
210
466
882
470
679
679
679
207
196
485
890
210
466
882
470
679
679
207
207
607
485
210
210
882
882
470
679
207
207
207
485
485
210
882
470
470
679
207
626
466
882
882
567
521
108
679
207
207
207
607
607
607
900
607
890
210
882
470
679
207
207
207
79
485
485
890
210
882
470
470
679
207
207
207
485
890
626
882
470
874
207
613
466
882
874
485
890
216
882
470
610
207
207
607
607
607
607
890
210
882
470
470
207
207
207
607
607
607
890
210
882
470
470
207
207
196
485
485
485
626
823
882
207
553
207
210
466
882
470
890
210
882
470
679
207
679
196
485
485
485
485
485
890
210
882
470
470
207
207
207
485
485
485
890
210
882
470
679
207
207
485
31
221
221
466
882
470
470
876
207
207
607
485
890
626
466
882
882
882
470
679
679
207
207
485
485
531
900
485
729
607
607
607
607
607
31
210
466
882
470
679
679
207
207
196
485
485
485
531
485
485
485
607
394
466
882
470
207
613
210
466
470
679
679
207
207
900
485
485
626
210
882
470
470
207
207
207
207
485
607
626
61
882
470
207
207
207
607
607
485
890
210
466
443
443
443
855
855
415
415
415
415
415
531
415
415
196
79
415
415
415
415
415
812
108
415
415
415
537
415
415
415
415
415
415
415
210
108
415
415
415
607
415
415
415
29
466
882
470
470
415
554
567
409
415
415
554
108
959
207
415
207
607
607
607
485
221
210
882
470
874
53
53
207
415
485
890
626
466
882
470
470
679
207
207
485
1004
221
466
882
882
874
409
207
207
207
485
221
890
210
466
882
470
470
679
679
207
218
485
900
531
531
485
196
207
207
607
607
485
31
221
466
882
470
679
679
207
207
218
485
485
485
531
531
485
485
890
210
882
699
