976
907
907
907
538
538
907
279
907
907
907
391
929
929
527
425
356
558
78
46
186
186
281
858
858
858
323
88
100
527
356
558
75
75
280
281
281
996
996
996
171
171
262
262
698
698
698
698
856
856
856
856
440
440
767
767
767
959
767
767
838
767
767
767
606
167
698
698
698
698
262
262
167
167
488
488
488
488
488
488
488
488
488
139
488
488
488
488
488
488
488
488
488
488
488
488
488
488
488
262
488
488
488
488
488
488
488
488
488
488
488
488
488
488
488
537
488
488
488
488
15
488
488
488
488
488
262
262
488
488
488
488
605
215
392
392
392
392
392
223
425
739
558
898
186
186
107
107
193
788
538
538
171
262
262
788
240
171
240
240
240
279
279
240
240
240
240
240
240
240
240
240
240
240
240
240
240
79
240
240
203
262
262
831
907
203
203
907
593
593
279
279
279
279
593
907
538
907
538
538
538
907
907
907
907
907
907
538
907
907
262
262
907
907
907
907
907
907
907
283
907
907
907
907
293
907
907
907
907
907
902
902
907
397
391
907
87
165
262
159
518
518
518
518
518
518
518
988
397
391
48
700
425
356
424
800
551
765
834
996
834
24
173
171
262
262
518
518
518
518
518
518
518
518
518
518
518
518
518
571
518
518
518
518
518
518
518
518
518
518
518
518
518
262
831
518
518
518
518
518
397
391
279
877
31
88
48
700
633
356
800
800
800
46
996
996
24
996
841
171
262
262
359
173
171
841
518
788
518
518
841
518
518
788
518
571
247
518
788
788
518
841
247
518
788
788
518
262
518
518
518
391
279
279
279
967
48
48
929
48
223
425
739
558
898
280
186
107
107
996
788
788
240
262
262
959
788
240
347
240
240
440
279
240
240
240
240
240
240
240
240
240
240
240
240
203
240
240
240
240
240
262
831
831
112
907
203
203
907
593
593
907
203
203
907
593
593
907
203
907
293
593
907
203
907
907
225
605
350
279
262
279
831
538
907
538
538
538
907
907
907
907
907
907
907
907
907
907
907
902
907
79
907
907
907
323
929
929
59
356
558
558
800
46
46
46
107
107
943
323
323
391
929
494
356
558
75
186
280
996
996
996
171
171
171
262
262
734
698
698
856
347
440
767
767
767
767
767
767
342
