976
284
652
652
652
652
190
1019
52
242
825
52
242
1019
62
242
1019
52
538
399
52
1019
455
913
1019
51
462
190
257
52
193
490
928
825
490
726
825
64
726
825
580
580
223
633
526
75
754
1019
756
911
754
242
825
124
193
825
726
193
491
726
825
561
642
580
580
580
565
681
782
82
782
515
782
782
782
782
782
82
782
782
782
328
15
328
782
328
782
328
15
681
782
176
328
782
82
782
515
782
782
15
782
782
82
782
782
141
87
633
526
52
846
620
53
913
652
652
62
652
846
455
394
846
123
728
136
409
409
399
399
490
399
123
123
123
123
637
79
490
490
278
123
123
637
949
324
872
190
686
409
490
490
490
911
64
347
580
580
397
324
872
394
846
620
257
409
123
123
654
868
969
223
633
345
811
409
490
838
386
123
613
846
313
161
944
969
580
580
580
580
580
782
515
782
515
782
82
782
82
782
82
782
537
782
82
782
82
782
82
782
82
782
328
328
328
782
328
328
515
328
328
782
782
782
82
782
82
782
82
782
515
782
782
82
15
82
782
82
15
82
82
782
782
82
141
223
633
526
75
52
825
490
726
825
964
726
825
964
726
825
964
726
825
124
64
350
868
462
715
582
52
825
280
52
825
964
726
825
964
868
603
580
462
59
582
52
825
53
52
872
949
754
271
825
928
123
825
928
193
490
124
193
561
580
580
580
565
681
782
681
782
681
515
82
782
82
782
82
782
176
681
681
515
82
782
782
605
350
276
284
284
284
284
284
284
652
652
652
772
284
772
215
215
580
515
141
791
190
257
52
409
564
928
825
490
726
825
964
726
825
964
754
728
846
526
409
52
825
490
290
193
825
124
994
825
124
994
825
278
726
825
964
726
193
838
290
193
838
290
994
825
160
247
65
278
290
65
491
290
193
65
160
367
65
642
642
197
367
642
457
449
872
190
526
75
124
242
825
124
726
825
964
726
825
964
726
193
491
160
193
788
160
994
65
160
353
65
278
642
65
537
160
193
65
160
387
65
160
642
65
278
642
307
261
754
846
313
242
409
399
95
490
838
95
193
788
124
994
825
642
64
394
846
313
161
652
677
846
997
756
756
26
846
526
756
613
89
89
136
409
409
399
123
123
123
123
123
537
697
697
818
