807
338
53
31
250
250
932
248
479
511
413
542
149
149
900
149
149
604
932
16
824
971
504
971
504
691
663
663
180
604
932
61
429
971
504
337
887
57
887
180
88
31
626
621
479
923
413
246
758
1022
149
26
604
47
210
330
511
227
551
149
31
282
282
282
369
369
210
628
338
338
94
53
477
477
854
347
854
16
16
790
338
901
477
477
542
477
149
347
31
29
108
906
524
4
893
849
138
849
595
515
141
219
824
296
794
892
39
892
39
939
39
939
39
939
906
906
39
939
39
939
39
549
676
731
932
219
479
329
1018
228
374
454
374
690
389
88
47
589
824
126
794
804
246
804
180
31
88
857
219
748
923
413
246
180
650
524
718
43
718
369
16
16
705
338
338
53
53
53
50
50
746
890
16
16
119
732
53
722
432
207
149
149
149
93
29
250
906
266
269
269
948
893
849
849
141
743
824
479
159
794
892
39
939
39
939
39
939
39
939
906
939
39
939
39
939
39
549
676
857
219
479
329
794
228
1018
454
374
690
389
88
88
872
700
705
790
126
246
804
337
180
1014
905
857
29
219
748
126
413
804
246
180
1017
524
718
462
250
210
628
338
338
94
53
53
577
746
577
890
949
16
628
119
732
53
53
542
149
149
31
151
626
635
906
969
580
948
432
849
849
849
849
141
626
61
296
794
892
39
892
39
939
39
939
39
939
906
939
39
939
39
939
39
549
676
857
330
824
479
329
1018
454
900
690
1014
604
872
604
206
219
790
126
413
974
804
180
872
872
88
116
748
282
413
413
180
905
538
196
149
138
138
700
250
621
628
338
477
477
477
477
477
477
477
477
29
108
108
477
477
477
477
477
477
477
477
714
29
621
635
271
579
477
477
938
938
938
938
938
626
705
628
732
338
23
512
512
512
512
512
714
621
16
790
790
456
280
477
477
477
477
477
250
250
628
906
456
477
23
477
477
938
938
938
714
626
16
635
790
878
477
432
477
477
477
890
29
981
628
732
732
23
477
512
512
512
714
714
29
16
36
732
456
23
23
477
477
477
477
890
323
628
108
790
477
477
477
938
938
938
938
938
626
250
628
732
477
477
477
477
477
477
477
949
16
1010
294
790
456
23
23
477
477
432
477
890
16
16
635
732
338
477
342
