73
209
731
116
662
662
1007
255
676
237
932
248
662
662
1007
227
1007
197
463
128
463
463
1
463
105
495
197
181
307
209
743
629
296
7
81
7
55
362
55
184
784
282
282
549
589
824
329
1018
228
454
454
131
695
690
522
47
537
589
824
126
7
784
237
266
932
629
685
682
228
1018
454
131
695
131
695
131
695
389
522
47
694
694
141
795
330
296
923
81
7
758
784
784
932
248
662
821
227
1007
765
834
463
1
463
1
463
1
181
181
1014
676
694
743
629
329
1018
228
131
389
522
330
296
296
7
81
362
55
362
55
362
55
362
55
362
830
784
676
237
795
330
296
7
81
7
362
55
55
830
784
676
731
589
748
126
923
81
246
758
985
862
830
184
676
694
589
748
923
804
985
830
180
209
116
248
662
821
227
1007
318
24
24
463
64
463
463
181
181
184
209
731
795
248
662
821
227
1007
128
128
911
216
1017
868
100
694
116
761
1012
158
158
249
249
249
249
197
323
209
932
248
662
1012
158
158
339
339
249
347
423
1014
209
635
158
158
249
249
249
101
553
101
101
101
101
397
209
700
248
662
821
227
1007
765
1
463
181
181
676
100
330
296
311
7
7
758
362
55
362
830
830
209
731
589
296
296
7
81
7
55
362
55
362
830
830
676
100
589
330
126
7
81
362
55
830
237
87
248
662
206
700
248
1012
1007
227
1007
463
1
463
181
181
949
209
100
795
748
662
1007
227
985
181
181
1014
216
216
209
100
761
158
158
249
249
249
249
423
949
324
136
739
1012
158
249
249
249
249
423
553
339
79
423
423
423
423
323
852
248
662
821
227
1007
765
1
1
463
911
676
237
589
330
126
7
81
758
118
55
118
830
830
184
209
932
330
296
7
81
7
362
55
362
362
55
830
676
266
589
429
311
971
246
362
784
237
87
248
662
206
100
700
748
1012
94
227
128
128
463
181
181
1014
369
209
932
248
662
821
227
1007
765
492
463
1
181
181
676
100
116
761
347
565
565
565
515
515
681
515
141
209
700
248
662
821
227
1007
128
128
463
1
181
105
29
743
824
296
7
81
246
55
362
55
830
784
676
694
589
629
329
1018
228
1018
454
131
695
131
695
522
237
795
330
329
329
1018
228
454
131
695
131
690
522
522
694
795
330
329
1018
228
818
