151
198
198
198
586
683
209
586
880
209
747
759
913
278
270
270
220
341
562
791
703
76
906
747
931
326
691
586
329
521
164
747
913
765
728
270
683
691
911
322
616
354
691
829
155
586
685
205
311
903
451
960
374
153
879
412
691
691
331
691
166
586
691
586
336
954
333
689
960
689
242
562
562
562
562
242
562
995
562
70
562
332
419
10
562
147
562
562
70
562
562
703
76
936
691
166
104
59
70
845
10
521
586
178
747
204
960
728
322
51
704
322
691
683
879
70
636
419
24
521
441
960
586
70
728
691
691
683
691
70
747
691
636
341
332
987
1000
58
467
759
345
68
415
75
482
359
54
659
54
996
54
566
91
352
790
117
549
172
182
942
91
559
649
121
559
1022
168
439
926
465
1008
10
205
842
670
467
500
111
138
717
569
614
563
614
918
542
614
658
456
687
467
772
389
363
345
75
345
610
633
850
610
850
350
121
350
439
465
424
465
169
111
308
111
956
717
138
717
617
238
603
51
365
365
641
298
687
467
333
297
689
689
996
54
858
350
850
350
850
350
850
553
770
919
52
903
467
172
945
61
921
894
653
168
43
168
43
559
146
61
146
721
687
333
842
333
960
689
341
50
70
61
98
976
98
976
976
481
1008
298
298
903
297
921
956
921
894
43
168
170
168
61
168
170
168
409
1008
721
687
333
467
363
921
166
633
43
653
813
166
599
409
927
176
176
1011
24
163
903
199
172
196
42
730
42
415
138
439
138
79
439
553
233
569
456
687
333
467
308
983
956
921
894
826
644
195
474
602
231
602
474
811
811
756
903
467
556
564
956
345
138
409
88
238
569
569
864
542
542
1011
336
718
232
467
363
689
983
475
43
653
43
61
43
168
409
67
619
233
961
424
856
192
308
192
956
956
385
79
835
569
864
386
614
542
551
912
39
687
467
759
983
956
385
75
409
813
864
569
864
379
542
760
641
885
756
117
167
308
839
956
385
894
385
894
850
138
850
559
850
233
1011
721
687
842
467
759
297
68
921
894
43
114
43
942
442
75
176
176
443
426
783
842
648
595
714
319
996
403
603
403
326
403
563
319
563
324
1008
687
232
467
232
389
689
54
562
238
636
100
82
468
976
614
636
1011
987
856
320
814
172
145
420
368
1083
2680
3517
4386
1838
2212
4019
4414
1216
3039
3818
4532
1838
2691
3401
5067
1626
2535
3231
4949
1664
2121
3328
4098
1626
3035
3828
4567
1664
2130
3413
4414
1626
2862
3843
4613
1931
2321
3428
4414
2032
2510
3864
4334
1565
2130
3292
4255
1896
2912
3109
5094
1161
2108
3906
4149
1564
2344
3188
4150
1161
2097
3430
4772
1485
2208
3727
4455
1610
2905
3507
4132
1626
2165
3231
4789
1982
2097
3540
4604
1857
2165
3323
5064
1896
2459
3487
4965
1083
2741
3903
4661
1896
2148
3715
4161
1216
2967
3078
4334
1610
2097
3531
4354
1788
2912
3918
4881
1216
2552
3715
4980
1857
2380
3675
4248
1857
3009
3723
4161
1626
2119
3380
5041
1812
2130
3270
4284
1838
2612
4000
4559
1610
2544
3781
4232
1250
2717
3507
4455
1516
2115
3796
4551
1998
3035
3999
4733
1610
2440
3773
4983
1529
3066
3335
4413
1998
2957
4053
4119
1610
3039
3719
4681
1083
2317
3094
4653
1838
2230
3270
4616
1610
2525
3719
5058
1257
2968
4056
4210
1838
2740
3399
4980
1830
2964
3868
4334
1535
2122
3140
4891
1516
2323
3903
4414
1998
2741
3715
5108
1694
2787
3675
4731
1250
2830
3498
4161
1838
2293
3708
5031
1610
2771
3719
4410
1993
2530
3603
5025
1838
2307
3315
4455
1610
2440
3649
4621
1610
2801
3822
4484
1664
2936
3293
4845
2006
2459
3107
4979
1610
2717
3890
4829
1664
3050
3896
5112
1998
3035
3115
5003
1270
2224
3323
4803
1788
2628
3890
4670
1764
2119
4079
5108
1896
2567
3964
4554
1993
2912
3727
5110
1764
2333
3970
4608
1764
2347
3940
4733
1993
2971
4019
4661
1626
2323
4048
4927
1939
2787
3504
5105
1940
2905
3577
4621
1354
2796
3938
4788
1610
2208
3618
4248
1993
2649
3935
4839
1838
2268
3183
4355
2032
2365
3929
4487
1759
2344
3923
5042
1838
2887
3716
4372
1857
2347
3437
4519
1759
2344
3881
4660
1996
2321
3916
4136
1982
3065
4013
4457
1610
2599
3307
5038
1263
2770
3998
4875
1764
2697
3810
4885
1610
2484
3825
4616
1993
2312
3660
4334
1838
2514
3905
5025
1896
2530
3778
5037
1993
2937
3719
4339
1216
2869
3870
4784
1998
2514
3504
5107
1610
2230
3526
4175
1216
3012
3094
4334
1684
2208
3619
4881
1270
2463
3662
4695
1485
3021
3737
4715
1838
2208
3825
4790
1564
2989
3473
4697
1755
3012
4091
4881
2035
2912
4094
4983
1931
2830
3557
4972
1626
2937
3981
4546
1216
2119
3727
4743
1216
2623
3715
4241
1396
2307
4053
4171
1396
2791
3526
4985
1216
2682
3425
4889
1216
2225
3613
4305
1857
2833
3557
4710
1764
2980
3647
4850
1175
2579
3729
4260
1175
2978
3080
4589
1047
2253
4077
5011
1626
2274
3613
4460
2032
2323
3965
4351
1701
2925
3997
5064
1216
2156
3970
4487
1216
2540
3531
4324
1523
2619
3660
4373
1523
2619
4083
4927
1485
2453
3662
4845
1535
2323
4074
5069
1812
2936
3557
5040
1651
2701
3970
4874
1564
2434
3464
4426
1564
3071
3673
4846
1216
2411
3705
5086
1857
2323
3914
5010
1985
2185
3951
4705
1216
2968
3903
5105
1216
2411
3719
5059
1216
2735
3903
4702
1216
2791
4032
4318
1867
2830
3913
4829
1509
2661
3377
4636
1610
2484
3668
4770
1250
2185
3307
4132
1664
2406
3284
4494
1583
2883
3323
4665
1161
2983
3315
5007
1753
2983
4063
4598
1838
3007
3843
4638
1610
2054
3231
5114
1263
2350
4053
4983
1838
2224
3242
4510
1057
2607
3315
4457
1993
2946
3619
4899
1838
2264
3335
4893
1915
2321
3754
5116
1993
2968
3970
4389
1896
2253
3753
5095
1250
2905
3934
4845
1354
2693
3654
5097
1161
2830
3662
4161
1764
2937
3376
4249
1610
2879
3849
4494
1838
2801
3783
5069
1610
2694
3903
4878
1764
2571
3396
4817
1519
3009
3719
5079
1216
3051
3876
5067
1216
2608
3715
4103
1788
2060
3942
4924
1610
2701
3182
4924
1788
2344
3154
4800
1896
2454
4094
5012
1993
3066
3091
4684
2032
2411
3484
4999
1788
2833
3966
4550
1896
2252
3107
4631
1993
2085
3999
4560
1896
2680
3685
5022
1896
2946
3613
4173
1516
2912
3231
5040
1270
2735
3623
4414
1610
2787
3424
5112
1291
2787
3758
4554
1610
2382
3505
4675
1838
2208
3787
4271
1610
2647
3795
4567
1788
2321
3638
4334
1057
2253
3345
4431
1263
2540
3778
4691
1057
2323
3903
4957
1982
2147
3577
4196
1896
2820
3297
4624
1263
2628
3719
4322
1703
2154
3116
4324
1993
2946
3826
4591
1764
2568
3660
5105
1812
2531
3484
4691
1838
2802
3757
4726
1161
2730
3745
4295
1838
2054
3976
4731
2006
2133
3813
4497
1565
2968
3928
4705
1626
2860
3380
4318
1216
2119
3778
4487
2006
2971
3115
4612
1240
2529
3245
4512
2014
2609
3154
4324
1459
2594
3796
5094
1485
3021
3523
4687
1246
2609
3232
4725
1525
2340
3994
4542
1161
2971
3329
4826
1674
2777
3329
4558
1186
2681
4077
4254
1838
2535
3202
4421
1254
2949
3253
4259
1485
2257
3982
5018
1186
2978
3456
4895
1674
2719
3259
5042
1583
2306
3242
4696
1186
2306
3474
4495
1637
2177
3536
4519
1396
2333
4051
4845
1186
2915
4000
5077
1525
3071
3916
4530
1525
2730
3834
4691
1359
2214
3662
4370
1186
2447
3407
4965
1564
2214
3253
4207
1674
2214
3763
5105
1626
2617
3760
4254
1606
2292
3210
4795
1359
2214
3225
5091
1637
2225
3687
4763
1525
2346
3715
4691
1838
2214
3636
4836
1455
2266
3636
4925
1838
2971
3727
4957
1610
2716
3636
4726
1936
2884
3982
4695
1270
2499
3931
4691
1516
2419
3103
4472
1186
2660
3844
4948
1993
2716
4043
4695
1664
2826
3931
4349
1610
2686
3677
4462
1940
2802
3432
5098
1838
3058
3282
4664
2006
2978
3938
4477
1982
2130
3613
4472
1936
2291
3401
4885
2032
2530
3474
4472
1410
2530
3938
4478
1161
2530
3994
4178
1485
2887
3970
4695
1664
2462
3473
4561
1813
2344
3116
4861
1896
2459
3432
4318
1610
2612
3870
4965
1161
2326
3780
4839
1753
2260
3504
4829
1664
2636
3259
4125
1998
2434
3432
4351
1211
2453
3324
5013
1950
2978
3178
4573
1057
2915
3919
4540
1610
3007
3555
4838
1993
2986
3567
4838
1565
2544
3816
4193
1291
2546
3432
4177
1188
2633
4074
4806
1764
2351
3970
4540
1764
2848
3183
4817
1287
2944
3685
4443
1287
2192
3715
4251
1759
2192
3436
4862
1759
2192
3555
4899
1798
2192
3884
4705
2015
2321
3767
4145
1588
2454
3137
4876
1291
2849
3436
4705
1764
2665
3684
5040
1998
2809
3925
4971
1287
2192
3727
4416
1759
2260
3582
4561
1327
2527
4024
4868
1878
2253
3949
4444
1739
2509
3242
4368
1351
2479
3680
5109
1250
2340
3634
4306
1502
2971
3149
4711
1209
2891
3854
5042
1315
2249
3536
5047
1637
2603
3104
4416
1832
2295
4022
4562
1674
2090
3684
4478
1277
2971
4051
4939
1832
2814
3506
4999
1315
2603
3149
4662
1392
2971
4004
4496
1982
2149
3724
5036
1966
2971
3253
4865
1067
2741
3253
4386
1832
2589
3561
4198
1945
2633
3414
4363
1867
2281
3636
4354
1669
2847
3791
4664
1067
2853
3734
5047
1982
2741
3380
4618
1945
2333
3503
4302
1857
2918
3602
4866
1788
2905
3305
4519
1755
2751
3724
5105
1211
2275
3274
4696
1059
2464
3253
4510
1664
2085
4093
4289
1354
2801
4077
4127
1838
2676
3289
4418
1529
2573
3884
4444
1835
2978
3822
4940
1867
2700
3403
4756
1057
2530
3745
4641
1585
2691
3719
4766
1993
2901
3496
4122
1798
2963
3896
4878
1588
2244
3631
4646
1886
2978
3644
4245
1835
2663
3310
4713
1188
2148
3613
4342
1991
2097
3896
4469
1594
2244
3719
5020
1481
2905
3719
4831
1780
2905
3857
4739
1815
2314
3116
5026
1743
2589
3185
4931
1181
2568
4077
4494
1664
2208
3790
5031
1188
2150
3662
4314
1807
2249
3933
4444
1537
2208
3475
4657
1425
2789
3558
4353
2047
3021
3691
4860
1353
2486
3410
4657
1606
2842
3149
4325
1680
2149
3232
4576
1475
2603
3599
4937
1861
2651
3395
4361
1606
2603
3804
4780
1637
2498
3395
4819
1209
2463
3517
4384
1519
2863
3536
4854
1925
2503
3545
4503
1209
2503
4093
4885
1945
2467
4000
4243
1905
2907
3855
4766
1832
2857
3855
4539
1746
2815
3642
4352
1945
3032
3238
4838
1801
2447
3632
4302
1720
2837
3107
4657
1905
2925
3611
4336
1044
2460
3380
4692
1955
3001
3982
5074
1317
2452
3235
4269
1547
2802
4065
4127
1835
2881
3825
4542
1589
2531
3414
4655
2032
2639
3994
4583
1597
2199
3253
4432
1737
2639
3872
4337
1838
2412
3459
4921
1764
2082
3977
4788
1813
2639
3202
4241
1410
2275
3671
4259
1410
2333
3138
4540
1431
2531
3082
4402
1161
2717
3082
4872
1867
2186
3082
4866
1788
2945
3094
4307
1664
2365
3082
4396
1920
2915
3676
4625
1813
2544
4042
4307
1896
2231
3156
4917
1813
2505
3305
4216
1896
2535
3565
4313
1896
2818
3376
4695
1558
2091
4056
4540
1694
2091
4022
4307
1167
2801
3073
5020
1317
2350
3674
4806
1047
2109
4006
4599
1764
2226
4042
4839
1284
2470
3574
4130
1573
3021
3704
4475
1535
2309
3299
5033
1410
2969
3232
4411
1896
2122
3274
4487
1161
2905
3208
4983
1161
2905
3398
4514
1815
2905
3951
5047
1815
2791
3542
5047
1659
2990
3951
4624
1589
2905
3310
4624
1764
2209
3662
4132
1959
3008
3747
4202
1720
2905
3098
4519
2046
2889
3478
4621
1924
3064
3966
4414
1720
2255
3530
4676
1317
2649
3644
4314
2025
2889
3925
4624
1991
2907
3088
5090
1317
2694
4079
4200
1232
2467
3530
5094
1807
3041
3559
4726
2025
3069
3467
4624
1924
3009
3951
5118
1777
2877
3933
4830
1626
2854
3526
4335
1626
2567
4091
4983
1612
3046
3186
4885
1612
2850
3777
4453
1604
3039
3458
4695
1250
2936
3749
4540
1161
2936
3116
4853
1664
2849
3829
4197
1341
2938
3865
4586
1940
2849
3156
4278
1830
2830
3273
4389
1812
2830
3552
4664
1896
2148
3577
4695
1341
2064
3865
4606
1806
2463
4043
5076
1564
2119
4043
4459
2024
2849
3865
4615
1968
2840
3880
4883
1636
2505
3305
4677
1788
2830
3545
4843
1626
2699
3947
4972
1998
3050
3534
4210
1690
2165
3561
4908
1610
3035
3613
4664
1857
2505
3787
4132
1882
2130
4043
4875
1925
2628
3745
4469
1996
3035
3619
4171
1345
2767
3363
5009
1923
2650
3736
4767
1813
2516
3290
5070
1365
2097
4073
4307
1535
2121
3738
4606
1993
2829
3338
4875
1564
2355
3305
4453
2032
2565
3783
4741
1755
2062
4091
5036
1626
2412
3723
4399
1564
2289
3600
4906
1925
2833
3274
4337
1939
2505
3504
4943
1931
2830
3500
5009
1439
2412
3764
4484
1216
2332
3708
4200
1755
2907
4091
4856
1626
2881
3511
4334
1812
3041
3600
4386
1936
2573
3600
4853
1209
2209
3447
4792
1701
2268
3880
4335
1519
2835
4043
4324
1925
2552
4042
4106
1626
2453
3924
4896
1216
2090
4007
4174
1896
2421
3185
4623
1966
2862
3982
4354
1764
2885
3672
4601
1412
2585
3542
4385
1412
2603
3288
4906
1678
2841
3959
4797
1469
3032
3959
4562
1237
2897
3429
4455
1427
2075
3657
4542
1838
2845
3657
4616
1747
2206
3999
5107
1782
2643
3253
4237
1778
2869
3517
4501
1445
2890
3735
4152
2045
2242
3208
4392
1610
2075
3937
4465
1565
2049
3473
4704
1211
2671
3505
4983
1998
2137
3366
4820
1555
2860
3949
4171
1718
2628
3440
4469
1753
2860
3352
4414
1564
2550
3104
4345
1599
2940
3409
4497
1798
2716
3077
4370
1788
2716
3077
5022
1996
2137
3104
5031
1882
2137
3539
4705
1759
2137
3478
4195
2012
2383
3389
4788
1535
2650
3929
4512
1537
2712
3661
4937
1410
2905
4067
4755
1367
2516
4067
4126
1664
2691
4077
4119
1409
2771
3473
5009
1812
2996
3080
4437
1925
2905
3739
5050
2024
2514
3185
4468
1564
3035
3600
4691
1564
2996
3444
4636
1564
2935
3219
4414
1403
2968
3916
5050
1635
2968
3307
4875
1327
2627
3887
4357
1354
2589
3573
5108
1769
2129
3662
4707
1755
2996
3872
4823
1218
2642
3909
5041
1460
2343
3909
4126
1392
2936
3366
5023
1392
2565
3307
5028
1392
2722
3307
4429
1460
2723
3698
4869
1862
3039
3339
4972
1862
2195
3339
4732
1327
2358
3929
4887
1862
2257
3727
5047
1669
2457
3431
4184
1436
3046
3598
4691
1250
2175
3324
4519
1753
2510
3931
4730
1838
3070
3248
4253
1797
2672
3890
4133
1610
2672
4035
4965
1985
2933
3517
4354
1828
2604
4077
4459
2045
2700
3202
4519
2045
3039
3438
4487
1409
2397
3473
4471
1612
2443
3460
4662
1968
2716
3890
5007
1968
2219
3307
4899
1968
2137
3380
4796
1330
2137
3401
4732
1330
2484
3929
4431
1330
2884
3380
5058
1759
2334
3463
4339
1587
2214
3682
5106
1835
2510
3288
4354
1720
2601
3719
4460
1896
2531
3952
5047
1485
2380
3078
4829
1753
3011
3662
4869
1878
3011
3236
4096
1878
2753
3255
4595
1705
2214
3458
4595
1612
2478
3288
4253
1612
2663
3288
5054
1612
2355
3307
4662
1612
2355
3307
4349
1612
2508
3861
4639
2024
2137
3582
4444
1925
2884
3094
5091
1838
2778
3929
4459
1925
2459
3728
4695
1439
2111
3288
4664
1788
2678
3288
4113
1788
3008
3259
4179
1626
2584
3657
5020
1626
2791
3966
4875
1431
2884
3737
4801
1526
2161
3389
4801
1526
2214
3310
4801
1968
2062
3288
4459
1968
2130
3288
4446
1968
2719
3736
4766
1968
2057
3307
4299
1968
2573
3307
5108
1979
2313
3382
4792
1925
2884
3526
4875
1083
2262
4055
4691
1211
2964
3529
5009
1270
2775
4095
4274
1610
2630
3253
4194
1985
2540
3576
4299
1664
2915
3243
4579
1985
2915
3182
5026
1270
2674
3597
5103
1718
2228
3354
4640
1666
2307
3438
4124
1838
2748
3269
4664
1354
3044
3297
4099
1968
2884
3966
4579
1925
2350
4067
4334
1588
2214
3467
4662
1920
2719
3672
4260
1206
2530
3307
4502
1993
2175
3307
4355
1215
2137
3309
4908
1291
2884
3346
5112
1287
3046
3929
4184
1558
2214
3839
5070
1694
2214
3094
4242
1188
2119
3288
4899
1764
2851
3095
4349
1327
2311
3538
4670
1878
2147
3446
4809
1878
2506
3517
5024
1537
2064
3662
4937
1535
2868
3783
4432
1353
2225
3410
5025
1250
2678
3310
5025
1664
2629
3618
4891
1838
2849
3185
4447
1626
2343
3307
4917
1081
2378
3110
4414
1940
2378
3325
4283
1936
3070
3851
4917
1564
2863
3182
4183
1054
2130
3329
4519
1587
2214
3724
4806
1764
2214
3077
5042
1720
2108
3219
4184
1759
2064
3219
4872
1914
2716
3914
4705
1764
2791
3307
4236
1914
2137
3182
4814
1914
2884
3095
4700
1931
2887
3269
4691
1327
2604
3087
4096
1939
3015
3258
5018
1327
2473
4067
5070
1867
2255
3255
4381
1133
2699
3307
4196
1250
2228
3867
4705
1427
2964
3431
4173
1718
2738
3719
5042
1862
2454
3473
4436
1119
2130
3621
4686
1806
2434
3931
4424
1291
2434
3248
4494
1718
2765
3288
4298
1718
2796
3305
4537
1837
2787
3409
4779
1636
2577
3307
4714
1857
2635
3322
4659
1636
2633
3153
4529
1438
2344
3484
4604
1438
2700
3737
4096
2008
2447
3191
4194
2007
2547
3208
4866
1720
2248
3726
4194
1622
2716
3094
4184
1291
2793
3382
4791
1925
2805
3467
4119
1759
2119
4032
4558
1694
2214
3654
4903
1519
2841
3595
4691
1166
2555
3771
4970
1878
2064
3558
4196
1365
2635
3867
4662
1250
2506
3408
4380
1664
2514
3622
4175
1535
3051
3783
4930
1939
2596
3396
5078
1341
2933
3329
4295
1341
2214
3094
4801
1186
2849
3306
4651
1982
2214
3219
4444
1610
2213
3733
4471
1788
2394
3219
4946
1940
2557
3916
4631
1564
2746
3552
5029
1806
2311
3600
4916
1788
2226
3949
4665
1664
2108
3269
4678
1755
2108
3790
4695
1557
2628
3620
4853
1519
2719
4064
4285
1626
2632
3940
4511
1047
2851
3888
4237
2006
2714
3585
4806
1857
2567
3269
4586
1914
2884
3182
4307
1857
2884
3719
4889
1160
2936
4054
4972
1683
2660
3437
4848
1083
2147
3985
4487
1838
2525
4038
4392
1746
2507
4091
5075
1369
2453
3916
4960
1291
2192
3514
4893
1998
2440
3710
4948
1369
2721
3985
4443
1588
2096
3786
4349
1998
2214
3281
4389
1759
2765
3243
4740
1882
2147
3288
4791
1835
2905
3916
4757
1057
2719
3388
4316
1914
2147
3793
4884
1764
2064
4038
4866
1057
2161
3869
4198
1798
2594
4038
4484
1291
2161
3622
5025
1835
2765
3600
4720
1780
3009
3511
4662
1817
3039
3401
4185
1920
2720
3618
5089
1759
2278
3622
4455
1564
2264
3909
4615
1753
2278
3867
4469
1878
2505
3878
4660
1365
2933
3984
4629
1753
2119
3179
4670
1838
2905
3380
5077
1535
2463
3380
4098
1250
2211
3676
4478
1755
2791
3237
4952
1636
2479
3302
4987
1854
2702
3872
4432
1186
2404
3611
4246
1982
2050
3153
4468
1186
2916
3107
4555
1817
2351
3373
4745
1968
3009
3107
4456
1857
2123
3281
4715
1966
3009
3517
5006
1955
2123
3257
4624
1905
2094
3929
4720
1317
2544
3719
4715
1519
2119
3252
4957
1808
3059
3555
4936
1817
2407
3929
5042
1054
2649
3909
4949
1882
2278
3500
4119
1914
2119
3587
4519
1817
3071
3399
4707
2009
2479
3662
4525
1385
2356
3107
4103
1509
2914
3771
5075
1610
2481
3945
4474
1283
2955
4074
4788
1779
2179
3650
4560
1610
2057
3931
4515
1372
2591
3931
4469
1838
2808
3309
4924
1599
2434
3236
4196
1779
2808
3906
4924
1779
2378
3231
4786
