310
413
358
826
586
195
474
223
641
580
580
994
348
644
586
602
586
602
586
602
586
811
580
590
556
160
482
482
661
406
636
640
636
255
117
567
591
460
389
534
792
758
879
413
953
413
580
156
567
413
413
358
145
358
619
586
365
586
580
117
760
641
167
590
556
420
730
79
835
586
365
580
919
169
471
568
195
586
223
72
72
586
864
670
668
219
568
308
297
661
921
261
792
659
409
352
156
903
365
254
365
641
984
297
351
921
351
43
1000
117
77
254
504
478
863
351
351
348
474
195
72
580
241
251
689
566
888
888
165
600
600
973
38
620
700
365
128
564
389
351
720
79
619
569
542
580
219
856
856
297
420
921
351
43
381
43
381
352
205
121
169
11
420
345
381
850
381
406
233
640
749
1011
241
11
241
689
864
636
995
974
980
1011
219
298
700
467
363
389
475
817
534
817
326
817
381
580
580
156
903
116
254
170
534
409
534
238
586
1011
848
117
478
471
238
586
365
534
365
474
365
1018
233
298
580
814
689
826
644
474
231
602
231
636
811
756
856
807
254
556
420
345
534
586
238
969
586
988
298
580
389
955
903
730
381
54
381
54
871
381
990
126
580
328
405
54
420
238
586
365
534
919
474
919
571
52
241
389
689
921
75
826
636
195
710
602
756
76
169
811
504
602
474
811
474
602
474
811
580
580
241
807
363
556
956
221
792
168
146
806
482
317
567
994
146
146
475
146
534
146
758
146
109
146
580
317
146
955
146
559
525
926
146
995
806
881
906
443
460
443
146
758
146
758
109
146
580
117
441
900
146
460
443
563
443
51
525
429
380
670
637
994
443
460
319
563
319
915
319
51
959
782
848
670
241
689
689
562
98
82
562
562
348
636
195
52
670
72
460
807
260
351
505
563
505
109
583
205
117
567
583
888
379
583
758
583
758
888
758
583
580
117
888
888
165
600
973
569
38
569
38
542
668
246
580
544
689
367
75
471
75
826
636
195
602
670
567
112
641
556
308
471
569
640
967
640
967
848
117
303
308
11
363
814
610
145
42
409
619
580
848
903
219
988
308
471
534
553
569
542
246
668
544
580
298
471
308
471
729
729
864
633
586
614
81
636
219
219
571
297
956
389
381
447
813
447
932
40
52
169
447
368
1436
2183
3148
5098
1918
2252
4016
4660
1920
2349
4064
4113
1206
2349
4064
4400
1892
2986
4064
4994
1263
2485
3458
4548
1354
3058
3177
4741
1950
3058
3363
4166
1597
3058
3347
4546
1059
2686
3175
4230
1846
2686
3727
4673
1631
2208
3875
4871
1555
2958
3274
4869
1979
2978
3444
4646
1839
2230
3504
5009
1998
2356
3507
4855
1947
2355
3684
4640
1215
2912
3902
4346
1166
2230
3511
4907
1327
2937
3721
4153
1290
2208
3347
5028
2011
2514
3659
4504
1920
2686
3599
4820
1998
2686
3846
4653
1800
2766
3721
5013
1403
2208
3190
4653
1839
2978
3734
4805
1354
2686
3304
4299
2010
2645
3721
4486
1846
2208
3745
4692
1263
2686
3917
4855
1666
2686
3178
4226
1825
2208
3201
4356
1746
2978
3110
4578
1067
2202
3546
4272
1288
2356
3372
4816
1832
2326
3367
4627
1771
2815
3311
4652
1945
3050
3461
4457
1982
2133
3642
4604
1936
2261
3474
4500
1832
2957
3367
4817
1637
2356
3311
4351
1945
2881
3372
4855
1945
2966
3264
4817
1982
3041
3862
4737
1905
2881
3256
4386
1982
2133
4062
4100
1982
2268
3940
4715
1925
2188
3736
4928
1047
2565
3324
4817
1636
2849
3251
4703
1608
2218
3401
4855
1820
2764
3967
4860
1288
2775
3348
4167
1784
2261
3559
4501
1936
2268
4042
5027
1950
2212
3321
4712
1703
2760
3500
4393
1806
2403
3693
4797
1936
2512
3384
4655
1882
2347
3467
4855
1612
2317
3684
4501
2008
2188
3862
4979
2011
2438
3087
4807
1874
2079
3152
4226
2032
2190
3745
4513
1369
2168
3551
4660
1263
2190
3967
4912
1348
2294
3967
4251
1998
2866
3384
4328
1817
2261
3084
4497
1737
2359
3174
4463
1361
2261
3572
4215
2042
2851
3847
4254
1597
2588
3693
4635
2011
2421
3508
5049
1920
2190
3264
4319
1480
2190
3319
5018
1369
2279
3555
4973
2001
2899
3496
4923
1839
2802
3859
4564
1998
2629
3846
4524
2010
2130
3365
4527
1979
2820
3632
4921
1839
2065
3737
5034
1481
2629
3753
4919
2001
2190
3756
4956
1759
2820
3304
5005
1636
2820
3982
4988
1166
2360
3583
4792
1166
2966
3310
4819
1918
2758
3178
4947
1585
2321
3868
4286
1259
2233
4020
4914
1746
2096
4016
4281
1874
2851
3737
4817
1920
2096
3280
5007
1806
2057
3133
4193
1758
2989
3088
4623
1874
2429
3763
4623
1920
2933
3447
4797
2032
2219
3511
4829
1886
2130
3209
4285
2028
2268
3313
4646
1998
2687
3684
4988
1993
2966
3366
4251
1291
2347
3659
4692
1896
2937
3535
4263
1950
2995
3377
4819
1620
2887
3487
4640
1703
2456
3310
5105
1800
2456
3662
4593
1950
3058
3436
4165
1998
3058
3280
4817
1892
2686
3726
4915
1996
2686
3464
4340
1800
2456
3662
4559
1666
3058
3701
5066
1455
2589
3178
4319
1369
2456
3772
5105
1206
2230
3554
4988
1675
2921
3861
4251
2008
2230
3583
5024
1920
2456
3154
5038
1947
2674
3425
4817
1886
2791
3577
4836
1660
2714
3511
4646
1064
2660
3093
4139
2001
2323
3137
4244
1808
2406
3820
5024
1968
2538
3990
4271
1612
2933
3534
4513
2024
2219
3534
4643
1936
2917
3983
4501
2010
2840
3133
4790
1982
2525
3242
4745
1636
2665
3373
4249
1808
2629
3737
4339
1491
2825
4093
4281
1882
2219
3923
4127
1982
2970
3983
4463
1636
2511
3645
4389
2028
2613
3727
5095
1857
2538
3488
4655
1299
2889
3649
4184
1993
2332
3078
4226
1920
2978
3523
4977
1993
2850
3831
4193
1998
2697
3166
4251
1583
2546
3178
4137
1057
2277
3734
4838
1263
2841
3245
4340
1148
2238
3247
5082
1330
2252
3353
4109
1352
2945
3280
4241
1920
2224
4069
4988
1973
2531
3310
4285
1094
2347
3304
4164
1263
3034
3856
4855
1057
3016
4036
4855
1925
2841
3183
5093
1973
2751
3822
5070
1448
2252
3904
4331
2015
2212
3078
4855
1998
3007
3277
4490
2015
2606
3862
4127
1057
2317
3191
4299
1317
2452
3384
4373
1947
2910
3526
4711
1104
2647
3178
4134
1352
2090
3847
4771
1291
2811
3862
4315
1694
2947
3745
5071
1998
3007
3862
5026
2011
2514
3933
4202
1327
2317
3407
5023
1327
2317
3566
5056
1800
2996
3464
5023
1392
2663
3217
4429
1652
2958
3144
4828
1920
2506
3862
4266
1743
2387
3781
4287
1925
2456
3182
4434
1519
2544
3862
4434
1755
2079
3098
4396
1626
2544
3907
4510
1626
2619
3951
5094
1485
2800
4077
4197
1535
2289
3627
4559
1535
2941
3933
4866
1626
2314
3276
4796
1755
2579
3385
4305
1626
2777
3535
4536
1626
2421
3500
4422
1626
3059
3822
5108
1896
2119
3304
4305
1857
2841
3492
4510
1622
2268
4004
4810
1914
2349
3148
4931
1920
2115
3884
4350
1935
2707
3738
4952
1920
3032
3436
4494
2008
2165
3526
4897
1636
2082
3822
4391
1874
2546
3822
4266
2024
2549
3531
4285
1828
2934
3857
4181
1057
2875
3896
4474
1839
2915
3585
5029
1348
2269
3856
4373
1920
2646
3091
4430
2008
2433
4041
4377
1335
2536
3115
4106
1335
2083
3729
5005
1794
2448
3131
4675
1585
2793
3507
5040
1057
2354
3525
4711
1839
2230
3884
4624
1610
2972
3653
4762
1523
2536
3558
4631
1968
2986
3922
4647
1839
3046
3649
4744
1424
3010
3816
4647
2045
2084
3741
5097
1307
2535
3399
4923
1838
2222
3684
4253
1666
2464
3526
4173
2010
2111
3324
5093
1215
2918
3682
4724
1340
2577
3805
4281
1669
2512
3142
4715
1947
2862
3238
4715
1920
2888
3133
5056
1993
3010
4004
4527
1920
2464
3685
4664
1666
2130
3598
5097
1497
2224
3521
4430
1985
2672
3324
4995
1438
2354
3955
4530
1839
2647
3093
4903
1947
2403
3085
4845
1348
3044
3741
4994
1348
2562
3503
4327
1920
2368
4076
4821
1722
2546
3523
4735
2010
2168
3542
4098
2011
2048
3647
4940
1057
2156
3567
4415
1215
2330
3530
4351
1947
2794
3699
4215
1291
2398
3787
4845
1722
2153
3176
4221
1920
2276
3209
4768
2008
2546
3494
4907
1585
2346
3741
4705
1513
2403
3623
4205
1340
2064
3277
4872
2001
2837
3368
4305
1209
2647
3865
4439
1828
2608
3672
4801
2001
2093
3967
4650
1589
2564
3891
4560
1299
2818
3409
4412
1966
2604
3133
4554
1589
2330
3869
4221
1682
2830
3464
4463
1815
2936
3585
4328
2007
2347
3839
4221
1299
3008
3340
4978
2046
2162
3976
4120
1547
3043
4000
4456
1589
2119
3205
4905
1857
3009
3133
5079
1975
2723
3558
4763
1966
2822
3459
4739
1469
2084
3211
4419
1839
2277
3570
4430
1348
2393
3523
4725
1409
2253
3741
4390
1984
2508
3906
5043
1479
2796
3723
4117
1666
2986
4069
4437
1874
2672
3600
4546
1874
2506
3535
4430
1824
2573
3807
4430
1480
2314
3631
4994
1424
2126
3800
4254
1409
2512
3078
4540
1348
2860
3366
4641
1920
2133
3547
5097
1784
2938
3974
4999
2010
2225
3293
4961
1881
2830
3675
4953
2001
3065
3810
4337
1828
2608
3672
4592
1828
2672
3399
4907
1746
2840
4030
4449
1352
2986
3085
4519
2032
2575
3580
4480
1409
2573
3259
4452
1993
2726
3800
4839
1703
2326
3486
4182
2042
2859
3309
5070
1263
3023
3531
4725
2008
2347
3783
4270
1369
2470
3325
4855
2032
2630
3401
4855
1950
2230
3645
4704
2001
2355
3093
4759
1973
2274
3186
4768
1555
2760
4019
4139
1973
2130
3080
4224
1669
2267
3327
4725
1942
2130
3348
4978
1409
2575
3401
4862
2045
2751
3346
4105
1431
2740
3768
4597
1828
2274
3376
5020
1610
2760
4007
4759
2032
2584
3559
5103
1998
2230
3847
4759
1993
2355
3305
4631
1920
2454
4056
4725
1057
2454
3500
4407
2032
2629
3094
4925
1998
2062
3740
4653
1597
2130
4029
4390
1839
2849
3719
4332
1950
2726
3478
4613
1993
2590
3719
4917
1920
2676
3621
4759
1555
2753
3363
4759
1788
2874
3841
4715
1409
2230
3887
4759
2045
2230
4006
4800
1669
2181
3862
5089
1636
2868
3841
4759
1867
2343
3590
4917
1327
3004
3324
4371
1327
3050
3408
5039
1161
2663
3459
4561
1635
2978
3888
4905
1651
2849
3613
4768
1939
2208
3408
4741
1651
2849
3217
4221
1651
2849
3924
4221
1516
2663
3694
4943
1218
2293
3979
4872
1218
2849
3095
4907
1651
2119
3977
4156
1409
2809
3372
4706
1409
3041
3632
4236
1369
2438
3675
4359
1839
2575
3367
4126
1409
2390
3276
4390
1784
2837
3115
5063
1920
2470
3500
4592
2045
2630
3590
4236
1950
2674
3841
4496
2001
3065
3841
5082
1892
2130
3590
4912
1947
2406
3613
4759
1950
2775
3098
4768
1993
2965
3977
4907
1920
2355
3205
4759
1947
2505
3368
4635
1263
2505
3559
4949
1950
2140
3259
4305
1455
2398
3523
4134
1838
2695
3523
4542
1610
3059
3223
5070
1636
2838
3787
4445
1152
2230
3385
4706
1564
2588
3808
4641
1211
2456
3963
4974
2042
2717
3164
4356
1874
2147
3808
4426
1920
3019
3346
4501
1369
2838
4032
4445
1152
2438
3807
4446
1998
2295
3136
4855
1993
3019
3259
4681
1839
2838
3565
4972
1057
2838
3500
4899
1263
2838
3682
5014
1998
2838
3259
4432
1369
2838
4007
4216
1215
2838
3807
4771
1998
2277
3164
4482
1369
2478
3199
4353
2028
2869
3164
4159
2010
2148
3836
4694
2042
2429
4020
5070
1874
2506
3860
4353
2008
2536
3760
5070
1669
2897
3598
4353
1839
2470
3164
4998
1950
2126
3182
4240
2008
3044
3310
4875
1703
2811
3259
4843
1947
2429
3745
4725
1215
2276
3372
4324
1998
2575
3110
4768
1993
2925
3072
4582
1920
2888
3186
4221
1206
2862
3557
4855
1784
2956
3909
4855
1666
2760
3781
4582
1947
2796
3649
4899
1513
2972
3494
5082
1209
2484
3523
4725
1315
2874
3365
4869
1315
2939
3783
4489
2001
2398
3783
4500
1606
3023
3800
4773
2028
2604
3095
4137
1949
2700
3685
4236
1867
2663
3923
4305
1327
2965
3513
4872
1327
2881
3985
4436
1327
2489
3372
4782
1327
2536
3397
4949
1218
2793
3979
4917
1535
2930
3507
4677
1755
2663
4004
5036
1218
2398
3598
4236
1516
2589
3694
4933
1367
2601
3975
4472
1732
2933
3979
4592
1920
2498
3613
4567
1800
2272
3215
5109
1800
2930
3796
4559
1666
2663
3855
4659
1455
2589
3745
4917
1846
2890
3598
4792
1800
2663
3410
4354
1059
2156
3458
4126
1920
2905
3599
4300
1800
2874
3599
4504
1557
2881
3439
4537
1535
2399
3860
5042
1635
2849
3928
4349
1367
2633
3414
4429
1867
2905
3979
4453
1392
2978
3087
4948
2038
2881
4077
4164
1979
2165
4084
4414
1743
3041
3684
4812
1585
2753
3685
4608
1348
2751
3209
4562
1949
2455
3685
4846
1770
2130
3685
4255
2028
2147
3216
4194
2032
3023
3580
4611
1481
2467
3937
4393
2032
2360
3938
4113
2028
2980
3580
4194
1794
2512
3572
4641
2001
2952
3152
4824
2028
2057
3632
4463
1949
3047
3377
4849
1886
2918
3660
4739
1764
2947
3685
4860
1947
2918
3704
4578
2006
2528
3394
4655
1770
2538
3186
4610
1722
2467
4083
4655
1949
2918
3437
4145
2008
2240
3993
4861
2001
2937
4083
4117
1711
2526
3677
4919
1950
3007
3710
4318
2001
2568
3665
4432
1675
2434
3087
4715
1949
2952
3919
4900
1675
2945
4093
5056
1167
2577
3310
4145
1048
2277
3389
4659
1167
2130
3107
4866
1886
2399
4093
4925
1352
2356
3622
4629
2006
3023
4017
4145
1554
2434
3365
4193
2046
2818
3133
4659
1759
2082
3133
5098
1960
2989
3993
4623
1720
2918
3406
4723
1481
3014
3360
4522
2035
2883
3826
4845
1558
2857
3685
4164
1585
2452
3684
4611
2035
2800
3725
4221
2035
2907
3887
4814
1558
2347
3500
4646
1991
2881
3976
4654
1991
2851
3198
4873
1317
2925
3738
4884
1720
2434
3839
5068
1920
2097
4081
4282
1831
2467
3183
5096
1167
2897
3998
4113
2001
2546
3497
4554
2028
2887
3154
4349
1949
2453
4004
4589
2001
2360
3815
4921
2008
2644
3694
4784
1949
2314
4052
5095
1585
2467
4024
4226
1206
2874
4008
4855
1048
2989
3171
5027
1794
2764
3800
4145
2001
2484
3800
5031
1206
2644
3638
4484
1949
2246
3787
4193
1886
2945
3804
5029
2028
2525
3668
4382
1417
2788
3914
4305
2010
2478
3325
4988
1969
2467
3628
4678
1206
2868
3674
4629
2006
2531
3965
4463
1215
2464
3647
4814
1857
2642
3284
4817
1279
2330
3377
5042
1892
2863
3531
4949
1886
2276
3351
4640
1892
2525
3919
4855
1675
2330
3447
5115
1167
3050
3919
4859
1886
2443
3747
4983
1947
3000
3982
4611
1886
2564
3925
4905
1167
2935
3915
4855
1481
2800
3887
4604
2028
2443
3706
4931
1966
2330
4053
4526
1709
2910
3183
4250
1743
2672
3380
4866
1886
2724
3576
4732
1167
2430
3284
4305
1720
2453
3978
5018
1743
2097
3525
4477
2008
2691
3870
4490
1206
2274
3843
5011
1481
2883
3335
4374
1206
2126
3839
4221
1892
2262
3976
4346
1215
3007
4020
4463
2008
2484
4032
4132
1675
2330
3419
5031
1892
2083
3248
4503
1886
2887
3952
4184
1892
2525
3340
4456
1287
2300
3270
4983
1892
2360
3284
4465
1216
2253
3111
4615
1857
3035
3993
5006
1720
2613
3595
4872
1622
2489
3888
4221
1955
2330
3888
5011
1299
2097
3815
5063
1955
2990
3888
4871
1949
2815
3461
4833
2046
2627
3950
4221
1882
2443
3742
4460
1589
2703
3154
4384
1914
2421
3880
4934
1857
3032
3935
4862
1044
2939
3764
4907
1857
2162
3942
4988
2038
2962
3694
4221
1857
2958
3605
4874
2038
2294
3503
4178
2038
2244
4020
4852
1291
2720
3854
4988
1555
2655
4020
4102
1949
2453
4014
4494
1555
2090
3215
4592
1886
2093
3839
4245
1839
2920
3639
4876
2008
2544
3822
4814
1759
2419
4032
4988
1993
2714
3162
4768
1920
2453
3729
4661
1947
2097
3822
4604
1949
2443
3320
4615
1585
2455
3822
4560
2008
2535
3526
4221
1839
3032
4008
5096
1057
2920
3159
5057
1886
2546
4053
4763
1764
2925
3843
4646
1950
2966
3631
4748
1626
2659
3073
4302
1784
2833
4084
5024
1758
2255
3492
4661
1431
2276
4014
4431
2028
2457
3870
4855
1812
2564
3270
4221
2010
2429
4067
4232
1666
2874
3996
4384
1824
2887
3996
4418
1583
2467
3586
4796
1555
2061
3834
4709
1930
2430
3413
4988
2032
3028
4077
4953
1597
2735
3743
4373
1838
2964
3739
4592
1597
2591
3450
4855
1583
2756
4077
5039
1626
2525
3870
4788
1584
2876
3337
4422
1535
2398
4091
4318
1838
2300
3737
4845
1354
2344
3209
4432
1812
2567
4053
4878
1489
2986
3253
4250
1812
2398
3993
4990
1920
2529
3754
4845
1998
2912
3619
4549
1167
2206
3119
4464
1886
2735
3726
4388
1839
3032
3507
4775
1998
2993
3843
5104
1206
2531
3715
4588
1711
2219
4091
4464
1949
2756
3692
4193
2008
2484
3786
4412
1206
2825
3413
4328
1892
2591
4091
4474
1812
2695
3786
5045
1194
2370
3854
4449
1535
2644
3506
4440
1537
2660
3503
4937
1359
2412
3467
4757
1813
2660
3967
5096
1626
2162
3976
4440
1526
2176
3270
4388
1396
2283
3305
4549
1480
2149
3703
4474
1880
2644
4083
4442
1519
3023
3335
4431
2010
2651
3274
4459
1218
2133
3662
4862
1327
2052
4013
4600
1059
2663
3314
4834
2038
2905
3768
4221
1635
3058
3978
4221
1429
2859
3780
4993
1429
2527
3410
4578
1906
2610
3772
4217
1797
2667
3819
4512
1906
2257
3525
4422
1535
2443
3597
4720
1597
2591
4073
4316
1215
2561
3685
4327
1920
2705
3191
4388
1831
2705
3192
4549
1262
3069
3814
4881
1722
2993
3171
4314
1352
2779
3982
5054
2008
2462
4030
5066
1770
2228
3098
4250
2008
2234
3839
4484
1104
2579
3844
4768
1335
2762
3868
4739
1094
2317
3274
4738
1481
3061
3976
4105
1784
2604
3832
4613
1949
2082
3710
4144
1832
2933
3604
4463
1722
2344
3978
4244
1982
2261
4065
4384
1725
2506
3548
4549
1820
2882
3619
4319
1555
2215
3098
4370
1837
2386
3802
5112
1832
2952
3800
4681
1636
2991
3815
4111
1703
2637
3935
4884
1455
2879
3297
4221
1526
2276
3809
4449
1705
2918
3925
4108
2032
2640
4041
4906
1968
2812
3623
4640
1206
2108
3158
4184
1299
2455
3182
4334
1925
2928
3876
4445
1837
2194
3723
5056
1839
2825
3777
4181
1666
2240
3558
4698
2010
2429
3491
4229
1348
2422
3072
5035
1839
2815
3120
4676
1820
2859
3772
4914
1206
2182
3201
4706
1892
2588
3500
4218
1585
2764
3552
4250
1920
2230
3752
4593
1886
2876
3753
5096
1892
2880
3357
4381
2001
2933
3976
4903
1846
2268
3558
5042
1675
2455
3428
4381
1167
2697
3095
4327
1977
2874
3263
4625
1291
2691
3284
4287
1882
2097
3674
4739
1491
2182
3248
4699
1808
2598
4041
4917
1980
2897
3631
4299
1564
2740
3547
4226
2028
2765
3325
4323
1287
2590
3375
4855
1892
2130
3659
4244
2032
2186
3368
4652
1998
2659
3110
5038
1857
2985
4064
4982
1348
2478
3631
4855
1148
2544
3352
4286
2035
2546
3870
4133
2008
3065
4091
4457
1892
2130
3822
4763
1966
2277
3657
4881
1974
2252
3176
4465
1206
2323
3870
4517
1351
2989
3950
4764
1820
2443
3209
4328
1336
2544
3200
4305
1982
2276
3708
5020
1555
2535
3947
4412
1950
2290
3235
4397
1824
2290
3488
4413
1950
2918
3598
4246
1703
2349
3659
4422
2011
2918
3095
4746
1209
2349
3596
4263
1998
2632
4059
4796
1703
2244
3491
4246
2006
2242
3659
4796
1996
2631
3800
4402
2008
2899
3927
4795
1206
2912
3927
4725
1784
2544
3311
4796
1263
2509
3675
4731
1824
2252
3402
4796
1703
2536
3739
4908
1998
2912
3800
4100
1555
2443
3963
4796
1409
3051
3291
5070
