151
377
768
377
991
377
991
377
991
377
377
377
816
377
377
377
725
377
377
264
264
382
94
188
68
68
659
242
995
562
659
562
159
490
581
60
731
765
293
374
412
190
412
305
879
1007
911
1007
1015
92
918
879
1015
918
429
563
845
490
490
450
232
808
995
68
68
242
207
242
562
332
207
790
433
713
1006
293
374
291
305
651
149
81
81
620
664
906
97
1010
374
374
412
412
166
429
81
620
433
21
648
300
28
88
604
418
166
791
81
620
232
333
460
200
915
537
915
1
65
974
419
886
21
584
861
293
374
726
574
341
876
81
620
620
422
778
294
374
282
374
412
190
185
631
823
1007
1007
304
48
918
603
823
708
1015
563
324
658
490
490
232
808
689
242
562
242
562
242
562
242
922
620
178
778
778
6
460
293
758
879
537
882
81
281
664
588
351
931
27
863
1012
863
1012
863
400
845
796
433
21
861
765
282
374
863
104
508
81
81
922
664
232
808
460
537
374
537
915
41
915
155
63
854
428
273
504
293
68
23
491
787
791
791
922
790
90
949
759
294
701
282
701
412
701
651
92
911
1007
304
48
1015
918
3
616
3
563
155
324
81
490
232
808
566
689
207
242
562
242
562
242
332
620
854
778
1006
204
49
185
691
683
985
683
880
733
90
567
906
906
97
282
374
412
399
155
65
875
311
530
713
204
765
293
88
412
104
604
418
81
848
450
333
808
460
537
915
708
1
1001
332
81
419
55
21
6
193
293
374
23
355
543
491
81
652
424
422
978
576
865
351
435
190
412
190
326
92
304
1007
178
918
771
662
631
662
598
662
563
324
81
721
607
808
6
689
242
562
562
562
242
791
620
76
778
778
204
460
537
758
537
758
537
882
81
848
664
900
935
27
863
863
1012
863
1012
683
845
912
937
487
861
479
49
996
399
863
1012
242
81
81
820
785
808
460
537
758
537
915
537
915
577
658
854
854
713
32
294
49
65
65
242
761
332
922
39
422
731
451
6
374
282
305
412
701
936
92
304
1007
304
178
918
1015
563
1015
563
324
324
324
240
232
607
689
204
68
242
562
242
562
185
562
242
790
854
778
778
204
49
282
691
604
691
683
207
81
790
55
906
97
931
374
27
683
1012
712
429
63
1008
311
585
6
460
293
88
88
88
604
477
1432
2985
3901
5118
1859
2162
3904
5114
1499
2961
3965
5114
1499
2628
4008
5015
1499
2877
3824
4962
2041
2592
4054
5118
1499
2788
3904
4311
1499
2735
4054
4934
1499
2162
3904
4771
1499
2350
3777
4889
1130
2472
3782
4835
1499
2748
3987
5114
1499
2961
3891
4132
1859
2472
3284
5015
2043
2592
3901
4837
2041
2777
3890
5114
1859
3017
3777
5114
1281
2694
3901
4934
1130
2350
4087
5114
1628
2788
3868
4170
2041
2989
4088
4747
2041
2985
3966
4201
1762
2135
3893
5052
1130
2325
3893
5012
1859
2411
4061
4858
1900
2472
4054
5052
1900
2592
3904
4654
1762
2907
3725
4837
1762
2472
4054
5118
2041
2472
4009
4858
1911
2694
3782
5052
1499
2820
3952
5115
1878
2876
3984
4177
1964
2672
3662
4177
1964
3021
3343
4866
1485
2192
3577
4536
1626
2156
3523
4444
1867
2283
3952
4177
1755
2936
3504
4615
1755
3028
3523
4979
1626
2119
3399
4720
1755
2192
3115
4374
1755
2936
3293
4546
1755
2489
3887
4175
1931
2957
3843
5022
1755
2501
4036
4661
1896
2552
3590
4318
1701
2925
3778
4474
1701
2390
3523
4177
1564
2918
3995
4253
1637
2277
3536
4536
1868
2415
3294
4939
1468
2728
3308
4253
1408
2100
3232
4826
1627
2887
3597
4741
1647
2224
3775
4937
1560
2206
3549
4217
1250
2647
3929
4543
1427
2109
3366
4543
1678
2638
3636
4236
1610
3070
3532
4710
1427
2787
3259
4151
1191
2148
3633
4543
1610
2944
3636
4691
1255
2623
3945
4543
1211
2753
3422
4691
1610
3015
3826
4860
1217
2874
3623
4543
1211
2874
3104
5025
1410
2726
3984
4150
1782
2887
3783
4288
1838
2997
3182
4931
1915
2923
3165
4488
1782
2888
3473
4380
1427
2880
3246
5027
1838
2672
3246
4219
1469
2208
3506
4893
1753
2320
3088
4180
1838
2156
3231
4884
1610
2689
4032
4189
1250
2278
3420
4389
1691
2601
3841
4180
1610
2182
3182
4965
1993
2997
3557
4456
1427
2715
3259
4972
1746
2206
3292
4377
1610
2875
3111
5011
1255
2252
3166
4919
1753
2588
3073
4533
1753
3006
3304
4469
1088
2684
3247
4843
1975
2693
3340
4226
1975
2861
3536
4347
1353
2923
3171
4432
1396
2121
3183
4518
1975
2923
3912
4650
1814
2923
3660
4942
1812
2923
3691
5039
1396
2923
3398
4304
1812
2923
3851
4488
1270
2923
3672
4433
1396
2923
3924
4874
1396
2119
3231
5031
1830
2923
4055
4636
1257
2923
3148
4713
1691
2257
3202
4180
1396
2945
3231
4389
1385
2741
3796
4749
1326
2425
3797
4650
1533
2232
3331
4639
1332
2443
3703
4561
1868
2347
3175
5039
1739
2266
3929
4363
1627
2406
3606
4459
1838
2884
3080
4334
1739
2126
3977
4459
1567
3070
3415
4707
1838
2510
3795
4414
1739
2161
3704
4285
1567
2701
3202
4526
1647
2957
3843
4151
1560
2406
3743
4117
1812
2757
3883
4512
1396
2907
3576
4980
1626
2830
4045
4654
1782
2147
3237
4293
1596
2406
3440
4659
1915
2608
3965
4970
1427
2255
3393
4916
1057
2660
3088
4710
1263
2884
3422
4946
1410
2326
3182
4170
1427
2347
3909
4874
1993
2311
3719
4346
1191
2230
3703
4710
1263
2746
3385
4953
1701
2097
4088
4874
2017
2232
3887
5082
1250
2230
3632
4264
1191
2224
4043
4180
1516
2208
4043
4945
1410
2764
3380
4845
1764
2952
4003
4490
1664
2989
3231
4192
1691
2661
3094
4889
1684
2740
3596
4741
1753
2830
3130
5070
1753
2682
3622
4157
1427
2796
3999
4683
1217
2320
3422
4989
1565
2438
3583
4866
1753
2740
3883
5100
1250
2760
3504
4755
1565
2729
3730
4923
1217
2206
3515
5065
1782
2946
4090
4802
1782
2443
3186
4167
1782
2937
3777
4800
1610
2937
3247
5067
1771
2869
4041
4266
1409
2438
3148
4410
1403
2550
3886
5009
1405
2958
3323
4897
1323
2620
3796
4461
1037
2923
4003
4849
1146
2861
3206
4565
1056
2923
3328
4216
1851
2861
3715
4554
1031
2661
3231
4899
1112
2208
3964
4680
1581
2923
3076
4504
1367
2923
3503
4235
1029
2596
3357
4770
1217
2596
3105
4676
1280
2596
3787
4332
1418
2208
3964
5008
1764
2923
3304
4942
1755
2459
3231
4460
1403
3015
3504
4849
1560
2940
3590
4484
1739
2874
4089
4388
1739
2423
3542
5070
1270
2986
3822
4836
1610
2925
3202
5022
1610
2874
3751
4390
1610
2082
3323
4680
1191
2638
4051
4177
1191
2680
3848
4390
1915
2748
3831
4390
1915
2293
3592
4562
1915
2393
3215
4940
1915
2589
3247
5022
1583
2628
4003
4604
1982
2276
3103
4264
1396
3063
3869
5119
2001
2365
3485
4196
1262
2527
3847
4647
1935
2516
3586
4657
1354
2913
3705
4481
1217
2463
3478
4856
1191
2738
3834
4755
1610
3023
3813
4875
1860
2601
3166
4714
1029
2833
3333
4698
1996
2484
3368
4481
1759
2097
4036
4201
1860
2956
3473
4610
1369
2717
3596
4921
1263
2746
3360
5020
1287
2411
3802
4888
1217
2604
3822
4389
1057
2850
3327
4628
1263
2424
3195
4453
1998
2923
3824
4138
1217
2531
3231
4411
1594
2874
3231
4776
1993
2788
3699
4171
2017
3063
3165
4822
1029
2989
3231
4589
1104
2833
3753
4494
1410
2760
3870
4494
1418
2642
3231
4684
1558
2862
3231
4494
1104
2249
3767
4965
1287
2411
3715
4449
1280
2260
3231
4891
1057
2649
3530
4732
2015
3055
3377
5020
1998
2741
3673
4439
1743
2147
3673
4498
1594
2184
3822
5020
1694
2788
3480
4305
1998
2252
3357
4239
1581
2098
4006
4895
1610
2185
3083
5011
1365
2192
3880
4554
1878
2232
3819
4368
1385
3021
3800
4296
1535
2881
3076
4855
1975
2963
3469
4444
1535
2289
3076
4918
1535
2326
3784
4850
1359
2289
3231
4806
1359
2923
3862
4325
1830
2276
3246
5096
1109
2923
3604
4684
1396
2800
3687
5090
1109
2782
3231
5090
1583
2693
3783
4243
1396
2693
3195
5030
2014
2868
3246
5087
1396
2923
3247
5079
1785
2147
3323
4965
1468
3066
3912
4711
1855
2764
3422
4344
1326
2148
3855
5068
1326
2697
3502
5119
1739
2863
3839
4788
1297
2186
3224
4460
1176
2644
4056
4856
1255
2531
3801
4097
1427
2058
3270
4421
1647
3007
3682
4382
1868
2057
3210
4239
1868
2967
3393
4352
1915
2097
4088
4918
1661
2660
3091
4657
1734
2383
3536
4627
1782
2380
3782
4421
1565
2380
3768
5112
1753
2782
3702
4680
1565
2794
3403
4364
1647
2751
3296
4157
1610
2277
3713
4918
1211
2434
3517
4583
1661
2321
3591
4457
1427
3050
3251
4127
1436
2947
3416
4256
1753
2771
3564
5042
1915
3047
3225
4169
1567
2612
3291
4643
1191
2252
3620
4888
1424
2740
3702
4274
1211
2289
3252
4470
1469
2326
3691
4997
1211
2432
3567
4573
1610
2536
4093
4691
1874
2869
3381
4480
1610
2192
3887
4866
1737
3034
3813
5035
1270
2421
3694
4470
1753
2850
3611
4157
1684
2257
3469
4439
1655
2529
3925
4802
1211
2790
3076
4111
1739
2790
3073
4200
1211
2190
3819
4681
1739
2721
3195
4120
1211
2923
3462
4124
1610
2833
3368
4997
1427
2165
3291
4494
1560
2442
3517
4097
1753
2921
3231
4923
1754
2883
3947
4178
1567
3064
4024
4505
1838
2245
4021
4444
1915
2535
3567
4259
1136
3028
3819
4498
1984
2928
3819
4973
1785
2804
3702
4157
1468
2601
3465
4224
1388
2958
3247
4407
1534
2923
3189
4301
1702
2923
3864
4243
1297
2923
3899
4283
1028
2126
3231
4636
2031
3069
3444
4966
2031
2923
3753
4915
1070
2923
3755
4468
1647
2923
3825
4153
1468
2923
3847
4418
1464
2923
3582
5090
1534
2923
3699
4877
1734
2923
3503
5020
1469
2923
3682
4822
1107
2923
3652
4634
1217
2923
3741
4224
1037
2596
3982
4428
1647
2283
3590
4855
1647
2746
3169
4925
1855
2443
3834
4295
1915
2787
4051
5018
1661
2529
3409
4536
1661
2121
3828
4149
1610
2986
3990
4289
1734
2771
3293
4498
1782
2811
3413
4243
1610
2649
3334
4512
1610
2787
3292
4421
1610
2399
4051
4390
1610
2796
3107
4324
1610
2180
3775
4477
1564
2616
3226
4727
1452
2253
3787
4529
1824
2147
3660
4431
1427
2955
3081
4750
1841
2708
3878
4130
1954
2117
3104
4421
1268
3021
3741
4508
1469
2591
3210
4987
1627
2644
3598
4371
1838
2115
3691
4788
1560
2257
3158
4918
1480
2380
3676
4918
1691
2252
3796
4918
1560
2320
3475
4565
1610
2823
3365
4743
1427
2109
3509
4325
1191
2198
3470
4660
1610
2097
3229
4743
1427
2753
3229
4478
1191
2399
3687
4788
1610
2601
3687
4703
1217
2874
3231
4558
1211
2644
3485
4648
1915
2208
3485
4131
1217
2591
3191
4728
1211
2320
3536
4528
1915
2923
4051
4739
1782
2531
3231
4250
1427
2923
3978
4942
1998
2291
3248
4532
1369
2787
4003
4352
1263
2877
3687
4925
1785
2156
3687
4106
1369
2412
3143
4519
1993
2306
3471
4173
1785
2801
3485
4661
1057
2567
3536
4436
1993
2097
3809
4436
1427
2156
4024
5030
1998
2735
4051
5106
1159
2443
3210
4610
1626
2153
3413
4506
1374
3021
3746
5010
1878
2983
3246
4999
1535
2579
3195
4532
1165
3023
3231
4532
1975
2577
3351
4965
1535
3035
3771
4892
1874
3071
3119
4494
1830
2557
3231
4532
1830
2371
3625
4150
1250
2497
3231
4982
1535
2253
3195
4608
1424
2252
3246
4772
1984
2923
3639
4192
1412
2923
3209
5108
1824
2997
3261
5094
1250
2326
3246
4386
1083
3011
3444
4347
1427
2880
3246
4749
1868
2660
3444
4378
1101
2957
3638
4126
1332
3069
3377
4414
1868
2089
3581
4657
1739
2753
3200
4662
1567
2759
3484
4135
1691
2252
3246
4194
1560
2212
3174
4230
1250
2467
3637
4436
1691
2406
4090
4638
1678
2730
3565
4561
1610
2089
3764
4232
1427
2628
3581
5107
1191
2148
3224
4864
1610
2181
4013
4733
1255
2957
3540
4456
1191
2252
3323
4604
1626
2923
3088
4899
1270
2956
3171
4288
1056
2660
3791
4845
1367
2764
3671
4134
1996
2277
3088
4334
1410
2425
3719
4414
1427
2478
3719
4106
1610
2717
3681
5009
1996
2484
3398
4546
1610
2771
4036
4621
1998
3066
3276
4302
1217
2746
3320
4296
1057
2130
3542
4351
1788
2459
3268
4732
1801
2206
4042
5040
1764
3066
4019
4278
1993
2452
3284
4484
1703
2868
3486
4852
1788
2874
3304
4731
1365
2097
3653
4374
1878
2115
3590
4633
1326
2760
3171
4380
1915
2284
3780
4339
1915
2284
3778
4494
1915
2177
3115
5079
1915
2890
3231
5067
1915
2514
3130
5095
1813
2830
3999
4405
1915
3051
3547
4616
1813
2314
3879
4647
1390
2644
3231
4637
1390
2208
3315
4633
1631
2596
3919
4232
1868
2230
3231
4906
1868
2368
3600
4994
1838
2753
3250
4347
1838
2519
3928
4732
1915
2666
3887
4171
1396
2061
3091
4844
1555
2717
4065
5050
1702
3037
3444
5023
1029
2923
3949
4447
1107
2861
3116
4413
1037
2923
3440
4373
1146
2923
3096
4498
1056
2923
3401
4370
1785
2923
3743
4153
1031
2923
3182
4451
1078
2693
3795
4877
1661
2738
3231
4829
1367
2365
3930
4225
1367
2208
3609
4532
1798
2693
3842
4877
1798
2320
3996
4733
1565
3007
3231
4135
1535
2801
3420
4730
1535
2956
3637
4875
1270
2457
3431
4921
1326
2796
3296
4264
1191
2206
3231
4644
1555
2923
3424
4488
1915
2748
3978
4180
1915
2672
3499
5022
1915
2926
3540
4925
1915
2156
3540
5042
1915
2604
3540
4728
1391
2697
3500
4488
1391
2860
3540
5079
1813
3043
3540
4908
1813
2937
3540
4372
1813
2937
3540
4756
1216
2623
3966
4510
1669
2478
4003
4928
1669
2181
3622
4559
1815
2789
3444
4439
1788
2296
3839
5047
1522
2888
3608
4693
1855
2626
3116
4967
1250
3025
3468
4469
1785
2088
3644
4264
1469
2665
3206
4193
1996
2945
3276
4285
1610
2767
3822
4349
1427
2715
3206
4997
1689
3028
3296
4253
1263
2918
3111
4349
1057
2677
3091
4676
1217
2190
3259
4692
1191
2365
3274
4711
1837
2531
3822
4774
1998
3012
3914
4243
1217
2429
3665
4325
1191
2841
3573
4633
1993
2861
3419
4634
1785
2088
3276
4498
1029
2833
3251
4921
1996
2883
3246
4845
1410
2762
3246
4845
1427
2351
3246
4845
1369
2618
3458
4822
1263
2521
3246
4919
1410
2464
3231
5048
1217
2721
3625
4575
1057
2351
3625
5046
1993
2677
3363
4390
1998
2721
3231
4715
1743
2942
3682
5096
1703
2374
3335
4503
1759
2804
3309
4855
1785
2868
3200
4151
1029
2588
3876
4845
1746
2448
3810
4945
1270
3042
3951
4799
1355
2978
3195
4806
1535
2631
3896
4548
1681
2529
3231
4121
1359
2224
3246
4573
2014
2923
3447
5105
1109
2923
3644
5101
1864
2989
3473
4895
1359
2536
3195
4414
1862
2830
3702
4877
2045
2923
3579
4205
1681
2989
3522
4264
1409
2923
3686
4757
1828
2923
4006
4423
1307
2923
3529
4263
2045
2529
3231
5087
1669
2905
3649
4823
1191
2452
4065
4264
1734
2332
3208
4400
1739
2147
3442
4791
1176
2516
3923
4314
1255
2284
3608
4953
1332
2274
3465
4706
1647
2581
3660
4977
1056
2481
3900
4197
1468
2874
3238
4805
1464
2063
3676
4647
1661
2660
3465
5022
1734
2573
3540
4411
1739
2433
3906
4108
1782
2186
3095
4389
1217
3066
3348
4243
1255
2406
4030
4108
1647
2581
3682
4553
1785
2154
3323
4175
1868
2511
3819
4443
1813
3029
3579
4285
1396
2511
3555
4678
1560
2731
4074
4414
1427
2364
3406
4733
1610
2225
4091
4801
1737
2147
3511
4121
1435
2082
3530
4409
1455
2889
3801
4124
1838
2174
3868
4516
1250
2184
3526
4678
1838
2221
3521
4843
1610
2762
3787
4397
1838
2727
3216
4722
1610
2180
3745
4411
1427
2921
3604
4497
1874
2153
3238
4116
1427
2091
3377
4893
1191
2364
3673
4138
1627
2702
3567
5103
1268
2406
3949
4319
1250
2283
3970
4806
1830
2344
3743
4801
1935
2579
3376
5077
1830
2316
3401
4888
1424
2316
3526
5045
1996
2316
3592
4788
1610
2762
3195
4736
1753
3065
3625
4409
1270
3044
3314
4736
1737
2225
3354
4498
1191
2091
3444
4362
1455
2429
4003
4409
1597
2223
4003
4801
1610
2938
4074
4439
1669
2434
3610
4389
1409
2440
3702
5075
1610
2945
3530
4264
1824
2993
3604
4121
1191
2130
3739
4380
1702
2210
3986
4449
1256
2923
3442
5028
1176
2620
3206
4121
2031
2721
3231
4573
1070
2185
3231
4705
1647
2717
3247
4443
1468
2923
3281
4285
1468
2190
3715
4264
1534
2438
3608
4470
1534
2757
3444
4609
1469
2185
3206
4822
1782
2619
3415
4965
1176
2620
3948
4414
2031
2923
3247
4977
1427
2923
3259
4285
1056
2764
3625
4556
1868
2190
3834
4285
1855
2940
3707
4899
1534
3070
3702
4532
1702
2257
3670
5040
1297
2501
3856
4443
1782
2850
3247
4605
1782
3051
3555
4285
1217
2190
3540
4136
1217
2978
3675
4660
1427
2105
3478
5093
1753
2275
3444
4293
1565
2825
3111
4972
1664
2912
3526
4613
1993
2190
3795
4175
1565
2181
3845
4643
1626
2521
3555
4960
1516
2579
3504
4732
1998
2463
3555
4099
1367
2274
3247
4636
1830
2905
3280
5056
1070
2176
3787
4937
1855
2859
3080
4821
1739
2868
3473
4621
2031
2825
3999
4918
1211
2874
3819
5116
1915
2535
3867
5099
1217
2712
3226
4109
1211
2249
3428
4917
1915
2581
3999
4377
1782
2516
3716
4631
1427
2459
3474
4171
1915
2907
3428
4616
1782
2923
3478
4641
1849
2249
3536
4843
1391
2088
3773
5030
1369
2945
3473
4641
1849
2971
3210
4720
1785
2868
3398
5029
1610
2811
3526
4809
1993
2874
3890
4171
1427
2601
3431
4889
1560
2148
3509
4967
1610
2619
3811
4452
1427
2715
3409
4977
1191
2644
3231
4117
1369
2439
3495
4334
1427
2591
3576
4702
1211
2717
3248
4232
1057
2206
3747
5011
1217
2320
3963
4352
1211
2506
3809
5029
1159
2536
3795
4199
1782
2782
3680
4789
1427
2484
3234
4162
1998
2735
3741
4621
1029
2874
3795
5087
1090
2358
3197
4967
1878
2888
3231
4346
1406
2923
3517
4954
1365
2923
3490
4260
1359
2923
3176
4899
1824
2459
3424
4537
1250
2804
3246
4949
1830
2830
3231
4598
1789
2923
3194
5079
1396
2923
3644
4135
1828
2850
3819
4700
1874
2923
4085
4691
1610
2923
3229
4436
1984
2252
3231
4699
2045
2225
3365
4180
1396
2868
3840
4806
1915
2997
3231
4983
1409
2923
3529
4763
1838
2923
4093
4653
1929
2347
3819
5103
1739
2946
3354
4490
1381
2060
3757
4616
1855
2717
3833
4916
1739
2701
3231
4194
1255
2890
3923
4180
1191
2459
3231
5117
1610
2829
3716
4414
1255
2406
3444
4884
1211
2529
3514
4127
1915
2121
3661
4194
1217
3035
3181
4656
1211
2677
3078
4800
1915
2830
3675
4536
1782
2380
3708
4899
1838
2060
3231
4603
1915
3035
3653
4161
1250
2517
3504
4526
1782
2608
3398
4846
1985
3007
3913
4965
1256
2764
3307
4137
1211
3051
3377
5049
1610
2788
3890
4621
1860
2459
3478
4728
1782
2764
4085
4845
1191
2085
3504
4684
1263
2528
3757
4650
1838
2910
3637
4766
1427
2949
3325
4324
1610
2147
3652
4119
2032
2647
3325
4846
1287
2647
3398
4285
1998
2579
4042
4351
1993
2186
3797
4727
1597
2939
3633
4178
1813
2923
3280
4801
1838
2829
3608
4150
1365
2883
3467
4560
1535
2148
4090
4845
1250
2470
3998
4763
1567
2284
3115
4597
1028
2825
3444
4841
1217
2571
3757
5106
1250
2321
3632
4494
1782
2453
3879
4227
1782
2647
3231
4646
1782
2168
3231
4988
1782
2510
3881
4859
1782
3065
3742
4616
1610
2467
3577
4532
1610
2536
3879
4784
1610
2536
4072
4324
1661
2642
3699
4324
1838
2519
3454
4347
