310
458
328
134
77
858
633
858
1013
942
442
976
37
1008
428
986
615
861
525
68
155
24
954
60
731
294
935
412
374
412
305
155
658
1008
986
584
722
204
729
282
305
929
970
588
221
829
356
829
985
829
985
403
712
336
428
94
952
585
158
822
910
336
954
25
585
906
374
726
696
726
696
155
658
1008
58
458
585
321
97
321
399
321
1007
331
1014
78
499
78
78
18
499
78
499
749
328
986
499
867
499
78
775
954
58
803
188
479
49
479
49
321
594
905
286
328
986
321
979
321
979
458
733
954
584
803
458
507
458
699
532
979
532
1013
532
1007
532
48
532
1013
31
240
419
954
732
722
931
765
604
305
412
305
651
9
829
929
986
931
662
207
120
845
525
52
487
766
931
27
727
976
525
942
443
481
329
428
94
722
294
68
282
65
24
58
731
294
504
221
158
305
155
712
185
419
886
428
584
1006
282
374
305
305
992
304
305
935
27
673
185
985
727
712
332
1008
55
952
94
960
221
712
336
205
55
731
648
249
374
537
305
412
910
926
156
422
814
460
1014
420
1014
78
499
1007
142
48
142
78
142
78
142
965
142
965
419
82
567
142
78
142
965
499
205
732
15
722
1014
49
321
879
979
321
979
286
185
986
321
500
37
812
458
419
886
952
861
931
701
701
532
701
532
696
532
696
532
1007
605
605
37
634
674
1000
58
732
584
204
1006
282
88
604
88
604
701
604
986
588
510
828
510
936
510
911
970
778
803
726
386
674
386
674
1012
726
109
240
986
428
803
931
701
726
733
422
15
722
21
1006
49
282
153
120
882
733
419
422
25
778
713
1006
282
879
412
1007
911
701
931
701
936
727
985
577
109
697
886
94
484
722
185
729
604
372
55
803
535
1006
931
49
683
1012
683
845
419
419
55
803
931
701
282
701
412
304
854
588
27
935
1012
1012
304
1012
155
712
912
854
428
55
952
341
712
419
372
60
584
608
608
578
331
221
829
221
429
65
63
660
854
504
472
9
332
419
516
60
731
451
282
351
863
331
863
1012
863
1012
863
854
863
1012
863
712
845
336
545
25
952
294
374
374
412
305
863
326
863
712
658
986
900
861
326
735
658
854
588
588
221
1010
1012
863
1012
260
260
863
712
658
854
94
204
910
221
221
845
1008
58
484
952
294
68
477
1490
2457
3961
4894
1490
3015
4095
4743
1490
2693
4095
4122
2042
2617
3796
4894
1674
2354
3796
4894
1424
2684
3994
4645
1730
2600
3651
4412
1277
2684
3842
4780
1437
3015
3337
4371
1844
2207
3663
4918
1961
2604
4051
4380
1555
2914
3796
4433
1277
2684
3836
4554
1437
2535
3836
4813
1152
2182
3832
4478
2008
2743
3820
4939
2007
2348
3176
5072
1480
2784
4029
4699
1283
2515
3816
4864
1402
2667
3210
4620
1412
2629
3447
4326
1592
2756
3760
4936
1874
2658
3611
4269
1830
3014
3385
4874
1479
2894
3098
4349
1984
2899
3780
4797
1437
2511
3363
4511
1620
2912
3738
4686
1346
2751
3513
4646
1861
2590
3654
4222
1480
2346
3729
4806
1669
2926
4093
4199
1402
2225
3791
4264
1683
2953
3554
4821
1814
2608
4000
4171
1984
2573
3425
4816
1348
2773
3243
4292
1674
2645
3754
4369
1455
2438
3274
4171
1737
2320
3274
4369
1874
2599
3577
4336
2010
2978
3606
4374
1193
2751
3200
4534
2045
2238
3611
4248
1336
2862
3639
4171
1930
2320
3231
4675
1749
2665
4093
4892
1409
2535
3757
4171
1629
2712
3232
4133
1828
2933
4083
4696
1737
2498
4093
4198
1230
2512
3496
4943
1211
2280
3846
4826
1409
2647
3363
4651
1424
2807
3730
4389
1455
2807
3429
5018
1455
2807
3879
4483
1620
2596
3732
4704
1874
2119
3372
4875
1679
2935
3429
4519
2045
2253
3837
4872
2042
2454
3500
4349
1674
2830
3796
4500
1555
2333
3419
4806
1940
3046
3456
4678
1597
2877
3512
4806
1555
2331
3136
4758
1874
2802
3947
4870
1597
2238
3251
4236
1610
3063
3713
4661
1403
2185
3976
4806
1993
2693
3783
4554
1812
2933
3857
5009
1565
2443
3403
4109
1263
2728
3708
4788
1664
2175
3914
4500
1996
2809
3120
4678
1920
2168
3647
4244
1996
2775
3473
4773
1764
2826
3887
4167
1597
2822
3256
4773
1838
2096
3540
4733
1455
2283
3270
5075
1455
2309
3675
4264
1620
2849
3288
4561
1874
2077
4017
4705
1679
2275
3274
4363
1679
2705
3198
5082
1555
2830
3538
4827
1402
2833
3237
4369
1608
2283
3252
4111
1935
2837
3684
4704
1938
2850
3349
4743
1385
3014
3796
4542
1402
3015
3817
4282
2004
2682
3884
4791
1259
2250
3867
4400
1749
2906
3427
5020
1773
2451
3834
4743
2047
2458
3509
4429
1402
2309
3917
4147
1737
2451
3311
4743
1874
2568
3473
4588
1470
2492
3367
4465
1350
2614
3189
4743
1402
2765
3339
4758
1961
2242
3538
4788
1269
2278
3149
4761
1406
2429
3751
4743
1098
2535
3367
4180
2004
2105
3110
4812
1470
2599
3845
4353
1844
2232
3458
4834
1844
2153
3257
4516
1406
2560
3820
5077
1346
2455
3803
4570
1424
2300
3734
4324
1238
2322
3426
4646
1528
2626
3960
4980
1584
2983
3659
4648
1438
2730
3364
4621
1259
2599
3320
4327
1718
2547
3997
5061
1555
2323
3580
4788
2042
2253
4082
4680
1105
2185
3532
4766
1346
2345
3694
4948
1372
2726
3759
4444
1528
2185
3103
4743
1874
2794
3532
4217
1779
2590
3650
4661
1372
3057
3840
5098
2014
2667
3120
5091
1712
2833
3625
4593
1779
2150
3084
4225
1372
2131
3840
4965
1984
2095
3631
4965
1749
2174
3625
4948
1372
2347
3625
4254
1453
2557
3625
4339
1105
2922
3625
4415
1814
2296
3625
4519
2014
2847
3796
4546
1980
2630
3878
4965
1779
2684
3084
4452
1346
2266
3840
4596
1584
2095
3625
4639
1034
2847
3625
4719
1372
2150
3759
5091
1477
2847
3078
4495
1548
3000
3231
4614
1814
2345
3084
5042
1938
2658
3855
4633
1406
2565
3109
4843
1745
2338
3809
4185
1584
2904
3620
4238
1346
2918
3974
4264
1617
2623
3927
4238
1779
2812
3930
4638
1994
2989
3796
4410
1994
2153
3796
4434
1424
2983
3347
4264
1935
2684
4082
4488
1739
2983
3480
5042
1627
2983
3348
4846
1655
2983
3930
4514
1753
2933
3320
4731
1385
2323
3692
4406
1814
2672
3195
4881
1528
2730
3796
4272
1985
2088
3681
4581
1691
2983
3694
4264
1509
2117
3171
4884
1718
2626
3625
4731
1812
2787
3156
4178
1985
2089
3905
4806
1105
2667
3246
4692
1528
2453
3881
4193
1475
2799
3246
4255
1555
2966
3231
4854
1437
2515
3506
4958
1205
2732
3906
4334
2004
2088
3400
4894
1443
2695
3390
4923
1978
2497
3074
4180
1844
2144
3400
4965
1443
2947
3593
4532
1844
2507
4095
4474
1844
2443
3808
4579
1844
2178
3394
4894
1579
2262
3825
4878
1616
2430
3512
4894
1730
2329
3836
4238
1437
2515
3878
4258
1555
2398
3118
4788
1346
2324
4095
4180
1539
2743
3680
4382
1978
3034
3074
4878
1961
3065
3651
4574
1584
2482
4095
4474
1500
2712
4047
4894
1437
2542
3337
4965
1437
2127
3836
4833
1829
2626
3512
4780
1437
2279
3096
4780
1283
2528
3118
4179
1874
3018
4095
4482
1674
2295
4032
4180
1475
2697
3881
4382
1475
2598
3164
4910
1351
2515
3190
4502
1844
2732
3538
4507
1592
2560
3651
4197
1844
2697
3651
5050
1844
2573
3988
4619
1346
2757
3739
4619
1437
2646
3337
4370
1437
2655
3918
4958
1205
2337
3734
5005
1307
2178
3520
4958
1837
2170
3118
4250
1437
3029
3337
4869
1402
2329
3836
4595
1402
2721
3836
4711
1555
2938
3390
4288
1844
2484
3247
4171
1844
2935
3577
4645
1844
2667
3179
4894
1437
2351
3337
4640
1584
2398
3176
4797
1490
2682
3925
4838
1758
3065
3337
4912
1584
2054
3380
4382
1961
2313
3390
4342
1674
2429
3729
4546
1067
2093
3859
4586
1348
3043
3414
4342
1920
2247
3376
4766
1722
2579
3491
5109
1152
2972
3507
4324
1861
3057
3200
4766
1771
2647
3164
4354
1555
2400
3439
4317
1985
2177
3081
4134
1224
2400
3592
4253
1409
2443
3394
4530
1824
2857
3691
4512
1666
2423
3676
4866
1950
2641
3554
5071
1277
2177
3509
4814
1277
2649
3509
4568
1784
2093
3509
4525
1849
2724
3738
4980
1920
2672
3740
4299
1974
2724
3304
4167
2010
2777
3919
4482
1947
2467
3651
4283
1861
2277
3274
4953
1936
2841
3751
5089
1695
2874
3796
4907
1535
2599
3297
4433
1745
2185
3337
4171
2045
2346
3098
4530
1961
2817
3200
4377
1555
2724
3509
4396
1874
2344
3509
4446
1984
2677
3406
5104
1683
3034
3883
4502
1348
2344
3639
4530
1993
2826
3296
4530
1148
2255
3512
4806
1424
2811
4014
4896
1627
3023
3805
4793
1148
2512
3310
4246
1874
2599
3414
4444
1424
2455
3509
4401
2001
2165
4043
4661
1555
2591
3198
4559
2032
2728
3351
4234
2042
2512
3109
4703
2042
2484
3098
4369
1950
2219
3843
4316
1950
2054
3715
4397
1874
2815
3420
4509
1620
2949
3315
5104
1513
2560
3072
4508
1874
2320
4004
4574
1984
2208
3303
4799
1695
2257
3632
4442
1829
2599
3197
4264
1683
2807
3509
4389
1406
3065
3509
4440
1479
2234
3422
4530
1745
2897
3796
4664
1749
2383
3509
4640
1263
2623
3813
4740
1346
2521
3375
4369
1936
2804
3532
5116
1984
2599
3633
4678
1734
2876
3509
4843
1424
2429
3938
4292
1171
2771
3517
4174
1555
2965
3149
4802
1824
2455
3540
4953
1584
2746
3189
4369
1874
2897
3276
4829
1620
2535
3540
4366
1666
2133
4055
4595
1920
2901
3280
4712
1636
2484
3082
4526
1348
2746
3426
4726
1489
2986
4043
4477
1982
2535
3540
4899
1788
2277
3449
5011
1838
2506
3303
4399
1874
2057
3733
4392
1915
2721
3716
4960
2045
3008
3535
4621
1346
2579
3834
4353
1455
2935
3511
4122
1604
3029
3427
4353
1346
2952
3320
4274
1424
2473
3998
4923
2042
2283
3907
4369
1555
2111
3813
4386
1838
2300
3303
4822
1950
3043
3889
4174
1936
2329
3390
4814
1812
2105
3376
4462
1081
2912
3509
4779
1443
2131
3629
4841
1224
2155
3081
4973
1259
2094
3343
4171
1061
2228
3149
4595
1811
2497
3444
4187
1773
3051
3692
4712
1608
2082
3582
4100
1744
2388
3333
4180
1098
2360
4005
4711
1061
2913
3375
4482
1744
2957
3418
4269
1836
2636
3844
4171
1453
2952
3485
4180
1584
2204
3317
4198
1679
2423
3811
4326
1402
3007
3314
4942
1906
2732
3859
4730
1961
2723
3074
4122
1346
2971
3611
4346
1718
2307
3245
5078
1819
2058
3597
5104
1994
2506
3101
5105
1372
2833
3208
4415
1470
2095
3346
4495
1437
2590
3432
4275
1123
2766
3997
4839
1346
2664
3753
4450
1156
2765
3168
4573
1486
2741
3707
4200
1734
2901
3340
4138
1307
2598
3465
4743
2030
2620
3465
4786
2045
2646
3432
4578
1679
2993
3179
4519
1754
2601
3496
4366
1754
2812
3347
4648
1749
2298
3179
4424
1737
2679
3805
4180
1346
2450
3688
4743
1123
2455
3254
4743
1740
2741
3688
5013
1719
2313
3254
4503
1620
2955
3896
4113
1525
2379
3821
4743
1749
2679
3805
4893
1486
2594
3179
4180
1754
2298
3780
4176
1424
2211
3857
4788
2014
2379
3883
4230
1123
2211
3961
4746
1740
2083
3896
4198
1910
2211
3370
4788
1254
2812
3688
4519
1984
2594
3192
4788
1683
2549
3857
4743
1274
2450
3441
4503
1681
2450
3845
4743
1424
2211
3094
4716
1230
2926
3532
4138
2030
2901
3465
4187
1910
2684
3606
4733
1548
2224
3796
4125
1034
2935
3084
4808
1994
2933
3840
4928
1509
2487
3084
4735
1967
2168
3625
5086
1105
2636
3320
4178
1725
2684
3171
4694
1105
2576
3246
4588
1105
2923
3171
4820
1509
2923
3171
4329
1967
2983
3195
4980
1984
2730
3826
4633
2027
2089
3171
4661
1548
2715
3200
4264
1504
2323
3246
4234
1528
2516
4013
4977
1191
2089
4017
4514
1812
2983
4030
4096
1814
2730
3578
4178
1443
3010
3998
4661
1844
2348
4063
4203
1283
2512
4017
4142
1205
2822
3651
4803
1584
2426
3665
4942
1844
2351
3232
4728
1475
2918
3210
4772
1898
2390
3931
4976
1644
2223
3651
4180
1482
2223
3232
5109
1437
2538
3836
4217
1725
2906
3650
4108
1824
2753
3691
4965
1961
2933
3685
4295
1852
2655
3687
4179
1259
3038
3836
4822
1667
2648
3339
4353
1437
2525
3141
4222
1387
2912
3193
4353
1437
2535
3722
4958
1437
2887
3836
4122
1437
2390
3836
4349
1725
2912
3394
4894
1680
2442
3854
4576
1844
2515
3270
4947
1961
2272
3836
4947
1961
2817
3289
4432
1361
2972
3395
4947
1402
2630
3230
5013
1747
2971
4083
4727
1402
2887
3311
4697
1950
2180
3367
4455
1944
2591
3434
4529
1027
3003
3372
5037
1890
2956
3179
4773
1820
2625
3348
4812
1380
2914
3737
4788
1691
2992
3650
4722
1938
3015
3311
4287
1938
2697
3515
4542
1479
3014
3654
5063
1633
2497
3311
5099
1402
2273
3675
4199
1888
2447
3152
4850
1976
2715
4043
4339
1670
2971
3509
5026
1402
2887
3334
4487
1692
2561
3977
4773
1880
2333
3311
4530
1957
2899
3106
4230
1098
3065
3642
4137
1081
2536
4010
4500
1067
2290
3367
4923
1670
2521
3400
4834
1963
2614
3253
5063
1812
2149
3372
4971
1346
2180
3981
4203
1288
2529
3918
4100
1832
2899
3502
4403
1098
2563
3401
4651
1380
2225
3372
4860
1674
2863
3429
4885
1027
2277
3372
4487
1838
2157
3605
4468
1067
2457
3726
4269
1288
2591
3994
4812
1670
2971
4033
4469
1402
2626
3311
4733
1067
2311
3367
4487
1288
2890
3867
4500
1259
2769
3441
4473
1402
2933
3441
4500
1067
2604
3429
4189
1027
2364
3654
4834
1749
3007
3242
4704
1067
3000
3982
4542
1620
2333
3179
4999
1890
2581
3348
4189
1402
2443
3235
4812
1067
2424
3156
5062
1758
2501
3349
4237
1098
2208
3642
4314
1067
2208
3485
4927
2042
2087
3311
4476
1453
2691
3367
4786
1402
2684
3311
4250
1604
2180
3104
4428
1034
2087
3561
4134
1555
2913
3429
4806
1620
2381
3509
5062
1346
2629
3867
4816
1098
2513
4063
4912
1620
2826
3372
4904
1511
2386
3429
4900
1027
2277
3372
5106
1402
2616
3669
4982
1081
2512
4043
4700
1938
2337
3961
4500
1098
2964
3961
4440
1739
2326
3098
5062
2030
2997
3372
4507
1098
2111
3642
4526
2004
2863
3509
5038
1938
2280
3311
4809
1455
2568
3367
4767
1402
2394
3372
4821
1666
2353
3573
4436
1575
2094
3367
4403
1081
2156
3372
5064
1214
2632
3684
4444
1193
2971
3959
4161
1402
2561
3309
4500
1455
2247
3650
5030
2047
2208
3475
4542
1783
2242
3104
4202
1877
2191
3994
4773
1739
2279
3710
4952
1963
2186
3867
5062
1963
2913
3867
4843
1259
3039
4010
4800
1812
2349
3436
4363
1555
3066
3511
4979
1500
2573
3234
4322
1820
2196
3682
4167
1402
2636
3912
4413
1042
2699
3884
4519
1597
2219
3148
4267
2042
2887
3248
4666
1820
2057
3912
4993
1602
2421
3096
4322
1918
2913
4016
4103
1838
2320
3905
4675
1346
2705
3311
4703
1820
2671
3535
5043
1749
2956
3912
4302
1555
2421
3420
4500
1666
2421
3116
4710
1346
2671
3073
4751
2010
2598
3912
4179
1705
2815
4016
4604
1555
2394
4016
4478
1838
2705
4016
4878
1597
2219
3912
4788
1908
2131
3291
4544
1098
2421
3166
4554
1820
2380
3200
4322
1409
2349
3428
4202
1963
2802
3224
4614
1820
2272
3338
4965
1963
2888
3921
4180
1963
2721
3180
5105
1963
2272
4032
4120
1940
2253
3685
4593
1838
2850
3388
4836
1683
2863
3921
4952
1500
2277
3192
4332
1595
2949
4016
5072
1745
2406
3684
4833
1584
2913
3729
4400
1346
2308
4043
4834
1500
2280
4043
4864
1584
2082
4043
4416
1027
2527
3180
4530
1259
2234
3898
4772
1838
3014
4043
4542
2042
2705
4043
4752
1402
2809
3844
4100
1067
2613
3325
4666
1982
2108
4043
4233
1784
3047
3582
4233
1908
2208
3997
4908
1940
2923
3219
4530
1584
2589
3462
4856
1238
2183
3137
4230
1683
2234
3232
5105
1584
2169
3977
5105
1575
2568
3126
4524
2042
2460
3906
4269
1620
3028
3639
5056
1346
2802
4043
5063
2042
2280
3147
4363
1620
2599
3912
4983
1575
2775
3171
4322
1950
2308
3338
4845
1455
2487
3580
4703
1996
2957
3115
4892
1950
2590
3585
5075
1824
2535
3688
4978
2042
2817
3790
4715
1221
2252
3881
4403
1555
2450
3320
4732
1513
2083
3109
4171
1920
2655
3577
4703
2010
2544
3535
4324
1629
3047
3859
5105
1703
2048
3825
5072
1093
2133
3237
5097
2006
2442
3898
4917
1947
2887
3833
4739
1206
2057
3573
4113
1403
2701
3231
4439
1156
2048
3819
4873
1838
3014
3236
5105
1718
2527
3447
4171
1950
2971
3778
4537
1860
2547
3602
4166
1093
2658
3313
4131
1635
2451
3681
4978
1947
2599
3787
4334
1940
2243
3309
5042
1940
2528
3209
4416
1535
2460
3737
4178
1975
2175
3274
4239
1792
2381
3796
5082
2018
2129
4089
4517
1802
2129
3927
4752
1575
2168
3816
4812
1402
2561
3738
4269
1081
2804
3890
4704
1595
2552
3372
4916
1938
2577
3484
5068
1666
2253
3890
4291
1597
2274
3373
5077
1950
2453
3868
4788
1452
2420
3253
4210
1555
2279
3478
4338
1998
2430
3345
4997
1984
2989
4077
4250
1555
2462
3606
4881
1620
2451
3622
4987
2032
3043
4077
4198
1583
2568
3832
4119
1081
2913
3669
4264
1081
3065
3682
5082
1982
2528
3311
4217
1936
2899
3482
4215
1963
2612
3291
4982
1993
2913
3694
4947
1945
2978
3367
5042
1982
2887
3924
4364
2018
2644
3608
4269
1348
3014
3367
4772
1412
2766
3325
5082
1967
2206
3805
4982
1838
2184
3660
4406
1297
2274
3375
4392
1828
2519
3199
4189
1874
3045
3578
4722
1340
2848
3078
4480
1304
2577
3927
4836
2042
2272
3825
4593
1402
2224
3819
4503
1984
2180
3377
4325
1920
2536
3447
4597
1784
2655
3375
5074
1874
2644
3476
5026
1409
2306
3162
4487
1998
2180
3074
4526
1480
2186
3210
4732
1148
2510
3126
4723
1424
2771
3832
4353
1597
3026
3309
4353
1669
2607
3226
4744
2011
2344
3280
4382
1874
2343
3399
4382
1874
2721
3309
4882
2042
2506
3074
4702
1206
2887
3772
4619
1705
2705
3509
4594
1263
2822
3474
4692
1936
2525
3348
4988
1230
2424
3195
4855
2018
2830
3558
4211
1679
2930
3223
4223
1937
2986
3663
4891
1453
2246
3529
5005
1567
2769
3592
4701
1729
2208
3389
4659
1288
2536
3787
4400
1584
2393
3742
4716
2031
2887
3208
5071
1269
2117
3898
4171
1912
2809
3740
4594
1874
2535
3622
4204
1877
3023
3813
4437
1584
2817
3813
4210
1555
2313
3866
4488
1828
2625
3074
4864
1784
2213
3878
4111
1852
2804
3373
4925
1747
2992
3453
4609
1984
2169
3796
4677
1806
2424
3535
4350
1877
2546
3215
4594
1802
2722
3669
4283
1191
2320
3867
4882
1837
2635
3611
4701
2042
2594
3611
4859
1725
2869
3898
4936
1841
2506
3248
4439
2045
2538
3381
4873
1081
2329
4056
4561
1620
2374
3096
4925
2011
2118
3389
4440
2010
2527
3672
4619
1837
2623
3156
4371
1950
2462
3363
5084
1920
2546
3390
4171
1784
2346
3389
4253
1950
2830
3580
4384
1409
2897
3142
5109
1998
2331
3111
4171
1263
3000
4055
4402
1564
2775
3142
4603
1973
2331
3517
4939
2011
2860
3327
4576
2010
2869
4095
4897
1590
2549
3296
4653
1950
2180
3810
4700
1814
3062
4032
4171
1424
2279
3754
4468
1745
2997
3073
5010
1602
2770
3333
4277
1346
3010
3605
4469
1936
2528
3367
4653
1996
2766
3459
4971
1874
2897
3867
4703
1950
2462
3303
4890
1800
2983
3883
4943
1489
2253
3303
5026
1486
2639
3090
4411
1274
3062
4067
4315
1509
2191
3949
4262
1455
2238
3711
4456
1950
2913
3509
4253
1814
2992
3906
4202
2042
2837
4043
4118
1961
2863
3770
4171
1963
2644
3817
4171
1455
2849
3493
4274
1669
2849
4022
4874
