310
730
482
835
636
1011
954
134
60
597
729
251
165
888
165
888
48
600
586
569
38
348
885
756
169
167
308
556
564
385
141
229
835
568
195
231
223
72
542
255
298
856
471
569
864
542
760
885
756
756
167
596
556
564
730
42
145
676
749
746
381
381
850
233
336
298
732
11
956
409
647
553
542
229
732
251
363
888
165
888
61
51
749
600
568
38
38
987
636
465
298
856
111
564
111
258
814
205
732
77
145
254
415
42
415
926
439
229
835
722
864
542
668
246
568
544
544
308
367
345
956
345
858
229
732
348
195
195
231
231
811
749
641
737
984
556
325
814
42
145
229
732
850
42
406
79
640
749
970
478
826
474
195
474
223
474
811
749
811
474
569
668
255
167
571
389
77
320
720
172
172
817
336
229
77
363
817
500
817
926
817
886
732
169
116
500
817
138
817
82
676
676
54
525
942
238
647
233
970
487
842
61
505
251
165
51
450
433
888
722
888
165
888
61
339
749
600
48
973
569
38
987
558
298
178
573
308
573
138
921
352
229
732
732
170
942
56
170
138
352
229
732
722
43
75
43
75
710
954
842
842
478
562
357
562
988
229
229
389
320
345
345
138
858
610
676
858
56
858
559
858
610
858
229
732
116
363
649
447
447
926
970
676
447
447
138
394
447
926
352
229
837
363
447
75
816
447
912
229
77
169
447
475
447
138
447
229
732
77
442
500
146
894
146
372
229
732
443
500
443
617
319
658
970
660
722
251
505
617
403
336
336
433
251
165
888
165
888
583
995
749
888
888
339
165
165
888
633
676
339
339
600
600
569
38
987
163
732
199
363
817
75
170
75
229
842
320
451
988
138
921
138
146
229
238
927
586
597
163
163
751
1000
169
199
689
275
75
75
238
205
55
842
308
11
475
720
56
817
1007
409
56
238
569
614
542
551
229
732
885
167
308
556
420
720
1000
990
169
817
420
170
381
817
1007
990
178
525
56
238
569
542
251
954
842
169
888
729
600
586
973
1011
229
348
568
195
474
602
51
231
756
568
811
737
308
556
138
792
990
326
990
48
170
56
146
109
990
749
487
722
116
381
146
109
697
229
732
952
116
500
146
109
180
749
911
48
116
586
51
508
109
525
970
842
586
443
505
251
109
336
229
376
2033
2915
3439
4216
1502
2915
3696
4325
1874
2257
3210
4584
1703
2603
3996
5010
1812
2257
3485
5000
2046
2421
3403
5028
1607
2818
3887
4907
1392
2990
3624
4620
1481
2857
3530
4484
1412
2177
3097
4572
1412
2232
3654
4998
1424
2333
3212
4348
1753
2677
3225
4839
1435
2573
3529
4600
1824
2881
3534
4254
1348
2130
3319
4957
1270
2432
3964
4254
1814
2521
3260
4653
1250
2820
3639
5036
1270
2371
3868
4536
1996
2850
3442
5036
1824
2463
3552
5036
1354
2393
3197
4626
1849
2946
3091
4536
1610
2169
3604
4708
1211
2884
3604
4352
1263
2881
3671
4134
1057
2324
3534
5025
1291
2629
3167
4933
1947
2130
3862
5037
1998
2881
3862
4134
1996
2629
3861
4690
1986
2257
3442
4543
1573
2822
3979
4358
1573
2516
3979
5069
1573
2090
3410
4364
1878
2064
3539
4927
1753
2529
3256
4497
1666
2863
3964
5027
1937
2406
3264
4106
1985
2997
4069
4593
1412
2724
3424
5014
1385
2257
3580
5038
1985
2794
4069
4954
1424
2610
3311
4680
1753
2767
3598
4940
1910
2257
3922
4352
2045
2787
3104
4687
1996
2550
3168
4198
1367
2283
3557
4230
1318
2208
3212
4656
1783
2060
3662
4244
1057
2686
3280
4998
1846
2405
3370
4843
1059
2686
3097
4873
1057
2418
3370
4481
1291
2702
3216
4282
1722
2130
3978
4869
1769
2697
3149
4270
1878
2841
3979
4615
1878
3069
3684
4568
1412
2279
4006
4743
1409
3070
3414
4306
1784
2463
3152
4873
2010
3028
3333
4961
1291
2130
3708
4728
1352
2090
3736
4854
1835
2324
3951
4919
2015
2912
3829
4810
1696
2333
3198
4971
1327
2907
3741
4324
1573
2380
3662
4868
1878
2199
3216
4200
1878
2398
3816
4839
1412
2691
3758
4322
1984
2130
3844
4626
1412
2061
3277
5046
1412
2186
3591
4843
1681
2609
3494
4626
1147
2484
4065
4664
1257
2933
3280
4097
1436
2946
3367
4308
1257
2415
3741
4353
1567
2075
3254
4382
1237
2660
3734
5067
1996
2491
3734
4691
1348
2282
3502
4551
2024
2082
3489
4998
1609
2799
3821
4408
1348
2784
3319
5107
1227
2082
3583
4306
1227
2817
3583
4149
1340
2799
3187
4344
1839
2282
3092
4656
2011
2433
3861
4149
1057
2906
3600
4320
1751
2510
3741
4692
1812
2433
4078
4726
1684
2257
3329
4248
1412
2521
3080
4691
1739
2721
3763
4904
1412
2525
3305
4691
1806
2050
3219
4904
1610
2192
4029
4212
1838
2119
3588
4348
1849
2149
3577
4241
1057
2149
3375
4508
1215
2484
3940
4895
1694
2371
3673
4997
1270
2660
3990
4233
1878
2841
3529
4589
1739
2283
3862
4215
1838
2424
3909
4873
1270
2697
3500
4637
1940
2829
3783
4478
1250
2462
3398
4536
1270
2133
4056
4708
2047
2257
3273
4558
1424
2514
3491
4727
1270
2857
3343
5068
1516
2697
3126
5036
1270
2817
3398
4376
1489
2968
3774
4317
1250
2561
4042
4872
1412
2629
3864
4814
1412
2922
3889
4779
1348
2233
3359
4884
1874
2881
3742
5108
1824
2629
3414
4536
1424
2230
3684
4430
2001
2550
4091
4281
1874
2550
3914
4536
1651
2091
3095
4358
1564
2364
3862
4119
1783
2750
3880
5005
1424
2581
3924
4472
1830
2498
3119
4799
1866
2608
3363
4521
1779
2660
3986
4393
1105
2406
3924
4578
1250
2100
4069
5040
1874
2550
3947
4850
1105
2406
3515
4257
1445
2915
3918
4220
1778
2915
4090
4702
1778
2516
3647
4133
1778
2874
3523
4167
1294
2257
3918
5086
1684
2242
3101
4317
1739
2136
3092
4732
1737
2563
3619
4402
1211
2899
3949
5097
1455
2563
3123
4113
1445
2890
3092
4785
1814
2136
3741
4216
1461
2915
3442
4766
1778
2890
3297
4232
1778
2484
4041
4796
1424
2821
4041
4592
1250
2937
3324
5044
1753
2849
3606
4098
1691
2647
3212
4626
1764
2057
3964
4332
1331
2421
3398
4977
1780
2277
3924
4970
1588
2225
4052
5087
1291
2815
3174
4463
1920
2717
3536
4117
1610
2964
4052
4461
1735
2257
3932
4770
1230
2869
3441
5028
1509
2085
4073
4937
1270
2529
4079
4175
1250
2206
3735
4854
1824
2105
3093
4691
1828
2607
4049
4838
1985
2082
3299
4755
1779
2829
3216
5097
1718
2083
3201
4545
1874
2595
3604
4268
1626
2246
3548
4908
1683
2792
3072
4249
1674
2096
3598
5007
1584
2161
4041
4618
1961
3059
3517
5081
1838
2344
3929
4485
1535
2085
3331
4678
1270
2914
3690
4949
1986
2208
4042
5028
1537
2208
3482
4486
1830
2880
3785
4457
1353
2457
3662
4767
1403
2978
3780
4351
1403
2962
3110
4715
1250
3058
3979
4720
1535
2620
3271
4489
1535
2869
3622
4782
1732
2905
3772
4230
1838
2670
3598
4714
1404
2833
3598
4612
1391
2181
3348
5106
1824
2432
3704
4894
1610
2075
3131
4282
1237
2219
3729
4626
1237
2794
3999
4820
1263
2563
4055
4423
1237
2306
3094
4470
1237
2377
3281
4820
1785
2491
3390
4529
1838
2799
3132
4274
1868
2669
3174
4171
1390
2457
3337
4195
1191
2875
3836
5050
1610
2515
3346
4869
1152
2433
3329
4570
1227
2784
3336
4533
1555
2147
3127
4133
1664
2120
3797
4366
1664
2212
3127
4299
1666
2252
3887
4187
1669
2601
3583
4114
1806
2309
3771
4367
2045
2097
3554
4799
1705
2691
3107
4320
1587
2383
3261
4903
1250
2700
3694
5108
2012
2360
4077
4478
1521
2686
3149
5042
2012
2179
3410
5095
1664
2082
3785
4692
1327
2300
3885
4921
1327
2374
3467
4357
1354
2122
3232
4414
1769
2978
3883
4961
1403
2122
3780
4651
1174
3021
4083
4457
1250
2122
3410
5070
1800
2864
3684
4935
1407
2466
3608
4430
1188
2561
3736
4484
1291
2185
3950
5018
1404
2300
3850
4949
1287
2552
3149
4927
1535
2122
3704
4506
1410
2498
3868
4756
1610
2395
3919
4705
2014
2432
3535
4157
1910
2432
4022
4383
1123
2635
3687
4200
1372
2700
3559
4997
1416
2406
3531
4159
1841
2103
3502
4664
1852
2928
3354
4498
1123
2516
3138
4516
1712
2915
3527
5103
1779
2642
3182
4626
1599
2380
3588
4596
1057
2904
4090
4500
1609
2415
3168
4904
1372
2380
3096
4725
1548
2660
3525
4777
1737
2351
3995
4500
1123
2090
3274
4641
1372
2484
3096
4725
1123
2721
3588
4099
1610
2296
3201
4766
1372
2661
3542
4523
1718
2920
3109
4100
1436
2352
3866
4147
1974
2550
3367
4198
1372
2817
3324
4485
1718
2457
3840
5062
1412
2296
3727
4298
2014
2257
3670
5063
1609
2561
3238
4265
1263
2664
3541
4807
1754
2616
3225
5003
2010
2844
3429
4487
1824
2352
3590
4773
1369
2762
3400
4916
1416
2758
3157
4326
1918
2727
3152
4596
1438
2429
3461
4807
1849
3044
3872
4940
1824
2801
3109
4666
1785
2589
3235
4233
1291
2616
3398
4100
1813
2136
3840
4281
1746
2664
3367
4153
2001
2509
3996
4125
1057
2619
3696
4421
1227
3069
3092
4125
1743
2827
3349
4281
1565
2509
3211
4254
1860
2407
3367
4618
1664
2933
3400
4907
1188
3035
3542
4875
1838
2759
3340
4197
1813
2485
3914
4411
1915
2815
3554
4422
1410
2552
3293
4855
1759
2573
3684
4287
1759
3022
3859
5108
1743
2225
3098
4817
1798
2544
3398
4684
1664
3047
3790
4317
1664
2750
4033
4615
1664
2484
4064
4544
1764
2150
3514
5012
1813
2968
3182
4335
1878
2922
3202
4561
1270
2206
3080
4990
1610
2700
3542
4859
1610
2225
3845
4911
1250
2738
3274
5010
1565
2255
3111
4792
1565
2514
3951
4296
1838
2147
4013
4111
1664
3022
3137
4763
1838
2552
3506
4906
1813
2887
3996
4145
1813
2660
3280
4911
1270
2436
3704
4165
1610
3022
3859
4657
1610
3001
4006
5011
1743
2487
3188
5050
1798
2968
3570
4173
1711
2321
3552
4770
1955
2869
3600
4763
1188
2277
3639
4907
1291
2699
3468
4608
1764
2062
3341
4621
1354
2206
4072
4337
1057
3011
3293
4873
1610
2964
3997
4370
1874
2130
3283
4242
1250
3015
3569
4370
1250
2341
3827
4838
1597
2627
3211
4473
1620
2133
3283
4478
1620
2386
3359
4339
1288
2459
3359
4914
1211
3014
3185
4220
1191
2176
3106
4799
1081
2758
3745
4106
1984
2238
3359
4522
1250
2460
3604
4289
1814
2360
3677
4864
1402
2105
3822
4625
1565
2635
3452
4948
1455
3063
3710
4299
1402
2956
3101
4906
1211
2482
4093
4220
1674
2822
3597
4612
1270
3038
3092
4117
1610
2971
3671
4430
1674
2383
3523
4770
1250
3038
3856
4841
1824
2360
3685
4544
1674
2849
3440
4430
2044
2344
3611
5081
1753
2333
3107
4372
1691
2215
3430
4665
1838
2283
3385
4664
1830
2324
3866
5076
1424
2577
3634
4814
1270
2371
3914
4893
1874
2577
3671
4215
1424
2972
3523
4443
1626
2772
3634
4971
1824
2215
3914
5081
1455
2937
3684
4275
1824
3007
3949
4507
1348
2561
3157
4226
1931
2607
3504
4182
1526
2176
3123
4866
1947
2150
3575
4428
1455
2825
3933
4337
1666
2936
3675
4112
2032
2176
4007
5106
1947
2972
3398
4971
1925
2850
3607
4866
1666
2185
3940
4593
2032
2857
3970
4699
1424
2907
3559
5010
1878
2371
3619
4483
1385
2660
3211
4821
1915
2462
3581
4906
1610
2723
3323
4691
1403
2432
3266
4536
1604
2257
3219
4271
1555
2459
3916
4782
1915
2137
3872
4589
1661
2642
3523
4821
1403
2906
4069
4415
1250
2354
3260
5005
1250
2610
3861
4254
1996
2137
3598
4489
1691
2137
3598
4919
1838
2610
3269
4971
1246
3034
3523
4739
1246
2134
3201
4907
1555
2334
3137
4216
1874
2214
4041
4402
1436
2214
3523
4954
1403
2610
3771
4636
1250
2268
4069
5056
1824
2610
3845
5108
1555
2869
3751
4096
1455
3063
3260
4796
1812
2890
3523
4957
1814
2430
3219
4776
1838
2333
3419
5005
1915
2633
3348
5007
1270
2170
3598
4893
1424
2130
3627
4254
1525
2130
3523
4415
1304
2231
3647
4266
1597
2610
3873
4820
1597
2938
3266
4729
1874
2610
3244
4608
1691
2317
3142
4216
1838
2283
4048
4407
1915
2938
3352
4216
1915
3047
3523
5043
1436
2681
3907
4281
1610
2552
4069
4374
1874
2169
3502
5005
2042
2806
3647
4241
1555
2415
3801
4864
1565
2727
3559
4241
1824
2869
3142
4289
1838
2354
3329
4941
1813
2386
3800
4748
1813
2393
3260
4407
1412
2738
3468
4196
1270
2394
3202
4315
1610
2394
3521
4125
1610
2767
3724
4800
1250
2356
4006
5097
1597
2993
3660
4647
1651
3008
3138
4193
1982
2921
3141
4424
1029
2109
3632
4200
2010
3063
3398
5011
1996
2395
3810
4864
1610
2692
3166
4820
1191
2971
3238
4905
1812
2375
3727
4424
1610
2340
3810
4457
1385
2642
3098
4961
1250
2394
3936
4159
1597
2097
3241
5070
1996
2317
3447
4407
1812
2429
3512
4907
1270
2245
3565
4382
1996
2489
3925
4489
1403
3029
3530
4720
1409
2484
3280
5102
1455
2550
3547
4905
1353
2344
3624
4494
1830
2833
3247
4902
1993
2525
3907
4536
1874
2088
3856
4349
1936
2590
3710
4826
1812
2607
3523
4673
1874
2568
3325
4296
1996
2489
3639
5070
1947
2429
3990
4982
1585
2942
3166
4795
1812
3051
4064
5109
1812
2921
3096
4955
1683
2604
3675
5070
1830
2257
3551
4410
1610
2346
3363
4442
1993
2277
3297
4371
1743
2333
4004
4615
1555
2801
3541
4942
1664
2330
3242
5050
1660
2521
3529
4903
1764
2215
3327
4931
1404
2833
3987
5052
1287
2735
3965
5110
2010
2996
3704
5087
1610
2775
3986
4377
1610
2283
3333
5079
1564
2986
3238
4971
1250
3029
4000
4705
1565
2406
3307
4604
1860
2531
3398
4460
1669
2642
3859
4539
1838
2717
3260
4677
1404
2121
3506
4244
1287
2134
3310
4387
1896
2967
3661
4221
1610
2618
3434
4422
1610
2383
3684
4500
1250
2939
3901
5096
1028
2224
3608
4671
1753
2457
3109
4983
1753
2979
3398
4536
1753
2968
3327
5036
1838
2249
3636
4340
1838
2968
4052
4543
1813
2565
3243
4671
1191
2165
3339
4338
1410
2467
3327
4536
1739
2717
3297
4545
1250
2054
3236
4708
1878
2360
4042
4472
1365
2925
4055
5036
1753
2978
4005
4773
1359
3066
3979
4583
1537
3021
3436
4971
1537
2406
3636
4733
1830
2459
3198
5105
1270
2418
3915
4657
1739
2514
3467
4576
1353
2074
3260
4881
1739
2890
3359
4794
1250
2347
3603
4254
1504
2912
3260
4633
1753
2238
3260
5011
1753
2332
3831
4543
1537
2371
3260
4473
1838
2165
3636
5037
1814
2746
3091
4422
1270
2097
3706
4873
1739
2557
3414
4222
1369
2415
3829
4481
1947
2986
3607
4440
1743
2881
3331
4600
1565
2912
3598
4792
1664
2915
3928
4288
1170
3066
3513
4266
1592
2904
3104
4942
1123
2498
3534
4349
2014
2459
3598
4766
1975
2926
3801
4476
1910
2962
3842
4829
1754
2915
3598
4676
1123
2915
3497
4193
1910
2250
3253
4953
1754
2257
3523
4215
2014
2347
3443
5085
1910
2568
3523
5040
1412
2194
3955
4764
1984
2674
3529
4792
1812
3007
3202
4333
1830
2825
3734
4549
1455
3063
3764
4785
1838
2980
3632
4554
1868
2511
3384
4916
1193
2746
4090
4799
1610
2945
3590
4702
1828
2689
3428
4888
1250
2346
3870
4459
1250
2579
3523
5042
1753
2579
3523
4105
1864
3066
3348
4416
1691
2945
4077
5082
1681
2529
3753
4281
1868
2590
3529
4232
1915
2764
3634
4988
1915
3050
3235
4988
1610
2748
3324
4416
1610
2697
3291
4961
1610
2874
3982
4641
1396
2350
3766
4919
1386
3041
3073
4939
1854
2915
3223
4266
1985
2973
3443
4838
1984
2093
3572
5050
1424
2937
3101
4505
1824
3043
4083
4993
1874
2049
3953
4651
1984
2866
3507
4796
1424
2633
3148
4373
1824
2093
3598
4164
1528
2760
3619
4796
1779
2915
3369
4885
1718
2608
3598
4774
1985
2633
4032
4152
1718
2057
3598
5095
1270
3007
3708
4532
1230
2922
3702
4134
1560
2085
3504
4436
1191
2235
3822
4363
1683
2320
3101
4272
1737
2993
3096
4807
1737
3045
3500
4216
1567
2057
3115
4402
1841
2769
3532
4241
1436
2697
3429
4961
1191
2575
3325
4888
1211
2470
3672
4421
1737
2715
3974
4459
1123
2933
3310
5085
1455
2935
3988
4368
1436
2575
3260
4336
1824
2088
3325
4317
1703
2965
3988
4346
1788
3043
3579
4873
1263
2191
3623
4443
1993
2097
3884
4501
1610
2991
3585
4236
1436
2230
3270
4839
1703
2788
3740
4905
1996
2848
3182
4125
1406
2741
3406
4598
1878
2438
3890
4854
1365
2330
3979
4243
1366
2494
3780
4514
1878
2252
3370
4553
1753
3070
3681
4617
1730
2921
3529
4463
1840
2432
3434
4402
1412
2536
4055
4548
1910
2432
3787
4251
1754
2257
3436
4097
1754
2130
3598
4418
1123
2638
3175
4523
2014
2206
3241
4806
1222
2660
4085
4337
1222
2404
3836
4792
2014
2406
3310
4097
1753
2762
3375
4561
1812
2640
3384
4904
1136
2332
3598
4242
1436
2260
3092
5009
2014
2347
3475
4243
1555
2345
3682
4459
1123
3046
3152
4609
1567
3045
3366
4841
1610
3064
3343
4440
1610
2724
3644
4807
1191
2057
3900
4474
1191
2300
3189
4838
1838
2464
3710
4784
1263
2246
3523
4512
1263
2346
3649
4113
1812
2321
3209
4236
2006
2168
3576
4519
1703
2467
3659
5009
1555
2274
3778
4473
1604
2432
3787
4382
1814
2380
3636
4660
1739
2249
3636
4561
1270
2333
3839
4436
1975
2857
3208
4164
1975
2699
3229
4482
1975
2346
3311
4181
1109
2329
3581
4599
1683
2801
3639
4361
1830
2186
3097
4872
1250
2406
3507
5066
1993
2579
3403
4205
1610
2771
3436
4205
1610
2489
3887
4646
1270
2121
3704
4319
1535
2399
4053
4860
1365
2314
3924
4184
1537
2765
3212
4788
1878
2837
3738
4734
1133
2978
3721
4997
1604
2850
3721
4316
1627
2686
3499
4583
1878
2794
4024
4244
1878
2208
3205
4251
2012
2660
3738
4741
1878
2208
3384
5090
1250
2978
3458
4692
1250
2514
3839
4788
1353
2244
3410
4722
1878
2753
3835
5105
1318
2329
3796
4739
1814
2589
3511
4121
1737
2868
3598
4653
1837
2406
4089
5094
1307
2432
3393
4583
1412
2536
3567
4903
1412
2921
3387
4807
1412
2631
3477
4608
1307
2604
3348
4352
1250
2657
3610
4393
1307
2311
3135
4298
1436
2156
3395
4393
1191
2921
3740
4193
1779
2890
3687
4523
1737
2966
4030
4459
1737
2262
3817
4523
1567
2348
3675
5032
1307
2669
3619
4459
1436
2529
3381
4224
1191
2762
3092
4692
1409
2881
3094
4227
1409
2380
3532
4147
1828
2380
3734
4640
1739
2764
3633
4592
1436
2651
3890
4738
1270
2579
3995
4337
1191
2764
3741
4167
1838
2769
3561
4672
1828
2850
4052
4755
1681
2740
3624
4193
1669
2784
3627
4725
1824
2799
3816
4961
1409
2088
3820
4626
1409
2840
3178
4866
1250
2347
3403
4512
1250
2945
4032
4752
1412
2156
3899
4834
1211
2130
3590
4717
1412
2538
3256
4768
1412
2250
3685
4646
1409
2332
3598
4570
1718
2899
3947
4988
1828
2347
3175
4193
1828
2445
3583
4897
1737
3023
3820
4151
1567
2276
3512
4140
1409
2689
3217
4227
1739
2874
3598
4317
1191
2257
3899
4657
1814
2859
3504
4332
1828
2521
3324
4265
1455
2538
3210
4739
1975
2372
3223
4216
1669
2939
3889
4380
1409
3028
3671
4242
1455
2579
3893
4324
1409
2925
3818
4352
2045
3024
3248
4665
1828
2691
3827
4592
1812
2672
4070
5027
1681
2802
3670
4468
1191
2276
3209
4768
1718
3003
3687
4488
1838
2276
3257
4281
1263
2347
3456
5020
1669
2771
3210
4393
1396
2789
3229
4447
1270
2321
3829
4918
1597
2946
3536
4903
1753
2337
3205
4347
1250
2793
3210
4573
1250
2253
3884
4727
1739
2225
4008
5094
1270
2579
3558
4385
1683
2484
3216
4358
1627
3023
3504
4251
