895
692
198
904
23
88
355
764
355
834
109
414
579
846
175
224
127
438
999
186
702
175
227
761
767
847
226
539
217
500
217
574
764
813
764
493
176
855
24
692
881
881
116
904
764
787
414
186
438
846
175
224
957
579
441
702
349
227
127
93
894
136
418
136
411
136
733
579
579
315
193
315
787
315
379
315
633
136
161
136
692
670
700
15
743
931
261
88
207
379
136
355
136
896
790
579
15
743
708
315
136
414
186
438
468
712
998
763
692
881
93
287
431
904
847
438
539
416
37
175
224
847
438
903
700
249
743
999
569
998
763
417
119
780
608
908
692
881
910
575
739
834
468
592
430
431
763
999
908
579
700
763
763
696
784
847
119
617
824
360
458
423
186
974
824
903
700
1014
286
847
438
430
824
1014
78
847
974
10
342
903
1014
975
142
847
438
468
177
782
782
974
824
110
579
605
824
110
1009
362
905
362
180
692
881
847
881
733
52
824
1014
1014
261
142
78
78
78
78
142
761
777
971
692
1014
287
543
847
379
597
998
824
1014
1014
767
579
535
824
1014
979
321
847
438
569
430
824
321
286
847
579
824
458
82
458
416
847
438
998
824
360
458
847
908
763
579
458
743
93
186
438
51
468
468
592
1011
950
670
780
254
93
475
186
569
430
780
360
608
608
186
569
430
458
458
254
458
605
569
430
763
227
634
999
908
539
579
539
254
93
381
93
847
119
569
468
542
1011
620
700
430
575
743
575
878
96
633
688
878
688
233
688
692
692
881
535
719
575
88
93
787
93
787
847
710
620
579
430
360
575
904
739
569
468
51
379
668
430
224
908
579
702
254
800
358
800
381
800
381
800
355
800
847
579
226
846
224
714
93
797
216
999
119
846
175
224
761
790
579
136
326
136
136
136
127
136
957
761
957
620
999
119
702
702
999
617
702
175
186
780
763
175
608
777
579
780
175
575
326
878
688
688
82
688
688
688
761
790
535
780
763
634
608
634
608
510
847
186
176
468
176
790
700
430
430
539
175
999
226
175
227
999
974
482
579
700
764
743
999
743
18
37
846
175
224
411
999
999
579
535
175
227
254
999
847
592
846
692
692
224
999
908
579
535
227
172
93
999
119
617
846
175
224
176
999
692
692
535
533
227
93
787
847
438
477
1257
2585
3502
4385
1257
2796
3535
4556
1838
2640
3291
4470
1915
2983
3610
4256
1612
2638
3699
4240
1427
2860
3403
4388
1998
2762
3832
4322
1610
2608
3921
4796
1985
2928
3959
4820
1838
2767
3175
4155
2045
2609
3413
4994
1993
2640
3826
4800
1409
2921
3927
4512
1998
2184
3778
4796
1985
2767
4074
4875
1838
2609
4047
4197
1707
3010
3549
4912
1526
2848
3126
4128
1610
2860
3925
4702
1682
2380
3963
5031
1412
2608
3231
4233
1535
2764
3115
4900
1626
2115
4083
4551
1535
2352
3315
4236
1718
2257
3676
4120
2007
2672
3413
4874
2007
2672
3984
4133
2007
2697
3498
4874
1985
2859
3959
4171
1519
2604
3515
4392
1788
2727
3826
4167
1083
2993
3869
4422
1452
2912
3847
4866
1409
2269
3930
4619
1669
2529
3609
4350
1669
2770
3657
4874
1396
2244
3142
4648
1610
3012
3880
5108
1669
2129
3805
4965
1694
2696
3296
4856
2007
2264
3786
4173
1910
2770
3251
5105
2045
2260
4003
4360
1707
2770
3625
4242
1409
2848
3119
4855
1426
3022
3930
4443
1452
2767
3719
4660
1452
2727
3719
4581
1519
2882
3925
4455
1426
2111
3095
4927
1867
2260
3504
4587
1707
2652
3506
4451
1136
2384
3531
4873
1426
2952
3530
4755
1707
2105
3586
4424
1136
2639
3864
4106
1426
2380
3715
4175
1925
2260
3586
4351
1610
3064
3291
4634
1854
2640
3949
5075
1636
2292
3995
4187
2045
2647
3929
4242
2024
2767
3826
4487
1707
2918
3234
4389
1636
2487
3676
5056
1669
2921
3413
4579
1828
2851
3251
4337
1612
2609
3985
4389
1925
2123
3413
4953
1636
3010
3567
4598
1409
2928
3413
5077
1564
2608
3985
4938
1720
2267
3591
5094
1857
2937
3111
4540
1669
2430
3596
4645
1396
2246
3705
4908
1409
2906
3153
4619
1083
2094
3791
5072
1606
2791
3600
4750
1666
2608
3647
4305
1669
2129
3601
4780
1452
2720
3705
4999
1674
2129
3074
4971
2028
2626
3416
4970
1412
2253
4083
4314
1535
3012
3191
4719
1535
2588
3955
4969
1626
3011
4083
4985
1564
3028
3365
4740
1626
2672
3669
4813
1270
2608
3093
4275
1626
2382
4083
4197
1812
3044
3930
4664
1626
2735
3843
5042
1526
2276
3843
4788
1083
2905
3191
4705
1626
2860
3231
4455
1930
2787
3999
4705
2007
2073
3740
5040
1985
2577
3460
5029
1985
2577
3970
4980
1626
2647
3526
4878
1427
2968
4074
4410
1626
2352
4053
4936
1993
2860
3970
4457
1606
2717
3320
4150
1610
2608
3682
4567
1626
2156
3870
4814
1896
2983
4074
4759
1216
2892
3822
4961
1867
2347
3826
4320
1216
2968
3868
4680
1764
2942
3778
4567
1867
2579
3637
5031
1764
2119
3998
4684
1216
2608
3596
4705
1985
2274
3111
4906
1519
2788
3833
4519
1788
2089
3843
4455
1216
2048
3107
5011
1216
2253
3950
4460
1459
2672
3133
4509
1718
2846
3555
4098
1427
2682
4016
4893
1191
3001
3209
4636
1217
2489
3469
4121
1998
2347
3465
4128
1782
2401
3801
4424
1838
2928
3276
4271
1993
3054
3970
4522
1291
2421
3226
5049
1610
2609
3515
5112
1764
2874
3623
5112
2006
2848
3660
4800
1936
2937
3517
5090
1216
2937
3347
4200
1838
2609
3757
4571
1610
2730
3463
4865
1838
2089
3995
4826
1636
2089
3974
4710
1838
2048
4083
4234
1669
2253
3399
4544
1718
2484
3399
4884
1367
2672
4083
4650
1838
2608
3727
4874
1610
2608
4083
4139
1664
2156
3226
5042
1057
2623
4083
4194
1263
2623
3320
4411
1270
2352
4082
4430
1250
2352
3401
4234
1626
2883
4013
5022
1626
2192
3889
4551
1690
3062
4077
4903
1054
2949
3420
4961
1720
2443
3276
4702
1317
2470
3800
4845
1720
2350
3577
4853
1417
2119
3647
4285
1720
2601
3586
4120
1317
2936
3095
4864
1230
2400
3529
4761
1230
2616
3872
4564
1681
2105
3385
4882
1739
2300
3094
4534
1739
2048
3111
4382
1739
2968
3625
4200
1747
2557
3760
4820
1353
2063
3930
4548
1681
2989
3555
4270
1915
2684
3449
4884
1915
2565
3281
4696
1915
2851
3466
4935
1915
2506
3985
4866
1915
2487
3307
4894
1915
2510
4095
4456
1813
2791
3389
5032
1764
3059
3704
4364
1838
2944
3470
4757
1838
2244
3778
4760
1838
2244
3393
4893
1838
2608
3669
4481
1838
2868
3788
4636
1714
2937
3867
5048
1044
2906
3385
4893
1759
2875
3252
4977
1839
2289
3682
4783
1696
2851
3778
4593
1263
2344
3385
4548
1057
2912
3620
4795
1263
2920
3514
4302
1998
2123
3198
4731
1179
2619
3763
4362
1720
2907
3591
4559
1788
2986
3716
4098
1975
2971
3254
4704
1230
3024
3367
4916
1878
3024
3671
4324
1788
2696
3913
4670
1771
2264
3270
4598
1230
2513
3232
4751
1412
2513
3677
4491
1359
2513
3526
4414
1317
2696
3514
4157
2024
2049
3421
4249
1647
2973
3446
4391
1985
2941
3538
4854
1806
3069
3157
5002
1291
2744
3766
4309
1610
2792
4090
4948
1849
2792
3216
4676
1998
2760
3557
4376
1694
2791
3698
4164
1317
2937
3809
4144
1720
2123
3673
4132
1054
2933
3572
4715
1188
2792
3935
5110
1396
2862
3980
4918
1975
2513
3302
4812
1365
2513
3349
5032
1365
2513
3639
5079
1626
2513
3932
4542
1155
3041
3913
4260
1417
2789
3966
4728
1835
2989
3843
4260
1780
2879
3890
4170
1427
2400
3652
4866
1230
3024
3906
4727
1753
3024
3999
4289
1270
2571
3536
4696
1753
3024
3210
4427
1396
3024
3868
4645
1606
2198
3130
4934
1299
3024
3464
4215
1981
3041
3182
4801
1694
2879
3913
4318
1835
2694
4087
4771
1250
2264
4076
4325
1975
2966
3734
5116
1365
2659
3832
4988
1396
2966
3868
4193
1396
2966
3881
4193
1396
2983
3583
4286
1788
2799
3870
4205
1252
3041
3633
4817
1334
3050
3862
5112
1975
2983
3083
4726
1194
2557
3103
4735
1753
2174
3600
4415
1270
2557
3107
4798
1753
2901
3600
4254
1270
2174
3157
4933
1535
2557
3944
4309
1396
2174
3084
4615
1720
2403
3830
4315
1981
3041
3417
4302
1903
2791
3802
5040
1857
2411
3817
4695
1425
2298
3302
4161
1365
2450
3943
4529
1535
2450
3179
5116
1365
2298
3943
4173
1359
2450
3896
4370
1626
2298
3857
4927
1748
3041
3990
4972
2023
2330
3891
4305
1924
3050
4042
5059
1230
2828
3989
4567
1878
2828
3275
4776
1684
2828
3339
5067
1365
2828
3350
5067
1753
2828
3130
5007
1739
2828
3130
4598
1270
2828
3269
5067
1270
2828
3269
5067
1118
2828
3982
4972
1394
2620
3382
5075
1334
2137
4083
5027
1899
3055
3577
4655
1899
3009
3950
4950
2046
2717
3182
5027
1349
2907
3903
4899
1334
3009
3933
4771
1903
2889
3498
4801
1300
2619
3684
4132
1299
2820
4076
4861
1421
2539
3515
4834
1421
2940
3291
4216
1421
2257
3338
4216
1418
3054
3540
4225
1421
2257
3986
4834
1878
2129
3461
4864
1270
2129
3642
4726
1535
2129
3461
4218
1535
2129
3429
4951
1535
2129
3372
4552
1535
2129
3429
4552
1535
2129
3349
4901
1535
2129
3367
4901
1535
2129
3311
4484
1535
2129
3367
4387
1535
2129
3798
4931
1075
2851
3705
4690
1975
2919
3693
4165
1828
2129
3103
5095
1227
2315
3459
4373
1949
2847
3211
4164
1448
2414
3967
4373
1857
2475
3967
4563
1857
2847
4034
5087
1609
2459
3672
5031
1425
2298
3274
4733
1684
2450
3339
4952
1365
2450
3218
5071
1365
2298
3804
4508
1830
2450
3104
4952
1753
2450
3502
4749
1270
2298
3987
4624
1830
2298
3805
4529
1753
2450
3506
4403
1270
2298
3502
4952
1535
2298
3805
4927
1535
2450
3345
4451
1535
2298
3782
4157
1535
2450
3753
4477
1250
2298
3254
4751
1396
2450
3307
4689
1396
2298
3929
4962
1838
2450
4002
4114
1967
2579
3857
4423
1592
2941
3313
4515
1975
2399
3766
4161
1878
2774
3896
4907
1612
2792
3896
4897
1237
2383
3896
4501
1975
2298
3424
4948
2024
2079
3558
4161
1955
2674
3698
4164
2007
2212
3976
4995
1882
2941
4053
4254
1817
2983
3478
4768
1882
2403
3437
4305
1230
2174
3801
4620
1194
2174
3129
4123
1878
2901
3555
4197
2014
2901
3313
4937
1612
2901
4077
5031
1915
2174
3801
4478
1739
2174
3812
4826
2017
3035
3555
4680
1780
2921
3743
4360
1684
2557
3680
4159
1878
2557
3084
4978
1412
2557
3533
4494
1178
2557
3974
5028
1270
2557
3085
4309
1753
2557
3409
4848
1610
2847
3773
4798
1707
2557
3818
4948
1895
2403
3698
4431
1835
3000
3843
4431
1857
2608
3526
4636
1814
2557
4068
4111
1230
2983
3998
4494
1270
2983
3415
4194
1753
2089
3826
4285
1270
2323
3869
4670
1753
2323
3986
4613
1985
2089
3247
4549
1914
3041
3325
4895
1057
2489
3348
5058
1774
2659
3101
4833
1270
2659
3953
4238
1412
2966
3976
4494
1674
2659
3837
4960
1351
2660
3640
4623
1838
2966
3957
4362
1955
2467
3862
4464
1703
2323
3684
4906
1985
2089
3280
4297
1547
2403
4033
4324
1835
2478
3256
4629
1250
2264
3177
4645
1230
2834
3198
4759
1365
2834
4052
4797
1359
2834
3880
4353
1270
2400
3413
4927
1753
3024
3354
4678
1949
2198
3704
4895
1317
3042
3429
4113
1975
3024
3934
4313
1753
2571
3208
4728
1191
2198
3208
5100
1753
2198
4074
4454
1270
3024
3104
4680
1250
3024
3517
4364
1270
3024
3475
5069
1263
3024
3910
4515
1720
2696
3623
4774
1054
2268
3531
4629
1694
2941
3869
4134
1835
2830
3437
5068
1886
2531
3621
4501
1720
2579
3633
4955
1317
2771
3909
5041
1720
2964
3259
4335
1317
2907
3903
4589
1347
2649
3552
4332
1788
2330
4072
4905
1975
2510
3552
5042
1647
2989
3974
4333
1814
2874
3734
4105
1427
2323
3478
4988
1191
2352
3894
4432
1250
2721
3504
5004
1838
2672
3675
5096
1610
2312
4022
4355
1480
2137
3847
5067
1448
2245
3652
4251
1094
2986
3530
4676
1291
2859
3999
4240
1828
2862
3810
5100
1975
2766
3462
4099
1230
2513
3104
4901
1878
2513
3372
4646
1975
2837
4005
4924
1270
2277
3478
4924
1828
2529
3913
4924
1720
2268
3474
4636
1587
2403
3982
5067
1949
2644
3178
5067
1739
2834
3094
4106
1332
2957
3245
4855
1365
2966
4090
4455
1365
2533
3569
5027
1739
2659
3497
4768
1250
2966
3413
4570
1838
2659
3512
4911
1083
2834
3542
4349
1448
2638
3830
4903
1394
2350
3698
5093
1973
2252
3585
4332
1396
2697
3449
4106
1365
2513
3349
4952
1878
2190
3688
4609
1409
2513
3517
4660
1771
2907
3555
5063
2001
2190
3477
4622
1299
2936
3959
4715
1519
2347
3747
4906
1949
2908
3389
4692
1753
2986
3398
5003
1753
2344
3728
4227
1838
2307
3734
5100
1838
2989
3130
4988
1610
2484
3288
4193
1610
2694
3999
4193
1250
2470
3111
4692
1664
2137
3111
4891
1838
2137
4008
4654
1838
2137
3704
4617
1896
3035
3243
4670
1924
2916
3673
4810
1694
2993
3622
5005
1317
2568
3888
4801
1317
2942
3542
5112
1347
2883
3297
4715
1759
2945
3690
5005
1815
2352
3368
4739
1299
2869
3674
5067
1057
2721
3904
4899
1029
2478
3325
4835
1838
2545
3333
4905
1739
3050
3084
4376
1753
2190
3797
4717
1270
2941
3103
4136
1250
2830
3572
4948
1838
2544
3548
4254
1365
2407
4093
4376
1753
2919
3719
4164
1270
2847
3957
4629
1396
2889
3437
4855
1838
2544
3157
4449
1610
2919
3957
4875
1669
2060
3103
4164
1982
2347
4079
4254
1216
2619
3157
4629
1838
2552
3084
4463
1347
2862
3862
5044
1291
2544
3862
4309
1925
2941
3103
4855
1136
2740
3180
4254
1854
2172
3276
4746
2011
2941
3787
4559
1427
2941
3983
4917
1817
3035
3552
4501
1351
2792
3963
5026
1610
2079
3839
5026
1669
2079
3094
5096
1838
2968
3369
5003
1396
2119
3400
5079
1806
2989
3967
4135
1828
2912
3766
4864
1838
2123
3130
4988
1636
2529
3706
4373
1606
2712
3133
5068
2045
2054
3880
4616
1612
2801
3377
4684
1925
2452
4053
4654
1968
2230
3335
4629
1925
2860
3182
4540
1057
2707
3815
4884
1581
2608
3869
4221
1610
2263
3849
4512
1230
2830
3640
4948
1753
2912
3957
4415
1838
2851
4019
4254
1985
2544
3157
4501
1759
2919
3783
4376
1914
2864
3745
4431
1181
2397
3778
4296
1966
2907
3844
4905
1968
2920
3891
5031
1759
2484
4053
4771
1759
3039
3675
4801
1955
2091
3315
4983
1547
2252
3997
4884
1955
2937
3600
4501
1755
2222
3555
4316
1975
2119
3377
4368
1299
2791
3311
4194
1216
2647
3185
4145
1857
2649
3933
4629
1396
2869
3141
4727
1255
3032
3485
4560
1565
2164
3456
4138
1753
2321
3686
4727
1753
2321
3950
4350
1753
3050
3747
4985
1753
2536
3688
4882
1838
2946
3164
5056
1838
2248
3179
4255
1838
2829
3280
4882
1838
2206
3074
4952
1915
2649
3352
4529
1915
2544
3572
4460
1610
2788
3310
4867
1610
2544
3304
4529
1610
2079
3688
5109
1610
2190
3088
4890
1610
2579
3323
4272
1396
2800
3856
4645
1299
2696
3901
4927
1368
2604
3243
5025
1291
3063
3557
5114
1838
2321
3846
4422
1753
2912
3581
4505
1565
2079
3933
4636
1565
2190
3950
4820
1782
2644
3973
4611
1610
3028
3967
4150
1610
3007
3437
4988
1610
2788
3742
4437
1915
2644
3856
4505
1287
2697
3179
4501
1813
2148
3595
4505
1764
2788
3653
4501
1838
2761
3334
4377
1838
2529
3576
4971
1359
2801
3504
4727
1485
2321
3485
4313
1626
2350
3952
5008
1485
2314
3893
4691
1838
3071
4079
5094
1838
3007
4042
4220
1838
2484
3987
4352
1838
2964
3413
4918
1838
2746
3284
4384
1813
3007
3413
4927
1359
2746
3741
4111
1410
2957
3982
4309
1610
2162
3915
4727
1610
3071
3536
5095
1610
2209
4039
4362
1610
3071
3982
4867
1161
2874
3959
4414
1626
2740
3868
5088
1216
3028
4094
5025
1216
2907
3839
5110
1299
2430
3596
4645
1216
2644
3591
4382
1666
3050
3729
4934
1664
2912
3398
4942
1664
2350
3398
4918
1588
2697
3880
5025
1324
3032
4020
4615
1782
3041
3320
4800
1610
2986
3401
4637
1610
2224
3103
4725
1610
3044
3542
4678
1331
2608
3830
4315
1298
2247
3869
4861
1391
3050
3288
4570
1838
2165
3219
4591
1838
2489
3288
4193
1188
3032
3103
4969
1257
2190
3795
4240
1753
2513
3558
5063
1753
2513
3372
4983
1878
2513
3094
4704
1535
2513
3787
4356
1365
2513
3942
4812
1359
2513
3504
4269
1535
2513
3470
4100
1813
2513
3447
4670
1291
2407
3083
4256
1504
2941
3157
4561
1365
2096
3576
4948
1610
2847
3871
4501
1813
2190
3103
4768
1813
2957
4088
4254
1838
2190
3797
4609
1565
2946
3967
4948
1565
2941
3157
4766
1610
2847
3862
4463
1564
2148
3437
4855
1813
3008
3157
4205
1838
2847
3719
4875
1396
2801
3462
4845
1396
2232
3157
4875
1485
2847
3095
4164
1610
2946
3641
4629
1396
2941
3704
4254
1396
2552
3157
4501
1588
2133
3084
4875
1588
2628
3526
4322
1504
2513
3398
4500
1565
2513
3313
4567
1753
2513
3185
4500
1753
2513
4077
5063
1396
2513
3094
4500
1838
2513
3447
4951
1838
2513
3932
4542
1838
2513
3311
4693
1838
2513
3083
4390
1813
2513
3349
4368
1915
2513
3242
5088
1287
2513
3349
4302
1720
2696
3377
4773
1924
2857
3673
4747
1652
2596
3558
4522
1349
2985
3585
4636
1485
2996
3704
4494
1903
2936
3600
5059
1349
2883
3783
5026
1317
2788
3747
4717
1192
2088
3673
4589
1924
2619
3736
4334
1788
2545
3772
4895
1838
2680
3138
4676
1771
2484
3955
4461
1759
3044
3398
4254
1771
2232
4022
5030
1396
3066
3164
4403
2046
2680
3342
4860
1610
2245
3653
4773
1396
2232
3928
4500
1838
2946
3737
4961
1396
2320
3704
4927
1626
2986
3928
4494
1788
3050
3843
4351
1097
2937
4072
5015
1815
2470
3903
4948
1216
2945
3928
5103
1610
2374
4019
4773
1610
2619
3751
4733
1838
2741
3315
4889
1610
2484
3782
4961
1263
2344
3109
4773
1998
3050
3928
4927
1993
2848
3673
5087
1291
2484
3613
4317
1720
2443
3526
4584
1317
2945
4004
4985
1519
2910
3925
4752
1815
2320
3736
4861
1396
2547
3719
4850
1365
2576
3952
4610
1216
2969
3647
4234
1396
2730
4008
5088
1626
2937
3200
5049
1291
3050
3675
4955
1216
2219
3537
4742
1216
2644
3171
4606
1347
3044
3200
4860
1371
2696
3893
5095
1694
2350
3880
4676
1838
2347
3904
4119
1739
2957
3880
4506
1703
2252
3420
4501
1759
2740
3310
4456
1299
2883
4079
5096
1299
2912
3710
4654
1299
2862
3847
4660
1838
2680
3727
4938
1924
2262
3719
4705
1981
2979
3783
4456
1788
2985
3719
4456
1396
2906
3883
4565
1828
2937
3461
4892
1636
2393
3969
4704
1636
2499
3781
4779
1771
2914
3514
4979
1824
2972
3809
4573
1396
2691
4007
4725
2025
2936
3736
4852
1905
2464
4000
4705
1838
2883
3653
5088
1250
3050
3950
4129
1216
3012
3772
4860
1925
3050
3417
4934
1263
3050
3357
4207
1610
2484
3674
4196
1651
2741
3398
4196
1216
3069
3736
4795
1924
2484
3613
4657
1981
2936
3613
5041
1788
2330
3274
4132
1771
2463
3530
4717
1216
2890
3673
4773
1993
3050
3982
5043
1299
2411
3670
4194
1764
2330
3922
4672
1651
2547
3857
5063
1396
2484
3489
4527
1801
2696
3647
4622
1938
2563
4066
4292
2045
2136
3202
4735
1612
2705
3367
4662
1385
3035
3414
4500
1814
2766
3367
4424
1681
2837
3647
4507
1307
2964
3974
4752
1812
2421
3311
4751
1081
2899
3619
4415
1828
2874
3198
4100
1828
2525
3775
4594
1949
2945
3600
5063
1949
2996
3372
4114
1315
2563
3578
4896
1949
2349
3111
4771
