310
814
358
145
617
750
617
182
955
971
406
568
649
624
590
91
670
591
296
649
413
358
91
491
413
350
352
388
182
169
238
568
614
710
357
620
466
467
172
172
750
534
145
358
91
534
750
649
336
795
91
568
318
296
750
114
318
296
296
318
649
596
298
627
182
75
596
596
10
126
795
568
505
251
995
888
126
795
600
600
600
927
296
114
650
927
296
296
1011
163
466
199
254
406
534
624
358
471
553
296
668
885
231
885
756
428
591
420
730
534
750
48
91
358
91
926
750
549
117
182
358
214
603
596
795
795
497
478
212
596
710
126
466
147
675
595
617
114
114
611
960
980
51
481
24
126
795
497
296
319
296
911
992
51
491
50
583
176
403
466
466
600
600
675
617
992
617
38
980
980
163
199
790
795
458
995
321
286
321
795
321
286
321
286
406
922
126
795
321
286
750
661
413
795
318
497
413
296
640
10
128
661
471
553
33
770
126
795
614
296
614
980
128
117
795
842
921
590
145
358
126
406
835
296
760
885
298
466
994
927
675
927
617
336
163
199
358
199
381
750
126
749
91
873
491
413
944
971
927
927
296
614
974
24
466
128
128
564
591
534
750
358
145
358
318
617
750
126
795
318
722
750
812
114
114
318
358
835
296
542
668
128
571
647
350
596
710
647
627
647
980
980
980
505
922
820
126
888
995
600
600
600
973
980
51
38
980
163
163
126
199
722
624
564
11
114
850
296
238
617
614
617
126
795
467
497
750
296
750
358
91
358
873
534
750
534
409
571
48
597
296
255
212
795
795
596
647
296
974
466
466
251
675
888
600
600
114
795
491
38
980
163
163
163
795
199
497
750
296
238
296
614
491
668
760
641
167
126
466
458
172
458
358
321
114
321
286
321
286
835
24
126
795
760
231
641
167
114
795
591
661
750
661
91
126
795
318
649
238
927
665
795
497
408
927
296
163
163
199
942
199
750
296
413
91
627
238
636
967
816
1011
303
298
126
795
750
729
750
358
91
568
873
750
652
592
10
466
994
675
675
163
163
358
428
497
750
534
413
358
91
358
873
75
750
352
954
795
116
568
171
967
303
777
466
591
750
254
750
358
91
749
873
296
750
381
318
126
835
254
927
617
59
665
795
428
614
296
668
163
368
1029
2733
3892
4907
1257
2851
3127
4151
1785
2932
3572
4744
1820
2516
4041
4256
1952
2757
3470
4246
1689
2190
3469
4295
1905
2866
3984
4911
1849
2776
3341
4341
1960
2397
3201
4454
1159
2776
3572
4919
1369
2096
3619
4205
1952
2941
3596
4948
1051
2792
3883
4254
1950
2776
3369
4254
1159
2049
3685
4171
1297
2212
3369
4205
1491
3059
3719
4553
1280
2062
3269
4379
1973
2390
3307
4740
1192
2719
3446
4903
1167
2980
3699
4299
1944
2583
3377
4246
1608
2380
4059
4796
1592
2234
3302
4100
1938
2136
3813
4767
1591
2513
3866
4752
1098
2353
3253
4403
1445
2913
3761
4820
1445
3066
3426
4363
1638
2155
3323
4394
1288
2660
3148
4210
1778
2485
3560
4584
1255
2102
3264
4729
1067
2513
3939
4746
1785
2670
3179
4729
1982
2349
3939
4841
1982
2643
3790
4729
1945
2270
3469
5091
1952
2882
3766
4729
1968
2552
3226
4505
1882
2919
3500
4370
1960
2630
3555
4242
1905
2860
3761
4374
1167
2133
3909
5031
2007
2585
3727
4337
1317
2399
3726
4453
1104
2647
3929
4949
1317
2253
3933
5049
1515
2253
3966
4337
2035
3000
4094
4436
1690
2460
3253
4532
1955
2085
4053
4281
1612
2101
3202
4661
1436
2390
3817
4215
1559
2963
3116
4164
1963
2206
3180
4671
1938
2459
3937
5105
1709
2474
3604
4629
1193
2561
3086
4345
2024
2528
3883
4939
1636
2660
3393
4815
1743
2206
3967
4248
1025
2561
4093
5035
1526
2129
3602
4891
1841
2129
3994
4651
1832
2129
3677
4220
1029
2826
3705
4289
1027
2129
3446
4507
1567
2913
4063
4220
1982
2129
3230
4581
1217
2932
3705
4387
1027
2105
3148
4198
1427
2932
4007
4275
1288
2749
3581
4874
1691
2557
3927
4389
1832
2773
4056
4171
1820
2872
3187
4220
1067
2333
3984
5064
1027
2129
3406
4542
1940
2129
4083
4971
1820
2401
3761
4500
1081
2190
3826
5044
1081
2913
3148
4862
1820
2384
3114
4457
1820
2401
3974
4225
1945
2401
3545
4439
1067
2470
3116
5030
1832
2048
3842
4946
1067
2513
3596
4554
1832
2513
3485
5072
1966
2129
4016
4766
1345
2544
3403
4845
1914
2129
3105
4284
1519
2971
3934
4171
1669
2884
3933
4592
1905
2447
3691
5009
1945
2462
3931
4171
1982
2451
3116
4689
1523
2243
3631
4171
1485
2544
3927
4171
1523
2968
3413
5117
1523
2276
3924
4654
1777
3008
3984
5094
1895
3050
3764
5052
1209
2142
4093
4970
1291
2884
3842
4549
1777
2884
3698
4715
1394
2214
3259
4660
1394
2628
3623
4715
1959
2628
3623
4119
1959
2985
3307
4455
1959
3055
3307
4927
1700
2628
3603
4950
1788
2467
3822
4322
1896
2946
3933
4484
1567
2393
3855
4619
1396
2121
3087
4533
1270
3039
3913
5087
1915
2307
3913
4884
1409
2660
3943
4776
1828
3005
3468
4583
1674
2766
3252
4490
2008
2848
3631
4553
2025
2339
3925
5112
1083
2996
3083
4676
1828
2910
3244
4225
2034
2928
3340
4202
2007
2874
3399
5108
2046
2470
3478
5097
1519
2508
3168
4999
1587
2508
3109
4776
1047
2767
3826
4900
2025
3044
3280
4334
1585
2575
3600
4511
1592
2127
3701
4222
1142
2643
3939
4633
1943
2353
4064
4517
1458
2218
3441
4168
1445
2066
3450
4812
1567
2157
3688
4269
1461
3003
3094
4802
1998
2714
3753
5006
1025
2243
3348
4440
1832
2679
3367
4537
1647
2499
3999
4836
1350
2571
3665
4675
1081
2808
3883
4567
1051
2782
3115
4779
1025
2782
3393
4640
1263
3014
3841
4707
1998
2154
3929
4274
1217
2122
3478
4686
2012
2303
3232
4305
1327
2528
3140
4772
2012
2455
3104
4486
1059
2958
3141
4895
1191
2589
3179
4396
1941
2528
3291
4916
1350
2891
3378
4659
1510
2406
3615
4108
1678
3053
3709
4645
1437
2571
3319
4353
1961
3024
3137
4544
1838
2513
3220
4141
1567
2379
3607
4403
1257
2211
3338
4281
1963
2911
3578
4225
1963
2911
3401
4704
1402
2955
3691
4532
1961
2729
3687
4487
2004
2832
4095
4618
1437
2098
3939
4433
1098
2055
3101
4124
1209
2091
3610
4689
1966
2927
3319
4141
2008
2671
3602
4610
1940
2349
3319
4285
1584
2740
3388
5070
1936
2419
3461
4390
1402
2074
3208
4260
1961
3024
3663
4122
1674
2834
3450
4122
1277
2616
3625
4727
1690
2925
4064
5064
1955
2277
3805
4875
1925
2609
3088
4285
1925
2452
3756
4318
1412
2332
3245
4506
1612
2660
3923
4406
1674
2269
3119
4651
1606
2646
3119
4574
1606
2464
3119
4295
1490
2782
3154
4382
1945
2344
3623
5030
1867
2549
3890
4402
1931
2986
3890
4662
1801
2646
3690
4215
1597
2934
3876
4687
1346
2862
3744
4943
1694
2823
3251
4534
1404
2642
3778
5003
1057
2979
3142
4636
1924
2889
3428
5059
1188
2082
3890
4224
1594
2802
3952
4705
1924
2419
4053
5089
1427
2577
3154
4477
1257
2150
3558
4882
1159
2352
3914
4549
1694
2508
3526
4334
1349
2119
3783
4889
1981
2789
3783
4170
2023
2976
3715
5037
1928
2985
3890
4835
1777
2961
3824
5059
1911
2920
4072
5094
1981
2728
3890
4477
1886
2800
3839
4970
1592
2680
3737
4196
1503
2214
3499
4795
1838
2773
3296
5090
1526
2512
3623
4695
1709
2185
3251
5093
1696
2331
3564
4225
2032
2450
3119
4829
1427
2531
3896
4225
1557
2223
3990
4449
1998
2788
3805
5024
1104
2762
3327
4356
1924
2788
3522
4274
1777
2968
3333
4861
1300
2165
3919
4806
1700
2990
3623
4414
1300
2531
3782
4782
1685
2833
3386
4625
1700
2985
3504
4830
1788
2990
3880
4478
1700
2350
3251
4751
1564
2638
3313
4559
1975
2616
3080
4432
1759
2191
4091
4217
2015
2410
3818
4826
1291
2305
3116
5026
1159
2514
3162
4681
1694
2186
3603
4844
1188
2629
4008
4835
1298
2126
3876
4201
1029
2910
3909
4864
1188
2897
3653
4184
1404
2343
3876
4810
1780
2399
3542
4546
1653
2735
3966
4184
1188
2879
3893
4934
1858
2135
3715
4931
1252
2097
4042
4950
1959
2105
3932
4861
1893
2073
3529
4698
1075
2966
3583
4179
1230
2659
3640
4531
1030
2255
3957
4193
1437
2834
3119
4709
1315
2834
3516
4911
1209
2659
3651
4709
1974
2966
3820
4698
1682
2730
3832
4692
1312
2101
3323
4595
1779
2983
3116
4721
1779
2983
3813
4633
1994
2847
3549
4275
1994
2660
3819
4292
1372
2516
3998
4633
1985
2323
3441
4633
1599
2127
3998
4264
2007
2342
3095
4150
1974
2680
3335
4980
1438
2628
3200
4288
1712
2048
3705
4234
1797
2323
3072
4702
1797
2322
3928
4349
1032
2383
3084
4241
1580
2383
3600
5091
1548
2202
3955
4122
1718
2101
3826
4171
1718
2323
3813
4980
1312
2583
3813
4692
1606
2834
3634
4540
1637
2074
3732
4812
1067
2529
3984
4704
1982
2129
3784
5091
1938
2289
3171
4269
1678
2857
3367
4507
1412
2394
3142
4924
1067
2513
3253
4687
1961
2211
3253
4542
1820
2955
3311
4266
1945
2464
3148
4163
1952
2269
3923
5046
1820
2857
3623
4296
1945
2464
3293
4953
1519
2260
3880
4111
1449
2312
3629
4358
1360
2482
3485
4616
2004
2571
4069
5030
1098
3032
3570
4358
1945
2899
3894
4606
1928
2936
3893
4145
1547
2419
3486
4553
1547
3055
4051
4739
1347
2462
3913
4695
1216
2971
3913
4723
1216
2925
3810
4646
1083
2883
3373
4644
1974
2884
4093
4814
1690
2214
3084
4440
1637
2577
3288
4845
1035
2577
3942
4143
1417
2918
3373
5079
1115
2918
3888
4889
1777
3069
3888
4972
1081
2227
3705
5068
1042
2751
3572
4938
1612
2424
3620
4501
1396
2719
3593
4578
1812
2549
3414
4695
2024
2111
3514
4477
1612
2096
3243
4970
1081
2929
3912
4681
1963
2190
3224
4337
1402
2513
3311
4814
1067
2513
3631
4716
1938
2242
3253
4924
1963
2594
3927
4269
1936
2585
3702
4285
1968
2567
3925
4592
1047
2817
3142
4695
1481
2567
3890
4474
1481
2558
4054
4695
2012
2424
3206
4507
1327
2757
3428
4829
2028
2800
3598
4714
1396
2432
4032
5075
1257
2804
3610
5100
1331
2470
3736
4487
1025
2878
3210
4331
2035
2360
4041
5037
1217
2665
3981
4373
1335
2609
3671
4695
1998
2549
3156
5018
2010
2230
3727
4301
1694
2528
3142
4251
1029
2874
3327
4970
1592
2571
3240
4944
1592
2984
4059
4556
2021
3014
4084
5063
1820
2148
3688
4500
1705
2180
3937
4695
1067
2379
3921
4695
1567
2733
3790
4256
1820
2401
3905
4948
1785
2190
3586
4948
1982
2919
3905
4796
1081
2528
3469
5091
1678
2102
3302
4704
1961
2127
3832
4672
1402
2603
3517
4314
1452
2333
3372
4663
1044
2544
3367
4739
1960
2349
3107
4423
1857
2349
3637
4752
1936
2821
3903
4443
1936
2884
3807
4258
1996
2782
3883
4436
1452
2225
3623
4098
1452
2856
4035
4348
1886
2775
3307
4423
1892
2096
3270
4419
1720
3014
3237
4173
1720
2884
3893
4985
1054
2860
3329
5099
2046
2557
3547
4691
2035
2889
3771
4705
1993
2352
3653
4657
1737
2142
3342
4755
1392
2323
3581
4503
2036
2586
3401
4942
1844
3024
3755
4113
1647
2524
3474
5030
1455
2480
3671
4895
1785
2963
3462
4423
1905
2278
3242
4931
1638
2714
3375
4245
1263
2818
3967
4226
1915
2826
3515
4341
1666
2913
3555
4751
1391
2826
3399
4289
1288
2507
3705
4838
1098
2459
3609
4946
1526
2204
3324
4269
1998
3033
3429
5069
1905
2926
3264
4364
1982
2573
3264
4364
1938
2689
3615
4644
1098
2539
3600
4679
2004
2691
3331
5009
1098
2957
3913
4651
1427
2386
3603
4946
1832
2577
3469
5074
1291
2800
3141
4704
2006
2856
3928
4245
2017
2355
3705
4961
1784
2908
3241
4599
1785
3035
3620
4822
1608
2677
3529
4773
1938
2601
3609
4349
1098
2516
3126
4360
2004
2218
3999
4663
1960
2771
3322
4843
1192
2588
3600
4825
1886
2345
3156
4924
1287
2425
3495
4407
1981
2789
3890
5037
1284
2462
3876
4414
1938
2401
3324
4136
1938
2671
3323
4729
1778
2195
3555
4192
1636
2941
3630
4220
1815
3010
3288
4184
1426
2307
3984
4185
1519
2350
3315
4732
1519
3023
3322
4678
1481
2671
3478
4977
2034
2452
3133
4676
1368
2990
3965
5110
1607
2607
3777
4830
1607
2162
3970
5059
1903
2818
3673
4324
1394
2585
3690
5110
1394
2162
3933
4786
1371
2990
3824
4384
1903
2986
3414
4771
1903
2162
3777
4962
1700
2347
3674
4537
1403
2126
3982
4324
1931
2976
3198
5056
1057
2971
3107
4135
1516
2549
3889
5050
1561
2693
3715
4799
1659
2700
3824
5059
1959
2628
3577
4171
1788
2550
3951
4221
1867
2665
3736
4320
1409
2154
3464
4334
1732
2154
3458
4143
1928
3012
3673
4436
1499
2907
3690
4934
1928
2325
3782
4332
1628
2467
3268
4755
1349
2320
3095
5110
1496
3047
4053
4351
1653
2976
4054
4606
1928
2325
3987
5052
1035
2979
3719
5056
1703
3042
3462
4145
1739
2264
3615
4278
1559
2527
3338
4793
1938
2821
3930
4275
1545
2613
3336
4423
1892
2561
3616
4347
1998
2720
3119
5018
1746
2511
3413
4731
1617
2733
3776
4891
1737
2950
3939
4224
1854
2856
3905
5103
1915
2121
3181
4395
1782
2187
3129
4440
1849
2475
3766
4258
1998
2213
3177
4767
1782
2171
3620
4671
1788
2501
3156
4917
1287
2964
3559
4855
2015
2803
3399
4971
1206
2626
3399
4892
1759
2638
3369
4177
2017
2577
3595
4460
1567
2847
3628
4316
1042
2611
3994
4891
2004
2513
3853
4136
1938
2513
3625
4226
1938
2186
3291
5085
1191
2932
3264
4319
1806
2140
3358
4505
1998
2932
3923
4262
2031
2133
3133
4319
1782
2561
3317
4451
1963
2513
3257
4647
2004
2206
3807
4409
1098
2377
3492
4393
1961
2147
3492
4286
1490
2678
3098
4474
1402
2638
3913
4108
1998
2333
3990
4924
1588
2971
3990
4114
1832
2527
4067
4396
1940
2507
3806
4459
1402
2746
3372
4422
1427
2290
3639
4704
1832
2689
3913
4490
1966
2140
3288
4852
1287
2872
3187
4974
1849
3023
3923
4119
1167
2331
3619
4820
1867
2933
3923
5011
1354
2981
4014
4122
2004
2102
4069
4289
1680
3024
3321
4741
1915
2136
3664
4457
1841
2188
3515
4285
1940
2802
3184
4389
1915
2802
3925
4722
1669
2802
3562
4610
1179
2898
4065
4363
1690
2140
3867
4397
1457
2180
4004
4549
1815
2192
3604
4554
1317
3008
3288
4128
1584
2201
3675
4117
1369
2332
3836
4480
1368
2889
3522
4780
1998
2956
3270
5041
1696
2591
3557
4800
1589
2429
3506
4526
1188
2459
3270
4477
1057
2176
3413
4681
1626
2985
3610
4264
1849
2143
3398
4608
1216
2544
3673
4296
1298
3050
3876
4346
1653
2411
3782
4625
1653
2419
3824
4184
1349
2869
3888
5005
1394
2567
3891
4311
2023
2976
3890
4384
1777
2628
3904
5012
1700
3069
3653
5041
1213
2624
3984
4784
1592
2670
3921
4381
1668
2257
3634
4100
1938
2333
3461
4965
1868
2513
3663
4952
1908
2513
3475
4225
1709
2190
3912
4965
1689
2349
3293
4507
1703
2140
3623
5009
1427
2226
3964
4366
1940
2230
4070
4323
1764
2618
3375
4856
1690
2170
3119
4542
1807
2464
3388
4549
1995
3008
3585
4864
1807
2536
3185
4924
1895
2088
3325
4924
1327
2052
4084
4690
1958
3021
3195
4478
1327
2418
3357
4606
1327
3071
3944
4810
1867
2625
3104
4771
2004
2432
3143
4390
2036
2380
3423
4970
1437
2124
3262
4958
1283
2675
3079
4855
1475
2659
4003
4391
1844
2966
3704
4513
1437
2126
3492
4283
1490
2659
3434
4114
1030
2199
3247
4447
1779
2596
3323
4139
1779
2496
3085
4149
1372
2984
3263
4617
1599
2575
3246
5080
1712
2415
3308
4733
1712
2415
3323
4159
1438
2415
3955
4159
1438
2415
3865
4277
1438
2983
4028
4216
1682
2296
3855
4731
1748
2345
3673
4150
1720
2983
3631
4307
1996
2393
3624
4989
1230
2848
3743
4873
2007
2618
3522
4185
1184
2787
3662
4494
1327
2418
4012
4334
1958
3021
3335
4203
1397
2467
3486
4276
1397
2467
3300
4876
1700
2995
3558
4539
1916
2539
3287
5040
1978
2834
3564
4391
1961
2834
3229
4647
1945
2136
3913
5097
1982
2563
3264
4705
1982
3054
3603
4322
1081
2496
3959
4360
1412
2499
4041
5044
1067
2513
3529
4752
1674
2055
3691
4403
1402
2729
3321
4220
1075
2176
3450
4641
1961
2055
4093
4220
1257
3000
3913
4874
1982
2127
3311
4924
1982
2671
3678
4556
1452
2079
3934
4360
2046
2857
3291
5096
1347
2462
3966
4549
1714
2501
3824
4950
1083
2264
3737
4100
1683
2782
3447
5011
1996
2646
3923
4957
1452
2111
3600
4748
1828
2919
3826
4679
1216
2791
3555
4287
1936
2481
3923
4266
1925
2654
3600
4662
1925
2170
3119
4790
1257
2333
3461
4753
1147
2770
3536
4523
2033
2073
3456
4544
1490
2838
3984
4816
1674
2503
3984
4894
1147
2215
3509
4826
1832
2899
4084
4179
1940
2349
3135
4475
1936
2349
3637
4266
1982
2792
3698
4424
1817
2349
3763
4177
1452
2563
3870
4399
1147
2234
3327
5010
1606
2891
4067
4974
1960
3050
3119
4383
1690
3008
3625
5026
1982
2577
3951
4705
1905
2188
3657
4246
1952
2771
3293
4525
1291
2968
3372
4546
1188
2577
4087
4422
2025
2869
3265
4111
1491
2097
3462
4810
1221
2941
4041
4774
1737
2102
3469
4120
1567
2421
3625
4345
1975
2584
3133
4200
1186
2830
3619
5034
2006
2618
3814
4348
1690
2314
3235
4532
1828
2782
3989
4175
1703
2851
4004
4455
1257
2941
3641
4136
1081
2824
3469
4470
2004
2563
3434
5004
1938
2275
3372
5004
1555
2971
3429
4285
1940
2349
3323
4546
1936
2190
3317
4673
1886
2973
3776
4947
2035
2607
3966
5110
1248
2164
3824
5087
1167
2568
4000
4955
2028
2996
3535
4938
1678
2112
3945
4368
1815
2841
3503
4622
1791
2949
3501
4482
1368
2346
3310
4695
1835
2455
4052
4175
1167
2715
3521
5096
1924
2677
3942
5059
1029
2868
3095
4810
1893
2073
3311
4729
1619
3066
3264
4796
1142
2513
3450
4289
1142
3033
3367
4756
1678
2063
3463
4394
1963
2827
3620
4323
1028
2919
3151
4266
1525
2414
3460
4345
1785
2827
3548
4162
1081
2337
3255
4394
1661
2460
3996
4748
1689
2899
3939
4965
1674
2814
3790
4663
2033
2516
3980
4663
1067
2563
3441
4663
1445
2984
3790
4225
1982
2671
3281
4911
1945
2847
3937
4497
1491
2079
3174
4415
1982
2349
3869
4117
1820
2481
3515
4651
1940
2856
3281
4834
1936
3066
3269
4593
1936
2985
3380
4978
1027
2741
3929
4996
1936
2860
3449
4691
1960
2849
3621
5025
1905
2613
3777
4318
1882
2815
3727
4855
1960
2584
3937
4776
1982
2386
3822
5068
1938
2996
3790
5091
1938
2890
3865
4542
1592
2535
3663
5069
1081
2568
3372
5091
1567
2824
3937
4773
1555
2336
3116
4802
1217
2397
3369
4249
1874
2049
3957
4400
1737
2267
3440
4144
1597
2792
3669
4285
1427
3033
3939
4322
1982
2693
3765
4924
1832
3066
3429
4476
1606
2728
4083
4099
1427
2333
4083
4147
1940
2935
3429
4878
1427
2460
3865
4914
1081
2190
3865
4943
1838
2513
3297
4581
1674
2129
3292
5091
1402
2074
3208
4839
1961
2239
3485
4781
1490
2380
3633
4942
1966
2728
3959
5042
1743
2620
3552
4664
2032
2949
4090
4462
1280
2309
3600
4820
1209
2105
3633
4407
1051
3047
3777
4125
1160
2913
3552
4245
2017
2728
3600
4270
1455
2264
3198
4453
1211
2455
3543
4983
1664
2233
3861
4583
1998
2221
3135
4677
1788
2826
3109
4924
1998
2386
3928
4156
1788
2536
3138
4896
1291
2470
3388
4860
1686
2127
3504
4636
1619
2733
3912
4809
1142
2413
3116
4451
1778
2066
3302
4705
