151
198
198
375
448
208
375
448
208
928
448
444
208
448
44
208
448
448
208
771
448
444
529
448
444
208
821
821
356
821
821
356
356
821
356
356
821
821
529
448
821
725
356
821
529
45
821
45
45
1003
821
678
45
461
45
45
45
821
830
509
133
393
509
509
448
830
529
448
821
512
356
821
356
356
448
444
512
448
44
208
448
448
208
928
448
538
529
448
44
208
448
44
512
133
448
830
512
448
44
512
830
448
512
830
448
830
512
448
44
208
821
44
512
830
448
45
45
821
45
512
821
821
290
356
821
356
356
821
69
45
821
623
529
821
448
928
529
448
821
529
448
448
928
928
448
821
529
448
44
208
928
448
830
529
448
44
208
448
448
208
505
448
538
512
448
44
512
583
448
583
512
448
444
208
375
44
725
863
448
830
529
821
38
348
231
189
223
231
223
231
72
569
255
255
984
556
394
345
610
858
623
480
610
858
610
858
610
858
610
858
805
814
805
145
942
873
538
750
841
182
91
633
873
649
549
805
653
942
275
270
275
841
275
841
653
841
275
841
275
942
91
805
275
841
841
182
942
942
653
750
653
841
275
841
275
594
841
275
841
513
841
513
841
513
513
303
275
275
932
345
932
275
805
275
805
275
805
275
805
121
805
238
805
478
270
14
270
443
805
14
805
14
805
443
644
348
644
195
231
811
984
807
984
983
841
717
841
717
841
513
841
513
841
513
841
513
271
984
389
275
932
730
932
275
955
805
182
805
443
805
443
443
270
805
443
101
443
9
319
270
270
594
509
403
725
690
560
560
727
560
70
356
69
356
356
583
356
583
165
678
583
418
339
165
165
600
973
560
542
987
163
984
199
841
409
553
826
955
465
231
223
231
223
231
811
641
61
807
471
644
644
231
223
474
223
231
223
231
223
231
231
231
231
737
984
556
610
610
932
814
141
145
141
141
817
932
817
141
141
817
78
817
78
817
141
40
817
817
817
841
817
493
817
841
817
841
805
238
805
770
919
988
141
817
345
141
817
141
238
486
238
553
569
597
915
668
246
641
544
558
807
389
56
921
649
653
358
91
653
805
750
56
653
43
550
152
653
56
482
550
146
805
146
805
550
443
393
393
348
603
112
474
112
231
112
641
807
751
345
368
1895
2275
3462
4431
1394
2442
3497
4802
1991
2102
3784
4800
1232
2166
4072
4919
1607
2443
3937
4985
1481
2815
3078
5049
1345
2511
4028
4732
1160
2937
3521
4800
1903
3008
3843
5042
1160
2818
3352
4955
1995
2168
3839
4484
1775
2525
3919
5056
1995
2937
3924
4583
1775
2694
4054
4132
2034
2701
3881
4835
1723
2314
3924
4853
1607
2564
3928
4853
1675
2608
3824
4332
1515
2162
3935
4800
1607
2937
3987
5029
1515
2877
3903
4962
1903
2735
3903
5096
1160
2649
3869
5049
1903
2119
3291
5118
1160
2644
4087
4926
2000
2330
3951
4120
1775
3032
3933
4927
2000
2506
3284
4830
1775
2478
3952
4451
1723
2506
3413
4919
1723
2945
3904
4985
1723
2945
3078
4170
1991
2868
3335
4460
1607
3032
3935
4720
1232
2330
3111
4845
1607
2616
4039
5110
1232
2168
3352
4437
1481
2262
3727
4733
1995
2608
3325
4889
1711
2671
3824
4830
1394
2990
3747
4934
1515
2925
3959
4919
1054
2612
3987
5049
1394
2925
3951
4332
1248
2976
3778
4800
1394
2411
4072
4120
1991
2701
3987
5049
1777
2748
4053
4853
1991
2813
3307
4484
1394
2748
3778
4384
1345
2884
3296
5094
1394
2748
3335
4184
1607
2644
4052
4184
1995
2351
3952
4334
1345
2976
3778
4914
1777
2800
3778
4926
1515
2813
3585
5037
2000
2748
3335
5108
1515
2419
3843
4763
1248
2990
3843
4876
1995
2253
3464
4905
1995
2612
3778
4099
1371
2787
3673
4919
1895
2608
4036
4755
1371
2320
3935
4374
1991
2623
3673
5041
1777
2352
3901
4856
1991
2860
4053
4971
1995
2936
3778
4800
1347
2608
3111
4861
1995
2937
3950
4926
1394
3012
3887
4835
1589
2048
3903
4889
2000
2976
3237
4332
1054
2564
3740
4862
1884
2821
3933
4150
1884
2585
3335
4386
1884
2452
3912
4654
1895
2411
3951
4322
1895
2868
3987
4624
1232
3008
4072
5115
1232
2442
3839
4654
1515
2942
3940
5110
2025
2694
3987
4830
1995
2351
4088
4800
1622
2714
4052
4334
1895
2626
3740
4484
1895
2510
3804
4170
1884
2329
3107
5094
1884
2407
3585
5118
1160
2968
4094
4145
1995
2735
3869
4845
1248
2990
3674
4593
1995
2714
3887
4821
1991
2612
3847
4845
1371
2564
3887
4876
1991
2506
4079
4337
1723
2791
3843
4705
1991
2307
3928
4810
1607
2791
3530
5110
1607
2800
3530
4654
1607
3008
3078
4120
1895
3007
3585
4150
1515
2877
3843
5018
1995
2877
3843
4424
1160
2860
3901
4931
1995
2168
3365
4763
1160
2608
4094
4810
1884
2608
4094
4845
1775
2701
3952
4876
1723
3017
3843
4853
1775
2253
3296
4615
1723
3017
3928
4654
1991
2608
4053
4770
1903
2936
3577
4829
1991
3012
3335
4800
1607
2649
3843
4830
1903
3012
4052
4926
1711
2860
3869
5115
1903
2968
3804
4926
1160
2877
3778
4810
1748
2510
3500
4747
1160
2419
3904
4747
1371
2990
3987
4661
1775
2748
3284
4661
1723
2787
3887
4961
1248
2452
3198
4810
1345
2452
3335
4132
1723
2748
3777
4132
1345
2162
3843
4876
1723
3017
3778
4934
1345
2209
3919
4858
1995
3007
3335
4770
1711
2939
3933
4926
1995
3007
4039
4835
1711
2694
3674
5110
1371
3008
3987
4926
1160
2649
3950
4150
1394
2818
4042
4770
1160
2976
3940
4120
1995
2452
4087
5118
1775
2671
4005
4477
1991
2544
3804
4955
1991
2612
3338
4150
1991
2262
3447
5049
1723
2818
3725
5041
1607
2564
3824
5058
1723
2421
3521
5041
1607
2813
4039
4985
1607
2544
3824
5096
1607
2649
3078
4955
1232
2877
3950
4835
1481
3039
3951
4900
1515
3012
3869
4955
1160
2825
3843
5011
2000
2735
4053
4961
1160
2990
3126
5089
2000
2787
3698
4835
1775
2608
4072
4810
1775
2608
3987
4324
1991
2612
3843
4889
1991
2048
3237
5012
1991
2976
3191
4814
1991
2813
3778
4654
1991
2608
3901
4800
1607
2937
4087
5049
1607
2330
3843
5029
1481
2720
3166
4546
1481
2857
4008
4120
1481
2262
3478
4927
1368
3032
3778
4810
1515
2119
4094
4150
2000
2925
3933
4120
2000
2925
3951
4132
1775
2694
4039
4132
2000
2791
4039
4460
1723
2791
3904
4919
1723
2330
3676
4119
1991
2694
3952
4654
1232
2162
3942
4460
1723
2735
4094
5079
1232
2877
3237
5110
1903
2224
4094
4829
1515
3017
3111
4625
1903
2351
3987
5118
1515
2330
4079
5108
1417
2649
3747
4774
1394
2925
3747
4845
1394
2944
3869
4240
1995
2452
3904
4624
1394
2119
3530
4853
1723
2608
4094
4810
1928
3008
3951
4961
1903
2928
3764
5058
1115
2478
3928
5015
1903
2421
3270
4315
1995
2672
4039
5110
1515
2800
4054
5056
1895
2608
3952
4498
1515
3008
3843
5029
1248
2623
3673
4436
1995
2992
3747
4661
1991
2825
3869
4985
1995
2925
3778
4098
1723
2937
3904
4810
1589
2701
3942
4862
1723
2619
4079
4702
1777
2925
3924
4661
1345
2976
3778
5058
1777
2748
3778
4451
1345
2976
3335
4850
1394
2748
3952
4898
1345
2976
3952
5049
1248
2671
3413
4431
1481
2860
3903
4800
1248
2937
3959
4985
1481
2649
3909
4150
1995
2990
4032
4654
1160
2771
3542
5037
1991
2860
4042
4624
1160
3017
3315
5110
1991
2608
4042
4845
1160
3017
3557
4810
1991
2701
3997
4876
1248
2253
3198
4747
1675
2879
3928
4763
1248
2860
3542
4145
1345
2162
3778
4955
1628
2800
3810
4839
1345
2877
3674
4132
1371
2748
3725
4934
1481
2262
3764
5012
1349
2748
3950
5094
1481
2649
4079
4654
1628
2314
4079
4145
1515
2925
3933
4654
1723
2990
3365
4705
1160
2544
3824
5049
1991
2721
3950
4332
1777
2944
3982
5029
1991
2735
4008
5058
1777
2703
3740
4845
1991
2813
3935
4810
1777
2942
3530
4413
1345
2942
3403
4845
1349
2942
3933
4876
1345
2579
3725
5108
1895
2478
3747
4830
1345
3028
3778
4771
1349
2477
3942
4145
1515
2944
3297
4950
1884
2697
3325
4337
1515
2735
3413
4810
1554
2738
3915
4436
1368
2608
4070
4510
1368
2177
3951
4800
1895
2990
3843
4242
1775
2276
3935
4875
1589
2860
3363
5041
1991
2942
3498
4314
1991
2608
3270
4950
1991
2813
4039
4373
1349
2162
3843
4784
1607
2253
3747
4170
1607
2276
3950
4985
1607
2649
3740
5118
1515
3055
3869
4150
1515
2119
3297
4119
1995
2925
3839
4620
1515
2990
3725
5108
2000
2800
3478
5108
2000
2925
3951
4384
1775
2694
3987
5094
2000
2945
4054
4835
2003
3000
4008
4414
1327
2276
3592
4985
1958
2693
3319
4971
1327
2815
3557
4357
1327
2453
3388
4357
1327
2552
3405
4885
1327
2649
3433
4559
1520
3021
3256
5069
1327
2649
3405
4320
1327
3000
3405
5069
1327
2979
3537
4706
1397
2800
4088
5058
1884
2393
3673
4670
1884
2667
3950
4800
1991
2818
4077
4412
1355
2208
3736
5028
1878
2485
3509
4826
1600
2770
3755
4696
1257
2561
3381
4180
1396
2693
3282
4242
2018
2289
3303
4872
2047
2770
3957
4287
1455
2913
3811
4211
1961
2770
3195
4671
1402
2770
3195
4586
1083
2655
3811
4331
1674
2494
3323
4481
2044
2289
3244
4740
1982
3049
3661
4507
1081
3005
3393
4339
1083
2176
3811
4781
1083
2333
3811
4801
2044
2731
3811
4727
1083
2468
3760
4939
1083
2825
3811
4726
1666
3049
3086
4289
1083
2393
3811
5108
1674
2494
3246
4287
1606
3005
3591
4444
1424
2482
3811
4614
1984
2770
3649
4183
1526
2693
3978
4939
1424
2494
3847
4656
1083
2537
3458
4526
1825
2966
3662
4364
1409
2494
3770
4846
1932
2494
3797
4126
1083
2905
3315
4575
1824
2693
3867
5017
1985
3005
3751
4444
1828
2770
3774
4372
1083
2156
3811
4987
1984
2770
3200
5069
1635
2895
3320
4217
1083
2320
3811
4919
1828
2693
3554
4510
1828
2693
3323
4813
1825
2289
3323
4803
2045
2693
3743
4909
1984
2693
3637
4989
1825
2557
3996
4579
1083
2937
3171
4320
1930
2684
3415
4320
1083
2693
4013
5072
1932
2323
3609
4414
1985
2693
3977
5017
1669
2693
3313
4535
1880
2693
3076
4285
1828
2693
4018
4236
1828
2693
3609
4881
1828
2693
4013
4461
1985
2770
4090
4288
1984
2882
3757
4180
1083
2069
3276
4429
1409
2882
3441
4444
1985
2895
3439
4217
1985
2680
3977
4536
1083
3023
3323
4731
1828
2693
3276
4131
1985
2770
3205
4724
1825
2289
3226
4373
1409
2882
3200
4868
1480
2882
3271
4648
1985
2882
3917
4183
1824
2983
3811
4524
1789
2882
3091
4731
1519
2496
3811
5081
1828
2693
3076
4535
1109
2859
3774
4690
1396
2859
3811
4387
1985
2868
3811
4510
1351
2882
3200
5119
1718
2596
3289
4387
1529
2402
3076
4788
1409
2693
3247
5017
1409
2693
3774
4120
1409
2693
3600
4298
1409
2693
3974
4461
1409
2693
3126
5094
1409
2596
3946
4436
1985
2596
3639
4234
1985
2196
3541
4697
1351
2770
3978
4567
1939
2253
3930
4536
1718
2693
3100
4989
1583
2596
4090
4922
1119
3005
3662
4853
1083
2861
3175
5039
1529
2623
3515
4183
1351
2882
4024
4410
1409
2882
3126
4296
1718
2882
3977
4599
1985
2882
3315
4217
1985
2654
3977
4698
1396
2882
3917
4203
1396
2580
3399
4738
1669
2596
3586
4410
1828
2772
3275
4849
1828
2882
3554
5049
1828
2882
3231
4332
1828
2882
3418
4800
1828
2882
3694
4800
2001
2882
3226
4591
1479
2770
3293
4276
1985
3049
3175
4616
1237
3044
3662
4648
1237
2997
3819
4324
2008
2770
3180
4731
1771
2473
3515
4217
1480
3049
3082
4098
1480
2491
3175
4112
1452
2571
3754
4155
1718
2491
3072
4115
2028
2787
3833
4648
1771
2937
3905
4276
1409
2576
3275
4524
1771
2644
3833
4637
1409
2089
3609
4637
1778
2089
3399
4392
1438
2143
3503
4120
2028
2168
3999
4174
1831
2787
4013
4364
1480
2089
4059
4809
1949
2434
3757
4850
1771
2859
3320
4155
2007
3007
3498
5031
1771
2990
3637
4455
1949
2702
4082
5011
1937
2809
3469
4480
1947
3032
3660
4240
1585
2945
3250
4846
2028
2935
3171
5022
1585
2945
3320
4699
2028
2789
3897
4414
2001
2608
3815
4644
1831
2401
3924
4676
1299
2568
3815
4800
2034
2192
4088
4463
1770
3023
3542
4332
1947
2478
3081
5040
2001
2192
3804
4457
2028
2419
3276
4119
2035
2343
3777
4934
1352
2277
3252
4809
1481
2162
3815
4771
1048
2882
3613
4949
2035
2976
3747
5072
1635
2672
3130
4999
1755
2735
3668
4176
1755
2320
3376
4885
2003
2623
3189
5022
1327
2120
3183
4734
1327
2253
3198
4306
1846
2134
3785
4233
1218
2424
4090
5036
1218
2937
3506
4740
2003
2905
3259
5022
1846
2874
3662
4917
1409
2056
3669
4578
1409
2752
3441
4209
1409
2283
3441
4695
2001
2874
3600
4242
2001
2923
3392
4217
1094
2196
3363
4174
1722
2962
3431
4563
1237
2665
3441
4637
1480
2861
3878
4591
1480
2283
3130
4600
1480
2693
3897
4963
1480
2770
3116
5100
1480
2440
3290
4759
1480
2312
3290
4098
1480
2806
3977
5067
1048
2882
3290
4946
1048
2946
3675
4536
1880
2882
3215
4916
1969
2647
3669
4149
1828
2048
3276
4911
1937
2729
3320
4189
1937
2540
3577
4536
1237
2156
3843
4650
1779
2312
3791
4360
1372
2623
3553
4839
1985
3049
4032
4567
1237
2923
3175
4800
1237
2821
3175
4697
1237
2585
3811
4248
1237
2316
3515
4616
1771
2787
3291
4494
1771
2608
3811
4637
1771
2585
3726
4987
1771
2905
4032
4575
2001
3043
3275
4322
1599
2470
3420
4461
1599
2868
3212
4802
1985
2644
3603
4332
1216
2923
4059
4208
1589
2813
3976
4494
1635
2420
3226
5038
1771
2585
3659
4705
2001
2192
3978
4332
2046
2682
3783
4800
2028
2937
3884
4233
1589
2401
3606
4616
1347
2564
4032
4446
1347
2168
3694
4893
2007
2860
3186
4671
2035
2937
3777
4896
1347
2938
3831
4720
1682
2874
3291
4875
2025
2293
3671
4637
1589
2936
3777
4862
2000
2830
4052
4852
1589
2162
3903
4810
1589
2192
4032
4589
1347
2489
4034
4320
1347
2672
3933
5008
1347
2119
3778
4962
1347
2156
3309
4801
1895
2789
3993
4994
1547
2506
3719
4654
1995
2567
3420
4399
1547
2968
3376
4971
1347
2936
4079
4305
1589
2937
3376
4620
1054
2830
3474
4759
1347
2176
3887
5042
1347
2552
3831
4332
1895
3038
3904
4872
2035
2330
3903
4233
1995
2990
3778
4194
1554
2096
3777
5005
1347
2877
3884
5022
1589
2791
3783
5108
2000
2628
3839
4707
1481
2884
4054
5110
2034
3009
3557
4170
1394
2489
3951
4196
1884
2877
4087
4926
1607
2833
3952
4332
1690
2868
3338
4853
1554
2990
4087
4926
2035
2868
3901
4985
2000
2248
3778
4955
1368
2248
3577
4106
1481
2644
3413
4170
2034
2579
3843
4800
1589
2990
4054
4460
1481
2944
3413
4332
1519
2162
3778
4800
1991
2944
3413
5031
1554
2320
3088
4128
1554
2162
3843
4150
2035
2868
3843
4705
1368
2091
4077
4334
2025
2735
4077
5040
1995
2942
4054
4098
1775
2644
3409
4437
1589
2825
3903
4119
2034
2649
3959
4119
1087
2564
3924
4414
1194
2520
3546
5023
1168
2111
3662
5064
1409
2978
3086
4617
1864
2208
3645
4217
1770
2514
3603
4545
1825
2882
3662
4545
2001
2650
3206
4194
1867
2291
4045
4636
1867
3058
3460
4536
1327
2644
3613
4221
1958
3021
3396
4108
1573
2208
3273
4190
2009
2077
3792
4761
1327
2052
3436
4461
1327
2052
3436
4966
1958
2346
3410
4899
1327
2564
3076
5095
1261
2168
3410
4198
1958
3021
3315
4374
1958
2588
3410
4742
1958
3021
3575
4653
1327
3036
3636
4810
1261
2277
3979
5110
1755
2649
3919
4896
1589
2452
3952
4792
1755
2262
3653
4460
1931
2882
3819
4592
2035
2192
3603
4149
1755
2564
3533
4799
1327
2612
3944
4150
1958
3021
3297
4620
1218
2581
3979
4334
1327
2137
3405
4696
1327
2225
3405
4221
1218
2612
3929
4429
1261
2249
3231
4150
1958
2185
3979
4184
1327
2275
3405
4950
1958
3021
4042
4595
1327
2052
3778
4681
2003
2905
3774
4734
1397
2382
3782
4919
1958
3022
3904
4414
1327
2052
3304
4334
1218
2581
3410
4559
1261
2905
3778
4906
1327
2608
3944
4931
1261
2905
3557
5036
1218
2905
3819
4720
1218
2861
4024
4462
2046
2860
4077
4720
1409
2770
3503
4364
1528
2491
3460
4737
1994
2588
3247
4208
1771
2623
3822
4370
1396
2792
4090
4178
1257
2049
3884
5017
1480
2336
3224
4189
1985
2517
3959
5064
1874
2496
3757
4697
1396
2320
3600
4494
1985
2762
3293
5004
1718
2744
3304
4427
1372
2289
3694
4192
1637
2184
3363
4461
1123
2750
4051
4293
1824
2727
3811
4933
1910
2506
3539
5096
1396
2767
3420
4320
2045
2575
3293
5046
1910
2588
3811
4907
1754
2326
3076
4794
1874
2470
3389
4759
1396
2609
4018
4325
2014
2289
3500
4407
1910
3034
3226
5076
1240
2882
3811
4302
2014
2317
3609
4116
1910
2782
3752
4771
1754
2230
3609
4147
2014
2289
3694
4727
1910
2782
3755
4911
1396
2767
3609
4584
1083
2224
3522
4183
1396
2770
3924
4942
1123
2721
3210
5017
1910
2770
3138
4326
1754
2317
3569
4339
1707
2946
3210
4922
1257
2848
3210
4312
1452
2166
3226
4449
1707
2205
3686
4325
1136
2911
3081
5046
1754
2770
3645
4753
1707
2481
3210
4473
1409
2063
3135
4942
1240
2946
3811
4853
1669
2770
3465
4768
1083
2848
3494
4575
1216
2945
3946
4243
1519
2911
3259
4239
1409
2564
3644
4147
1409
2352
3819
4484
1216
2735
3403
4558
2032
3044
3542
4809
1240
2506
3686
4444
1669
2911
3081
4494
1123
2693
3331
4942
2014
2770
3819
4352
1222
2693
3810
5017
1416
2770
3819
4987
1123
2770
3819
4309
1910
2770
3819
4270
1828
2095
3838
4180
1828
2928
3441
4773
1669
2245
3867
4761
1409
2048
3642
4180
1094
2664
3434
4773
1240
2672
3281
4853
1206
2762
3532
4500
1973
2727
3515
4320
1426
2848
3441
4147
1886
2464
3829
4671
1892
2289
3810
4698
1426
2473
3554
4317
2006
2245
3498
4608
1703
2506
3928
4648
1886
3044
3498
5087
1892
3050
3303
5063
1878
2759
3610
4606
1557
2942
4006
4414
1392
3050
3669
4743
2032
2813
3810
4494
1216
2905
3303
4700
1528
2665
3811
4134
1312
2752
3458
4800
1994
2185
3246
5087
1985
2277
3246
4304
1455
2861
3726
4697
1779
2861
3554
4161
1438
2225
3811
4631
1718
2537
4024
4253
1985
2505
3082
5064
1984
2208
3754
4161
1424
2525
3974
4161
2045
2077
3126
4901
1984
2208
3974
4369
1439
2684
4045
4759
1599
2494
3310
4217
1985
2905
3867
4340
1751
2701
4052
4474
1583
2178
3721
5049
2010
2150
3232
4853
1666
2874
3613
4817
1409
2978
3597
4936
1480
2629
3675
4824
1583
2775
4083
4481
2001
2209
3675
5069
1722
2939
4083
4203
1336
2939
3684
4530
1215
2989
3843
4307
2001
2581
3721
5031
1352
2277
3599
4878
1635
2208
3754
4175
1097
2912
3815
4302
1148
2225
3818
4925
1335
2820
3715
5001
1775
2618
3715
4592
1675
2225
3580
4125
1949
2820
3659
5040
2001
2456
3997
4759
2035
2877
3849
4800
1589
2091
3530
4955
1335
2672
3684
4332
1481
2937
3783
4215
1368
2881
3921
4839
2006
2478
4004
4906
1352
2289
4056
4985
1626
2672
3599
4278
1755
2994
3447
4954
1755
2870
3739
5069
1755
2701
3924
4364
1535
2177
4032
4801
1327
2277
3656
4357
1261
3022
3979
4877
2009
2257
3829
4861
1261
2937
3961
4108
1755
2665
3829
4431
2008
2233
3596
4618
2008
2356
3259
4831
2008
2733
3988
5100
1892
3055
3498
5020
1426
2705
3284
4335
1947
2470
3498
4161
2032
3008
3810
4732
1519
2787
3935
4319
