151
479
930
538
771
16
162
162
162
816
16
225
264
159
755
273
893
330
878
893
905
688
893
893
688
893
69
723
893
594
312
893
882
191
257
188
479
905
723
312
312
312
312
616
479
312
878
594
479
905
594
479
882
257
257
417
180
667
273
479
291
771
538
392
392
392
392
392
788
392
771
479
723
257
667
479
180
667
436
479
905
723
723
723
771
392
392
788
788
392
392
162
882
725
257
682
180
667
436
479
905
905
723
723
723
723
723
723
723
723
538
392
392
538
257
436
329
667
436
28
291
723
667
723
723
723
723
723
788
723
392
392
771
180
257
479
180
667
764
764
392
438
392
202
469
392
392
788
788
392
392
392
392
329
257
436
771
667
273
764
291
392
392
667
788
657
657
788
788
392
392
657
657
329
257
164
180
667
273
657
469
657
392
392
788
392
698
788
698
392
392
392
392
329
257
392
148
667
217
392
392
392
392
392
257
680
902
902
667
469
682
390
469
682
667
682
682
667
682
392
469
392
392
667
257
495
902
902
153
682
392
667
682
392
667
682
378
667
682
392
152
392
392
392
257
495
436
667
469
656
667
495
656
667
392
469
469
392
667
392
667
469
392
667
257
495
495
902
667
667
656
667
902
902
667
495
656
667
495
902
667
469
392
667
257
495
495
902
667
667
656
667
495
656
667
495
656
667
495
902
667
469
392
667
257
495
495
902
667
667
656
667
902
656
667
495
656
667
495
902
667
469
392
667
257
495
495
902
370
667
656
667
902
656
667
495
656
667
495
570
667
392
392
667
257
495
495
902
370
667
656
667
902
656
667
902
656
667
495
902
667
392
392
667
257
495
495
902
779
667
82
667
902
656
667
917
656
667
495
570
667
469
392
667
257
495
495
902
370
667
656
667
902
902
667
788
392
667
495
570
667
392
392
667
257
495
902
902
370
917
656
667
638
917
667
902
623
667
495
392
788
392
392
788
257
495
902
902
779
917
656
667
917
392
667
902
392
667
495
290
788
392
392
788
257
557
902
902
779
788
656
638
638
638
638
638
392
162
667
512
788
392
623
788
257
557
902
902
779
917
656
375
917
392
638
638
162
162
632
512
788
392
392
788
257
917
902
392
779
917
512
16
917
225
538
917
162
162
16
962
1347
2407
4091
5056
1347
3059
3309
4194
1417
2791
3929
4756
1720
2733
3652
4133
1347
2884
3552
4810
1347
2968
3269
4329
1097
2137
3876
4727
1347
2123
3868
4866
1481
2986
3618
4985
1884
2877
3409
4801
1349
2733
3913
4349
1807
2330
3913
4830
1347
2986
3951
4972
1903
2350
3929
4858
1097
2990
4000
5094
1287
3055
3618
4977
1347
2817
3111
5025
1347
2119
3913
4615
1299
2147
3985
4727
1857
2907
3673
4955
1057
3055
3377
5045
1612
2227
3983
4563
1636
2802
3466
4896
1955
2830
3931
4194
1925
2347
3950
4194
1491
2130
3797
4119
1636
2600
4008
4133
1882
2968
3890
4686
2024
2278
3753
4872
1857
2130
3556
4861
1636
2741
3354
4881
1925
2119
3797
4497
1857
2098
4038
4296
1636
2989
3514
5029
1882
2128
3869
4741
1925
2485
3182
4113
1491
2989
3797
5089
1636
2123
3933
5103
1955
3055
3909
5072
1968
2252
3486
4876
1857
2791
3909
4983
1955
2884
3880
4133
1968
2130
3413
4846
1914
2459
3576
5103
1882
2883
3851
4132
1968
2968
3409
4820
1491
2957
3526
4133
1914
2830
3787
4194
1808
2484
3719
4383
1968
2101
3929
5097
1857
2791
3177
5045
1216
2942
3719
4608
1216
2098
3716
4980
1857
2130
3797
4945
1216
2791
3409
4845
1216
2089
3909
5103
1216
2161
4082
5042
1299
2128
3484
4540
2024
2368
3243
4881
1968
2096
3890
4242
1636
2936
3354
4881
1882
2968
3736
4194
1968
2968
3673
4835
1491
2567
3929
5040
1636
2126
3243
4934
1955
2820
3869
4733
1857
2096
3704
4296
1636
2694
3909
4881
1882
2968
3728
4917
1968
2968
3516
4875
1857
2936
4008
4510
1519
2776
3618
4274
1564
2161
3504
5077
1857
2733
4042
4884
1914
3022
3931
4972
1564
2096
3560
4549
1857
3035
4008
4876
1636
2694
3618
4846
1955
2830
3891
4638
1968
2680
3368
4175
1491
2957
3929
4983
1216
2579
3582
4516
1216
2939
3931
4980
1925
2097
3620
4194
1216
2936
3681
4830
1828
2830
3354
5090
1840
2327
3719
4470
1973
2600
3530
4776
1409
2609
3890
4733
1828
2230
3810
4225
1669
2848
3741
4756
2001
2776
3610
4760
1968
2767
3436
4821
1491
2224
4088
4184
1882
2762
3393
4175
1330
3055
3138
4242
1857
2945
3925
4732
1636
2928
3463
4983
1094
2830
3699
4658
1587
3035
3699
4519
1448
2579
3521
4733
1587
2830
3699
4861
1094
3055
3988
5011
1973
2260
3753
5087
1094
2184
3347
4453
1669
2859
3087
4397
1094
2489
3582
4366
1519
2762
3514
5024
1409
2126
3199
4972
1828
2848
3719
4615
1409
2921
4008
4551
2045
2230
3797
4748
1669
2097
3466
5090
1448
2130
4022
4194
1669
2506
3797
4200
1409
2801
4082
4397
1754
2910
3719
4856
1669
2609
3095
5107
1216
2762
3582
4881
1409
2844
3393
5040
1636
2374
3925
4681
1330
2776
3587
4194
1969
2818
3887
4972
1330
2267
3618
4950
1448
2830
3929
4845
1330
2083
3243
4853
1448
2154
3618
4678
1973
2830
3875
4862
1094
2212
3486
4707
1969
2510
3830
4622
1094
2489
3900
4899
1882
2859
3585
5040
1330
2631
3965
4608
1426
2945
3488
4255
1426
2767
3166
5099
1955
2260
3095
4477
1240
2584
3368
4465
1857
2609
3933
5103
1707
2776
3938
4299
1925
2640
3890
4184
1857
2130
3567
4379
1216
2881
3925
4516
1216
2928
3466
4726
1519
2802
3699
5095
1925
2184
3647
5079
1519
2881
3573
4184
1258
2260
3363
4335
1828
2609
3931
4370
1925
2646
3966
4881
2045
2844
3673
5040
1669
2856
3100
4831
1094
2121
3514
4516
1973
3039
3776
4249
1258
2879
3618
4911
1973
2791
3797
4132
1330
3050
4019
5077
1448
2552
3783
4456
1669
2800
4079
4835
2001
2388
3307
4477
1669
3039
3288
4919
1484
2214
3672
5005
1973
2928
3166
4845
1094
2331
3719
5011
1973
2260
4039
4835
1831
2464
3715
4498
1519
3059
3511
4861
1925
2260
3970
4654
1914
3055
3403
4456
1955
2993
3347
4763
2001
2848
3313
5009
1519
2489
3644
4251
1409
2454
3925
4335
1519
3055
3965
4905
1759
2579
3931
4615
2001
2907
3136
4449
1669
2928
4019
4845
1484
2184
3325
4453
1973
2802
3251
5020
1409
2609
3154
4615
1707
2859
3890
4907
1949
2128
3660
5024
1448
2851
3567
4733
1587
2944
4088
4681
1094
2489
3746
4471
1973
2830
3727
4456
1330
2884
3083
4337
1969
2434
3389
5018
1330
2123
3166
5112
1448
2292
3869
4606
1330
2944
3777
4456
1448
2942
3966
4194
1728
2506
3862
5090
1094
3035
3585
4335
1973
2928
3893
4899
1094
2767
3824
4733
1969
3055
4084
4755
1925
2936
3530
4606
1448
3055
3530
4810
1587
2121
3241
5040
2045
3039
3138
5095
1828
2848
3977
4498
1409
2454
3582
4274
1828
2368
3951
5012
1925
2665
3890
4194
2001
2631
3198
4307
1669
2944
3704
4307
2045
2464
4088
4421
1973
2567
3251
4844
1409
2609
3111
4899
1973
2727
3890
5110
1831
2944
3268
5056
1448
2950
3934
4955
1587
2944
4088
4899
1094
2936
3746
5033
1973
2830
3925
4899
1330
2545
3929
4337
1969
2489
3668
4337
1831
2767
3890
4606
1448
2119
3736
5114
1587
3012
4088
4606
1094
2489
3935
4938
1973
2738
3847
4608
1094
3012
3585
4221
1973
2928
3777
4184
1831
2464
3365
4835
1969
3055
3764
4755
1925
2767
3830
4732
1448
2889
3268
4221
1587
2862
3623
4810
1094
2454
3802
4407
1973
3050
3925
5012
1409
2454
3966
5108
1969
3050
3741
4157
1925
2564
3888
5114
1448
3050
3268
4927
1669
2944
3368
4307
2045
2184
3111
4175
1973
2260
3154
4835
1409
2609
3505
4302
1448
2762
3890
5029
1669
2665
3623
4770
1448
2874
3466
4829
1587
2944
4088
4606
1094
2936
3736
4938
1973
2830
4008
4221
1330
2631
3083
4950
1969
2936
3363
4221
1330
2564
3166
4872
1448
2735
3736
4201
1587
3035
3747
4606
1094
2489
3935
4938
1973
2921
3951
4875
1094
2921
3719
4184
1973
2260
3368
5039
1831
2464
3365
4835
1969
2464
3573
4755
1587
2224
3736
4200
1448
2276
3530
4132
1669
2506
3095
4830
1094
2454
3802
4431
1973
2230
4039
4605
1409
2802
3747
4801
1969
3050
3363
5095
1587
2579
3931
5115
1448
2881
3777
4829
1669
2944
3368
4845
1409
2464
4088
4449
1973
2260
3154
4835
1409
2993
3380
4934
1448
2762
3380
4950
1587
2579
3903
4594
1448
2874
3869
4997
1587
2944
4088
4606
1094
2489
3704
4606
1973
3055
3933
4676
1330
3050
3182
4465
1969
2791
3294
4917
1831
2510
3270
4613
1448
2835
3736
4145
1587
3035
3747
4601
1094
2489
3935
4945
1973
2928
4055
5012
1094
2788
3585
4899
1973
2949
3521
4305
1831
2788
3699
4971
1969
3055
3628
4955
1925
2767
3704
4606
1448
2276
3268
4184
1669
2506
3673
4830
1094
2454
3268
4508
1973
2230
3284
4601
1409
2802
3268
4899
1969
3050
3363
5038
1587
2579
3890
4945
1448
2325
3736
4454
1669
2944
3495
4537
2045
2184
4065
4601
1973
2802
3777
4397
1409
2609
4055
4835
1969
2727
3890
4104
1587
2579
3903
4439
1448
2968
3467
4411
1587
2944
3368
4899
1094
2489
4008
4606
1973
2830
3727
4631
1330
2347
3935
4201
1828
2307
3839
4622
1564
2579
3471
4852
1448
2544
3783
4835
1669
2485
3747
4852
2045
2963
3358
4456
1587
2536
3869
5009
1094
2184
3933
4852
1973
2584
3238
4477
1831
2776
3365
5027
1969
2293
3363
5009
1925
2119
3668
4651
1491
2776
3296
4490
1669
2485
3782
5112
1966
2942
3818
5018
1969
2183
3870
4242
1409
2815
3154
5087
1491
2935
3083
5110
1955
2579
3095
5089
1448
2356
3486
5025
1669
2552
3976
4636
1094
2184
3933
4927
1973
2544
3890
5087
1925
2837
3890
4145
2001
2762
3933
4537
1669
2267
3605
4997
1448
2212
3261
5056
1587
2944
3777
4899
1094
2936
3822
4950
1973
2830
3318
4336
1330
2631
3719
5110
1636
2859
3928
5040
1831
2567
3869
4397
1448
2800
3893
5089
1669
3039
3888
4546
1094
2791
4039
4938
1973
3055
3442
4498
1094
2184
3976
5110
1973
2260
3950
4759
1831
2776
3699
5079
1969
3055
3887
4681
1925
2889
3409
5042
1491
2868
3965
4751
1669
2485
3933
5114
1094
2267
3136
4983
1982
2760
3887
4615
1409
2815
3154
4519
1857
2945
3488
5106
1955
2579
3890
4893
1448
2800
3647
4845
1669
2818
3976
4872
1094
2184
3933
5079
1973
2544
3890
4397
1925
2727
3890
5042
2001
2762
3487
4201
1587
2936
3810
4830
1448
2212
3100
5056
1587
2628
3368
5052
1094
2489
3950
5008
1973
2830
3704
5057
1925
2942
3526
4855
1636
2945
3862
4660
1806
2767
3498
4938
1210
2224
3375
4335
1330
2594
3719
4335
1426
2830
3109
4835
1973
2791
3805
4271
1258
2549
4008
5089
1973
2928
3950
4875
1966
2727
3098
5087
1968
2464
3413
4490
1728
2224
3869
5089
1210
2609
3618
5024
1925
2949
3585
4651
1330
2830
3925
4872
1973
2945
3764
4855
1094
2921
3259
4869
1622
2862
3488
4512
1882
2510
4064
4938
1484
2544
3284
5040
1925
2477
3437
4622
1955
2184
3933
4242
1210
3050
3554
4200
1094
3035
3554
5018
1519
2681
3373
4899
1973
2702
3623
4586
1484
2968
3673
4681
1728
2224
4008
4768
1914
3050
3389
4221
1914
2347
3073
5018
1518
2230
3935
4654
1973
2791
3719
4955
1690
2549
3880
4950
2045
2681
3270
4613
1728
2639
3352
4732
1448
2791
3585
4132
1347
2681
3747
4839
1330
2464
3585
4755
1973
2945
3585
5018
1094
3055
3933
4302
1426
2935
3719
4460
1519
3000
3401
4631
2045
2609
3698
4700
1669
2212
3526
4184
1966
2727
3925
4907
1982
2594
3431
4792
1820
2928
3605
5005
1448
3008
3436
5018
1330
2188
3777
4366
1636
2506
3727
4817
1905
2936
3777
5068
1258
2767
3154
4400
1552
2644
3166
4855
1448
2224
3623
4899
1925
3055
3154
4829
1728
2762
3296
4132
1484
2879
3890
5052
1330
2879
3259
5029
1884
2119
3736
4931
1210
2230
3933
4876
1518
2224
3935
4869
1973
2702
3914
4608
1914
2434
3585
4153
1094
2489
3375
5079
1728
2628
3352
4938
1448
2062
3413
4820
1622
3050
3623
4732
1330
2549
3653
4249
1210
2721
3925
4950
1094
2224
3747
4899
1587
2549
3719
4763
1519
2791
3673
5056
2045
2936
3352
4267
1728
2968
3251
4251
1914
2727
3876
4899
1968
2478
3736
4184
1669
2921
3933
4829
1210
2230
3950
4411
1330
2230
3508
5054
1914
2510
3862
4197
1448
2552
3736
4460
1258
2276
3699
4810
1973
2108
3368
4525
1448
3009
4065
4537
1925
2727
3182
4852
1728
2694
3951
4894
1210
2224
3935
4835
1622
3012
3526
4899
1587
3050
3296
4454
1210
2230
4036
4302
1330
2942
3111
4839
1587
2945
3719
4961
1519
2791
3617
4961
1484
2707
3186
4364
1728
2224
3352
4938
1914
2945
3585
4875
1347
2936
3440
4950
1330
2256
3182
5068
1973
2791
3925
5012
1094
3050
3933
4460
1347
2767
3950
4601
1519
2119
3182
5056
1491
2727
3715
4938
1587
2133
3251
4899
1347
2800
3805
4899
1905
2170
3466
4754
1409
2921
3856
4869
1448
2552
3644
4325
1330
2119
3719
4817
1914
2945
3862
5037
1857
2485
4067
4236
1330
2464
3918
5090
1973
2108
3368
4525
1448
2224
3623
4899
1925
2276
3890
4829
1728
2506
3138
4624
1448
2727
3997
4873
1330
2879
3777
4899
1884
2619
3736
4353
1210
2702
3933
4221
1330
2942
3111
4899
1973
2702
3914
5110
1914
2137
3764
4949
1094
2489
3375
4927
1728
3012
3746
5077
1448
2791
3585
4132
1347
2325
3623
4623
1330
2549
3182
4950
1973
2631
3676
4861
1094
2738
3111
4817
1347
2944
4084
4601
1317
2119
3805
4899
1491
2464
3623
4639
1587
2133
4084
4899
1448
2681
3166
4236
1905
2170
3672
4634
1669
2631
3835
4844
1448
2489
3623
4763
1330
2820
3869
4899
1914
2536
3727
4771
1857
2485
3618
5115
1330
2464
3715
4242
1973
2108
3368
4927
1448
2224
3880
4527
1925
2484
4065
4899
1728
2506
3623
4894
1448
2945
3764
4484
1330
2879
3868
4606
1317
2510
3862
4942
1210
2702
3409
4510
1330
2631
3366
4899
1587
2702
3786
4855
1914
2137
4091
4691
1094
2489
3715
5056
1728
3012
3251
4938
1448
2791
3585
4620
1347
2936
3727
4817
1330
2549
3966
4766
1973
2928
3526
4866
1094
2788
3777
4527
1347
2767
3950
4601
1955
2536
4030
4983
1448
2881
4065
4244
1587
2133
3585
4477
1914
2681
3777
4950
1905
3055
3251
4527
1820
2921
3719
5108
1448
2944
3772
4384
1330
2230
3764
4184
1914
2944
3736
5056
1857
2485
3618
5115
1330
2464
3354
4766
1973
2108
3368
4732
1448
2224
3380
4315
1622
2347
4065
4601
1728
2694
3268
5110
1448
2938
3924
5011
1622
3012
3970
4899
1884
2510
3310
4221
1210
2680
3166
4817
1330
2631
3366
4876
1973
2702
3327
4810
1788
2549
3487
5112
1448
2385
3504
4439
1728
2224
4038
4366
1448
2536
3719
4132
1347
2936
3880
4817
1330
2549
3182
4950
1973
2928
3727
5040
1094
3050
3270
4255
1347
2767
3950
4601
1955
3050
3951
5056
1448
2619
3896
4700
1587
2347
3585
5042
1914
2640
3261
4917
1905
2949
3251
4527
1426
2579
3890
4706
1448
3055
3436
5009
1330
2126
3862
4707
1914
2536
3182
5040
1857
2485
3618
4983
1330
2464
3182
4839
1973
2738
3890
4533
1448
2889
4065
4537
1622
3055
3736
4601
1728
2879
3736
4856
1448
2945
3764
4606
1622
3012
3970
4899
1884
2510
3182
5115
1210
2879
3736
4615
1330
2631
3970
4830
1519
2108
3903
5027
1914
2137
3974
4150
1094
2945
3375
4460
1728
2224
3251
4853
1448
2830
3909
5005
1347
2224
3623
4817
1330
2549
3909
4950
1973
2928
3719
4866
1094
2694
3719
4431
1426
2721
3095
4678
1347
2119
3772
5056
1448
2800
3896
4681
1587
2212
3585
4732
1347
2791
3375
4197
1905
3055
3728
4771
1746
2269
3719
4613
1448
3055
3436
5009
1330
2949
3719
4184
1914
2944
3182
5056
1857
2485
3618
4927
1330
2464
3719
4839
1973
2738
3887
4533
1448
2740
3142
5047
1925
2230
3111
4747
1587
2510
3924
4681
1448
2791
3869
4615
1622
3012
3970
4681
2046
2510
3368
4620
1914
2945
4088
4615
1330
2365
3935
4770
1519
2721
3384
4835
1914
2137
3764
4130
1448
2224
3413
4601
1330
2627
4084
5077
1914
2945
3585
5018
1347
2343
3839
4196
1330
2549
3094
4962
1973
3055
3857
4389
1094
3055
3198
4629
1317
2767
3585
4953
1955
2403
3805
4681
1448
2709
4065
4184
1587
2986
3182
4955
1299
2791
3623
4601
2046
2818
3182
4184
1925
2921
3425
4917
1857
2945
3704
4527
1925
3012
3382
4615
1914
2944
3862
5056
1798
2397
3142
4620
1094
2454
3900
5071
1973
2968
3388
5008
1448
2788
3403
4830
1622
2130
3736
5054
1728
2368
3965
4201
1448
2506
3526
4889
1622
3055
3111
4899
1759
2721
3542
4454
1914
2945
3924
4899
1094
3012
3495
4302
1587
3050
3951
4184
1519
2549
3495
4153
1448
2325
3375
4864
1330
2721
3389
5077
1914
2350
3657
4899
1347
2314
3623
4654
1330
2549
3719
4771
1973
2956
3719
4449
1094
3069
3095
4302
1426
2801
3747
5029
1519
2258
3989
4455
1448
2594
3783
4210
1925
2855
3747
4546
1914
2681
3783
4931
1347
2170
3704
4456
1925
2269
3933
4601
1857
2762
3182
4615
1955
3055
3787
5108
1835
2536
3623
4942
1759
2397
3142
4620
1094
2788
3719
5071
1973
2721
3595
4519
1448
2484
3142
4931
1815
2224
3095
4770
1587
2993
4088
4835
1448
2506
3966
4835
1925
2368
3727
4291
1287
2721
3719
4983
1914
2945
4088
4601
1094
3035
3747
4747
1587
2321
3486
4184
1426
2830
3403
4732
1448
3055
3375
4928
1330
2721
3182
4366
1914
2536
3307
4971
1347
2883
3623
4654
1925
2549
3526
4864
1969
2869
3857
4862
1094
2989
3142
4460
1426
3012
3182
5029
1519
2638
3368
5056
1448
2594
3783
4929
1925
2968
3903
4221
1519
2681
3903
4132
1720
3055
3389
5029
1925
2928
3933
4917
1857
2762
3719
4905
1955
2549
3582
4972
1519
2368
3783
5056
1815
2936
3142
4899
1094
2230
3900
4927
1973
3055
3747
4613
1448
2214
3704
5108
1347
2224
3890
5015
1587
2993
4088
4835
1448
2411
4084
4853
1622
3055
3880
5056
1589
2968
3623
4860
1914
2950
4088
4249
1094
3055
3966
5029
1587
2949
3965
4184
1426
2506
3764
5108
1448
3055
3375
4484
1330
2738
3142
4620
1914
2137
3478
4927
1317
2681
3719
5018
1925
2549
3704
4196
1969
2804
3925
4755
1979
2887
4054
4527
1426
3039
4084
4221
1720
2119
3777
5056
1448
3055
3896
4201
1622
2331
3736
4546
1788
2681
3903
4899
1347
2863
3901
4184
1925
2928
3933
4332
1519
2863
3138
4942
2025
2350
3251
4972
1835
2269
3951
4771
1317
2863
3976
4957
1094
2230
3585
4852
1587
3055
3436
4820
1448
2214
3719
4889
1347
2224
3942
4962
1587
2135
3138
4927
1448
2788
4084
4314
1622
2137
3727
5025
1587
2276
3704
4679
1914
2350
3736
4853
1094
2098
3704
5056
1587
3050
3728
5110
1426
2506
3268
4125
1448
2060
3467
4221
1587
2313
3595
4184
1914
2137
3467
4763
1054
2949
3712
4896
1925
2549
3111
4942
1969
2536
3772
4835
1104
2365
3623
5079
1347
2767
3269
4861
1884
2619
3783
5056
1448
2788
3304
5020
1798
2707
3307
4219
1703
2368
3805
4861
1347
2325
3142
4732
1925
2855
3943
4201
1519
3055
3623
4942
1886
2224
3903
4707
1720
3055
3644
4942
1181
2762
3883
4488
1094
2260
3719
4852
1587
2325
3965
4853
1305
2727
3728
4168
1347
2619
3582
4201
2001
2365
3856
4852
