769
266
546
183
370
371
280
280
622
789
789
695
663
1017
570
570
570
370
371
663
280
364
183
694
695
663
643
898
898
898
370
371
280
757
622
789
789
302
302
769
364
898
898
370
371
280
280
622
789
883
695
663
1017
266
546
818
370
302
663
473
183
694
695
695
769
1017
546
183
694
371
371
280
757
183
789
789
302
769
557
473
898
898
371
663
280
364
183
694
695
695
769
769
898
898
898
371
371
280
473
622
789
773
773
769
1017
546
898
370
371
371
280
473
622
789
789
695
769
643
570
570
570
371
371
280
364
622
183
695
302
769
557
898
898
370
371
663
280
622
622
789
773
302
769
643
898
898
898
370
371
280
622
789
789
695
695
769
266
546
546
370
370
663
280
364
183
213
213
695
769
557
546
183
370
371
663
280
757
183
789
773
302
769
643
898
898
370
371
280
280
364
183
694
695
663
643
898
898
898
370
371
663
280
622
789
773
773
663
1017
266
546
183
370
371
280
757
622
789
789
551
663
1017
570
570
570
371
371
280
280
364
183
694
695
663
643
898
898
370
370
371
280
757
622
789
789
302
302
769
364
898
898
370
371
280
757
622
789
883
695
663
1017
266
546
818
370
302
280
473
183
326
695
695
769
1017
546
183
370
371
371
280
757
183
789
789
302
769
557
473
898
898
371
663
280
364
183
694
695
695
769
769
898
898
898
371
371
280
473
622
898
773
773
769
1017
546
898
370
371
663
280
473
789
789
789
695
769
643
570
570
570
371
663
280
364
183
183
695
302
769
557
898
898
370
371
663
280
622
622
789
773
302
769
643
898
898
898
371
371
280
622
789
789
695
695
769
266
546
546
370
370
663
280
364
183
725
695
663
769
557
546
183
370
371
663
280
757
183
789
773
302
769
643
898
898
370
371
280
757
364
183
694
695
663
643
898
898
898
371
371
280
280
622
789
773
773
663
1017
266
546
370
370
371
280
757
622
789
789
695
663
1017
570
570
570
371
371
280
757
364
183
694
695
663
643
898
898
370
370
371
280
757
622
789
773
302
302
643
898
898
898
370
371
280
757
622
789
883
695
663
1017
266
546
818
370
302
663
473
183
694
695
695
769
1017
546
183
370
371
371
280
757
183
789
789
302
769
557
473
898
370
371
663
280
622
1171
2111
3493
4343
1522
2380
3101
4764
1852
2185
3729
5038
1629
2999
3477
4897
1025
2433
3088
4226
1802
2708
3645
4424
1620
2304
3629
4502
1352
2492
3724
4661
1675
2590
3597
4134
1336
2647
3093
4453
1883
2761
3365
4402
1977
2273
3564
4446
1262
2525
3805
4783
1093
2156
3791
4278
1979
2627
3202
4853
1937
2888
3478
4862
1675
2374
3175
5086
1899
2531
3778
4732
1884
2868
3726
4601
1396
2854
4004
4824
1425
2497
3078
5119
1469
2372
3213
4181
1562
2810
4055
4783
1369
2769
3593
4941
1998
2836
3629
4819
1654
2372
3842
4859
1654
2769
3401
4644
1585
2511
3500
4970
1881
2279
3775
4492
1043
2458
3955
4236
1586
2061
3342
4533
2008
2360
3578
4751
1082
2294
3672
4413
1660
2979
3645
4819
1317
2629
4090
4615
1155
2464
3843
4771
1981
2860
4052
4589
1899
2701
3715
4625
1788
2841
3088
4334
1425
2908
3538
5013
1676
2465
3574
4362
1942
2960
3729
4912
1093
2510
4010
4814
2008
2858
3740
4248
1937
2554
4038
4327
1629
2194
4004
4483
1722
2979
3787
5014
1093
2698
3153
4772
1660
2274
3213
4622
1683
2134
3664
4482
1558
2390
3420
4822
1336
2841
3073
4407
1093
2979
3148
4763
1973
2753
3270
4160
1552
2228
3105
5019
1215
2614
3531
4600
1969
2466
3526
4853
1470
2105
3746
4316
1770
2465
3401
4739
1443
2614
3208
4957
1782
2201
3166
4503
1775
2442
4030
4197
1387
2153
3648
4210
1602
2374
3459
4813
1243
2705
3875
4607
1210
2512
3485
4155
1148
2311
3497
4546
1279
3051
4094
5077
1171
2573
3587
4693
1654
2201
3215
4510
1794
2573
3138
4656
1629
2731
3566
4314
1094
2082
3997
4814
1232
2429
4054
4593
1981
2224
3577
4830
1858
2942
3869
4170
1607
2968
3500
4950
1481
2225
3976
4810
1683
2908
3713
4159
1332
2201
3319
5002
1993
2156
3719
4713
1998
2048
3631
4829
2015
2853
3832
4929
1057
2374
3591
4914
1694
2253
3605
4801
1594
2608
3201
4318
1250
3041
3978
4670
1720
2735
3778
4905
1788
2535
3843
4175
1191
2969
3599
4278
1694
2701
3901
4926
1835
2224
4053
4853
1694
2608
3325
4615
1835
2054
3909
4589
1694
2860
4008
4132
1155
2419
3437
4654
1054
2130
3778
4508
1425
3042
4068
4912
1877
2731
3633
4684
1104
2674
3680
4776
1554
2311
3778
4921
2001
2082
3525
5041
1554
2153
3880
4512
1094
2717
3577
4583
1831
2925
3929
4738
1558
2608
3652
4355
1711
2048
3136
4779
1555
2860
4059
4402
1332
2201
3297
4650
1696
2674
3909
4610
1104
3063
3783
4412
1979
2156
3869
5059
1554
2314
3191
4755
1554
2573
3795
5095
1368
3039
3935
4676
1867
2275
3741
4971
2025
2665
3383
4358
1358
2839
3512
4117
1242
2126
3708
4469
1781
2811
3145
4786
1989
2372
3371
4907
1484
2390
3296
4374
1849
2090
3436
4431
1082
2585
3652
4524
1336
3069
3252
4926
1352
2274
3335
4119
1486
2463
3986
4579
1839
2374
3746
4393
1279
2403
3928
4337
1054
2801
3335
4835
1835
2972
3834
4334
1899
2608
3966
4301
1981
2054
4072
4961
2000
2860
3810
5114
2000
2883
3175
5059
1334
2860
3325
4919
1586
2142
4019
4947
1565
2786
4076
4621
1543
2953
3773
4803
1654
2836
3202
5111
1336
2194
3856
5113
1770
2266
3141
5021
1387
2458
3723
4827
1746
2266
3744
4968
1918
2057
3499
4493
1336
2819
4084
4511
1745
2760
3251
4791
1620
2863
3791
4777
1852
3037
3682
4498
1093
2760
3090
4139
1336
2090
3147
4848
1919
2614
3737
4627
2011
2816
3781
4828
1722
2090
3446
4999
1093
2304
3394
4469
1840
2424
3083
4565
2013
2512
4068
4154
1650
2591
3577
5039
1749
2922
3772
4295
1918
2741
3080
4799
1660
2313
3162
4784
1110
2897
3680
5048
1770
2160
3638
4219
1722
2925
3318
4337
1093
2535
3087
4412
1909
2455
3760
4265
1262
3069
3419
4460
1950
2969
3997
4137
1336
2647
3680
4446
1148
3065
3351
5087
1977
2766
3442
4919
1892
2274
3924
4852
1723
2320
4042
4197
1924
2119
3270
5096
1349
2889
3259
5041
1425
2366
3978
4586
1662
2266
4067
4324
1243
2273
3248
4873
1709
2320
4031
4792
1545
2807
3551
4435
1662
2304
3634
4547
1336
2823
3525
4864
1287
2645
3315
4131
1602
2144
3746
4908
1488
2876
3513
5033
1230
2272
3664
4380
1148
2692
3525
4139
1093
2888
3310
4833
1148
2841
3327
4477
1589
2979
3536
4334
1895
2964
3552
4866
1334
2531
3843
4784
2046
2484
4004
5029
1993
2130
3739
4150
1838
2177
3098
4705
1644
2711
3402
4129
1243
2160
3471
4185
1243
2466
4010
4490
1148
2707
3080
4349
1660
2794
3351
4632
1262
2438
3148
4587
1093
2156
3416
4278
1722
2329
4070
4376
1206
2887
3716
4768
1238
2406
3664
4998
1262
2972
3419
4895
1093
2817
3402
4537
1660
2767
3726
4173
1148
2665
3148
4681
1048
2390
3844
4720
1942
2117
3724
4789
1279
2372
3297
4770
2027
2383
3993
4291
1880
2064
4007
4826
1546
3070
3986
5005
1798
2206
3830
4578
1849
2164
3242
4416
1603
2238
3919
4374
1043
2622
3304
4864
1484
2606
3379
4793
1620
2953
3428
4332
1082
2351
3182
4637
1711
2476
3078
4864
1082
2822
3514
4997
1346
2059
3225
4848
1352
2374
3097
4119
1352
2535
3341
4397
1148
2938
3414
4905
1587
2126
3876
5029
1232
2887
3733
4384
2000
2859
3869
4625
1628
2990
3950
5015
1775
2130
3506
4601
1878
2908
3610
4764
1684
2201
3472
4603
1839
2771
3229
5087
1759
2701
3712
4727
2028
2926
3682
4702
1831
2320
3478
4134
1594
2253
3965
4771
2015
2608
3511
4625
1896
2863
3783
4331
1317
2672
3893
4875
1610
2283
3175
4576
2032
2841
4053
4938
1694
2863
3335
4196
1248
3063
3843
4132
1924
2608
3987
5118
1995
2484
3843
5029
1334
2860
3951
4456
1155
2320
3095
5059
1991
2860
3843
4927
1903
2649
3335
4771
1856
2068
3826
4603
1791
2320
3419
4474
1993
2897
3171
4765
1558
2672
3557
4284
1585
2956
3659
4636
1780
2762
3191
4839
1675
2399
3175
4345
1979
2591
3126
4315
1104
2430
3557
4659
1403
2695
3083
4943
1509
2201
3472
4380
1558
2701
3536
4860
1481
2869
3978
4728
1167
2944
3335
5030
1694
3065
3552
4738
1594
2721
3966
4625
1694
2858
3175
4720
1998
2859
3259
4751
1780
2999
3675
4977
1425
2616
3138
4288
1937
2308
3363
4733
1472
2394
3578
4321
1387
2960
3424
4623
1210
2444
3645
4481
1148
2707
3416
4919
1093
2841
3515
4637
1093
2910
3219
4864
1881
2443
3304
5058
1881
2455
3945
4821
1586
2969
3386
5024
1554
2627
3525
5031
1694
2985
3929
4379
2025
2642
3257
4612
1232
2762
3248
4955
1924
2608
3297
5058
1981
2546
3843
4786
1777
2420
3952
4299
1626
2054
3653
5041
1671
2616
3608
4487
1217
2406
3617
5097
1036
2507
3541
4289
1595
2934
3477
4723
1500
2810
3346
4922
1880
2433
3682
4278
1852
2807
3291
4792
1770
2160
3712
4793
1722
2925
3318
4458
1802
2219
3087
4949
1620
3070
3741
4288
1262
2624
3365
4511
1558
2934
3671
4199
1942
2117
4059
4557
1148
2372
3482
5084
1660
2817
3983
4906
1036
2626
3446
4524
1093
2648
3856
5011
1689
2477
3088
4574
1937
2554
3889
4466
2013
3015
4060
4767
1297
2309
3471
4954
1500
2194
3619
4603
1082
2837
3628
4289
1148
2726
3589
4863
1545
2590
3072
4426
1262
2372
3259
4599
1093
2858
3403
4362
1660
2156
3379
4379
1533
2283
3932
5054
1629
2347
3156
4854
1336
2638
3235
5108
1093
2644
3248
4435
1243
3034
3682
4931
1262
2715
3419
4977
1675
2875
3526
4684
1188
2064
3831
4465
1995
2665
4090
4873
1924
2976
3649
4456
1425
2380
4060
4286
1736
3016
3162
4722
1234
2769
3381
4324
1877
3063
3507
4546
1654
2698
3110
4245
1781
2999
3743
4787
1585
2360
3715
5024
1877
2207
3628
4612
1043
2896
3402
4698
1620
2615
3845
4119
1385
2191
3986
4904
1082
2812
3589
4129
1082
3048
3185
4558
1335
2740
3597
4329
1547
2097
3327
4379
1481
3051
3209
5030
1899
2054
3111
4324
1334
2860
3982
4170
1155
2097
3335
4942
1753
2276
3950
5049
1876
2173
3796
4851
1336
2324
3468
4469
1500
2194
3141
4745
1387
2916
4017
4977
1262
2057
4020
4154
1243
2699
3791
4199
1942
2274
3252
4724
1093
2760
3744
4255
1660
2615
3762
4426
1683
2429
3986
4451
1629
2184
3708
4606
1336
2910
3420
4379
1743
2180
4090
4792
1387
3034
3090
4659
1770
2960
3217
4859
1387
2144
3394
4929
1722
2965
4017
4563
1840
2909
4007
5099
1243
2699
3347
4922
1406
2466
3158
4572
1535
2997
3520
5007
2015
3029
3454
4295
1752
2836
3414
4749
1224
2587
3235
4489
1210
2374
4094
4666
1728
2272
3787
4677
1093
2512
3296
4490
1093
2863
3985
4148
1093
2890
3402
4699
1553
2660
3342
4794
1335
2934
3136
5066
1881
2573
3887
4634
1335
2125
3772
4922
1622
2279
3901
5024
1653
2300
3526
5110
1653
2477
3111
4296
1456
2936
4054
4934
1607
2579
3901
4983
1597
2798
3647
4157
2013
2527
3549
4154
1996
2965
3507
4455
1993
2779
3500
4175
2010
2647
3497
4977
1694
2546
4090
4431
1998
2701
3296
4728
2015
2860
3883
4953
1191
2920
3743
5033
1694
2093
3764
4931
1998
2608
3653
5112
1993
2424
3692
5096
1835
2860
3839
4096
1694
2649
3335
4862
1835
2860
4072
5110
1694
2608
3966
4624
1835
2048
3719
4150
1334
2985
3778
4184
1835
2860
3843
5115
1686
2257
3325
4839
1267
2532
3558
4741
1705
2399
3494
4474
1104
2724
3628
4792
1831
2649
4029
4604
1949
2175
3340
4659
1558
2168
4042
4176
1892
2858
3577
4851
1104
2945
3985
5029
1979
2608
3929
4810
2046
2887
3843
4861
1040
2134
3762
4391
1849
2478
3358
4165
1331
2705
4038
5009
1831
2869
3521
4615
1831
2612
3942
4604
1831
2699
3880
4810
1831
2717
4039
4460
2034
2579
3690
5068
2034
2813
3940
4905
1671
2760
3512
4250
1472
2538
3592
4606
1477
2487
3875
4101
1603
2465
3648
4400
1728
2446
3294
4160
1258
2082
3752
5095
1849
2811
3730
4650
1336
2825
3291
4176
1352
2272
3901
5049
1352
2890
3932
4373
1745
2201
3832
4402
1279
2869
4032
4905
1924
2168
3592
4955
1914
2920
3526
4170
1884
2869
4053
4893
1924
2608
4072
5118
1371
2048
4088
4416
2000
2889
3778
5058
1155
2701
4061
4983
1586
2545
3529
4210
1583
2148
3259
4305
1274
2178
3502
4632
1654
2388
3330
5095
1243
2466
3799
4374
1518
2542
3738
4153
1918
2722
3328
4526
1880
2960
3177
4114
1093
2760
3693
4607
1770
2794
3762
4783
1555
2061
3153
4690
1629
2874
3181
5054
1269
2255
3096
4932
1387
2667
3159
4875
1387
2725
4052
4751
1262
2715
3424
4274
1243
2300
3577
4792
1243
2466
3428
4905
1148
2707
3677
4678
1660
2794
3709
4442
1247
2457
4023
4288
1211
2731
3945
4487
1297
2760
3359
4370
1937
2228
3739
4903
1620
2443
3682
4896
1262
2182
3137
4726
1629
2887
3787
4563
1336
2590
3900
4150
1110
3023
3713
4236
1620
2311
3719
4131
1262
2274
3743
4203
1093
2220
3083
4998
1660
2615
3078
4413
1743
2614
4032
4919
1881
2614
3629
4586
1711
2429
3147
4604
1248
2860
3786
4861
1981
2156
3970
4334
1155
3043
3782
4853
1686
2978
3575
4627
1486
2640
4029
4599
1638
2297
3144
4703
1110
2655
3191
4825
1662
2304
3593
5001
1935
2804
3440
4250
1159
2825
3315
4219
1829
2554
4032
4199
1602
2279
3991
4829
1148
2272
3726
4572
1745
2692
3986
4650
1171
2543
3453
4129
1171
2979
3894
4488
1991
2803
4030
4942
1720
2692
4034
4306
1775
2443
3280
4625
1155
2887
3778
4853
1694
2276
3726
4495
1835
2248
3248
4970
1161
2580
3202
4317
1546
2553
3321
4572
1752
3046
3743
4342
1660
2094
3983
5098
1937
2228
3737
4101
2011
2765
4052
4905
1262
2811
3918
4932
1387
2275
4059
4260
1660
2698
3929
4128
1148
2123
3672
5087
1584
2908
3110
4851
1346
2627
3336
4773
1093
2883
4032
4702
1979
2627
3402
5031
1937
2864
4059
4643
1093
2627
3633
4368
1969
2725
3205
5037
1937
2630
3440
4999
1431
2984
3653
4253
1896
2266
3781
4129
1479
2311
3149
4492
1064
2374
3645
4748
1979
2148
3447
4111
1082
2798
3499
4418
1484
2446
3427
4534
1909
2622
3110
4949
1258
2390
3456
4659
1082
2147
3436
4130
1336
2604
3400
4634
1082
2429
3177
4407
1346
2131
3104
4944
1352
2535
3904
4593
1352
2925
3511
4239
1148
2272
3235
4465
1094
2179
3500
4979
2000
2090
3742
4432
2000
2887
3704
5079
2000
2791
3824
5052
1775
2484
3935
4654
1686
2275
3095
4414
2013
2839
3502
5064
1057
2674
3772
4549
1588
2314
3115
4421
1947
2535
3708
5113
1167
2860
3915
4676
1587
2429
3675
4931
1696
2841
3420
4106
1788
2608
3880
4691
1759
2048
3742
4457
1764
2887
3778
4970
1610
2969
4073
4304
1991
2604
3778
5108
1924
2608
3987
4919
1981
2253
3924
4829
1371
2619
3778
5041
1995
2411
3843
4560
1371
2860
3997
5095
1991
2325
3095
5059
1903
2119
3891
4977
1425
2909
3675
4688
1025
2672
3467
4129
1920
2156
3406
4967
1104
2253
3073
5040
1979
2699
3115
4201
1920
2644
3804
4974
1558
2219
3500
4412
1188
2320
3270
4978
1780
2672
4032
4201
1291
3015
3932
4150
1058
2948
3096
4603
1104
2445
3507
4325
1979
2419
3828
4727
2025
2925
4053
4661
1675
2811
4090
4251
1368
2546
3205
5037
1835
2153
4090
4905
1694
2942
3918
4373
1920
2968
3494
4797
1812
2402
3736
4439
1501
2308
3746
4126
1387
2389
3729
4386
1552
2444
3749
4401
1243
2554
3875
4607
1484
2374
3499
4979
1148
2090
3462
4372
1093
2763
3788
5045
1093
2573
3542
5108
1881
2644
3880
4885
1385
2909
3953
4565
1711
2420
3982
4480
1981
2877
4032
4379
1694
2860
3942
4588
1622
2701
3652
4601
1723
2168
3901
4856
1924
2608
3747
4519
1334
2877
3595
4334
1777
2420
3398
4601
1814
2255
3296
4693
1058
2201
3414
4468
1937
2756
3199
4497
1603
2466
3464
4821
1603
2554
3309
4424
1901
2720
3629
4814
1705
2304
3341
4154
1243
2186
3620
5066
1942
2178
3587
4949
1148
2766
3991
4707
1558
2164
3900
4912
1346
2596
3793
4481
1093
2762
3467
4813
1937
2725
3647
4404
1852
2614
4038
4224
1603
2465
3258
4659
1770
2222
3446
4604
1500
2304
3351
4772
1082
2057
3844
4905
1262
2715
3500
4200
1267
2997
3490
4951
1379
2201
3220
4282
2042
2707
3953
4336
1660
2819
3274
4410
1880
2864
3809
4750
1093
2765
3638
4127
1336
2933
3645
4791
1770
2275
3741
4972
1620
2104
3138
4559
1262
2793
3419
4717
1028
2969
3193
4255
1336
2252
3474
4760
1148
2760
4056
4304
1558
3065
4004
4907
1336
2438
3737
4346
1093
2738
3601
4922
1694
2090
3463
5031
1160
2048
3710
5029
1981
2538
3778
4384
1683
2455
4068
4164
1962
2068
3558
4286
1785
2698
3477
4712
1650
2810
4046
4101
1781
2144
3090
4843
1094
2360
3406
5061
2005
2590
3310
4978
1620
3061
3099
4848
1620
2144
3547
4181
1335
2638
3438
4766
1043
2581
4046
4960
1034
2201
3905
4468
1082
2764
4051
4916
1287
2531
3507
4581
1711
2864
3557
4104
1720
3034
3649
4546
1334
2672
3297
4676
1155
2097
3843
5059
1334
2877
3778
4625
1270
3042
3557
5049
1425
2995
3664
4283
1243
2466
3629
5048
1148
2448
3158
4964
1480
2465
3919
4612
1336
2934
3729
4850
1093
2627
3954
4460
1689
2627
3088
4968
1770
3029
3469
4315
1629
2616
3741
5020
1336
2922
3235
4255
1814
2969
3159
5077
1082
2320
3087
4272
1148
2979
3191
5045
1048
2390
3987
4404
1942
2117
3969
4875
1048
3046
3237
5084
1048
2722
3365
4803
1880
2264
4007
4242
1215
2490
3753
4250
1973
2766
4070
5108
1655
2111
3149
4788
1167
2445
3191
4440
1759
2407
3927
4283
2026
2630
3629
4425
1518
2153
3906
5008
1210
2785
3739
5032
1148
2313
3535
4546
1093
2869
3340
5038
1093
2863
3416
4760
1792
2125
3986
4341
1881
2910
3183
4865
1881
2817
3294
4168
1881
2573
4020
4160
1969
2147
4005
4862
1723
2521
3414
4675
1554
2307
3704
4460
1879
2162
3778
4132
1607
2649
3310
5096
1481
2829
4072
4654
2013
2854
3986
4713
1536
2588
3525
4324
2010
2168
3719
4524
1029
2156
3297
5054
1998
2093
3824
4850
1993
2740
3270
4909
1594
2419
3175
4608
1993
2860
3653
4615
1998
2320
3558
4839
1694
2521
3126
4866
1354
2257
4090
4693
1694
2864
3843
4200
1835
2717
3778
4379
1694
2735
3335
4862
1835
2860
4008
5096
1694
2608
4072
4875
1835
2054
4008
4184
1694
2920
3804
4875
1777
2253
3795
4747
1425
2658
3127
5051
1567
2372
3126
4192
1057
2320
3425
4484
1585
2048
3304
4177
1759
2531
3633
5048
1585
2601
4032
4484
1554
2168
4004
4624
1279
2937
3699
4656
1831
2465
3409
4173
1892
2608
3924
4622
1686
2764
3415
4850
1436
3034
3507
4895
1104
2771
3633
4407
1969
2573
3843
4771
1892
2438
3682
5047
1969
2452
3869
4860
1607
2944
3428
4971
1248
2945
3115
4861
1554
2619
3825
5029
1087
2992
3073
5037
1926
2308
3579
4129
1876
3051
3106
5033
1518
2125
4033
4401
1484
2446
3427
4793
1849
2836
3274
4160
1336
2707
3515
4931
1336
2638
3294
4629
1352
2274
3335
4777
1148
2429
3778
4588
1745
2073
3762
4347
1279
3060
4090
4931
1991
2701
3511
4221
1884
2791
3168
4860
