310
573
573
945
553
644
365
365
231
1018
1018
558
271
984
271
325
839
141
385
141
406
835
835
864
770
864
542
51
255
255
167
590
839
819
839
819
131
819
131
819
131
819
131
819
131
819
131
819
819
819
819
819
819
406
819
838
624
647
596
751
596
51
596
976
596
16
443
976
38
976
505
976
251
209
583
583
583
165
194
339
61
339
165
600
159
755
600
729
38
636
562
163
751
199
581
199
451
746
475
746
661
413
661
413
661
413
661
439
661
439
79
439
409
553
794
794
760
474
760
885
872
885
167
954
60
556
420
839
564
720
534
145
534
131
381
131
534
850
79
835
569
864
709
640
640
233
171
967
303
303
720
205
842
722
720
475
817
894
817
534
817
56
817
56
817
79
439
534
79
647
647
553
709
596
544
751
839
156
954
60
60
116
794
730
193
794
794
872
872
794
794
872
872
794
794
872
550
794
1023
83
804
794
932
54
141
850
141
647
571
647
633
596
596
393
443
379
538
379
319
379
82
393
379
505
393
393
339
600
393
379
379
38
393
542
255
945
553
365
644
365
379
365
804
1018
1018
984
297
564
385
141
498
79
835
644
195
569
223
72
569
640
640
967
988
984
196
325
439
79
835
569
465
641
167
984
111
984
111
141
385
141
817
141
170
141
817
141
817
141
170
141
141
619
619
569
864
563
542
668
219
573
984
573
553
644
365
794
365
365
641
1018
984
297
564
385
141
385
141
406
835
569
246
644
112
231
804
112
641
167
590
128
590
839
564
720
819
131
819
131
819
819
819
131
819
131
819
819
819
131
819
131
819
131
819
131
819
131
819
819
406
406
79
79
838
967
640
967
826
826
231
195
231
995
231
223
231
223
231
811
61
641
641
560
708
387
387
387
387
387
98
387
387
387
520
264
890
382
60
722
204
794
794
794
794
794
794
794
794
794
794
794
794
794
794
492
319
985
592
331
449
449
794
324
890
382
60
584
326
1006
374
291
190
651
872
355
393
355
872
354
354
354
354
354
563
354
985
963
985
70
712
658
954
205
60
132
193
872
872
872
190
794
794
794
794
872
872
872
872
143
393
492
393
269
708
863
529
529
529
393
393
393
393
1023
1023
529
529
69
393
393
393
1023
1023
1023
563
563
319
393
393
51
987
477
2043
2788
3901
5114
1157
2813
4042
5052
1653
2694
3952
4170
1777
2735
3791
4232
2023
2735
4094
4771
1157
2990
3887
4889
2041
2350
4072
4926
2043
2788
3782
5079
1900
2907
4088
5114
1157
2748
3893
4311
2043
2350
3966
4853
2023
2411
3824
4926
1900
2325
3750
4931
1157
2350
3268
4955
1150
2985
4061
4934
2023
2748
4079
4934
1281
2564
4061
4926
1653
2976
3824
4905
1232
3012
3251
4274
1884
2777
3802
4364
1417
2824
4094
5056
1417
2646
3802
4911
1240
2646
3665
4515
1525
2368
3529
4705
1523
2646
3625
4890
1523
2276
4041
4321
1523
2276
3536
5070
1690
2276
3210
4856
1690
2993
3143
4954
1801
2640
3536
4806
1764
2848
3398
4806
1047
2352
4006
4224
2043
2567
3526
4239
1900
2811
3704
4615
1748
2564
4008
4955
1157
2889
4008
4311
1858
2889
4072
5052
2023
2694
3966
4962
1748
2694
3782
5118
1157
2135
3893
5052
2041
2985
3987
5015
2023
2694
3935
5114
1157
2813
4009
5118
1363
2350
3782
5015
1363
2467
3966
5012
2023
2905
4079
4654
1622
2508
3824
4983
1925
2508
3119
4337
1857
2395
3206
4189
1690
2278
3600
4907
1690
2137
3198
4285
1299
2884
3552
4654
1186
2214
3565
4096
1186
2719
3323
4241
1719
2996
3529
4241
1817
2716
3608
4776
1817
2529
3913
4285
1817
2529
4085
4662
1817
3071
3608
4790
1817
3071
3608
4790
1817
2956
3608
4790
1519
2716
4041
4998
1690
2137
4041
5095
1896
2884
4084
4285
1519
2214
3800
4806
1690
2716
4043
4285
1690
2137
3552
4285
1764
2884
3247
4350
1216
2681
4006
5105
1519
2137
4006
4983
1626
2214
3329
4711
1764
2681
3398
4275
1299
2331
3247
4422
1925
2884
4006
4350
1651
2214
4006
4662
1519
2716
3600
4241
1519
2137
3329
4422
1651
2884
3266
4806
1186
2415
3805
4806
1525
2940
3293
4989
1707
2646
3529
4806
1054
2331
3816
4899
1300
2905
3771
4422
1300
2506
4083
4318
2041
3012
3673
4927
1519
2530
4004
4125
1589
2048
3802
4167
1628
2971
3802
4460
1049
2748
3952
4858
2023
2735
3327
4351
1803
2644
3727
4351
1499
2350
3965
4927
2041
2248
3965
5114
2023
2694
3965
4934
1157
2889
3725
4771
2041
2350
3987
4934
2041
2788
3966
4311
1900
2788
4088
5118
1157
2813
3750
5052
2041
2350
3987
4311
2043
2788
3782
4955
1900
2325
3750
4889
1157
2411
3268
4889
2041
2961
4072
4311
2023
2694
4072
5058
1157
2694
3750
4311
2043
2350
3750
4962
2043
2985
3108
5114
2023
2694
3893
4934
1157
2694
3268
5015
2043
2889
3935
5052
1900
2097
3824
4934
1748
2694
3891
5114
2041
2350
4061
5118
2041
2889
3750
4311
1900
2788
3782
5015
1748
2694
3782
5118
1499
2350
3782
4876
2041
2472
3965
5114
2023
2694
3782
4771
1157
2813
3108
5118
2043
2350
3777
4955
1252
3050
3891
5114
1454
2907
3284
5058
1157
2135
3893
4950
2043
2986
4009
4296
1803
2788
3750
5115
1349
2990
3890
5059
1903
2567
3862
4985
1300
2588
3486
4537
1803
2990
3335
5118
1454
2162
3824
4962
1803
2097
4054
4615
1157
2976
3893
4985
1454
2135
3725
4926
2043
2325
3725
5015
1496
2411
4054
4934
1911
2976
3903
4876
1959
3009
3901
4431
1035
2276
3224
5049
1237
2349
3588
5110
1412
2925
3291
4746
1778
3070
3293
4256
1459
2257
3293
5049
1459
2186
3541
4773
1778
2516
3367
4965
1294
2638
3264
4965
1028
2353
3281
5064
1294
2677
3703
4996
1445
2548
3608
4185
1567
2643
3707
4149
1838
2821
3377
4277
1272
2439
3281
5064
1567
2392
3263
4423
1459
2677
3703
4660
1272
2439
3293
4256
1567
2140
4016
4903
1778
2677
3555
4965
1461
2459
3247
5064
1272
2383
3850
5017
1445
2596
3555
4451
1778
3063
3246
4713
1782
2496
3462
4990
1626
2496
3447
4114
1838
2234
3319
4977
1367
2759
3231
4136
1047
2460
3710
4420
1664
2455
3425
4295
1367
2485
3796
4717
1457
2936
3685
5064
1188
2642
3384
4858
1594
2638
3235
4786
1903
2746
3904
4820
1860
2620
3407
5118
1155
2855
3226
4601
1903
2771
3966
4251
1835
2869
3741
4983
1780
2801
3890
4907
1807
2249
3268
4416
1298
3070
3478
4700
1188
3035
4072
4983
1324
2619
4077
4242
1652
2343
3662
5039
1298
2255
3436
4414
1813
2567
3876
4414
1838
2192
3259
4509
1436
2175
3669
4480
1915
2445
3247
4260
1813
2740
3879
4756
1998
2260
3890
5082
1860
2103
4024
4301
1918
2103
3449
4533
1436
2594
3465
4733
1240
2967
3254
4525
1719
2746
3903
4598
1264
2374
4002
4748
1427
2334
3096
4893
1918
2214
3682
4122
1057
2214
3413
4562
1186
2677
3834
4264
1813
2903
3464
4264
1998
2716
3444
4478
1217
2137
3625
4562
1403
2159
3923
4743
1594
2214
3625
4714
1813
2208
3459
4447
1287
2905
3729
4743
1860
2714
3473
4653
1743
2801
4043
4700
1696
2535
3647
4743
1248
2097
3492
4170
1298
2771
3764
5049
1807
2705
3950
4519
1188
3047
3890
4985
1694
2186
3747
4150
1696
2989
3787
4664
1298
2314
3890
4490
1298
2380
3747
4919
1835
2801
3111
4931
1694
2186
3088
4302
1155
3012
3268
5087
1334
2788
3935
5114
1807
2944
3182
4983
1993
2293
3446
4608
1896
2464
3116
4715
1813
2609
3095
4636
1841
2245
3879
4634
1910
2967
3879
4634
1535
2928
3226
4768
1860
2915
3184
5069
1610
2467
3465
4641
1813
2629
3995
4126
1813
2928
3684
4954
1860
2284
3702
4943
1436
2989
3801
4269
1813
2848
3517
4532
1452
2964
3449
4449
1217
2525
3707
4207
1057
2063
3251
4919
1813
2063
3184
4653
1998
2181
3465
4720
1217
2844
3707
4727
2010
2848
3398
4443
1452
2928
3444
4385
1998
2869
3702
4965
1993
2728
3801
4743
1206
2261
3422
4421
1707
2746
4056
4743
1860
2749
4008
4743
1780
2470
3682
4119
1287
2521
3925
5089
1287
3069
3238
4728
1188
3047
3738
4997
1759
2649
3942
4727
1368
2677
3327
4120
1807
2863
3651
4353
1181
2314
3447
4873
1155
2989
3526
4244
1334
2148
3486
4889
1807
2484
3965
4601
1324
2314
3777
5089
1155
2567
3268
4934
1287
2628
3649
4119
1764
2642
3736
4917
1759
2350
3431
4320
1216
2941
3081
4843
1815
2941
3498
4720
1690
2154
3260
4802
1666
2660
3369
4646
1838
2117
3967
5081
1813
3003
3437
4802
1391
2274
3450
4232
1764
2925
3704
4144
1920
2225
3377
4240
1287
2289
3515
4281
1764
2677
3904
4322
1764
2097
3937
4560
1291
2309
3450
4332
1287
2325
3876
4637
1291
2677
3719
4802
1287
2277
3876
4451
1291
2531
3495
4950
1287
3063
3365
4332
1764
2771
3921
5094
1998
2764
3437
4710
2015
2821
3753
4625
1998
2964
3437
4636
1481
2771
3338
4755
1998
2935
3913
5049
1886
2771
3115
4119
1998
2644
3959
4861
1690
2647
3284
4946
1998
2642
3903
4695
1481
3009
3783
4232
1998
2869
3903
4802
1347
2567
3291
4926
2017
2321
3719
4702
2046
2344
4094
5049
1920
3063
3291
4631
1589
2821
3675
4177
1291
2907
3622
4175
2046
2452
3291
4845
1188
2626
4088
4194
1417
3028
3810
4845
1291
2801
3888
5043
2035
3017
3737
4194
1188
2314
3171
5022
1417
2253
3681
4253
1588
2089
3727
4334
1886
2352
3872
4845
2015
2253
3681
4637
1589
2253
3681
4855
1181
2564
3966
4817
1589
2642
3843
4817
1181
2619
3862
4255
1723
2820
3259
4150
1334
2088
3966
4792
1607
2209
3141
4153
1653
2619
3869
4170
2025
2801
3901
4432
1334
2985
3526
4170
1334
2925
3965
4829
1653
2619
4039
4817
1515
2564
3880
4817
1694
2820
4008
4484
1334
2944
4072
4817
1924
2619
3893
4150
1884
2949
3935
5118
1899
2944
3500
4763
1232
2619
3198
4384
1899
2452
3935
4983
1777
2942
3893
5052
1696
2478
3862
4170
1777
2564
3862
4864
1155
2467
3862
4830
1371
2820
3268
4460
1160
2162
3715
5090
1628
2986
3940
4839
1155
2925
3952
4972
1349
2985
3777
4955
1248
2874
3952
5041
1349
2985
3862
5052
1248
2942
3777
4830
1903
2985
4008
5114
1334
2162
3652
4985
1924
2677
3824
4601
1334
2944
3810
4962
1924
2788
3752
5057
1232
2619
3777
4839
1924
2788
3839
4460
1903
2942
3478
4654
1924
2788
3891
4853
1843
2990
4079
4414
1155
2990
3377
5015
1456
2564
3736
5118
1298
2411
3787
4170
1928
2162
3951
4654
1298
2883
4055
4150
1232
2985
3901
4460
1298
2907
3952
4903
1903
2531
3782
4985
1981
2097
3310
4835
1515
2964
4072
5114
1981
2942
3467
5018
1777
2990
3824
5114
1981
2564
4088
4349
1777
2484
3904
4720
1764
2506
3154
4636
1047
2883
3303
4654
1047
2252
3238
5097
1764
2508
3381
4853
1788
2470
4004
4801
1764
2575
3604
5022
1788
2928
3604
4806
1764
2508
4022
4272
1788
2508
3356
4538
1188
2130
3652
4161
1659
2130
3265
4965
1334
2869
3327
5089
1653
2443
4088
4601
1334
2350
3893
4782
1397
2949
3997
5018
1181
2905
3500
4891
1653
2467
3673
4170
1694
2478
4079
4983
1653
2467
3778
4221
1924
2897
3876
4931
1155
2949
3901
5118
1924
2944
3880
4853
1628
2350
3942
5018
1924
2945
4072
4962
1248
2777
3595
5110
1924
2579
3942
4153
1248
2777
3647
4621
1331
2330
3817
4258
1452
2089
3966
4661
1287
2434
3906
5031
1788
2770
3470
4604
1287
3062
3175
4950
1801
2253
3345
4461
1047
2420
3467
4561
1300
2746
3526
4817
1298
2618
3753
4864
1252
2788
3924
4484
1981
2788
3747
4747
2023
2313
3951
4971
1981
2788
3935
4786
2023
2210
3698
5029
1981
2905
3498
4654
1981
2660
3088
5069
1047
2274
3984
4519
1047
2965
3984
4862
1047
2506
4042
4696
1764
2508
3082
4700
1690
2091
4042
4711
1764
2508
4055
4727
1690
2464
3552
4728
1588
2901
4052
4754
1690
2640
3526
4677
1588
2928
3183
4759
1519
2260
4055
4942
1588
2609
3783
4615
1519
2640
3595
4398
1588
2928
3913
4510
1815
2260
3783
4728
1694
2762
3913
4983
1815
2575
3082
4421
1815
2631
3913
4274
1815
2767
3327
4771
1759
2609
3913
4510
1815
2640
3327
4198
1759
2928
3913
4510
1815
2508
3238
4759
1759
2508
3942
4200
1690
2508
3368
5079
1331
2762
3327
4759
1801
3044
3376
4221
1331
2293
3795
5110
2041
2097
3903
4862
1298
2275
3270
4926
1252
2097
3727
4460
1298
2484
3952
4533
1252
2967
3880
4747
1298
2907
3901
4747
2023
2097
3901
5052
1981
2788
3901
4955
2023
2097
4042
4132
1981
2788
3880
5114
2023
2788
3924
4926
1981
2619
3824
4678
1807
3063
3919
4862
1417
2709
4036
4460
1981
2883
3919
4876
1456
2990
3935
4905
1981
2642
3486
4955
1454
2564
3893
4170
1981
2350
3868
4615
1454
2944
3893
4830
1181
2274
3704
4934
1157
2944
3935
5015
1181
2741
4072
4861
1157
2350
3935
5015
1334
2350
3904
5012
1157
2350
3987
4830
1694
2801
3987
5041
1097
2631
3747
4460
1993
2628
3375
4814
1690
2762
3705
4855
1993
2609
3947
5050
1240
2915
3389
4461
1161
2257
3767
4799
1690
2276
3536
5070
1759
2550
3947
4942
1523
2986
3283
4875
1896
2986
4065
4806
2032
2844
4003
5097
1047
2097
3168
4546
2041
2748
3704
4615
1628
2967
3497
4175
1252
2531
3997
5114
1298
2741
3901
4829
1252
2788
3966
5012
2023
2459
3526
4217
1049
2097
4042
5114
1298
2940
3089
5095
2023
2829
3526
4414
2023
2498
3310
4540
2023
2829
4077
4820
2023
2249
3783
4853
1981
2829
4077
4533
2023
2649
4077
5118
1981
2411
3914
4927
2023
3012
3880
4858
1188
2613
3652
4926
1857
3035
3565
4699
1788
2181
3797
4432
1690
2140
3763
4194
1588
2884
3797
4419
1299
2137
3929
4193
1264
2186
3269
4723
1264
2214
4027
4184
1186
2415
3728
4616
1186
2415
3275
5025
1186
3069
3913
4539
1186
2700
3913
4900
1186
2463
3673
4663
1186
2949
3570
4663
1759
2903
3570
4663
1119
2719
3588
4220
1186
2989
3773
4662
1186
3069
3590
4662
1410
2716
3130
4799
1817
2463
3570
4143
1817
2540
3422
4799
1817
2540
3590
4662
1817
2540
3422
4869
1817
2540
3898
4733
1813
2137
3703
4096
1264
2829
3588
5067
1264
2459
3703
4591
1264
2829
3590
4211
1264
2181
3999
4561
1186
2181
3753
4096
1186
2956
3590
5100
1186
2890
3797
4216
1186
2540
3797
4796
1186
2890
3797
4216
1186
2957
4003
5100
1186
2801
4003
5100
1651
2719
4003
4418
1664
2716
4003
5029
1817
2529
4027
5005
1525
2801
4003
4459
1264
2181
4077
5108
1264
2232
4003
4184
1186
2801
4003
4691
1186
2181
3805
4741
1565
2362
3703
4253
1815
2884
3263
4364
1788
2884
3872
4896
1815
2884
3552
4776
1815
2884
3345
4877
1801
2140
3929
4732
1815
2140
3929
4826
1924
2224
3990
4835
1924
2968
3990
4615
1924
2721
3990
4767
1924
2506
3990
4287
1232
2097
3951
4351
1252
2097
3990
4654
2023
2989
4042
4546
1252
2097
4079
5012
2023
2905
3704
5041
2023
2097
3924
5110
2023
2905
3727
5114
2023
2905
3704
4927
2023
2905
3727
4460
2023
2905
3727
4170
2023
2889
4042
4926
2023
2907
4042
4494
2023
2889
4042
4955
1981
2694
4008
5118
2023
2564
4008
5118
1748
2907
4042
4962
1456
2907
3824
5058
1748
2869
3868
5110
1454
2869
3782
4962
1748
2350
3893
5012
1157
2642
4088
4934
1653
2801
3750
5015
1748
2350
4072
5012
1653
2889
4008
4889
1653
2801
3891
5114
1653
2889
3782
4747
1653
2741
3893
4889
1653
2985
4008
4837
1653
2694
3987
4615
1252
2985
3526
4170
1653
2694
3987
5114
1252
2985
3526
4170
1252
2985
3987
4926
1252
2097
3893
5012
1252
2985
3750
4955
1252
2748
3704
5115
1252
2985
3966
5058
1628
2746
3725
5115
1252
2788
3966
4546
2023
2694
3952
4962
2023
2097
3952
5012
2023
2694
3750
5114
2023
2097
3868
4170
2023
2097
3727
4170
2032
2564
3914
4873
1691
2697
3718
4904
1191
2820
3202
4370
1047
2697
3603
4949
1860
2820
3094
4656
1703
2855
3327
4197
1801
2579
3296
4561
1280
2952
3260
4891
1703
2967
4019
4203
1807
2206
3260
5038
1217
2274
3276
5081
1104
2277
4030
4469
1298
2697
4013
4720
1743
2869
3890
4820
1675
2677
3166
4579
1298
3017
3890
4638
1743
2728
3950
4873
1345
2783
3622
4931
1298
2325
4091
4766
1029
2968
3358
5090
1047
2677
3812
4871
1404
2989
3965
4881
1558
2130
3893
4862
1481
2085
3495
4906
1764
2964
3952
4636
1780
2085
3682
5037
1377
2771
4061
5096
1835
2935
4042
5089
1780
2820
3682
4860
1300
2771
3613
4962
1188
2455
3942
4175
1696
2126
3325
5089
1903
2567
3966
4853
1188
2088
3467
5058
1155
2986
3890
4919
1903
2677
3526
5110
1835
2791
3772
5089
1694
2467
3576
5089
1377
2798
3154
4201
1298
2889
3880
4201
1835
3020
3088
4560
1694
2728
3982
5045
1610
2618
3652
5033
1610
2806
3595
4507
1597
2252
3255
4330
1588
2636
3260
4964
1798
2862
3331
4334
2032
2855
3081
4756
1287
2771
3724
4548
1764
2964
3095
4360
1860
2233
3672
4183
1588
2691
3526
4334
1759
2952
3747
4859
1287
2162
3829
4681
1287
2771
3952
4335
1764
2935
3868
4335
1588
2521
3363
4661
1798
3069
3498
4249
1759
2922
3862
4525
1287
2889
3166
5024
1287
2771
3327
4132
1764
2642
3924
4985
1588
2889
3862
4437
1780
2289
3682
4324
2046
2855
3829
4601
1287
3069
3310
4839
1807
2467
3965
4636
1188
2350
3965
4927
1694
2350
4055
4950
1759
2199
3890
4460
1287
2741
3268
4875
1287
3069
3965
4460
1835
2109
3965
4335
1588
2741
3862
4296
1324
2862
3310
4747
1720
2952
3577
4955
1298
2060
3942
4613
1298
2434
3951
5108
1188
2484
4093
4983
1181
3069
4093
4934
1924
2347
3368
4699
1377
2276
3161
4829
1298
2467
3914
5058
1788
2801
4093
4431
1610
3071
3260
4549
1813
2085
3747
4389
1950
2922
3226
4999
2046
2820
3966
5118
1860
2085
3270
4855
1558
2147
3694
4497
1287
3046
3531
4283
1300
2314
3966
4876
1860
2567
3259
4789
1979
2130
3270
4334
1764
2746
3294
4432
1690
2873
3694
4379
1588
2952
3306
4546
1759
2726
4094
4370
1807
2997
3436
4934
1047
2788
3908
5027
1588
2314
3727
4873
1696
2989
3257
4855
1807
2771
3783
4855
1155
2645
4091
4519
1743
2801
3668
4197
1594
2577
3347
4260
1903
2788
3783
4135
1835
2935
3770
4866
1694
2186
3270
4855
1594
2741
3783
4339
1903
2820
3966
5118
1835
2728
3862
4389
1694
2162
3357
4242
1835
2741
3327
5079
1300
2619
3182
4537
1188
3047
3753
4830
1780
2225
3783
5040
1807
2521
3783
4855
1777
2788
3966
4855
1181
2925
3783
4931
1924
2467
3783
4862
1334
2788
3783
5118
1155
2990
3783
4201
1181
2130
3904
4221
1155
2097
3783
4460
1334
2332
3133
5075
1981
2751
3736
4983
1324
2165
3783
4260
1835
2989
3890
4875
1903
2820
3464
5114
1981
2728
3736
4927
1924
2130
4052
4456
1981
2314
3182
4733
1777
2944
3862
4201
1181
2907
3901
4611
1924
2813
3782
4926
1334
2788
3182
5089
1777
2325
3182
4873
1181
2567
3325
5079
1155
2820
3377
4962
1334
2788
3783
4931
1723
2820
4087
4977
1324
2889
3862
5114
1155
2820
3182
5114
1903
2771
3704
4715
1981
2941
3715
5040
1924
2889
3880
4855
1981
2097
3182
4629
1252
2619
3182
5118
1181
2484
4079
4629
1924
3055
3782
5089
1981
2314
3824
4830
1628
2325
3783
5114
1181
3055
3437
4460
1924
2411
3891
5089
1334
2788
3783
5118
1622
2694
3182
5089
1694
2727
3142
4927
1054
2708
3406
4305
