300
633
633
736
441
736
441
84
113
107
705
577
569
1009
548
836
647
946
478
893
38
896
150
653
726
113
11
113
247
113
247
107
588
38
641
607
302
373
302
373
801
58
325
363
896
930
373
213
373
373
131
373
701
38
929
289
548
133
487
133
191
903
705
641
448
896
487
213
265
133
815
133
133
265
977
588
38
641
577
234
569
959
663
1018
543
631
879
833
833
828
433
949
901
991
1013
816
403
38
806
1009
548
187
113
34
206
307
310
380
791
283
442
283
442
901
442
901
499
901
499
551
118
677
548
862
499
551
416
551
716
35
716
363
929
304
971
5
971
971
551
971
551
971
346
971
107
106
588
833
833
433
641
1021
1021
163
265
108
265
677
548
577
3
3
191
693
730
641
607
108
757
30
302
450
450
893
38
929
806
289
548
143
619
154
3
991
693
641
435
607
893
38
176
680
680
563
641
607
363
790
304
30
441
108
84
775
1011
829
366
427
435
631
889
647
836
647
71
230
641
338
896
743
828
940
127
318
637
680
903
206
268
1009
607
607
588
929
196
58
58
1009
1021
448
790
855
487
139
815
133
815
815
133
191
903
677
641
434
297
297
949
662
198
107
448
896
150
999
213
171
637
784
637
301
989
301
989
379
307
641
757
645
297
198
682
307
448
896
114
999
283
299
131
784
587
208
927
11
927
861
705
641
82
242
836
647
946
831
448
896
150
653
213
784
637
784
149
430
149
430
149
430
989
315
605
676
989
782
989
831
893
363
896
150
964
940
782
989
991
989
821
989
989
429
989
821
943
631
889
836
647
478
448
929
150
653
940
784
637
784
637
784
423
821
423
478
588
929
676
429
452
454
505
730
343
363
150
653
940
653
598
784
637
505
821
598
730
861
1009
889
889
836
647
836
647
946
831
18
363
135
150
653
62
637
784
5
784
149
821
68
861
893
38
479
194
821
68
299
926
18
896
481
996
653
61
637
784
784
841
454
205
861
705
631
889
836
836
647
946
478
831
448
896
481
999
283
784
637
784
724
205
205
454
205
403
38
676
611
454
205
452
861
831
225
481
988
988
283
193
775
775
927
11
927
582
588
929
366
169
927
582
703
582
703
427
1001
448
896
988
283
171
131
171
628
582
703
5
605
605
427
631
889
647
458
