300
228
135
735
5
131
11
131
11
131
11
346
11
346
11
598
427
641
577
234
569
466
403
228
806
135
109
297
297
487
133
191
663
362
569
619
927
682
1009
641
210
152
702
152
198
191
287
434
363
176
213
949
369
816
662
816
709
1016
677
71
398
641
1021
133
487
265
191
693
217
228
93
296
257
470
641
1021
133
265
191
932
682
366
378
975
577
929
283
619
213
1016
901
442
901
716
901
118
964
131
118
346
551
551
346
11
346
971
551
641
607
607
139
959
663
343
228
93
577
619
735
171
450
373
131
959
131
829
346
11
106
38
641
607
30
302
30
801
448
191
257
84
304
923
735
435
30
113
373
113
373
379
1009
607
607
801
139
58
58
58
228
896
743
304
959
735
84
131
598
84
84
131
62
346
373
801
605
38
982
927
5
183
217
448
896
296
304
735
923
113
11
113
11
113
194
183
427
631
889
889
647
836
647
926
343
228
370
242
968
59
465
59
637
282
637
282
775
991
823
310
632
889
836
647
6
366
107
543
631
242
363
242
465
429
465
429
922
282
369
301
392
107
705
631
889
836
836
647
836
926
831
762
896
135
641
607
196
373
373
801
959
959
663
206
366
631
889
889
390
518
836
373
58
977
363
896
52
503
574
626
574
626
626
680
206
206
53
107
20
943
631
889
836
647
836
680
977
448
135
304
733
841
452
841
452
841
841
668
680
841
677
52
795
325
529
836
647
162
893
448
736
304
736
162
736
162
736
162
53
162
736
162
736
736
1009
631
889
968
647
429
71
478
448
743
607
607
931
373
840
373
841
373
840
191
841
841
641
577
569
619
196
959
191
206
107
762
363
135
289
518
171
3
841
84
95
169
703
772
427
641
1021
1021
133
198
663
682
307
762
896
743
243
702
213
702
152
301
989
301
152
198
663
677
641
645
662
198
206
206
772
107
762
363
304
735
641
297
816
113
11
131
5
113
11
113
11
346
95
434
798
703
427
228
228
93
296
283
733
131
724
131
11
346
11
346
907
346
11
346
346
346
346
11
366
703
217
762
717
304
733
346
11
346
5
890
11
346
11
346
890
346
890
346
890
890
259
22
697
228
93
990
733
470
171
628
118
674
705
631
889
445
529
968
647
836
922
836
282
253
107
777
1001
272
