300
965
305
566
212
212
424
732
707
933
293
293
343
172
560
212
930
732
707
718
293
882
462
151
241
422
422
921
921
924
37
924
924
924
151
151
856
856
212
447
447
707
774
774
882
293
241
573
643
305
447
212
424
732
424
956
424
707
151
856
566
305
921
212
424
557
707
707
5
882
856
856
305
447
447
212
424
732
424
956
707
151
965
236
236
212
921
732
424
286
882
882
462
151
965
643
144
305
424
212
424
732
424
286
286
172
560
560
930
956
724
286
557
293
598
882
151
241
422
921
37
924
924
37
718
37
924
924
343
856
305
447
447
212
732
774
286
286
462
151
573
643
305
447
447
212
424
732
424
956
424
707
856
305
566
212
447
496
137
286
882
462
462
343
856
305
422
212
286
137
137
956
882
956
573
965
643
236
921
921
37
557
718
882
882
151
573
643
422
144
933
37
933
62
933
37
882
151
172
560
305
212
447
956
286
286
462
462
882
241
422
305
447
212
924
732
924
956
924
956
151
856
856
305
447
212
424
286
774
774
462
882
151
965
643
447
212
933
732
424
956
424
286
882
151
566
566
305
447
212
496
137
718
956
286
293
343
856
305
447
212
424
732
718
956
424
956
573
965
236
236
293
921
293
557
718
615
293
151
573
965
305
447
212
424
732
424
956
286
933
151
172
560
305
930
212
213
293
286
286
462
462
151
241
422
305
921
212
424
496
718
707
707
924
151
856
305
422
212
424
732
774
496
286
286
151
573
965
305
643
212
424
514
557
956
424
956
956
856
856
566
921
212
921
496
718
615
956
882
343
856
422
422
204
882
137
137
718
5
37
573
573
643
236
236
37
921
557
718
718
5
882
573
965
643
305
447
212
424
732
424
286
286
933
172
560
305
212
930
732
424
286
286
882
462
151
151
422
305
921
212
924
732
924
956
286
924
924
856
305
422
212
447
732
137
956
286
286
151
573
965
305
447
212
424
732
557
956
882
293
151
856
305
566
212
921
286
286
718
615
462
5
151
856
422
305
212
424
732
137
956
424
956
151
573
236
236
921
293
293
557
718
718
882
882
151
965
643
305
212
424
212
557
956
286
933
293
151
172
560
930
305
447
212
424
212
424
732
151
241
856
956
921
293
924
769
496
718
37
458
