1002
287
566
566
921
5
504
249
988
996
11
927
22
957
507
349
645
949
662
557
137
229
662
229
504
965
236
921
229
297
229
557
229
662
229
229
241
172
560
877
616
213
746
557
746
384
746
384
746
566
566
914
213
746
384
746
805
746
392
746
241
422
422
999
968
59
465
922
924
922
724
416
154
856
790
569
466
53
496
774
692
569
466
977
977
965
643
645
229
540
229
137
615
615
229
662
229
856
566
566
746
746
541
482
776
996
746
133
338
422
434
855
229
662
137
137
662
229
662
504
573
643
236
921
187
385
702
200
702
152
702
977
172
560
877
930
67
1014
782
1014
110
709
362
362
856
566
187
855
152
702
152
152
702
152
702
241
172
560
7
999
968
59
465
922
924
382
924
977
856
422
390
411
638
774
446
102
615
978
241
573
965
935
996
638
431
978
557
829
628
118
810
241
566
921
921
118
118
579
533
988
5
927
241
241
507
349
992
297
949
137
229
615
229
229
241
236
965
921
229
297
229
557
229
662
229
229
241
287
172
560
877
67
470
557
557
746
805
746
241
566
320
746
855
746
133
746
137
718
746
667
241
241
856
114
968
59
465
922
724
924
783
154
154
338
856
176
154
724
774
774
718
615
154
241
977
965
643
607
996
30
441
137
718
30
30
801
58
856
566
921
30
30
579
273
776
30
441
30
338
422
443
30
302
30
496
137
615
30
379
450
573
482
236
921
242
709
450
557
619
569
619
598
496
856
422
371
302
373
137
137
373
302
281
58
762
856
790
243
281
142
446
692
373
302
58
241
313
786
921
242
924
313
446
594
968
373
783
313
446
921
921
373
810
313
446
102
483
682
310
573
643
326
326
5
953
35
118
628
118
628
436
251
566
921
921
1016
384
541
579
988
97
118
436
241
422
507
349
992
662
949
137
137
229
229
229
573
965
236
235
229
540
229
200
229
662
229
977
172
560
560
877
67
470
598
557
746
392
746
325
566
856
746
855
746
805
137
137
746
805
746
496
241
856
616
968
59
472
557
637
154
924
922
831
856
856
390
619
466
774
774
692
466
569
241
241
965
643
935
229
61
229
137
229
615
229
598
977
856
566
921
746
746
249
482
776
996
746
746
338
422
422
229
297
229
137
718
229
662
429
998
