1002
120
983
54
997
72
226
6
614
614
614
748
1021
297
1
1
265
955
955
955
362
826
607
302
955
373
373
53
373
801
58
54
819
914
373
196
379
667
54
997
593
807
34
6
219
54
997
304
219
735
694
694
415
295
282
124
285
113
893
997
676
1017
886
909
909
165
997
24
590
196
61
909
893
54
997
144
999
215
694
966
851
851
555
354
1
11
658
35
96
95
354
1
354
217
54
997
24
590
6
145
614
636
824
208
208
955
207
858
826
851
826
207
826
398
398
54
997
72
223
666
6
501
636
824
823
822
590
666
658
217
955
851
826
826
521
826
851
851
96
169
183
751
352
95
904
95
42
259
54
997
982
54
997
72
982
703
366
521
697
54
819
24
999
694
966
124
854
233
207
826
54
676
268
54
997
676
666
68
268
1001
54
997
72
666
31
42
268
54
997
144
144
470
694
826
851
824
582
658
582
31
582
95
904
703
582
703
259
307
868
188
26
993
704
452
841
47
851
826
207
826
207
68
96
904
769
68
194
521
1001
333
54
787
483
666
42
107
748
817
590
751
841
993
772
841
955
851
54
72
521
419
817
24
590
751
147
423
936
188
819
590
769
6
861
333
997
819
520
143
993
926
54
997
72
226
143
215
124
963
904
904
623
1017
247
886
165
997
289
21
21
469
219
54
997
219
105
469
101
359
359
54
708
24
359
101
415
342
636
463
714
927
21
219
469
469
469
469
469
415
936
997
399
817
24
359
359
704
768
200
415
826
826
826
230
536
658
133
265
133
265
54
997
372
619
3
619
3
154
200
282
870
731
42
354
366
354
748
776
1
354
521
1001
251
188
776
619
751
3
784
54
997
524
886
392
886
1001
251
997
67
431
159
693
521
251
188
24
215
207
637
784
200
282
963
963
886
22
983
264
54
176
700
700
202
165
997
914
855
202
392
202
730
54
997
822
590
6
366
366
250
22
115
597
713
713
713
91
269
269
269
916
239
54
819
795
162
162
680
162
206
60
777
86
139
830
269
91
269
91
162
91
269
598
239
162
162
736
162
736
162
680
206
485
165
147
485
1001
817
997
98
99
1013
383
1001
537
54
98
223
383
593
537
83
997
98
537
194
537
113
636
315
285
31
22
952
817
24
809
373
196
6
909
458
