1002
120
120
500
500
640
640
413
372
6
886
387
426
708
586
586
689
689
689
689
689
426
426
586
689
689
689
906
689
744
683
689
689
689
936
640
413
372
556
556
556
556
165
640
413
372
964
387
387
387
426
426
708
586
689
689
689
1001
822
689
689
689
689
689
744
426
819
689
42
689
772
640
640
817
973
963
452
6
500
107
817
640
413
963
751
387
936
552
973
963
963
683
426
426
817
963
963
963
301
775
307
817
188
963
316
963
301
398
107
251
552
819
963
963
500
386
301
200
500
248
500
946
104
640
640
413
982
387
751
792
792
1022
292
292
714
292
106
683
714
824
748
817
590
841
714
95
208
68
299
292
742
744
244
413
751
372
556
556
640
640
413
372
372
194
387
387
387
426
708
817
24
963
704
841
500
500
841
452
423
744
426
708
841
208
841
452
841
744
640
413
372
993
704
500
841
500
106
640
640
413
372
993
387
387
387
387
823
817
590
744
683
426
708
586
586
817
817
76
208
76
744
426
72
775
689
936
817
817
640
413
502
76
87
113
208
587
208
113
890
890
744
640
413
372
993
62
387
387
792
792
1022
1022
51
292
742
744
792
1022
1022
1022
292
292
292
292
292
683
244
292
292
292
744
640
413
372
556
556
419
817
640
640
413
372
993
724
387
140
817
24
426
708
586
586
689
775
689
689
689
623
423
454
689
744
426
72
689
666
31
8
251
640
413
372
556
556
556
556
936
640
640
413
372
387
387
387
744
683
387
352
387
387
792
792
1022
1022
292
292
792
1022
292
292
292
907
292
292
292
292
251
640
413
372
372
556
556
556
658
387
96
31
31
183
744
640
413
372
964
387
387
387
387
426
426
708
586
586
689
689
194
689
744
426
708
689
689
689
744
683
689
772
689
689
640
413
372
666
556
556
476
640
640
413
372
372
387
772
387
387
744
426
817
975
520
807
344
505
444
428
598
428
444
989
983
430
893
426
676
751
983
428
640
790
983
983
989
983
392
983
983
640
413
372
372
465
74
387
991
667
683
147
914
352
983
893
792
792
1022
983
505
983
428
792
792
1022
1022
292
292
292
292
861
744
640
413
633
940
352
909
724
444
513
444
70
821
742
893
640
413
372
886
642
444
387
893
426
708
586
983
1013
983
983
744
272
