300
792
1022
1022
704
292
704
292
292
861
640
413
372
372
909
556
556
387
861
744
640
413
372
372
387
387
387
387
907
217
426
819
586
586
194
689
689
689
689
689
689
426
708
586
689
689
689
689
689
689
689
251
640
413
372
429
556
556
689
476
943
640
819
26
372
704
387
387
387
387
387
387
792
792
1022
292
292
292
292
744
792
792
1022
817
1022
292
292
292
292
292
671
640
413
683
1022
226
193
299
751
268
683
868
640
24
590
704
344
387
387
387
744
426
244
708
586
586
775
689
689
366
476
1001
817
426
26
586
704
689
841
689
841
689
251
640
413
372
556
556
556
556
744
640
413
372
372
387
387
387
387
387
387
426
928
24
735
316
586
689
62
689
426
426
689
751
689
193
193
689
366
476
378
817
819
413
923
807
1003
556
556
149
861
943
640
477
372
193
193
42
387
387
772
792
928
1022
105
1022
704
292
149
744
792
1022
751
1022
292
292
292
886
31
8
744
640
404
193
352
666
193
31
683
352
936
868
640
846
923
344
807
387
724
387
426
708
244
586
194
193
689
689
689
742
936
817
426
846
807
316
61
689
149
689
587
671
640
640
413
372
556
556
556
556
772
640
640
413
372
387
387
387
772
387
426
817
24
923
807
704
344
509
689
683
244
676
689
689
689
689
689
689
689
62
861
251
640
413
372
387
556
556
387
831
640
640
372
387
387
387
387
387
387
772
792
792
1022
1022
292
292
366
268
744
792
1022
352
292
292
292
292
292
701
817
640
413
999
372
704
909
556
423
861
744
640
477
982
751
423
683
982
387
387
8
744
426
708
586
689
689
505
772
521
966
426
708
966
826
966
689
689
689
689
689
689
744
640
413
372
556
556
556
556
640
640
372
372
387
387
772
387
387
792
792
792
1022
1022
704
966
124
966
194
587
587
208
587
8
426
792
1022
292
772
772
640
640
817
24
372
993
704
861
966
640
413
372
966
940
966
387
387
387
194
387
772
183
426
708
586
586
689
689
689
689
426
708
586
689
689
193
689
936
640
640
413
633
940
556
53
556
556
646
195
646
556
352
716
683
964
556
932
42
190
107
251
640
290
372
387
387
352
683
83
413
372
940
966
556
429
140
817
24
387
387
387
140
83
792
105
1022
76
51
386
194
193
998
