1002
120
120
120
775
90
695
821
847
695
695
847
941
695
505
90
695
90
68
695
821
730
83
640
372
821
456
821
637
821
989
821
989
821
730
83
188
24
24
923
76
993
76
208
907
71
907
907
907
792
365
211
211
223
226
463
714
463
208
714
463
463
714
315
904
315
714
463
714
366
714
658
703
183
83
640
640
413
817
846
846
452
704
452
149
208
62
208
62
904
315
904
493
454
493
454
505
454
1017
454
861
106
426
708
708
586
586
689
321
834
193
689
775
476
107
426
708
928
24
586
316
704
689
1013
476
149
22
858
388
251
640
413
577
455
619
3
941
3
3
941
536
941
1008
315
315
354
674
354
40
354
674
354
354
195
614
614
792
792
640
24
1015
59
704
127
127
637
499
637
499
423
315
904
315
499
551
551
695
821
858
695
821
730
821
744
640
413
520
143
940
886
263
886
428
821
821
598
742
426
708
817
24
105
59
1013
127
637
499
551
499
730
893
426
708
586
666
689
42
689
689
505
550
321
821
861
388
955
955
826
577
455
619
569
466
941
284
975
188
24
640
640
413
59
737
127
1008
127
1008
84
1008
354
1008
614
194
716
551
354
1008
941
1008
354
205
730
792
792
1022
243
226
292
292
292
292
989
821
989
821
268
83
426
406
975
846
846
704
452
704
452
149
886
149
11
106
640
413
372
499
149
556
587
208
587
208
194
208
346
716
315
208
149
208
346
42
193
42
491
491
772
378
188
975
846
999
21
577
619
1008
127
1008
1008
941
1008
941
315
1008
941
1008
941
1008
941
1008
941
1008
354
1008
1008
744
640
676
1008
1008
941
149
354
858
145
1008
208
858
436
8
83
708
586
586
940
145
346
971
346
11
346
145
8
792
792
928
846
846
704
704
452
704
149
208
587
890
149
208
587
208
890
62
890
890
208
890
890
890
890
890
890
904
904
890
658
890
890
208
890
169
890
890
890
491
904
904
169
491
491
890
491
491
491
491
491
8
744
426
640
708
586
586
321
321
321
321
321
476
677
907
907
404
321
658
703
22
674
145
674
145
674
145
436
140
928
735
858
145
16
169
143
145
674
145
16
145
674
716
16
821
16
194
16
145
16
821
16
16
16
398
701
640
413
372
513
646
16
821
16
821
989
821
989
730
823
928
82
963
646
386
998
