1002
120
120
789
159
789
159
893
228
743
242
968
59
59
73
637
282
1011
821
1
1
821
193
1001
606
790
676
723
6
107
378
375
355
846
522
266
931
201
509
509
509
623
623
194
623
493
904
777
493
493
623
493
259
1001
343
546
820
439
297
949
152
949
369
379
693
693
927
31
682
107
606
479
982
666
932
183
724
343
367
239
574
503
574
626
270
626
270
598
270
626
270
20
270
20
598
364
787
270
20
270
20
762
562
743
243
20
270
736
270
270
270
20
270
20
379
916
597
606
717
633
76
91
485
504
375
78
846
522
316
316
201
86
509
86
509
86
441
86
441
86
315
904
86
927
769
682
307
543
546
546
743
243
226
737
3
598
1011
337
536
299
536
299
536
154
606
790
855
154
536
598
58
717
717
590
735
154
536
62
154
536
248
74
113
74
113
505
364
364
72
226
946
154
106
228
93
911
911
940
59
73
73
3
84
1011
821
1
821
398
677
606
929
676
653
3
154
378
380
78
846
522
316
931
201
509
509
509
509
623
454
927
623
598
777
904
429
623
946
74
476
287
762
93
820
726
653
940
784
113
784
113
84
113
454
113
454
315
606
479
964
653
196
74
831
762
717
735
963
653
441
154
536
598
536
58
536
536
154
429
154
251
364
787
536
598
536
154
343
762
93
413
911
940
909
73
364
72
914
84
3
154
106
38
929
676
84
196
84
107
378
375
355
846
316
316
316
931
201
30
30
149
441
441
30
946
904
315
30
441
30
946
485
343
546
546
820
296
726
171
73
171
131
598
1011
11
794
582
485
701
606
479
982
666
932
582
436
1001
562
135
993
993
76
993
73
96
95
96
703
582
703
582
703
904
5
703
703
582
183
595
595
380
809
846
316
931
91
931
901
441
86
901
86
441
86
441
86
315
86
269
86
108
86
269
35
315
315
269
86
269
86
269
269
269
86
269
86
269
269
724
269
269
86
834
86
269
485
977
595
762
546
743
243
815
297
815
1011
815
133
815
133
815
133
815
133
815
133
815
193
1016
693
436
701
432
98
105
383
976
383
976
668
976
668
976
668
976
976
976
976
976
668
976
976
976
668
595
228
93
828
383
940
1013
73
668
976
668
976
668
976
668
379
41
440
390
529
503
574
440
375
78
135
272
