360
120
925
925
925
966
832
925
832
832
925
832
925
832
832
832
208
284
182
793
125
209
28
832
832
832
832
90
832
90
972
90
90
852
90
136
852
564
686
309
117
90
90
90
852
90
136
90
90
309
90
852
461
90
90
852
90
564
564
512
913
913
125
651
651
651
651
651
651
90
309
90
852
852
90
852
90
852
90
564
512
913
125
125
90
474
90
852
461
90
90
665
90
852
90
852
90
852
90
564
686
512
913
913
125
407
90
173
90
90
461
90
309
90
90
209
90
173
90
90
564
686
512
913
125
125
173
90
173
173
581
173
309
309
173
90
581
581
90
173
90
581
686
117
125
125
695
90
173
275
173
90
173
90
309
90
407
90
849
90
849
90
564
686
512
913
125
125
173
173
173
90
90
581
309
309
90
173
90
173
90
90
564
564
686
512
913
125
90
173
90
10
90
10
90
309
309
10
90
581
90
90
90
90
564
117
117
923
807
344
344
275
173
90
90
90
309
173
90
90
90
90
173
90
564
686
512
913
125
695
90
90
695
12
90
695
90
309
90
173
90
173
695
407
90
564
378
885
885
846
316
711
711
711
209
711
711
711
711
711
711
711
711
711
711
28
564
686
512
913
125
28
807
28
456
421
28
28
309
309
914
62
28
28
28
28
564
564
686
512
913
125
651
651
651
651
651
651
327
309
117
914
830
90
51
830
299
564
564
512
913
913
125
440
440
386
20
270
270
20
309
309
20
173
20
461
608
794
564
564
512
913
125
125
665
173
775
679
173
299
309
309
354
136
173
90
173
90
665
564
686
512
913
923
923
807
173
651
10
94
173
665
309
173
90
173
90
366
90
564
564
378
885
885
846
846
711
842
711
711
711
711
711
711
842
711
711
711
711
711
28
28
686
512
913
125
28
28
28
711
621
28
28
28
117
842
28
28
28
28
28
564
564
686
512
913
125
125
472
651
830
830
830
830
309
117
125
830
830
209
830
830
830
564
512
781
793
440
440
440
270
270
20
270
20
309
309
270
270
270
425
425
20
564
564
512
913
793
807
438
472
651
723
830
425
425
309
309
425
53
425
830
830
20
564
686
512
114
963
963
704
505
452
700
568
568
611
309
611
454
611
505
769
193
193
861
378
885
846
719
