1002
120
120
120
173
393
847
823
117
914
173
90
173
90
173
90
564
686
512
913
125
125
90
173
90
173
90
173
309
309
90
173
90
173
90
173
90
564
686
512
913
125
90
173
90
173
90
173
75
885
846
846
316
711
711
711
711
94
564
686
117
846
846
711
711
711
711
711
94
711
309
309
840
94
28
898
28
28
564
564
512
512
913
125
995
440
461
608
608
173
270
309
270
327
173
90
270
608
270
608
564
686
512
125
125
90
173
417
651
90
778
335
309
309
417
830
335
830
335
417
417
325
885
846
846
846
846
711
711
711
711
711
711
711
711
711
711
711
711
28
28
564
686
512
913
125
28
28
28
28
173
94
28
309
309
90
28
28
28
90
995
564
461
686
512
913
125
125
125
651
651
173
90
848
309
309
852
90
90
173
90
90
564
564
512
512
913
125
81
651
651
651
90
849
90
309
592
173
592
218
852
218
173
564
564
512
512
125
125
440
995
440
270
608
270
608
309
209
90
90
852
852
90
90
564
564
512
913
125
125
125
81
852
852
852
919
852
852
852
90
665
852
90
852
852
919
325
885
846
846
846
846
36
711
711
919
711
711
309
919
209
28
919
28
919
919
564
686
512
913
125
651
651
651
651
651
651
919
309
919
852
852
919
852
919
852
919
564
686
250
913
125
125
651
651
651
651
651
651
651
309
651
173
90
173
90
173
564
564
686
885
809
846
999
209
919
711
711
711
193
919
919
919
919
919
852
919
919
919
919
686
512
913
125
919
472
919
852
919
852
919
117
632
919
919
852
90
852
90
564
564
512
913
913
125
911
651
651
651
651
474
919
309
919
830
919
665
919
830
74
564
378
885
846
846
846
846
711
711
919
711
711
309
919
149
919
711
919
28
919
168
919
686
512
913
125
28
28
28
28
90
28
679
309
117
614
849
679
28
28
28
564
564
686
512
913
125
125
665
651
651
173
608
848
309
270
270
608
608
53
608
270
608
608
686
512
809
735
316
735
452
704
704
452
711
711
117
711
94
472
94
28
94
28
564
512
512
98
98
976
383
28
130
549
461
130
309
632
676
297
130
3
173
90
564
564
512
862
125
804
440
386
440
386
608
386
608
200
608
270
90
386
193
193
769
703
686
885
809
272
