1002
326
120
953
384
507
1021
133
746
555
746
133
265
384
1016
384
598
195
555
354
195
195
195
646
195
354
195
674
436
598
803
354
354
195
5
195
354
674
354
16
354
674
354
16
5
354
436
46
786
102
433
930
118
384
1018
349
1005
152
362
210
892
892
949
892
662
892
311
1018
1018
709
1018
349
311
362
362
645
496
2
892
949
662
892
709
1018
46
786
877
102
433
433
645
142
692
176
213
311
916
1018
142
1005
142
692
616
645
142
176
949
142
892
142
692
311
692
1018
349
496
692
362
142
892
892
142
594
892
142
892
311
496
892
892
142
806
1018
496
692
362
142
362
892
142
892
496
892
311
916
892
892
496
142
176
892
142
198
142
594
1018
142
362
362
496
692
645
496
892
496
142
594
806
142
692
892
142
692
1018
210
142
1016
446
594
362
142
692
616
142
692
806
142
692
892
142
692
892
142
692
806
142
692
67
142
692
616
142
692
892
142
692
828
142
692
828
892
142
692
806
1018
349
110
496
692
806
541
186
645
297
949
22
384
892
384
892
16
892
892
311
1018
1018
349
311
384
362
362
1021
709
384
1018
768
768
977
803
109
662
645
662
949
662
662
308
662
308
308
662
662
308
662
308
313
786
877
828
930
229
662
308
662
308
803
176
369
308
369
308
662
308
325
142
320
229
662
308
662
308
662
541
249
308
996
308
369
308
662
308
893
803
176
369
308
369
308
369
308
369
308
369
308
369
354
703
354
662
308
762
692
594
204
932
1018
308
308
803
308
369
308
311
142
692
176
930
702
977
977
142
135
143
143
431
926
834
757
479
703
724
582
703
427
249
403
770
733
628
582
5
628
991
803
582
932
582
674
22
703
703
582
724
703
582
95
582
703
22
427
46
313
102
877
433
930
171
169
971
5
628
582
143
2
22
703
22
22
705
349
992
349
311
916
992
311
916
865
803
865
431
865
865
865
865
311
916
865
865
865
865
163
865
311
916
912
912
912
912
311
865
865
865
865
865
149
865
865
865
865
865
865
865
865
865
865
598
865
865
865
865
865
865
865
865
865
403
46
786
877
930
653
726
865
865
865
803
790
865
865
865
865
865
311
916
912
163
757
912
912
206
34
311
206
595
142
320
276
276
276
276
311
912
912
912
311
903
276
276
458
