180
912
912
803
1018
912
403
984
276
276
276
198
403
912
912
912
912
912
403
865
865
865
311
403
2
276
276
276
311
912
770
912
912
912
912
912
912
912
912
912
912
912
912
379
276
276
276
276
311
370
912
912
912
311
881
349
992
783
311
1018
1005
311
916
21
1021
1021
198
311
911
21
597
30
713
30
269
783
206
463
660
463
714
463
463
714
463
409
132
132
778
714
463
84
754
754
754
754
864
864
864
688
94
754
688
754
688
688
864
132
132
409
778
798
389
754
10
754
754
754
754
821
864
461
864
688
688
688
688
864
688
688
688
688
688
688
688
688
754
754
461
754
754
688
10
10
10
10
688
688
688
688
688
688
688
688
688
461
412
412
412
412
412
412
412
412
530
303
530
412
907
412
412
530
530
530
530
169
530
530
530
530
530
530
412
530
530
530
530
530
530
530
530
530
530
530
530
530
169
530
530
530
530
530
530
530
530
530
530
530
530
530
530
461
998
