360
120
385
613
23
671
163
219
469
219
469
415
682
14
240
844
749
445
722
185
76
613
613
14
844
988
641
2
619
569
619
3
154
671
288
240
749
105
508
593
508
23
613
23
671
14
27
749
440
76
613
23
671
288
240
844
722
722
185
385
613
23
613
671
288
498
508
713
508
113
613
113
113
671
671
934
82
508
508
385
613
14
240
844
749
818
585
185
23
618
190
936
240
27
877
288
607
722
508
23
613
977
14
27
749
753
219
585
415
469
415
469
476
14
240
749
722
722
618
385
613
23
282
777
904
95
829
139
398
5
398
116
217
14
240
749
105
185
383
23
613
23
671
288
69
185
585
185
113
613
23
772
71
343
240
749
722
508
385
618
23
613
772
671
288
498
574
185
190
618
190
613
682
14
844
749
105
185
976
383
23
613
671
295
219
585
585
219
469
415
469
415
701
288
498
185
529
722
618
23
23
613
14
844
749
219
219
469
415
469
415
5
476
288
240
749
722
185
385
618
23
613
14
27
749
574
185
548
618
23
613
23
671
14
240
749
82
242
385
385
613
23
906
250
69
450
508
508
196
508
682
343
240
27
820
289
239
162
736
736
23
613
14
240
844
749
597
713
508
23
618
23
671
777
288
371
585
185
385
618
53
977
14
844
749
105
185
976
618
190
810
288
498
240
27
105
736
23
318
190
936
240
27
749
185
185
548
614
613
613
14
240
27
449
503
385
385
618
23
772
5
250
450
508
508
508
196
682
682
772
240
27
749
239
239
470
23
613
318
701
240
27
749
508
508
23
613
23
613
671
288
443
185
585
185
385
613
613
14
240
27
749
185
574
618
190
613
703
427
14
27
27
749
105
185
23
613
23
14
240
749
219
219
469
618
23
613
682
772
595
595
240
27
105
59
385
613
23
671
69
498
200
185
429
613
23
772
671
240
27
749
105
445
385
618
23
476
671
498
498
585
585
185
386
440
190
20
20
14
240
844
749
371
385
618
23
613
671
548
577
288
234
619
569
619
536
154
154
14
27
749
239
239
162
736
23
613
671
14
844
749
219
469
618
23
613
23
531
288
595
240
219
105
618
385
613
23
450
595
585
585
185
196
618
23
613
682
288
240
844
503
574
185
190
613
23
613
386
288
272
