360
120
712
421
336
421
336
421
336
421
336
421
336
847
336
621
336
701
237
2
336
621
336
621
336
621
336
724
336
621
336
284
435
633
64
677
239
830
830
862
862
190
284
460
809
1015
660
704
887
472
36
29
29
149
629
29
29
111
629
29
29
29
629
29
629
111
898
435
629
29
898
629
29
629
29
629
29
29
629
29
29
629
29
629
29
29
111
629
111
30
104
104
406
516
460
743
7
633
472
887
441
627
29
335
29
629
627
523
269
523
29
523
29
104
29
104
406
406
516
1015
81
472
29
608
677
529
608
608
209
608
608
608
461
608
608
253
608
253
104
104
406
460
460
945
945
21
36
132
36
132
36
132
401
132
629
395
401
29
629
29
358
847
275
407
12
406
406
629
29
629
629
29
358
972
29
629
29
358
29
358
847
29
629
29
358
111
887
111
887
111
358
460
460
114
653
887
679
206
887
394
561
351
887
64
230
71
351
64
682
115
210
942
887
401
284
862
503
152
702
152
702
386
104
351
516
516
271
547
297
218
369
991
218
645
662
949
662
949
325
547
104
406
406
516
516
516
271
547
487
136
29
358
627
358
29
358
665
358
136
358
136
136
136
136
358
284
547
98
136
358
136
358
724
862
386
358
136
665
136
358
136
358
136
136
535
358
667
460
460
460
114
945
21
36
209
660
526
247
526
393
71
393
1009
529
36
70
887
991
401
211
211
535
198
351
351
351
548
889
660
456
203
336
421
336
421
336
421
336
421
336
299
104
104
419
406
406
289
449
36
36
472
887
395
679
712
401
29
712
421
627
29
401
29
104
538
538
94
275
401
712
218
218
336
218
849
275
94
538
94
849
849
63
64
63
63
818
795
284
460
460
114
818
574
503
29
608
386
336
421
336
421
336
421
336
421
336
421
336
421
336
421
336
847
336
421
336
421
336
21
21
795
29
318
70
318
29
318
29
104
70
56
406
406
56
406
406
36
461
472
36
627
627
319
627
209
627
401
840
627
842
627
627
319
627
209
21
627
319
627
319
472
627
319
627
627
319
627
319
29
627
319
627
627
319
627
63
351
56
460
460
990
7
516
472
36
472
472
401
472
887
401
29
132
409
132
887
132
409
401
104
63
351
351
516
942
679
369
218
218
719
