360
120
120
849
737
337
149
202
1017
454
1017
202
1017
202
1017
202
1017
202
1017
454
946
454
478
313
786
828
653
940
416
555
784
555
337
598
345
3
197
299
957
315
382
139
154
513
74
253
74
313
446
594
67
607
192
791
373
283
373
518
109
133
487
731
46
446
828
223
204
206
41
115
239
349
21
187
164
21
187
702
313
446
594
702
46
88
481
776
152
152
702
152
152
702
46
446
616
67
164
110
535
782
782
540
318
709
123
2
411
597
313
594
597
713
378
380
776
326
91
953
143
143
953
416
384
35
416
263
416
384
416
384
416
263
500
263
500
263
500
263
263
500
263
500
263
500
69
881
297
445
540
500
505
500
193
108
230
518
34
540
500
500
315
230
149
500
149
500
149
311
916
411
349
638
638
709
903
418
349
494
713
110
1014
709
71
1018
164
123
164
638
431
198
916
362
164
494
1014
110
1014
198
206
916
418
411
164
638
431
431
978
163
978
431
978
431
198
206
916
123
992
164
992
431
311
916
411
349
638
709
206
206
829
206
143
769
493
259
427
905
881
349
992
164
15
431
15
198
206
916
123
992
46
446
594
67
313
446
594
470
829
932
107
427
313
446
102
930
171
582
427
313
446
102
483
470
5
183
810
313
446
102
483
470
183
427
380
791
326
326
445
953
170
953
416
953
416
555
627
555
416
555
695
555
416
62
627
555
416
555
695
555
555
627
555
337
555
908
250
555
627
111
319
908
74
831
249
533
676
382
253
345
695
46
313
102
828
345
695
345
345
345
200
345
253
345
253
345
253
345
724
108
108
382
253
345
253
345
536
253
74
709
206
378
380
791
326
326
326
953
442
953
118
832
263
118
263
118
263
716
777
118
263
118
628
118
628
628
5
628
628
118
628
436
46
655
786
930
5
470
118
628
118
628
169
628
118
674
118
674
716
35
96
68
247
628
823
41
96
97
247
927
247
703
1001
1001
697
390
577
234
540
466
504
535
261
154
536
5
946
154
154
777
250
115
607
371
302
373
801
373
139
58
916
597
713
494
485
46
786
176
243
91
726
829
206
671
605
143
881
1021
164
265
323
731
905
265
133
959
206
206
682
163
143
881
71
596
682
772
1001
935
809
1015
234
569
15
154
810
446
594
150
154
540
154
998
