1002
504
894
143
97
366
419
192
78
641
881
187
152
702
541
533
301
301
152
301
152
301
338
905
301
301
1009
889
946
769
478
588
929
930
67
693
71
693
641
1021
487
53
265
133
53
133
265
605
663
533
829
682
641
338
786
930
67
213
816
598
816
369
816
709
903
932
582
703
427
606
479
304
5
131
11
346
11
724
890
810
370
82
242
465
338
905
176
693
829
927
247
68
194
96
140
894
96
927
366
183
579
367
289
881
992
431
15
431
15
663
903
641
349
992
431
15
367
176
855
1016
431
505
886
379
427
631
186
2
968
647
465
893
905
289
143
940
429
922
197
513
894
210
916
1005
782
598
323
776
905
67
540
709
663
991
548
143
769
366
605
991
259
641
370
320
390
82
836
647
465
922
71
434
579
1020
776
265
540
338
905
109
855
816
369
139
1016
1016
682
641
186
645
996
949
667
655
786
990
964
449
230
465
108
34
513
1009
434
164
311
210
970
176
315
702
1018
429
152
782
663
419
192
935
996
1005
213
782
1011
35
782
1005
1014
991
782
709
903
641
533
444
946
978
926
186
225
481
547
999
737
415
108
127
730
677
641
1005
1014
110
709
210
432
176
709
702
709
362
563
392
614
894
577
1020
239
736
663
970
52
99
383
976
383
976
626
680
916
894
533
996
769
259
541
192
743
283
795
76
663
693
115
99
383
677
239
162
736
162
701
597
162
162
736
162
680
663
693
435
588
380
373
283
680
384
598
450
373
384
373
959
903
693
436
641
1021
894
487
996
265
265
225
380
791
487
283
191
384
693
118
548
518
1021
555
170
311
731
35
69
731
555
782
730
677
434
1011
1009
645
645
392
816
977
693
289
1021
1021
265
991
959
362
307
273
753
607
2
373
71
380
818
326
445
953
416
953
416
555
416
724
416
384
416
677
548
35
416
384
416
894
5
416
730
403
786
289
1021
243
170
345
555
345
555
345
555
345
555
345
345
345
325
894
533
337
345
338
655
786
289
862
804
108
170
337
637
337
205
337
108
345
52
597
713
91
253
91
709
230
429
345
345
192
1020
914
345
705
370
633
441
196
337
205
337
253
345
345
894
345
2
753
597
91
273
166
914
518
108
518
345
5
345
248
345
248
345
253
345
345
338
367
914
345
299
548
345
345
345
253
458
