194
668
587
599
358
39
528
47
390
983
725
449
982
649
733
964
219
95
548
277
2
702
702
649
88
931
72
195
649
358
39
66
47
722
358
39
575
528
587
983
725
725
449
982
330
733
964
216
95
548
62
151
702
889
521
913
481
638
616
850
389
599
955
66
66
996
358
39
66
47
715
786
356
698
763
283
88
985
964
241
575
548
356
2
137
618
389
330
733
867
121
996
358
955
66
66
722
358
39
66
528
528
390
91
725
47
283
88
985
964
219
548
925
62
447
151
692
481
638
283
88
638
521
616
616
63
885
73
195
599
955
66
66
260
942
33
80
47
722
358
39
866
47
776
983
725
1010
73
260
983
444
1010
121
673
578
33
39
66
587
361
955
66
66
920
622
983
491
449
295
983
34
1015
1016
216
483
786
22
867
216
676
358
955
66
66
649
358
39
66
47
587
649
955
39
66
575
548
62
613
151
151
848
521
616
616
616
521
521
616
257
121
1008
548
262
2
241
409
786
609
862
697
66
920
217
217
217
528
779
983
2
763
19
649
88
964
618
88
219
548
958
356
2
719
835
276
562
466
466
429
609
862
620
66
787
217
217
547
528
983
983
1015
522
918
232
88
807
867
216
483
548
356
2
2
763
649
88
964
867
216
983
983
1015
618
216
649
88
964
867
644
598
262
2
960
763
548
925
960
531
216
897
942
77
620
44
217
217
217
528
779
983
444
1015
330
88
964
649
88
964
216
95
548
356
2
2
763
260
786
985
866
1006
983
983
1015
1015
216
95
548
434
2
763
503
341
942
77
66
66
217
217
217
528
528
748
912
167
457
88
964
283
88
867
219
548
958
582
2
2
835
160
848
1006
466
457
983
444
1015
372
659
24
224
774
232
109
341
942
862
620
66
787
217
217
528
779
748
983
1015
216
283
88
964
867
531
219
548
925
356
2
719
763
1006
562
160
232
69
199
712
682
698
787
217
217
217
531
295
435
444
419
618
1006
224
214
807
216
219
128
236
356
2
719
763
457
88
964
216
951
983
983
1015
466
283
88
807
964
216
95
925
262
2
763
295
548
434
960
763
519
897
942
799
66
920
217
217
276
528
528
983
444
216
330
88
964
216
88
964
219
19
548
356
2
2
216
722
786
884
985
47
983
983
1015
1015
528
534
