194
668
668
920
673
578
358
33
532
601
268
247
673
131
358
39
326
601
920
766
766
766
766
766
647
374
647
766
499
925
144
447
20
151
20
889
20
521
827
149
827
149
827
149
827
521
227
827
827
149
827
149
827
340
149
827
149
827
149
827
527
850
341
909
682
250
204
516
146
68
632
653
653
1010
953
735
953
735
435
231
138
735
149
735
149
827
735
227
735
149
827
527
788
757
598
559
961
367
23
281
152
135
333
735
274
735
433
735
788
409
368
231
618
735
542
735
527
735
342
41
448
448
719
735
788
897
316
909
48
204
967
645
645
766
766
653
766
215
80
766
766
757
637
559
97
425
679
835
461
562
387
387
274
71
274
71
788
664
737
637
961
27
832
35
152
443
443
387
274
507
618
71
71
788
119
551
231
324
566
71
71
71
71
224
71
71
71
153
788
334
897
53
147
458
204
815
815
645
766
766
653
766
766
374
766
766
212
671
231
324
566
545
513
142
888
543
224
888
142
142
372
788
765
279
559
27
800
832
679
160
443
387
387
507
507
274
828
402
212
671
331
164
566
891
979
167
95
598
1001
448
719
719
185
334
897
909
799
48
204
967
645
766
766
766
653
766
766
268
766
766
757
637
559
97
425
679
152
152
387
387
387
507
624
24
531
402
499
925
961
27
800
835
276
443
387
387
387
507
901
828
828
167
119
671
231
324
630
979
798
840
153
840
224
43
79
79
461
902
503
82
147
458
204
204
268
268
766
766
653
766
766
374
374
766
603
926
551
331
324
273
611
545
979
549
224
888
74
888
79
142
788
757
265
559
961
800
35
35
152
207
387
387
507
507
274
828
507
109
926
231
905
566
891
891
842
902
263
637
1001
448
719
763
185
411
897
909
799
48
204
967
645
645
766
766
653
766
268
374
766
580
499
559
961
800
832
835
152
152
387
387
387
507
507
828
402
765
598
961
27
800
690
835
152
461
387
387
901
507
507
507
902
519
671
231
989
176
176
979
840
659
853
224
43
888
43
624
79
109
676
609
909
250
204
967
601
645
766
653
653
215
766
840
840
840
951
671
331
324
566
979
142
902
722
358
33
39
532
601
766
757
598
559
27
800
573
835
553
152
387
387
387
507
507
840
828
36
128
637
144
405
