306
921
132
921
132
921
348
921
132
921
132
921
132
921
959
495
600
1002
600
1002
600
314
921
132
921
921
132
921
563
132
921
132
348
348
921
348
921
132
740
921
626
348
921
495
600
1002
600
314
314
921
132
921
921
253
824
238
238
626
238
96
31
626
248
314
619
959
495
495
502
984
502
819
517
238
819
928
819
517
819
238
238
928
819
517
819
502
238
238
984
238
502
248
502
563
327
272
327
272
502
502
750
502
805
1006
272
517
272
1006
819
238
819
517
502
750
819
517
517
517
819
517
327
517
327
489
750
1016
740
108
750
495
37
880
37
880
750
880
880
611
880
37
37
880
880
457
544
170
9
758
880
514
771
563
457
22
22
22
491
758
853
776
853
489
805
544
22
769
475
771
457
544
22
867
805
544
22
809
216
457
544
22
867
771
457
544
769
867
758
409
457
544
22
47
457
810
22
809
711
544
22
22
491
295
810
22
809
491
544
22
22
491
310
69
199
682
698
47
457
22
491
711
810
170
620
809
89
38
457
544
22
260
544
22
809
47
457
544
22
867
587
810
170
620
491
457
544
22
867
47
483
4
445
620
698
457
544
22
809
603
483
4
199
620
425
457
633
22
809
216
483
810
170
620
809
47
457
544
22
867
835
603
589
810
22
809
809
835
711
544
170
769
944
758
391
69
199
682
809
758
626
391
805
544
22
9
253
489
253
457
544
22
809
758
253
391
805
544
22
9
626
818
391
805
544
22
22
626
502
457
22
314
314
502
959
253
253
457
199
577
620
829
253
805
214
22
944
896
253
711
69
445
620
944
457
544
944
203
391
391
69
445
620
47
544
22
80
867
253
69
199
809
587
544
22
491
38
711
810
170
22
809
203
253
544
22
944
69
170
620
809
896
253
711
544
22
867
457
544
170
809
253
391
457
544
22
944
587
810
682
469
867
457
544
148
22
491
603
69
810
784
809
47
544
22
563
73
603
711
69
170
620
425
457
544
22
809
545
603
603
589
810
170
620
603
457
544
22
809
867
603
69
810
682
809
920
522
603
457
544
22
867
603
483
810
170
620
809
835
603
711
544
22
22
603
603
69
199
682
809
920
603
603
457
544
22
91
611
603
603
69
170
170
809
896
603
457
544
22
491
176
534
