194
668
668
482
603
603
69
810
577
9
9
920
412
412
603
847
870
164
749
542
842
603
69
810
993
620
9
412
920
412
38
603
190
225
839
77
885
601
920
412
412
594
368
594
271
594
271
271
271
594
271
271
603
266
170
577
291
449
69
810
993
885
920
412
412
412
271
271
271
271
603
483
225
91
665
829
449
726
554
310
483
810
170
620
308
835
271
310
263
131
958
120
120
728
504
52
619
937
937
937
937
937
937
304
304
304
304
304
118
847
107
749
749
702
702
456
739
739
456
456
456
456
304
304
304
304
304
711
847
478
164
749
740
496
304
734
304
304
304
24
304
304
597
79
232
232
118
368
107
749
749
529
542
529
732
529
529
257
529
529
546
780
780
711
847
478
989
749
542
496
780
734
780
780
618
688
688
688
888
79
79
232
264
368
922
164
749
563
254
734
780
688
688
688
688
688
688
688
688
688
232
212
478
478
749
749
542
496
529
257
529
546
29
546
29
848
546
546
489
771
119
847
478
749
749
542
638
722
810
577
885
920
412
920
412
594
513
603
19
266
578
993
620
601
920
412
509
870
594
509
638
497
638
638
638
638
121
266
225
993
620
601
920
412
603
722
810
993
620
920
601
920
412
594
271
271
805
847
989
749
271
73
121
722
810
577
9
9
758
496
21
248
603
19
69
170
725
291
308
726
726
726
711
368
922
749
749
943
943
726
943
740
805
847
989
943
943
842
121
722
993
577
620
920
920
412
68
632
594
603
483
786
170
620
291
308
726
554
726
310
847
870
164
749
943
221
943
221
310
847
158
749
943
218
527
121
69
810
577
885
601
920
412
412
603
711
810
170
978
291
308
726
554
726
554
310
69
170
978
308
308
726
554
310
263
824
1001
120
120
120
52
52
52
135
201
484
937
937
937
597
597
563
597
597
597
597
848
597
597
597
597
597
597
597
597
597
597
597
597
276
847
158
105
276
597
304
888
597
597
597
597
597
597
153
153
774
597
232
232
118
847
331
749
749
891
732
24
546
853
224
597
372
771
902
810
810
577
1007
9
787
758
51
928
594
758
271
688
688
688
888
104
232
264
847
107
164
749
542
842
69
810
170
9
9
758
38
979
888
232
805
847
478
107
290
501
501
638
805
810
906
