1012
839
77
920
920
412
195
599
993
77
642
920
412
603
69
319
39
885
412
603
711
422
170
115
454
271
594
594
271
594
271
271
271
220
393
271
393
159
159
257
159
159
220
159
159
340
159
159
159
159
159
159
159
159
159
159
340
159
159
431
159
159
159
159
159
159
159
159
29
159
125
159
159
340
159
546
29
121
266
839
77
885
920
412
587
599
77
885
412
920
220
594
220
220
73
982
599
993
642
920
73
63
993
866
953
340
220
594
220
594
220
546
375
546
220
545
257
546
29
546
29
257
220
546
220
159
159
340
546
257
546
29
29
546
29
546
29
257
29
546
29
29
340
159
546
159
29
29
546
121
266
839
77
885
920
920
260
319
884
291
412
295
509
73
73
726
271
603
589
786
884
291
308
308
509
726
589
319
39
291
308
726
912
63
221
221
943
310
283
319
509
308
221
726
310
266
319
884
291
308
726
633
481
291
308
726
943
221
928
22
943
221
943
771
673
786
884
291
308
308
633
22
491
726
943
241
589
319
884
291
726
260
319
884
291
308
726
726
509
622
541
291
308
943
943
221
943
221
901
221
943
221
327
327
327
327
327
372
327
327
327
327
121
266
319
884
291
308
308
726
913
319
291
308
308
726
295
633
884
291
308
310
633
319
985
291
726
726
633
319
884
291
726
633
319
884
291
308
726
633
319
884
291
308
726
633
91
491
554
221
554
221
221
221
901
221
327
221
327
327
327
327
327
153
740
153
153
153
153
153
153
153
153
153
153
153
153
153
153
153
153
431
153
153
153
153
153
153
153
618
153
153
153
153
153
190
633
91
89
295
633
249
223
359
91
960
703
276
774
774
232
483
633
91
89
89
260
319
884
89
295
599
993
77
532
920
73
195
599
33
786
885
601
920
73
603
483
599
33
260
361
39
532
587
599
143
77
532
633
359
89
920
75
603
260
319
884
260
359
91
89
89
295
633
91
260
359
91
89
89
633
481
491
295
359
91
89
295
359
91
491
295
359
91
89
260
359
491
89
295
633
91
89
935
319
491
310
786
359
91
260
361
884
89
89
295
422
589
633
884
291
89
89
310
589
633
884
291
308
308
310
589
359
91
291
308
221
221
221
431
221
310
633
884
221
221
221
221
901
534
