306
483
411
411
499
1018
576
576
681
681
681
762
762
844
844
844
528
623
623
905
285
285
216
483
390
623
285
285
285
95
413
559
961
97
388
835
918
762
160
901
918
276
232
119
551
700
105
105
903
544
499
41
448
519
411
411
1018
1018
576
576
681
681
681
762
340
844
844
167
36
429
623
231
285
285
285
988
390
623
285
285
285
95
413
559
97
97
566
216
390
623
623
285
285
285
519
670
231
905
324
566
842
457
34
419
844
411
411
411
1018
576
576
250
681
681
762
762
762
844
844
36
528
623
231
285
285
80
260
623
623
285
285
285
36
765
413
559
961
97
16
835
918
762
918
844
844
844
664
926
551
884
105
903
457
199
623
263
598
411
411
411
1018
1018
576
250
681
681
762
762
762
844
844
844
589
623
231
285
285
80
216
390
623
285
285
285
36
499
925
961
97
97
891
483
623
623
285
285
844
519
499
559
961
97
800
903
295
181
105
844
844
519
411
499
1018
576
576
681
681
681
762
762
844
844
844
528
390
623
905
285
566
216
390
623
623
285
24
216
95
413
559
961
97
388
16
918
762
762
918
844
1006
947
119
551
700
105
903
310
390
623
285
285
216
411
411
413
1018
576
576
681
681
681
762
762
844
844
844
519
390
623
905
285
285
216
390
623
623
285
285
216
95
413
559
961
97
566
276
589
623
623
285
285
216
503
623
231
285
285
285
216
390
499
41
1001
1022
411
411
1018
576
576
250
681
681
390
623
623
285
285
216
988
623
231
285
285
216
483
390
623
285
285
216
499
925
961
97
800
835
918
295
181
91
918
844
844
36
926
551
551
324
903
903
988
390
623
285
216
411
411
413
1018
576
576
681
848
681
762
762
844
844
844
109
390
623
905
285
566
216
988
390
623
285
285
285
409
499
559
961
16
566
763
589
390
623
285
285
216
503
1018
231
291
308
835
903
589
390
285
285
411
411
411
499
1018
576
576
681
681
681
762
762
848
844
844
528
623
231
905
285
285
216
589
390
623
285
285
216
95
413
559
961
97
388
835
918
618
918
844
918
844
402
926
551
700
105
566
216
544
413
1001
448
483
411
411
1018
1018
576
576
681
681
762
762
762
844
844
844
36
589
623
231
285
285
216
589
390
623
285
285
285
499
413
961
97
405
