194
668
668
948
948
948
466
988
923
144
905
1011
679
948
948
562
466
500
607
919
469
1011
442
948
562
562
466
503
82
360
114
155
841
510
645
14
14
691
572
460
640
337
442
948
948
948
466
988
607
144
905
1011
679
276
948
562
466
757
572
460
469
1011
442
948
948
562
466
503
53
592
669
669
841
510
14
14
14
500
923
803
640
493
442
948
948
948
466
109
128
144
905
1011
679
948
948
562
466
36
128
236
736
1011
1011
679
948
562
466
503
53
909
114
155
841
510
645
14
14
247
923
803
640
337
442
948
948
562
466
109
128
460
144
1011
679
679
948
948
466
36
128
236
736
1011
1011
679
948
562
466
519
82
316
114
669
841
510
645
14
14
167
500
607
736
337
493
442
948
948
185
36
988
607
144
469
1011
679
461
948
562
167
757
572
460
469
1011
442
948
562
466
402
897
316
592
669
841
510
645
14
14
90
500
925
736
337
493
948
948
948
185
109
907
460
905
324
679
948
948
948
466
36
500
607
736
1011
1011
679
948
562
466
503
53
316
114
669
841
510
645
14
14
90
500
607
736
337
493
442
948
948
185
519
907
144
905
324
679
948
948
948
466
36
499
460
736
1011
1011
679
948
562
466
503
53
909
114
669
841
510
645
340
14
90
128
460
736
337
442
442
948
948
185
109
907
460
144
324
679
948
948
948
466
36
499
460
736
1011
16
442
948
562
466
503
53
909
114
669
841
510
645
14
14
500
721
736
337
493
442
948
948
185
36
907
925
144
324
324
948
948
948
562
466
500
607
919
1011
1011
442
948
562
466
402
897
316
592
669
841
510
645
14
14
90
500
721
736
337
442
442
948
948
466
402
765
279
144
324
431
679
948
948
562
466
500
607
460
1011
1011
679
948
562
466
36
676
316
592
669
841
841
510
645
14
14
500
923
460
469
493
442
948
948
562
466
109
128
144
905
1011
679
948
948
618
466
36
128
460
736
1011
337
442
948
562
466
109
82
316
592
669
841
510
645
14
14
90
500
460
736
337
493
442
948
948
185
109
907
460
905
324
679
948
948
948
553
36
499
460
736
1011
1011
679
948
562
466
109
897
316
592
669
841
510
510
14
14
90
500
607
736
337
493
442
948
948
185
36
988
607
144
324
800
679
948
461
562
466
500
607
