320
663
663
663
663
663
663
663
663
633
663
663
663
663
663
663
663
663
663
663
663
663
663
663
663
663
663
663
663
663
663
663
663
663
663
663
663
663
663
663
663
663
663
663
663
663
663
663
663
663
379
663
663
663
663
663
663
663
663
663
663
663
663
663
663
663
663
663
663
663
663
663
663
663
663
663
663
663
663
663
663
663
663
663
663
663
663
663
663
663
663
663
663
663
663
663
663
663
663
663
663
663
663
663
663
663
663
663
663
663
663
663
663
663
663
663
663
663
663
663
663
663
663
663
663
663
663
663
663
663
663
663
663
663
663
663
663
663
663
663
663
663
663
663
379
663
663
663
663
663
663
663
663
663
663
663
663
663
663
663
663
663
663
663
663
663
663
663
663
663
663
663
663
663
663
663
663
663
663
379
663
663
663
663
663
663
663
663
663
663
663
663
663
663
663
663
663
663
663
663
663
663
663
663
663
663
663
663
663
663
663
663
663
663
184
663
192
422
422
422
594
94
94
888
937
341
341
120
341
707
422
422
869
716
604
604
869
105
869
341
120
341
422
212
869
105
341
707
869
192
237
886
74
196
79
387
77
710
710
814
865
641
641
641
96
96
96
142
96
112
1003
710
710
710
710
507
881
28
784
74
449
196
335
841
138
138
710
710
507
167
137
449
196
196
73
1003
138
138
138
710
710
507
457
752
697
697
946
946
94
707
279
94
279
869
894
212
869
716
869
869
869
120
894
869
185
869
869
869
869
192
74
196
196
1003
125
138
138
710
958
507
784
142
449
732
60
338
1003
1003
138
138
138
710
710
116
142
451
279
185
279
279
279
120
279
393
698
466
466
801
449
196
196
1003
1003
138
138
138
710
958
137
449
732
196
499
1003
1003
138
138
710
710
710
526
578
578
578
578
628
935
94
279
279
279
475
886
314
349
74
203
196
125
1003
710
710
710
507
784
865
330
96
1013
196
125
125
710
710
710
138
507
507
784
96
96
330
330
753
358
358
492
521
492
492
952
452
457
330
330
753
492
521
521
521
521
521
521
457
330
938
946
946
752
279
279
279
120
279
279
341
341
877
604
604
379
341
869
877
869
341
869
869
341
937
212
341
869
937
422
422
231
231
877
604
877
604
185
212
341
341
120
877
422
547
