115
358
358
358
492
50
608
50
608
50
608
50
577
609
96
140
714
330
554
358
358
147
774
147
50
608
50
608
50
608
50
608
50
608
50
608
50
608
50
608
50
608
50
608
50
608
50
608
608
608
608
540
608
540
608
540
608
608
540
608
540
608
540
608
540
608
608
540
750
165
540
608
540
608
540
490
540
490
540
750
490
540
750
165
490
540
490
540
490
490
490
490
490
490
490
490
490
540
490
490
490
689
490
490
490
490
490
490
490
490
490
881
490
490
490
490
490
490
490
490
490
490
490
490
490
490
490
490
490
490
490
490
490
490
490
490
490
490
490
490
490
490
453
490
490
490
490
490
490
490
165
490
490
490
490
490
689
490
453
490
490
1018
490
490
490
490
165
453
490
541
241
687
383
330
330
358
358
358
358
240
358
240
677
240
677
240
677
240
677
240
677
240
677
240
677
677
677
677
677
677
677
240
677
677
677
202
240
677
202
677
202
202
202
202
202
240
202
240
202
306
202
306
202
794
202
306
202
794
202
794
202
794
202
794
202
794
794
202
794
202
794
202
794
794
202
794
202
794
202
165
202
794
202
794
202
794
202
794
202
794
202
794
202
794
202
794
202
794
202
794
794
202
794
794
202
794
202
794
202
794
202
794
202
794
202
794
202
794
794
794
794
794
202
794
794
794
794
794
794
202
794
794
794
794
794
794
794
794
794
794
794
794
794
794
794
794
794
794
794
794
794
794
794
794
794
794
794
794
794
794
948
688
570
638
1003
108
954
336
275
966
407
954
336
966
966
637
336
336
966
793
954
336
498
966
793
954
336
84
966
637
163
491
591
494
637
294
80
591
494
954
294
441
244
494
867
290
154
244
130
290
80
244
244
312
80
80
244
8
312
689
80
244
8
312
80
244
244
312
312
80
8
8
80
80
80
312
312
513
513
80
513
8
23
513
513
513
8
513
513
513
312
8
80
513
513
154
8
513
513
513
244
513
1018
1018
8
157
513
513
513
244
8
513
513
156
146
156
146
146
156
154
156
513
513
244
80
513
513
8
244
513
513
156
244
156
513
513
156
156
156
156
1018
156
114
156
154
631
631
511
993
993
110
11
11
11
11
714
661
570
335
401
432
138
710
710
710
710
138
138
432
770
