320
345
345
433
345
345
345
433
433
345
345
345
433
110
345
345
345
433
433
345
345
345
433
433
345
345
423
433
433
345
345
345
433
433
345
345
345
433
433
345
345
345
433
433
345
423
345
433
110
345
345
345
433
433
345
345
345
433
433
345
345
345
433
433
345
345
345
433
433
345
345
345
433
433
345
345
345
433
433
345
345
345
433
707
345
345
423
433
433
345
345
345
433
433
345
345
345
433
433
345
345
345
433
174
174
295
295
295
295
295
295
423
264
295
105
422
422
35
35
110
35
35
35
35
35
35
295
295
295
295
295
295
423
295
295
423
295
295
295
295
295
295
295
295
423
295
295
295
295
393
295
192
661
330
999
358
358
502
261
578
578
1021
86
68
330
79
358
1021
191
191
420
432
420
881
420
692
420
237
96
811
191
191
901
96
999
358
358
182
182
182
261
182
261
182
261
182
182
261
432
191
432
811
432
432
165
811
191
191
96
578
811
191
191
191
577
811
432
432
35
35
35
35
1018
35
35
35
35
35
35
35
35
35
35
680
35
212
869
212
869
716
869
174
279
295
185
422
422
422
279
279
120
295
295
295
295
422
422
422
422
212
212
212
869
212
869
422
422
279
279
295
295
295
105
295
295
422
110
105
295
295
295
423
295
295
422
105
959
35
661
31
330
79
358
432
432
432
432
432
432
432
432
432
432
432
432
330
96
358
432
432
432
432
884
432
432
432
432
432
432
432
432
432
432
432
432
432
432
432
432
432
432
432
432
432
432
432
432
432
881
432
432
432
432
432
432
432
432
432
432
432
881
432
901
688
432
432
432
432
739
432
432
432
432
116
35
35
35
35
35
35
35
35
35
35
35
35
707
35
35
295
295
295
295
295
295
707
295
295
295
295
295
295
105
295
105
295
423
295
295
295
295
105
295
295
295
423
295
295
295
295
192
801
330
850
330
330
578
358
358
358
182
261
502
261
502
884
182
577
330
330
330
358
432
432
432
432
432
432
432
432
432
1017
432
432
432
432
432
432
432
432
432
432
143
432
432
432
432
432
432
432
432
322
432
432
432
419
419
419
419
110
419
419
661
886
432
432
901
142
432
35
35
35
35
35
419
35
35
680
680
680
35
212
35
422
422
279
279
295
295
547
