320
301
979
301
979
979
979
301
979
633
979
852
833
979
979
979
852
301
301
301
301
852
979
979
301
124
852
979
979
979
124
852
45
979
45
124
852
45
852
184
124
852
979
979
45
573
852
45
852
45
124
852
45
852
45
124
852
45
852
45
124
852
45
852
45
124
852
45
852
45
124
852
45
852
45
124
852
45
852
45
124
852
45
852
45
124
852
45
852
45
124
852
45
852
45
124
852
45
852
45
124
852
45
852
45
124
852
45
852
45
124
852
633
852
45
124
852
45
852
45
124
852
45
852
45
124
852
45
852
45
124
852
45
852
45
124
852
45
852
45
124
852
45
852
45
124
852
45
852
45
124
852
45
852
45
124
852
45
852
45
124
852
45
852
45
124
852
45
852
45
124
852
45
852
45
124
852
45
852
184
124
852
45
852
45
124
852
45
852
45
124
852
45
852
45
124
852
45
852
45
852
852
45
852
45
124
852
45
852
45
124
852
45
852
45
124
852
45
852
45
124
852
45
852
45
124
852
45
852
45
124
852
45
852
45
124
852
45
852
45
124
852
45
852
184
124
852
45
852
45
124
852
45
852
45
124
852
45
852
45
124
852
45
852
45
852
852
45
852
45
852
852
45
852
45
124
852
45
852
45
852
852
45
852
45
633
852
45
852
45
852
852
45
852
45
124
852
45
852
45
124
852
45
852
45
124
852
45
852
45
633
852
45
852
45
124
852
45
852
45
124
852
45
852
45
124
852
45
852
45
124
852
45
852
45
124
852
45
852
45
124
979
301
852
45
124
852
45
852
45
852
852
979
852
45
124
852
45
852
45
852
301
979
852
45
124
979
979
893
45
852
301
301
852
45
174
799
348
348
348
47
631
631
631
47
393
47
631
192
688
638
638
638
638
275
265
265
265
265
149
149
149
149
236
236
149
149
149
149
149
149
149
149
149
149
149
236
149
236
236
149
236
236
236
236
236
236
236
236
236
236
236
236
236
236
236
236
236
236
236
236
236
236
236
184
236
236
236
236
236
236
236
236
236
236
236
236
236
236
236
236
236
236
236
236
236
236
236
893
236
236
236
236
236
236
236
236
236
236
236
236
236
236
236
28
481
348
829
688
638
638
638
638
1003
1003
1003
710
149
149
186
