194
668
971
971
346
346
346
346
346
482
346
346
346
603
565
141
161
760
80
357
146
68
346
622
435
198
273
346
543
543
888
888
465
888
24
54
43
54
54
440
179
95
11
694
582
165
382
382
102
102
102
397
397
276
666
274
428
428
428
428
428
428
428
428
428
428
428
552
525
565
171
161
630
357
357
133
133
428
533
703
518
179
525
141
922
161
995
357
357
133
618
622
533
931
179
50
555
199
697
697
967
967
971
971
971
397
397
971
971
346
312
312
346
346
346
346
346
888
346
54
440
54
179
565
141
161
760
357
357
133
133
133
533
533
931
979
372
543
543
440
54
440
54
24
54
54
440
24
54
179
446
11
694
582
382
382
382
102
102
397
397
666
666
666
274
484
428
428
428
428
428
428
428
428
428
428
402
565
141
171
161
357
357
133
133
133
848
533
931
518
639
409
565
141
161
995
357
357
133
133
552
533
985
179
555
199
360
697
642
967
967
971
971
397
397
971
971
971
346
312
312
346
346
346
346
346
346
346
346
346
346
492
525
141
479
760
454
758
254
133
372
790
533
848
142
406
780
58
406
840
840
840
840
125
840
840
54
179
446
11
694
582
382
382
382
102
102
102
397
666
666
666
666
428
428
618
428
428
428
428
428
428
618
428
402
757
565
141
161
995
357
357
133
133
133
533
444
703
54
334
565
141
161
161
357
357
133
133
133
533
533
867
179
109
69
148
360
697
642
967
971
971
971
971
397
971
971
971
312
312
346
346
346
346
346
346
346
888
494
142
440
109
565
141
922
161
357
357
133
133
133
622
533
931
566
888
543
776
17
848
54
440
54
54
54
440
54
54
179
757
11
11
694
165
382
382
102
102
102
666
397
666
666
397
428
428
428
428
428
428
428
428
428
624
406
406
409
565
870
760
995
357
133
133
133
133
533
133
54
788
525
141
922
161
566
357
133
133
133
982
533
985
867
334
50
555
360
697
642
967
967
971
971
971
397
884
971
971
971
312
971
346
346
346
346
346
346
346
346
346
346
409
565
141
161
760
357
357
645
51
51
312
533
419
346
513
543
543
888
848
888
54
104
54
440
54
440
179
190
11
694
694
165
382
382
102
102
102
397
397
666
666
274
428
428
428
428
428
428
534
