625
762
590
757
150
107
762
762
762
288
69
69
667
1017
13
13
496
137
288
69
69
125
781
13
13
491
912
205
529
583
357
762
762
241
996
288
69
69
125
13
739
174
174
63
151
279
41
589
762
762
152
611
411
79
387
77
77
77
865
91
91
91
232
146
146
56
56
280
267
282
69
667
13
402
13
495
288
69
667
13
13
13
762
137
447
288
69
335
43
13
762
762
495
961
69
338
667
13
107
496
496
915
763
881
529
777
762
762
762
762
996
288
69
639
667
13
402
495
288
69
667
781
13
13
402
762
996
288
1023
338
639
13
13
1017
878
797
205
323
165
529
323
762
137
700
411
69
667
13
13
541
541
996
288
69
387
387
492
641
91
91
763
91
91
91
91
56
56
113
267
411
487
102
274
444
159
489
146
797
445
576
445
116
576
445
576
996
288
1023
487
274
557
489
878
489
797
576
171
576
576
576
576
541
996
288
1023
102
274
444
445
113
288
1023
487
289
274
576
609
76
1012
33
411
387
387
444
13
878
76
237
33
1023
25
274
557
159
489
797
797
797
576
576
576
576
576
576
797
267
1023
487
102
444
576
576
280
996
267
411
487
102
557
444
23
797
797
797
576
576
576
576
541
510
912
757
576
445
576
541
165
495
912
757
151
445
445
476
541
237
848
267
1023
102
444
274
576
445
237
288
487
289
274
445
689
758
152
267
33
554
25
274
557
739
811
797
797
576
445
23
445
445
541
68
33
411
487
102
444
159
576
159
797
797
576
445
576
445
881
445
996
912
757
576
445
445
445
510
288
487
102
881
326
576
541
901
687
288
1023
487
151
56
627
811
627
1002
351
941
708
204
708
204
728
797
797
583
728
728
583
541
541
996
288
1023
487
639
851
204
708
541
237
848
1013
487
727
627
627
811
56
727
31
611
1023
639
289
274
728
797
797
797
583
728
728
541
541
840
288
1023
289
583
728
541
541
840
288
1023
487
289
274
851
583
280
24
405
63
252
399
399
988
466
392
33
484
387
387
77
77
77
865
763
205
205
116
529
23
762
241
288
411
69
639
43
13
13
13
491
915
687
757
151
762
23
762
241
288
411
387
387
77
77
77
739
763
763
205
247
529
529
529
762
996
288
69
639
667
13
13
762
465
288
69
639
667
186
