625
1010
145
806
171
217
540
828
308
704
241
463
463
463
980
1016
387
721
38
38
544
544
113
569
105
399
185
105
957
105
463
463
980
570
338
721
563
38
563
705
12
705
12
138
12
498
12
498
498
498
498
658
498
498
498
498
498
498
658
498
806
498
498
498
498
498
498
498
28
422
463
980
570
338
142
721
721
77
710
498
498
658
658
498
498
498
498
498
498
658
658
658
658
806
1008
982
116
498
658
498
498
498
498
498
498
806
806
1008
142
569
585
113
463
980
980
104
982
38
77
138
710
710
710
12
138
276
12
479
479
587
276
276
360
479
360
276
276
587
658
881
496
658
658
20
20
20
154
105
308
957
463
463
463
463
980
1016
387
142
563
142
563
119
489
171
171
326
171
968
87
968
583
963
583
797
797
190
583
190
190
190
190
190
190
20
248
308
806
422
1009
463
463
463
980
980
559
351
941
851
119
145
119
145
773
806
773
806
773
145
773
145
145
773
145
773
915
145
773
145
974
145
145
974
806
806
145
773
145
974
145
583
145
583
145
763
145
393
145
393
145
393
145
393
145
583
145
393
423
957
337
128
1008
1008
697
559
851
941
145
119
544
704
569
569
308
308
393
1009
1009
937
463
463
463
980
1016
982
38
544
544
544
544
113
20
231
1009
423
1009
393
1009
393
1009
463
463
392
980
104
982
38
544
544
544
544
20
154
20
658
20
165
20
20
20
241
463
463
1008
1008
582
308
399
308
544
1009
393
1009
393
806
806
105
957
110
337
463
463
980
570
982
38
544
544
544
544
20
337
248
582
348
212
1009
707
105
192
463
463
392
980
104
982
38
544
544
544
544
20
20
20
806
20
20
20
154
20
20
20
20
915
105
1009
393
1009
1009
423
1009
1009
423
806
1009
393
1009
393
1009
1009
337
463
1008
980
1008
582
308
704
308
393
1009
1009
423
1009
1009
1009
393
1009
393
337
463
463
392
980
982
982
544
544
544
544
544
20
20
110
248
105
1009
680
1009
652
463
463
463
980
980
715
289
941
851
119
489
171
659
171
806
811
306
50
306
50
306
50
306
50
797
50
306
50
306
828
901
50
306
50
306
773
116
50
217
828
828
113
463
1008
346
559
889
851
119
145
119
544
540
145
540
145
583
145
828
308
20
463
1008
1008
1008
582
110
94
422
422
547
