320
754
754
754
754
754
754
754
752
594
435
754
754
754
154
754
640
154
640
754
640
671
154
671
640
671
640
671
640
741
640
671
948
752
594
671
671
628
671
671
752
752
671
671
671
120
671
671
671
23
671
671
671
157
671
671
379
671
671
671
671
671
671
671
671
671
671
671
671
671
671
74
254
570
559
935
667
13
276
309
309
309
309
309
309
309
309
309
309
309
309
309
309
752
594
309
309
309
309
309
309
309
309
309
309
309
309
309
309
495
1018
309
752
309
309
309
309
309
309
309
752
752
435
435
309
752
309
309
309
309
309
309
309
309
309
309
309
309
309
309
309
309
948
594
309
309
309
881
309
693
762
309
241
752
752
752
435
435
309
309
309
309
309
752
309
309
752
594
309
309
1018
309
309
309
309
309
241
752
754
880
880
880
880
103
754
861
754
861
754
628
671
628
752
752
935
935
935
449
570
684
935
935
818
492
935
723
723
723
723
723
752
165
723
723
818
723
723
723
628
723
723
723
723
723
723
723
723
723
564
564
723
418
418
418
418
418
492
564
492
564
492
564
492
418
492
776
492
723
492
723
723
723
723
723
723
723
723
723
723
723
723
723
723
723
723
723
723
723
723
723
723
723
723
723
723
723
723
723
723
723
723
723
723
723
723
1017
723
723
1017
723
723
1017
723
723
723
723
723
723
723
723
723
723
628
723
723
723
723
723
723
723
723
418
723
723
418
723
723
723
723
818
723
818
628
818
628
818
628
935
935
935
935
935
935
752
697
697
935
935
564
492
564
418
564
564
564
564
564
564
564
564
564
564
564
418
418
418
418
418
564
418
564
689
418
418
564
564
564
564
564
564
252
564
564
564
564
564
564
564
564
564
564
628
564
564
564
564
379
564
564
564
564
418
564
564
564
564
418
564
564
564
564
564
564
564
564
564
564
564
564
564
418
564
564
564
564
564
564
564
564
564
564
1017
564
564
564
564
564
564
564
23
564
564
422
752
422
935
399
935
935
935
418
418
564
564
628
564
564
564
418
418
418
418
418
418
418
379
418
418
418
418
418
671
152
74
254
223
935
334
935
935
489
723
723
723
723
723
723
723
723
723
723
723
723
723
723
723
723
723
723
723
723
723
723
723
723
723
723
723
723
770
