994
16
83
450
16
772
179
772
450
179
450
307
450
55
442
442
772
523
450
179
986
442
83
955
307
16
83
179
179
189
442
575
575
16
83
450
30
307
377
83
772
772
55
377
179
179
772
179
523
772
179
16
83
189
772
179
179
450
30
377
772
83
179
523
16
30
772
83
139
189
16
179
986
307
772
139
450
16
55
377
83
450
450
148
16
772
55
377
83
575
986
772
307
16
179
442
442
307
772
450
772
139
179
179
55
16
83
772
139
16
83
772
148
179
179
189
450
189
139
575
16
523
148
442
772
139
450
30
986
189
30
30
772
772
986
189
55
442
83
139
575
377
30
83
83
179
772
772
442
955
179
575
30
83
83
55
450
148
442
523
772
189
986
575
442
83
55
377
83
986
189
148
189
450
83
772
523
179
986
986
986
523
148
148
377
83
772
55
30
307
986
179
179
450
189
16
16
986
83
189
442
83
16
16
83
179
450
442
450
55
55
986
450
307
772
575
189
307
523
55
377
189
83
986
986
450
55
986
442
986
575
189
442
986
955
772
450
307
450
575
442
83
772
179
523
772
523
772
83
189
986
442
307
575
377
442
179
772
986
55
575
30
148
307
148
772
55
377
83
179
139
575
55
450
450
772
139
377
772
377
16
83
55
30
30
83
83
83
442
772
179
179
179
772
450
307
377
16
16
523
148
148
523
772
179
450
55
189
189
450
179
955
55
450
523
83
83
83
772
450
30
16
772
772
179
139
772
179
450
377
307
16
83
523
139
179
450
955
986
179
179
575
307
83
377
148
450
179
986
179
179
442
377
139
189
30
30
442
148
575
30
179
179
307
523
189
450
986
575
30
189
442
83
450
55
30
179
442
148
986
986
523
148
16
16
139
55
523
179
189
307
307
986
986
307
55
307
575
450
189
30
986
179
955
179
179
55
179
772
179
148
148
307
179
179
450
307
986
55
955
450
55
55
575
450
307
450
139
179
307
575
30
450
179
55
523
139
55
179
442
16
450
16
83
450
450
450
377
523
523
83
16
16
377
772
139
179
772
450
575
575
307
30
83
772
523
16
83
575
772
523
179
523
772
772
523
772
772
179
772
450
575
377
83
986
523
986
307
377
83
772
83
83
450
307
772
55
450
986
734
