994
450
55
55
55
575
83
442
575
575
30
307
16
139
148
523
307
442
377
772
307
83
307
16
139
772
83
450
955
148
377
16
16
377
179
189
55
986
179
179
772
148
377
575
307
179
30
450
450
986
986
450
450
307
523
575
442
986
772
772
575
523
83
450
772
55
139
450
16
30
179
16
307
179
179
986
55
30
30
16
30
179
442
377
83
83
16
377
450
55
575
442
575
523
83
772
148
575
575
442
442
148
575
986
83
307
377
83
139
16
139
986
523
179
55
30
986
986
179
179
30
83
83
139
986
148
450
179
189
450
307
179
179
179
772
55
986
179
450
986
986
55
307
377
148
16
139
55
307
450
986
55
450
307
179
179
179
55
450
450
772
83
575
442
986
307
55
450
189
307
450
55
523
139
772
55
523
772
986
55
139
16
523
139
307
307
307
55
55
55
575
442
189
55
772
955
450
442
30
307
442
307
179
450
189
986
55
377
986
986
986
986
307
442
148
16
189
148
377
83
772
179
450
450
772
139
189
179
179
450
450
955
450
523
189
986
179
450
575
986
148
16
83
955
442
986
772
575
450
179
523
450
450
179
575
307
523
772
575
16
148
30
83
83
772
986
307
189
307
772
523
772
16
16
986
955
450
189
189
523
523
986
179
450
450
307
523
377
83
523
189
442
442
523
83
772
772
772
179
179
575
55
83
189
986
148
442
148
442
189
307
179
30
30
986
179
523
523
148
772
179
307
575
16
139
179
450
16
772
55
575
16
377
148
377
523
83
307
307
179
179
148
377
377
772
83
575
442
523
442
442
189
986
575
442
986
307
523
83
986
986
450
55
523
772
986
450
307
16
148
442
377
377
377
83
83
772
523
179
523
16
179
179
16
139
179
189
450
450
986
307
377
148
377
16
377
307
772
307
523
139
307
179
772
523
307
179
450
986
986
148
772
575
16
139
307
523
179
30
523
83
179
55
523
523
772
55
307
450
575
30
16
450
575
189
307
523
179
307
179
307
377
83
139
189
179
772
179
442
16
307
772
523
377
139
442
189
955
442
307
986
55
189
450
55
307
139
189
450
307
986
575
575
307
575
575
442
307
307
55
575
55
442
83
523
450
772
772
986
575
377
307
16
83
986
307
523
83
523
734
