625
737
364
766
595
339
43
176
176
176
176
364
364
749
879
879
879
879
879
129
595
339
176
781
481
364
595
339
176
176
739
687
167
280
758
875
1002
367
350
889
200
364
243
835
367
889
628
483
609
534
534
844
875
118
796
889
319
200
86
844
129
595
913
574
274
778
200
534
1012
766
766
835
350
889
319
319
609
86
875
129
824
856
274
778
200
534
844
875
118
367
889
193
319
609
364
875
1002
367
350
889
483
483
534
534
844
875
129
339
339
176
176
176
176
510
534
364
879
879
879
879
129
595
339
43
176
176
176
364
243
595
339
176
176
176
176
618
510
766
766
595
339
43
176
176
176
514
364
364
879
879
110
879
879
129
595
339
176
176
481
1
243
595
339
739
43
167
901
758
243
118
367
350
889
534
764
364
875
367
350
889
151
237
534
714
844
844
129
835
796
889
319
86
510
590
751
931
856
274
778
778
778
609
534
844
766
129
367
796
350
889
319
319
319
319
319
319
609
86
879
844
129
595
796
856
274
778
778
602
602
602
618
342
534
534
714
758
875
129
339
856
856
778
778
778
618
364
63
399
879
879
879
399
879
879
267
595
339
856
856
778
778
618
364
875
595
339
856
856
176
602
602
618
364
844
766
595
134
856
176
778
778
364
561
749
879
879
879
879
875
33
339
856
856
856
778
609
364
816
339
856
856
778
778
778
618
996
364
875
595
339
856
856
778
778
778
364
364
749
749
879
879
879
875
33
339
856
856
778
778
364
364
595
856
856
856
778
778
618
618
141
766
875
595
339
856
176
778
778
778
364
561
749
707
879
879
879
875
129
339
339
856
778
778
364
243
339
856
856
778
778
618
280
364
875
595
339
43
856
778
778
778
364
364
749
399
988
879
879
129
595
339
856
856
778
364
364
595
339
856
856
856
778
778
280
364
766
129
595
134
856
778
778
778
778
364
561
749
879
110
879
879
879
875
595
339
856
856
778
200
364
595
856
856
856
778
778
618
784
364
766
595
339
856
856
176
778
778
618
364
561
707
988
879
879
879
875
129
339
856
176
778
778
364
243
595
339
856
176
778
778
618
388
437
243
129
339
856
176
778
778
778
778
364
561
749
879
879
879
875
595
339
856
176
778
364
364
339
856
856
770
