115
824
351
870
306
870
306
870
870
870
306
870
306
870
306
870
870
306
577
811
870
306
870
306
870
306
870
306
609
158
318
629
74
178
999
372
372
368
368
240
286
240
240
240
202
240
202
240
202
240
202
240
240
240
202
240
202
240
240
240
202
240
240
202
240
202
240
202
202
240
202
240
202
240
202
240
240
202
240
202
240
202
240
202
240
202
202
202
202
202
202
202
202
202
240
202
240
202
202
202
240
202
202
881
202
202
202
202
881
202
202
202
202
202
174
271
913
913
892
892
672
209
12
209
317
209
317
209
317
209
317
209
317
209
165
317
259
317
259
317
259
317
259
113
510
590
303
150
150
107
107
107
107
154
599
599
599
599
599
599
599
599
154
599
599
154
599
599
599
599
599
154
599
599
599
599
599
599
599
137
68
178
999
351
941
351
870
306
870
306
870
306
870
306
870
306
870
306
870
306
870
870
609
477
271
913
892
672
705
672
209
899
314
314
764
629
110
993
993
993
993
993
993
185
993
11
801
271
913
25
672
705
672
209
12
209
317
209
317
209
317
209
317
259
609
158
827
922
629
207
477
303
150
781
107
399
737
590
303
335
43
781
209
209
317
259
317
259
259
317
259
317
259
259
259
110
976
342
318
922
522
761
673
673
147
774
147
504
469
504
469
504
469
504
469
504
469
469
469
504
609
158
922
207
178
440
40
985
566
286
57
286
57
378
995
922
629
589
993
993
207
590
367
378
922
243
318
178
178
999
372
985
166
368
166
398
166
398
166
398
166
110
166
398
166
398
166
606
378
140
827
916
440
372
995
922
629
522
835
440
40
122
995
922
477
835
350
122
728
165
113
207
590
913
892
672
209
317
209
317
209
317
259
259
259
259
259
259
259
259
259
259
259
259
158
629
522
835
367
350
122
728
583
728
583
728
583
881
728
728
583
145
828
165
158
318
629
207
916
440
372
985
166
368
166
126
166
126
166
398
166
378
995
922
207
590
582
63
399
207
318
207
916
440
40
985
566
286
240
286
240
202
240
202
240
202
240
202
240
202
240
202
240
202
240
202
240
202
240
202
202
202
202
145
202
145
202
240
202
145
57
202
145
378
995
207
590
303
150
150
43
107
209
317
259
259
881
259
259
186
