625
591
327
163
518
591
428
163
620
591
428
379
620
591
428
163
620
591
428
294
1020
594
435
294
591
281
163
823
591
428
163
56
591
56
775
961
104
841
275
21
722
971
21
327
953
518
234
327
163
948
409
384
570
104
841
21
21
722
971
591
327
163
518
591
327
163
518
591
428
163
756
591
163
294
591
591
163
294
591
428
948
409
559
661
779
25
401
108
108
108
412
412
7
896
896
491
687
146
998
998
459
459
823
294
693
693
756
756
90
90
90
90
409
58
447
384
528
104
401
841
21
21
637
163
620
327
163
379
591
327
163
518
591
327
163
620
591
428
294
620
591
163
294
620
591
163
294
591
591
163
594
591
428
163
628
591
428
163
379
591
428
948
409
384
528
315
401
841
21
21
953
336
620
327
163
518
591
327
163
756
409
75
183
104
841
21
108
722
518
327
637
163
620
327
163
491
591
327
163
294
591
428
163
157
591
163
163
620
591
163
241
409
409
384
369
25
401
401
275
275
878
412
412
412
998
739
146
624
491
146
146
459
146
142
56
627
727
220
627
56
56
56
56
56
409
714
384
570
401
841
275
275
878
412
412
412
998
998
998
744
693
693
459
693
693
90
90
90
90
90
90
90
693
693
693
693
693
740
1020
594
90
90
90
23
90
151
628
823
628
151
241
409
465
369
104
387
721
275
491
896
674
75
998
998
998
56
409
409
1
369
779
25
108
108
77
971
896
756
412
281
75
954
216
756
58
727
142
334
151
220
220
56
58
727
151
627
58
56
56
627
56
627
267
369
25
401
275
275
188
412
412
412
412
998
188
896
896
896
459
459
459
998
998
965
693
693
693
756
426
90
90
948
409
384
961
104
841
841
21
275
722
620
327
953
518
591
327
163
491
591
327
163
518
591
428
163
620
591
428
491
287
591
163
491
591
332
163
457
1020
912
163
151
591
428
163
511
591
428
163
409
465
961
104
841
21
21
722
971
591
327
163
620
591
428
163
756
327
409
661
570
104
401
841
21
327
953
518
591
327
163
518
591
657
163
620
591
163
294
620
591
163
294
591
428
163
518
591
428
163
409
267
961
104
841
275
21
722
971
620
327
953
518
591
327
163
518
591
163
163
620
591
163
163
620
591
163
294
591
327
734
