807
456
579
50
448
858
197
943
943
943
868
219
49
957
75
280
70
249
943
625
644
625
307
29
704
489
182
969
565
849
849
849
104
849
141
704
49
957
75
280
70
107
107
193
788
625
31
868
116
271
345
75
280
280
95
541
943
625
31
29
496
957
957
358
760
943
840
858
625
391
872
31
1000
36
957
75
280
280
448
107
943
943
943
943
29
482
957
957
280
858
83
194
858
858
31
391
462
700
704
271
579
579
579
280
280
858
858
858
858
307
216
271
579
520
448
858
858
858
858
858
858
762
29
704
489
182
603
849
849
849
537
849
141
87
425
49
579
579
760
760
107
157
858
858
307
397
425
271
579
579
358
280
858
858
858
858
858
307
704
271
271
579
456
858
858
858
858
460
774
774
29
704
119
119
1008
800
280
280
858
421
421
858
704
313
119
551
876
722
722
834
149
834
149
622
890
890
621
704
957
579
579
53
280
858
840
943
943
943
868
700
482
345
579
358
280
280
625
943
943
943
625
29
1000
489
182
603
565
286
605
286
587
141
87
425
957
579
579
760
70
858
858
943
943
943
31
868
219
482
579
579
853
280
280
625
943
943
943
31
1000
482
345
579
579
280
280
280
943
943
943
890
852
489
635
603
515
849
849
849
286
276
286
141
704
49
874
75
280
53
249
943
943
30
858
943
31
100
700
482
579
579
760
760
249
249
943
943
936
868
537
219
271
579
579
249
249
249
840
858
858
838
307
465
635
603
565
849
286
515
849
15
515
141
223
425
957
957
280
280
448
840
840
943
943
943
943
868
700
219
957
957
280
280
858
858
840
936
943
943
868
700
219
957
957
280
280
280
858
858
858
840
936
766
178
635
603
565
849
849
286
894
286
515
141
59
482
957
75
53
249
538
943
943
405
405
872
29
496
957
957
75
46
760
53
858
490
625
943
943
868
1000
704
475
579
811
46
280
280
281
943
943
943
31
868
266
603
565
849
286
104
849
849
141
87
704
957
957
75
70
249
943
858
858
625
943
943
868
1000
425
957
579
579
46
280
858
858
943
943
868
1000
425
957
579
579
46
280
281
625
943
943
943
625
29
868
603
565
565
587
286
587
104
849
849
141
560
219
49
957
75
280
249
107
943
193
858
625
31
868
219
482
699
