73
992
863
992
863
992
992
992
863
863
890
184
604
325
325
863
992
863
992
863
992
486
863
486
486
863
992
486
992
863
992
863
486
486
486
486
992
432
430
430
430
430
430
430
430
430
430
430
430
430
430
486
430
430
430
486
486
486
486
486
486
486
486
900
486
486
486
486
486
486
430
430
486
486
225
430
430
430
430
430
430
430
430
492
430
430
430
430
486
486
486
430
900
430
486
486
486
486
486
486
486
486
486
486
486
486
486
486
984
486
486
486
486
188
476
476
476
476
476
476
188
476
476
900
486
476
476
476
486
476
476
476
486
486
486
486
486
486
486
476
486
486
984
900
984
58
397
902
350
421
421
521
984
58
984
58
984
58
553
476
225
476
476
972
292
58
58
58
58
984
902
58
1004
58
515
141
223
325
325
159
159
863
992
863
992
863
992
863
992
863
992
863
863
863
992
863
992
863
992
27
108
863
992
576
138
138
394
61
325
159
992
863
992
863
992
863
992
863
992
863
992
863
992
863
26
325
992
863
992
863
992
992
1017
967
138
375
394
61
325
258
863
863
992
863
992
863
992
863
992
863
992
863
992
863
992
992
863
863
992
863
992
863
992
872
992
863
992
27
967
992
863
992
863
992
863
863
992
863
992
863
992
138
59
325
325
325
863
992
863
992
863
992
863
992
863
992
863
27
430
992
196
51
967
967
651
893
194
266
138
138
992
394
61
325
325
992
863
992
863
992
863
992
863
1004
863
992
554
325
325
992
863
992
863
992
196
992
863
992
432
992
863
992
27
992
863
992
863
863
863
1004
992
863
992
863
486
992
486
64
486
486
900
992
486
486
486
486
486
486
486
486
486
992
196
486
486
486
486
486
486
486
486
486
486
486
486
486
486
486
430
430
992
486
486
486
486
486
486
486
486
486
486
486
486
486
900
486
594
486
486
486
486
486
486
486
486
486
430
486
486
486
486
486
486
486
486
486
486
486
486
486
26
312
194
944
486
486
58
594
984
58
984
58
486
486
486
486
486
486
486
900
486
486
397
27
194
703
58
972
58
486
26
27
194
703
972
972
515
972
225
972
972
972
972
972
972
738
27
194
972
58
972
972
972
972
432
972
972
972
972
972
738
223
165
159
159
863
992
863
992
818
