807
722
722
697
4
962
4
4
744
744
744
744
962
744
744
457
464
347
293
216
962
962
962
29
190
635
108
93
409
26
604
872
330
350
992
671
347
744
744
744
744
744
744
744
744
744
744
744
744
744
744
744
744
744
744
744
744
744
744
744
744
197
744
744
744
744
441
744
744
744
744
900
744
744
744
744
744
744
744
744
744
900
812
441
831
605
845
4
789
165
685
159
682
216
159
900
216
159
266
216
992
992
744
992
744
744
900
744
744
744
744
744
744
744
744
744
900
744
744
744
744
744
744
744
744
744
744
64
744
890
715
324
635
418
418
418
138
651
190
1012
1012
697
697
815
206
48
116
748
829
915
697
915
915
949
308
313
794
1008
337
892
26
175
26
824
329
790
4
876
4
224
224
26
224
224
4
890
604
635
635
557
350
350
4
26
604
872
789
743
159
159
962
962
26
685
962
962
962
962
962
690
175
694
743
824
159
682
228
962
962
604
97
190
220
790
876
4
4
4
224
4
224
4
4
184
604
206
527
748
876
794
876
844
844
844
844
844
844
844
844
844
844
844
844
844
906
790
4
4
4
844
844
4
272
691
272
4
272
691
272
27
441
831
831
4
272
691
272
691
272
844
844
844
26
604
206
576
603
79
715
324
527
190
1012
697
900
697
697
988
26
190
108
258
790
790
93
4
844
844
844
844
844
844
844
844
844
844
844
906
844
844
844
844
844
844
812
812
831
844
844
844
844
766
812
906
790
4
4
272
844
844
844
900
844
844
844
844
766
27
441
831
831
831
272
691
844
738
906
177
831
4
293
272
272
906
906
324
635
603
557
375
15
266
138
587
26
774
703
560
802
325
794
876
844
844
844
844
844
844
844
844
844
844
844
906
906
4
4
844
844
844
844
27
441
831
4
831
844
844
457
29
604
206
576
375
651
190
108
26
325
282
967
375
560
802
429
844
876
4
844
844
911
97
313
794
892
374
892
374
224
374
224
374
224
4
224
374
224
374
224
374
224
374
224
374
224
224
738
906
441
831
4
4
900
4
4
4
4
4
4
4
224
374
272
812
4
397
391
93
527
824
159
690
97
1017
603
375
465
774
603
138
587
138
328
138
587
587
587
587
587
595
0
774
375
560
802
325
434
844
434
818
