73
347
279
815
981
282
455
700
748
296
311
311
246
798
798
537
798
43
798
798
798
798
798
798
29
190
329
329
1018
892
389
175
705
329
4
228
1018
690
549
731
981
329
1018
228
1018
224
374
175
932
824
159
228
39
939
39
939
39
939
39
690
676
731
857
525
824
682
228
962
389
596
932
824
329
682
962
388
147
388
147
388
147
388
147
962
389
905
932
824
228
682
228
389
175
525
329
971
4
690
653
389
731
589
685
682
682
962
388
690
905
857
795
525
685
682
228
962
962
962
962
388
962
962
389
905
932
525
159
39
228
39
939
39
939
39
26
159
653
282
905
905
266
932
525
63
382
94
758
346
346
346
346
346
346
346
346
890
175
100
525
63
671
671
382
961
346
346
346
900
346
346
307
175
34
525
63
923
671
980
980
175
932
748
671
671
43
346
830
175
175
700
748
671
671
255
180
905
857
375
595
34
525
662
1012
75
697
684
684
906
447
447
447
684
684
447
900
447
697
890
175
932
525
1012
75
382
906
684
447
447
447
684
684
684
447
447
447
890
175
700
745
1012
94
382
447
890
852
981
108
732
94
876
684
175
266
216
1012
75
906
684
668
905
100
857
700
748
311
311
804
798
798
798
798
906
798
798
798
798
798
798
798
798
798
798
292
798
949
981
932
748
311
671
537
798
798
798
798
798
292
798
292
798
762
29
852
981
748
311
311
246
758
798
43
798
798
798
798
798
798
323
175
700
748
311
671
804
798
180
905
731
795
748
296
923
980
180
626
981
108
311
311
311
55
180
175
857
525
429
429
971
389
905
731
589
748
311
671
246
180
175
266
795
745
296
923
980
180
905
731
700
748
311
311
804
549
905
857
857
525
748
671
804
905
857
34
525
1012
671
31
905
981
857
525
745
1012
382
94
447
447
29
209
705
745
1012
382
94
128
105
959
959
105
79
105
181
1023
29
596
981
790
382
94
382
684
289
1
463
1
463
105
181
181
29
596
981
790
227
94
347
890
175
932
745
1012
382
684
181
852
981
745
1012
671
382
684
289
890
175
981
745
1012
1012
684
684
447
447
959
684
684
105
447
447
668
684
684
959
447
447
307
324
981
271
1012
75
790
765
684
684
447
447
447
684
684
684
197
447
307
29
308
981
821
227
1007
818
