73
172
823
526
526
600
600
600
600
600
600
613
441
600
600
600
600
600
600
600
600
613
61
258
78
78
760
760
760
654
654
613
61
271
271
760
760
760
760
654
654
554
271
271
579
760
760
760
654
654
654
61
823
258
610
732
600
600
600
600
600
613
823
325
258
610
331
331
331
607
890
900
823
823
732
732
23
23
91
512
512
512
738
823
108
874
866
53
654
654
654
432
613
823
325
258
732
610
331
793
763
460
738
823
823
567
567
925
793
793
793
793
554
823
325
258
610
793
793
793
793
613
554
61
567
258
610
793
123
793
793
793
866
531
531
531
123
793
793
793
654
607
29
823
108
108
732
23
938
678
654
613
554
108
526
600
600
600
600
600
600
613
61
363
548
732
331
331
816
512
1004
460
460
823
686
526
600
600
91
91
91
91
738
823
258
258
610
974
974
974
613
455
29
823
271
866
295
295
295
654
654
654
613
61
325
258
548
409
331
331
793
490
613
61
567
526
600
600
600
600
600
600
613
823
258
732
667
331
331
768
654
654
432
61
325
258
610
409
938
816
938
654
613
61
325
258
610
331
974
816
816
613
61
325
526
600
600
600
600
600
1004
1004
460
108
613
554
554
793
138
138
138
76
76
956
258
811
1007
793
793
793
793
554
554
108
610
610
793
793
654
793
793
654
642
531
531
367
642
837
594
654
766
738
29
823
108
686
331
678
612
612
766
738
823
258
526
456
23
23
768
654
766
823
823
866
866
866
53
797
793
594
512
460
460
600
600
600
460
600
600
600
600
210
567
600
600
600
600
600
600
600
600
738
325
258
409
331
331
331
490
608
613
61
325
258
732
925
974
512
1004
1004
512
512
823
271
579
760
760
654
654
654
654
738
61
325
14
811
793
793
654
793
793
654
531
460
271
793
793
654
432
793
1023
613
441
325
258
610
793
793
793
793
866
613
325
258
258
866
793
793
793
793
890
29
823
14
950
811
722
722
793
654
613
956
14
811
123
722
722
678
654
91
890
738
823
526
526
600
600
600
600
600
600
738
108
732
811
760
654
900
654
654
766
626
823
600
600
600
600
600
512
714
766
613
823
325
258
409
811
760
760
654
654
738
823
600
600
600
600
600
934
678
766
738
823
567
548
409
760
760
654
342
