807
901
542
149
149
31
16
981
108
479
901
901
542
542
542
180
31
626
16
41
628
479
901
901
542
542
542
149
31
250
250
628
338
338
338
477
477
508
255
31
250
41
981
108
732
732
23
23
938
938
938
938
938
959
959
512
512
512
512
512
512
938
938
938
938
938
621
981
576
732
23
477
347
605
432
512
267
16
823
748
311
246
758
1022
1022
180
180
857
700
363
511
901
413
901
542
542
149
180
626
16
1010
479
479
413
901
542
542
542
31
31
250
41
108
479
901
901
542
542
542
149
31
250
250
250
41
108
338
338
938
938
938
255
31
250
621
36
628
732
732
477
477
477
477
477
477
432
512
512
512
512
477
938
938
938
938
938
938
714
621
36
635
732
23
23
23
477
31
250
612
29
847
108
748
311
413
246
758
1022
1022
180
31
857
41
330
479
413
900
413
542
149
149
31
16
16
628
479
479
901
542
542
542
149
31
16
250
628
479
413
901
413
542
542
149
149
31
250
250
16
108
338
338
338
477
477
255
31
267
76
981
108
732
477
477
477
477
938
938
938
938
938
959
477
512
512
838
477
512
714
112
938
938
29
621
981
576
732
23
23
23
938
605
692
29
823
108
108
311
246
758
1022
1022
180
905
857
700
363
479
413
413
413
542
594
149
31
626
16
628
479
901
901
542
542
542
149
31
16
981
628
479
479
901
901
542
542
542
149
31
250
250
628
338
338
338
477
477
477
31
31
250
823
628
108
579
477
477
477
432
477
512
512
512
512
512
477
938
938
938
938
938
938
789
715
981
635
732
732
23
477
477
477
432
31
369
88
700
748
311
246
758
1022
758
180
31
369
823
363
511
479
413
542
207
149
149
31
626
16
1010
479
479
901
901
542
542
542
180
31
250
250
41
823
479
413
413
331
542
149
149
31
250
250
250
621
108
338
338
508
508
508
31
250
369
815
108
997
815
409
997
23
600
512
512
512
512
854
854
854
938
938
938
477
477
512
512
512
512
512
512
512
512
938
742
742
742
742
938
477
476
21
21
21
21
21
21
476
367
742
742
938
938
938
367
476
594
838
21
21
21
21
476
476
476
594
476
476
476
476
476
476
476
476
476
476
476
476
476
476
476
476
476
476
476
476
476
476
476
476
476
476
476
342
