73
80
80
562
440
562
80
469
659
659
80
440
440
440
178
178
178
877
178
80
440
592
167
80
80
167
139
167
167
379
379
379
167
379
167
167
167
167
167
167
167
167
167
167
167
167
167
167
167
167
167
167
167
839
839
839
839
839
839
839
839
592
592
194
839
839
839
839
839
592
592
839
724
167
178
178
178
877
488
127
178
724
724
724
225
724
724
724
724
724
724
724
724
139
724
724
592
194
724
724
724
724
225
839
839
839
724
839
127
839
724
839
724
724
724
839
791
715
312
494
494
356
558
186
186
265
265
265
265
265
265
265
265
265
265
265
265
265
265
487
536
12
12
487
12
12
12
487
12
12
12
487
12
1011
287
487
12
592
1011
487
487
239
1011
487
487
239
1011
487
487
1011
1011
487
487
287
1011
287
487
239
1011
1011
487
22
1011
1011
487
22
178
178
487
487
239
1011
487
487
239
1011
487
487
239
1011
487
487
239
1011
178
487
178
178
877
487
22
65
1011
487
22
592
1011
487
487
239
1011
487
487
239
1011
487
487
239
1011
487
487
239
1011
487
487
239
1011
909
487
239
203
909
487
22
239
839
487
22
239
1011
592
194
239
1011
592
487
239
839
487
593
239
1011
412
593
178
178
178
487
877
203
909
593
22
203
79
593
22
203
1011
79
593
239
1011
593
593
300
907
593
592
178
839
593
592
239
839
593
593
239
839
909
593
839
839
839
593
839
715
633
494
494
494
558
186
186
265
265
265
265
265
265
265
265
265
265
265
265
265
265
12
12
12
12
12
12
265
12
12
12
12
12
12
12
12
12
12
12
12
592
12
12
814
12
814
814
814
12
440
12
814
469
469
469
469
469
145
440
80
440
80
80
469
469
469
80
440
440
440
178
469
469
469
469
298
178
80
440
80
469
80
592
659
572
440
440
178
178
178
877
877
877
440
440
283
80
80
469
469
167
167
167
167
167
167
139
167
167
167
167
167
167
167
167
167
68
698
167
167
167
167
167
167
167
839
839
839
839
839
839
839
839
839
839
592
194
839
724
839
839
839
839
839
839
839
293
839
724
178
178
178
724
984
724
724
724
724
225
724
724
724
724
724
724
724
724
724
839
839
839
592
194
724
724
949
592
724
724
877
627
129
627
627
627
627
627
627
627
627
627
494
699
