807
1017
603
515
565
82
587
587
587
587
537
0
893
141
87
248
662
821
227
1007
1007
1
463
1
463
1
463
1
463
181
181
1014
237
603
557
565
15
587
587
141
116
761
158
158
307
694
694
589
761
1012
94
382
128
128
1
463
985
495
985
516
985
495
495
495
495
181
181
1014
676
694
795
330
748
923
81
758
1014
93
81
118
862
118
862
118
862
862
118
862
118
830
676
743
824
329
1018
228
1018
454
131
695
131
695
690
549
47
694
141
116
748
806
923
758
985
988
29
330
429
971
504
504
437
213
437
213
437
213
213
437
213
549
47
330
429
126
549
47
694
589
824
329
1018
228
131
454
131
695
131
695
131
695
131
389
522
47
795
330
126
389
237
306
330
329
228
39
228
39
454
39
939
39
939
39
939
39
939
492
947
389
522
47
462
893
731
330
824
329
682
228
452
147
388
147
388
147
388
388
147
388
147
388
147
388
690
389
462
237
694
743
824
329
682
228
454
452
389
47
47
88
557
565
141
743
629
685
682
228
682
653
389
522
1017
47
462
743
629
685
682
228
388
147
389
522
549
731
306
629
685
682
228
388
653
653
522
653
653
388
147
452
147
388
388
147
147
452
690
549
216
761
806
985
549
694
694
330
126
126
452
947
452
947
452
947
452
947
492
947
452
492
947
263
263
947
492
947
452
263
263
947
452
690
20
565
537
587
587
587
587
587
587
537
141
87
629
296
794
892
892
676
47
589
330
126
762
1014
676
47
589
748
126
804
492
804
549
676
47
589
126
985
804
985
1014
47
266
893
420
795
761
158
158
985
947
985
1014
182
845
893
557
893
82
587
87
743
313
220
794
804
57
301
830
784
93
329
374
947
492
947
452
452
947
947
1014
676
330
296
126
39
804
452
947
676
731
330
296
794
804
452
947
452
947
947
1014
676
47
762
462
743
248
296
682
81
39
947
947
549
676
932
330
126
682
804
452
947
452
389
676
47
263
462
306
629
685
682
228
388
147
389
522
47
306
629
685
682
228
388
147
388
389
47
653
653
731
306
629
685
228
682
228
388
549
237
731
589
824
126
682
228
388
147
388
147
388
147
388
784
216
1017
806
806
158
1014
676
462
330
126
126
452
947
452
947
452
947
537
947
389
676
47
462
330
429
818
