807
947
1014
653
947
947
452
947
676
932
126
947
452
452
947
947
676
932
330
126
126
282
653
947
947
462
1014
93
126
947
452
1017
676
282
580
947
103
515
947
462
565
681
782
141
306
116
761
158
985
184
676
1017
694
565
515
587
893
534
795
330
126
985
804
985
180
20
515
515
893
849
141
306
330
126
537
985
804
985
43
911
93
784
1017
969
462
537
216
561
103
557
782
141
306
330
126
126
452
947
29
852
296
794
947
452
947
947
216
216
676
282
282
676
306
629
685
682
228
452
147
452
947
676
47
537
565
306
330
126
7
804
452
549
47
694
565
537
587
587
141
743
685
685
228
388
147
676
47
589
824
126
653
676
589
824
682
126
452
947
452
947
690
784
47
694
565
795
743
296
296
81
452
389
237
694
0
557
587
893
15
306
330
296
923
81
947
676
237
306
330
126
784
676
589
330
126
452
804
452
947
452
947
676
47
462
306
629
685
682
228
388
389
47
116
126
452
947
676
676
306
629
685
682
228
389
676
306
629
685
682
228
389
389
147
147
388
147
388
147
216
216
389
47
462
306
330
126
452
947
452
947
676
47
306
743
685
682
228
388
389
653
147
653
147
388
147
388
147
388
147
388
147
389
116
748
126
947
389
676
47
306
629
685
682
228
388
389
653
147
388
147
388
147
147
216
216
690
31
237
306
330
126
126
452
784
676
462
743
685
329
682
228
389
932
748
47
452
462
553
676
306
629
685
682
228
389
650
388
147
388
147
388
147
147
216
147
31
47
47
330
126
126
452
947
676
676
47
306
629
685
682
228
388
389
653
653
653
653
388
147
147
216
216
147
31
147
147
306
330
1017
126
947
452
947
947
1014
676
47
306
629
685
682
228
549
731
306
629
685
682
228
389
653
147
653
147
388
147
690
676
47
795
216
462
462
893
731
743
629
685
682
97
653
147
388
389
1017
47
462
306
330
126
682
228
452
147
452
147
452
690
47
845
782
306
743
126
682
228
690
676
731
306
629
685
682
228
389
389
47
692
452
947
452
452
452
947
216
549
47
676
795
330
126
126
452
784
676
47
743
685
228
682
522
47
589
748
653
676
47
537
795
330
126
923
180
1014
676
743
824
126
682
653
676
282
947
947
180
845
103
103
743
699
