73
562
562
562
562
562
562
562
562
562
562
562
562
562
293
562
789
457
324
206
560
633
136
136
341
341
510
510
510
692
512
255
512
68
796
796
796
796
796
796
796
796
796
796
553
796
796
796
796
796
796
796
796
796
796
796
796
796
796
796
796
796
796
796
796
796
796
796
796
796
796
293
796
796
457
194
967
565
515
645
392
223
633
136
424
46
46
46
448
255
967
375
715
774
375
893
774
223
425
136
543
543
70
448
255
448
83
182
56
206
375
141
59
719
511
341
341
341
341
510
815
182
944
969
324
206
375
141
223
719
136
424
551
765
24
24
255
1017
894
894
894
324
774
462
59
313
511
341
341
341
770
510
24
24
45
45
45
45
43
45
45
45
45
45
45
45
45
45
45
45
45
45
45
79
45
45
397
64
45
45
45
45
45
609
609
609
609
609
609
609
609
609
609
609
609
609
609
609
609
293
609
609
609
609
391
609
323
847
308
312
182
815
703
703
515
645
893
893
392
645
392
651
605
59
313
514
923
586
246
829
915
43
622
43
985
43
762
324
206
527
719
136
950
829
246
301
915
43
915
457
915
43
1014
47
560
59
36
950
829
829
246
43
915
43
915
43
43
292
292
324
206
527
719
136
341
341
341
510
510
50
171
171
171
171
145
145
145
359
902
145
145
145
277
902
194
277
277
277
277
277
277
277
277
277
553
277
277
277
277
293
277
277
277
277
277
277
277
277
277
283
277
277
277
277
277
277
277
277
277
277
877
877
877
129
715
312
894
894
894
190
494
312
703
557
392
82
392
392
651
141
223
633
514
794
337
876
337
691
691
272
691
272
691
762
457
88
206
59
719
511
341
341
820
301
43
915
43
43
43
762
715
774
872
59
719
136
950
341
820
301
915
43
622
43
915
43
184
88
369
59
49
136
543
543
53
24
281
24
359
50
359
538
877
877
538
538
538
538
538
538
538
50
877
562
562
562
359
359
359
359
562
562
562
562
562
562
562
562
562
562
562
562
562
562
562
562
562
562
553
562
562
562
562
562
562
562
562
562
562
64
178
877
562
562
562
562
562
877
877
605
48
375
375
849
293
849
789
87
633
136
136
800
341
24
281
24
834
24
173
988
180
949
88
527
719
511
424
341
341
818
