128
281
281
457
388
30
457
457
583
535
457
751
751
899
55
632
833
535
535
535
549
260
833
141
833
141
833
405
279
790
114
281
761
804
833
237
662
342
833
141
760
173
247
874
227
410
268
496
136
618
51
290
940
290
139
73
670
29
899
55
632
900
260
208
260
260
260
354
235
130
443
95
264
922
899
523
632
88
244
484
321
833
260
596
260
596
234
279
542
790
282
281
281
363
188
388
155
388
875
342
355
342
342
440
899
899
632
342
774
751
833
373
889
751
41
889
889
525
198
107
899
523
88
889
185
889
260
889
512
260
889
889
247
822
254
688
268
496
136
618
51
940
290
139
290
139
139
899
55
632
303
617
833
260
833
260
798
235
1019
443
362
264
899
282
523
88
88
373
373
190
260
29
235
235
443
362
542
790
282
282
281
281
388
388
388
388
342
342
342
342
722
899
899
523
632
260
889
260
260
260
260
260
889
260
416
234
715
899
1014
815
88
617
889
373
889
260
260
260
260
234
161
822
730
688
268
496
618
618
940
290
940
73
139
92
139
26
899
523
632
900
260
994
260
260
260
833
260
994
362
542
922
899
282
281
363
804
662
237
260
260
260
260
889
260
234
542
790
282
281
761
338
188
768
30
583
388
875
235
721
385
899
899
632
900
617
833
141
833
833
899
55
632
416
416
833
285
285
285
833
617
833
141
92
141
833
260
889
260
124
482
198
520
410
268
136
136
618
618
510
290
940
73
139
73
833
899
55
632
88
955
833
617
833
207
92
617
833
617
833
625
899
55
632
124
732
774
373
833
373
321
617
833
525
247
279
790
282
281
281
363
705
388
155
388
342
875
997
296
296
342
440
440
285
342
41
889
26
899
456
632
889
542
416
899
282
523
355
342
355
342
889
260
889
260
124
889
889
247
874
227
688
268
496
136
618
290
940
290
139
290
139
73
231
105
899
55
632
689
260
774
260
385
582
889
617
889
41
247
362
542
790
282
281
363
705
388
388
388
260
342
260
260
889
362
542
790
282
281
363
705
388
155
388
662
875
342
342
342
440
440
440
285
889
260
889
525
683
899
456
632
889
617
482
899
55
523
88
955
833
617
889
285
835
260
260
525
247
100
254
688
268
496
618
618
940
290
139
73
73
746
1664
2708
3104
4313
1798
2844
3796
4508
1284
2257
3333
4583
1284
2257
3305
4954
1755
2467
3142
4928
1755
2269
3888
4321
1755
2877
3467
4266
1755
2105
3698
4628
1755
2815
3704
4739
1755
2567
3909
4801
1801
2885
3459
4684
1755
2928
3888
4739
1521
3042
3251
4739
1690
3012
3107
5056
1807
2333
4077
5089
1755
2789
3623
4236
1801
2749
3888
4351
1457
2419
3824
4625
1690
2350
3251
4931
1755
2848
3893
4318
1755
2567
3498
4970
1690
2815
3903
5056
1701
2048
3557
5112
1801
2844
3732
5094
1457
2976
3674
4283
1690
3071
4006
4540
1690
2451
3623
4726
1457
2501
3698
4539
1457
2976
3623
4145
1959
3008
3719
4414
1690
2501
3142
4539
1690
2462
3856
4829
1659
2451
3674
4414
1457
2976
3951
5089
1690
2462
4077
4985
1959
3022
3810
4654
1690
2971
4008
4654
1690
2694
3747
4145
1300
2976
4084
4539
1690
2412
3951
4835
1561
2976
3933
4184
1690
2928
3623
4175
1049
2501
3398
4654
1896
2788
3914
4985
1284
2257
3498
5020
1181
2829
3307
4858
1561
2985
3268
4384
1807
2567
3300
4620
1815
3062
3893
4934
1700
3022
3251
4431
1807
2567
4077
4184
1457
2350
3778
4431
1300
2135
3413
5114
1300
2325
3690
4351
1300
2844
3928
4983
1807
3022
3940
4949
1300
2350
3413
4184
1457
2789
3903
4945
1690
2928
4061
5040
1300
3009
3690
4962
1300
2788
3413
4876
1300
3009
3940
5096
1347
2501
3802
4296
1959
2567
3825
4858
1347
3022
4008
5059
1300
2971
3940
4431
1758
2565
3986
4972
1789
2766
3796
4921
1635
2877
3796
5087
1635
2579
3437
4411
1867
2857
3133
5018
1867
2945
3758
4324
1969
2529
3585
5058
1587
3071
3437
4414
1589
2905
3747
5049
2038
2644
3504
5079
1867
2694
4072
4629
1755
2848
3935
4884
1959
2905
3952
5018
1959
3012
3903
4589
1959
3012
3914
4538
1959
2567
3843
4835
1959
2818
4003
4132
1959
3009
3810
4771
1959
2936
3585
4875
1561
2472
3810
4460
1959
2567
3413
5012
1457
2908
3725
5094
1127
3041
3623
4938
1959
2789
3142
4835
1959
2694
3623
4874
1959
2857
4077
4305
1457
2789
3843
4874
1959
2260
3935
5089
1959
3009
3674
4335
1959
2260
3111
4874
1300
3012
3824
4508
1300
2905
3747
5037
1049
2119
3231
4950
1959
2791
3504
4334
1959
2936
3732
4132
1959
2936
3824
4874
1703
2283
3402
5040
1659
2333
3111
4925
1959
2868
3951
4931
1884
2712
3478
4810
1843
3009
3504
4574
1895
2421
3719
5094
1959
3012
3690
4184
1653
2971
3888
4835
1377
3022
3589
4695
1062
2854
3467
5112
1653
2248
3107
4856
1777
2135
4077
4305
2023
2248
3690
4335
1959
2325
3732
5029
1300
2700
3268
4624
1911
2788
3447
4455
1394
2325
4077
4132
1049
2976
4088
5056
1959
2788
3623
4858
1911
2350
4077
5112
1049
2788
3725
4874
1561
2791
3940
4874
1300
2972
4003
4335
1959
2789
3891
4184
1300
2928
3869
4431
1911
3008
3933
4810
1561
2789
3951
4747
1911
2791
3903
4351
1300
2936
3530
4782
1300
2936
3674
4508
1791
2964
3156
5099
1851
2989
3710
4600
1181
2425
3398
4132
1062
2803
3145
4737
1284
3021
3580
4905
1659
2642
3413
4150
1780
2434
3094
4468
1807
2905
4093
4538
1755
2141
3888
4321
1755
2258
3623
5048
1284
2567
3623
4414
1659
2325
3663
4889
1801
2457
4074
4905
2038
2455
3251
4390
1815
2905
3305
4782
1807
2905
3268
5022
1287
2905
3623
4201
1959
3009
3623
4472
1801
3008
3623
5022
1807
2905
3888
5045
1659
2321
3300
5112
1959
2135
3893
4624
1807
2905
3585
5056
1959
2325
3335
4253
1700
2985
3413
4414
1127
2854
4088
4678
1561
2869
3933
4875
1959
2350
3925
5089
1959
2788
4077
4184
1959
2567
4042
4654
1959
3008
4006
4962
1843
2567
3208
5009
1959
2462
3690
4414
1300
2350
3824
4494
1959
2789
3783
4540
1959
2462
4008
5022
1959
2567
3690
4184
1843
2800
3504
4508
1959
2928
3888
5015
1843
2119
3530
4414
1561
2789
3888
4414
1300
2791
4053
4494
1959
2350
4077
4747
1496
2567
4077
4589
1959
2567
3891
4414
1959
2411
3928
5022
1959
2567
3307
4414
1561
2961
3888
4414
1062
2549
3798
5112
1561
2976
3690
5112
1394
2567
4077
5022
1561
2411
3231
4985
1561
2976
3888
4539
1959
2920
3914
4874
1561
2748
3888
4874
1911
3022
4072
4654
1959
2567
3869
4835
1911
2700
3674
5089
1300
2905
3107
4858
1300
2976
3888
4184
1419
2800
3935
4624
1959
2928
3674
5089
1911
3012
4077
4624
1959
2567
3690
4414
1049
2748
3951
5022
1959
2791
3530
5112
1911
3055
3764
4654
1561
2800
3111
4747
1911
2567
3950
4431
1546
2121
3986
4722
1932
2225
3358
4171
1535
2665
3133
4411
1867
2712
3133
4810
2001
2452
3536
4629
1519
2452
4052
4494
1519
3012
4054
5112
1635
2224
3901
4414
1659
2942
3485
4414
1867
2694
3903
4384
1815
2945
3903
5110
1959
2529
3952
5015
1690
2905
3747
5056
1959
2135
4079
4351
1959
3022
3690
4955
1959
2791
4077
4351
1959
2818
3530
4351
1843
2119
3413
4460
1959
2411
3119
4782
1457
3032
3270
4835
1127
2467
3111
4368
1843
2800
3504
5056
1561
3008
4006
5112
1959
2119
4077
4624
1959
2791
3251
5015
1959
2791
3950
4539
1700
2464
3824
5094
1959
3055
3933
4351
1561
2325
3950
4624
1959
2818
3903
5056
1959
2119
4008
4132
1457
2791
3824
4835
1300
3008
3935
4625
1959
2224
3940
4414
1959
2694
3119
4830
2046
2857
4074
4389
1959
2119
3719
4876
1371
2248
4053
5112
1959
2791
3732
4971
1561
2976
3888
4624
1777
3022
3904
4830
1653
3012
4088
4983
1377
2567
3589
4748
1062
2781
3342
4300
1653
2248
3698
4478
1777
2905
3966
4945
1807
2694
4077
4184
1561
2869
3914
4747
1959
2985
3674
5022
2023
2248
3914
5094
1049
2248
3725
5118
1115
2885
3704
5118
1300
2700
3585
4589
1911
2325
3623
5022
1995
3071
3888
5114
1911
3022
3888
4184
1300
2936
3268
4431
1911
2789
3300
4351
1775
2333
3111
4119
1701
2564
3901
4747
1561
2942
3901
5059
1959
2936
3623
4853
1371
2529
3674
4173
1675
3012
4072
4145
1103
2864
3161
4905
1103
3032
3764
4654
1062
2969
3629
4621
1816
2681
3339
4620
1798
2940
3698
4315
1284
2764
3119
4747
1816
2907
3495
5020
1694
2749
3872
5022
1287
2842
3909
4183
1659
2181
3623
4478
1815
2800
3623
4508
1807
2565
3888
4831
1815
3039
4006
4455
1700
2119
3119
4274
1959
2439
3727
5022
1815
3022
3623
5112
1959
3022
3530
5089
1807
2844
3876
5022
1959
2325
3888
4184
1700
2968
3623
4414
1807
2985
3107
5114
1659
2976
3530
4351
1300
2905
3942
5110
1127
2969
3698
5037
1659
2609
3581
4628
1049
2818
3698
4494
1807
2789
3238
4835
1959
2260
4072
4835
1843
3012
3268
4414
1959
2928
3732
5011
1300
2325
4003
4335
1300
3008
3951
4314
1807
2260
3119
5041
1049
2800
3111
4184
1959
3012
3585
4654
1561
3012
3119
4431
1300
2119
4003
4335
1959
2791
3119
4831
1300
2791
3804
4508
1843
2727
3119
4414
1349
3022
3824
4654
1300
3009
4006
5029
1995
3022
3987
4733
1807
2119
3824
4934
1959
2791
3540
4747
1049
2727
3888
4397
1062
2201
3804
4184
1959
2928
3698
4830
1843
2976
3504
4171
1843
2788
3810
4414
1959
2848
3928
4171
1561
2789
3888
5110
1959
2788
3504
4955
1843
2976
3504
4184
1959
2928
3530
4747
1959
2567
4077
4747
1843
2257
3888
5079
1843
2567
3942
4266
1843
3022
3888
4418
1419
2119
3970
4508
1959
2791
3732
4810
1561
2791
3673
5094
1300
2936
3903
4508
1457
3041
3111
4747
1911
3012
4043
4183
1843
2119
3504
4961
1547
3022
3951
4931
1535
2825
3486
4340
1840
2621
3834
4987
1867
2877
3674
4120
1755
2874
3952
4324
1519
2945
4077
5029
1519
2905
3942
4906
1635
2813
3138
4170
1867
2665
3824
4431
2025
3071
4077
4150
1959
2818
4077
5049
1959
2944
3119
4715
1690
2944
3825
4390
1959
2260
3903
4390
1659
2631
3119
4538
1457
2905
3935
4536
1959
2567
3697
4390
1843
3012
3928
4390
1690
2567
3804
4390
1843
3008
3119
4137
1959
2567
4079
4697
1959
2942
3933
4351
1843
2791
3119
4414
1626
2844
3986
5069
1843
3012
3914
4184
1959
3012
3888
4184
1843
2567
3950
4810
1959
2119
3888
4747
1700
2928
3888
4132
1895
2529
3888
4875
1959
2928
3950
4654
1843
3012
3119
4899
1959
3012
3747
5089
1959
2260
3764
4370
1843
2119
3914
4132
1959
2791
4008
4390
1371
2712
3747
4625
1959
2567
3111
5056
1959
2224
3119
4546
1959
2501
3644
4390
1928
2248
3951
4875
1959
2791
3841
4175
1349
2791
4003
4654
1981
2314
3414
4733
1404
2879
3111
4835
1521
2908
3238
4389
1127
2097
3558
4615
1981
2709
3095
4589
1181
2529
3268
4236
1843
2567
3268
4335
1807
2857
3987
4236
1903
2567
3893
4915
1300
2350
3261
4872
1300
2818
3495
4625
1349
2567
3893
4337
1561
2135
3888
4747
1807
3062
3824
4810
1995
2248
3268
5058
1300
2135
3888
4508
1371
2325
3888
4654
1777
2567
3844
4589
1349
3062
3900
4955
1959
2968
3888
4864
1959
2135
3540
4184
1911
2791
3888
4334
1300
2985
3935
4782
1895
3071
3925
4654
1696
2771
3880
4224
1051
2728
4036
4228
1062
2408
3664
4647
1410
2940
3305
4899
1764
2482
3300
4561
1565
2949
3082
4354
1410
2949
3305
4817
1755
2746
3888
5052
1521
2257
3888
4913
1690
2331
3268
4307
1755
2781
3732
4831
1701
2350
3942
4913
1755
2746
4052
4983
1755
2567
3673
4628
1700
2105
3467
4655
1755
3000
4006
5089
1764
2801
3623
4583
1701
2789
3634
4343
1867
2746
3403
4175
1457
2788
3783
4743
1755
2350
3952
4610
1457
2350
3931
4715
1701
2841
3839
5093
1964
2257
3925
4368
1300
2976
4077
4962
1807
2989
3783
4281
1457
2567
3530
4540
1690
2905
3526
4384
1561
2818
3625
4335
1690
3071
4006
4335
1959
2567
3802
4835
1300
2248
3305
4349
1690
3071
4006
4852
1300
2971
4006
4305
1300
2818
3413
4795
1300
2700
3625
5056
1062
2435
3314
4874
1959
2936
3925
4874
1300
2412
3623
5022
1690
3071
3119
4462
1300
2700
3623
4384
1659
3071
3504
4151
1700
2135
3504
5079
1807
3071
3928
5041
1690
2350
4008
4150
1801
2567
3437
4893
1300
3009
4006
4810
1959
2567
3903
4346
1300
2269
3300
4835
1300
2700
3891
5089
1300
3055
3880
5058
1561
2567
3903
5079
1300
2976
4006
4201
1300
2248
3530
5052
1561
2135
3966
4184
1049
2472
3965
5011
1300
2350
3585
4830
1561
3012
3952
5118
1300
2592
3891
4307
1300
2976
4006
4747
1300
2936
4043
4985
1300
2700
3111
4874
1300
2419
4006
5058
1300
2592
3251
4810
1300
2976
3951
5056
1300
3055
3951
4856
1561
2791
4087
4938
1300
2976
4039
4771
1561
2350
3504
5057
1686
2511
3079
4938
1425
2614
3226
4352
1828
2589
3133
4127
1669
2498
3327
5041
1635
2800
3210
4414
1867
2921
3513
4534
1867
2330
3265
4918
1690
2945
3300
4414
2038
2944
3504
4942
1690
2564
3437
4852
1690
2905
3907
4889
1959
2942
3485
4494
1959
2735
3674
4494
1959
2944
3725
4335
1959
2135
3675
4747
1959
2905
3498
4318
1561
2976
3843
4494
1959
2905
3810
4835
1300
2905
3891
4145
1561
2976
3952
4335
1959
2567
3585
4305
1561
2800
3932
4184
1127
2696
3585
5037
1959
2928
4077
4747
1561
2928
4077
5094
1959
2567
4061
5056
1843
3009
3802
4817
1843
2472
3623
4414
1959
2567
3530
4347
1911
2905
3909
4950
1959
2567
3251
5118
1843
2567
3940
4456
1911
2905
3585
5089
1561
2976
3684
4307
1911
2905
3940
4335
1959
2928
3890
4384
1911
3064
3750
5089
1561
2976
3810
4747
1959
2567
3690
4771
1911
2567
4077
4589
1300
2976
3623
4835
1300
2592
3623
4145
1300
2905
3530
4145
1062
2435
3504
4195
1397
2928
3244
4856
1690
2609
3300
5003
1959
2928
3674
4335
1959
2260
3623
5094
1843
2976
3585
4335
1300
2905
3268
5003
1300
2928
3307
4456
1049
2325
3888
4494
1959
2928
3890
5020
1300
2905
3268
4384
1959
2567
3903
4875
1300
2976
3869
4747
1300
2848
3300
4950
1419
2135
3725
5118
1959
2968
3925
4856
1843
2567
3940
4937
1843
2567
3951
4858
1959
2567
3909
5094
1049
2976
3674
5089
1300
3009
3824
4874
1300
2905
4094
4654
1248
2527
3901
4739
1323
2516
3986
4368
1103
2758
3810
4494
1192
2749
3682
4171
1685
2249
3928
4648
1798
2609
3386
4171
1192
3071
3810
4478
1807
2325
3238
4171
1700
2130
3530
4171
1807
2928
3268
4307
1959
2350
4043
4364
1700
3009
3294
4171
1807
2817
4077
4955
1690
2905
3623
4171
1959
2135
3704
4307
1300
2905
3530
4462
1815
2818
3924
4665
1801
2748
3900
4171
1807
2905
3251
4335
1181
2567
3925
4874
1298
2885
3824
4874
1807
2567
3623
4384
1653
2529
3888
4874
1801
2681
3251
4874
1843
2567
3467
4663
1394
3066
3623
4874
1911
2567
3585
4861
1807
2260
3623
4508
1300
2905
3585
4462
1777
3071
3623
4171
1959
2567
3585
4747
1300
2260
3872
4624
1300
2976
3307
4384
1911
2907
3238
4874
1077
2909
3426
4514
1394
2844
3107
4171
1911
2844
4043
4624
1561
2123
3888
4171
1911
2594
4077
5089
1300
2260
4043
4624
1700
2788
3504
4663
1298
2976
4042
5056
1181
3071
3623
5089
1457
2905
3107
5033
1807
2609
3238
4615
1653
2529
3251
4861
1300
2928
3942
4145
1300
2788
4077
4462
1300
2700
3268
4961
1300
2700
3268
5114
1300
2325
3623
4530
1653
2976
4077
4985
1843
2135
3504
5114
1300
2928
3165
4416
1653
3009
3509
4874
1300
2788
3413
4462
1803
2567
4061
5118
1843
2567
4043
4431
1843
2567
3268
4171
1419
2325
4043
5089
1419
2800
3890
4874
1843
2788
3504
4654
1911
2567
3530
4961
1049
2976
3888
4874
1911
2700
3585
5089
1803
2976
3951
5047
1659
2462
4077
4962
1339
3021
3205
4893
1519
2529
3684
4352
1789
2257
3375
4501
1635
2579
3662
4508
1867
2993
4051
4509
1867
2777
4072
4942
1519
2868
3413
4654
1884
2905
3900
4431
2038
2564
3747
4414
1690
2905
3605
4546
1959
2942
4087
4494
1959
2945
3940
4494
1959
2791
3623
4170
1959
2544
3437
5056
1959
3012
3623
4384
1959
2905
3869
4480
1843
2646
4079
4747
1843
2976
3585
5112
1843
2976
3935
4414
1959
2815
3903
4384
1959
2928
4077
4835
1394
2905
3623
4950
1755
2908
3498
4422
1457
2936
3623
5112
1054
2540
3251
4335
1049
3064
3698
5089
1959
2928
3251
4861
1959
2260
3750
4961
1911
2905
3498
4150
1959
2928
3935
5118
1843
2936
3504
4625
1843
2567
3413
4625
1843
3012
3719
4508
1959
2694
3747
4835
1843
3009
3951
4937
1049
2419
3530
4835
1959
3009
3498
4654
1911
3009
3300
5059
1959
2694
3107
4858
1959
2928
3498
5089
1419
2567
3413
4817
1049
2976
3725
5015
1911
2567
4077
4132
1843
3022
3725
4858
1911
3055
3107
4184
1594
2677
3107
4221
1031
2940
3342
4904
1816
2642
3623
4538
1924
2844
3238
4871
1192
3071
3872
5112
1807
2700
3251
4478
1653
2467
3413
4171
1903
2829
3900
4171
1959
2451
4042
4171
1377
2105
3903
4625
1807
2123
3623
4171
1685
2976
3268
4171
1959
2135
3909
4171
1394
2412
3585
4776
1777
2600
3498
4964
1959
2928
3530
4171
1300
2325
3903
4171
1561
2936
3888
4508
1843
2907
3504
4171
1911
2700
3867
5056
1911
2412
3951
4184
1911
2791
3307
4508
1160
2463
3413
5058
1037
2073
3986
4730
1798
2105
3300
4754
1284
2260
3504
4274
1457
2325
3662
5037
1798
2940
3698
4397
1287
2746
3094
4197
1807
3022
3987
4201
1815
2412
3942
5022
1807
2463
3495
4610
1659
2325
3802
4610
1801
2350
3802
4132
1807
3022
4039
4875
1700
2350
3504
4955
1175
2928
3422
4390
1959
2325
3530
4610
1324
2248
3413
4831
1801
2135
3909
4835
1807
3022
3690
4924
1815
2552
3119
4462
1807
2206
3307
4810
1807
3022
3802
4184
1815
2577
3530
4447
1457
2985
3800
4335
1807
2567
3802
5056
1347
3022
3893
4540
1959
3022
3935
4835
1807
2567
3824
4508
1959
2567
4006
4705
1300
2985
3623
4508
1959
2567
3928
4835
1300
2976
3893
4184
1561
3008
4006
5112
1690
2928
3891
4508
1911
3022
3928
5112
1077
3037
3314
4364
1690
2681
3441
4875
1049
2472
4053
4508
1690
2681
3119
4171
1959
2412
3251
4747
1561
2985
3888
4874
1959
2907
3251
4823
1561
2976
3802
4852
1300
3055
3810
4384
1457
2818
4091
4913
1127
2696
3698
4300
1371
2749
3530
4835
1561
2976
3940
5112
1959
2844
3777
4099
1049
2135
3413
4654
1959
2260
3674
4830
1959
3012
4008
5094
1561
2119
3623
5112
1300
2592
3824
4508
1049
2330
3914
4615
1959
2567
3935
4747
1049
2976
3888
4874
1300
2976
3950
4934
1561
2961
3690
4184
1561
2119
3673
4508
1959
2889
3690
4184
1049
2791
3237
4460
1049
2472
3725
4874
1561
2961
3802
4654
1959
2928
3111
4874
1911
3022
3690
5029
1876
2344
3176
5010
1519
2905
3904
4184
1485
3021
3878
4308
1931
2320
4053
4414
1931
2579
3909
4814
1160
2942
3413
4384
1700
2868
3504
4625
1690
2944
3810
4145
1690
3023
3300
4663
1959
2813
3251
4835
1700
2649
3585
4928
1959
2791
3933
5022
1457
2813
4039
5069
1895
2412
3623
4945
1995
3071
3810
4170
1959
3022
3925
4810
1049
2976
3747
4676
1959
2791
3623
4810
1843
3022
4054
4460
