318
69
254
374
898
374
169
719
716
847
684
145
126
970
970
716
716
567
567
838
871
632
1000
416
833
833
525
247
205
744
115
115
99
233
184
819
64
783
117
114
546
577
804
19
152
184
954
1019
443
88
617
721
583
722
105
294
156
114
546
577
853
693
75
662
609
355
617
721
141
833
141
482
849
227
730
898
374
792
719
78
847
684
954
409
970
970
716
716
567
1010
744
22
952
436
296
420
567
263
123
39
744
22
952
828
716
233
233
198
294
797
18
757
188
338
188
768
30
768
768
23
836
23
836
23
589
364
124
589
589
589
589
23
589
589
385
589
836
23
589
23
23
589
589
207
207
737
69
730
374
169
792
716
78
684
684
684
1000
139
73
833
73
139
73
871
221
900
92
33
401
401
401
230
90
207
90
109
549
208
92
26
871
221
303
416
549
415
208
143
126
409
970
716
716
684
684
415
94
178
770
701
546
828
62
75
75
512
609
583
355
617
41
415
482
325
254
57
613
792
169
716
847
684
684
1000
1000
1000
73
833
92
415
415
871
523
303
900
617
833
207
833
401
145
997
443
92
235
997
443
915
294
797
114
546
577
828
705
75
355
609
583
401
401
833
207
415
915
98
178
770
701
532
828
693
75
237
609
208
260
92
401
833
525
525
482
520
730
57
653
169
397
716
684
684
106
1000
1000
139
670
426
670
415
165
871
632
617
900
208
1002
326
922
922
41
401
833
141
482
482
325
84
431
82
546
338
705
75
75
75
355
1013
512
401
90
141
41
415
401
105
145
298
386
937
774
617
833
141
721
41
721
41
721
41
482
482
849
685
704
386
99
828
716
937
394
263
202
502
648
355
598
598
517
325
744
22
386
436
828
716
263
263
46
392
392
233
124
598
61
123
123
98
797
18
757
188
338
188
768
30
768
30
149
836
23
836
23
836
364
364
221
109
836
235
235
443
149
836
109
836
23
836
23
836
23
401
207
207
92
231
69
254
374
653
792
716
78
847
684
684
1000
1000
840
355
46
355
426
231
105
515
156
343
546
828
62
263
263
502
385
392
392
355
196
598
517
247
34
117
343
349
828
828
937
263
263
502
502
392
648
941
648
447
123
849
744
22
952
828
62
233
46
263
46
637
46
648
887
887
887
123
295
254
57
284
1049
2879
3259
5112
1049
2918
3673
4539
1959
2995
3517
4875
1597
2696
4008
4414
1903
2813
4077
4925
1561
2314
3804
4414
1700
2257
3740
4460
1931
2722
3558
4972
1659
2257
3557
5094
1457
2748
3800
4295
1959
2649
3542
4414
1561
2813
3924
4589
1959
3007
3778
5058
1496
2564
4077
4145
1561
2748
3891
4122
1515
2939
3335
4926
1903
2813
3719
4364
1561
2887
3467
4318
1160
2248
3903
4318
1515
2529
3388
4720
1300
2249
3933
4318
1049
2314
3778
4318
1911
2918
3868
4132
1049
3055
3782
5097
1049
2452
3585
5097
1049
2748
3800
4817
2043
2248
3904
4318
1049
2877
3750
5097
1419
2813
4072
4132
1049
2452
3673
4830
1049
2905
4072
4905
1049
2649
3893
4889
1049
2813
3673
4170
1499
2907
4009
4589
1628
2248
4008
4654
1049
2788
3891
4318
1499
2788
3782
4927
1499
2918
3904
5022
1363
2788
3504
4934
1499
2350
3914
4889
1419
3022
4008
4318
1499
2567
4009
4132
1499
3022
3690
4769
1755
2314
3997
4368
1924
2255
3504
4431
1748
2907
4054
4950
2023
2907
3950
5115
1419
2097
4008
4170
1653
2097
3596
5118
1454
2350
4079
4950
1748
2918
3893
4950
1748
2644
4088
4170
2023
2248
3893
4460
1419
2788
3750
5029
2023
2939
3901
5029
1419
2788
3782
5052
2023
2889
3824
4318
1993
2680
3498
4187
1981
2404
3782
4720
1157
2889
3987
4311
1628
2463
3891
4318
1252
2097
3802
4934
1748
2985
3893
4950
1049
2694
3869
4318
1049
2097
3673
4318
1049
2964
3966
5052
1049
2097
4008
5097
1419
2788
3914
4484
1419
2985
3914
4962
1991
2918
3719
4955
1843
2925
3674
4351
1561
2642
3904
5094
1049
2813
4042
4414
1049
2314
4042
5097
1363
2936
3914
4934
1561
2918
3673
4889
1049
2907
3824
4747
1049
2907
3987
4858
1049
2907
3673
4934
1049
3055
3982
4962
1803
2813
4077
4889
1363
2472
3914
4170
1419
2748
3914
4414
1049
2350
3725
4889
1835
2829
3982
4606
1252
2746
3880
5015
2023
2411
4072
4132
1653
2918
4008
5118
1748
2918
3997
5118
2023
3071
3893
4858
1049
2452
3893
4132
1499
3022
4039
4938
1049
2411
3782
4858
1049
2452
3673
5114
1803
2918
4072
5052
1049
2694
3747
4876
1049
2484
3987
5052
1049
2985
4072
4318
1252
3071
3504
5114
1499
3022
4009
4962
1419
2694
3782
5114
1049
2907
3965
4858
1049
2694
3914
5114
1049
2694
3782
4858
1363
2985
3504
5057
1803
2985
4009
4889
1049
2694
3893
5052
1049
2694
3725
4962
1049
2985
3673
4318
2041
2918
4009
5114
1424
2209
3603
4414
1886
2939
3951
4414
1959
2905
4032
4950
1535
2153
3621
4839
1777
2942
4077
5018
1959
2544
4077
4720
1561
2800
3727
4414
1777
2700
3674
4202
1959
2813
3719
5029
1561
3012
4079
4858
1723
2529
3674
4875
1561
2452
3727
4962
1561
2411
3764
4747
1481
2964
3870
5056
1248
2248
3413
4414
1700
3008
4077
4862
1777
2225
3530
4384
1903
2939
4077
4861
1561
2452
3727
5052
1349
2939
4072
5052
1561
2644
4072
4962
1049
2942
4094
4318
1049
2990
3800
4817
1349
2985
4072
4305
1911
2649
3690
4318
1755
2813
3987
5033
1801
2741
3919
4314
1628
2985
3778
4950
1628
2248
4072
4318
1803
2918
3950
4782
1252
2434
3335
4170
1252
2350
3413
4305
1858
2985
3725
4589
1419
2985
3782
4858
1419
2472
3966
4858
1628
3071
3966
4858
1499
2472
3891
4311
1858
2985
4072
5114
2043
2248
3893
4934
1653
2592
3847
4950
1516
3070
3558
4215
1628
2644
3928
4926
1155
3071
4072
4905
1499
2162
3891
4830
1419
2748
3966
4858
1515
2939
3782
4835
1748
2592
3891
5015
1454
2564
3413
4170
1879
2350
3914
5058
1653
2694
4053
4589
1858
2350
3747
5118
1499
2748
3725
5052
2043
2162
3891
4950
1896
2535
3284
5033
1981
2255
3893
4170
1843
2350
4077
5094
1127
2445
3862
4624
1487
2985
3450
4494
1127
2270
3819
5027
1487
2918
3890
5036
1487
2820
3942
4835
1487
2248
3504
5069
1487
2248
3984
4519
1487
2820
3802
4934
1487
2820
3885
5052
1487
2918
3603
4636
1487
2907
3413
4318
1487
2918
3893
4320
1487
2918
3890
4320
1487
2918
3890
4911
1487
2820
3526
5027
1487
2918
3108
4817
1487
2918
3673
4320
1487
2820
3603
5027
1487
2694
3450
5097
1487
2820
3984
5052
1487
2961
4091
5027
1487
2907
3824
5027
1049
2869
3486
4817
1487
2694
3893
5027
1487
2820
3603
5052
1049
2905
3782
4835
1487
2592
3914
4962
1487
2889
3504
5027
1487
2350
3984
5089
1487
2289
4008
4747
1487
2694
3802
5069
1487
2694
3498
4858
1049
2905
3893
4462
1487
3055
3673
4983
1049
2889
4009
4320
1487
2918
3673
4320
1487
2289
4008
5015
1487
2820
3673
5052
1363
2592
4077
4318
1487
2961
3782
4858
1049
2905
3684
4835
1363
3022
4077
5015
1363
2918
4077
5052
1363
2820
4077
4318
1363
2820
3413
4747
1049
2350
4008
4220
1363
2350
3802
4220
1049
2694
3603
4318
1049
2694
4077
5027
1363
2820
4077
4721
1363
3022
3782
4318
1363
3022
3858
4962
1363
2985
4077
4318
1487
3042
3893
5052
2042
2969
3439
4599
1481
2552
3652
4374
1755
2813
3824
4907
1959
2544
3966
4414
1843
2925
3504
4384
1843
3012
3504
4583
1049
2800
4079
4559
1959
2544
3727
4414
1049
2162
3725
4654
1700
2748
3504
5094
1049
2467
4039
4926
1903
2918
3987
4876
1561
2748
3580
5094
1049
2925
3849
5018
1049
2619
3800
4817
1049
2452
3690
4931
1561
2961
3869
4220
1419
2700
3901
4318
1049
3009
3800
4830
1049
2961
3951
4170
1049
2566
3725
4934
1419
2411
3914
4876
1049
2961
3987
4539
1049
2961
3901
5015
1049
2694
3747
4539
1049
2592
4079
4810
1049
2694
3690
4318
1049
2566
3965
4318
1049
2961
3750
4810
1049
2694
3725
4318
1363
3017
3914
4539
1049
2694
3891
4810
1049
3017
3750
5118
1049
2694
3893
4132
1049
2918
3284
4962
1049
2694
3951
4318
1049
2918
3284
4747
1049
2694
3935
4318
1049
3055
3914
4858
1499
2918
3747
4962
1049
2694
3951
4318
1049
2694
3893
4318
1499
3022
4009
4318
1049
2694
4039
4769
1049
3055
4008
5115
1049
2694
3951
4876
1363
2918
3504
5057
1049
2961
3951
5114
1499
3022
3965
5114
1049
2694
3108
4962
1049
2905
3603
5052
1419
3022
3824
4318
1049
2961
3893
4801
1049
2694
4039
4858
1049
2985
3782
5097
1049
2097
3368
4624
1049
2788
3108
5110
1049
3055
3782
4962
1499
3022
3965
5114
1049
2961
3951
4318
1049
2791
3893
4318
1049
2314
3933
5097
1481
2411
3719
4318
1903
2918
4077
4998
1049
2314
3987
4414
1049
2748
3231
4132
1561
2649
3198
4220
1049
2813
4072
5096
1049
2813
3800
4384
1419
3022
3673
4170
1419
2748
3725
4858
1049
2717
4088
4414
1049
2813
4094
4175
1049
2748
3725
4220
1049
2411
3725
5097
1456
2918
3782
4351
1996
2956
3830
4414
2023
2989
3704
4919
2023
2907
3893
4589
1252
2232
3504
4484
1748
2918
3880
4351
2023
2907
3904
4654
1499
2907
4006
4318
2041
2248
3901
4318
1049
2907
3673
4539
1499
2918
3893
4539
1499
2918
3893
5015
1499
2918
3893
5015
2023
2694
3893
4170
1363
2788
3504
4170
1049
2097
3800
5012
2041
2918
4088
5114
2041
2248
3914
5052
1499
3022
3893
4318
1499
2350
3914
5114
1499
2411
3914
4769
1499
2918
3603
4876
2041
2248
3914
5052
2041
3022
3893
4318
1049
2694
3893
4132
1049
2694
3891
4318
1896
2264
3623
4422
1886
2905
3782
4895
1349
2097
4077
5041
1959
2411
3428
4654
1843
2619
3504
4977
1349
2905
3504
4593
1911
2905
3904
4926
1561
2649
3335
4962
1049
2985
4054
4817
1561
2649
3987
4747
1903
2741
3782
4145
1349
2918
4077
4589
1843
2411
3504
4318
1049
2813
3736
4539
1300
2748
3904
4747
1419
2411
3725
4318
1456
2529
3782
4899
1419
3022
3824
4318
1911
2748
3984
4351
1049
2649
3335
4318
1049
3055
3782
4318
1419
2813
3987
4351
1049
2748
3108
4318
1049
2478
3782
4539
1499
3022
3965
4318
1049
2748
3690
4318
1049
2985
3108
4782
1499
2918
3782
4539
1049
2961
3914
4318
1363
2748
3504
5015
1419
2961
3914
5118
1499
3022
3108
4318
1049
2411
3824
5114
1049
2788
3800
5089
1499
2907
3413
4747
1049
2694
4091
4384
1363
2788
3504
4318
1049
2694
3725
4771
1049
2961
3725
4351
1499
2918
3603
5052
1456
2918
4039
4351
1049
2314
3673
4351
1419
2748
3914
4351
1049
2649
3673
4422
1049
2813
4008
4926
1049
2961
3800
4351
1628
2467
4072
4351
1456
2918
3782
4889
1049
2813
3987
4422
1049
2741
3725
5052
1419
2748
3719
5115
1049
2411
3800
4817
1788
2283
3919
5008
1981
2484
4077
4484
1157
2905
3880
4539
1049
2411
3673
4955
1252
2097
3914
4539
1653
3071
3901
4858
2041
2248
3893
5052
1049
2411
4072
5114
1419
2813
3504
5052
1049
2889
3673
4810
1049
2748
3782
5114
1049
2411
3782
5110
1419
2985
4077
4351
1252
3071
3504
5052
1049
2350
3673
4351
1049
2694
3893
4318
1049
2813
3893
5097
1049
2694
3750
4318
1363
2820
3504
4962
1049
2694
3690
4318
1499
3022
3893
4318
1499
3022
3965
4318
1049
2694
3893
4962
1803
2985
3914
4459
1499
2985
4009
4837
1049
2694
3893
4962
1993
2540
3198
4484
1981
2801
4088
5012
1157
2985
3914
5118
1858
2135
3893
4539
1924
2484
3161
4967
1653
2694
4072
5114
2041
3022
3914
4170
1499
2788
3727
4950
1803
2411
3901
5052
1049
2788
3673
4318
1049
2961
3800
4733
1252
3071
3891
4318
1653
2918
3824
5114
1049
2985
3673
4889
1748
2918
3951
4983
1049
2889
3800
4817
1499
2907
3951
4654
1499
3022
3108
4318
1499
3022
3904
4318
1049
2961
3893
4858
1499
2566
3914
4170
1049
2907
3673
5118
1049
2694
3891
4858
2043
2918
4039
5114
1363
3022
4091
5052
1499
3022
3108
4962
1049
2869
3966
4970
1555
2589
3830
4364
1481
2939
3530
5018
1903
2529
3924
5056
1349
2700
3486
4414
1843
2649
4077
4858
1959
2552
3965
4414
1843
2813
3504
4926
1419
2800
3869
4539
1349
2592
3335
4654
1777
2748
4077
4202
1456
3055
3951
5096
1349
2452
3987
5052
1843
2748
3504
4875
1049
2411
4072
5015
1561
2961
3901
4589
1419
2566
3935
5058
1049
2976
3725
4835
1499
3022
3750
4931
1049
2961
3725
5097
1419
2907
3914
4414
2043
2248
3904
4318
1049
2976
3891
4589
1049
2748
3849
4221
2043
3022
4072
4950
1049
2813
3108
4747
1049
2905
3987
4970
1419
2918
4072
4539
1454
2918
4054
4351
1803
2918
3603
4747
1049
2694
3725
4934
1419
2907
3869
4830
1049
2694
3108
5097
1859
2472
3914
5015
1419
2566
3950
4539
1499
3022
4061
4318
1981
2529
3268
4876
2023
2788
3891
4927
1252
2484
3398
5114
1252
2255
3782
4318
1499
2918
3603
5052
1803
2350
3824
4351
1049
2694
4061
4318
2041
2918
4088
4351
1499
2889
3893
5012
1499
2918
3603
4539
1499
3022
4061
4318
1049
2918
3673
4962
1859
2350
4061
5118
1049
2694
3893
4858
1499
2918
4061
4351
1993
2813
3517
4720
1981
2484
3914
5012
1487
2889
3893
4506
1252
2905
3869
4807
1252
2463
3580
4810
1653
3071
3901
4422
1049
2350
3108
4539
1049
2907
3951
4318
1349
2918
4042
4539
1049
2788
3849
4221
1049
2907
3673
4810
1049
2961
3951
5097
1049
2350
3613
4539
1803
2813
4077
4318
1049
2907
3951
4835
1049
2788
3849
4221
1049
2788
3673
4889
1049
2592
3725
5097
1049
2508
3284
4539
1049
2788
3965
4876
1803
2788
3684
4795
1049
2788
3965
4876
1049
2566
3849
4221
1049
2592
3914
5114
1049
2694
3849
5114
1049
3017
3824
4318
1049
2694
3891
4876
1049
2788
3108
4459
1363
2788
3504
5057
1334
2939
3413
4747
1049
2985
4079
4220
1911
2907
3327
4318
1049
2478
3901
4318
1419
2985
3335
4170
1419
2907
3603
4830
1049
2314
3747
4858
1049
2694
3603
4905
1049
2889
3603
5069
1049
2961
3904
4858
1049
2961
3893
4549
1803
2918
3782
4484
1803
2918
3603
4615
1499
2350
4009
4876
1049
2350
3965
5052
1049
2694
3725
4318
1499
2985
3965
5114
1049
2694
3904
5114
1499
3022
3965
4318
1252
3022
3965
5114
1363
2314
3504
5057
1049
2788
3673
4170
1499
2788
4009
4351
1499
2907
4009
5052
1499
2592
3802
4351
1535
2467
3839
4848
1899
2976
3690
4926
1748
2889
3893
4364
1349
2741
4004
5058
1911
2162
3935
5114
1232
2989
3413
4906
1252
2248
4072
5052
1252
2592
3869
5118
1419
2350
3750
4889
1419
2877
4077
4858
1748
2452
4077
4810
1911
2907
4008
4460
1748
2592
3893
4950
1748
2248
3914
5118
1748
2748
3893
4460
1499
2162
3893
5015
1499
2472
4054
4934
1499
2314
3901
5059
1499
2248
3901
4858
1748
2592
3965
4170
1748
2109
3504
4747
1748
2592
3893
5058
1499
2907
3893
5015
1748
3071
4072
4858
1748
2918
3498
4983
1755
2869
3623
4368
1801
2825
4052
4460
1858
2314
3903
4858
1628
2985
3647
5114
1628
2225
3904
5115
1419
2748
3891
4170
1454
2248
3782
4858
1281
2813
3690
5012
1456
2592
3824
5114
1499
2990
3901
5015
1748
2592
3824
4962
1879
2985
3893
4950
1499
2350
3901
5015
1252
2592
3966
4962
2043
2985
4009
4950
1252
2592
4054
5114
1499
2788
4072
4747
2043
2788
4088
4955
1748
2813
3891
5110
2043
2649
4061
5118
1157
2889
3893
4311
1859
2350
3891
4858
2041
2748
3880
4962
1900
2592
3987
4962
2043
2985
4009
5114
1499
2961
3914
5114
2041
2592
3858
5114
1996
2424
3830
4770
2023
2463
3891
4414
1981
3071
4077
5114
1049
2813
3335
4539
1561
2649
3603
5009
1457
2801
3268
4494
1049
2119
3603
4318
1487
3008
4091
4977
1127
3041
3542
4494
1843
2918
3819
4299
1049
3055
3603
4122
1049
2350
3951
5027
1049
2905
3891
5027
1049
2918
4088
4494
1049
2905
3891
4860
1049
2905
3782
5027
1487
2918
3498
4835
1049
2788
3904
5012
1049
2788
3965
4494
1487
3055
3891
4318
1561
2918
4077
4747
1049
2905
3935
4318
1049
2985
4077
4654
1049
2905
3802
4876
1049
2905
4008
4318
1049
2097
4077
4876
1049
2820
3891
4220
1049
2829
3603
4615
1487
2289
3950
4539
1049
2918
3603
4494
1049
2905
3849
4539
1049
2905
3891
5114
1959
2918
3464
4843
1700
2964
4077
4318
1049
2649
3891
4494
1049
2813
4077
5097
1049
2990
3901
4539
1561
2748
3987
4414
1487
2889
3504
5069
1049
2748
3901
5114
1049
2905
3987
5114
1049
2907
3987
4835
1049
2452
4077
5118
1049
2905
3673
4318
1487
2813
3504
4221
1049
2905
3603
5114
1049
2748
3891
4782
1049
2694
4077
4876
1049
2694
3725
5052
1049
2961
3891
4384
1049
2985
3891
4318
1049
2788
4077
5110
1049
2907
3901
4414
1363
3022
4061
4170
1049
2694
3893
4414
1049
2694
3603
5052
1049
2694
3891
4817
1049
2961
3891
4318
1535
2443
3083
4108
1160
2877
3736
4684
1959
2813
3095
4955
1700
2748
3903
4414
1777
2905
3259
5112
1561
2863
3901
4414
1911
2813
3335
4539
1843
2452
3603
4318
1561
2262
3398
4747
1349
3007
4077
5114
1628
2248
3965
4889
1903
2544
4077
4955
1049
2314
3745
5029
1049
2350
4072
4962
1777
2813
3914
4314
1049
2314
3782
4747
1419
2748
3901
4318
1419
2925
3704
4810
2023
3022
3987
5058
1748
2248
3824
4889
1419
2889
3904
4318
1049
2350
3603
4132
1049
2350
3673
4889
1858
2248
3904
4220
2041
2248
3914
5114
1049
2694
3966
4546
1419
2813
3914
4539
1499
3022
3891
5118
1896
2314
4077
4368
1924
2986
3764
4484
1653
2694
3517
5079
2023
2097
3987
4589
1748
2592
3987
5052
1419
2748
3901
4967
1252
2097
4088
4934
1252
2748
3782
5114
2041
2248
4072
4962
1858
2788
3674
4950
1456
2592
3914
5114
1499
2788
3952
4934
1363
2649
3504
4934
1748
3071
3782
4858
1499
2748
4061
4170
2041
2411
4009
4934
1252
2592
3904
5052
1252
2592
3987
4962
2041
3022
3966
4889
1859
2788
3904
5015
1900
2788
4088
5110
1900
2248
3891
5118
1499
3022
4061
4934
1499
2350
3901
5012
2041
2350
3914
4837
2041
3022
3904
4170
1535
2484
3942
4907
1924
2130
4052
5015
2041
2877
3893
4962
1252
2165
4042
5029
2023
2592
3824
4889
1419
2813
3887
4858
1748
2350
4061
5052
1858
2889
3893
4950
1499
2907
4072
5052
1858
2619
3824
4962
2041
2248
3725
4889
2043
2907
3725
5015
1499
2748
3891
5114
1252
2225
3904
5114
1499
2889
3987
4962
1748
2694
4009
4950
1157
2135
3951
5118
1858
2592
3893
5118
1859
2472
3901
5015
2043
2985
4009
4934
2041
2788
4054
4311
1859
2566
3858
5114
1859
2566
3891
4962
1859
2411
3750
5114
2043
2788
4009
5052
2041
2788
3914
4962
1755
2813
3653
4747
1903
2567
3500
5029
1456
2964
3725
4950
1748
2748
3824
5114
1499
2907
3725
4962
1499
2452
3690
5015
1454
2411
3893
4384
1879
2452
3893
5052
1879
2649
3952
4950
1858
2592
3891
5114
2043
2788
3725
5052
2043
2788
3893
4955
1859
2566
3987
4858
1879
2350
3891
4934
1130
2350
3782
4769
1879
2813
3893
4934
1762
2411
3725
5114
1130
2472
3782
5114
1900
2592
3893
4170
2043
2985
3108
5058
2041
2592
3891
4962
1900
2788
3893
4837
2043
2788
3987
5058
1130
2566
3987
4889
1762
2350
4061
5114
2041
2592
3108
4962
1455
2498
3859
4795
1801
2741
3876
5028
1959
2097
3663
4934
1397
2320
3719
5079
1843
2320
3935
4414
