791
431
879
462
743
420
811
811
655
655
655
142
142
142
637
142
142
772
142
142
142
142
447
819
819
447
741
83
117
132
969
429
429
859
936
506
506
54
54
54
48
428
389
426
340
428
428
428
648
428
648
46
648
116
198
783
117
82
183
532
21
21
237
237
655
655
142
142
142
142
142
142
142
142
142
819
142
648
97
142
447
122
83
166
132
969
429
429
859
78
555
54
54
54
54
673
48
389
340
340
426
426
385
340
46
426
46
648
116
198
783
843
82
183
532
21
244
237
237
655
655
142
142
142
142
142
142
142
142
142
142
142
447
447
819
525
741
849
413
534
313
653
429
859
859
555
54
54
54
54
54
54
389
426
340
428
1012
673
340
670
428
819
819
116
699
413
797
82
183
743
512
244
237
237
196
655
142
655
142
142
142
142
142
142
142
46
142
447
819
447
741
295
254
963
969
429
429
859
78
506
54
54
54
54
54
270
389
340
428
428
428
428
428
648
46
648
116
122
84
131
114
182
338
188
768
30
768
30
768
836
23
836
109
836
23
836
23
23
836
23
23
23
23
1004
12
254
132
313
429
429
621
290
30
768
30
23
512
23
836
389
149
23
836
73
836
23
109
23
836
23
836
1004
94
843
571
113
761
804
693
484
662
768
30
109
836
149
836
109
836
23
23
23
23
23
23
23
836
23
1004
737
520
132
313
429
429
859
78
506
54
54
54
139
73
48
389
139
73
1012
73
73
73
139
73
139
73
673
737
413
797
82
183
743
244
693
662
811
662
355
355
655
196
355
142
142
355
142
149
961
355
207
207
901
1004
1004
725
166
132
653
429
429
859
555
25
54
54
54
54
535
54
389
443
73
1012
428
428
340
428
426
670
670
234
287
413
797
82
183
743
420
263
811
237
655
196
142
655
142
512
142
142
142
142
142
142
142
142
961
961
116
122
874
227
963
653
429
859
859
555
54
54
54
54
54
48
669
389
443
46
389
46
46
46
46
426
426
426
234
198
783
117
82
183
462
21
244
237
237
655
655
142
655
142
142
142
142
142
142
142
647
142
683
819
447
741
295
413
132
313
653
429
859
859
78
54
54
54
54
54
54
54
389
443
428
1012
428
340
92
340
648
46
116
699
413
797
82
183
743
420
237
237
746
2010
2264
3986
4442
1053
2257
3753
4938
1981
2141
3454
4945
1324
2763
3502
4601
2043
2255
4088
4414
1298
2126
3268
4927
2023
2889
4061
4201
1324
2801
4072
5114
1377
2126
3987
4201
2023
2325
4042
5015
1653
2350
3868
4962
2023
2097
3259
4955
1748
2325
3824
5052
2041
2619
3725
4950
1181
2411
3824
5110
1252
2350
3268
4170
1456
2788
3965
5114
1858
2350
3965
4170
1748
2907
4072
4771
1252
2350
3824
5052
1150
2889
3725
5052
2023
2325
3887
5118
1252
2350
3893
4170
2023
2748
3893
5114
1748
2592
3893
4170
2041
2788
3725
4771
1653
2813
3904
4654
1858
2748
3725
4311
2023
2411
4042
4837
1157
2350
3891
5015
1858
2985
3904
4934
2023
2907
3987
4858
1252
2889
3782
5052
1454
2411
3824
4311
1748
2350
4061
5058
1150
2592
3782
4962
2023
2889
3880
4201
1628
2350
3824
5012
2041
2135
3901
4889
1499
2788
3782
4747
1748
2350
3950
4889
2043
2990
4072
4460
1408
2105
3986
4251
1101
2257
3971
4540
1631
2257
3419
5033
1037
2257
3872
4875
1755
2978
4032
4821
1755
2130
3778
4810
1755
2983
3654
5013
1690
2506
3795
4414
1801
2905
3386
4717
1807
2788
4077
5012
1815
2350
3388
4931
1801
2889
3929
4414
1959
2608
3942
4654
1807
2216
3966
4625
1181
2788
3928
4950
1815
2928
3904
4145
1349
2788
3940
4962
1911
3017
3259
5037
1777
2788
4053
4889
1181
2789
3824
4950
1777
2135
3778
5094
1807
2162
3935
4560
1903
2877
3778
4615
1777
2788
3843
4950
1903
2985
3778
4170
1777
2253
3259
4934
1349
2350
3869
4589
1777
2877
3690
4305
1349
2889
3335
5094
1456
2976
3725
4950
1653
2976
3690
5094
1777
2818
3987
4170
1349
2649
3893
4889
1394
2452
3940
4615
1349
2813
3940
4201
1803
2800
4054
4962
1349
2649
3891
4771
1777
2694
3940
5029
1858
2350
3987
4950
1928
2748
3750
4931
2023
2314
3674
4830
1928
2789
3893
5110
1026
2077
3576
5033
1125
2206
3830
4538
1192
2781
3893
4889
1188
2728
3904
5096
1653
2990
3914
4771
1653
2186
3839
4132
2023
2097
3268
4328
1685
2771
3891
5015
1324
2097
4008
4170
1298
2788
4054
5012
1748
2869
3715
5118
1653
2649
3725
4934
1653
2717
3725
4625
1155
2216
3725
4170
1807
2788
3727
5052
1653
2801
3782
5114
1371
2411
3268
4830
1456
2976
3715
4150
2023
2165
3698
5052
2023
2869
3674
4837
1628
2350
3674
4950
2023
2097
4054
4589
1748
2350
3893
4889
1252
2314
3690
5052
2041
2788
3725
4889
1454
2411
3893
4919
1748
2467
3674
4934
1252
2314
3933
4150
1858
2314
3891
5114
1748
2813
3725
4950
1653
2907
3824
4170
1252
2788
3725
5052
1748
2883
4061
4589
2043
2472
3933
4934
2023
2961
4061
4654
1252
2350
3901
5052
2023
2135
3750
4170
1157
2788
3725
5052
1628
2350
3824
4311
1858
2788
3268
4132
1466
2257
4062
4572
1677
2529
3971
5025
1868
2257
3976
4140
1231
2105
3662
4389
1755
2989
3498
4714
1755
2097
3670
4950
1755
2920
3467
4927
1755
2801
4053
4747
1755
2097
3965
4150
1659
2907
4077
4886
1815
2978
3526
4384
1801
2746
4077
4384
1959
2452
3891
4414
1317
3071
3690
5114
1815
2813
3893
5011
1801
2699
3268
4934
1807
2727
3966
4864
1349
3055
3880
4305
1777
2109
3951
4858
1815
2857
3935
4150
1777
2462
3764
5114
1807
2588
3839
4934
1911
2990
3924
5094
1807
2452
3525
4983
1777
2813
3778
5115
1349
2419
3966
4720
1911
2162
3778
4221
2046
2771
4072
4860
1394
2818
4042
4150
1911
2452
3950
5096
1347
2694
3198
4457
1777
2818
4087
4170
1995
2889
4072
5094
1903
2694
3893
4145
1807
2117
3869
5096
1928
2990
3966
4150
1349
2990
3674
4934
1723
3050
3270
4145
1928
2813
3839
4950
1496
2314
3824
5115
1349
2813
3887
5110
1515
2276
4039
4624
1211
2264
3482
4822
1053
2459
3830
5076
1345
2141
3891
4201
1103
2216
3869
4170
1298
2989
4061
4747
1252
2883
3422
5052
1981
2788
3377
4201
1653
2321
3727
4861
1377
2694
4061
4201
1981
2325
3824
4589
1653
2800
3268
4962
1298
2989
3727
4771
1298
2801
3725
5114
1456
2325
3284
5118
1653
2925
3715
5096
1777
2746
3698
5052
1456
2788
3965
5118
1371
2907
3824
4170
1349
2801
3698
4962
1924
2350
3824
5052
2023
2135
3824
4384
2023
2869
3935
4950
1628
2649
3782
4654
1748
2907
4088
5058
1748
2907
3674
4962
1928
2788
3782
5052
1252
2277
3893
4747
1748
2789
3690
4170
2023
2411
3824
4889
2043
2350
4061
4889
1150
2986
3904
4201
2023
2314
3951
5118
1252
2452
3725
5052
2041
2961
3725
4132
1157
2907
3268
4889
1454
2985
3935
5114
1456
2325
3750
5118
1748
2350
3891
4132
1454
2788
4072
4170
1879
2325
3108
5118
1748
2350
3891
4962
1813
2804
3817
4168
1301
2539
3753
4831
1814
2425
3558
4412
1164
2978
3506
4703
1813
2439
4077
4389
1397
2937
3783
4810
1755
2141
3881
4891
1521
2701
3850
4487
1701
2942
3778
5013
1755
3041
3304
4962
1659
2276
4077
4985
1764
2887
4077
4460
1959
2869
3504
4453
1815
3012
4077
4589
1807
2452
3268
4397
1807
2314
3585
4692
1959
2156
4079
5090
1815
2968
3259
5059
1903
2925
3235
4654
1801
2788
3673
4546
1097
2788
3690
4484
1653
2869
3674
4950
1160
3050
3674
4170
1995
2889
3778
4407
1903
2350
3843
4170
1349
2649
3870
4853
1777
2801
3843
4860
1481
3017
3951
5052
1349
2800
4042
4384
1349
2350
4039
4150
1777
2800
3987
5090
1903
2777
3925
4201
1777
2649
3925
4654
1911
2788
3690
5114
1653
3008
3982
4926
1349
2649
3674
5114
1561
2925
3783
4484
1653
2452
3940
4810
1349
3007
3887
4830
1628
3050
4061
4460
1653
2777
3777
4589
1211
2908
3847
4923
1413
2105
3830
4389
1345
2141
4072
4201
1103
2216
3891
4810
1298
2989
4061
4747
1252
2883
3268
5114
1981
2788
3987
4201
1324
2801
3891
5114
1456
2135
3891
4934
1981
2325
3824
4926
1628
2350
3725
4311
1298
2748
3965
4810
1298
2869
3824
4926
1653
3063
4072
5114
1155
2350
3824
5052
1298
2694
3647
4889
2023
2889
3950
5096
1803
2907
3335
4170
1181
2694
3325
4962
1924
2694
3108
4384
2023
2788
3725
5052
1748
2467
4061
4985
1252
2350
3893
5094
1748
2907
3725
5015
1748
2419
4039
4955
1252
2788
3951
5118
1928
2467
3893
5059
1858
2314
3891
4311
2023
2411
3940
4876
1858
2350
3893
4170
1150
2877
3690
5029
2023
2889
4072
5114
1252
2985
4072
5052
1879
2990
3952
5094
1653
2907
3965
4170
1150
2813
3725
4926
1456
2325
3824
4934
1748
2350
3893
4962
1454
2748
3891
4889
1130
2325
3782
4311
1632
2107
3796
4764
1078
2978
3504
4938
1970
2968
3986
4885
1103
2946
3104
4964
1813
2940
3335
5075
1700
2253
3504
4444
1764
2920
3816
5114
1815
3066
3198
4494
1701
2905
3806
5059
1659
2818
3712
4384
1700
2119
3504
4838
1287
2905
3623
4457
1807
2628
4056
4414
1959
2325
3782
4397
1801
2800
3251
4853
1298
3050
3715
4684
1807
2552
4039
5089
1903
2350
3778
4654
1815
2857
3719
5056
1815
3000
3377
4150
1807
2989
3111
4934
2035
3000
4042
4889
1777
2801
3778
4351
1349
2907
3940
4119
1995
2912
4039
5089
1903
2971
3296
5114
1903
2462
4088
4170
1349
2976
3843
4145
1777
2788
3933
4318
1349
2462
3585
4810
1991
2815
3880
5090
1995
2788
3585
5087
1653
2452
3843
4971
1995
2942
3268
4460
1371
2628
3080
4601
1911
2942
3621
4875
1748
2789
3904
4926
1349
3063
3966
5059
1252
2877
3940
4384
1371
3012
3933
4950
1467
2077
3201
4371
1125
2890
3558
4392
1192
2459
3464
4782
1664
2484
3356
5022
1457
2291
3684
4871
1755
2801
4027
4408
1755
2855
3604
5093
1457
2788
3580
4494
1161
2940
3580
4820
1755
2746
3705
4161
1755
2956
3903
4161
1521
3022
3517
4532
1964
2949
3580
5028
1755
2097
3719
4161
1755
2404
3990
5094
1755
2316
3627
4264
1127
2467
3300
5097
1755
2885
3903
4733
1755
2298
3966
4574
1964
2368
3104
5094
1127
2986
3990
4810
1755
2316
4083
4161
1755
2971
3903
4608
1261
2206
3265
4741
1755
3069
3903
4364
1755
3009
3914
4734
1127
3009
3580
4494
1755
3022
3870
4680
1261
2971
3504
4631
1755
2918
3413
4320
1127
2421
3903
4494
1512
2828
3919
4414
1755
2834
3705
4555
1755
2398
3885
4161
1755
2857
3914
4161
1127
3009
4088
5027
1127
2097
3903
4127
1261
3009
3930
4136
1457
3008
3893
4494
1755
3071
3674
4721
1379
2202
3816
4483
1255
2707
3682
4199
1410
2855
3719
4295
1764
2978
3712
4615
1755
2567
3294
4843
1755
2325
3802
4181
1815
2885
3597
5012
1755
2788
3843
4161
1457
2350
3951
4494
1755
3069
3764
4853
1659
3066
3698
4721
1659
2971
3387
4274
1755
3029
3903
4283
1175
2905
3377
4631
1557
3022
3104
4929
1397
2350
3413
4161
1801
2255
3705
4431
1755
2694
3498
5114
1807
2693
3887
4161
1755
2694
3825
4759
1521
2289
3208
4314
1457
2748
3195
4161
1755
2751
3498
5097
1755
2649
4039
4721
1659
2905
3802
5096
1755
2544
3498
4817
1457
2097
3231
4864
1755
2452
4042
4161
1457
2869
3869
5097
1755
2694
3914
4161
1755
2649
3719
4721
1755
2748
3665
4161
1755
2788
3388
4161
1755
2612
3914
4747
1755
2694
3498
4161
1457
3008
3891
4494
1457
2905
3914
5079
1127
2649
3800
4161
1457
2741
4087
4369
1457
2923
3913
4369
1397
3055
3914
5114
1701
2905
3887
4721
1314
2105
3262
4879
1125
2484
3294
4938
1298
2746
3495
5022
1181
3022
4077
5022
1300
2350
3082
4414
1324
3071
3292
4137
1331
3071
4077
4824
1807
3022
4042
4759
1653
2248
4077
4318
1700
2788
3914
4747
1561
2452
3094
5114
1815
2255
3997
4508
1127
2638
3868
4431
1807
3071
3903
4414
1659
2350
3984
4862
1457
2949
3473
5097
1700
2529
3704
4384
1561
2452
4052
4893
1807
3022
3880
4349
1457
2801
3965
5069
1700
2535
4077
4810
1457
2097
3399
4335
1700
2257
3897
4817
1457
2097
3116
4759
1843
2619
4077
5041
1843
3008
4077
4351
1457
2788
3690
4171
1457
2986
3231
5110
1561
2748
3868
4539
1300
2905
3914
4755
1300
2452
4077
4508
1457
3069
3690
5069
1561
2907
3674
4539
1700
2694
3914
4414
1561
2788
4088
4539
1127
3041
3893
5097
1561
2097
4042
4171
1843
2818
4077
4364
1457
2208
3674
4318
1457
2484
3231
4369
1561
2788
4077
4161
1379
2539
3700
4993
1641
2113
3406
4454
1410
2855
3504
4200
1631
3021
3704
4308
1659
2350
3530
5028
1755
2920
3576
5110
1801
2885
3870
4127
1801
2788
4036
4792
1815
2801
3901
4494
1801
3008
3498
4389
1188
2789
3824
4950
1589
2467
3778
4143
1815
2907
3904
4933
1801
2741
3199
4109
1807
2800
3530
4845
1349
2628
3893
4289
1690
2748
4036
4210
1801
2972
3674
4876
1298
2789
3705
4889
1807
2325
3737
4508
1690
2350
3777
5108
1589
2452
4077
4342
1959
2813
3526
4510
1690
2649
3690
5090
1807
2350
4039
4414
1690
2789
4036
4782
1547
2344
4036
4625
1349
2990
4077
4856
1690
2452
3933
4853
1959
2813
3530
4972
1959
2649
3530
4221
1807
2800
3893
4145
1300
2788
3940
4351
1801
2274
3491
4384
1895
2788
3914
4810
1843
2452
3251
4439
1903
2942
3942
4318
1561
2649
3804
4926
1561
2452
3690
4829
1300
2119
3782
4852
1666
2804
3325
4402
1301
2660
3746
4260
1685
2642
4042
4601
1164
2126
3804
4977
1298
2709
3914
4985
2023
2314
4053
4889
1981
2771
3589
5052
1324
2694
3893
5058
2023
2165
3526
4889
1911
2325
4042
4962
1300
2889
3268
5037
1298
3066
3904
5114
1981
3071
3782
5108
1653
2088
3467
4889
1349
2135
3966
4351
1807
2694
3966
4389
1777
2801
3933
4296
1653
2907
3428
4351
1815
2452
4008
5094
1298
2989
3893
4175
2023
2971
3940
5114
1349
2350
3901
4364
1300
2350
3804
5031
1748
2248
3880
5114
1748
2248
3335
5052
1777
2109
3903
4561
1911
2350
3778
4161
1903
3022
3690
5012
2023
3066
3966
4876
1653
2890
3901
4296
1049
2619
4072
5114
1561
2990
4042
4926
1777
2544
3869
5012
1049
2452
3725
5114
1653
2592
3901
4810
1300
2788
4006
5110
1157
2467
3690
4364
1300
2350
3901
5052
1803
2748
3950
4955
1049
2877
3674
4747
1653
2248
3914
4835
1519
2771
3495
4970
1833
2539
3476
4788
1375
2274
3236
4937
1661
2216
3872
4249
1631
2257
3934
4733
1755
2119
3925
4414
1755
2325
3843
5118
1521
3041
3662
4318
1523
2905
3869
5114
1959
2912
3876
4478
1659
3000
3504
5015
1807
2907
3690
4487
1589
2529
3107
4239
1815
2119
3327
4456
2035
3017
3847
5114
1764
2928
3812
4384
1349
2971
3595
5031
1815
3017
3940
5110
1903
3017
4093
4589
1807
2501
3942
4379
1807
2815
3284
4853
1815
2990
3893
4702
1991
2567
3933
5056
1903
2253
3810
5118
1995
2912
3904
4460
1807
2936
3619
4589
2046
3008
3166
4346
1995
2462
4036
4891
1807
2452
3843
4864
1349
2791
3235
4197
1959
2942
3933
4484
1777
2789
4039
5056
1895
3017
3690
5056
1911
2789
3901
4876
1160
2085
3535
4625
1300
2818
3904
5114
1371
2939
4088
4810
1995
2225
3942
5052
1349
3017
3325
4296
1911
3012
3997
4145
1895
2255
3947
4335
1931
2771
4052
4970
1833
3066
3971
5076
1699
2801
3360
4197
1331
2763
4072
4175
1981
2439
4088
4519
1981
2135
3824
4384
1685
2619
3951
4889
1324
2135
3778
5052
1298
2694
3965
4889
1157
2869
4053
4860
1653
2135
3987
4305
1807
2764
3300
5108
1685
2763
3712
4311
1653
2411
4088
4889
1298
2889
3824
5059
1981
3017
3824
5052
1628
2350
3950
4950
1371
2989
3880
4934
1924
2813
3725
4145
2023
2097
3891
4170
2023
2325
3940
5114
1653
2350
4088
4955
1371
2350
3268
5114
1252
2619
3530
4830
1653
2976
3940
5118
1628
2907
3725
4625
1628
2350
3585
4950
1928
2818
3901
4720
1981
2813
3880
4876
1653
2889
3824
4810
2023
2990
3782
4962
1371
2990
3398
4977
1628
2119
3891
4170
2023
2889
3690
4170
1653
2649
3824
5114
2023
2889
3824
4810
1157
2411
3914
5015
1653
2985
3951
4589
1748
2452
3725
5059
1454
2748
3940
4384
1653
2985
3674
5114
1454
2592
3901
5015
1408
2105
3083
4223
1101
2201
3878
4126
1631
2459
3072
5068
1565
2105
3271
4742
1755
2628
3526
5077
1755
2949
3843
4453
1284
2257
3891
4456
1690
2801
4077
4201
1700
2939
3504
4606
1807
2225
3869
4593
1801
2694
3778
4145
1801
2985
3478
5087
1807
2985
4072
4999
1807
2628
3893
5056
1815
2452
3987
5118
1801
3041
3778
4945
1807
2920
4054
4852
1903
2925
3310
4460
1347
2694
3940
4875
1815
2920
3674
4889
1801
2484
3111
4711
1807
2649
3750
5114
1349
2990
4053
4926
2035
2964
3690
4184
1777
2788
3751
4955
1349
2748
3585
4962
1481
2857
3891
4950
1911
2788
3933
5015
1995
3069
3966
4950
1347
2788
3428
4955
1903
2350
3674
4132
1777
2985
3901
4305
1349
2857
3880
4305
1903
2748
3674
4800
1903
2789
3901
5110
1777
2649
3869
5094
2000
2748
3891
4384
1456
3055
4052
4950
1911
2748
4072
4747
1349
2985
3987
5110
2023
2325
3621
4625
1903
2162
3674
4311
1514
2077
3578
4738
1541
2199
3647
4967
1192
2746
3268
4210
1981
2254
3504
4861
1748
2135
4088
4589
1685
2642
4009
4955
1924
2885
3673
4934
1298
2694
3901
4950
1653
2907
4061
5059
1924
2694
3891
4926
2023
2925
3965
4460
1181
2694
3268
4950
1653
2985
3987
5015
1298
2694
3782
4950
1981
2592
3782
4983
1653
2889
3891
5094
1371
2649
3782
5114
1924
2748
3891
4132
2023
2135
3987
5114
2023
2325
3893
4950
1653
2162
3782
5015
1777
2985
3901
4484
1628
2411
3824
4971
1252
2748
3268
5052
1653
2889
3335
4931
1879
2889
3782
5094
1628
2452
3824
4950
1653
2813
4039
4145
1252
2877
3893
4955
2023
2877
3674
4771
1748
2649
3674
4654
1748
2135
3880
4926
2023
2325
3690
5029
1803
2411
4052
4962
1454
2162
3725
5114
1748
2813
4061
4962
1252
2788
3952
4830
1454
2985
3824
4589
1157
2472
3893
5094
1997
2257
3653
4659
1053
2077
4013
4129
1868
2835
3120
4216
1231
2086
3796
4983
1813
2989
4077
4862
1755
2989
3115
4536
1764
2905
3447
4334
1755
2801
3335
4636
1690
2177
3764
4661
1701
2905
3335
4654
1764
2225
3933
4962
1807
2344
4077
4494
1807
2248
3893
4839
1959
3012
3526
4950
1801
2608
3843
4927
1807
3017
3925
4770
1903
2325
3335
5056
1815
3039
3304
4215
1815
2694
3414
4132
1924
3017
3940
4950
1807
2419
3185
5118
1349
2109
3987
4636
1899
2907
3674
4150
2046
2694
4008
4862
1981
3050
3690
4170
1371
2788
3413
4190
1903
2452
3585
5118
1417
2649
3690
4810
1807
2544
3698
5114
1371
2325
3413
4889
1777
2119
3904
5056
1349
2788
3950
4384
1371
2985
3880
4411
1371
2592
3869
5094
1895
2478
3893
4983
1903
2411
3869
4926
1748
2649
3940
5015
1628
2990
3893
5094
1456
2162
3284
5015
1252
3050
4079
4876
1349
2350
3876
4654
1734
2210
3986
4854
1234
2201
3971
5033
1404
2781
3105
4351
1641
2216
4072
5029
1252
2097
3940
4934
1653
2985
3919
5052
1298
2907
3467
4889
1981
2325
3824
4983
1653
2411
3268
4747
2023
2135
3901
5114
1777
2985
3933
5090
1924
2788
3268
4170
1298
2694
4072
4934
1377
2694
4042
5110
