318
707
350
488
119
456
437
274
399
399
74
74
723
723
517
66
801
220
578
507
622
179
179
196
448
448
350
198
520
730
374
63
792
210
210
108
713
713
713
713
357
933
713
713
713
978
507
978
978
116
116
625
488
119
437
16
399
399
399
74
74
923
923
715
801
220
578
76
551
551
179
179
447
741
83
103
431
82
375
743
890
890
507
585
274
668
311
66
801
157
76
76
622
179
179
179
448
448
350
976
119
456
437
16
399
399
74
74
74
923
83
178
343
701
743
420
21
21
585
237
586
196
198
520
968
374
63
792
719
210
108
713
713
713
713
165
933
713
713
713
978
978
978
978
116
116
198
976
119
437
437
16
399
399
74
74
74
923
625
801
220
578
76
551
551
179
179
179
447
741
86
119
456
437
16
399
399
673
74
74
923
923
715
801
220
578
76
551
179
179
179
447
447
741
86
119
456
437
16
399
399
74
74
74
44
923
715
801
157
578
76
551
179
179
179
447
447
741
488
119
456
437
16
399
399
74
97
74
923
311
801
933
578
76
185
551
179
179
447
447
447
198
488
119
437
274
16
399
673
74
74
74
923
66
801
220
578
76
185
551
179
179
447
741
83
103
431
82
375
182
0
0
0
0
0
0
1022
801
632
346
549
346
346
346
0
141
307
307
929
221
976
119
437
16
549
373
307
346
307
346
405
715
117
156
701
743
610
21
0
0
0
0
405
254
968
374
653
792
210
210
108
713
713
713
713
165
933
713
713
713
978
978
978
978
978
141
482
976
119
456
437
124
399
399
506
141
721
823
482
801
933
578
88
141
549
141
549
141
760
141
482
976
119
456
437
16
399
399
74
74
721
721
625
801
933
578
430
617
549
141
141
380
760
482
86
488
119
437
16
399
399
74
74
74
721
482
66
801
157
578
76
551
185
760
452
760
482
325
254
366
374
653
792
210
210
108
713
713
713
713
165
933
713
713
713
978
274
978
978
978
116
311
488
119
437
437
399
399
399
74
74
44
923
715
801
220
578
76
185
551
179
648
447
116
507
34
797
82
375
743
890
21
811
811
811
586
350
66
801
157
789
76
622
179
655
448
196
448
350
488
119
456
437
16
399
399
74
74
74
923
398
34
156
35
701
743
21
21
237
746
1086
2566
3858
5052
1432
2985
3893
4837
1432
2472
3893
4837
1432
2566
3891
4837
1432
2985
4009
4837
1432
2350
3108
5114
1062
3037
3458
4351
1127
2680
3979
5069
1487
3050
3891
4911
1419
2905
3504
4624
1363
2905
3398
4858
1419
2905
3935
4539
1419
2905
3504
4624
1363
2566
3603
4950
1363
2592
3858
4414
1363
2961
3935
4858
1363
2961
3891
4858
1859
2472
3858
4539
1859
2566
3108
4539
1859
2566
3893
4934
1859
2566
3891
4769
1859
2985
3891
4769
1762
2985
3893
5114
1762
2592
3893
4769
1487
2696
3498
4950
1363
2248
3858
4414
1363
2566
3965
4414
1499
2961
4077
4624
1859
2472
3858
4769
1859
2566
3108
4962
1859
2566
3108
5052
1762
2592
3893
5052
1432
2472
4009
4769
1762
2592
3891
5052
1432
2985
4009
5015
1432
2566
3858
5052
1762
2907
3108
5052
1432
2472
3108
5114
1432
2985
3891
5015
1432
2889
3858
4962
1432
2472
3108
4769
1432
2472
3891
4837
1432
2985
3891
5052
1687
2582
3197
4402
1812
2249
4019
4546
1535
2150
3715
4970
1755
2347
3924
4589
1557
2134
3476
5027
1701
2177
3632
4416
1523
2561
3924
4494
1755
2275
3725
4739
2003
2833
3623
4414
1700
2833
3504
4150
1561
2990
3933
4876
1457
2833
3673
4624
1991
3071
3904
4414
1561
2990
3924
4200
2000
2248
4006
4755
2000
2833
3952
4624
1300
3009
4006
4770
1561
2612
3924
5094
1700
2990
3608
5058
2000
3071
3904
5012
1049
2612
3736
5015
1252
2990
4077
4950
1803
2990
3987
5058
1628
2990
3824
4934
1454
2833
4072
4747
1419
2990
3904
5012
2043
2990
3904
4934
1454
2990
3952
5058
1499
2990
3824
4962
2043
2990
3725
4950
1499
2990
3108
4769
1499
2990
3108
4934
1859
2990
3891
4926
1859
2990
3952
4962
1130
2990
4054
4837
1172
2908
3504
5088
1127
2340
3504
5069
1487
2452
3965
4494
1487
3009
3965
4911
1049
2905
3284
4220
1419
2905
3965
4539
1363
2472
3965
4539
1363
2472
4054
4624
1363
2452
3603
5052
1363
2566
4054
4858
1363
2566
3802
4858
1859
2472
4077
4962
1363
2961
3108
4858
1859
2907
3858
4539
1859
2566
3108
4539
1859
2452
3858
5114
1859
2889
3858
4769
1432
2472
3858
4837
1487
2289
4077
5012
1487
2985
4091
4351
1363
2472
4077
4318
1363
2961
4072
4858
1859
2472
3965
4837
1859
2472
3858
4962
1859
2566
3108
5052
1432
2472
4009
4837
1432
2472
4009
4962
1432
2566
4009
4837
1432
2566
4009
4769
1432
2961
3858
4837
1432
2961
3108
4837
1432
2566
3108
4837
1432
2961
4009
4837
1432
2566
3108
4837
1432
2472
3901
5058
1582
2257
3762
4647
1112
2940
3608
5072
1487
2869
3662
4201
1188
2801
4077
5047
1487
2321
3296
5069
1298
3071
3517
4567
2023
2801
3603
4950
1363
2907
4077
4858
1419
2985
3782
5118
2023
2907
4061
4983
2041
3022
3858
4311
1157
2907
4009
4934
1454
2350
3824
4351
2043
2813
4077
4927
1859
2566
4061
4311
2041
2788
3987
5052
2043
2889
3891
5118
1432
2566
3893
4962
1487
2289
3990
4494
1487
2566
3965
4858
1363
2472
3965
4494
1363
2411
3858
4858
1859
2472
3858
4351
1363
2889
3725
4858
1859
2961
3108
4769
1432
2472
4009
4837
2041
2694
4009
5114
1859
2411
3108
4769
1900
2748
3987
4837
1432
2472
4009
5114
1432
2566
3782
4769
1762
2889
3891
4837
1762
2813
4072
4837
1762
2748
3891
4170
1762
2889
4072
4837
1432
2985
3893
5015
1487
2908
4088
5118
1062
2996
3284
4178
1487
3050
4054
5015
1487
3009
3935
4220
1049
2700
3231
5118
1363
2248
3603
4539
1363
2248
3965
4414
1363
2248
3504
4624
1363
2472
4077
4858
1363
2566
3935
4539
1363
2961
3108
4539
1499
3022
3108
4747
1859
2961
3108
4539
1859
2961
3858
4837
1859
2961
3108
4769
1859
2961
3108
4837
1432
2472
4009
4769
1232
2907
4077
4970
1026
2201
3906
4224
1324
2890
3599
4943
2023
2528
3231
4720
1456
2869
3782
4983
1157
2883
3893
4950
1924
2216
3891
4886
2023
2694
4061
5114
1653
2694
3782
4837
1150
2411
3893
4934
2023
2694
3782
5118
1900
2907
3715
5118
2023
2694
3966
4962
2043
2350
4072
4962
1762
2985
3893
4311
1130
2985
4061
5118
2043
2694
3891
4170
1762
2788
4009
5052
1762
2350
4061
5118
1686
2804
3475
4622
1683
2294
3558
4122
1535
2717
3270
4422
1535
2277
3596
4513
1392
2915
3662
4690
1755
2564
3940
4484
1755
2452
4079
4318
1755
2791
3198
5012
1457
2833
3380
4414
1635
2868
3904
4414
1700
2833
3504
4747
1457
2612
3736
4814
1801
2612
3887
4460
1457
2705
3447
5069
1775
2957
4077
4782
2000
2529
3928
4962
2000
2529
3904
4985
1561
2990
4006
5094
2000
2833
3261
4926
2000
2284
3782
4351
1454
2990
3904
4351
1419
2990
3904
4624
1628
2990
3398
4862
1499
2990
4039
4351
1803
2990
3904
4508
1628
2990
4072
5118
2041
2990
3858
5118
1454
2990
3824
4460
1454
2748
3824
5015
1499
2990
4072
4747
1499
2990
3904
4460
1499
2990
4072
4747
1499
2990
3952
5118
1859
2472
3904
4926
2043
2990
3824
4934
1130
2592
3750
4837
1127
2435
4077
5036
1127
2340
3662
4877
1487
3050
4088
4318
1487
2472
4091
4494
1049
2961
3284
4494
1049
2905
3673
4950
1419
2905
3965
4539
1363
2472
3904
4539
1363
2472
4054
4539
1363
2566
3858
4858
1859
2700
3858
4837
1363
2961
3108
4858
1363
2961
3965
4858
1859
2961
3858
4539
1859
2566
3858
4539
1859
2452
3108
5052
1432
2592
3858
5015
1363
2961
3504
5057
1487
2592
3858
4950
1419
2905
3782
5012
1363
2566
3858
4624
1859
2472
3858
4950
1859
2472
3858
4351
1859
2472
3858
4934
1859
2961
3108
4837
1859
2961
3858
4769
1432
2889
4009
4962
1432
2566
3782
4934
1432
2566
3108
4934
1432
2566
3858
4837
1432
2566
4009
4962
1432
2566
3858
4837
1432
2985
3891
4837
1432
2472
3891
5052
1432
2566
3108
4837
1859
2748
3750
4769
1062
3037
3970
5023
1487
2946
3662
5115
1487
3050
3750
4335
1049
2905
3725
5115
1363
2472
4077
4220
1049
2694
3858
4220
1363
2472
3802
4220
1363
2961
3108
4858
1363
2985
3858
4351
1859
2472
4077
4858
1859
2566
3858
4539
1859
2566
3108
4962
1859
2961
3858
4934
1859
2961
3108
4837
1762
2592
3858
4962
1432
2566
4009
5052
1432
2566
4009
4769
1049
2694
3777
4494
1487
2566
3284
4858
1363
2566
3108
4769
1499
2566
4077
4769
1859
2566
3108
4539
1859
2748
3750
4769
1859
2961
3108
4769
1859
2961
3108
4769
1432
2472
4009
4769
1432
2566
3108
4837
1432
2566
3108
4837
1432
2566
3108
4837
1432
2566
3108
4837
1432
2961
4009
4769
1086
2472
3858
4769
1086
2472
3108
4769
1086
2472
3108
4769
1086
2566
3858
4311
1363
2908
3858
4938
1062
2696
3662
4782
1487
2248
3890
4633
1487
2566
3890
5115
1487
3050
3802
5069
1419
3022
4077
5052
1419
2700
3802
4494
1363
2248
3504
4539
1363
2985
3858
4539
1363
2566
3725
4858
1859
2472
3858
4837
1499
2592
3108
4769
1859
2566
3858
4769
1859
2566
3108
4837
1859
2961
3108
4769
1432
2472
4009
4837
1432
2566
4009
4837
1432
2472
4009
4769
1049
2905
3777
4858
1487
3050
3231
4962
1363
2472
3965
4769
1363
2961
3504
5057
1859
2472
3858
4769
1859
2566
3108
4837
1859
2961
3108
4769
1859
2961
3858
4769
1432
2472
3108
4837
1432
2961
4009
4837
1432
2566
3108
4837
1432
2566
3108
4837
1086
2472
3858
4769
1086
2472
3858
4311
1432
2961
4009
4769
1086
2472
3858
4769
1432
2566
3108
4962
1086
2472
3858
5052
1062
2969
3885
4494
1487
2946
3662
4318
1487
3050
3750
5012
1419
2248
3555
4414
1049
2905
3965
4810
1419
3022
3965
4624
1363
2566
3858
4318
1363
2566
3108
4810
1363
2592
3858
4858
1859
2472
3858
4837
1859
2566
3858
4351
1859
2472
3891
4837
1859
2566
3108
4837
1859
2566
3108
4769
1432
2472
4009
4769
1432
2472
4009
4962
1432
2566
4009
4837
1363
2248
3750
4494
1487
3050
3750
4335
1363
2566
3858
4837
1363
2961
3108
4858
1859
2472
4077
4858
1859
2700
3750
4858
1432
2472
4061
4962
1432
2472
4009
4769
1432
2472
4009
4769
1432
2566
4009
4769
1432
2566
3108
4837
1432
2566
3108
4837
1432
2961
4009
4769
1432
2566
3108
4837
1432
2961
4009
4769
1086
2472
3858
4769
1432
2592
3108
4769
1086
2472
3858
4769
1086
2472
3108
4769
1062
2686
3705
5051
1487
2248
3284
4494
1049
2905
3284
4771
1049
2961
3108
4494
1363
2472
3802
4494
1049
2091
3824
4539
1363
2566
3858
4539
1363
2472
3802
4858
1363
2961
3108
4858
1363
2961
3858
4858
1859
2592
3858
4769
1859
2472
3108
4837
1859
2961
3858
4837
1859
2961
3108
4837
1859
2961
3108
4837
1432
2472
4009
4837
1432
2566
4009
5052
1487
2248
3777
4414
1363
2248
3750
4494
1363
2472
3965
5058
1363
2961
3504
4460
1859
2472
3858
4837
1859
2472
4054
4351
1859
2961
3858
4837
1432
2592
4009
4769
1432
2472
4009
4837
1432
2566
3108
4837
1432
2961
4009
4962
1432
2961
3858
4837
1432
2961
4009
4837
1432
2566
3108
4837
1086
2472
3858
4769
1432
2592
3750
4962
1762
2907
3987
4837
1678
2210
3611
4895
1652
2206
3662
4615
1807
2956
3662
4508
1807
2555
3504
4220
1157
2248
4077
4625
1924
2404
3268
4625
1298
2989
4077
4334
1419
2905
3504
4624
1561
2258
3802
4201
1807
3071
3600
5114
1300
2544
3872
4771
1561
2411
3600
4747
1807
2544
4006
4943
1561
2949
3552
4508
1049
2412
3990
4384
1561
2800
3119
4801
1911
2411
3600
4796
1561
2791
3600
4494
1561
2905
3600
4508
1049
3008
3735
4414
1049
2791
4088
4494
1959
2567
3555
4183
1049
2800
3600
4919
1843
3042
3990
4335
1561
2901
3154
4459
1049
2557
3903
4625
1049
2818
3888
4132
1561
2243
3600
5112
1419
2628
4077
4183
1049
3008
3990
4705
1049
2091
3888
4705
1911
2567
3600
4508
1049
2472
3990
4705
1049
2567
3782
4414
1561
2567
3804
4183
1911
2889
3119
4539
1419
2174
3154
4459
1049
2419
3600
4431
1127
2248
3533
5022
1397
3050
4039
4911
1843
2529
3935
4624
1049
2905
3600
5112
1843
2567
3802
4539
1049
2905
3858
4335
1561
2694
4077
4624
1363
2472
3504
4589
1049
2628
3107
4801
1049
2628
4077
4624
1049
2628
3108
4624
1049
2628
3690
4624
1803
2412
3990
4705
1419
2628
3108
4414
1049
2628
3690
4508
1419
3022
3600
4414
1803
2961
3600
4508
1397
2567
3901
4751
1038
2201
3141
4423
1324
2216
4056
4201
1298
3071
3804
4108
2023
2829
3504
5052
1419
2325
4042
4414
1924
2135
3398
4659
1049
2788
3600
4431
1252
2412
3782
4539
1419
2350
4006
4962
1049
2788
3600
4782
1049
2907
3600
4431
1049
2788
3600
4431
1049
2748
3698
4695
1419
2985
3880
4414
1049
2567
3600
4431
1049
2091
3891
4624
1997
2257
3779
4785
1660
2283
3542
4316
1535
2150
3558
4465
1535
2612
3259
4185
1931
2225
3231
5029
1755
2735
3940
4606
1755
2877
3398
4145
1755
2453
3966
4926
2035
2850
3504
4384
1659
2877
4077
4624
1457
2877
3613
4335
1561
2453
3933
4861
2035
2225
3478
4624
1349
2850
3477
4732
1457
2453
3600
5079
1903
3015
4079
5040
1300
2162
3901
4539
1843
2162
3504
5094
1457
3007
3997
4494
1843
2162
3997
4414
1843
2162
3504
4924
1049
2162
3542
4726
1903
2162
3802
5012
1049
2162
3970
4934
1456
3022
4072
4927
1456
2162
3398
5089
1803
2162
3802
4934
1419
2162
3802
4771
1803
2162
3802
4539
1419
2162
3802
4335
1419
2162
3901
4858
1419
2162
3108
4335
1499
2162
3725
4311
1419
2813
4006
4624
1499
2162
4006
4624
1499
2566
4054
4624
1127
2908
3673
4606
1077
2052
4088
4965
1561
2905
4008
4351
1487
3050
3802
4747
1419
2905
3504
4170
1049
2905
3901
4801
1363
2472
3802
4170
1363
2472
3802
5089
1419
2592
4077
4747
1363
2472
3504
4926
1363
2961
3725
4889
1499
2472
4009
4934
1859
2472
3858
5052
1499
2412
3858
4771
1499
2472
3901
4747
1499
2412
3858
4962
1859
2567
4006
4769
1499
2592
3750
4335
1487
2091
4091
4351
1843
2905
3398
4484
1363
2248
3858
4414
1363
2472
3504
4624
1499
2961
3858
4624
1499
2472
4054
4539
1499
2592
3108
4769
1499
2961
3858
4335
1859
2472
3858
4837
1499
2412
3108
4837
1499
2961
3858
4335
1859
2412
3858
4771
1499
2961
3858
4335
1130
2472
4009
4539
1859
2472
3802
4539
1859
2472
3858
4837
1499
2412
3782
4747
1859
2411
4006
5015
1499
2592
3858
4335
1062
3037
3979
5017
1561
2905
4008
4514
1487
3050
3802
5036
1363
2248
3965
4414
1487
3041
3965
4494
1419
2889
3891
5118
1363
3022
3965
4858
1363
2592
3108
4858
1363
2472
3725
4624
1363
2566
3504
4771
1859
2961
3858
4837
1859
2592
3858
4311
1859
2472
3858
4837
1859
2472
3858
4837
1859
2472
4009
4335
1859
2985
3858
4311
1859
2472
3858
4950
1487
2248
4091
4494
1487
3050
3231
4829
1363
2472
3858
4858
1363
3022
3858
4858
1499
2592
4077
4769
1499
2472
3858
4351
1859
2472
3858
4771
1859
2566
3858
4858
1859
2472
3858
4962
1762
2592
3858
5015
1859
2566
3858
4837
1859
2566
3108
4837
1859
2472
3858
4335
1859
2566
3108
4837
1859
2472
3858
4858
1859
2566
3858
4858
1859
2961
3108
4837
1859
2566
3858
4858
1062
2340
3342
4737
1200
3021
3603
5012
1487
3050
3849
5058
1487
3017
4091
4414
1487
3041
4009
4318
1419
2592
4077
4858
1363
3022
3849
4494
1363
2091
3802
4539
1363
2472
3965
4830
1859
2472
3858
4837
1363
2961
3858
4858
1499
2566
3747
4539
1859
2566
3108
4769
1859
2566
3858
4539
1859
2472
3108
4769
1859
2961
3858
4539
1859
2566
3108
4539
1487
2248
3504
4606
1419
2905
3965
4876
1363
2472
4079
4624
1363
2961
3504
5057
1499
2566
3108
4769
1859
2472
4009
4539
1859
2566
3858
4858
1859
2566
3858
4769
1432
2472
4009
4837
1859
2961
3858
4837
1432
2472
4009
4769
1432
2566
3108
4837
1432
2472
3108
4837
1432
2566
3108
4837
1432
2566
3108
4837
1432
2566
3108
4837
1432
2592
3858
4837
1432
2961
3858
4837
1742
2201
3101
4140
1327
3029
4056
5033
1535
2612
3078
5033
1557
2957
3839
4494
1755
2284
3674
4536
1755
2344
3933
4829
1755
2649
4039
4971
1523
2649
3325
4414
1931
2257
3613
5047
1931
2879
3504
4876
1561
2800
3997
4926
1659
3007
3839
5010
1481
2255
3891
4810
1659
2225
3952
4705
1903
2850
4054
4414
1561
2649
3901
4829
1515
2529
4054
4835
1515
2540
3398
5079
1659
3007
3782
4351
1843
3007
3965
4414
1456
2209
3901
4487
1456
2877
3965
4539
1049
3007
4072
5094
1515
2939
3901
4926
1456
2592
3901
4830
1454
2162
3901
4950
1454
2162
4072
4810
1454
2162
3901
4539
1499
2162
3901
5118
1454
2813
3901
4950
1499
2877
4008
4837
1900
2162
4072
5118
1859
2877
3987
4858
1900
2649
4061
4950
1859
2566
3901
4858
1127
2435
4077
5115
1127
2877
3662
4782
1487
3050
4088
4876
1487
2566
4091
4494
1363
2248
3690
4769
1419
2472
4087
4132
1363
2472
3802
4414
1363
2091
4077
5015
1363
2472
3777
5052
1363
2566
3858
4769
1859
2472
3858
4539
1499
2566
4072
4170
1859
2472
4077
4769
1859
2961
4072
4837
1859
2566
3901
4837
1859
2961
4072
4769
1432
2472
4009
4769
1432
2472
3108
4837
1487
2248
3777
4335
1487
3050
3750
4911
1419
2700
3965
4624
1363
2813
4072
4220
1363
2961
3108
4539
1499
2985
3108
4539
1859
2700
3750
4858
1859
2961
3858
4539
1859
2566
3858
4889
1432
2566
4009
5052
1432
2472
3108
4837
1432
2472
3108
4837
1432
2566
3108
4837
1432
2472
3108
4837
1432
2566
3858
4837
1432
2566
3108
4837
1432
2566
3108
5052
1807
2889
3901
4970
1026
2463
3558
4675
1659
2105
3458
4862
1298
2890
3987
5028
2023
2529
3966
4861
1685
2694
4077
4889
1924
2885
3284
5012
1252
2788
4077
4351
1363
2907
3504
5052
1252
2411
3268
4962
2023
2985
3824
4539
2041
2411
3893
4950
1150
2788
3987
5052
2043
2788
3893
4201
1748
2949
4009
4311
1900
2788
3782
5015
1900
2325
3891
4889
2041
2592
3893
4769
1049
2905
3777
5114
1487
3050
3750
5069
1363
2091
3603
4950
1363
2411
3750
4539
1363
2889
3504
4769
2041
2889
3108
5118
1859
2472
3858
4170
1859
2961
3858
5052
1859
2961
3858
5052
1762
2592
3893
4962
1900
2889
4061
4837
2041
2961
3987
4889
1762
2985
3891
4837
1432
2566
4072
5015
1762
2985
3891
5052
1762
2411
3108
4934
1762
2889
3987
4837
1859
2411
3750
5052
1419
2411
3891
4970
1062
3037
3608
4217
1487
2978
3944
4494
1049
2905
3284
4318
1049
2592
4085
4858
1049
2905
3965
4889
1363
2472
4077
5015
1363
2566
3504
4837
1363
2961
3108
4858
1363
2566
3858
5052
1363
2566
3108
4539
1363
2961
3858
4858
1859
2566
3858
5052
1859
2566
3858
4837
1432
2592
4009
5015
1859
2411
3858
4769
1859
2961
3108
4962
1487
2289
4077
4848
1627
2249
3083
4908
2017
2459
3619
4853
1157
2619
3909
4983
1899
2276
3268
5115
1924
2484
3915
4274
2023
2889
3982
5118
1653
2642
3987
5118
2043
2135
4054
4950
2023
2411
3904
5114
1157
2350
3325
4311
2041
2649
3893
5015
1653
2694
3893
5118
2043
2452
3108
5052
1900
2566
4072
4934
