306
668
482
711
672
478
641
641
542
496
21
734
482
112
494
403
403
313
118
141
107
641
641
787
542
734
21
734
21
244
74
693
15
822
444
354
667
630
780
564
916
780
494
780
244
403
313
822
315
236
448
97
16
281
135
160
112
112
112
112
391
264
450
958
356
593
728
690
152
152
112
112
112
112
822
158
112
5
912
549
410
112
112
451
327
112
112
310
15
822
331
641
542
496
21
734
112
734
55
112
852
483
822
158
107
641
542
542
734
550
550
550
340
244
693
822
158
354
630
542
630
916
734
916
888
494
888
403
403
313
672
870
989
641
542
496
125
734
21
438
74
431
888
403
313
118
315
131
1001
593
728
728
940
152
112
112
112
112
852
611
112
118
672
331
641
542
112
21
734
112
112
112
780
55
462
664
118
870
989
641
542
920
220
734
513
513
545
513
545
513
603
119
672
158
641
641
641
496
563
734
734
734
21
244
780
693
264
672
989
641
630
542
740
564
734
494
244
494
244
125
313
118
672
989
641
641
496
542
734
21
734
740
545
403
313
95
598
202
961
467
728
584
152
135
112
112
112
272
451
112
112
119
672
158
641
550
542
496
21
112
112
780
780
780
852
313
118
141
989
641
542
920
220
734
21
545
513
545
513
545
603
628
141
158
641
601
920
412
80
734
545
340
545
513
545
403
664
118
870
989
641
542
496
513
15
822
1020
641
545
220
545
664
118
141
641
641
707
542
496
21
734
21
244
74
244
693
263
131
1001
593
767
832
504
465
135
112
112
112
272
852
112
264
672
331
419
542
496
780
451
112
112
112
657
244
112
852
711
672
922
641
641
542
80
21
734
21
244
403
403
408
174
731
731
511
1007
787
758
38
494
780
276
403
403
391
628
158
989
641
542
496
21
734
21
734
916
244
313
401
94
262
97
800
23
76
152
857
112
112
112
451
167
310
446
958
961
27
800
832
152
135
52
112
112
112
410
852
711
822
158
115
454
112
112
21
734
112
112
112
104
403
852
628
870
989
641
542
496
21
734
21
802
848
244
403
313
409
731
731
1007
995
787
542
787
21
734
21
489
244
711
822
158
354
227
780
780
780
734
780
636
780
888
780
711
822
158
107
641
542
496
15
822
107
641
542
496
780
711
315
131
405
1130
2961
4072
4985
1130
2472
4079
4132
1130
2567
3725
4132
1130
2592
3951
5089
1130
2592
3725
5089
1879
2592
3725
5089
1487
2434
3231
4384
1419
2961
3674
5112
1281
2592
3674
4539
1499
2936
3824
4539
1130
2472
4009
4654
1879
2567
3725
4769
1879
2567
4039
4539
1859
2800
3869
4539
1499
2566
3869
5089
1879
2592
3782
5089
1879
2592
3858
4962
1879
2592
3108
4654
1879
2592
4039
5115
1281
2592
3940
5089
1130
2567
3108
4769
1879
2592
3951
4769
1879
2592
3674
5089
1859
2472
3858
4858
1879
2592
3869
4769
1130
2472
4009
4962
1879
2592
3869
4384
1879
2592
4039
4962
1397
2567
3284
5079
1843
2936
3662
5112
1363
2800
3165
5112
1879
2700
3413
5089
1419
3008
3928
5089
1419
2961
3231
4539
1928
2700
3940
4494
1499
2700
3858
5069
1499
2472
3725
5112
1499
2936
3725
4539
1419
2961
4039
5112
1879
2472
4039
4539
1499
2566
4039
5112
1130
2472
3933
5094
1879
2592
3725
4769
1130
2472
4009
4539
1879
2248
3725
4539
1879
2592
3858
4837
1879
2566
3725
4654
1499
2976
4039
4835
1879
2791
4009
4950
1419
2905
3935
5089
1363
2976
4039
4858
1879
2472
3413
4132
1879
2592
3858
5112
1879
2592
3858
4769
1879
2976
4009
4769
1130
2472
3950
4132
1879
2592
3858
4837
1879
2592
3858
4769
1879
2791
3858
4950
1879
2472
3690
4132
1879
2592
3690
4539
1879
2592
3858
4810
1879
2566
3108
4962
1130
2472
3858
4830
1281
2961
4009
4654
1130
2791
3950
4830
1130
2472
3935
4810
1281
2961
3951
4835
1130
2472
4009
4835
1879
2592
3750
4810
1130
2472
3858
4384
1843
2905
3413
5110
1363
2818
3231
5112
1155
2309
3893
4170
1298
2225
3887
4456
1454
2907
3951
4201
1454
2350
3413
5052
1879
2985
3413
4810
1879
2788
3869
4384
1879
2472
3950
5118
1879
2592
3950
4769
1879
2936
3747
4311
1130
2472
4039
4769
1281
2791
4008
4934
1879
2592
3951
4962
1879
2472
3782
4810
2041
2961
3747
4955
1879
2472
3869
5114
1130
2472
3869
4934
2043
2976
3690
5015
1879
2592
3858
4962
1879
2592
3858
4460
1130
2472
3108
5118
1397
2567
3824
4911
1743
2126
3878
4490
1924
2540
3982
4567
2023
2985
4072
5114
2023
2976
3893
4763
1281
2350
4077
4934
1252
2700
3802
4830
1150
2097
4061
4926
1499
2788
3725
4624
1499
2976
3893
5112
1879
2592
3725
4539
1281
2700
3690
5114
1499
2566
3750
5112
2043
2976
3858
4837
2043
2649
3413
5058
2041
2976
4039
4539
1879
2813
4009
5118
1859
2889
3725
4539
1499
2748
3750
4769
1419
2905
3914
4895
1130
2472
4009
4769
1499
2889
3891
4539
1281
2748
3987
4769
2043
2976
3858
4934
1499
2961
3725
4539
1879
2592
3108
4889
1879
2592
3858
5094
1130
2592
3987
4962
1879
2592
3858
4311
1859
2961
3987
4769
1499
2566
3750
4769
1130
2566
4009
4934
1130
2592
3858
4769
1879
2976
3108
5012
1130
2472
3933
5114
1130
2472
3858
4962
1879
2748
3108
4132
1130
2411
3108
4769
1130
2472
3858
4837
1130
2472
3750
4837
1843
2905
3914
4810
1281
2905
4061
4835
1859
2472
3858
4539
1879
2592
3603
5118
1130
2472
4009
4769
1499
2566
3108
4589
1879
2592
3725
4539
1499
2976
3750
4769
1879
2592
3858
4384
1130
2592
3858
4962
1879
2592
3858
4384
1130
2472
4009
5089
1859
2566
3858
4769
1130
2472
4009
4769
1130
2472
4009
4769
1130
2472
3108
4837
1130
2566
3108
5118
1130
2566
4009
4769
1130
2566
4009
4769
1130
2472
3725
4962
1397
2434
3747
4368
1928
2905
3447
5112
1363
3008
3869
4911
1363
2961
3450
4705
1928
2815
4088
4567
1499
2905
3843
4858
1281
2592
3802
4567
1879
2248
3950
4810
1879
3008
4009
4335
1281
2592
3935
4769
1499
2976
3858
4747
1499
2700
3933
5112
1879
2119
3413
5110
1879
2592
3674
5012
1879
2472
3674
4810
1859
2566
3725
4539
1879
2592
3108
4830
1879
2592
3858
4962
1859
2976
3858
5012
1879
2592
3858
4837
1363
2472
3858
4132
1281
2791
4053
4539
1499
2700
3858
4858
1879
2976
3858
4837
1130
2472
3858
4962
1879
2592
4009
4539
1130
2472
4009
4837
1879
2592
3858
4769
1130
2472
4009
4769
1879
2592
4039
4810
1879
2592
3690
5115
1130
2566
3858
4837
1879
2566
3108
4810
1130
2818
4009
4132
1130
2566
4009
4769
1879
2592
3858
4962
1130
2472
4039
4747
1130
2472
3858
4589
1879
2566
3108
4311
1130
2566
3108
4769
1879
2592
3869
4769
1130
2472
3858
4769
1879
2592
4009
4810
1843
2905
3558
4654
1363
2961
3165
4414
1879
2700
3858
4837
1281
2976
3933
4654
1859
2976
3750
4539
1499
2700
3725
4747
1879
2592
3108
4539
1499
2976
4009
4539
1130
2472
4009
5089
1130
2472
4009
4769
1879
2472
4009
4539
1859
2472
3858
5089
1130
2472
4009
4769
1879
2592
3108
4384
1130
2472
4009
4539
1130
2472
3858
4769
1130
2566
3108
4589
1130
2472
3858
4769
1130
2566
3858
4311
1130
2472
3690
4837
1130
2592
3858
4769
1130
2566
3108
4837
1363
2566
3750
4858
1397
2434
3950
4506
1653
2411
3802
4494
1588
2717
3997
4755
1653
2990
3893
4593
1150
2248
3904
4654
2023
3022
3824
5114
1454
2813
3413
5058
1653
2801
3413
5114
2041
2350
3987
5015
1499
2135
3966
4539
1879
2788
3824
5052
1879
2248
3904
4858
1879
2592
3674
5052
1499
2813
3750
5114
1499
2961
3987
4769
1879
2452
4009
4926
2043
2976
3690
4934
2043
2976
4072
5052
2041
2411
3725
5118
1879
2592
3782
4132
1859
2566
3725
4962
1879
2976
4072
5012
2041
2411
3725
4889
2041
2472
4009
5118
1843
2905
3504
4938
1879
2700
3824
5015
1499
2700
3690
5015
1879
2592
3108
4132
1879
2566
3858
4132
1879
2567
3725
4962
1130
2472
4009
4962
1281
2566
3725
4747
1499
2961
3782
5089
1879
2592
3858
5089
1879
2592
3108
4962
1879
2592
3858
4889
1879
2592
3858
4769
1879
2976
3108
4769
1879
2889
3725
4962
1762
2472
3951
4962
1879
2592
3690
4311
1130
2566
3869
4769
1130
2472
4009
4769
1879
2748
3858
4170
1130
2566
4039
4962
1130
2472
4039
4962
1561
2905
3747
5112
1928
2905
3603
4539
1363
2818
4087
4858
1281
2592
3603
5089
1281
2694
4009
4539
1499
2472
4054
4351
1499
2566
3690
4539
1879
2700
4054
4926
1499
2961
3858
4835
1499
2162
3940
5089
1879
2592
4009
4539
1499
2961
4054
4926
1281
2592
3108
5058
1130
2472
4009
4962
1499
2566
4079
4962
1130
2472
4009
5015
1130
2592
3858
4769
1879
2592
3858
4926
1130
2472
4054
4837
1130
2472
4009
4769
1281
2961
4054
4769
1130
2472
4009
4955
1130
2472
4054
5015
1200
3021
3417
4970
1843
2905
4039
5112
1363
3008
3802
4835
1419
2928
3858
4911
1879
2905
3940
4950
1879
3009
3933
5115
1419
2961
3725
4539
1499
2961
3802
5089
1499
2961
3858
5112
1879
2592
3950
4769
1499
2976
3858
4539
1130
2472
4009
5089
1499
2566
3858
4747
1130
2472
4009
4539
1879
2592
3858
4132
1130
2472
4009
4810
1859
2566
3858
4769
1879
2472
4009
4539
1879
2592
3108
4769
1130
2472
4009
4837
1879
2592
3858
4837
1130
2472
3858
4837
1419
2905
3935
4970
1363
2472
3725
4567
1879
2592
3108
4539
1879
2592
3858
4539
1281
2694
3725
4539
1130
2472
4009
4769
1130
2472
4009
4769
1130
2472
4009
4769
1130
2472
4009
4539
1130
2592
3858
4769
1879
2592
4039
4769
1130
2592
3858
4769
1130
2472
4009
4769
1130
2976
4009
5015
1130
2976
3858
4311
1130
2566
3108
4837
1130
2566
3108
4837
1130
2566
3108
4837
1130
2566
4009
4769
1130
2566
3725
4769
1130
2472
3690
4132
1130
2472
3858
4962
1130
2472
3858
4769
1397
2434
3819
4549
1879
2700
3447
4145
1419
2961
3603
4539
1879
2567
3603
4539
1928
2567
3603
4132
1879
2567
3603
4539
1499
2566
3888
4220
1879
2592
4087
4589
1499
2566
3888
4539
1859
2567
3725
4769
1879
2472
4054
4384
1879
2976
4009
4132
1499
2976
4054
4769
1879
2592
3858
4311
1859
2472
3725
4769
1879
2592
3858
4810
1130
2472
3869
4962
1879
2961
3858
4837
1762
2592
3725
4962
1130
2472
3950
4837
1130
2472
4039
4145
1557
2771
3872
4965
1188
2964
3880
4494
1653
2869
3251
4567
1628
2248
3933
4567
1928
2788
3603
4695
1879
2248
3987
4351
1928
3022
3893
4926
1653
2788
3674
5112
1150
2985
4061
4654
1499
2788
4072
4747
1928
2649
4054
4351
1499
2791
3858
5089
1879
2592
3987
5015
1879
2472
4009
4132
1879
2748
3747
4889
1879
2592
3108
4384
1879
2813
4087
4589
1879
2592
3950
5012
1130
2472
4054
4837
1879
2592
3725
4384
1879
2800
3782
4769
1879
2813
4087
5052
1879
2566
3987
4132
1130
2472
3690
5052
1397
2434
3824
4830
1281
2700
3674
4494
1363
3012
3725
5089
1281
2936
3603
4539
1879
2976
4009
4654
1879
2567
4039
5015
1281
2567
3951
4170
1281
2700
4008
4132
1281
2119
3824
4539
1499
2567
3804
4835
1879
2592
3858
5089
1859
2472
3858
4539
1281
2961
4009
4747
1281
2748
3108
5089
1499
2791
3824
5015
1130
2791
4009
4539
1130
2592
3858
5015
1879
2592
3951
4830
1130
2119
3950
4962
1130
2472
3858
4837
1130
2566
4009
4769
1130
2936
4009
4810
1397
3009
3824
4318
1419
2936
3413
4494
1281
2905
3802
4132
1879
3022
3231
4950
1281
3022
3750
4567
1879
2472
3869
4962
1879
2592
4009
4654
1499
2472
4009
5112
1499
2961
3858
4539
1879
2567
3858
4132
1879
2592
3858
4311
1879
2472
3603
4539
1281
2592
3858
4539
1281
2592
3108
4747
1879
2248
3903
4858
1859
2472
3950
4769
1130
2472
4054
4835
1879
2566
3858
4835
1859
2472
4054
4835
1879
2566
3858
4837
1879
2592
4054
4835
1879
2566
3951
4955
1363
2976
4054
4858
1397
2434
3558
4810
1049
2976
3231
4539
1928
2905
3802
4338
1499
3008
3952
4567
1928
3008
3802
4567
1499
2566
3802
4567
1419
2818
3931
4171
1499
2800
3935
5112
1499
2119
3858
4654
1499
2472
3725
4624
1499
2472
3888
4220
1879
2472
3950
4539
1499
2961
3802
5089
1281
2472
3950
4769
1859
2472
4054
4769
1499
2566
3750
4769
1879
2592
4054
4539
1130
2472
4009
4810
1499
2566
4054
4810
1879
2592
4079
5112
1281
2566
3950
4810
1281
2694
3858
4384
1879
2566
3952
4955
1397
2567
3824
4460
1419
2700
3909
4654
1419
2700
3903
5089
1928
2544
3901
4567
1281
2567
3674
4539
1879
2592
4009
4539
1281
2567
3869
4539
1281
2119
3950
4985
1419
2961
3674
4539
1499
2961
3888
4926
1879
2592
3858
4589
1487
2567
3932
5069
1419
2472
4039
5112
1281
2567
3300
4539
1879
2592
4009
4810
1281
2567
3690
4955
1499
3012
3951
4539
1928
2567
3950
4539
1499
2567
4054
4747
1879
2472
4009
5089
1499
2162
3824
5015
1879
2248
3750
5089
1499
2976
3858
5015
1397
2434
3951
4747
1363
2976
3802
4351
1419
2567
3603
4714
1928
3022
3869
4835
1281
2905
3603
5089
1419
2567
3603
4150
1499
3008
3888
4351
1499
2566
3413
4747
1419
2567
3603
4747
1281
2567
3603
4747
1879
2567
3603
4654
1499
2961
3603
5112
1281
3022
4054
4747
1281
2567
3674
4747
1499
2472
3858
4810
1281
2566
3950
4132
1281
2592
3690
4962
1879
2472
3413
5089
1879
2566
3690
4654
1879
2566
3690
4955
1499
2961
3858
4835
1252
2748
3715
5052
1565
2424
3231
4466
1653
2467
3802
4106
1843
2097
3504
5042
2023
2905
3782
4364
1928
2109
3824
4414
1371
2452
3802
4983
1371
2939
3987
4335
1879
2472
3987
4384
1928
2889
3802
4539
1748
2452
3413
4747
1281
2350
3690
4962
1879
2411
4009
5052
1879
2472
4039
4510
1858
2976
3987
4132
1879
2592
4009
4934
1281
2748
4039
4835
2043
2976
3951
4835
1879
2472
3933
4889
1281
2789
3933
4962
1130
2748
3869
5015
2043
2566
4072
4837
2043
2592
3950
4132
1843
2905
4039
4858
1879
2472
3901
4539
1879
2592
3108
4539
1928
2592
3824
4132
1859
2472
3690
5112
1879
2592
3858
4962
1879
2567
3858
4962
1499
2566
3858
4747
2041
2789
3891
4654
1499
2472
4039
4747
1879
2592
3725
4769
1879
2791
3674
4837
1879
2566
3782
4769
1879
2566
3782
4810
1879
2472
3987
4837
1879
2566
3869
5114
1879
2592
3858
4769
1879
2592
3858
4654
1879
2976
4039
4837
1130
2791
3747
4654
1130
2472
3108
4132
1130
2119
4039
4311
1879
2592
3858
4810
1397
2694
3914
4810
1499
3022
3725
4494
1363
3009
3690
4364
1859
2472
3413
4567
1499
2472
3725
4494
1879
2592
4009
4494
1879
2592
4009
4810
1499
2961
3725
4769
1859
2472
3690
4837
1499
2566
3858
4747
1130
2472
3725
4962
1879
2592
3858
4132
1499
2961
3690
4837
1879
2592
4009
5052
1130
2472
4009
4769
1879
2592
3858
4837
1879
2592
3725
4837
1130
2472
3950
4132
1456
2976
4072
4955
1628
3050
3839
5052
1419
2452
3413
5089
1561
2162
4094
4962
1452
2508
3974
4606
1911
2091
3928
4170
1499
3017
3725
4771
1419
2961
4039
5115
1859
2472
3725
4654
1130
2592
3858
4589
1879
2961
3108
5094
1879
2961
3108
4837
1879
2961
3725
4837
1130
2566
3750
4589
1130
2472
3690
4654
1879
2961
3108
4654
1130
2472
4039
4962
1130
2592
3858
4311
1879
2592
3108
4769
1130
2566
3108
4769
1130
2566
3750
4837
1879
2592
3858
4830
1879
2566
3950
4311
1843
2923
3111
5081
1363
2961
3802
4654
1363
2961
3725
4858
1879
2248
3108
4132
1879
2592
3858
4311
1859
2472
3725
4769
1879
2592
3950
4837
1130
2248
3108
4769
1859
2472
3869
4654
1130
2472
4039
4962
1859
2961
3858
4769
1859
2566
3725
4769
1130
2976
4009
4837
1130
2592
3858
4769
1130
2472
3858
4837
1879
2592
3858
4769
1432
2472
4009
4837
1130
2976
4009
4769
1130
2592
3108
4769
1252
2748
4054
4962
1521
2649
3231
4509
1653
2939
3231
5012
2023
2985
3987
4311
2023
3022
3782
4384
1281
2694
3893
4889
1879
2452
3901
4983
2041
2472
3891
4170
1499
2566
4039
5114
1130
2985
4009
5015
1859
2472
4054
5114
1281
2592
3690
4624
1859
2472
3690
4962
1281
2813
3824
5012
1130
2813
3904
4170
1130
2472
4087
4934
2043
2694
4009
5052
1130
2748
3725
4889
1130
2592
3108
4962
1130
2472
3858
4962
1130
2472
4009
4962
2043
2976
3108
4769
1762
2411
4009
4934
1652
2277
3796
4710
1924
2165
3325
4624
2023
3022
3904
4494
1748
2109
3603
4937
1281
2350
3987
4539
1419
2748
3690
5114
1858
2592
3904
4539
1499
2976
4072
5015
1499
2411
3108
4539
1499
2961
3858
4539
1499
2813
3858
5029
1499
2889
3750
4539
1859
2350
3725
5114
2043
2472
3725
5052
1859
2472
3782
4769
1879
2467
3824
4934
1130
2619
3891
4962
1130
2592
3987
4835
1130
2472
4009
4769
1130
2472
4009
4769
1499
2813
4039
4769
1130
2889
3891
5015
1487
2472
4091
4670
1363
2976
3858
4835
1879
2592
3108
4539
1879
2976
4009
5089
1879
2592
4009
4539
1499
2961
4039
4539
1879
2592
4087
5052
1499
2791
3987
4539
1499
2976
3933
4539
1130
2566
3725
4747
1879
2976
4009
4539
1130
2567
3858
4311
1130
2472
4039
4837
1130
2566
4009
4769
1499
2961
4072
4539
1879
2592
4072
4769
1130
2472
3782
4769
1130
2592
3858
4311
1130
2566
3858
4962
1130
2566
3108
4962
1130
2472
3782
4769
1487
2434
3698
4835
1419
2976
4077
4747
1879
2700
3858
4837
1879
2700
3914
4810
1281
2567
3530
4539
1130
2976
4009
5089
1419
2567
3673
4150
1130
2472
4039
4539
1130
2472
4009
4539
1879
2567
3725
4769
1499
2976
3951
5089
1130
2567
4009
4769
1879
2592
3108
4769
1130
2592
3108
4769
1879
2592
3858
5089
1859
2566
3725
5089
1879
2592
3858
4769
1879
2592
3108
4962
1130
2472
3869
4132
1859
2961
3858
4962
1130
2961
4009
4769
1859
2472
4039
4858
1076
2649
3987
5118
1485
2257
4036
5079
1561
3017
3901
4414
1419
2592
3858
4494
1363
2976
3869
4318
1499
2567
3300
4858
1879
2976
4009
5089
1130
2567
4009
4769
1130
2248
3858
4747
1130
2700
4009
4769
1499
2567
3725
4747
1499
2976
3108
5089
1859
2472
3108
5089
1859
2472
3858
4837
1130
2472
4009
4837
1130
2567
3725
4837
1859
2472
3725
4539
1859
2566
3725
4769
1499
2961
3858
4747
1130
2592
3858
4769
1487
2567
3725
4858
1879
2592
4077
4769
1499
2976
3750
4539
1130
2472
4009
4769
1130
2472
4009
4837
1859
2472
3858
5015
1130
2248
3750
4539
1499
2961
3858
4654
1879
2592
4039
4769
1130
2472
4039
4810
1130
2592
3951
4830
1130
2592
3858
4810
1130
2472
3869
4837
1130
2472
3950
4962
1130
2472
3858
4654
1130
2566
4039
4962
1281
2961
4039
4962
1130
2791
3108
4830
1130
2472
3951
4837
1879
2592
3858
4810
1130
2961
4009
4810
1127
2694
3613
4848
1363
2976
3950
4132
1363
2791
3165
5112
1879
2791
3858
4837
1879
2791
4009
4810
1499
2976
3108
5089
1499
2472
3690
4539
1130
2472
3725
4810
1499
2961
3858
4769
1859
2566
3858
4769
1487
2696
4091
4747
1879
2791
4077
4624
1879
2472
3951
4830
1879
2592
3951
4769
1130
2592
3725
4810
1499
2566
3858
5089
1879
2592
4009
4460
1859
2472
3858
4654
1879
2592
4039
4837
1130
2472
3951
4830
1499
2961
3935
4810
1843
2567
3933
4567
1780
2150
3935
4705
1924
2890
3377
4465
2023
2788
4072
4733
2023
2135
4079
4810
