306
689
121
341
53
592
669
841
967
56
645
645
793
793
793
793
926
231
270
270
793
793
793
374
374
374
374
519
670
682
698
698
89
679
75
75
75
249
249
249
519
671
231
105
703
703
901
249
249
249
249
249
190
923
434
380
380
832
87
207
207
553
518
518
518
109
926
231
905
703
703
703
703
901
518
518
402
765
923
144
27
380
35
584
152
207
207
518
518
402
923
925
434
380
1011
832
832
152
387
518
518
79
109
897
609
360
697
841
967
56
645
645
793
848
793
793
926
231
270
270
793
793
793
374
374
374
374
19
923
460
144
380
800
35
584
207
207
518
518
518
765
923
434
380
380
832
832
152
152
618
518
518
402
907
379
922
164
566
891
732
659
979
372
79
902
499
925
434
380
660
584
584
276
207
518
518
402
765
923
434
380
447
20
702
689
689
689
689
689
689
521
748
550
689
340
689
149
689
689
689
689
431
689
850
341
609
592
669
841
967
645
645
793
793
793
793
793
551
231
270
270
793
793
793
374
374
374
374
36
926
141
922
164
891
254
254
732
979
374
611
142
109
926
231
331
566
254
979
659
659
142
79
902
446
925
434
380
380
832
832
152
207
207
518
518
902
988
671
331
566
566
979
979
372
79
79
79
902
499
925
144
380
380
832
584
207
207
518
518
402
446
923
434
380
380
832
832
152
207
518
518
518
402
897
609
360
697
841
967
56
645
645
793
793
793
793
926
551
270
270
793
793
793
374
374
374
374
36
128
460
144
27
800
584
584
207
207
518
518
518
988
923
460
380
380
832
832
152
152
659
507
142
902
988
379
922
164
891
891
979
732
979
659
79
902
499
925
144
380
380
584
584
207
207
518
518
901
402
128
460
380
380
16
702
689
889
689
689
689
689
521
991
689
501
689
689
501
689
340
689
689
689
121
429
609
360
669
841
841
56
645
645
793
793
793
793
926
231
270
270
793
793
793
374
374
374
374
36
555
682
698
698
16
679
75
75
75
249
249
249
249
926
231
105
703
703
901
249
249
249
249
249
765
923
434
380
380
832
87
553
152
207
518
518
518
109
926
231
905
703
431
703
703
703
518
518
402
765
923
144
27
380
832
584
207
207
207
518
518
190
923
925
380
380
832
832
152
152
207
534
1859
2529
4008
4335
1859
2529
3782
4769
1363
2592
3504
5057
1363
2412
3824
4858
1363
2592
3108
5052
1363
2411
3987
4962
1841
2516
3558
4477
1659
2277
3504
5000
1561
2314
4077
5110
1561
2748
3727
5029
1049
2314
3868
4384
1049
2748
3764
4654
1049
2452
3982
4747
1349
2540
3890
4654
1419
2748
3727
4539
1628
2592
3904
5110
1499
2411
4009
4830
1803
2411
4079
5052
1858
2619
3824
4955
1900
2452
3725
4926
2043
2592
3858
4934
2043
2961
3824
5015
2041
2411
3893
5118
2041
2813
3750
5118
1900
2248
3987
4858
1363
2877
3777
4934
1859
2748
4079
5015
1859
2961
3750
5118
1879
2592
4072
4132
1130
2566
3901
4384
2043
2748
3987
4769
2043
2649
4054
4837
1762
2472
3782
4132
2041
2961
3901
5118
1900
2813
3904
5052
1762
2452
4009
4926
1762
2592
3901
5015
1762
2566
3987
4837
1762
2566
3858
4170
1432
2472
3858
4837
1432
2472
3858
4962
1762
2566
3108
4934
1487
2748
3498
4970
1535
2573
3746
5108
1252
2255
3504
5079
1653
2529
4072
4830
1252
2889
4077
5096
1653
3071
3782
4414
1653
2989
4042
4351
1252
2889
3413
5052
2041
2985
3904
4311
2041
2097
3901
4837
1252
2788
3987
5110
1150
2097
4061
4201
2023
2694
3704
5052
2023
2694
3891
5114
2023
2694
3750
5118
1900
2907
4061
5118
1900
2325
3893
4311
2041
2350
4061
4934
2041
2350
3824
5015
2041
2411
3966
4311
1363
2097
3893
5114
1900
2788
4009
5015
1900
2788
4061
4837
1900
2325
3893
5118
1762
2350
4061
4311
2041
2694
3893
5052
2041
2961
3108
5114
2043
2788
3108
4311
1900
2788
3893
4837
1900
2325
3893
5118
2041
2350
3893
5118
2041
2350
3824
4769
2041
2961
3891
5114
1900
2788
3108
4962
1900
2907
4061
5118
1762
2350
4061
5118
2041
2350
3824
4934
2041
2985
3891
4962
1516
2516
3738
4905
1049
2709
3268
4414
1157
2109
3504
5089
1419
2350
3987
5052
1653
2165
3782
4351
1900
2748
4077
4934
1499
2788
3715
4351
2023
2748
3891
4351
1900
2907
3966
5118
1157
2694
3268
5015
2041
2985
3891
4934
2041
2097
3893
5114
1859
2411
3750
5114
1762
2788
3750
4837
1762
2907
4061
5052
1762
2350
4061
4837
2041
2985
3891
4962
2043
2788
3987
4962
1900
2788
4061
4837
1762
2325
3750
5118
1487
2350
3662
5057
1363
2985
4072
4414
1363
2788
3268
4414
1900
2788
4061
5118
1762
2325
3893
5015
1762
2350
3858
5052
1762
2985
3108
4962
1900
2788
4072
4962
1900
2788
4061
5118
1762
2325
3893
4311
1762
2350
3108
5052
1762
2097
3893
4837
1762
2788
3858
4837
1762
2566
4061
5118
1762
2350
4061
4837
1762
2985
3893
4962
1762
2788
3268
4837
1896
2612
4008
4970
1181
3071
3971
4201
1363
2885
3504
4835
1363
2788
4009
5114
2043
2325
3782
5118
1748
2801
3868
4311
2043
2813
3891
5118
2041
2350
4009
4962
2043
2135
3108
5052
1900
2325
3891
5118
1432
2985
3750
5015
1762
2325
3750
4934
2041
2350
3750
5052
1900
2788
3782
4962
1762
2788
4061
5015
1762
2961
3858
5052
1762
2350
4061
4934
2041
2748
3824
4311
1900
2788
3782
5052
1392
2404
3504
5008
1049
2788
3673
5118
1157
2567
3891
4927
2041
2877
3904
5052
1252
2619
3987
5114
1748
2694
3987
4950
1859
2566
4072
4858
1900
2788
3904
4170
2043
2350
4061
4311
1432
2411
3750
5114
1900
2350
3891
4170
1762
2889
3108
4962
2041
2788
3824
5052
1762
2350
3891
4769
1762
2350
4061
5114
1762
2889
3108
4311
1762
2566
3893
4837
1762
2566
3891
4837
1762
2889
3891
5015
1755
2804
3932
4829
1830
3021
3478
4487
1457
2703
3366
5082
1561
2411
3868
4508
1300
2467
3506
4494
1561
2649
3270
4134
1049
2467
3950
4414
1911
2411
4077
4889
1777
3071
4039
4624
1252
2649
3914
4950
1252
2877
4077
5118
1130
2813
3747
5052
1419
2889
3690
4170
2043
2314
4072
4654
2043
2649
3725
4962
1762
2649
3782
5015
2041
2961
3901
5058
1858
2889
3901
5118
1900
2748
3987
4962
2043
2748
3858
4837
1363
2411
3904
5015
1879
2592
3901
5012
1859
2748
4054
5015
1130
2472
3108
4962
1130
2411
3858
4934
2041
2649
3725
5058
1130
2813
3904
4769
1762
2566
4039
4934
1900
2452
3108
4934
2043
2961
3108
4934
1762
2592
4072
5015
1762
2592
3858
4769
1762
2961
3858
4837
1432
2472
3108
4837
1432
2472
3108
4962
1762
2592
3858
4769
1762
2411
3725
5052
1900
2813
4042
4950
1410
2717
3581
4187
1419
2165
3796
4905
1363
2709
3268
4983
1748
2350
3824
5012
1252
2788
4054
4733
1900
2325
3880
5118
2041
2350
3891
4962
1150
2439
3268
5015
1157
2889
3893
4311
2043
2135
3824
4837
1130
2788
4061
5012
2041
2350
3108
4934
1900
2788
3824
5052
1157
2961
3268
5058
2041
2788
3268
5110
1900
2325
3750
4934
1432
2135
4061
4311
2043
2788
3824
4170
2041
2350
3108
4934
1392
2459
3982
4414
1803
2677
3782
4853
1157
2567
3891
4950
1748
2350
3901
4962
1252
2788
3891
5012
2023
2748
3824
5015
2043
2592
4072
4889
1859
2135
3891
4962
1157
2889
3268
4889
1762
2566
3108
4934
1859
2985
3893
4858
1762
2350
3108
4934
1762
2350
3782
4837
1762
2350
3858
4837
1432
2350
3108
4769
1432
2350
3891
4769
1762
2889
3893
4837
1432
2566
4061
4311
1487
3042
3777
5069
1487
2289
3613
4858
1363
2905
3504
4950
1363
2592
4072
4769
1859
2905
3750
5052
1859
2566
3108
5052
1762
2592
3858
4769
1432
2961
3858
4837
1432
2566
3858
4837
1432
2961
3858
4837
1432
2566
3108
4311
1432
2961
3858
4837
1432
2961
4009
4837
1432
2961
3108
4837
1086
2472
3858
4962
1086
2472
3858
4311
1086
2472
3858
4769
1086
2472
3858
4769
2023
2162
4008
4955
1652
2380
3830
5041
1363
2135
4072
5089
1499
2788
4061
4201
2043
2350
3901
4934
2041
2097
3750
5118
1900
2325
3750
5118
2041
2350
3108
4311
1900
2788
3782
4962
1157
2350
3750
4934
1762
2135
4009
4962
1130
2325
3750
5114
2041
2350
3891
5052
1900
2788
3824
4837
1130
2350
4061
5012
1762
2985
3891
5114
1762
2325
3750
4934
1762
2961
3268
5114
1762
2985
3891
5118
1557
2380
3868
4368
1561
2883
4077
4484
1049
2869
3893
4927
1049
2985
3987
4876
1049
2619
3782
4414
1049
2889
3284
4414
1419
2905
3504
5058
1419
2905
3284
4351
1049
2748
3237
4795
1363
2788
3802
4962
1049
2694
3893
4494
1363
2788
3504
5052
1363
2325
3398
4747
1049
3017
3824
4335
1049
3017
3891
5110
1419
2889
3893
4624
1363
3017
4077
4771
1049
2694
3858
4889
1499
2592
3802
4539
1363
2961
3802
4858
1363
2472
3802
5015
1363
2472
3950
4414
1363
2472
3802
4858
1363
2592
3858
4858
1363
2592
3504
5057
1363
3017
3802
4858
1363
3017
3802
4858
1363
3017
3802
4858
1363
2961
3108
4858
1363
2592
3504
4837
1499
2592
3802
4539
1363
2566
3284
4318
1499
2592
4009
4508
1859
2248
3108
4414
1363
2961
3858
4858
1363
2961
3504
5057
1859
2248
3108
4858
1859
2472
4009
4539
1363
2961
3108
4858
1363
3022
3284
5015
1683
2717
3641
4414
1801
2467
3104
4983
1457
2403
4077
5057
1561
2619
4077
4480
1049
2619
4039
4830
1349
2150
3096
4414
1049
2579
4006
4747
1419
2889
4039
4955
1049
2314
3673
4810
1748
2592
3901
4654
1499
2314
3914
4835
2043
2748
4088
4926
1454
2411
3108
4889
2041
2592
3725
4889
1879
2813
4039
5052
1900
2592
3987
4837
2043
2748
3987
5015
2043
2649
3725
4962
2041
2961
3891
4889
1363
2566
3782
5058
1900
2248
3782
4170
1859
2748
3725
4769
1130
2452
3674
4837
1130
2566
4039
4170
1900
2813
3725
5052
1900
2452
3725
4926
1762
2748
3858
4837
2043
2694
3725
5052
2041
2411
3893
5114
1762
2813
4072
5118
1432
2472
4061
4311
1762
2566
3108
4837
1432
2472
3858
4837
1762
2566
3987
4962
1762
2961
3901
4837
1432
2472
3858
5052
1762
2472
3987
4837
1363
2248
3901
4970
1561
2452
4085
5112
1487
2748
4091
5110
1859
2592
3858
4311
1859
2592
3858
4170
1859
2566
4009
4494
1859
2961
3108
4962
1859
2961
4072
4170
1762
2592
3782
4769
1762
2813
3108
5052
1762
2566
3987
4837
1432
2566
3858
4837
1432
2566
3858
4837
1432
2961
3858
4837
1432
2961
3108
4837
1432
2566
3108
4934
1432
2961
4009
4769
1432
2961
3108
4962
1432
2961
4009
4769
1086
2472
3858
4962
1363
2961
3108
4962
1363
2990
3782
4170
1859
2961
3108
4926
1432
2472
4009
4769
1432
2961
3858
4837
1432
2961
3858
4837
1432
2961
3858
4837
1432
2961
4009
4769
1086
2472
3858
4769
1086
2472
3858
4311
1086
2566
3858
4311
1086
2472
3858
4769
1086
2472
3108
4769
1086
2472
3858
4769
1086
2472
3858
4769
1086
2472
3858
4769
1981
2694
3987
5114
1161
3069
3558
4873
1049
2097
3268
4889
2023
2255
3987
4625
1157
2467
4077
4318
1653
2907
3824
4927
1252
2788
3987
4170
1499
2889
4061
4351
2041
2350
3987
5015
1252
2788
4008
4170
1859
2985
4061
4858
2041
2350
3824
4311
2043
2788
3108
4837
1762
2325
3108
4311
1762
2350
3108
4837
1762
2961
4009
5114
1762
2566
4061
5118
1762
2411
4061
4311
1432
2472
3108
5052
1432
2472
3901
4837
1363
2592
3858
4837
1363
2472
3901
4494
1859
2566
4054
5118
1432
2592
4009
5015
1432
2566
4009
5052
1432
2961
3858
4837
1432
2961
3858
4837
1432
2566
3782
4934
1432
2566
3108
4962
1432
2566
3108
4837
1432
2566
3108
4837
1086
2472
3858
4769
1086
2472
3858
4769
1086
2472
3858
4311
1086
2472
3858
4769
1086
2472
3858
4769
1086
2472
3108
4769
1086
2472
3858
5052
1996
2404
3464
4468
2023
3071
4077
5114
1419
2905
3893
4601
1363
2985
3839
4414
1252
2788
4072
4950
2041
2619
4061
5110
1900
2592
3891
4934
1900
2788
4061
5118
2041
2350
3108
4769
1762
2788
3858
4934
1762
2350
4061
4934
1762
2135
4061
5114
1762
2325
3782
4311
2041
2889
3268
4769
1762
2566
3750
5118
1762
2411
4061
5052
1762
2985
3108
5118
1432
2350
4061
4311
1801
2344
3526
4484
1300
2869
3104
4983
1419
2350
3526
5118
1150
2592
3891
4201
2023
2748
3725
4962
2043
2985
4061
5114
1762
2350
3901
4311
2043
2592
4061
5012
2043
2350
3901
5110
1900
2325
3891
5118
2041
2694
3858
5052
1900
2907
3108
5114
1762
2325
3750
4934
2041
2694
3904
5114
1432
2325
3268
5015
1432
2566
3108
5052
1432
2566
3891
5052
1432
2889
4061
4962
1432
2985
4009
4311
1762
2985
3891
4837
1841
2969
3517
4987
1755
2764
3437
4431
1127
2314
3673
4858
1561
2314
3388
4414
1561
2741
3300
4414
1049
2748
3111
4835
1049
2452
4039
4934
1349
2592
4077
4950
1748
2748
4077
4132
1628
2889
3398
4934
1499
2411
4039
4934
1499
2564
3725
4962
1454
2813
3398
5058
1858
2813
3987
5118
1900
2748
4061
5058
2043
2694
3725
4132
2043
2592
3782
4769
2041
2813
3725
5118
2041
2813
3987
5015
1363
2472
4009
5052
1363
2748
3750
5052
1859
2961
4079
4311
1879
2592
4039
4926
1130
2472
3750
4837
1900
2748
3987
4132
2043
2592
4072
4934
1762
2472
3782
4654
2041
2649
3108
4170
2041
2813
3108
5118
1762
2452
3901
4837
1762
2649
3858
4837
1762
2592
3858
4170
1762
2592
3858
4769
1432
2472
3858
4837
1432
2472
3108
4837
1762
2592
3750
4934
1762
2748
3108
5052
1788
2249
4042
5087
1561
2907
3891
4494
1487
2321
4054
5089
1363
2097
4009
4311
1748
2788
3824
5012
1157
2411
3893
4311
2041
2135
4009
5114
1157
2907
4042
5114
2041
2452
3268
4926
1900
2788
4061
5114
1157
2961
3268
4934
2043
2135
3824
4837
1130
2325
3891
5012
2041
2961
3268
4934
1900
2788
4061
4837
2041
2411
3893
4934
1762
2411
3750
5114
1157
2961
3893
4311
2041
2961
3782
4311
1516
2516
3380
4647
1049
2788
3736
4906
1803
2907
3893
5112
1363
2985
3880
5012
1252
2788
4088
4583
1454
2619
3824
4934
1859
2472
3952
5052
1900
2592
3987
5052
2043
2411
3904
5052
2041
2748
4061
5052
1762
2135
3108
4837
1432
2325
3750
4311
1762
2889
4061
4962
1900
2889
3824
4962
1432
2985
3858
4837
1432
2961
4061
4311
1432
2566
3108
5052
1432
2961
3858
4962
1762
2592
3750
4934
1487
2248
3504
4670
1363
2248
3108
4414
1363
2961
3824
4414
1859
2985
3858
4311
1859
2961
3858
4769
1432
2472
4009
4769
1432
2566
4009
4769
1432
2472
3108
5052
1432
2961
3108
4837
1432
2566
3108
4769
1432
2961
4009
4837
1432
2961
4009
4769
1432
2961
4009
4837
1432
2961
4009
4769
1086
2472
3108
4769
1086
2472
3858
4769
1086
2472
3108
4311
1723
3007
3891
4970
1815
2380
3105
4938
1363
2135
4072
4950
1363
2788
4061
5118
1858
2350
3901
4927
1252
2694
3966
4311
1900
2325
3750
5118
2041
2350
3891
4769
2041
2788
3108
5114
1157
2961
3893
4934
1762
2135
4009
4962
1130
2325
4042
5114
2041
2748
3893
4962
1900
2788
3824
5052
1762
2350
4061
4837
1762
2985
3891
5114
1762
2325
3750
4311
1432
2472
3108
4311
1762
2788
4061
4837
2041
2350
3824
5012
1996
2283
3596
4547
1049
2788
4077
4931
1049
2325
3891
5058
1843
2350
3475
5118
1653
2165
4077
4934
1049
2907
3824
4494
1049
2694
4072
4962
1049
2883
3966
5110
1454
3022
3777
4934
1049
2889
3893
4422
1419
2788
4077
4962
1049
2350
4072
4494
1363
2985
3802
4876
1363
2566
4061
4876
1363
2325
3802
4311
1049
2985
4008
4311
1049
2694
3782
4318
1859
2325
3750
4539
1363
2985
3504
4311
1363
2918
3736
5114
1363
3017
3802
5114
1499
2985
3802
4311
1363
2566
3504
5057
1363
2592
3504
4318
1363
2985
3504
4837
1499
2566
4077
4132
1859
2472
3858
4934
1363
2961
3108
4858
1363
2961
3108
4858
1859
2412
3858
5015
1859
2472
3858
4837
1363
2961
3802
4858
1859
2592
3750
4837
1859
2472
4009
4837
1859
2472
4009
4769
1859
2472
3858
4837
1859
2472
3858
4837
1859
2248
3750
4769
1604
3015
3424
5033
1703
2255
4094
4897
1127
2268
4070
5012
1700
2257
3486
4889
1843
2660
3428
4484
1843
2467
3504
4175
1049
2411
3904
4170
1561
2411
3437
4414
1252
2248
3764
4460
1252
3071
3893
4889
1879
2813
3782
5058
1419
2944
3504
4170
1858
2592
3904
5118
2043
2748
3725
5015
2043
2592
4039
4962
1130
2411
4009
5052
2041
2813
3108
5118
1858
2889
3824
4955
2043
2889
3904
4170
1419
2905
3952
4889
2043
2592
4009
5118
1859
2961
3750
4837
1900
2592
4072
4926
1762
2961
4039
4837
2043
2985
3893
4769
2041
2813
4072
5015
1762
2566
3987
4837
1900
2592
3901
5052
1900
2748
3987
4962
1762
2748
3858
4962
1762
2592
3750
4837
1762
2566
3858
4934
1762
2961
4054
4837
1432
2472
3858
4837
1762
2592
3108
4934
1432
2566
3858
4962
1762
2649
4088
5058
1535
2467
3746
4583
1252
2206
3976
4296
1653
2463
3891
5097
1252
3022
3268
4494
1653
3071
3782
4858
1252
2452
3647
4351
1252
2248
3965
5052
2041
2097
3893
4950
1252
2694
3904
5114
1252
2788
3901
5114
2023
2989
4042
4962
2023
2694
3704
4934
2023
2694
3750
5114
2023
2694
3750
4934
1900
2907
4061
5015
1900
2325
3893
5118
2041
2350
4061
4934
2041
2350
3108
4769
2041
2748
3750
4962
1363
2097
3750
4934
1900
2788
4009
4837
1900
2907
4061
5114
1900
2325
3893
4311
1762
2350
4061
4311
2041
2694
4072
5052
2041
2961
3891
5114
2043
2788
3750
4769
1900
2907
4061
5114
1762
2325
3893
5118
2041
2350
3893
5118
2041
2350
3824
4769
2041
2788
3268
4962
1900
2788
3891
5015
1900
2907
4061
5118
1762
2350
4061
5118
2041
2350
3824
4934
2041
2961
4072
4962
1996
2940
3762
4770
1049
2709
3608
4749
1049
2801
3736
4962
1049
2350
3268
4615
1653
2165
4061
4414
2043
3022
3108
4934
1363
2097
3504
5057
2023
2748
4008
4934
1900
2325
4009
4934
2041
2350
3824
4934
2041
2135
3824
4962
2041
2097
4061
4934
2043
2694
3782
5114
2043
2788
3750
5015
1762
2889
3893
5015
2041
2350
3824
4769
2041
2097
3893
5110
2043
2788
3987
5015
1900
2788
4061
5118
1432
2325
3750
4311
1487
2350
4072
5069
2041
2748
4077
5114
1900
2788
4009
4962
1900
2325
3891
5118
1762
2350
4061
4837
2041
2694
3893
5052
1762
2985
3891
5052
1762
2788
3750
4837
1762
2907
4061
4837
1762
2350
4061
4837
2041
2694
3858
4962
1762
2788
3268
4962
1762
2788
4061
4837
1762
2325
3893
4311
2041
2694
3893
5052
2041
2694
4009
4962
1762
2788
3108
5052
1557
2516
3736
4858
1049
2869
3891
4539
1363
2350
3893
4950
1150
2985
4077
4962
2023
2907
4077
4770
2043
2325
4009
4950
1900
2350
4054
5118
1859
2452
4061
4934
2041
2135
3715
5052
1900
2788
4061
5118
1157
2889
3268
5118
1762
2961
4009
5052
2043
2325
3893
5110
2041
2135
3824
5114
1900
2325
3750
5118
1762
2350
3891
5052
2041
2694
3725
5114
1432
2985
4009
4311
2023
2889
3750
4889
1652
2383
3830
4770
1363
2135
3504
4962
1419
2788
4042
4858
1157
2411
3268
4950
1653
2907
3824
4926
1859
2411
3901
5015
2041
2748
4061
4170
1150
2788
4061
5110
1157
2961
4042
4950
1157
2135
3893
4934
1762
2411
3108
4311
2041
2411
4061
4962
1900
2788
4072
4934
1900
2325
3750
5118
2041
2961
3891
4962
