1012
862
697
841
967
645
645
51
793
793
793
793
926
231
270
270
793
793
793
374
374
374
142
446
923
144
27
250
584
584
207
207
207
518
518
402
128
460
434
380
832
832
152
152
152
507
828
232
109
119
141
922
164
891
891
732
732
979
142
79
902
128
923
434
380
660
584
584
207
207
518
518
518
109
923
460
27
380
151
702
889
739
689
689
689
689
521
991
17
340
501
689
149
501
501
689
149
689
121
676
609
360
697
841
967
645
645
14
14
793
793
793
926
231
270
270
793
793
793
374
374
374
374
36
555
460
698
698
151
702
75
689
75
689
689
257
689
521
689
689
1000
689
689
689
689
689
689
461
552
128
923
434
27
800
584
584
207
207
207
518
518
190
923
460
434
380
16
584
207
207
207
518
518
334
128
279
144
27
660
584
584
207
207
518
518
402
765
923
434
380
380
832
832
152
152
518
518
518
402
676
661
360
697
841
967
645
14
14
793
793
793
793
926
551
270
270
793
793
793
374
374
374
374
19
923
144
144
380
660
584
584
207
207
518
518
402
765
923
434
380
380
832
832
152
152
152
507
142
232
628
141
922
164
891
891
732
732
979
142
79
19
923
925
434
380
660
584
584
207
207
518
518
402
765
923
434
380
447
702
497
689
889
689
689
689
689
521
748
17
689
689
689
501
689
149
689
689
689
50
661
360
697
841
967
967
14
14
14
793
793
793
664
551
231
270
793
793
24
793
374
374
374
374
19
555
682
698
447
151
702
75
75
75
689
689
257
689
991
689
461
689
689
456
689
689
689
257
689
689
119
847
922
164
891
878
732
207
207
249
901
249
597
484
484
24
597
597
597
597
597
597
597
597
597
484
484
484
597
602
602
602
602
602
901
602
602
597
602
602
602
602
602
602
602
602
602
602
597
1
597
597
602
24
602
602
24
602
602
602
602
605
605
406
602
605
605
602
24
605
605
605
605
605
605
406
406
605
605
605
605
605
605
605
605
605
605
605
605
605
605
605
605
605
605
605
605
605
605
605
605
406
605
605
605
605
605
605
605
605
372
605
605
605
605
605
605
605
605
605
605
605
605
461
605
605
406
605
605
605
605
605
605
605
605
605
605
605
605
605
605
605
605
605
605
605
605
605
24
605
534
1557
3042
3517
5033
2046
2516
3237
4698
1487
2347
3504
4494
1049
2411
4077
4927
1049
2411
4077
4927
1049
2467
4072
5015
1049
2939
3673
4539
1419
2411
3764
4539
1628
2248
4077
4132
2043
2248
4072
4414
2041
2813
4077
4889
1281
2813
3869
4962
1499
2452
3750
4460
2043
2889
3987
4962
2043
2748
3725
4654
2043
2592
3782
4769
2041
2813
3824
5015
1858
2813
3987
5118
1499
2452
4009
4934
1363
2748
3725
4950
2043
2592
4009
5118
1130
2592
3858
4311
1130
2472
3750
4926
1859
2961
3858
4769
2043
2961
3858
4962
2041
2411
3901
5118
1130
2813
3750
4837
1762
2889
3782
4837
1900
2566
3987
4962
1762
2748
3987
4962
1762
2566
3108
4889
1762
2961
3858
4837
1762
2566
3858
4837
1432
2472
3108
4837
1762
2592
3858
4934
1432
2472
4061
4311
1764
2404
3724
5008
1049
2709
3268
4539
1487
2321
3885
5089
1363
2985
4077
5015
2023
2905
3914
5118
1157
2350
4077
5114
1150
2694
4009
4934
1900
2325
3891
5118
2041
2350
3891
4962
1900
2788
4009
4934
1157
2694
3893
4311
2041
2135
3891
5114
1130
2325
3750
5012
2043
2350
3268
5114
1900
2788
4061
4837
2041
2350
3824
4769
1762
2788
3750
4311
1130
2325
3893
5012
2041
2135
3824
4962
1059
2257
3965
4814
1049
2907
4087
4414
1049
2350
3893
4814
1419
2985
3987
5114
2023
2411
3891
5012
2041
2566
4061
5118
2041
2592
3268
4837
2041
2788
3782
5052
1859
2350
3782
4858
2041
2411
3108
5114
1900
2907
3824
5015
1762
2350
3782
4962
1762
2350
3966
4837
1432
2985
3750
4934
1432
2566
4061
4962
1762
2889
3782
4769
1432
2985
3893
4837
1432
2566
3858
5052
1432
2472
3108
4311
1432
2566
3108
5114
1487
2434
3904
4876
1363
2248
4077
4858
1363
2592
3504
5110
1859
2905
3858
4858
1432
2592
4009
5015
1859
2961
3108
4962
1432
2472
4009
5052
1432
2566
3108
4769
1432
2961
3858
4837
1432
2961
3858
4837
1432
2961
3108
4837
1432
2961
4009
4837
1432
2961
4009
4769
1086
2472
3858
4769
1086
2472
3858
4769
1086
2472
3108
4311
1086
2472
3108
4769
1432
2889
3858
5015
1896
2455
3366
4770
1419
2788
3901
5114
1157
3071
3893
5015
2041
2889
3268
5015
2023
2694
3891
4837
1157
2961
3268
4837
1900
2135
4072
4962
1900
2325
3891
5118
2041
2350
3782
4769
1900
2788
3108
4837
1157
2961
3268
4769
1900
2985
3891
5114
1130
2325
3750
5012
2041
2748
3893
4311
1900
2788
4061
4962
2041
2961
3893
5052
1762
2961
4009
5114
1762
2325
3891
4311
1900
2889
3108
4311
1270
2484
4006
5051
1049
2165
3104
5087
1049
2905
3782
4201
1049
2467
3893
4876
1843
2907
3504
4624
1049
3017
3782
4335
1049
2813
3782
4335
1049
2788
3804
4335
1049
2452
3824
4536
1419
2907
4077
4876
1363
2985
4077
4962
1049
2694
3725
4494
1363
2907
3777
5052
1363
3017
3891
4962
1363
2566
3777
4837
1363
2985
3802
4858
1363
2592
3504
5114
1363
3017
4061
4769
1363
3017
3802
4962
1499
2592
3108
4876
1363
2592
3858
4318
1363
2566
3108
4837
1363
3022
3108
4858
1363
2566
3858
4335
1363
2592
3858
4335
1363
2961
3802
4858
1363
2961
3725
4858
1363
2961
3108
4858
1859
2472
3725
4769
1859
2472
3802
4539
1859
2566
4009
4539
1363
2961
3108
4837
1859
2248
3802
4747
1363
2961
3504
5057
1859
2472
4077
4858
1859
2412
4009
4769
1859
2472
4009
5052
1363
2961
3504
5057
1683
3021
3342
4117
1755
2717
3598
4701
1457
2619
3383
4106
1561
2905
3504
5059
1561
2619
3997
5029
1349
2150
4072
4853
1419
2564
3839
4460
1561
2443
3504
4919
1419
2889
3904
4414
1456
2567
3901
4835
1419
2741
3782
5015
2043
2748
3725
5015
1499
2649
4054
5015
2043
2472
3782
5118
1454
2813
3950
5058
1900
2592
3987
5015
2043
2748
4009
5052
2043
2592
4072
5118
2041
2411
3893
5118
1363
2628
3782
5058
1363
2813
4039
5015
1859
2961
4072
4837
1130
2452
4009
4889
1762
2472
3950
4889
1900
2813
3935
5052
1900
2592
3987
4962
1762
2748
3858
4837
1762
2748
3782
5015
2043
2961
3782
5052
2041
2961
3901
5058
1762
2452
4061
4311
1762
2566
4072
5015
1762
2566
3782
5118
1762
2452
3108
4926
1762
2649
4054
5015
1762
2566
3858
5052
1762
2985
3987
4837
1535
2925
3684
4422
1298
2939
3107
4983
1049
2097
4077
5099
1049
2097
3901
5114
1049
2097
4077
4374
1252
3022
4009
5114
1561
2097
4008
4414
1049
2097
3824
4889
1419
2788
3704
4983
2023
3022
3824
5012
2023
3022
3284
4494
2023
2412
4077
4351
2023
3071
3504
4615
1748
2813
3284
4494
1363
2869
3398
4747
1363
2350
3498
4414
1363
2350
3498
4335
2041
2918
4009
4962
1419
2097
4008
5118
1419
2788
3802
5012
1428
2788
4008
4508
1363
2907
3504
4422
1363
2350
3777
4364
1363
2350
3504
4769
1363
2985
3904
4858
1363
2411
3987
5114
1363
2788
3504
4494
1428
2907
3498
5118
1363
3017
3893
4858
2041
2350
3284
4934
2041
3017
4009
5012
1363
2097
3504
5118
1900
2788
4009
4889
1900
2325
4009
5118
1363
2350
3504
5118
1363
2350
3782
5052
1363
2985
3891
4858
1363
2788
3750
4858
1354
2274
3208
5064
1049
2788
3824
4414
1049
2350
4061
4494
1487
2985
3673
5052
2023
3022
4077
4955
1157
2905
3893
4950
2041
2135
3893
4950
1363
2411
4061
5118
1252
2350
3824
5012
2023
2694
3750
5114
1157
2694
3891
4311
2041
2961
3268
4934
1859
2325
3782
5114
2041
2748
3268
4769
2023
2694
4072
4769
1157
2350
3750
4311
1762
2592
3268
5114
1762
2411
4061
4837
1150
2592
3901
5118
1896
2455
3342
4526
1499
2788
3901
5089
1157
2592
3893
4311
2041
2135
3987
5052
2023
2907
3108
4837
1157
2350
3268
5114
1900
2985
3891
4311
2043
2813
4061
5118
2041
2350
3891
4962
1900
2788
3893
5118
1157
2135
3893
4962
1900
2985
3891
5114
1157
2961
3750
5118
1762
2350
3750
4962
2043
2788
4061
4170
2041
2350
3824
4934
1762
2788
3108
5052
1762
2325
3782
4962
1788
3069
3901
4170
1397
2801
3891
5036
1363
2986
3750
5012
1363
2788
4088
4351
1157
2592
4077
4484
2041
2350
4009
4934
2043
2788
4042
4950
2041
2350
4061
4311
1900
2592
3108
5114
1157
2694
3750
5118
2041
2135
3108
4962
1762
2788
4061
5015
2041
2350
3108
4934
1762
2788
3108
4311
1130
2325
3750
5012
1762
2135
4061
4962
1762
2325
3108
5118
1762
2985
3108
4962
1432
2472
4061
5114
1392
2252
4077
4389
2023
3071
3880
5114
1157
2567
3360
4414
2041
2135
4009
5052
1252
2619
3824
4950
1900
2889
3893
4962
1762
2788
3858
4934
1900
2889
3904
5114
1762
2748
3893
5052
2043
2961
3901
5114
1432
2350
3891
4769
1762
2748
3893
4311
1432
2566
4061
5114
1762
2350
3750
4934
1432
2566
3108
5114
1762
2907
4061
5052
1762
2350
3891
5118
1432
2566
3893
5114
1432
2472
3750
4837
1878
2094
3427
4306
1557
2257
3284
4889
1127
2764
3613
4431
1561
2516
3347
4955
1659
2257
3987
5095
1049
2314
3747
4414
1049
2119
4079
4830
1049
2314
4039
4414
1419
2748
4077
4615
1903
2741
3782
4625
1858
2748
4077
4934
1419
2748
4072
4858
2041
2472
3725
4889
2041
2813
4088
5118
1858
2889
4039
4955
1879
2748
3869
4654
2043
2472
3935
4830
2043
2467
3108
4934
2041
2813
3891
5118
1363
2472
3904
5118
1363
2452
3725
4132
1859
2472
3108
4962
1879
2990
4054
4810
1130
2566
4039
5015
1858
2889
3782
5118
2043
2889
3904
4654
2043
2961
3747
4837
1762
2592
3858
4962
2041
2649
3891
5058
1900
2813
4061
4837
1762
2748
4061
4311
1762
2472
3782
4769
1762
2566
3108
5052
1762
2592
4072
5015
1762
2813
3725
4837
1762
2566
3108
4837
1748
2788
3750
5118
1801
2311
3558
4237
1487
2148
3915
5047
1363
2325
4077
5118
1049
2350
4008
4494
2023
2985
3824
4351
1157
2592
3893
5118
2041
2135
4009
4962
1900
2788
4061
4889
2041
2350
3987
5015
1900
2788
3108
4962
1157
2694
3750
4311
2041
2748
3268
5114
1900
2325
3750
5114
2041
2350
3891
4769
1762
2788
3858
5015
1762
2350
4061
5015
1762
2961
4009
5114
1130
2411
4061
5118
1900
2248
3893
5118
1896
2383
3891
4670
1150
2248
3422
4601
1049
2813
4061
5040
1653
2694
3891
5058
1454
2350
3891
4950
2043
2592
3782
5118
2041
2649
3893
5058
1900
2813
3893
4962
2041
2592
3904
5052
2043
2961
3987
5118
2043
2985
3108
4311
1762
2350
3782
4837
1432
2472
3858
4769
1762
2813
3858
5052
1432
2566
3858
5052
1432
2566
3108
4311
1432
2566
3108
4837
1432
2566
3108
4837
1859
2566
3782
4311
1561
2905
3107
4484
1363
2248
4077
5110
1363
2592
3108
4335
1859
2592
3750
4494
1859
2566
3901
4962
1762
2748
4009
4769
1432
2592
3858
4962
1432
2472
3893
4837
1432
2566
3108
4837
1432
2961
3108
4837
1432
2961
3858
4837
1432
2961
3108
4837
1086
2472
3858
4769
1432
2961
4009
4769
1086
2472
3782
4769
1432
2566
3893
5114
1432
2566
3108
4837
1801
2297
3386
4970
1349
3066
3782
4983
1363
2350
3904
4950
2023
3071
3750
5114
1157
2985
3782
5015
1900
2350
3893
4962
2023
2694
3782
4769
1157
2350
3108
4311
1900
2135
3108
4962
1157
2788
3824
4889
2041
2350
3108
5114
1900
2788
3893
5118
1157
2961
3268
5052
2043
2788
3268
5118
1157
2694
3750
4311
1762
2135
3893
5052
1762
2788
4061
5015
2041
2961
4072
5052
1762
2788
3893
4311
1896
2457
3653
4720
1457
2801
4091
4927
1049
2350
3880
4770
1049
2097
3782
4494
1049
2985
4077
4170
1049
2889
3284
4726
1049
3017
3901
4536
1049
2452
3108
4508
1049
2412
3777
4782
1049
2325
3901
4782
1363
2472
3777
4414
1049
2694
3891
4889
1419
2985
4008
4508
1363
2472
4042
4414
1363
2350
3504
4351
1363
2472
3802
4934
1363
2907
3504
5114
1363
2961
4061
4934
1363
2961
3802
4858
1363
2907
3802
4858
1363
2566
3893
4769
1363
2412
3858
4858
1363
2592
3504
5057
1363
2566
3893
4837
1499
2592
3108
4769
1363
3017
3108
4858
1363
3017
3108
4858
1363
3017
3802
4858
1859
2566
4009
4769
1859
2566
3858
4837
1859
2412
4009
4837
1859
2592
3498
4311
1859
2592
4077
4769
1859
2472
3802
4837
1859
2472
3802
4962
1859
2566
3858
4769
1859
2566
3108
4769
1859
2592
3750
4837
1443
2257
3773
5051
1457
2453
3890
4472
1755
2741
3274
4335
1049
2889
4077
5058
1659
2741
3782
4414
1049
2748
4088
5038
1232
2529
3997
4654
1843
2889
3504
4132
1499
2925
3764
4539
1858
2248
3987
4132
2043
2748
4009
4950
1454
2411
3725
4950
1859
2813
3858
4769
1454
2985
3725
4170
1858
2119
3901
5118
2043
2889
3935
4962
2043
2592
3782
4132
2041
2961
3858
4170
2041
2472
3951
4830
1499
2961
4009
4810
1419
2961
3869
4747
1859
2566
3782
4769
1879
2566
4009
4853
1130
2472
3750
4810
1900
2452
3725
4926
2043
2889
4072
4132
1762
2411
4061
4311
1762
2411
3858
5052
1762
2566
3782
4769
1762
2813
3858
5015
1762
2592
3858
4962
1762
2472
4039
4837
1900
2961
4061
4837
1762
2566
4072
4837
1762
2813
3858
5015
1762
2472
3108
4934
1432
2472
3858
4837
1900
2452
3901
4837
1535
2311
3830
4843
1049
2360
3868
4931
1049
2350
3880
4889
1049
2985
3904
4697
1653
2248
4077
4170
1252
2255
4088
4508
1049
2097
3782
4335
1049
2097
3108
4335
1252
2788
4077
4934
2023
2412
4077
4770
2023
3022
4077
5110
2023
3071
4008
4414
1363
2907
3750
5015
1363
2869
3504
5114
1363
2350
4088
4926
1363
2350
3782
4962
1049
2985
4008
4962
1363
2097
4009
4950
1363
2788
4088
4335
1363
2907
3504
5114
1363
2869
3504
4962
1363
2350
3504
5057
1363
2412
3904
4858
1363
2097
3284
4311
1900
2788
4077
5015
1900
2248
4042
4962
1363
2907
3504
5052
1363
2350
3498
5052
2041
2248
4072
4335
1499
2788
3268
4624
2023
2694
3284
4351
1363
2907
3504
5118
1157
2592
3893
4311
2041
3022
3893
5052
1363
2097
3893
4858
1363
2788
3504
4769
1363
2907
3504
5118
1363
2350
4061
4170
1487
2986
4088
4889
1487
2985
4091
5114
1363
2788
4009
4414
1363
2907
4061
4351
1363
2350
3750
4858
2041
2350
3108
4934
1762
2097
3893
4311
1900
2788
3108
4837
1762
2325
3750
5118
1762
2350
4061
4769
2041
2748
3108
5052
1762
2097
3893
5118
1762
2788
3893
4837
1762
2325
3893
4311
1762
2350
3108
5052
2041
2694
4009
4962
1762
2788
4009
4311
1762
2907
4061
5114
1432
2350
4061
4837
2041
2694
3858
5052
1762
2097
3893
5118
1762
2788
3893
4837
1762
2325
3893
4311
1762
2350
3108
5052
1762
2985
3108
4962
1762
2788
3858
4837
1762
2907
4061
5118
1762
2350
4061
4769
1762
2985
3893
4962
1762
2788
3268
4962
1762
2788
3893
4837
1762
2325
3893
4311
1762
2985
3893
4962
1762
2985
3891
5052
1762
2788
3108
4837
1762
2961
3893
5118
1432
2350
3858
4837
1762
2985
3108
4311
1762
2788
3108
4962
1762
2907
4061
5114
1762
2350
3824
5015
1432
2985
3893
5015
1762
2592
3750
5114
1762
2788
3893
4837
1432
2566
4061
4837
1432
2350
4009
5114
1432
2985
3891
5015
1432
2788
3893
5052
1432
2566
4061
4837
1432
2350
3108
4837
1432
2985
4009
4311
1432
2788
3858
5052
1432
2472
4061
5118
1432
2350
3858
4837
1432
2985
3893
5015
1432
2472
3108
5114
1432
2472
4061
5114
1432
2566
3893
4837
1432
2350
3108
5114
1432
2472
3108
5114
1432
2472
3891
5052
1432
2566
3893
4837
1432
2350
3108
5114
1432
2472
3108
4962
1432
2788
3893
4837
1432
2566
4061
4311
1432
2566
3893
4962
1432
2985
4009
4311
1432
2566
3108
5114
1432
2566
4061
4311
1432
2350
3108
5114
1432
2985
3893
4311
1432
2566
3108
5114
1432
2566
3108
4837
1432
2566
3893
4837
1432
2566
3108
5052
1432
2566
3108
5114
1432
2566
3108
5114
1432
2566
3893
4837
1432
2350
3108
5114
1432
2566
3108
4962
1432
2961
4009
5114
1432
2566
4061
4311
1432
2566
3893
5052
1432
2592
3750
4962
1432
2566
3108
5114
1432
2566
3108
4837
1432
2592
3893
4769
1432
2592
3858
4962
1432
2566
3108
5114
1432
2592
3750
4769
1432
2592
3858
4837
1432
2592
3858
5052
1432
2566
3108
4837
1432
2961
4009
4769
1432
2961
4061
4311
1432
2592
3858
5052
1432
2961
4009
4837
1432
2961
4009
4769
1432
2961
4009
4837
1432
2592
3858
4769
1086
2472
3858
4311
1432
2961
4009
4769
1086
2472
3858
4769
1086
2472
3893
4769
1086
2472
3858
4769
1086
2472
3858
4311
1086
2472
3858
4769
1086
2472
3858
4769
1086
2566
3858
4311
1086
2472
3108
4769
1086
2566
3858
4311
1086
2566
3858
4769
1086
2472
3858
4769
1086
2472
3108
4769
1086
2566
3858
4311
1086
2472
3858
4769
1086
2472
3858
4769
1086
2472
3108
4769
1086
2472
3108
4769
1086
2566
3858
4769
1086
2472
3858
4769
1086
2472
3108
4769
1086
2566
3858
4311
1086
2566
3858
4769
1086
2472
3858
4769
1086
2566
3858
4311
1086
2566
3858
4311
1086
2566
3858
4769
1086
2566
3858
4837
1086
2472
3858
4769
1086
2566
3858
4311
1086
2566
3858
4311
1086
2566
3858
4769
1086
2566
3858
4837
1086
2566
3858
4311
1086
2566
3858
4311
1086
2566
3858
4769
1086
2566
3858
4311
1086
2566
3858
4311
1086
2566
3858
4311
1086
2566
3858
4311
1086
2566
3858
4769
1086
2566
3858
4311
1086
2566
3858
4311
1086
2566
3858
4769
1086
2566
3858
4769
1086
2566
3858
4769
1086
2566
3858
4311
1086
2566
3858
4311
1086
2566
3858
4769
1086
2566
3858
4769
1086
2566
3858
4311
1086
2566
3858
4311
1086
2566
3858
4769
1086
2566
3858
4769
1086
2566
3858
4311
1086
2566
3858
4311
1086
2566
3858
4769
1086
2566
3858
4769
1086
2566
3858
4311
1086
2566
3858
4311
1086
2566
3858
4311
1086
2566
3858
4769
1086
2566
3858
4311
1086
2566
3858
4311
1086
2566
3858
4311
1086
2566
3858
4769
1086
2566
3858
4311
1086
2566
3858
4311
1086
2566
3858
4311
1086
2566
3858
4311
1086
2566
3858
4769
1086
2566
3858
4311
1086
2566
3858
4311
1086
2566
3858
4311
1086
2566
3858
4311
1086
2566
3858
4311
1086
2566
3858
4311
1086
2566
3858
4311
1086
2566
3858
4769
1086
2566
3858
4311
1086
2566
3858
4311
1086
2566
3858
4311
1086
2566
3858
4311
1086
2566
3858
4311
1086
2566
3858
4311
1086
2566
3858
4311
1086
2566
3858
4311
1086
2566
3858
4311
1086
2566
3858
4311
1086
2566
3858
4311
1086
2566
3858
4311
1086
2566
3858
4311
1086
2566
3858
4311
1086
2566
3858
4311
1086
2566
3858
4769
1086
2566
3858
4769
1086
2566
3858
4311
1086
2566
3858
4311
1086
2566
3858
4311
1086
2566
3858
4311
1086
2566
3858
4769
1086
2566
3858
4311
1086
2566
3858
4311
1086
2566
3858
4311
1086
2566
3858
4311
1086
2566
3858
4311
1086
2566
3858
4311
1086
2566
3858
4311
1086
2566
3858
4311
1086
2566
3858
4311
1086
2566
3858
4311
1086
2566
3858
4311
1086
2566
3858
4311
1086
2566
3858
4311
1086
2566
3858
4311
1086
2566
3858
4311
1086
2566
3858
4311
1086
2566
3858
4311
1086
2566
3858
4311
1086
2566
3858
4311
1086
2566
3858
4311
1086
2566
3858
4311
1086
2566
3858
4311
1086
2566
3858
4311
