194
155
717
487
487
487
487
177
487
487
177
177
761
761
761
19
381
747
582
165
382
382
708
553
708
321
321
796
796
796
299
299
713
179
446
747
747
582
382
382
708
708
708
321
321
796
321
796
796
796
796
299
299
299
299
299
299
713
713
713
461
713
713
92
92
92
92
92
92
92
92
179
897
992
992
155
155
717
717
487
487
487
487
177
487
487
487
177
761
761
761
761
761
761
761
761
761
761
761
761
761
761
713
713
713
24
713
92
92
179
765
381
747
582
165
382
382
708
708
708
321
321
796
796
796
299
299
299
299
299
299
299
713
713
461
713
713
92
92
92
92
92
92
92
92
92
92
92
179
50
609
992
992
155
155
717
717
487
487
487
177
177
487
487
177
177
487
761
761
263
381
747
582
165
382
382
708
708
708
321
321
796
796
796
299
299
372
713
299
757
381
747
582
165
382
382
708
708
708
321
321
796
796
796
796
299
299
299
299
461
299
299
713
713
713
372
713
713
713
713
92
92
92
92
92
92
179
897
992
992
155
155
717
717
717
487
487
487
177
177
487
487
177
761
487
761
761
761
761
761
761
761
761
761
761
761
761
713
713
713
24
713
92
92
179
765
381
747
582
165
382
382
708
708
708
321
321
796
796
796
796
299
299
299
299
299
299
299
713
713
713
92
92
92
92
92
92
92
92
92
92
92
92
179
50
609
992
992
155
155
717
717
487
487
487
177
177
487
487
177
177
487
761
761
263
381
747
582
165
382
708
708
708
708
321
796
796
796
796
299
299
713
179
446
747
582
582
382
382
708
708
708
321
321
321
796
796
796
299
299
299
299
299
299
713
713
713
713
713
92
92
461
713
92
92
92
92
92
92
92
179
50
53
992
992
155
155
717
717
487
487
487
177
177
487
487
177
177
487
761
761
761
761
761
761
761
761
761
761
761
761
713
713
713
713
713
92
92
92
179
446
747
582
165
382
382
708
708
708
708
321
321
796
796
299
299
299
299
299
461
299
713
713
372
713
92
92
92
92
92
92
92
92
92
92
92
92
179
50
555
992
992
155
155
717
717
487
487
487
177
177
487
461
177
177
761
761
761
761
446
747
582
165
382
382
708
708
708
321
321
796
796
796
299
299
713
713
713
461
534
1755
2383
3622
4327
1896
3021
3834
4877
1755
2506
3274
4905
1959
2619
4039
4937
1345
2874
3327
4537
1777
2564
3284
4494
1959
2939
3552
4926
1349
2922
3880
5029
1300
2889
3952
5058
1049
2452
4072
4858
1628
2248
3504
4170
1748
2248
3777
4934
1748
2748
3935
4950
1281
2990
4054
4950
1281
2990
3933
4170
1419
2564
4072
4858
1456
2592
3824
5096
1252
2990
3824
4384
2041
2162
3891
4955
2043
2467
4054
4384
2043
2248
3782
4858
2043
2472
4087
4934
2043
2889
3725
4311
1900
2976
3951
5029
1815
2511
3807
4356
1765
2060
3830
4680
1188
2109
3072
4473
1324
2862
3804
4484
1298
2347
3893
5094
1345
2325
3325
4853
1653
2314
3782
4296
1298
2771
3647
4955
1653
2325
3893
5118
1252
2135
3966
4876
2023
2325
3880
4905
1653
2985
3750
4311
2023
2694
3750
5114
1628
2350
3824
4889
1150
2097
4072
4934
1454
2325
4039
4934
1653
2411
4008
5114
2023
2694
3893
5118
1157
2985
3893
4311
2041
2135
3782
5114
1157
2961
3108
5118
2041
2961
3268
4934
2043
2961
4061
5118
1762
2350
3725
4769
1762
2748
3108
4837
1762
2350
3108
4934
1762
2813
3904
5052
1762
2592
4061
5052
1647
2967
3083
4912
1677
2206
3753
4168
1287
2344
3719
4945
1188
2332
3504
4625
1798
2968
3557
4608
1377
3028
3454
5027
1807
2717
4088
4817
1899
2105
3736
5110
1981
3050
3268
4561
1349
2649
3893
4601
1349
2216
4088
4771
1807
2694
3966
4484
1653
2314
3893
4934
1349
2907
4008
4926
1456
2325
3987
4720
1150
2411
3952
4950
2023
2325
3965
4132
1653
2813
3824
4589
2023
2411
4072
4484
1157
2961
3893
4889
2043
2411
4088
5114
1157
2889
3725
4132
2043
2350
3904
5015
1900
2788
4061
5052
1900
2889
4061
4962
1762
2961
3782
4769
1130
2472
4061
5012
1900
2985
3987
5118
1859
2411
3750
5118
1762
2566
3893
4311
1762
2592
3858
4962
2043
2694
3893
4311
1762
2649
3725
4962
1762
2411
3108
5118
1762
2566
3901
4837
1432
2472
3858
5114
1432
2472
3901
4837
1762
2889
3782
5114
1432
2472
3782
4769
1432
2472
3858
4837
1432
2472
3858
4837
1432
2472
3858
5052
1432
2566
4072
4170
1432
2472
3108
4769
1432
2472
3108
4962
1432
2472
3858
4769
1432
2566
3108
4837
1762
2592
4072
4769
1432
2566
3858
4837
1432
2566
4009
4769
1432
2566
3858
4837
1432
2566
3782
4934
1432
2566
3108
4837
1432
2566
3108
4837
1432
2961
4009
4769
1432
2961
3108
4837
1900
2889
3824
4837
1466
2539
3342
4788
1688
3021
3101
5084
1683
2661
3878
4230
1535
2274
3475
4465
1635
2619
3608
4510
1755
2874
3198
5079
1896
2498
3662
4554
1755
2727
3310
4498
1457
2619
3856
5069
2006
2644
4008
4726
1959
2564
3924
5115
1959
2411
3869
4858
2034
2529
3952
4613
1232
2277
3880
4747
1911
2452
3398
4810
1232
3071
3504
4384
1349
2889
3914
5058
1911
2889
3987
4132
1911
2564
4008
4728
1419
2564
3887
4654
1911
3023
3942
4934
1428
2813
3782
4589
1252
2452
3725
4771
1454
2411
3413
4170
2043
3028
3935
4955
2043
2592
3858
4962
1858
2777
3858
4934
1499
2314
4008
5115
1900
2976
3987
4837
1900
2619
3891
5058
2041
2564
3725
4934
1900
2592
3987
4962
1130
2452
4072
4837
2043
2592
3987
5115
1900
2748
3987
5115
1900
2942
3824
5015
1762
2592
4054
5052
2041
2961
3891
5058
2043
2961
4054
4926
1432
2472
3858
4962
1762
2566
3108
4962
2041
2961
3108
4955
1762
2452
3108
5118
1762
2566
4079
4837
1762
2452
3901
4460
1432
2472
3858
5052
1762
2592
3782
4934
1762
2452
3901
5118
1432
2566
3858
4962
1432
2472
3858
5058
1432
2472
3108
4962
1432
2472
3858
4962
1432
2961
3858
4837
1432
2472
3108
4962
1432
2566
3108
4837
1432
2566
3108
4837
1432
2566
3108
4837
1610
2908
3198
4829
1389
3066
3259
4882
1764
2455
3535
4720
1324
2147
3398
5112
1720
2746
4088
4967
1334
2709
4054
4858
1815
2741
3893
4983
1298
2741
3893
4127
1685
2276
3750
5058
1924
2877
3268
5058
2023
2788
4039
4318
1653
2907
3725
5052
1150
2097
3893
4950
1252
2325
3725
4625
1653
2216
3891
5015
1748
2788
4079
4132
1653
2813
3750
4589
2023
2813
3268
4747
1157
2619
4072
4589
2041
2135
4061
5052
1157
2788
3893
5118
2043
2350
3893
5015
1762
2411
3725
5114
2043
2350
4061
4170
2043
2961
4072
4934
1762
2889
3893
4962
1762
2889
3108
4962
1762
2592
4061
4934
1762
2592
3893
4769
1762
2985
3108
5118
1432
2472
3782
4837
1762
2592
3750
4769
1762
2813
3858
5052
1432
2472
3987
4837
1432
2472
3858
4769
1432
2566
3858
4837
1432
2472
4072
4837
1432
2566
3858
4837
1762
2889
3891
4837
1432
2566
3108
4837
1432
2566
4009
4769
1432
2472
4072
4837
1432
2961
3858
4837
1432
2985
3891
4837
1432
2472
3782
4769
1432
2566
3108
5052
1432
2472
3782
4769
1762
2813
3108
4837
1432
2566
4009
4769
1432
2566
3858
4837
1432
2566
4009
4934
1432
2566
3108
4769
1432
2961
4009
4769
1432
2566
3108
4837
1086
2472
3858
4769
1086
2472
3858
4769
1086
2472
3858
4769
1086
2472
3108
4769
1086
2472
3858
4769
1686
2511
3504
5028
1531
2807
3101
4122
1535
2890
3213
4908
1996
2516
3899
4103
1535
2771
3394
5009
1755
2403
3580
4119
1896
2224
3237
4494
1755
2944
3909
4955
1801
2942
3913
4889
1700
2990
4077
4919
2035
2467
3672
5058
1232
2248
3674
4414
1959
2452
4039
4934
1300
2990
4087
4926
2000
2939
3719
4955
1803
2976
3904
4955
1349
2889
4079
5110
1903
2791
4087
4926
1803
2985
4087
5058
1281
2944
3914
5115
1419
2889
3952
4858
1454
2248
3904
4858
1252
2644
3259
4962
1628
2592
4039
4926
1858
2748
4054
4950
1499
2472
3725
4955
1499
2748
3804
4950
1900
2735
4079
5015
1879
2990
4054
5110
2041
2472
4079
5118
1263
2455
3653
4908
1078
3050
3535
4224
1298
2148
3486
4601
1181
2907
3727
4950
1924
2135
3880
4477
1298
2274
3712
5115
1653
2467
3893
4858
2023
2135
3868
4950
1748
2325
3891
5118
1653
2135
3904
4384
2023
2788
4072
5052
1653
2907
3893
4955
1150
2788
3108
5052
1748
2325
4072
5118
1653
2694
3987
5114
2023
2694
3987
5118
1748
2350
4061
4962
1150
2788
4061
5052
1157
2566
4072
5118
2043
2350
3750
4311
2043
2788
3893
5118
1762
2350
3725
4769
1762
2788
3904
5015
1762
2566
3893
4837
1762
2889
3891
4837
1432
2472
4061
4837
1762
2961
4009
4311
1762
2472
3782
5118
1762
2985
3782
4837
1762
2566
3108
4837
2043
2472
4053
4170
2016
2539
3830
4763
1860
2406
3141
4896
1798
2989
3327
4175
1287
2512
3297
4926
1685
2411
4030
4720
1815
2717
3268
4193
1807
2694
4036
4858
1903
2088
4042
4858
1377
2097
4061
4934
2023
2579
4088
5118
1653
2985
3777
5115
2023
2135
3725
5118
1281
2325
3987
4962
1924
2771
3824
4860
1252
2709
3893
4654
1628
2350
3782
4962
2023
2748
4039
5052
1628
2325
3824
4983
1628
2694
3268
5114
1157
2907
3824
4934
2041
2889
3268
5015
1879
2788
4061
4934
1879
2889
4072
5015
2041
2961
3987
5114
2041
2566
4061
5052
2041
2961
3891
5118
1130
2813
3904
4889
1762
2985
3750
4837
2043
2694
3858
4311
1762
2748
3725
4837
1762
2472
3108
4934
1762
2748
3108
4837
1432
2472
3108
4769
1432
2472
3782
4837
1762
2961
3108
4170
1432
2472
3108
5052
1762
2566
3108
5052
1432
2472
3782
4934
1432
2472
4072
4170
1432
2566
3858
4837
1432
2566
3858
5052
1432
2566
3108
4837
1762
2592
3858
4934
1762
2748
3108
5118
1432
2566
3858
4769
1432
2472
3858
4837
1432
2566
3858
4837
1432
2566
3108
4837
1432
2566
3108
5052
1432
2411
3858
5052
1432
2472
3108
4837
1432
2566
3858
4837
1432
2566
3858
4837
1432
2592
3750
4837
1432
2566
3108
4837
1087
2823
3906
4739
1219
2962
3145
5030
1517
3021
3502
4199
1812
2794
4041
4743
1535
2863
3912
4711
1896
2939
3197
4599
1755
2604
3914
4876
1755
2436
3851
4906
1755
2945
3621
4132
2035
2404
3111
5069
2046
2905
3340
4926
1300
2564
3764
4921
1959
2889
3933
4318
1903
3028
3782
5041
1777
3022
3952
4889
1803
2877
3914
4170
1115
2735
3705
5110
1777
2813
4079
5115
1911
2411
3935
4624
1419
2942
4087
4858
1076
2119
4079
5110
1858
2592
4054
5115
1628
3007
3725
4955
1748
2452
3725
4132
1900
2735
3880
4830
1499
2162
3108
5115
1281
2889
3108
5029
1281
2564
3782
4926
2041
2162
3891
4955
2043
2976
3952
5015
2043
2813
3725
4955
2043
2961
4054
4830
2041
2907
4054
4769
1130
2566
3858
4837
2041
2566
3901
5115
2041
2961
3108
4170
2041
2566
3891
4955
1762
2566
4054
4955
1762
2472
4079
4837
1900
2985
4054
5118
1762
2566
3108
5052
1130
2411
3858
4934
1762
2748
3858
4170
1762
2592
4079
4170
1432
2472
3858
4837
1762
2566
4054
4837
1762
2592
3858
4962
1432
2566
3858
4837
1432
2472
3782
4769
1432
2472
3108
4837
1432
2566
3108
4837
1432
2961
3858
4837
1432
2472
3987
4837
1432
2961
4009
4769
1432
2813
3904
4837
1432
2566
3108
4962
1432
2566
4072
4170
1432
2566
3108
4962
1596
2677
3083
4636
1677
2967
3186
4943
1287
2225
3325
4407
1188
2660
3795
4132
1324
2912
3880
4810
1298
2467
3914
4460
1903
2109
3673
4876
1924
2225
4094
4962
2023
2619
3891
4755
1653
2869
3268
4830
2023
2135
3966
4771
1371
2907
4061
4170
1653
2135
3987
5115
1748
2907
4088
5118
1653
2813
3824
4955
2023
2411
3950
4311
1628
2907
4061
5110
1252
2748
3268
5118
2023
2907
4072
4983
2043
2350
3858
4837
1900
2788
4088
5114
1157
2961
3987
4311
1900
2748
3725
4962
1900
2325
3725
5114
1762
2889
3725
4170
1762
2985
4061
5118
1762
2813
4072
5015
1762
2566
3987
4837
1762
2985
4061
4889
1762
2472
3893
4311
1762
2592
3858
4769
1762
2748
3108
4170
1432
2472
4072
5015
1432
2472
3782
4769
1432
2472
3108
4837
1432
2472
3108
4837
1432
2472
3108
4769
1432
2472
4009
5052
1432
2472
3782
4769
1432
2472
3858
4837
1432
2472
3108
4837
1432
2566
3858
4837
1432
2566
3108
4962
1432
2748
3858
4837
1432
2961
4009
4769
1432
2592
3858
4769
1432
2961
4009
4769
1432
2961
4009
4769
1432
2566
3108
4837
1432
2566
3108
4837
1432
2961
4009
4837
1432
2961
4009
4837
1432
2592
3750
4837
1432
2961
4009
4962
1086
2472
3858
4769
1086
2472
3858
4769
1432
2566
3108
4837
1432
2961
4009
5052
2046
2511
3932
4919
1383
2539
3621
4987
1567
2340
3208
4510
1841
2940
3205
5036
1535
2910
3582
4158
1755
2883
3416
4202
1755
2937
4056
4763
1651
2531
3747
4519
1700
2636
3504
4625
1755
2604
3082
5097
1788
2540
4079
4337
1959
2162
4039
4460
1959
2936
3377
4810
2035
2694
4072
4460
1232
2925
3437
4539
1911
2649
3869
4384
1911
2942
3782
5012
1777
2411
4039
4127
1911
2411
3901
5095
1911
2748
4054
4830
1928
2649
4054
4132
1076
2162
4009
5059
1748
2592
3725
4215
1748
2813
4054
4950
1499
2990
3966
4889
1281
2813
3966
5118
1499
2619
3891
4962
2041
2877
3904
4170
1499
2735
3782
4769
2043
2877
3935
5058
1815
2625
3166
5042
1877
2781
3753
4321
1404
2230
3869
4983
1324
2147
3987
4860
1377
2097
3824
4601
1981
2889
3987
4201
1653
2748
3268
4955
2023
2314
3495
4858
1653
2801
3891
5015
1252
2135
3935
5079
2023
2813
4061
4934
1653
2694
3268
5015
2023
2694
3901
4311
1157
2877
3887
5052
1252
2135
4072
5114
2043
2907
4061
4889
1653
2694
3901
4311
2023
2694
3750
4837
1157
2350
3108
5114
1150
2889
4061
4962
1157
2961
3987
4934
1762
2350
3108
5114
1900
2325
3901
5058
1130
2350
3750
5114
1762
2985
3901
5118
1762
2566
3893
4962
1762
2592
3750
4934
1762
2592
4061
4769
1935
2264
3304
4192
1389
2455
3321
4192
1404
2206
3783
4720
1588
2147
3327
4755
1759
2964
3327
4305
1981
2788
3802
5095
1181
2989
3982
4950
1377
2989
3891
4201
1076
2325
3868
5118
1815
2717
3268
4955
2023
2135
3777
5015
1653
2907
3893
4589
1252
2135
3725
4950
1157
2467
3928
4934
1653
2748
3268
4927
2023
2889
3950
4934
1748
2350
3987
4720
1150
2452
4061
5114
1748
2325
3987
4311
2041
2889
3750
4311
2023
2694
4061
5118
1157
2135
3782
4858
2041
2788
3893
5118
1157
2411
3824
5015
2043
2649
3782
5058
2043
2907
4054
5052
1762
2748
3858
5015
1762
2592
4072
4769
1762
2566
3893
4962
1762
2985
3858
4934
1762
2566
3782
5052
1762
2985
3108
4170
1762
2961
3987
4837
1432
2566
3108
4311
1762
2566
3108
4934
1432
2472
3108
4769
1432
2472
3108
4837
1762
2411
3108
4837
1432
2472
3858
4934
1432
2566
4009
4769
1432
2566
3108
4837
1432
2566
3108
4962
1432
2961
3858
4837
1432
2566
3108
4837
1432
2566
3108
5052
1432
2566
3108
4837
1432
2566
3108
4837
1432
2566
3108
4837
1432
2961
3108
4837
1432
2961
4009
4837
1432
2961
4009
4769
1086
2472
3858
4769
1086
2472
3858
4769
1086
2472
3858
4769
1086
2472
3858
4769
1086
2472
3858
4769
1086
2472
3858
4962
1432
2411
3108
5052
1425
2991
4068
4114
1737
2476
3854
4478
1627
2498
3608
4928
1812
2463
3662
5049
1270
3021
3703
5029
1755
2347
3952
5115
1564
2741
3231
4684
1755
3041
3935
4791
1896
2968
4039
5118
2046
3022
3439
4926
1959
2990
3764
4926
1659
3012
3504
4460
1589
2544
3880
4955
1777
2944
3935
5059
1911
2411
3839
4589
1911
2945
3914
4615
1777
2990
3901
5052
1777
2544
4087
4889
1076
2990
4072
4955
1419
2925
3824
4858
1419
2564
3839
4858
1628
2592
3725
4460
1454
2314
3542
5118
1748
2748
3824
5114
1499
2990
4054
4955
1428
2889
3952
4132
1281
2649
3904
5052
2041
2566
4087
4460
2043
2976
4088
4853
2043
2649
3782
5015
2043
2644
3725
5015
2043
2592
4072
5058
1130
2566
3750
5118
1130
2985
3858
4934
2041
2566
3839
5058
2041
2961
3891
4955
1130
2990
4054
4889
1762
2472
3858
4837
1900
2592
4054
5052
1762
2566
4009
4926
1762
2566
3858
4926
2043
2961
3952
4955
1762
2649
3725
4955
1762
2566
3108
4955
1762
2566
4072
5015
1762
2961
4072
4837
1762
2961
4072
4837
1762
2592
3750
4889
1432
2472
3108
4837
1432
2472
3750
4837
1432
2472
3108
4837
1432
2472
3750
5052
1432
2566
3858
4837
1432
2472
3108
5052
1432
2985
3750
4837
1432
2472
3108
4837
1432
2566
4072
4837
1762
2907
4072
5114
1038
3066
3902
4129
1641
2277
3818
4755
1759
2661
3327
4763
1298
2677
4088
4101
1685
3031
3589
4820
1155
2885
3377
4934
2023
2467
3933
5096
1653
2347
3893
4871
1298
2694
3268
4170
1748
2325
3876
4950
1653
2411
3268
4678
2023
2813
3108
4934
1858
2350
3725
4955
2023
2097
3782
4931
1157
3012
4054
5115
1628
2162
3268
5114
1748
2788
4061
5052
1628
2694
3893
4170
1900
2097
4009
4934
1157
2961
3108
5052
2041
2961
3108
4311
1879
2813
4061
5052
2041
2961
3725
5052
1762
2411
3782
5118
2041
2961
3782
4769
1762
2411
3725
4934
1762
2592
4072
4170
1762
2985
3108
4170
1762
2907
3725
4962
1762
2592
3858
4769
1762
2592
3750
4769
1432
2472
3108
4769
1432
2472
3108
4837
1762
2411
3108
4934
1432
2472
3108
4769
1432
2985
3858
4837
1432
2985
3750
4889
1432
2566
3108
4837
1432
2566
3858
4837
1432
2566
3858
4837
1432
2566
3108
5052
1432
2566
3108
4837
1432
2472
3108
4837
1432
2472
3858
4934
1432
2566
3858
4837
1432
2566
3108
4837
1432
2566
3108
4837
1432
2961
4009
4769
1432
2592
3858
4769
1432
2961
4009
4769
1086
2472
3858
4769
1086
2472
3858
4769
1086
2472
3858
4769
1086
2472
3858
4769
1086
2472
3858
4769
1086
2472
3858
4769
1086
2472
3858
4769
1432
2472
3750
5052
1566
2068
3608
4468
1531
2257
3542
4763
1133
2962
3439
4389
1516
3021
3325
4422
1557
2380
3296
4339
1755
2730
3782
4654
1896
2791
3280
4494
1959
2283
3259
4949
1755
2403
3764
5112
1899
2890
4039
4919
1700
3050
3504
4170
1959
2119
3891
4926
1607
2529
3673
4934
1903
2874
4008
5059
1911
2813
3777
4876
1349
2224
3965
5094
1349
2619
4054
5110
1076
2619
4008
5029
1911
2162
3782
4876
1858
2592
3725
5011
1858
2877
3904
5115
1496
2411
3901
4876
1628
2277
4072
4460
2043
2592
3893
4889
1628
3007
4079
5115
2043
2472
3935
4950
1281
2162
3935
4934
1900
2592
3987
5115
1281
2813
4054
5052
2041
2813
3987
5058
1777
2625
3654
4820
1877
2781
3753
4938
1807
2764
3712
4747
1324
2764
3880
5057
1377
2989
3698
4201
1981
2619
3987
4201
1653
2748
3942
4876
2023
2314
3377
4747
1653
2907
4061
4977
1252
2135
3268
4170
2023
2813
4061
4876
1653
2694
3782
5052
2023
2694
3750
4889
1653
2813
3824
4170
1252
2135
4072
5114
1157
2907
3901
5058
1653
2813
4008
4311
2023
2694
3750
5058
1157
2350
3987
4311
1150
2748
3987
5110
1157
2694
3750
4934
1762
2350
3108
5114
1762
2907
4061
4837
1762
2350
3725
4170
1432
2472
3858
4769
1432
2350
3891
4837
1762
2566
3987
4311
1762
2985
3893
5118
1762
2411
3108
4170
1432
2472
3858
4837
2043
2961
3108
4170
1828
2201
3478
4848
