306
668
668
482
482
482
482
230
482
195
692
481
138
707
121
263
279
277
467
60
23
655
333
333
410
340
639
83
82
316
458
48
204
56
56
243
168
168
614
614
664
672
478
989
749
542
496
257
734
21
416
452
861
704
448
540
719
873
619
78
553
639
639
639
313
368
265
202
467
728
23
655
333
553
929
410
241
5
5
227
159
29
29
29
853
29
888
222
416
83
341
316
592
48
326
618
56
146
68
632
168
953
685
991
17
963
72
195
692
481
931
707
527
121
342
279
277
467
151
702
241
935
358
39
866
47
195
786
174
698
634
634
295
361
33
39
532
634
260
359
174
698
634
634
249
786
359
91
634
634
249
260
786
91
522
522
295
786
91
91
522
522
310
128
588
62
151
151
702
889
521
889
739
1000
145
616
521
431
616
145
145
616
776
785
616
527
145
527
850
341
609
592
669
204
56
516
146
68
953
638
953
340
785
17
963
145
963
550
963
913
175
931
707
83
737
236
277
467
60
16
459
333
333
621
431
241
757
82
316
458
48
204
56
56
56
614
614
614
614
119
368
478
354
80
72
963
125
376
816
619
644
287
262
448
205
414
281
160
78
494
438
438
639
19
315
41
961
367
719
16
655
78
78
550
125
470
543
543
104
438
438
125
244
494
888
104
438
167
693
429
609
360
458
48
204
56
56
243
614
614
953
685
991
17
667
376
244
693
996
716
481
931
707
313
315
279
961
540
60
16
281
333
78
438
639
313
673
609
360
458
669
204
56
56
243
614
614
614
614
664
926
478
354
749
542
376
963
550
963
416
644
287
262
540
367
16
281
553
78
78
639
222
222
313
450
202
961
205
276
329
78
553
78
802
470
816
543
776
17
125
125
888
494
888
494
244
222
222
313
341
316
592
669
204
56
56
645
614
614
1010
614
776
991
17
74
244
222
313
996
330
955
39
47
47
737
279
277
467
60
23
78
160
618
410
639
313
676
53
592
458
204
204
56
56
614
614
614
38
483
368
478
989
749
542
550
550
963
145
527
416
342
94
262
540
367
431
329
333
753
410
639
639
313
897
53
33
458
204
268
260
361
33
39
532
758
312
543
276
780
780
232
722
578
33
532
532
941
295
181
358
458
532
524
941
271
271
271
271
688
534
1127
3021
3530
4184
1755
3071
3410
4695
1397
2121
3824
4695
1127
2961
3950
4937
1127
2748
3552
5112
1755
2694
3623
5112
1127
2976
3690
4695
1127
2566
3885
4431
1127
2789
3804
5094
1127
2789
3690
5036
1127
2119
3690
4460
1127
2818
4053
4705
1397
2567
3950
4335
1127
2419
4039
4184
1127
2813
3690
4705
1392
2964
3119
4937
1457
2210
3662
4636
1127
2619
3673
4810
1127
2314
3380
5036
1127
2748
3950
5036
1457
2905
4091
4484
1127
2800
3154
4589
1127
3041
4054
4416
1127
3041
3526
4962
1954
2315
3611
5028
1284
2780
3339
5051
1981
2516
3915
4776
1557
2746
3104
4601
1127
2619
3885
4414
1397
2332
3156
5036
1700
2905
3119
5058
1127
2642
3231
4695
1397
2649
3802
5089
1127
2467
3526
5069
1127
2949
3891
4695
1127
2411
3662
4357
1127
2694
3698
4536
1049
2905
3888
4860
1397
2567
3704
4934
1200
3021
3526
4335
1300
2889
4077
4911
1127
2813
3698
4881
1700
2625
3450
4307
1219
2598
3427
4129
1597
2457
3366
4748
1535
2717
3498
4997
1535
3042
4084
4480
1755
3028
4053
5056
1755
2162
3530
4771
1700
2529
3935
4985
1755
2564
3881
5115
1659
2452
3623
4487
1700
2748
3504
4961
1755
2717
3925
5096
1959
2567
3997
4132
1959
2333
3933
5112
1959
2567
3585
5011
1959
2936
3623
4539
1127
3041
3690
4132
1300
3022
3987
4494
1561
2961
3966
4747
1127
3041
3901
4184
1573
3058
4068
4189
1172
3021
3698
4318
1127
2649
3698
4959
1397
3022
3885
4624
1397
2918
3498
4624
1127
3058
3504
4624
1397
2289
3885
4663
1397
2918
3290
4823
1397
2918
3885
4335
1561
2905
3450
4175
1127
3058
3450
4667
1127
2748
3662
4357
1561
2905
3600
4175
1397
2918
3904
4335
1127
2052
4077
4862
1561
2877
3450
4494
1127
2788
3698
4905
1545
2360
3758
4938
1653
2333
3450
4696
1694
2255
3523
4487
1127
2740
3526
4281
1049
2619
3890
4468
1049
2619
3585
4795
1561
2985
3802
5089
1127
3041
3924
4782
1899
2073
3613
5089
1049
2905
3782
4197
1049
2905
3890
4477
1049
2905
4088
4477
1049
2813
4077
4335
1127
3041
3987
4615
1049
2472
3890
4926
1049
2467
4042
4695
1049
2619
3868
4170
1049
2411
4077
4374
1561
2162
4008
4414
1573
3058
4068
4965
1397
2918
3727
5046
1174
2171
3878
4820
1127
2311
3936
4862
1029
2940
3888
4714
1127
2403
3727
4695
1127
2985
3970
4484
1397
2862
4008
5036
1700
2457
3431
4624
1127
2411
3154
4431
1127
2649
3380
5036
1397
2567
3504
5089
1561
2411
3107
4695
1487
2347
3802
4624
1127
2649
3885
4695
1127
3041
3727
4695
1127
2841
3154
4835
1127
2907
3673
5089
1127
2162
3936
4536
1049
2619
3904
4695
1561
2412
3526
4285
1127
3041
4008
4695
1561
2567
3839
4697
1049
2248
4077
4899
1127
3041
3822
4733
1127
3023
4094
4829
1127
3041
3951
5012
1127
2484
3698
4508
1127
2910
3727
4460
1049
2248
3970
4536
1049
2628
3868
4695
1049
2350
4088
4934
1049
2905
3890
4648
1049
2162
3498
4926
1127
3041
4054
5114
1049
2889
4077
5112
1049
2877
4077
4695
1561
2990
3498
4539
1553
3015
3341
4572
1241
2424
3780
4670
1557
2244
3979
4687
1535
3071
3500
4759
1535
2612
3585
4955
1218
2649
3251
4235
1127
2330
3335
4913
1755
2225
3962
4440
1755
2942
3623
4734
1755
2209
3698
5024
1755
2468
4083
5056
1127
2162
3613
5052
1127
2419
3600
4697
1755
2119
3885
5089
1397
2289
3237
4196
1127
2800
3585
4919
1127
2330
3600
4484
1127
2748
3885
4695
1457
2567
3782
4184
1127
2976
3662
4357
1127
3041
3885
4924
1457
2905
4091
4862
1127
3017
3585
5036
1127
2162
3774
4546
1127
2791
3698
4739
1127
3041
3690
4782
1931
2619
3802
4905
2003
2741
3966
4862
1127
2925
3662
4876
1755
2225
3623
4858
1127
3041
3987
4763
1127
3041
3904
4782
1127
2694
3673
4889
1457
2567
4054
4889
1561
3022
3885
4747
1127
2735
3380
4934
1986
2897
3986
4883
1998
2747
3104
5012
1127
2869
3782
4937
1460
2642
3410
4733
1700
2939
4077
5012
1127
2925
3970
4546
1127
2649
3893
4862
1127
2411
3782
4285
1127
2883
4008
4899
1127
2748
3673
4220
1161
2918
3924
4843
1837
2758
3822
4197
1755
2150
3812
5087
1755
2333
3511
5011
1755
2644
3690
4950
1561
2248
4054
4714
1127
2564
3966
4858
1127
2419
3523
4387
1457
2567
3662
4536
1267
2766
3619
4571
1594
2939
3104
4720
1659
2147
3966
4714
1896
2484
4077
4170
1801
3069
3119
4539
1981
2529
3486
4695
1700
2206
3573
4536
1659
3069
4077
4905
1807
3057
3839
4106
1745
2741
3558
4474
1535
2581
3982
5011
1755
2467
3156
4453
1755
2126
3586
4099
1755
2350
3623
5089
1755
2907
3530
4460
1755
2097
3935
5059
1801
2905
4008
4175
1596
2854
3780
4928
1993
3034
3596
4817
1594
2529
3619
5056
1659
2889
4077
5089
1155
2248
4077
5112
1659
2985
4077
4318
1807
2404
3526
4625
1924
3071
4077
4889
1659
2889
3690
4459
1807
2412
3715
5110
1812
2535
4077
5068
1892
2915
3839
4985
1589
2529
3388
4755
2003
2644
3296
4414
1457
2985
4072
4267
1515
2248
3094
4955
1843
2883
4077
5059
1899
2529
3388
4335
1659
2412
4072
4397
1659
2907
3119
4853
1028
2969
3208
4592
1349
3009
3581
4934
1659
3063
3904
4414
1345
2109
4054
5112
1049
2601
3966
4889
1700
2531
3600
4414
1300
2249
4072
4460
1807
2850
3237
4970
1597
2969
3878
4172
1300
2612
3982
4460
1160
2529
3647
4589
1899
3066
4030
4539
1903
2567
4042
4544
1700
2126
4077
4915
1700
2185
4042
5079
1049
2619
3893
4861
1723
3022
3890
4950
1755
2798
3807
4861
1084
2059
3502
4956
1327
2105
3616
4206
1460
3066
3386
4937
1062
3058
3741
4792
1127
2340
3997
4830
1964
2930
3246
4613
1261
2516
3600
4589
1261
3021
3987
4136
1127
2905
3237
5094
1261
2862
4077
4414
1077
2052
3868
4127
1127
2905
3868
4184
1261
2091
3802
4389
1127
3012
3979
4695
1062
2694
3885
4695
1127
2818
3979
5096
1127
3008
3970
4494
1127
2905
3919
4384
1127
2923
3397
5036
1261
3069
4077
4132
1127
2119
3107
4494
1261
2225
3231
4305
1127
2936
3885
4351
1755
3039
3486
4132
1127
2961
3231
4906
1127
2905
3997
4654
1127
2877
3107
4899
1127
2791
3690
4374
1127
3008
4088
4726
1261
3021
3417
4695
1261
2567
4077
4743
1127
2162
3231
4215
1261
3021
4075
4305
1127
3035
3885
4416
1127
2905
3727
4654
1127
2791
3950
5015
1127
2942
3885
4782
1127
2472
3509
4801
1261
2625
3504
4307
1566
2516
4020
4506
1327
2185
3787
4565
1732
3021
3327
4720
1755
2619
3800
4766
1755
2748
3924
4726
1261
3021
3890
4889
1755
2644
3398
4338
1755
2564
4008
4334
1755
2255
3802
4817
1127
2925
4054
5037
1397
2289
3931
5015
1755
2644
3388
4950
1127
2162
3613
5036
1127
2091
3698
4145
1261
3042
3965
4414
1127
2119
4094
4817
1127
2818
3530
5037
1127
2791
3673
4911
1127
2976
4006
4589
1127
2270
3965
5015
1127
3017
3552
5027
1127
2119
4094
4713
1127
2961
3858
4771
1127
2629
3603
4782
1127
2644
3952
4817
1127
3012
3509
4624
1127
2936
3698
4519
1397
2567
3284
4335
1127
2748
3804
5089
2003
2314
3867
4414
1931
2457
3380
4751
1127
2467
3673
4184
1127
2314
3690
4431
1127
2119
3736
5041
1457
2813
3965
5069
1397
2567
3928
4351
1127
2789
3698
4934
1367
2642
3738
4965
1860
2199
3236
4349
1397
3066
3715
4670
1392
2801
3685
4414
1127
2162
3380
4927
1127
2985
3890
4374
1561
2619
3508
4567
1127
2162
3467
4494
1127
2484
3698
4132
1127
2802
3698
4176
1127
2802
3673
4720
1561
2567
4054
4296
1127
2869
3673
4494
1127
2119
3605
4853
1127
3041
3613
4663
1457
2985
4072
5110
1457
2694
3232
5112
1127
2907
3673
4494
1049
2907
3890
4876
1593
2144
3104
4110
1346
2457
3189
4690
1557
2529
3581
4955
1755
2443
4077
5056
1755
2284
3887
4962
1931
2939
3719
4624
1755
2735
3504
4150
1457
2248
3662
4955
1755
2857
3727
5058
1755
2925
3933
5110
1561
2813
3802
4889
1457
2978
3673
4335
1561
2925
4077
4175
1959
2567
4077
4145
1300
3022
3824
4494
1457
2694
3613
4583
1457
2741
3530
4494
1561
2990
3802
4539
1300
2249
4072
4335
1327
2854
3944
4950
1261
2905
4008
4663
1397
2567
3508
4384
1397
2567
4054
5058
1755
2233
3903
5089
1561
2820
3107
4197
1457
2802
3231
4318
1127
3041
3885
4747
1127
3041
3885
4170
1127
3041
3951
4861
1127
3041
3890
4462
1127
2791
3673
4655
1561
2905
3727
4296
1300
3022
4077
4318
1049
2248
3997
4810
1700
2748
3259
4249
1561
2411
3447
4432
1545
2360
3529
4861
1653
2463
4088
4487
1659
2130
3903
5112
1659
3069
3796
5057
1127
2403
3727
4889
1300
2463
3893
4889
1127
2403
3727
4889
1049
2619
3690
4962
1300
2717
3300
4720
1049
2411
4077
5089
1561
2567
3893
4747
1049
2748
3966
4170
1300
2936
3987
4495
1300
2850
4054
4906
1049
2619
3997
4132
1300
2789
3573
4508
1049
2818
3890
4132
1049
2985
3890
4771
1049
2619
3891
4654
1087
2940
3736
5052
1517
2249
3343
4390
1284
2144
3464
4965
1284
2404
3608
4861
1397
2746
3890
4170
1397
2567
3284
5114
1659
2964
3447
4893
1049
2467
3966
4861
1700
2567
3782
4937
1397
2567
3944
4889
1659
3071
3508
4745
1561
2889
3508
4830
1487
2289
3997
4919
1127
3041
3868
4782
1700
2567
3940
4743
1049
2820
3868
4770
1049
2333
4088
4589
1561
2907
3388
4810
1561
2119
3388
4335
1049
2905
3890
4633
1049
2248
3890
4801
1049
2700
3965
4494
1049
2350
4088
4539
1049
2800
3764
5015
1300
3071
3674
4663
1300
2905
3966
4663
1049
2985
4054
4539
1561
2818
3388
5012
1049
2314
4039
5094
1049
2791
3987
4384
1300
2813
3388
4508
1049
2619
4039
4924
1049
2472
3284
4132
1049
2813
3933
4494
1049
2818
4088
4132
1049
2961
4054
4589
1049
2567
3690
5015
1049
2472
3890
4801
1049
2748
3674
5118
1997
3015
3653
4478
1238
2574
3538
4990
1327
2636
3235
4667
1535
2255
3296
4266
1755
2942
3868
4494
1755
2794
3623
4927
1755
3071
3950
4184
1397
2833
4053
4830
1755
2564
4072
4771
1755
2813
4091
4296
1822
3022
3504
4494
1700
2820
3925
5112
1127
3041
3885
4889
1127
3041
3901
4184
1755
2506
3585
4296
1127
3041
3987
4962
1127
3041
3868
4835
1561
2905
3498
4296
1561
2119
3107
4747
1127
3041
3890
4184
1049
2905
4088
4889
1127
3041
3951
4624
1300
2905
3107
4477
1300
2905
3952
4539
1561
2567
3107
4318
1049
2248
4077
5089
1300
2248
4039
4624
1457
3003
3778
4460
1557
2741
3901
4414
1248
2248
3398
4539
1561
2411
3259
4175
1561
2619
4077
5056
1127
3041
3952
4715
1700
2567
3951
4414
1049
2700
3890
4810
1561
2990
4008
4335
1561
2748
3802
4351
1735
2457
3458
4225
1860
2199
3104
4609
1397
2321
3802
4462
1392
2801
3104
4615
1700
2915
3270
5112
1127
2268
4039
4354
1127
2869
3673
5052
1127
2619
3673
4494
1127
3041
3890
4747
1700
2255
3504
4715
1561
2985
3802
4494
1561
2905
4008
4873
1127
2162
3673
5015
1127
2869
3698
4624
1300
2850
3940
4175
1049
2467
4009
4589
1049
2990
3890
4962
1561
2350
3107
5012
1300
2162
3727
4494
1553
3070
3328
4455
1830
2457
3345
4460
1485
2209
3443
4494
1755
2944
3503
4460
1755
2697
3552
4839
1561
2925
3107
4494
1755
2320
3742
4460
1755
2608
3987
4170
1659
2868
3914
4453
1457
2508
3903
4494
1561
2905
3868
4985
1701
2813
3804
5056
1561
3022
3904
4926
1457
2478
3951
5029
1457
2694
3585
4838
1300
2985
3928
4889
1300
2700
3585
5058
1049
3012
3725
4926
1457
2649
4054
4184
1261
2908
3662
4810
1327
2833
3174
4506
1457
2905
3890
4525
1127
2714
3887
5052
1127
2119
3237
4862
1127
2564
3380
5037
1127
2791
3237
4924
1397
2770
3839
4132
1127
2942
3747
4747
1127
2881
3698
5099
1397
2830
3498
4926
1127
2789
3380
5095
1127
2119
3673
4770
1127
3012
3673
5094
1127
3041
3950
4810
1127
3009
3673
4926
1652
2952
3697
4945
1860
2404
3339
4615
1700
2673
3398
4455
1181
2404
4072
4950
1397
2445
3377
4335
1659
2255
3876
4414
1561
2889
3727
4539
1049
2248
3890
4283
1700
2544
3498
4414
1457
2741
3473
4927
1049
2592
4039
4494
1049
2248
4072
5012
1700
3022
4079
4983
1457
2717
3904
4494
1561
2411
3727
4296
1457
2567
3613
4862
1049
2905
3935
4927
1561
3022
4054
4924
1561
2412
3764
4726
1049
2789
4079
4494
1659
2907
4077
4955
1688
2689
3558
4237
1397
2573
3964
4494
1652
2829
3906
4374
1700
2717
4077
4313
1700
2660
3107
4615
1700
2746
3581
4654
1127
2314
3373
4889
1659
2746
3890
4820
1127
2791
3673
4215
1457
2802
3310
4318
1049
2905
3890
4771
1561
2889
4077
4175
1127
2748
3673
4351
1127
2889
3673
4615
1457
2889
3890
4494
1127
3041
3373
5015
1127
3041
4008
4810
1300
2905
3904
4508
1049
2248
3231
5089
1127
3041
4008
5047
1561
2567
4042
4624
1127
3041
3812
4810
1127
3041
4042
4962
1049
2791
3890
4771
1457
2802
3284
4170
1049
2813
4077
4950
1127
3041
3919
4132
1300
2985
4077
4175
1049
2248
3951
5089
1457
2411
3613
5059
1049
2467
3747
4335
1049
2248
3690
4414
1049
2248
3674
4926
1049
2700
3890
4624
1049
2248
3890
4414
1049
2472
3890
4771
1561
3022
3869
5089
1065
2804
3986
4293
1219
2589
3339
4113
1392
2498
3970
4192
1755
2210
3073
4949
1755
2813
4088
4987
1755
2452
3818
5096
1127
2268
3843
4132
1755
2877
3950
4949
1397
2735
3965
4720
1755
2741
3933
4335
1700
2567
3802
4494
1561
3008
3868
4296
1457
2905
3600
4170
1561
3012
3300
4335
1561
2162
4077
5029
1700
3009
4077
4747
1561
2905
3782
5112
1959
2936
3952
5056
1397
2289
4008
4628
1127
3041
3951
5089
1561
2260
3952
5047
1049
2791
3890
4726
1049
2813
3890
4184
1300
3071
3904
4539
1049
2905
3890
4919
1049
2619
3237
5089
1049
2248
3890
4589
1843
2412
3890
4414
1049
2619
3890
4546
1675
2850
3710
4414
1392
2257
3727
4823
1755
2717
3901
4927
1959
2150
3623
4889
1397
3028
3698
4654
1843
3022
3868
4460
1049
2248
3890
4414
1049
2990
4077
5037
1300
2905
3890
4830
1596
2516
3932
4861
1284
2516
3232
4241
1397
2459
4042
4908
1397
3026
3795
4292
1397
2764
4072
4460
1397
2544
3890
4335
1127
2642
3736
5114
1700
2567
3236
4937
1397
2649
4091
5012
1561
2985
3107
4747
1487
2350
4091
4889
1843
2567
4077
4519
1049
2905
3259
4860
1049
2097
3890
4494
1487
2952
3725
4484
1049
2748
3970
4782
1561
2907
4008
4170
1049
2907
3890
4132
1997
2264
3339
4829
1999
2249
3460
4145
1755
2150
3558
5024
1535
2255
3623
4251
1755
2564
3868
4589
1755
2277
3919
5031
1755
2741
3824
4351
1457
2452
3965
4494
1457
2411
4039
4460
1755
2717
3843
4801
1561
2314
3890
4519
1561
2608
3727
4364
1561
2649
3802
5042
1843
2567
3950
4539
1959
2694
4042
4305
1561
2452
4061
4747
1300
2905
3868
4876
1300
2961
4054
4132
1087
2589
3498
4676
1520
3021
3839
4225
1127
2649
3890
4508
1397
3022
3107
4955
1457
2905
3111
4695
1127
3012
3380
4494
1127
2990
3890
4782
1127
2162
3673
4494
1127
2936
3552
4835
1127
2802
3970
4852
1457
2905
3890
4514
1127
3009
3673
4861
1127
2791
3673
4624
1127
2818
3890
4386
1127
3008
3605
4732
1561
2162
3473
4935
1127
2791
3496
4145
1127
2791
3613
4970
1403
2897
3225
4969
1998
2297
3104
4354
1659
3066
3236
4949
1457
2455
3473
4608
1457
2717
3231
4695
1700
2344
3401
4962
1127
2907
3673
4876
1561
2619
4079
4175
1127
2910
3997
4296
1049
2649
4077
4889
1127
2467
3698
5089
1049
2248
3893
4924
1049
2985
3979
4335
1457
2567
3829
4494
1457
2694
3600
4335
1700
2717
3498
5089
1049
2411
4088
4539
1457
2233
4072
4494
1561
2162
3868
4494
1635
2823
3934
4197
1219
2457
3830
5026
1931
2351
3104
4911
1755
2467
4085
4175
1535
2644
3704
4583
1755
2748
3913
4460
1755
2568
3952
4747
1959
2463
3504
4931
1701
2452
3261
4906
1755
2064
3672
4970
1555
2905
3970
4938
1597
2940
3868
4184
1557
2277
3104
4482
1755
2443
3747
5056
1755
2741
3903
4459
1457
2162
3816
4839
1561
2457
3903
4170
1659
2907
3904
4539
2046
2255
3530
4414
1700
2890
3504
5056
1300
2424
3904
4318
1561
2411
3498
4810
1659
2968
3082
4414
1300
2936
3623
5090
1300
2905
3802
4900
1300
2985
3300
4371
1300
2889
4077
4924
1686
2511
3829
4831
1443
2380
3558
4746
1812
2179
3949
4099
1535
2746
3710
4296
1755
2549
3486
4248
1755
2097
3623
4926
1755
2985
3530
4899
1561
3022
3333
4567
1755
2897
3623
4751
1801
2813
3869
4184
1713
3042
3854
4498
1996
3042
3208
4099
1830
2581
3504
4788
1755
2939
3950
4374
1755
3017
3739
4455
1755
2219
3719
5056
1931
2939
4094
5012
1755
2813
3109
4961
1700
2567
3585
4843
1755
2717
3623
4636
1959
2119
3498
4889
1700
2552
3880
4414
1457
3017
4039
4695
1801
2119
3824
4624
1777
3022
3641
4624
1801
2649
3812
4539
1049
2119
4088
4624
1777
2818
3398
4484
1064
2811
3796
4848
