306
668
482
84
444
768
840
31
840
840
853
853
959
768
432
31
167
418
831
479
354
667
780
916
848
853
805
84
444
630
167
771
84
834
768
667
498
132
125
624
853
853
1006
125
63
22
452
418
831
354
667
916
376
816
693
644
450
779
756
743
917
917
84
834
78
606
410
1016
304
1016
853
63
807
840
489
391
409
418
831
354
340
816
1016
222
693
737
588
779
756
917
917
951
84
444
410
1016
410
1016
848
853
913
807
867
619
403
575
123
588
277
743
917
504
957
553
333
119
84
840
840
840
685
84
444
667
848
489
636
489
740
853
913
12
867
840
391
389
831
479
840
630
840
840
489
771
84
70
779
743
917
917
84
779
960
917
917
16
957
947
266
278
993
1007
941
941
951
418
831
115
758
1010
489
771
771
547
32
756
756
917
295
599
993
964
9
787
758
1016
38
452
70
32
756
917
1022
196
831
756
756
917
917
1016
310
996
358
955
1007
941
941
951
834
444
125
630
489
771
36
547
588
356
756
756
917
917
196
479
105
410
410
1016
947
897
942
577
427
941
941
217
312
834
614
340
1010
545
391
452
123
588
756
756
917
295
196
277
756
917
917
917
310
260
361
955
964
1007
941
38
196
444
848
1010
489
771
644
861
886
277
756
917
917
726
196
834
276
410
410
1016
492
266
942
577
1007
941
941
547
588
277
756
756
917
917
618
912
912
912
410
410
852
982
421
993
964
9
758
38
492
450
958
356
756
756
917
917
917
912
912
410
410
410
1016
283
807
867
330
807
867
547
450
831
725
295
633
917
310
649
88
964
283
361
985
575
287
300
985
1022
935
733
491
283
924
985
47
935
88
964
951
141
985
9
935
88
867
283
361
985
587
361
985
287
578
33
532
935
481
491
283
300
964
47
935
88
964
283
627
831
867
283
88
964
38
450
958
62
756
756
917
917
333
333
333
692
964
241
283
649
985
587
361
964
47
547
588
588
756
756
917
917
135
1006
929
389
330
985
453
241
5
785
913
22
867
72
340
330
807
867
283
88
867
587
627
479
867
283
330
733
47
649
733
867
283
361
985
587
361
985
587
361
985
867
283
358
985
587
361
733
587
361
479
283
361
931
47
982
361
733
587
361
733
866
260
578
33
866
946
941
38
264
450
32
62
756
917
405
1300
2869
3506
4985
1653
2907
4077
4320
1628
2869
3540
4893
1349
2608
3094
4161
1748
2697
3764
4530
1755
2801
3498
4132
1371
2350
3540
5118
1334
2939
3933
4161
1659
3009
3540
5038
1115
2889
3555
4161
1884
2540
3843
4660
1115
2516
3876
5014
1895
2946
3555
4530
1115
2889
3928
4161
1748
2248
3555
4161
1115
2498
3082
4175
1115
2942
3335
4161
1115
2494
4006
4705
1371
3022
3082
4624
1959
2485
3813
4351
1884
2561
3777
4654
1232
2115
3533
4855
1371
2561
3777
4320
1457
2485
3810
5097
1748
2800
3398
4150
1049
2818
3335
4835
1755
2928
3933
4970
1892
2565
3887
4681
1755
2317
3313
4810
1561
3008
4077
5118
1995
2411
3928
4508
1349
2048
3540
4197
1394
3009
3869
4733
1232
2561
3078
4824
1300
2818
3530
4320
2000
2619
4005
4320
1371
2946
3950
4530
1349
2119
3283
4615
1895
3071
3843
4161
1252
2119
3891
4801
1049
2800
3950
4320
1397
2989
3558
4364
1252
3022
4077
4801
1653
2097
3498
4384
1903
2121
3526
4161
1252
2091
3413
4852
1928
2121
3950
5022
1371
3022
3966
4320
1252
2248
3725
5011
1755
2097
3441
4506
1515
3008
3807
4161
1457
2456
3753
4099
1300
2298
3644
4792
1807
2608
3370
4871
1457
2608
3745
4530
1807
2920
3684
4801
1300
2920
3498
4161
1995
2552
3498
4934
1700
2701
3498
4801
1995
3022
3370
4324
1456
2789
3498
4739
1300
2419
3540
4624
1801
2119
3088
5059
1959
2419
3727
4705
1300
2813
3498
5096
1911
2907
3690
4161
1903
2298
4004
5050
1690
2284
4039
4970
1561
2883
3504
4221
1561
2877
3498
4296
1300
2421
4048
4161
1635
2612
4077
4604
1755
2484
3987
5042
1561
2649
3498
4817
1748
3022
3498
4771
1252
2091
3498
4810
1903
3022
3498
5097
1928
2735
3965
4161
1300
2473
3979
4150
1928
3022
3891
4369
1049
2470
3698
4320
1049
2789
3928
4801
1371
3022
3340
5022
1300
3009
3540
4782
1780
2642
3498
5118
1521
2969
3878
5079
1181
2091
3498
4274
1815
2275
3177
4161
1815
2091
3498
5041
1248
2350
3082
4985
1334
2787
3526
5041
1334
3022
3715
4161
1334
2986
3498
4985
1334
2470
3498
4821
1755
2889
3535
4320
1903
2860
3498
4801
1903
3022
3526
4369
1300
2787
3903
4915
1300
2619
3778
4991
1903
3022
3082
4835
1300
2985
3940
4801
1995
2463
3498
4739
1903
2608
3413
4726
1457
2789
3673
4369
1515
2333
3843
4320
1777
3062
3965
4726
1457
2857
3673
4715
2035
3009
3498
4456
1959
2190
3764
4477
1349
3022
3555
4313
1115
2255
3698
4771
1115
3022
3442
4985
1561
2889
3555
4747
1115
3022
3690
4985
1115
3022
3082
4484
1959
2800
3498
4705
1557
2905
3810
4835
1755
3009
4000
4654
1777
3012
4077
4835
2000
3009
3955
4759
1456
2946
3080
5022
1232
3022
3903
4977
1995
3009
3876
4889
1777
3012
3913
4175
1628
3009
3413
4589
1300
2907
3498
4702
1049
2925
3869
4161
1349
3062
3082
4532
1349
2649
3540
5097
2017
2210
3664
4738
1287
2525
3281
4250
1298
2063
3843
4751
1835
2531
3465
4334
1835
2540
3966
4966
1807
2525
3555
4893
1807
2115
3966
4432
1807
2741
3555
4455
1807
2174
3077
4908
1659
2165
3441
5003
1232
2459
4074
4171
1807
3012
3498
4436
1903
2788
3498
4624
1903
2788
3555
4786
1807
3009
3235
4161
1807
2608
3126
5118
1807
2412
3315
4893
1903
3009
3498
5031
1807
2506
3498
5059
1371
3022
3638
4161
1777
2791
3876
4508
1777
2907
3447
4150
1892
2412
3422
5058
1561
2883
3777
4654
1561
2979
3498
5094
1349
2343
3498
4830
1690
2996
3919
4654
1049
2877
3904
4810
1300
2942
4072
4839
1349
2985
3363
4335
1780
2484
3413
4384
1059
2986
3234
4970
1815
2905
3509
4624
1334
2728
3126
4684
1349
2473
3724
4806
1334
2284
3576
4161
1659
2608
3540
4618
1815
2860
3727
4508
1334
3022
4055
4530
1843
3009
3315
4820
1334
2105
3300
4530
1659
2860
3504
4624
1232
2787
3540
4460
1515
2787
3498
4771
1300
2608
3747
4508
1485
2143
3979
4320
1884
2777
3081
4283
1554
2777
3082
4943
1959
2777
3914
4906
1903
2777
3082
4926
1903
2777
3082
4346
1959
2627
3082
4890
1589
2777
3082
4508
1755
2156
3342
4645
2000
2777
4077
5094
1959
2525
3498
4530
1959
2564
3804
4648
1349
2777
3498
4801
1777
2564
3498
4985
1659
2860
4036
4161
1843
2412
3919
4320
1903
3022
3854
4308
1911
2564
3082
4508
1076
3022
3839
4985
1349
2787
3924
4127
1911
2907
3498
4726
1911
2162
4077
5115
1206
2567
3783
4784
1626
2276
4052
4727
1959
3008
3542
4532
1959
2564
3485
4157
1959
2825
4052
4919
1777
3028
3804
4942
1394
2990
3398
4942
1959
2619
4052
4727
1583
2150
3551
4916
1755
3023
3903
5047
2000
2529
3536
4927
1232
2777
4054
4460
1394
2411
3649
4508
1903
2097
3691
4457
1076
2412
3248
4599
1777
2777
3498
4934
1777
2990
3536
4961
1076
3022
3950
5079
1911
3022
3229
4175
1911
2777
3248
4615
1911
2925
3498
4747
2038
2677
3558
5022
1331
2455
3498
4792
1331
2225
3237
4508
1287
2540
3942
4299
1720
2788
3449
4810
1720
2721
3868
4161
1720
3022
3296
4530
1720
2412
4085
4455
1720
2484
3498
4726
2003
2351
3558
4621
1331
2796
3107
4977
1720
2880
4008
4161
1720
2457
3377
4810
1155
2121
4030
4161
1720
2721
4077
4161
1155
2946
4094
4530
1720
2540
3082
4497
1155
3017
3335
4161
1155
2791
3237
4508
1777
2883
3555
4161
1349
2942
3498
4678
1500
2107
3554
4783
1620
2344
3910
4127
1535
2344
3127
4243
2032
2529
3822
4457
1523
2868
3559
4510
1690
2868
4072
4117
1097
2918
3935
4337
1991
2608
3398
4955
1903
2942
3778
4384
1959
2735
4042
4589
2003
2800
4077
4250
1755
3009
3175
4696
1777
2905
3782
4508
1903
2942
3928
4508
1777
3022
3951
4384
1843
2860
3504
4431
1777
2787
3935
4335
1628
2412
3557
5015
1777
2452
3577
4687
1903
3022
3824
4862
1628
2248
3725
4955
1349
2429
3498
4830
1594
2360
3824
4170
1367
2048
3558
4283
1324
2531
3585
4117
1815
2936
3976
4830
1694
2936
4077
4933
1622
2360
3880
4856
1694
2177
3996
4953
1334
2986
3111
4893
1694
2314
3869
4587
1346
2986
3853
4738
2032
2645
3596
4788
1812
2868
4077
4686
1755
2735
3777
4694
1801
2818
3935
4983
1801
2818
3619
4296
1903
2942
3398
4436
1777
2535
3778
4119
1959
2985
3478
4170
1801
2735
3804
4170
1903
2248
4072
4926
1801
2811
3893
4136
1843
2411
3909
4858
1696
2949
3724
5094
1324
2869
3585
4324
1181
3022
3577
5079
1815
2119
3893
4508
1815
2119
3727
5058
2046
3047
3843
5058
1248
2350
3887
4625
1659
2791
3727
4858
1191
2589
3419
4972
1284
2257
3780
5096
1155
2165
3498
4436
1155
2788
3778
4132
1720
2791
3498
4455
1155
3022
4030
4676
1155
2248
4005
4292
1155
2791
3498
4927
1155
2877
3413
4197
1155
2946
3727
4625
1248
2788
3498
4334
1349
2788
3498
4927
1807
2823
3248
4437
1346
2436
3369
4455
1412
2317
3807
4179
1626
2277
3940
4620
1701
2877
3665
5094
1690
2992
3710
4826
2035
2868
3690
5056
1232
3008
3987
4170
1349
2735
3674
5114
1959
2735
3307
4497
1959
2813
3987
4971
1777
2813
3928
4926
1777
2619
3498
4853
1300
2694
3782
4972
1777
2735
3928
4927
1777
2928
3398
4384
1777
2907
3843
4853
1700
2531
3623
5099
1232
3009
4077
4926
1496
2097
3498
4173
1903
2452
3674
4853
1279
2511
3901
4620
1367
2875
3986
4909
1780
2860
3325
4478
1815
3012
3502
4754
1694
3022
3950
4171
1743
2224
3810
4508
1743
2224
3498
4475
1694
2177
4065
4839
1694
2487
3945
4991
1788
2857
3526
5029
1583
3069
4077
4150
1397
2277
4074
4384
1903
2985
4077
4732
1653
2619
3935
4255
1903
2863
3111
4875
1903
2936
3904
5096
2000
2985
3928
4510
1903
2463
4042
4858
1903
2985
3810
4800
1903
3022
3526
4926
1777
2859
3300
4334
1718
2769
3653
4356
1586
2089
3193
4258
1597
2579
3096
4249
1396
3070
3631
4613
1635
2257
3915
4127
1635
2478
3504
4731
1523
2665
3904
5115
1589
2918
3818
5041
1903
2579
4077
5115
1589
2255
3782
4414
1959
2579
3904
4747
1959
2942
3924
4132
1589
2939
3901
4955
1349
2936
4079
4950
1959
2564
3802
4654
1911
2619
4079
4150
1690
2665
3935
4763
1589
2649
3824
4876
2000
2248
3623
4127
1777
2564
4079
4287
1777
2649
4077
4184
1777
2990
3824
4889
1807
2813
3517
4829
1581
2972
3517
4926
1410
2413
4019
4670
1924
2936
3413
4747
1759
2928
3773
4721
1899
2619
3413
4197
1801
2863
3839
4971
1899
2936
3498
4263
1696
2946
4022
5097
1410
2088
4077
4826
1403
2589
3832
4670
1694
2531
3498
4184
1694
2968
3498
4170
1694
2314
3111
4508
1694
2314
3505
4510
1694
2314
3498
4830
1694
2521
3413
5099
1694
2968
3531
4508
1694
3022
3498
4810
1903
2619
3248
4150
1903
3022
3526
4985
1586
2794
3716
5119
1597
2380
3400
4275
2032
2463
3743
4755
1626
2813
3967
4763
1755
2811
3777
4318
1690
2859
3500
4318
1801
2868
3413
4546
1554
2939
3880
5025
1777
2735
3398
5041
1700
2905
3935
4368
1777
2592
3935
5056
1232
2248
3251
4384
2046
3071
3935
4624
1995
2712
3810
4335
1349
3022
3810
4184
1349
2735
3623
4508
1843
3008
3585
4926
1903
2735
3300
4184
1903
3022
3952
5047
1981
2735
3495
4530
1661
2116
3659
4702
1780
2564
3843
4132
1161
2940
3762
5022
1694
2407
4053
4927
1743
2412
3283
4826
1743
2224
3303
4324
1743
2473
3188
4916
1622
2360
3498
4599
1743
2968
3540
4349
1622
2255
3303
4593
1557
2531
4077
4739
1755
2933
3498
5094
1653
2791
3966
4170
1903
2936
3498
5079
2025
2412
3464
4320
1777
2990
3498
5029
1903
3069
3498
4962
1903
3022
3530
4926
1694
2857
3498
4926
1232
2944
3654
5079
1777
3022
3843
4810
1626
2798
3951
4369
1586
2590
3489
4251
1597
3070
3967
4756
1824
2529
3447
4878
1635
3028
3996
4384
1523
3008
3747
4459
1175
2544
3552
4739
1589
2561
3672
4770
1523
2564
3802
4852
1167
2511
4054
4860
1369
2864
3770
4455
1521
2933
3787
4313
1588
2255
3933
4221
1588
2177
3790
4157
1860
2989
3898
4699
1892
2088
3672
4530
1896
2673
3414
4830
1160
2728
3257
4287
1594
2801
4055
4508
1896
2801
3804
4817
2046
2701
3868
4864
2046
2260
3623
4983
2025
2801
3928
4681
1349
2942
3940
4985
1659
2766
3887
4335
1700
2944
3440
4508
1349
2350
3952
4755
1349
2350
3498
4962
1349
2350
3498
4184
1248
2529
3498
5058
1349
2649
3498
4763
1984
2249
3928
4738
1346
2693
3325
4641
1626
3029
3503
5105
1523
2912
3442
4127
1690
2628
3447
5038
1959
2320
3674
5012
1777
2944
3705
4244
1300
2564
3126
5050
2046
3023
3928
4508
1349
2564
3300
4985
1959
2162
4054
4747
1404
2216
3880
4830
1702
2953
3558
4431
1029
2922
3949
4949
1743
2693
3294
4929
1583
3047
3747
5038
1565
2968
3188
5041
1746
2801
3257
5050
1160
2728
3900
4784
1896
2869
3872
4648
1160
2088
3928
4508
1594
3047
3900
4625
1896
2801
3674
4546
2046
2473
3872
5097
1160
2470
3764
5058
1895
2464
3498
5056
1659
2936
3928
4456
1959
2748
3952
4893
1349
2350
3778
4161
1991
3022
3498
4175
1248
3022
3880
4530
1349
2735
3810
4875
1788
2818
3843
4456
1788
2429
3921
5049
1701
2889
3880
4414
1690
2691
3839
4889
1857
2452
3327
4530
1626
2465
3985
4983
1561
2564
3782
4318
1561
2649
3928
5015
1959
3012
4072
4161
1777
2350
3901
4830
1791
2283
3903
4392
1596
3042
3188
4122
1354
2457
3223
4788
1660
2764
3148
4106
1263
2781
4052
4197
1764
2897
3909
4648
1996
2910
3337
4621
1886
2399
3304
4853
1886
2150
3698
4654
1690
2841
3307
4770
1481
2863
4014
4931
1950
2694
3843
4988
1626
2277
3804
4717
1931
2347
3304
4414
1690
2813
4042
4157
1349
2697
4042
4258
2008
2485
3288
4795
1424
2792
3365
4826
2032
2150
3413
5119
1755
2289
3296
4456
1807
2332
4072
5108
1287
2411
3887
4656
1287
2979
3259
4620
1597
2148
3802
4953
1701
2097
3741
4721
1896
2880
3514
4755
2035
2484
3966
4972
1666
2714
3202
5068
1597
2877
3467
4681
1626
2309
3777
4763
1690
2971
3188
4561
1807
2360
4084
4589
1807
2798
3552
4853
1749
2552
3437
5031
1412
2612
3474
5105
1523
2944
4077
4150
1690
2628
3406
4384
1349
2971
4039
4274
1749
2240
3217
4629
1555
2645
3506
4629
1812
3071
3475
5066
1626
2649
3116
4218
1523
2411
3315
4640
1755
2691
3891
5015
1555
2419
3878
4583
2032
3022
3506
4244
1701
2789
3270
4878
2046
2462
3674
4950
1347
2462
3951
5037
1346
2262
3910
4899
1396
2177
3464
4795
1788
2939
3783
4463
1659
3066
4052
4705
1188
2529
3198
4135
1346
2705
3548
4176
1814
2940
3876
4833
1626
2632
3600
5054
1523
2344
3862
4414
1304
2511
3781
4249
1749
2992
3259
4459
1396
2941
3780
4296
1800
2660
3647
4456
1782
2620
3606
4853
1655
2247
3493
4993
1729
2737
3120
4797
1814
2715
3120
4119
1409
2344
3766
4795
1597
2564
3670
4346
1729
2581
3576
4949
1814
3063
3549
4241
1455
2642
3641
4587
1626
2253
3116
4784
1703
2860
3772
4796
1682
2424
3297
4106
1597
2990
3264
4285
2032
2612
3940
5056
1523
2918
3270
5090
2035
2649
3802
4460
1489
2330
3576
4898
2042
2851
4013
5078
1583
2225
3116
4755
1626
2284
3822
4414
1690
2255
3698
4505
1659
3008
3577
4414
2028
2877
3133
4953
1218
2925
3662
4249
1959
2619
3940
4539
1589
2813
3987
4184
1589
2225
3437
4936
1892
2544
4053
4460
2032
2619
3437
4099
1523
2628
3406
5042
1959
2091
3115
4389
1959
2564
3802
5110
1991
3071
3747
4132
1535
2956
3664
4108
1677
2095
3743
4908
1780
2561
3919
4171
1993
2234
3872
4320
1583
2531
3094
4703
1583
2949
3976
5010
1167
2121
3081
4741
1392
2949
3654
4721
1392
2949
3669
5037
1392
2350
3552
4933
1896
3047
3933
4751
1755
2818
3982
4517
2046
3022
3764
4696
1815
3070
3414
4829
1690
3039
4077
4283
1392
2875
3446
4501
1523
2259
3802
4810
1690
2255
3950
5079
1995
2121
4039
4654
1659
2800
3526
4943
1982
2424
3987
4721
1555
2771
3133
4766
1755
2452
3843
4720
1626
2478
3232
5011
1561
2467
3747
4615
1500
2552
3437
4772
1583
2289
3437
5042
1755
2185
3457
4654
1690
3008
3506
5058
1959
2119
3403
4351
1104
2225
3506
4132
1702
2930
3443
4171
1367
2644
3790
4361
1324
2460
3396
4908
1966
2986
3576
4508
1743
2478
3663
4839
1743
2347
3081
4807
2046
3047
3498
4175
1248
2712
3248
4161
1392
2887
3498
4283
2046
2464
3705
4629
1788
2255
3715
4612
1755
2360
3530
4721
1659
2119
3504
4983
1884
2561
3498
4384
1659
2429
3540
4132
2032
2419
3498
4562
1583
2644
3901
4864
1701
2368
3880
5037
1788
2463
3843
4747
1607
2529
3498
4792
1895
3022
3082
4720
1801
2564
4008
5011
1801
2564
3933
5012
1457
2544
3947
4747
1777
2818
3893
4508
2046
2649
3764
4889
1690
2544
3705
4985
1561
3008
3727
4510
1959
2942
3869
4862
1561
2800
3082
5018
1300
2544
3976
4161
1457
2644
3993
5094
1597
2064
3967
5108
1701
2941
3494
4791
1561
2976
3843
4699
1959
2649
3952
4985
1349
3022
3824
4747
1950
2119
3478
4629
1701
2877
4052
4889
1561
2791
3413
4926
1959
2990
3782
4324
1300
2813
3950
4625
1867
2180
3530
4927
1535
2813
3552
4787
1561
2467
3976
4197
1911
3022
3552
5077
1300
2925
3530
4508
1895
2644
3413
5110
1597
2705
3909
4449
2032
2792
3887
4795
1523
2813
3802
4539
1561
2976
3783
4876
1959
2976
3933
4889
1597
2119
3782
4266
2032
2283
4059
5049
1523
2224
3951
5058
1959
3022
3783
4985
1959
2860
4079
4771
1262
2489
3087
4449
1950
2833
3133
4960
1701
2877
4077
4845
1523
2276
3933
4164
1300
2628
3659
4681
1584
2714
3831
4629
1931
2579
3504
4510
1701
2925
3904
4501
1959
2579
3335
4786
1949
3071
3623
4197
1950
2813
3413
4314
1626
2649
3116
4345
1701
2976
3933
4629
1561
2925
3909
4830
1959
2564
3506
4127
1749
2717
3950
4318
1555
2850
3198
4179
1626
2277
4008
4337
1701
2164
3933
4492
1959
3008
3310
4681
1670
2713
3834
4376
1555
2529
3088
4456
1755
2452
3504
4711
1755
2727
3967
4938
1867
2300
3752
5112
1597
2920
3474
4414
1755
2945
3677
4950
1755
2868
3951
5069
2028
2247
3600
4747
1947
2150
3504
4477
2035
2918
3674
4720
1701
3007
4094
4875
1959
3050
3935
4510
1995
2874
3659
4889
1300
2452
3822
4145
1500
3042
3080
4192
1950
2467
3133
4460
1755
2344
3175
4318
1701
2944
3824
4938
1764
2798
3478
4983
1595
2851
3706
4902
1396
2612
3865
4262
1626
2162
3791
4643
1523
2877
3800
4875
1690
2544
3591
4853
1887
2804
3779
4758
1644
2326
3159
4144
1814
2918
3506
4434
1485
3021
3259
4895
1535
2161
3802
4792
2001
2971
3592
4348
1867
2253
3437
4676
1867
2860
3777
4456
2046
2860
3739
4119
1867
2733
3778
4876
1867
2608
3619
4432
1535
2956
3342
4734
1534
2171
3606
4106
1581
2127
3088
5009
1367
3000
3120
4897
1867
2429
3288
4829
1250
2604
3742
4705
1996
2360
3951
4474
1392
3047
3832
4915
1392
2631
3498
4741
1788
2307
3928
4991
