194
668
984
984
984
589
173
394
877
984
957
253
957
253
912
984
132
132
984
984
264
418
394
467
728
743
957
135
957
314
912
495
410
626
37
391
123
394
356
743
917
829
957
135
912
272
201
272
624
626
264
418
479
1004
1004
542
496
149
842
853
257
37
880
29
880
37
575
265
958
960
743
756
829
957
272
912
314
437
843
132
626
317
227
551
479
1004
498
431
498
317
498
452
173
481
138
896
498
317
785
912
965
431
96
96
489
693
982
173
394
665
665
829
391
418
831
331
454
542
431
842
121
70
394
355
728
743
957
852
1008
173
394
877
877
957
829
957
553
912
221
959
272
437
852
628
831
479
495
132
132
626
132
132
314
314
495
495
132
626
715
173
394
665
743
896
829
957
314
912
314
132
626
132
391
711
418
831
944
944
542
626
132
626
132
314
953
340
314
495
626
547
67
62
255
743
896
272
957
1005
348
272
132
1005
348
880
348
664
118
479
944
498
317
626
317
626
452
173
394
665
896
1005
348
912
912
498
348
348
132
880
880
391
173
394
665
896
1005
391
264
418
479
1004
1005
257
527
169
547
319
355
16
743
957
253
575
173
394
877
877
740
957
272
957
912
912
272
201
272
391
628
418
479
1004
1004
28
496
514
431
853
853
853
489
636
771
19
173
394
665
665
758
829
514
734
853
636
489
372
888
771
628
418
479
1004
542
496
431
616
29
853
853
257
963
546
527
850
173
394
877
877
743
957
957
957
1016
201
1016
201
1016
201
852
264
418
479
1004
454
542
431
842
771
173
173
394
665
665
758
758
543
543
17
959
840
840
248
840
589
173
394
665
758
771
264
831
479
1004
1004
80
842
575
173
394
743
728
743
495
957
626
173
394
877
877
829
957
272
310
173
394
725
611
829
310
212
418
479
1004
454
542
496
842
715
173
394
743
728
504
495
715
173
626
960
495
132
626
132
626
626
132
314
410
489
495
626
418
479
1004
984
132
984
132
314
132
626
132
495
132
626
626
123
25
394
394
743
917
829
957
272
918
495
201
626
984
984
314
118
831
182
182
31
182
314
253
176
173
394
944
896
132
984
912
912
984
984
132
314
314
495
173
394
665
314
758
843
418
831
944
31
843
31
843
843
715
394
1005
728
1005
348
843
715
173
394
843
957
843
405
1629
2989
3187
4595
1167
2529
3280
4701
1892
2383
3142
4123
1886
2870
3906
4554
2046
2129
3942
5056
1720
2178
3142
4510
1345
2487
4084
4625
2046
3010
3943
4873
1588
2625
3096
4411
1737
2268
3876
4656
1336
2347
3389
4627
1977
2631
4094
4364
1104
2129
3352
4983
1892
2642
3389
4508
1886
2351
3805
4161
1104
2994
3251
4196
1892
2642
3398
4469
2035
2727
3464
4508
1104
2529
3585
5011
1160
2121
3288
5118
2035
2791
3389
4296
1317
3022
3375
5041
2046
2111
3903
4705
2025
2844
3682
4351
1884
3022
3925
4966
2046
2928
3580
4581
1690
2260
3868
4195
1587
2609
3834
4624
2025
2748
3567
4680
1884
2928
4088
4845
1886
2260
3705
5046
1535
2609
3986
4770
1906
2383
3713
4933
1802
2949
3780
5072
1892
2105
3300
4140
1557
2609
3540
4320
1743
2134
3982
4411
1262
2801
3540
4961
1557
2782
4022
5097
1743
2604
3758
4856
1160
3028
4056
4407
2025
3022
3498
4931
1104
2498
3906
4320
1160
2487
3238
4772
1345
2529
3935
4759
1554
2150
3389
4671
1700
2531
3498
4161
2025
2253
3320
4161
2025
2150
3498
4234
2025
2255
3778
4320
1300
2619
3078
4320
1345
2579
3914
4648
1300
3022
3237
5041
2034
2649
3843
4320
1675
2860
3325
4526
1734
2779
3919
4485
1977
2986
3671
5022
1743
2741
3218
4134
1815
2925
3388
4324
1345
2464
3660
4320
1743
2967
3500
4820
1167
2478
3880
4320
2025
2889
4093
4221
1104
2888
3413
4150
1167
2255
3672
5072
2035
2665
3880
4170
1334
2697
3237
4810
2046
2860
3526
4161
1903
3022
4089
4784
1334
2419
3715
4437
2046
2462
4074
4747
1903
2990
3928
4820
1694
2972
3743
4624
1349
2789
4093
4615
1801
2857
4079
4161
1345
2529
3585
5029
1995
3028
3526
5058
1194
2368
3617
4670
1557
2905
3315
4423
1755
2192
3577
4477
1896
2882
3804
4862
1457
2574
3727
5029
1755
2604
3396
4351
1457
2863
3751
4955
1557
2192
3506
4864
1457
2192
3690
4985
1457
2354
3622
4248
1457
2789
4079
5097
1659
3022
3690
5087
1589
2404
3880
4942
1690
3062
3171
4296
2034
2540
3880
4512
1349
3022
3778
4177
1457
2944
3919
4150
1801
2859
3335
4127
1959
2192
3127
4484
1807
2868
3914
4374
1457
2868
3698
4860
1959
2942
3526
4234
2025
3022
3115
4876
1959
2937
3914
5012
1765
2399
3097
4860
1391
2343
3237
4287
1331
2925
3856
4510
1583
2097
3659
4370
1057
3069
3269
4161
2006
2192
3881
4732
1558
2811
3377
4776
1993
2928
3704
4351
1993
2746
3682
4161
1993
2307
3638
4161
1694
2945
3914
4497
1801
2789
3914
4720
1886
2219
4053
4177
1589
3012
3839
4510
1801
2820
4072
4620
1857
2398
3719
4132
1315
2989
4074
4621
1589
2398
3398
5096
2006
2064
3491
4161
1801
2398
3929
5115
1896
2398
3919
4334
1857
2398
3914
4955
1315
2989
3531
4296
1690
2398
3715
4132
1755
2398
3919
4715
1788
2398
3719
4955
1175
2478
3978
4654
1300
3009
3839
4351
1884
3028
3111
4721
1097
2333
3825
4759
1801
2936
3940
4889
1690
2944
4053
5110
1300
2944
4053
4477
1300
2874
3940
4161
1801
2735
4053
4759
1903
3022
3715
5118
1047
2972
4054
4314
1759
2297
3325
4410
1558
2869
3690
5003
1815
2972
3313
4161
1815
2887
3398
5096
1788
2972
3715
5009
1300
2083
3982
5058
1815
2419
3966
4161
1815
2972
4056
4759
1300
2083
3674
5037
1815
2972
3914
4487
1815
2968
4039
4926
1588
2964
3690
4926
1300
2869
3198
4766
1815
2724
3849
5089
1547
2801
3498
4766
1347
2833
3893
5110
1815
2644
3607
4145
1815
2907
3307
4480
1349
2350
3825
4364
1690
2644
3690
4624
1515
2697
3880
4305
1349
2350
3951
4893
1903
2907
3413
4763
1620
2628
3617
4274
1892
2274
3095
4873
1991
2284
3335
4771
2035
2813
3965
4971
1481
2791
3674
4411
2046
2990
3724
4364
1991
2874
3870
4196
1903
2467
3965
4721
1589
2748
4039
4949
1755
2564
3237
4970
1755
2939
3498
4414
1300
2905
3952
4713
1690
2604
3928
4835
2035
2758
3914
5069
1232
3022
3413
4810
1690
2735
3498
4615
1300
3022
3876
4320
1300
2942
3987
4320
1300
2942
3901
4320
1049
2907
3736
4862
1690
2964
3621
4654
1585
3069
3111
4820
1892
2088
4042
5072
1977
2907
3824
4170
1248
3022
3647
4925
1160
2350
3982
4364
1481
2332
3903
4195
1248
2946
3987
4721
2046
2350
3705
4862
1903
2649
3893
4853
1317
2177
3498
4926
1248
2344
3647
4132
1899
2232
3504
4332
1802
2981
4010
5009
1167
2344
3185
4221
1886
2717
3437
4320
1104
2986
3498
4925
1167
2649
3198
4721
1345
2467
3929
4656
1991
2314
3914
4615
1160
2314
3198
4830
1899
2225
3737
4119
1991
2619
4056
4456
1248
2289
4072
4983
1481
2717
3307
4770
1991
3069
3914
4119
1248
3050
3914
4983
1515
2467
3914
5058
2035
2443
3965
4919
1248
2777
3952
4950
1777
2944
3914
5115
1903
2777
3914
4955
1248
2874
3485
4460
1777
2649
4036
4950
1659
2467
3847
4970
1535
2741
3558
4829
1755
2925
3542
4320
1959
2608
4093
4414
1940
2531
3225
4679
1931
2609
3504
4320
1481
3005
3896
4875
1690
2331
3127
5042
1931
2269
3474
4306
2035
3014
3142
4320
1690
2169
3238
4875
1690
2269
3933
4546
2035
2681
3940
4696
1991
2260
3398
4699
1300
2630
4079
4950
1300
2791
3603
4905
2035
3022
3887
5110
1589
2925
4036
4985
1690
2612
3950
5072
1995
2248
3810
4721
2035
2192
3950
4985
1481
3022
3869
5110
1300
2800
4094
4351
1594
2986
3494
4296
1500
3047
3818
5068
1620
3047
3842
5108
1892
2864
3327
4977
1279
2350
4094
4320
1585
2868
3081
4346
1892
3047
3847
4363
1167
2869
3674
4810
1279
2777
3428
4287
2046
2478
3094
4510
1815
2274
3843
5095
1167
2644
3647
5094
2025
2939
3325
4820
1815
2857
3839
5054
2046
2789
3073
4296
1884
3000
3398
4938
1903
3038
3098
4820
1317
2968
3585
4820
1417
2887
3764
4384
2025
2741
3674
4720
1622
2889
3914
4864
1589
2531
3914
4786
1895
3000
4093
4755
1087
2248
3413
4362
1457
2877
3990
4567
1931
2457
3743
4972
1755
2095
3887
5070
2035
2861
3783
4132
1690
2936
3530
4615
1457
2119
3982
4178
1690
3011
3950
4414
2046
2818
4077
4721
2035
2544
4094
4494
1523
2649
3810
4699
1931
2714
3819
4423
1690
2612
3819
4961
2035
3022
3810
4633
2035
2544
3603
4161
1959
2225
3603
4737
1995
2830
3839
4320
1300
2777
3987
4508
1300
2619
3843
4320
1895
2830
3081
4351
1903
2791
3951
5096
1300
2791
3603
4739
1959
2791
3540
4338
1857
3022
3335
4399
1638
2313
3648
4822
1159
2511
3282
5072
1369
2552
3270
4320
1831
2623
3564
4111
1993
2219
4032
4797
1886
2253
3365
4820
1743
2968
4013
4274
1426
3069
3847
4127
1993
2756
3175
4900
1263
2968
3639
4640
1694
2253
3950
5022
1788
2860
3942
5097
2007
2619
3309
4161
1801
2320
3399
4676
1801
2507
3576
4621
1589
2253
3095
4731
1759
2253
3951
4801
1690
2860
3919
4846
2007
2535
3619
4726
1801
2156
3256
4864
1481
2623
3782
4484
1925
2253
3824
4747
1801
2119
3237
4985
2046
2787
3716
4810
2007
2177
3413
4161
1755
2701
3982
4835
1755
2419
3171
4727
2035
2253
3603
4161
1690
2672
3868
4643
1991
2787
4072
4119
2035
2608
4094
4161
1690
2701
3970
4853
1690
3017
3843
4638
1481
2253
4039
4884
2046
2860
4074
4931
2035
2608
3888
4661
2007
3032
3914
4119
2032
2701
3914
4638
1336
2939
3869
4505
1279
2925
3376
4274
1675
2289
3115
4456
1481
2985
3705
4324
1801
2925
3843
4858
1801
2253
4079
4801
1801
2253
3684
5011
1720
2649
3832
5059
1720
2608
3413
4830
1690
2097
3708
4889
1777
2119
3775
4334
1801
2253
3673
4759
1991
2253
3914
4830
1720
2225
3778
4132
1777
2976
3577
4681
1690
2411
3297
4737
1815
2701
3284
4846
1903
2350
3843
4456
1815
2649
3928
4132
2046
2860
3880
4876
2035
2608
3893
4955
2046
2608
3880
4132
1349
2937
3904
4460
1950
2443
3513
4640
1481
2649
4056
4862
2046
2612
3880
4234
1589
2608
3647
4194
2035
2320
3914
4810
1481
2701
4072
4460
2046
2944
3843
5052
1991
3055
3914
4661
1347
2860
3166
4938
1635
2905
3952
4759
1535
2701
3506
4720
1457
3041
3843
4314
1457
2253
3698
4195
1457
2262
3226
4985
1959
3005
3778
4759
2035
3005
3810
5031
1959
3062
3868
4949
1884
3022
3824
4759
1481
3022
3621
4759
1959
3012
3764
4320
1959
3062
3604
4431
1167
3022
3778
4759
1160
3005
3880
4889
1345
2869
3413
4320
1248
3005
3880
4770
1160
2801
3200
4320
1345
3022
3740
4320
1248
3035
3880
4985
1160
2801
3915
4759
1903
2856
3893
4320
1317
2452
3498
4150
1349
3005
3096
5015
1291
3005
3847
4731
1555
2642
3982
5099
1660
2484
3804
4320
1886
2741
3924
5029
1248
2976
4087
5022
1711
2467
3876
4625
1345
3005
4052
4150
1248
2976
3413
5110
1481
2411
3772
4731
1345
3017
3498
4921
2046
2860
3313
4195
1160
2939
4094
4985
1345
2976
3778
5115
1349
2608
4088
4759
1777
2942
3335
4927
1345
3017
3542
4296
1349
3017
3843
5022
1349
2925
4054
4320
1903
2649
4053
4889
1349
2791
3778
4770
1349
2119
3891
4098
1515
3017
3413
5011
1062
2756
3798
4096
1755
2270
3672
4927
1959
2649
3498
4414
1457
2699
3904
4949
1457
2979
3673
4437
1515
3022
3226
4519
1232
3022
4052
4419
1349
3022
3376
5110
1911
3022
3869
4484
1456
2248
3498
5029
1300
2936
3081
4782
1049
2942
3376
4648
1903
3005
3869
5059
1911
3022
3081
4631
1843
3022
4072
5072
1456
2248
3376
4508
1777
3022
3478
4320
1628
2248
4087
4320
1419
2942
3880
4195
1653
3022
3498
4132
1628
3022
3647
4889
1456
3022
3950
4320
1748
3022
3557
4320
1547
2798
4076
4875
1346
2979
3830
4917
1279
2612
3133
4320
1345
2939
3133
4676
1481
2478
3498
5097
1160
3071
3603
4332
1232
2452
3498
4351
1232
2813
3226
4184
1515
2989
3498
4755
1911
2990
4008
4810
1723
2592
3951
5022
1371
2877
3088
5022
1454
2944
3725
4889
1928
2452
3914
4332
1928
2162
3498
5022
1928
2944
4072
4950
1928
2944
3498
4853
1232
2976
3951
5110
1232
2592
4072
4950
1419
2976
3952
5118
1252
2452
3951
4950
1928
2314
3935
5012
1535
2761
3506
5112
1457
2905
3725
4625
1959
2525
3914
4161
1049
3022
3530
4170
1300
3022
3810
5097
1457
3041
3747
5069
1049
2942
3603
4161
1457
2224
3237
4320
1049
2944
3498
5022
1300
2564
3603
4624
1049
2564
3603
5022
1049
2119
3747
4654
1300
3009
3952
4351
1911
3012
3914
4460
1049
2944
3603
5022
1049
2727
3498
4715
1049
2735
3928
4320
1049
2735
3237
4320
1843
2990
3504
4161
1419
2942
3914
4320
1049
2990
3603
4431
1049
3009
4054
4351
1049
2791
3673
4351
1049
2976
3376
4830
1621
2403
3483
4983
1110
2897
3303
4346
1711
2467
3617
4320
1991
2619
3603
4533
1167
2314
3872
4320
1892
2642
3297
4422
1317
2452
3647
4721
1167
2314
3724
4702
1160
3032
3628
4364
1334
2937
3498
4422
1248
2284
3919
4364
1160
2478
3740
4876
1345
3017
3647
4843
1248
2619
3810
4422
1653
2925
4054
4889
1345
3022
3778
4955
1248
2619
3935
4934
1628
2350
3843
5118
1903
2619
3893
5108
1334
3017
3914
4955
1777
2350
3843
4351
1899
2813
3914
4625
1903
3012
3778
4647
1755
2344
3111
4368
1755
2262
3970
4559
1349
2787
4008
4740
1628
3022
3580
5050
1371
2467
3283
4747
1903
2770
3987
5037
1248
3062
3310
5031
1371
2467
3498
5022
1049
2813
3673
4320
1628
2672
3498
5015
1515
2939
3226
4747
1232
3022
3914
4624
1628
2944
3935
4985
1455
2465
3713
4721
1346
2841
3572
4792
1279
2792
3965
4771
1345
2129
3542
4817
1515
2564
4094
4320
1248
2564
3914
4320
1723
3005
4091
4460
1903
2649
3270
4150
1371
2925
3705
4949
1628
2564
3498
4625
1371
2564
3111
4720
1903
2564
3498
4615
1160
2889
3517
5090
1723
3009
3498
4653
1903
2897
3107
5029
1417
2274
3081
4890
1076
2791
3891
4170
1076
2452
3914
4320
1515
2777
4054
4127
2000
2777
4053
4889
1076
2277
3270
5114
1076
2411
3914
5052
1903
2777
3893
4460
1455
2262
3341
4694
1775
2986
3182
4800
1991
2699
3839
4771
1515
2976
4052
4771
1777
2990
3325
4296
2000
2452
3111
4810
1903
2907
4079
5095
1515
2939
3325
4889
2000
2985
3839
4950
1535
2696
3647
4510
1903
3022
3104
4320
1049
2925
3530
4830
1049
2990
3237
4320
1911
3022
3580
4905
1049
2467
3498
4739
1903
3022
3498
4999
1049
2942
3603
4369
1903
3022
3081
4251
1049
2942
3782
4320
1252
2748
3904
4320
1206
2255
3524
4917
1167
2649
4072
4320
1899
2877
3376
4187
1991
3069
3498
5037
1248
2925
3705
4949
1899
2877
3081
4351
1903
2452
3498
4770
2046
2714
3942
4234
1899
2777
3914
4132
1903
2800
3498
5052
1248
2830
3942
4876
1914
2411
3327
4646
2011
2850
3083
4331
1206
2250
4010
4720
1160
2347
3303
5095
1886
2717
3111
4320
1104
2964
3498
4426
1167
2649
4087
5108
1345
2467
3338
4320
1991
2788
3674
4508
1160
2777
3942
4456
1481
2964
3270
4145
1991
2735
3269
4145
1160
2177
4094
4192
1720
2552
4039
4364
1481
2411
3887
4955
1345
2452
3869
4625
1248
2421
4079
4919
1160
2939
3937
5094
1903
2800
3237
4296
1248
3017
4039
4384
1777
2649
3952
4384
1903
2735
4054
4119
2046
2735
4077
4145
1755
2811
3284
4536
1755
2619
3558
4364
1049
2800
3237
4990
1457
2192
3928
4302
1457
2090
3914
5058
1843
3022
3914
4460
1777
3022
3498
4971
1554
3022
3198
4824
1457
2192
3202
4661
1777
3022
3914
4927
1457
2717
3580
4347
1298
2942
3107
4625
1807
2945
3914
4508
1263
2601
3830
4161
1167
2788
4056
5097
1481
2210
3358
4500
1345
3022
4052
4418
1248
3022
4088
4810
1160
3022
3542
4625
1345
2192
3498
4150
2046
2192
3218
4437
1720
3022
3757
4853
1694
3022
3804
4731
1759
2284
3098
4985
1481
2313
3335
4283
1694
2192
3834
4324
1248
2986
3107
4364
1899
3064
3919
4800
1694
2756
3498
4434
1991
2815
3966
4876
1815
2791
3117
4856
1884
2467
3925
4593
1622
3069
3585
4654
1777
2649
3498
4876
2025
2985
4093
4589
1995
2777
3747
4820
1884
2789
3914
4671
1903
2791
3634
4720
1995
3012
3987
5012
1628
3022
3198
4927
1899
3022
3893
4132
1371
2277
3914
5052
1628
2925
3577
5052
1547
2162
3914
5011
1547
2724
3987
4353
1392
2695
3986
4931
1755
2724
3498
4374
1991
3070
4014
4866
2035
3005
3088
4414
1884
3022
3644
5022
1831
2260
3238
4634
2025
3064
3498
4853
1587
2844
3498
4460
1622
2928
3498
4766
1554
2260
3284
4320
1959
2868
3320
4320
1867
2644
3812
4195
2025
2540
4013
4759
1589
2608
4036
4731
1589
2564
3914
5043
1959
2564
3171
4373
1995
2697
3209
4776
1714
3022
4036
5110
1714
3007
3107
4353
1589
2789
3498
4862
1179
2225
3914
5029
1179
2939
3498
4351
1995
2419
3914
4926
1689
2255
3440
4343
1588
2853
3982
4475
1427
2277
3318
4098
1555
2274
3296
4755
1660
2377
3198
4484
1629
2423
3153
4983
2046
2793
3893
4948
1660
3063
3767
4157
1345
2300
4029
4224
2046
2922
4094
4820
1660
3032
3676
4955
1345
2971
3237
4985
2046
2748
4008
4234
1481
2467
3335
4876
1345
2434
3833
4782
2046
3017
3758
4615
1160
2579
4094
4175
1589
2453
3843
4194
2046
2253
3747
4906
1160
2168
3107
4460
2025
2928
3413
4411
1554
2260
3764
4364
2046
2936
3804
4681
1903
2869
3603
4830
1940
2443
3080
4835
1755
2344
3425
4463
1481
3008
3508
4451
1690
2150
3338
4705
1690
2952
3338
4705
1175
2164
3469
4675
1690
2442
3555
4360
2046
2552
3555
4510
1690
2813
3449
4994
1054
3035
3763
4487
1054
2096
3398
4845
1481
2161
3398
4234
1690
2851
3791
4648
1892
2278
3763
4720
1675
2833
3587
4636
1886
2225
3437
4980
1160
2851
4039
4364
1417
2926
3307
4364
1914
2137
3218
4692
1914
2884
3982
4337
2025
2646
3088
5115
1622
2549
4093
4955
1426
2506
3925
4875
2025
2269
3982
4364
1481
2993
3887
4350
1764
2549
3786
4894
2025
2269
4095
4860
1317
2993
3498
4184
1914
2549
3739
4481
2025
2727
3900
4320
1981
2993
4093
4853
2000
2289
3660
4184
1622
2644
3970
4364
1589
2813
3843
4320
1300
3017
4079
5043
1660
3050
3716
4477
1775
2575
4094
4873
1675
2470
3802
4629
1481
2860
3111
4980
1481
2608
3235
4702
1723
2724
3929
4950
1690
2920
3111
4988
1481
2261
3778
4305
1547
2989
3684
4894
1535
2224
3506
4938
1457
2813
3843
4384
1690
2665
3663
4961
1690
3000
3111
4171
2046
2333
3903
4150
1801
2913
3485
4320
1547
2333
3536
4487
1690
2462
3913
4544
1690
2501
3984
4248
1547
2529
3498
4334
1175
2054
3736
5059
1801
2966
3719
4983
1759
2344
3822
4533
1557
2403
3320
4927
2032
2741
3117
4150
1896
2983
3724
4234
1345
2089
4093
4680
1788
2101
3832
4703
1801
2547
3726
4721
1899
2089
3596
4510
1801
2101
3218
4875
1777
3043
3526
4927
1051
2398
3687
4733
1637
2956
3480
4519
1629
2771
3385
4382
1104
2462
3676
4873
1931
2455
3760
5112
1886
2459
3388
4615
2032
2607
3913
4906
1714
2344
3913
5059
1886
2724
3952
4727
1547
2277
3492
4873
1857
2276
3403
4145
