1012
668
626
418
831
479
1004
495
495
626
715
715
626
173
394
491
957
1022
287
779
173
394
877
563
957
829
957
160
912
912
410
1016
639
771
418
831
944
944
132
626
37
167
715
715
173
665
626
132
957
626
912
959
495
132
626
132
626
132
389
173
309
665
665
771
418
831
944
1004
626
80
626
465
626
173
481
877
743
957
575
287
737
173
877
743
984
957
984
957
314
912
314
495
495
626
264
418
479
944
1004
542
1016
842
771
173
394
495
495
984
132
984
912
314
912
495
495
626
132
626
626
589
359
292
495
292
626
418
831
1004
495
132
984
340
715
715
63
314
292
495
241
715
287
173
91
743
743
957
825
391
295
173
394
825
15
822
1004
850
118
831
115
454
542
825
167
575
715
465
86
825
1022
167
715
715
173
91
495
495
957
626
132
626
912
314
489
825
489
771
525
831
944
1004
626
132
626
514
853
853
776
853
563
489
771
850
123
173
394
877
877
829
829
957
272
912
1016
410
1016
489
771
118
831
495
1004
542
626
132
339
589
173
394
665
454
957
1016
912
959
495
959
132
626
132
626
626
173
394
665
944
626
626
264
418
479
495
495
542
626
626
644
173
884
613
743
957
241
575
173
394
877
877
1005
957
626
957
912
912
912
410
495
495
626
418
831
944
495
132
984
132
626
715
715
173
394
877
957
829
912
912
912
912
495
132
626
489
626
391
589
173
884
877
715
779
418
831
944
495
432
132
626
314
853
959
86
495
132
626
391
737
173
779
756
743
957
272
957
1016
912
912
495
495
132
626
664
118
831
1004
1004
80
496
527
452
715
173
394
743
728
829
957
912
959
495
132
626
132
611
626
389
173
394
877
626
575
715
418
831
479
1004
28
1016
514
1016
195
173
394
491
877
829
310
737
173
394
743
984
957
984
957
984
912
314
410
768
253
253
450
588
479
1004
16
28
702
929
333
753
776
410
410
842
527
850
173
394
665
182
31
182
31
31
31
182
248
314
527
182
628
418
831
944
31
182
31
340
31
182
340
953
495
253
253
287
32
779
756
495
432
984
132
984
132
132
410
489
495
626
822
450
831
115
756
743
957
1016
514
1016
563
410
410
495
37
391
173
394
394
877
877
829
957
726
912
1016
912
1016
740
880
391
628
831
479
1004
28
496
842
248
906
1675
2972
3783
4258
1481
3023
4053
4127
1959
2925
3504
4117
1895
2833
3504
4997
1995
2162
3413
4661
1557
2368
3202
4313
1755
2905
3940
4477
1700
2257
4005
4628
1903
3022
3869
4889
1457
2800
3824
4949
1049
2097
3876
5094
1481
3022
3257
4254
1547
3015
3859
4948
1589
3022
3940
4125
1959
2735
3674
5059
1547
3028
3901
4254
1788
3023
3094
4145
1188
3022
3333
4346
1181
2529
3993
4948
1481
2971
3576
4153
1788
2300
3107
4744
1167
2741
3413
4720
1892
2642
3715
4508
1345
2529
3303
5096
1104
2989
3893
4508
1160
2890
3782
5096
1903
3066
3690
4484
1104
2989
3603
4197
1780
2478
3413
4906
1924
2619
3933
4983
1815
2756
3261
4510
1555
2687
3740
5095
1892
2591
3753
5070
1977
2277
3966
4351
1104
2272
3647
4508
1899
2925
3705
4900
1977
2985
3413
4132
1991
2360
3914
4705
1899
2925
3778
5110
1977
2989
3238
4351
1991
3022
3724
4554
1160
2608
4054
4860
1345
3022
3782
4985
1723
3022
3966
4384
1777
2925
3914
4624
1899
3022
3901
4150
1049
2628
3237
4861
1155
2579
3724
4460
1899
2777
4079
5110
1349
3022
3987
4962
2046
2857
3904
4351
1777
3022
3880
4889
1755
2507
3904
4782
1635
2320
3439
4455
1589
3070
3757
4374
1801
2730
3978
4175
2034
2253
3107
4437
1700
2672
3504
4881
1884
2787
4074
4194
2046
2156
3107
4615
1554
3017
3675
4983
1554
2623
3517
4876
2025
2253
3107
5110
1690
2860
3839
4721
1155
2463
3914
4474
1815
2360
3335
4710
1555
2346
3265
4741
1950
2949
3235
4508
1481
3022
3966
4821
1815
2971
3157
5112
1694
2833
3940
4254
1694
2971
3812
4625
1694
2697
3670
4422
1801
2789
4056
4254
1991
2333
3670
4925
1801
2789
3604
4864
1589
2649
3705
5096
1924
2119
3843
4776
1179
2083
4053
4671
1547
2344
3674
5059
1547
3028
3782
5059
1547
2735
3942
4950
1547
3028
3782
4726
1547
3022
3839
4983
1547
2939
3904
4852
1547
3022
3742
4369
1547
2162
3855
5052
1547
2398
3498
4873
2034
2957
3634
4835
1950
2889
3478
4305
1711
3017
3251
4771
1160
2333
3737
4332
1991
2939
3777
4287
1547
2225
3987
5037
1515
2944
4072
4119
1815
2920
4032
5108
1723
2434
3603
5094
1867
2529
3690
4332
1755
2564
3949
4915
1457
2672
3478
4195
1867
2743
3498
4854
1589
2912
3107
4320
2034
2253
3603
4508
2035
2156
3107
4370
1547
2540
3310
4953
1519
2920
3313
5022
2046
3022
3952
4692
1801
2350
3831
4177
1815
3022
3787
4739
1815
3028
3498
4926
2001
2457
3843
4983
1977
2351
3447
4192
1334
3022
4053
4720
1815
2118
3252
5072
1515
3022
3413
5052
1694
2277
3506
5112
1349
2284
3596
4484
1899
3022
3284
5059
1345
2912
3739
4320
1331
2253
3672
4875
1924
2419
3335
4364
1801
3008
3464
4971
1555
3001
4052
4678
1160
2329
3575
4597
1979
2964
3530
4809
1206
2859
3974
4510
1892
2660
3810
4416
2006
2964
3804
4370
1991
3022
3226
5095
1892
2942
4019
4488
2025
2467
3810
5112
1991
2735
3413
4296
1160
2697
3928
5058
1481
3022
3777
5045
1991
2487
3166
4620
1248
2289
4072
4961
1777
3022
3887
5031
1426
3017
3478
4363
1703
2857
3822
4323
1481
2253
3623
4845
2035
2701
3171
4561
2046
2608
3474
4845
1583
2424
4013
4690
1635
2249
3257
4363
1755
2421
3237
4337
1896
2818
3339
4194
1801
2243
3585
4845
1457
2800
3673
5029
1049
2925
3940
4324
1300
2813
4006
4699
1457
2612
4091
4699
1457
2649
3276
4862
1457
2453
3276
5052
1659
2162
3504
5029
1561
2877
3530
4546
1867
2995
3825
4418
1263
2740
3437
4893
1057
2868
3782
4200
1188
2697
3168
4933
1057
2721
3335
5112
1291
3023
3251
4508
1759
2928
4079
4480
1104
2937
3270
4508
1554
2863
3955
5052
1764
2928
3676
4953
1694
2529
3241
4860
1835
2579
3238
4624
2025
3022
4093
4926
1554
2540
3891
4889
1815
2800
3107
4943
1764
2608
3237
4862
2035
2817
4053
4374
1554
2434
3843
5115
1589
2912
3526
5112
2035
2626
3881
4853
1481
2920
3235
5022
1831
2398
3107
4423
1547
2889
3313
4177
1554
2920
3107
4127
1589
2398
4042
4820
1759
2383
3514
4677
1835
3022
3325
4960
1694
2644
3810
4733
1835
2470
3107
4283
1694
2529
3928
4215
1835
2529
3945
4640
1815
2443
3530
4384
1835
2529
3928
5059
1535
2933
3945
4368
1755
2883
3810
4740
1755
2429
3111
4195
1457
2868
3924
4195
1426
3022
3274
5011
1519
2883
3623
4935
1690
2933
3940
4184
1867
2972
3111
5056
1659
3012
4053
4473
1914
3022
3296
5022
1815
2619
3649
4654
1925
2949
3498
4200
1788
2119
3081
4533
1743
2869
3310
4526
1896
2691
3831
4799
1788
2801
3478
5022
1700
2660
3478
4210
1788
2841
3868
4346
1801
2695
3081
4684
1788
2741
3804
4218
1801
3022
3595
4733
1788
2771
3727
4474
1159
2811
4074
4691
1720
2701
3422
4641
1979
2206
3493
4448
1057
2883
3704
5007
1788
2860
3880
4884
1696
2097
3413
4119
1690
2462
3843
4456
1696
2097
3413
5022
1347
2968
3200
5022
1696
2097
3413
4426
1807
2608
4072
5022
1696
2608
3413
4255
1835
2608
3413
4615
1801
2868
3726
5022
1436
2631
3500
4211
1835
2137
3325
4720
1780
2506
3307
4334
1835
3012
3580
5077
1694
3022
4032
4221
1354
2940
3288
5084
1801
2861
3238
4820
1764
2770
3300
4791
1694
3062
3403
5047
1457
2944
3182
4715
1867
3069
3623
4893
1666
2905
3363
4839
1057
2905
3934
5072
1334
3022
3815
4931
1155
2463
3413
4369
1317
3062
3388
4249
1801
3062
3317
4817
1659
2907
3504
4195
1801
2936
3498
4449
1659
2791
3952
4905
1801
3062
3684
4484
2035
2525
3668
4923
1807
2964
3914
4370
1807
3062
3414
5024
2035
2746
3903
4595
1788
2521
3924
4320
1155
2829
3504
4720
1188
3062
4056
4255
1155
3055
3577
4274
1188
3062
3710
4274
1300
2097
3903
4526
1788
2484
4042
4684
1298
2511
4093
4835
1759
2691
3580
5031
1369
2565
3083
4284
1594
2489
3647
4625
1029
3010
3467
4949
1057
3032
3547
4258
2015
3028
3810
4113
1759
2844
3919
4659
1886
2889
4074
4432
1979
2989
3107
5089
1481
2260
3914
4615
1759
2811
3747
4720
1690
2735
3982
5037
1979
2928
3498
4733
1690
2604
3824
5094
1924
2467
4094
5112
1959
2525
3619
4305
1801
2429
3671
4647
1959
2791
3891
5112
1924
2976
3880
4364
2046
2972
3251
5029
1884
2985
4093
4287
2046
2162
3265
5112
1815
2920
3914
5114
1800
2529
3843
4914
1755
2619
3126
5007
2046
3022
3887
4422
1690
2787
4074
4296
1690
2608
3111
4927
1690
3022
4074
4304
1690
2623
3270
4881
1690
2253
3526
5011
2035
2253
3107
5042
1690
2168
3526
4926
1690
2452
3778
4545
1659
2608
4093
4456
1457
2925
3891
5029
1659
3022
3673
4726
1959
2800
3868
4955
1959
2942
3478
4897
1700
2868
3504
4889
1300
3022
3982
4654
1700
2644
3504
4962
1349
2942
3107
4625
1959
3022
4079
5110
1349
3022
3839
5069
1911
3022
4079
4170
1349
3022
3503
4927
1791
2804
3758
4720
1211
2878
3467
4328
2005
2117
3378
4172
1629
2114
3638
4993
1110
2309
3851
4971
1892
2883
4004
4869
1886
2883
3743
4866
1110
2777
3414
4583
1892
2965
3942
4889
1886
2177
3504
4221
1110
3032
3096
4461
1892
2225
3804
4843
2035
2788
3081
5095
1167
2770
3313
4185
1807
2343
4004
4680
1345
2314
3950
4460
1104
2529
3327
4274
1959
2925
3498
5030
1345
2529
3498
4839
1991
2309
3880
4170
2046
2721
4056
4508
1481
2813
3081
4810
1635
2741
3782
4921
1535
2209
3558
4501
1452
2717
3994
4971
2032
2971
3812
4426
2046
2462
3107
4962
1931
2857
3498
4119
2035
3022
3981
4119
2046
3022
3107
4652
1801
2724
3107
4254
2025
2540
3940
4854
1896
3017
3269
4684
1895
3022
3782
4948
1457
2857
4091
4972
1193
2275
3967
5033
1558
2573
3982
4463
1711
2986
3506
5079
1801
2612
3603
5087
1801
2452
3526
4997
1345
2697
3864
4296
1899
2945
3966
4237
1801
3022
3198
4861
1899
3022
3987
4950
1899
3071
3498
4654
1801
3022
3497
4955
1896
2253
3791
4858
1682
2939
3117
4853
1720
2649
3928
4296
1903
3022
3802
4397
1801
2735
3156
4856
1160
2749
3377
4864
1160
2749
3504
4935
1801
2928
4036
4853
2046
2260
3950
4988
1801
2609
3883
4177
2046
2844
4036
4810
2046
2848
4036
4296
2006
2793
3464
5068
1093
2990
3506
4873
1345
2333
3542
4934
1892
3007
3603
4948
2046
2971
3133
4876
1991
3022
3940
4593
1481
2971
3812
4211
1481
2989
3940
4254
1991
2789
3107
5108
1959
2333
3997
4948
1535
2831
4029
4656
1755
2333
3603
4176
1457
2421
3111
5069
2034
2971
3682
4990
1690
2482
3839
4320
1690
2419
3237
4296
1554
2529
3690
5059
1690
2478
4077
5059
1896
2054
3478
4364
1589
3022
3659
4494
1690
2735
3498
4175
1547
2255
3914
5058
1555
2644
3844
4786
1892
2642
3398
4919
1345
3022
4094
4170
1659
3029
3300
4320
1160
3022
4055
4456
1345
3022
3581
4972
1457
2314
3952
5042
1160
2129
3764
4096
1457
2453
3437
4608
1659
2525
3535
4145
1167
3022
3406
4809
1297
2704
3443
4675
1629
2986
3274
4320
1110
2276
3394
4320
2006
3047
3303
4475
1629
2531
3235
4391
1743
2920
3107
5010
1899
2672
4036
4237
1629
2054
3081
4891
2046
2912
3081
4906
2006
3023
3126
4820
1886
2701
4093
4650
2046
2787
3394
5089
1720
2253
4036
4313
1179
2383
3418
4460
2025
3022
3832
4539
1160
3022
4053
4314
1903
2383
3903
4754
1991
3062
3088
4119
1160
2248
3824
4997
2035
2844
3859
4648
2035
2818
3925
4593
2046
2928
3831
4174
2038
2791
3659
4970
1755
2470
3535
4494
1392
2257
3843
4320
1457
2262
3293
4835
1587
2192
3218
4334
1815
2926
3498
5108
1867
2717
3844
4671
1622
2619
3942
5096
1519
2841
4005
5056
1801
2419
3670
4740
1622
2333
3238
4906
1884
2833
4053
4534
2025
3022
3729
4296
1659
2529
3297
4906
1331
2510
3805
4396
1193
2528
4089
5068
1660
2568
3902
4972
1093
2165
3325
4949
1262
3032
3542
4544
1660
2964
3652
4570
1206
2746
4056
4559
1262
2276
3704
5077
2006
2262
3951
5099
1991
2314
3081
4373
1167
2209
3498
4829
1481
2964
3107
4184
1991
3022
3966
4287
1167
2529
3843
4654
1481
2939
3935
5114
1519
2452
3804
4119
2046
2860
3498
4770
1481
2608
3327
4508
2032
2608
3804
4561
1248
2248
3675
5114
1959
2925
3498
4961
1886
2868
3843
4161
1884
2748
3107
4334
1589
2952
3126
5079
1345
2884
3778
4364
1837
2621
3672
4776
1206
2741
3388
5035
1892
2979
3498
5087
1977
2844
3542
5108
1104
2964
3810
4460
1892
2841
3284
4839
1345
2467
4094
4839
1317
3022
3530
5099
1535
2478
4053
4483
1557
3063
3603
4414
1659
3022
3887
4487
2046
3066
3497
4132
1557
2642
3307
5003
1764
2972
4055
4925
2046
2791
4008
4175
1481
3022
3893
4560
1622
3066
4053
4860
1519
3022
4014
4168
1959
2791
3868
5059
1300
2869
3111
5059
1349
3022
3747
4684
1300
2877
3772
4175
2006
2672
3107
4875
1886
3022
3109
4845
2046
2608
3904
4351
1959
2701
3868
4763
1345
2623
3413
4985
2046
2889
3107
5058
1959
2857
3869
4889
1690
2717
3778
4508
1690
2452
3727
4508
1594
2360
3398
4843
1369
2581
3542
4351
1694
2573
3839
4800
1759
2314
3955
4810
1892
2126
3522
4364
1977
3044
3107
4220
1694
3022
3674
4961
1801
2925
3928
4484
1977
2989
3928
4351
1801
2608
3737
5112
1801
2608
3868
4317
1899
2119
3241
4364
1991
3022
3869
4439
1777
2925
3935
4175
1899
2552
3398
4985
1690
2608
3478
4351
1452
2581
3674
5056
1714
2089
3831
4184
1801
2701
3670
4839
2046
3017
3185
5056
1896
2857
3919
4957
2035
2857
3530
4845
1991
3017
3251
4926
1959
2928
3757
4175
1535
2699
3342
4386
1700
2314
3100
4414
1457
2289
3674
4624
1457
2619
3778
4654
1457
2608
3698
4189
1884
3022
4072
5047
1457
2789
3747
5069
1622
2529
3843
4721
1457
2478
3928
4369
1457
3041
3881
5069
1300
2314
3778
4508
1594
2360
3675
5097
1780
2889
3498
4334
1555
2535
3409
4983
1660
2949
3603
4961
1558
2443
3398
5046
1167
2255
3987
4351
1481
2463
3603
4889
2015
2311
3413
4659
1815
2741
3966
4422
1481
2463
3498
5049
1345
3022
3987
4593
1801
2741
3498
4820
1300
2535
3810
5011
1558
2607
3413
4526
1315
3069
3739
4576
1315
2209
3274
5011
1979
2644
3951
4645
2035
2944
4053
4645
1801
2525
3919
4283
2035
2863
3905
4645
1690
2735
4053
4648
2046
3008
3498
4852
1547
2649
4079
4983
2035
2452
4039
4382
1637
2117
3526
4776
1629
3032
3498
4637
1167
2314
3498
4526
1892
2253
3270
4713
1886
2813
3952
4845
1167
2443
3413
4305
1720
2850
3171
4853
1886
2253
3498
4813
1991
2525
3107
4731
1535
2642
3083
4999
1557
2257
3420
4208
1867
2905
3758
4432
1755
2925
3109
4606
1557
2257
3719
4905
1457
2156
3698
5024
2046
3022
3772
4925
1481
3022
3843
4175
1457
2907
3698
4305
2046
3022
4005
5096
1457
2467
3698
4226
1690
2813
4032
4132
1457
2647
3622
4150
1457
2467
4053
5112
1837
2942
3098
4931
1104
2833
3603
4789
1160
2550
3586
4215
1345
2467
3530
4364
1104
3022
3557
4810
1160
3022
3413
4456
1557
3041
3498
4161
1991
3022
3987
4926
1700
2925
3504
5110
1481
3022
4093
4702
1211
2217
3379
4907
1660
2057
3154
4117
1093
2677
3365
4949
1262
2928
4022
4751
1998
2260
3185
4135
1215
2993
3739
4678
1167
2487
3767
4349
1764
2260
3168
4510
1104
3064
3144
4829
1167
2844
3325
4374
1426
2225
4042
4546
1788
2767
3704
4624
2046
2844
3877
4349
1519
2928
3810
4861
1807
2691
3238
4985
2046
2224
3498
4856
1690
2928
3822
4889
1817
2956
3171
4485
1452
3059
3710
4845
1690
2278
3839
4234
1886
3071
3716
5043
2046
2123
3757
4513
1403
2424
3798
4478
1037
2861
3087
5072
1664
3022
3758
4567
1931
2869
3198
5010
1557
2642
3603
4249
1557
3063
3446
4595
1664
2717
3705
5010
1557
2642
3951
5010
1557
2129
3814
4977
1931
2506
3619
5022
1457
2467
3580
4977
2035
3064
3914
4583
1959
2642
3705
4335
1457
2467
3914
4903
1959
2536
3924
4351
1457
2925
3585
4903
1457
2942
3887
4889
1700
3022
3682
4305
1457
2925
3893
4150
1457
2642
3580
4456
1457
2936
3401
4460
1349
3022
4039
5022
1457
2478
3904
4456
1526
3059
3533
4757
1620
2148
3095
4501
1892
2206
3774
4862
1279
2165
3307
5026
2032
2333
3380
4660
2006
2772
3890
4746
1896
2063
3464
4255
1896
2180
3449
5114
1896
2421
3291
4621
1690
2190
3107
4477
1703
2190
3208
4969
1690
2115
3333
4660
1959
3009
3555
4945
2046
2190
3447
4149
1690
2162
3281
4255
1690
3009
3555
5114
1300
2097
3778
4624
2046
2608
3909
5105
1905
3071
3929
5077
1347
3022
3909
4839
1690
2936
3966
5077
1955
3022
3966
5110
1535
2123
3342
4713
1755
2119
3778
4149
1939
2383
3819
4189
1523
2119
4054
4916
1857
3022
3641
5010
1626
2818
3449
4637
1523
3000
3555
4351
1523
2421
3449
4875
1523
3022
3921
4624
1690
2190
3107
4460
1626
2694
3707
4401
1690
2772
3509
4637
1626
2818
3959
4660
1523
3022
3555
5049
1690
2540
3698
4322
1457
2421
3338
4145
1457
2800
3673
5049
1895
3022
3498
4950
1690
2292
3555
4598
1690
2278
4088
4845
1690
3059
3107
5107
1690
2421
3929
4980
1545
2728
3107
4884
1051
2470
3899
4967
1188
2877
3104
4656
1764
2735
3307
4845
1886
2459
3909
4283
2015
2459
3929
4475
2015
2459
3241
4900
2015
2712
3810
4702
1215
2928
4028
4237
1886
2260
3257
4508
1317
3064
3935
4474
1587
2912
3987
4856
1788
2928
3887
4830
1914
2260
3398
4705
1589
3022
4042
5037
2025
3022
4042
4411
1690
2944
3388
4161
1690
2171
3951
4439
2035
2333
4042
4889
2035
2906
3742
4876
1589
3017
3876
4175
1300
3017
3491
4948
1535
3042
3493
4525
1764
2861
3847
4175
1533
2270
3470
4402
1367
2756
3819
4977
1161
2888
3608
5072
1743
2544
3690
4460
1743
2604
3585
4175
1743
2928
3677
4954
1743
2260
3509
5090
1392
2691
3844
4856
1788
2457
3580
4787
1659
2986
3498
4106
1788
2177
3530
4305
2003
3022
3530
4953
1659
2848
3764
4351
2035
3022
3724
4961
1457
2464
3945
4503
1801
3022
3870
4239
1334
2248
3747
4684
1175
2083
3778
4431
2035
2933
3398
4784
2035
3022
3420
4177
2025
2968
3955
4720
2025
3022
3115
4641
1589
2937
3526
4786
1346
2467
3318
5014
1650
2484
3304
5072
1110
2120
3535
4554
1892
2209
3359
4474
1977
2277
3929
4364
1555
2443
3825
4306
1892
2868
3542
4961
1886
2813
3603
4296
1104
2989
3530
5037
1160
2248
3778
4889
1345
3022
3552
5056
2046
3022
3708
4615
1160
3064
3919
4835
1345
2253
3540
4460
1659
2672
3739
4647
2046
2649
3690
4460
1899
3022
3743
4127
1884
2248
3557
4170
1700
2156
3914
4895
1899
2945
3901
4625
1554
3071
3987
4835
2046
2825
3715
4351
1535
2435
3864
5042
1631
2693
3237
4939
1635
2459
3603
4782
1931
2057
3819
5020
1764
2817
3637
4776
1807
2498
3966
5041
1807
2498
3191
4175
1886
3022
4008
4512
1659
2156
3498
4351
1807
2498
3940
4955
1345
2529
3498
4861
1457
2874
3498
4431
1867
2506
3891
4589
1801
2907
3935
4422
