950
635
635
635
635
635
635
635
635
635
635
635
635
635
635
635
635
635
635
635
635
635
635
635
635
635
635
635
635
635
635
635
635
635
635
635
635
635
635
635
635
635
635
635
635
635
635
635
635
635
635
635
635
635
635
881
881
290
20
662
20
662
257
827
662
29
662
827
218
974
827
149
827
149
257
827
29
827
974
827
527
121
50
225
862
427
420
420
420
302
20
302
20
972
972
972
827
257
827
149
827
149
943
827
257
827
149
827
121
266
225
862
427
427
420
420
302
302
302
20
738
1010
953
735
121
881
266
148
978
978
764
764
937
249
937
937
484
484
937
937
937
937
937
937
937
937
937
937
937
937
937
937
483
421
682
978
764
937
937
937
937
937
711
824
238
937
901
937
937
937
937
901
937
937
937
937
974
937
937
937
937
901
1
1
327
1
1
828
232
50
225
862
427
420
420
420
302
302
738
462
221
451
738
462
221
248
462
462
221
740
462
462
451
451
462
852
15
870
331
641
28
496
462
130
248
130
462
130
451
462
462
327
451
130
462
327
451
974
462
462
451
462
313
729
568
577
427
420
420
420
302
302
302
215
738
130
738
130
974
462
462
462
451
462
462
451
451
462
462
711
672
158
1020
80
130
130
130
130
130
130
462
130
130
130
130
130
130
130
130
130
130
974
130
130
257
693
50
225
862
427
427
420
420
420
302
302
302
302
1010
738
130
130
130
462
462
130
74
462
451
451
462
462
693
264
672
158
641
542
496
130
130
130
130
130
130
130
130
130
130
130
130
130
130
130
130
130
130
257
130
121
50
225
862
427
427
420
420
302
302
302
302
738
215
738
130
130
462
462
130
248
462
462
451
74
462
462
313
672
870
161
80
542
130
130
130
130
130
130
130
130
130
130
130
130
130
130
130
130
130
130
130
375
693
50
225
862
535
427
420
420
420
302
302
302
302
738
738
130
130
130
462
462
130
74
462
93
451
462
462
693
264
672
158
641
80
130
130
130
130
130
130
130
130
130
130
130
130
130
130
130
130
130
130
130
375
130
121
50
225
862
427
420
420
420
302
302
302
953
130
130
611
130
130
130
130
130
130
130
130
130
130
74
693
974
628
870
158
641
130
130
130
130
130
130
130
130
130
375
130
906
1086
2961
3858
4769
1086
2472
3858
4769
1086
2472
3858
4769
1086
2472
3858
4837
1432
2592
3750
4837
1432
2592
3750
4837
1086
2472
3858
4769
1432
2961
4009
4837
1086
2472
3858
4769
1432
2961
4009
4837
1086
2472
3858
4769
1086
2472
3858
4769
1086
2472
3858
4769
1086
2472
3858
4769
1086
2472
3858
4769
1086
2472
3858
4769
1086
2472
3858
4769
1086
2472
3858
4769
1086
2472
3858
4769
1086
2472
3858
4769
1086
2472
3858
4769
1086
2472
3858
4769
1086
2472
3858
4769
1086
2472
3858
4769
1086
2472
3858
4769
1086
2472
3858
4769
1086
2472
3858
4769
1086
2472
3858
4769
1086
2472
3858
4769
1086
2472
3858
4769
1086
2472
3858
4769
1086
2472
3858
4769
1086
2472
3858
4769
1086
2472
3858
4769
1086
2472
3858
4769
1086
2472
3858
4769
1086
2472
3858
4769
1086
2472
3858
4769
1086
2472
3858
4769
1086
2472
3858
4769
1086
2472
3858
4769
1086
2472
3858
4769
1086
2472
3858
4769
1086
2472
3858
4769
1086
2472
3858
4769
1086
2472
3858
4769
1086
2472
3108
4769
1086
2472
3108
4769
1086
2472
3108
4769
1086
2472
3108
4769
1086
2472
3108
4769
1086
2472
3108
4769
1086
2472
3108
4769
1086
2472
3108
4769
1086
2472
3108
4769
1086
2472
3108
4769
1086
2472
3108
4769
1086
2472
3108
4769
1086
2472
3108
4769
1086
2472
3108
4769
1086
2566
3858
4311
1086
2566
3858
4311
1086
2566
3858
4311
1086
2566
3858
4311
1086
2566
3858
4311
1086
2566
3858
4311
1086
2566
3858
4311
1086
2566
3858
4311
1086
2566
3858
4311
1086
2566
3858
4311
1086
2566
3858
4311
1086
2566
3858
4311
1086
2566
3858
4311
1086
2566
3858
4311
1086
2566
3858
4311
1086
2566
3858
4311
1086
2566
3858
4311
1086
2566
3858
4311
1086
2566
3858
4311
1086
2566
3858
4311
1086
2566
3858
4311
1086
2566
3858
4311
1086
2566
3858
4311
1086
2566
3858
4311
1535
2860
3486
5033
1535
2600
3525
4782
1755
2419
3623
4320
1755
2920
3450
4184
1755
2552
3450
4132
1755
2789
3862
4220
1755
2820
3450
4957
1127
2330
3450
4171
1755
2076
3335
4320
1755
2802
3603
4701
1701
2700
3539
5037
1701
2270
4077
4817
1755
2694
3928
5027
1755
2802
3802
4485
1127
2419
3368
4431
1701
2693
3335
4663
1755
2920
3450
4320
1127
2820
3603
4431
1755
3022
3824
4589
1457
2881
3931
5097
1127
2820
3598
5096
1701
2700
3539
5096
1127
2820
3603
4872
1127
2820
3698
4739
1561
2905
3398
4817
1457
2239
3585
5069
1127
2456
3450
4747
1127
2976
3990
4286
1561
2419
4077
4351
1127
2820
3736
4911
1049
2248
3890
4633
1127
2270
3673
4589
1561
2820
3413
4771
1457
3050
3530
4494
1457
3055
3662
4625
1561
2820
4077
4364
1561
2905
3843
4351
1561
2248
3450
4539
1561
3022
3335
5027
1127
2694
3603
4872
1597
2463
3887
4587
1745
3001
3743
4878
1635
2905
3856
4320
1755
2665
3111
4921
1867
2224
4077
4620
1755
2868
3940
4302
1519
3071
3940
4663
1397
2111
3313
4858
1457
2942
3662
5027
1457
2945
3310
4878
1457
2506
4083
4318
1690
2721
3984
4713
1457
2579
3690
5069
1561
2942
3450
4384
1300
2905
3413
4384
1300
2498
3674
4308
1959
2544
3450
5042
1561
2942
3984
4132
1457
2802
3800
4132
1049
2905
3952
5027
1049
2820
3698
5096
1561
3022
3802
4817
1049
2976
4077
5015
1049
2700
4088
4145
1561
2564
4008
4875
1049
2628
4079
5027
1049
2248
3603
4539
1049
2818
3890
4220
1049
2944
3736
5110
1049
3022
3690
4947
1049
2976
3890
4782
1561
3022
3862
5089
1049
2566
3890
4384
1049
2248
3450
4539
1049
2472
3890
4220
1049
2976
3931
4782
1049
2566
3890
4747
1049
2802
3674
4835
1049
3055
3890
4962
1049
3055
3603
5110
2003
2511
4042
4216
1238
2766
3123
4792
1867
2993
3096
4854
1867
2693
3933
5070
1755
2614
3652
4320
1700
2498
3673
4145
1589
2224
3747
4145
2025
3071
3940
4414
1232
2133
3300
4384
1884
3071
3950
4351
1300
2564
4077
5094
1959
2837
3719
4442
1232
3022
3447
4120
1371
2945
3327
5027
1300
2498
3673
4384
1371
3022
3605
4508
1300
2857
3450
4654
1049
2452
3674
4858
1049
2800
3952
5115
1049
2800
3747
4817
1049
2800
4079
4747
1049
2976
3890
4747
1049
2976
3890
4747
1049
2961
3725
4460
1049
2820
3111
4431
1659
2771
3890
4364
1058
2131
3796
4597
1263
2057
3447
4755
1597
2880
3104
4111
1743
2511
3878
4411
1920
2249
4045
4653
1759
2635
3843
4906
1788
2944
3078
4475
1835
2990
3739
4830
1977
2478
4072
4526
1104
2945
3742
4418
1899
2800
3887
4931
2034
2255
3843
4820
1835
2825
3547
4856
1924
2906
3925
5037
1711
2260
3517
4962
1800
3021
4000
4860
1931
2343
3880
4381
2025
2150
3511
4414
1700
2467
3335
4414
1694
2859
3940
4955
1835
2841
3447
4681
1899
2162
3901
4351
1248
2380
3929
5094
1807
2162
3383
4389
1924
2968
3724
4384
1981
2897
3447
4170
1554
2813
3925
4751
1160
2691
4032
4364
1345
2404
4039
4839
1155
2255
4079
4502
1903
2800
3526
4985
1981
2815
4079
4364
1155
2531
3623
4364
1345
2694
3843
4132
1248
2649
3824
4145
1899
3071
3940
4170
1748
2672
4009
4175
1628
2990
3891
4364
1456
2162
4088
4733
1248
2649
3824
5052
1267
3015
4089
4987
1583
2800
3775
4468
1755
2590
3464
4456
1557
2351
3694
4937
1700
2246
3500
4414
2035
2717
3940
4456
1155
2748
3747
5041
1232
2121
3672
5018
1248
2529
3982
4589
1248
2592
3951
5094
1334
3008
3915
4305
1334
2748
3327
4384
1345
2989
4042
4955
1371
2985
3880
4384
1252
2467
3951
5015
1648
3021
3558
4977
1685
2248
3802
4414
1377
2162
3728
4296
1248
3071
3843
4697
1334
2820
3523
4977
1903
2701
3987
5118
1995
2463
3881
4770
1899
2608
3965
4931
1777
2623
4063
4985
1515
2411
3778
4281
1628
2905
3335
4335
1232
2748
3080
4971
1371
2877
3802
5031
1334
2452
3335
4955
1252
2344
3987
4281
1903
2608
3526
5047
1252
2109
3869
4891
1777
2544
3868
4296
1723
3071
4072
4858
1628
2877
3843
5012
1723
3022
4053
4655
1748
2649
3335
4950
1456
2248
3876
4334
1456
2248
3778
4335
1515
2592
3198
4150
1723
3071
4053
4889
1628
2248
3868
5052
1748
2248
3952
4170
1748
2976
3674
5114
1419
2889
3335
5052
1456
2820
4053
4508
1252
2748
3778
5118
1456
2862
3929
4934
1628
2592
4039
4985
2043
2248
4079
4962
1454
2889
4054
4384
1748
2748
3398
4747
1456
2592
3824
4335
1803
2889
3904
4508
1454
2813
4054
4950
1745
3015
3191
5068
1824
2935
3625
4316
1755
2057
3933
4864
1867
2942
3674
5099
1397
2945
3674
4286
1884
2248
4077
4305
1589
2815
3747
4150
1995
2402
3504
4145
1232
2883
4077
5052
1884
2905
3335
5110
1349
2944
3523
4145
1843
2564
3698
4335
1232
2818
3824
4643
1911
2945
3802
4747
1515
2944
3447
4962
1843
2564
3504
5059
1777
2942
4072
4161
1049
3008
3935
4817
1419
2944
3935
4817
1371
2748
3747
4508
1371
2813
4056
4508
1454
3022
3725
5096
1911
2800
3950
4170
1419
2411
3335
5096
1419
2800
3869
4858
1456
2248
3891
4684
1628
2694
3935
5059
1928
2472
4009
5118
1419
2748
3335
4858
1419
2961
3782
4145
1456
2248
3824
5094
1419
2748
3935
4962
1252
3009
3901
5094
1419
2748
3904
4384
1499
2472
3940
4170
1879
2248
3690
5052
1858
2592
3725
4934
1454
2813
3398
4889
1858
2592
3904
4962
1454
2813
3725
4950
1261
3021
3664
4970
1843
2253
3802
4414
1928
2905
4006
4335
1843
2701
3935
4281
1454
2253
3690
4697
1858
2462
3335
4766
1928
2248
3843
4697
1419
2472
4053
4589
1419
2608
3843
4697
1928
2253
3868
5047
1928
2452
4077
4697
1879
2419
4077
4335
1499
2253
3940
4769
1928
3022
3778
4244
1419
2925
3843
4281
1419
2813
3690
4835
1419
2748
3335
4835
1499
2472
3725
4335
1419
2961
3674
4830
1419
2961
3335
4335
1879
2813
4088
5059
1419
2748
3778
4858
1419
2813
3335
4335
1499
2472
4053
4837
1419
2961
3778
4858
1879
2248
3750
4835
2043
2248
3690
5052
1879
2813
4009
5015
1879
2592
3904
4837
1419
2961
3674
4747
1499
2472
3940
5118
1879
2248
3674
4858
1499
2472
3725
4835
1499
2472
3690
4934
1879
2592
4009
4889
1879
2592
3858
5094
1879
2592
3674
4876
1499
2472
3940
4384
1499
2472
3674
4985
1499
2649
3725
5015
1087
2457
3924
4857
1814
2388
3773
5028
1755
2727
3708
4242
1755
2944
3951
4732
1589
2905
3447
5003
1561
2665
3935
4817
1232
2333
3736
4494
1884
2868
3557
4972
1903
2544
3747
4494
1995
2579
3778
4384
1232
2905
3675
4170
1232
3071
3674
5096
1371
2944
3915
4854
1928
2564
3933
4926
1911
2942
3933
5029
1928
2248
3935
4508
1419
3009
3952
4145
1803
2472
3940
4508
1419
2942
3335
4161
1419
2818
3935
4335
1879
3008
3778
4145
1419
2961
3335
5118
1928
2592
3690
4335
1419
2961
3778
4769
1803
3008
3725
4170
1928
2592
3674
4460
1419
2608
3504
5057
1454
2592
3674
4654
1879
2592
3778
5012
1281
2472
3690
4296
1419
2961
3965
4747
1419
2961
3690
4858
1879
2248
4072
4835
1499
2472
3725
5015
1879
2592
3858
4589
1499
2961
3940
4837
1879
2248
3935
4858
1879
2248
3965
4747
1879
2472
3965
4508
1130
2472
4009
4769
1822
2412
3932
4937
1397
2701
4091
4985
1928
2905
4006
4335
1928
2248
3335
4281
1419
2961
3843
4281
1419
2800
4006
4985
1928
2592
3335
4305
1419
2419
4053
4697
1419
2961
3778
4697
1928
2592
3675
4508
1928
2253
4077
4161
1419
2608
3750
5015
1879
2592
3843
5012
1928
2592
4006
4296
1419
2608
3965
5115
1499
2472
3940
4508
1419
2961
3778
4835
1803
2608
3903
4876
1419
2961
3690
4161
1879
2248
3750
4335
1879
2592
3335
4837
1879
2253
4006
5012
1879
2248
3778
5012
1499
2419
4009
4589
1499
2253
3335
4305
1879
3009
4009
4335
1879
2592
4009
4835
1879
2592
3690
4837
1879
2592
3335
5012
1879
2592
3108
4837
1879
2592
3965
5115
1499
2472
3725
5118
1499
3009
3674
4296
1499
2472
3940
4835
1879
2592
4009
4835
1499
2961
3940
4769
1879
2592
3690
4837
1879
2592
4009
4837
1499
2961
3690
5015
1130
2472
3674
4837
1419
2961
3750
4837
1792
2498
3558
5028
1564
3021
3919
4447
1755
2224
3437
4170
1867
2868
3951
4460
1700
2506
3950
4414
1884
3071
3442
4972
1622
2333
3824
4782
1232
2939
3725
4494
1959
2945
3126
4875
1371
2248
3747
4532
2000
2905
3901
4830
1394
2942
3674
5047
1928
2791
3965
4170
1371
3071
3952
5115
1843
2800
3504
4747
1419
2942
3747
4431
1928
2248
3935
4145
1928
3022
3965
4853
1928
2592
3747
4145
1879
2472
3940
4830
1928
3022
3778
5115
1879
2248
3940
4769
1419
2961
3690
4769
1928
2248
3965
4335
1879
2248
3690
4858
1419
2961
3935
5029
1928
2944
3690
5110
1879
2592
3674
4769
1281
3022
3778
4654
1879
2248
3674
4296
1879
2248
3965
4747
1879
2248
3858
4858
1499
2472
3843
5027
1499
2566
3690
4769
1879
2472
4009
4589
1499
2961
3725
4837
1499
2942
3858
4460
1879
2592
3940
4955
1130
2592
3965
5015
1499
2472
3940
4384
1755
2969
3885
4878
1928
2623
3778
4743
1879
2248
4053
4281
1928
3071
3335
4281
1363
2419
4053
4281
1928
2592
3778
4281
1928
2905
3675
4161
1419
2961
3674
4697
1928
2248
3778
4835
1419
2419
3750
4281
1419
2961
4053
4817
1419
2608
3750
5015
1879
2472
3843
4296
1928
2592
3965
4876
1419
2961
3335
4281
1879
2248
3858
4835
1419
2961
3778
4161
1499
3022
3940
4817
1879
2248
3674
4858
1879
2592
4006
4335
1879
2248
3750
5059
1879
2248
4006
4335
1879
2248
3690
4837
1879
2248
3843
4335
1879
2248
4053
4858
1499
2472
3335
4835
1499
2961
4009
4747
1879
2592
4009
4769
1499
2961
3940
4837
1879
2248
3690
5115
1879
2472
4009
4589
1499
2961
3690
4835
1499
2472
3674
4837
1499
2566
3690
4837
1499
2961
3674
5015
1499
2961
3858
4769
1879
2592
3108
4837
1859
2472
3940
4837
1879
2592
3858
4384
1499
2961
3108
4589
1814
3015
4045
4429
1874
2388
3339
4714
1755
2944
3297
4119
1755
2665
3559
4113
1959
2579
3940
4355
1232
2248
3935
5058
1232
2944
3198
4494
1884
3071
3437
5011
1959
2665
3843
5094
1232
2333
4079
4589
1232
2912
3437
4398
1371
2944
3915
4161
1371
3012
3915
4299
1454
2942
3557
4931
1232
2544
3725
4950
1419
2944
3935
4747
1928
2800
3284
5059
1419
2800
3498
4623
1281
2942
3952
4132
1928
2592
3952
4145
1879
2592
4053
4296
1879
2248
4006
4858
1419
2961
3940
5059
1499
2472
3778
4962
1928
2248
3940
4299
1499
2472
3690
4830
1454
2592
3778
4654
1879
2472
3690
4837
1879
2592
4009
4962
1419
3008
3804
4858
1499
2789
4006
5096
1879
2248
4079
4858
1499
2472
3674
4835
1499
2961
3108
4837
1879
2592
3674
4837
1879
2592
3858
4145
1499
2961
3690
4837
1879
2472
3965
4589
1879
2592
3858
4837
1499
2961
3858
4589
1261
3021
3083
4910
1843
2608
3504
4743
1928
2905
4006
4335
1928
2787
3965
4281
1879
2248
3335
4281
1879
2253
4006
5012
1928
2905
3778
4161
1419
2419
4008
5118
1419
2961
4053
4697
1371
2608
3398
5047
1419
2419
3843
4161
1419
2972
3928
4335
1879
2820
3335
4508
1928
3071
3843
5012
1419
2820
3778
4508
1363
3009
3940
4858
1419
2566
4053
5059
1499
2820
3802
4508
1879
2472
4009
4161
1419
2961
3674
4335
1879
2472
3778
4837
1879
2248
4006
5059
1879
2248
3750
4335
1879
2592
3335
4950
1499
2472
3843
5015
1879
2248
3690
4835
1879
2592
4009
4145
1879
2592
4009
4769
1879
2592
4009
4589
1499
2961
3725
4296
1499
2472
3674
4962
1499
2472
3940
4837
1879
2248
3690
4835
1499
2472
3108
4589
1879
2592
3690
4837
1499
2961
3858
4589
1879
2592
4009
4837
1879
2592
3965
4589
1499
2961
3940
4384
1499
2961
3674
4769
2003
2854
3780
4335
1385
3065
3558
4864
1867
3021
3672
4931
1755
2868
3901
4624
1690
2859
4077
4494
1843
2944
3747
4414
1995
2579
4077
5049
1232
2942
3413
5041
1843
2945
3335
4414
1884
3071
3843
4414
1903
2860
4077
4830
1843
2942
3335
4414
1928
2945
3690
5047
1928
2944
3447
5115
1371
2592
3747
4950
1928
3022
4079
4384
1419
2608
3935
5027
1928
2592
3674
4335
1928
3022
3747
4132
1419
2800
4079
4335
1879
2592
3843
4654
1928
2592
4006
4985
1928
2592
3940
5012
1499
2472
3843
4830
1803
2961
3778
4508
1928
2592
3935
5094
1499
2944
3725
4508
1454
2976
3940
4384
1879
2592
4009
5059
1879
2248
3750
4769
1499
2419
3108
4384
1499
2472
3843
4170
1879
2248
3690
4835
1499
2961
3674
4837
1879
2592
3858
4837
1879
2592
3674
5015
1879
2592
3108
4837
1879
2592
3965
5015
1879
2592
3965
4508
1130
2592
3690
4311
1200
2961
3504
4970
1397
2696
3778
4335
1928
2905
3802
4281
1928
2592
4077
5096
1419
2608
3674
5093
1363
2419
3940
4281
1928
2592
3674
4985
1928
2608
3398
4697
1879
2248
3690
4835
1928
2592
3778
5047
1419
2608
4077
4161
1879
2248
3843
4281
1879
2592
3778
4296
1879
2472
3335
4950
1419
2961
4053
4817
1879
2248
4006
4335
1879
2248
3843
4835
1499
2472
4053
5059
1499
2472
4006
4335
1879
2248
3690
4335
1879
2592
3858
4985
1879
2248
3335
4769
1879
2248
3843
4858
1879
2248
3778
4769
1879
2248
3965
4335
1879
2592
3858
4835
1879
2248
4006
4858
1879
2592
4009
4654
1879
2592
3690
4837
1879
2592
3108
4589
1879
2248
3690
5115
1879
2592
3858
4589
1499
2472
3108
4747
1499
2566
3674
4769
1879
2592
4009
4769
1499
2566
3690
4589
1130
2472
4009
4769
1879
2592
3690
4837
1499
2961
3858
4589
1130
2472
3690
4950
1499
2961
3674
4769
1535
2722
3558
4930
1523
2877
3935
4862
1959
2818
3088
4281
1561
2944
3662
4817
1911
2564
3950
4817
1928
3008
4079
4950
1928
2945
3523
4494
1371
3008
3824
4810
1928
2320
3674
4955
1419
2054
3870
5037
1928
2971
4039
4305
1879
2592
3952
5118
1928
2544
3933
5115
1879
2248
3933
4817
1281
3022
3674
4281
1928
2592
3284
4985
1499
2472
3335
4950
1419
2961
3843
4335
1879
2248
3108
4858
1859
2472
3335
4837
1928
2592
3940
5110
1879
2592
3778
4837
1419
2961
3940
4858
1879
2248
3690
4335
1879
2248
3108
4858
1879
2592
3690
4456
1859
2472
3725
4837
1879
2592
3690
5118
1879
2592
3674
4837
1879
2592
3858
4837
1879
2592
3674
4311
1499
2472
3858
4769
1499
2566
3690
4589
1879
2592
3858
4837
1499
2961
3690
4769
1859
2472
3725
4589
1879
2592
3858
5094
1130
2472
3674
4296
1879
2592
3858
5094
1130
2592
3858
4837
1755
2650
3342
4281
1843
2608
3662
4281
1879
2905
4006
4335
1928
2253
4085
4281
1879
2820
3300
4876
1454
2419
4077
5058
1928
2592
4053
4697
1419
2608
3843
5027
1928
2253
4008
4697
1928
2905
3778
4281
1419
2701
3778
4281
1879
2248
4053
4296
1928
2820
3778
4876
1928
3071
3750
4876
1419
2961
4053
4414
1879
2248
3108
4589
1499
2472
3843
4835
1499
2472
3674
4161
1879
2248
3750
4858
1879
2472
4009
4837
1879
2248
3778
5012
1879
2592
3335
4950
1499
2472
3843
4985
1879
2248
3108
4985
