194
668
691
252
298
208
367
183
873
154
154
435
989
667
72
802
72
339
342
298
736
208
183
276
154
154
676
53
799
48
242
854
854
243
243
782
782
782
782
782
72
416
342
298
968
345
367
23
154
154
342
298
208
208
183
848
154
154
897
568
799
48
854
854
268
247
252
298
208
367
719
281
154
154
991
551
989
667
72
257
416
691
252
298
208
367
183
281
154
154
341
568
799
48
242
854
243
618
243
782
782
782
72
72
416
691
252
298
27
367
23
281
154
154
252
298
208
208
183
873
154
503
82
909
799
48
854
243
243
861
298
208
208
23
873
154
154
154
252
298
345
345
151
702
889
889
521
618
218
218
218
218
218
339
429
609
895
48
204
854
243
243
243
848
782
953
638
527
416
339
691
252
298
345
137
23
281
154
154
252
298
208
367
183
154
154
676
53
895
48
242
854
243
243
691
252
298
208
367
719
553
154
154
435
989
989
72
72
72
691
252
298
208
208
183
281
154
154
897
568
799
48
242
854
854
243
243
782
782
782
782
575
528
960
685
119
551
989
667
145
527
527
691
252
298
208
367
63
154
154
757
82
568
799
48
854
854
243
342
298
208
208
719
281
154
154
947
435
989
667
667
963
72
339
342
252
298
208
367
183
154
154
503
82
909
799
48
854
854
243
243
782
782
782
782
963
782
416
691
252
298
27
367
23
154
154
154
252
298
208
208
183
154
154
503
82
909
799
242
854
854
243
691
252
298
208
367
23
154
154
154
119
551
989
667
72
527
416
342
298
736
208
183
388
154
154
503
82
909
799
48
854
243
243
243
782
782
782
782
72
782
416
691
252
144
27
367
23
154
154
691
252
298
208
367
183
154
154
757
82
568
799
48
854
854
243
243
252
298
208
16
23
154
154
154
737
252
298
345
137
23
154
256
521
776
17
218
218
257
527
339
341
568
799
48
242
854
243
243
243
776
782
782
145
963
416
691
252
298
968
367
23
281
154
154
572
298
208
208
183
16
154
947
82
568
799
48
854
854
243
243
737
252
736
208
367
281
154
154
951
478
989
667
145
72
416
691
252
298
208
367
183
154
154
503
53
909
799
48
854
854
243
243
782
782
782
782
782
528
528
960
776
551
989
667
72
963
72
339
906
1755
2467
3504
4374
1755
2330
3976
4937
1755
2818
3504
5029
1755
2800
3369
4285
1896
2079
3872
4549
1860
2925
3428
4390
1188
2088
3608
4606
1561
2452
3940
4593
1700
2090
3839
4414
1959
2907
4077
5112
1659
2314
4077
4820
1188
2905
3506
4695
1700
2717
4087
4705
1561
2905
3802
4625
1755
2717
3154
4364
1457
2813
3876
4931
1557
3069
3413
4285
1755
2484
3119
4150
1755
2928
3119
4176
1701
2097
3888
4194
1127
2787
3888
4221
1755
2928
3888
4983
1755
2869
3822
5089
1457
2434
3095
4494
1701
2484
3888
4494
1755
2567
3119
4974
1755
2985
3119
4733
1701
2350
3732
4990
1025
2097
3300
4644
1581
2590
3736
5043
1723
2248
3447
4414
1371
2890
3900
4853
1155
2529
4042
5093
2046
2150
3119
4414
1924
2344
3542
4510
1659
2889
3517
5022
1701
2813
3119
4705
1896
2649
3822
4389
1561
2557
3868
5112
1557
3069
3119
4860
1997
2107
3608
4465
1586
2958
3582
4376
1535
2884
3111
5036
1597
3021
3737
4477
1755
2300
3943
4810
1867
2748
3805
4176
1896
3032
3733
4795
2032
2544
3300
4477
1755
2421
3270
4831
1755
3008
3880
4686
1755
2421
3904
4860
1523
3008
4052
4927
2038
2591
3119
4472
1755
3008
3133
4335
1755
3059
3933
4351
1755
3008
3950
4335
1801
2561
3437
5094
1896
2552
3437
4508
1659
2123
4093
4242
1755
2941
3950
4845
1457
2628
3243
5025
1457
2976
3942
4494
1755
2557
3990
5006
1700
2378
4077
4127
1689
2675
3841
5032
1367
2403
3171
4606
1349
2905
3904
4495
1481
2412
4077
4977
1801
2746
3997
4162
1959
2255
3888
4927
1801
2249
4019
4559
1523
2661
4088
4695
1127
2985
3154
4431
1127
2467
3154
4546
1457
2628
4094
4653
1457
2165
3987
4285
1057
2457
3154
5068
1581
2330
3764
4916
1349
2540
3987
4414
1659
2649
3504
4411
1700
2883
3839
4414
1248
2459
4072
4983
1801
2126
3119
5050
1561
2888
3119
4119
1457
2567
3682
4285
1896
2717
3119
4539
1127
3041
4024
4351
1457
2619
3931
4720
1893
2424
3875
4938
1535
2767
3889
4949
1555
2340
4008
4167
1755
2277
3747
4195
1755
2791
3690
5094
1635
3055
3348
5090
2003
2529
3673
4305
1931
2877
3585
5058
1755
2789
3880
4961
1755
2314
3699
4739
1755
2813
3673
4335
1666
2771
3340
4449
1785
2964
3192
4324
1835
2939
3284
4814
1843
2649
3764
4414
1694
2283
3966
4384
1959
2411
3305
4983
1188
2529
4008
4653
1561
2411
4088
5112
1349
3022
3893
4977
1557
2771
3119
4962
1300
2717
4077
4931
1457
2788
4094
5089
1659
2989
3987
4965
1701
2979
3732
4494
1535
3058
3154
4226
1755
2352
3923
4927
1127
2097
3893
4705
1755
3017
3622
5086
1755
2694
3685
4705
1755
2323
3380
4364
1701
2905
3119
4961
1755
2540
3119
4845
1127
2330
3154
4730
1755
2378
3868
4655
1557
2771
3982
4285
1785
2458
3990
4687
1835
2453
3398
4601
1843
2649
4072
4414
1694
2463
3504
4153
1700
2432
3119
4903
1659
3066
3270
4510
1801
2660
3747
4695
1561
2463
3698
4390
1701
2297
3888
4615
1807
2529
3782
4175
1659
2150
3119
4414
1561
2889
3305
4351
1566
2364
3883
4316
1878
2343
3834
4414
1812
2890
3329
4884
1931
2703
3716
4414
1523
2937
4053
5102
1867
2681
3577
4726
1931
2330
4079
4544
2003
2529
3341
4510
1755
2727
3690
4860
1755
2851
3810
4559
1755
2628
3950
5108
1755
2421
3888
4934
1755
2936
4052
5112
1755
2119
3498
5115
1755
2936
3880
4258
1755
2119
3885
5112
1755
2628
3888
4955
1755
2478
3885
4705
1755
2628
3888
4926
1700
2628
3238
4933
1755
2552
3890
4387
1523
2412
3933
4705
1755
2818
4008
4335
1211
2967
3258
4917
1464
2703
3690
4180
1801
2424
3478
4697
1349
3022
3987
4494
1460
2406
3188
4259
1561
2813
3119
4397
1392
2879
3119
4921
1659
2383
3822
4965
1700
2459
3119
4903
1659
2567
3523
4185
1561
2567
3987
5093
1755
2274
3868
4610
1700
2297
3495
4508
1785
2925
3094
5018
1188
2088
3542
4241
1049
2097
3928
4315
1899
2883
4077
4875
1700
2257
4054
5057
1659
2581
3305
4436
1896
2956
3887
4664
1843
2619
3119
4318
1801
2411
3119
4733
1300
2907
4077
4242
1557
2694
3914
4459
1836
2545
3955
4935
1948
2962
4029
4973
1535
2453
3898
5036
1597
2255
3462
4826
1519
2121
3552
5001
1755
3003
4052
4782
1931
2681
3849
4821
1651
2612
3218
4494
1755
2993
3243
4474
1523
2565
3764
4098
1755
2119
3885
4439
1029
2467
3327
5029
1780
2434
3880
4845
1349
2907
3300
4938
1959
2813
3119
4714
1801
2691
3704
5050
1959
2350
3413
4132
1557
2452
3504
4424
1807
2561
3292
4460
1457
2619
3804
4695
1557
3032
3504
4285
1659
2907
3990
4285
1457
2314
3154
4494
1701
2407
3119
4770
1896
3011
3119
4862
1999
2890
3617
4224
1860
2225
3452
5043
1700
2529
3530
4792
1652
2844
3270
4414
1755
2445
3990
4526
1755
2612
4006
5012
1755
2883
3705
4281
1397
2130
3635
4320
1755
2344
3368
5099
1261
2764
3368
4494
1127
2883
3990
4494
1261
2314
3504
4615
1755
2842
4006
4676
1261
3021
3965
4905
1755
2717
3885
4954
1755
2494
3517
4782
1822
3021
3526
4532
1755
2248
3687
4934
1397
2946
3885
5093
1261
3021
3965
4281
1457
2312
4087
4494
1755
2544
3523
4776
1659
2529
3997
4618
1127
2883
4088
4320
1908
2616
3653
4216
1346
2723
3766
4129
1237
2498
3072
4400
1800
3032
3243
5028
1755
3035
3720
4243
1523
2119
3662
4970
1867
2905
3623
4936
1485
2390
4032
4897
1755
3047
3673
4654
1755
2714
3893
4927
1755
2818
3542
4456
1161
2815
3891
5036
1755
2818
4072
4858
1755
2928
3166
4770
1755
2818
3990
5077
1755
2544
3437
4536
1755
2968
3935
4771
1755
2628
4039
4536
1755
2968
3270
4456
1755
2452
4039
4705
1755
2985
3869
5110
1755
2544
3880
4351
1755
2968
4072
4876
1755
2544
3880
4970
1755
2119
3293
5110
1025
2986
3419
5050
1581
2340
3764
4258
1659
2452
3802
4414
1700
2771
4072
4967
1807
2210
3987
4281
1755
2741
3305
4782
1896
2649
3928
4419
1659
2890
3600
4281
1801
3071
3777
4175
1700
2344
4006
4197
1755
2801
3928
5114
1457
2619
3997
5089
1057
2905
3966
4985
1581
3017
3467
5094
1843
2619
4006
5099
1515
2232
3610
4494
1755
2484
3698
4862
1659
2967
3581
5089
1899
2829
4072
4820
1561
2890
3498
4876
1561
2925
4077
4962
1700
2404
3504
4221
1561
3022
3782
4494
1997
2616
3404
4388
1586
2351
3116
4562
1359
2993
3558
4486
1555
2589
3435
4763
1755
2791
4082
4170
1755
3035
3810
4388
1392
2884
3252
4950
2003
3021
3417
4763
1755
2877
4039
4927
1755
2133
3804
5112
1755
2259
3916
4889
1755
2877
3869
4345
1755
2544
3982
4536
1029
2467
3095
4145
1780
2380
3876
4606
1349
2925
3869
5089
1345
2869
3925
4876
1700
2225
3888
4274
1155
2344
3915
4845
1557
2746
3804
4414
1959
2411
3437
4384
1807
2225
3437
5052
1807
2540
4093
4763
1807
2463
3901
4414
1659
2314
3498
4875
1261
3021
3987
4950
1457
2905
3600
4927
1755
2567
3119
4559
1127
2330
3888
4747
1755
2567
3824
4985
1755
2567
3982
4610
1755
2717
3822
4610
1755
2608
3600
4889
1755
2802
3303
4695
1755
2628
3810
5112
1557
2771
3698
4510
1785
2458
3878
4687
1835
2939
3802
4977
1843
2985
4072
4414
1694
3071
3802
4414
1561
2976
3924
4459
1659
3066
3822
4379
1700
2964
3323
5112
1457
2628
3987
4540
1659
3069
3119
4919
1457
2813
4091
4494
1659
2907
3987
4510
1659
2206
3276
4755
1501
2246
4068
4439
1745
2510
3572
4425
1535
2452
3244
4692
1666
3042
4077
5108
1755
2735
3251
4215
1867
2434
3585
5056
1867
2644
3747
4322
1931
2567
3198
4589
1755
2705
3901
4926
1690
2905
3660
5058
1523
2121
3552
4484
1755
2330
3727
5118
1755
2986
3437
5015
1755
2936
3876
4810
1755
2119
4079
4866
1755
2267
3888
4927
1755
2735
4079
4823
1755
2907
3888
4285
1755
2889
3869
4985
1755
2378
3782
4536
1588
2255
3300
4354
1653
3066
3300
5041
1959
2956
4093
4414
1700
2567
3990
4414
1561
2791
4077
4810
1801
2889
3119
4494
1535
2956
3600
4864
1755
2694
3843
4494
1755
2544
3822
5069
1755
2985
3119
5096
1755
2694
3119
4462
1755
3017
3119
4589
1755
2567
3822
5047
1755
2608
3261
4335
1755
3017
3802
4872
1755
2985
3933
5089
1392
2939
3274
4755
2031
2925
3401
4449
1280
3017
3202
4967
1723
2529
3777
4747
1155
2248
3261
4414
1659
2478
3504
4926
1659
2985
3904
4414
2017
2644
3940
4459
1419
2325
3715
4285
1700
2883
3154
4496
2046
2255
3822
5049
1127
3041
3464
4881
1807
3066
3782
4285
1600
2703
3758
4973
1878
2307
3779
4982
1812
2464
3834
4456
1755
2925
3747
4793
1755
2818
3736
4810
1867
3032
3547
4770
1867
2649
3702
4810
1392
2544
3504
4500
1755
2968
4006
4676
1755
2489
3333
4431
1755
2119
3982
4624
2031
2443
3906
4201
1588
2360
3822
4608
1903
2939
3891
4335
1835
2255
3530
5089
1895
2529
3966
4335
1924
2412
3987
4931
1788
2274
3952
5058
1659
2907
3506
4201
1700
2907
3504
5029
2046
2309
4077
4242
1659
2567
3950
4484
1700
2411
4042
4242
1755
2907
3119
4462
1755
2463
3822
5089
1755
3017
3119
4184
1755
2378
3347
4329
1755
3044
3868
5093
1755
3055
4039
4108
1755
2411
3119
4184
1659
3022
3119
4414
1755
2567
3822
4351
1755
2557
3727
5093
1755
2411
3804
4948
1755
2983
3735
4934
1211
2746
3371
4999
1464
2268
3088
4503
1899
2873
3268
4384
1561
2350
3530
4962
1188
2939
3268
4927
1659
2813
3504
4422
1700
2967
3697
4459
1924
2232
3802
4414
1561
2350
3107
4414
2003
2274
3504
4593
1561
2360
3924
4695
1700
2185
3300
4705
1701
2717
3888
4447
1203
2581
3551
4129
1535
2510
3114
4221
1800
2257
3585
4810
1583
2467
3585
4826
1651
3000
3375
4442
1392
2552
3919
4277
2035
2119
3413
5056
1931
3017
4077
4629
1755
2119
3940
5087
1755
2936
4094
4701
1867
2830
3307
4189
1755
3008
3802
5069
1755
2314
3933
4705
2038
3035
3819
4610
1755
2800
3990
4456
1755
2818
3119
4456
1755
2567
3933
4705
1896
2378
3530
4641
1755
2123
3305
4899
1755
2096
3119
5094
1755
2567
3243
4705
1755
2552
3698
4510
1755
2800
3154
5010
1755
2818
3119
4477
1107
2967
3878
5054
1217
2949
3790
4494
1561
2249
3868
4719
1248
2905
3398
4925
1801
2531
3737
4788
1959
2567
3300
4554
1788
2255
3819
4390
1801
2411
3107
4510
1659
3022
3107
4905
1755
2889
3923
4661
1457
2452
3950
4695
1755
2748
3923
4374
1191
2979
3819
4459
1159
2343
4055
5095
1903
2889
3802
4876
1959
2771
3526
4460
1835
2529
4008
4699
1807
2255
3437
4197
1801
2457
3619
4510
1659
3069
3802
4414
1457
2467
3431
4536
1700
2883
3802
4732
1959
2905
3802
5087
2006
2540
3802
4587
1893
2249
3347
4885
1535
2594
3993
4322
1597
2791
3603
4988
1755
2452
3904
4955
1755
3050
3674
4751
1867
2467
3585
4872
1896
2567
3500
4562
1583
2644
3824
4856
1755
2918
3804
4928
1755
2976
3914
5025
1523
2905
3888
4197
1263
2956
3095
4419
1391
2794
3577
4478
1155
2709
3237
4150
1903
2225
3300
4961
1801
3069
3887
5112
1700
2467
3225
4494
1664
3034
3504
5058
1801
2412
3824
4494
1959
2890
3802
4150
1801
2412
3236
4431
1457
2567
3260
4998
1788
2412
3260
4351
1755
2484
3119
4338
1457
2748
3904
4680
1218
2411
3410
4742
1523
2567
3094
5059
1755
2983
3732
4726
1755
2907
3810
4335
1261
2985
3819
4335
1755
2567
3822
4925
1523
2567
3925
5093
1457
2905
3890
4695
1755
3032
3119
5052
1755
3022
3296
4540
1038
2642
3817
4704
1369
3069
3876
5043
1349
2905
3325
4296
1345
2869
3413
4459
1959
2573
3804
4853
1160
2467
3107
4751
1694
2540
3782
4351
1049
2890
3924
4876
1659
2344
3812
4610
1899
2529
3997
5022
1561
2905
3987
4510
1659
2314
3119
4539
1755
2511
3237
5118
1339
2364
3213
4468
1535
2385
3504
4512
1597
2492
3623
4353
1519
2277
3530
4508
1755
2464
3555
4763
1931
2815
3736
4960
2003
2818
3251
4921
2006
2714
3506
4950
1755
2818
3869
4864
1755
2800
4094
4096
2035
2905
3706
5094
2038
2856
3976
4983
1755
2407
3437
4856
1626
2714
3802
4494
1755
2119
3851
4705
1755
2856
3822
4624
1755
2119
3923
4337
1755
2928
4039
4390
1755
2411
3869
4610
1457
2800
3888
4494
1801
2121
3737
4955
1788
2544
3107
5050
1457
2567
3819
4293
1896
2565
3154
4496
1146
2925
3176
4687
1188
2109
3872
4374
1843
2097
3107
4414
1700
2649
3872
4858
1659
2642
3268
4494
1700
3022
3950
4494
1896
3034
3810
4416
1694
2463
3777
4843
1755
2484
4039
4820
1700
2121
3982
4536
1801
2717
3119
5050
1557
2567
4094
4242
1785
2869
4042
4839
1835
2939
3517
4601
1252
3022
3966
4494
1801
3069
3119
5058
1700
2529
4008
5018
1664
3034
3904
5112
1700
2660
3880
5029
1457
2905
3893
4881
1899
2529
3486
4184
1457
3017
3777
4459
1659
2813
3119
4720
1755
2741
3888
4733
1425
2160
3520
4322
1385
2738
3941
4371
1455
2468
4084
5010
2032
2905
3238
4407
1755
2800
3111
4739
1651
2968
3919
4414
1755
2791
3751
5069
1867
2817
3891
4888
1755
2714
3870
5015
1755
2818
4072
4782
2038
2800
3398
4197
1755
2792
3869
4496
1567
2887
4055
4620
1743
2453
3526
4987
1981
2529
4072
5031
2003
3041
3987
4536
1924
2150
3506
5115
1690
2467
3934
5050
1659
2452
3530
4487
1700
2467
3796
4357
1659
2378
3377
4422
1755
2443
3802
4810
1457
2097
3819
4536
1392
2378
3096
5095
1755
2378
3526
5009
1650
2986
3939
4469
1029
2877
4013
4821
1959
2344
3231
4497
2035
3064
3987
4540
1652
2772
3504
4720
1701
3063
4077
4392
1993
2833
3082
5001
1755
2199
3913
4364
1755
3069
3913
4364
1755
2452
3498
4924
1755
2060
3888
4183
1896
2255
3888
4977
1755
2907
3600
4161
1755
3024
3530
4540
1755
3022
3913
5112
1457
2248
4077
4183
1755
2946
3893
4747
1512
3024
3966
4705
1755
2540
3600
4183
1755
2889
3600
4364
1755
3069
3600
5022
1755
2091
3914
4351
1755
3062
3600
4161
1755
3071
3913
4654
1321
2172
3512
4129
1535
2792
3672
4971
1597
2630
3251
4751
2032
2249
3251
5069
1755
2631
4084
5087
1635
2649
3542
5056
2003
2434
4039
4830
2006
2842
3901
4414
1755
2730
4039
4864
1755
2119
3198
4510
1755
2936
3910
4835
1485
2119
4008
4183
1755
3055
3950
4961
1755
2119
4072
4972
1755
2936
3719
4183
1755
2830
3111
4183
1755
3062
3198
5011
1755
2800
3398
4835
1755
2552
3305
4320
1755
2421
3690
4927
1755
2818
3276
4335
1755
2815
3498
5094
1755
2813
3950
5040
1689
2986
4003
4820
1367
2147
3418
4414
1659
2274
4077
4508
1561
2411
3997
4967
1801
2746
3540
4739
1755
2949
3119
4540
1557
3069
4003
4906
1807
2890
3887
4875
1755
2567
3822
4886
1701
2717
4077
5022
1659
3035
3119
4539
1659
2459
4006
4705
1631
2216
3976
4414
1391
2097
3741
4921
1777
2439
3904
5022
1457
2928
3647
4494
1788
2531
4008
4175
1457
2771
3888
5079
1764
2699
3904
4351
1561
2535
3924
4459
1755
2179
3398
4540
1659
2619
3107
4414
1127
2677
3888
4601
1701
2525
3888
4732
1586
2237
3663
5068
1535
2228
4090
4434
1237
2457
3289
4869
1886
2905
3876
4501
1523
2119
3979
4621
1755
2467
4067
4335
2035
2905
3585
4593
1557
2434
3943
4603
1755
2721
3869
4132
1755
2630
4039
4335
1755
2119
3987
4221
1755
2916
3764
4496
1392
2121
3514
4980
2031
2275
4038
4114
1588
2741
3447
4864
2023
2787
3237
4519
1835
2748
3119
4496
1457
2531
4079
4440
1801
2452
3119
5079
1659
2445
3305
4374
1959
2412
3590
4132
1755
2965
3737
4813
1392
2577
3517
4899
1700
2748
4077
4755
1755
2642
3119
4705
1755
2649
3119
5095
1755
2567
3119
5066
1755
2567
3119
4974
1755
2813
3119
5029
1755
2889
3933
4351
1755
2452
3174
4705
1755
2907
3933
4610
1523
2463
3990
4354
1701
3017
3119
4782
1755
2985
3154
4351
1931
2628
3924
4610
1146
2082
3427
5034
1188
2088
3447
4914
1843
2097
3904
4414
1899
2097
3732
4125
1700
2857
3893
4414
1931
2801
3504
4460
1700
2455
3580
4829
1701
3069
3822
5112
1801
2411
3777
4904
1457
2350
4091
4889
1557
2694
3504
5089
1457
2813
3888
4705
1339
3029
3512
4990
1535
2727
3347
4921
1950
2331
3313
4143
1931
2921
4077
5115
1690
3008
3805
4494
1867
2561
3215
4676
1651
3039
4042
4411
1392
2119
3504
4494
1755
3035
3698
4997
1755
2421
3459
4384
1755
2630
3810
4636
1755
2800
3133
4861
1896
2818
3834
4335
1755
2800
3698
4132
1755
2818
3437
4459
1755
2941
4039
4285
1755
2818
3869
4549
1755
2800
3154
4629
1755
2985
3154
4335
1659
3022
3514
5015
1280
2249
4072
4434
1181
3022
3876
4875
1807
2255
3987
4414
1801
2544
3802
4494
1457
2628
3931
4696
1755
2925
3413
4272
1755
2883
3933
4876
1755
2983
3082
4526
1755
2567
3810
5056
1755
2936
3976
5089
1755
2064
3867
5029
1755
3022
4091
4734
1755
2567
4036
4132
1755
2717
3585
4881
1755
2557
3270
4835
1755
2085
3790
4906
1837
2850
3313
4496
1057
2574
3360
4200
