9217
9218
194
668
668
668
482
482
666
482
274
274
274
274
482
274
63
444
112
507
507
507
79
902
676
53
862
458
204
686
967
645
645
804
206
804
804
804
804
1003
804
804
804
804
804
804
125
804
804
804
313
765
279
202
97
800
800
23
948
52
52
666
666
666
274
274
274
274
276
507
274
63
444
111
507
518
79
36
988
82
568
458
48
686
967
645
645
804
808
804
804
804
804
804
1003
804
804
804
804
804
804
804
804
804
804
757
413
202
593
97
800
23
23
52
52
52
666
666
666
274
274
274
274
63
507
274
274
112
507
507
507
431
109
429
341
568
458
48
686
967
645
645
804
808
804
804
804
804
804
804
804
804
804
804
804
804
804
804
804
36
765
413
202
593
97
800
23
23
52
52
666
666
666
666
276
274
274
274
410
274
274
274
112
507
828
79
36
503
555
895
799
48
686
967
645
804
804
808
804
804
804
804
804
804
804
804
804
804
804
804
804
804
804
804
190
128
202
593
97
800
23
23
52
52
666
666
666
666
274
274
274
274
507
507
274
507
112
507
507
507
902
988
82
568
895
48
242
967
645
645
804
808
804
804
804
804
804
804
804
804
804
804
804
804
804
804
804
24
109
765
279
202
593
800
800
23
52
52
52
666
666
666
666
618
274
274
507
410
274
274
274
112
507
828
402
988
555
568
895
48
242
967
645
804
804
808
804
804
804
848
804
804
804
804
804
804
804
804
804
804
431
804
313
765
128
202
593
97
800
23
948
52
52
666
666
666
618
274
274
274
507
507
507
274
901
327
507
507
828
167
109
109
341
712
895
48
204
967
645
645
804
804
804
804
804
804
804
804
804
804
804
804
804
804
804
804
804
313
765
279
202
593
97
800
87
948
52
52
666
666
666
276
274
274
274
507
507
274
274
274
327
507
828
79
402
503
53
895
458
48
686
967
645
645
804
808
804
804
804
804
1003
804
804
804
804
804
804
804
804
804
804
804
334
128
279
593
97
800
23
23
52
52
666
666
666
666
274
274
274
274
507
901
274
901
111
507
828
507
222
36
429
82
895
458
48
686
967
645
645
804
808
804
804
804
804
804
804
804
804
628
141
922
749
749
542
842
121
128
279
202
593
800
800
87
948
52
666
848
666
666
274
534
