194
650
650
905
105
903
903
519
907
379
905
566
1021
848
36
650
34
905
1021
1021
36
503
82
909
799
908
908
908
343
650
34
198
952
952
580
907
379
905
324
1021
1021
36
650
650
34
324
1021
1021
36
499
559
961
97
660
584
113
650
34
105
903
903
19
53
909
799
908
908
908
343
247
650
34
952
952
580
580
676
609
909
908
908
908
343
650
34
198
952
952
580
580
907
379
905
80
566
1021
36
650
34
324
1021
1021
36
765
413
961
97
660
584
584
650
34
105
105
903
903
36
907
379
905
324
1021
1021
519
650
34
324
1021
1021
36
503
82
909
799
908
908
908
343
650
34
198
952
952
580
519
379
231
324
566
1021
848
664
650
34
324
1021
167
36
765
413
559
97
660
584
584
650
34
105
105
903
903
109
907
231
905
80
1021
1021
36
650
34
324
1021
1021
36
503
82
909
697
908
908
908
343
650
34
198
952
952
580
988
379
905
324
566
1021
36
119
650
34
324
1021
1021
36
128
413
961
97
660
584
113
650
34
105
903
903
903
519
379
231
905
618
1021
1021
988
650
34
324
1021
1021
190
53
909
799
908
908
908
343
650
34
198
952
952
580
988
379
231
324
566
1021
167
650
650
34
324
1021
1021
36
315
413
961
97
660
584
650
650
34
105
903
903
903
722
909
799
908
908
908
343
951
34
198
952
952
952
580
429
609
909
908
908
908
343
56
198
198
952
952
952
519
379
231
290
501
501
848
501
521
227
501
501
618
501
850
737
413
961
540
660
584
16
650
34
105
903
903
903
988
379
905
324
566
1021
36
650
34
905
1021
1021
1021
109
897
909
799
908
908
908
343
650
34
198
952
952
580
580
907
379
905
324
1021
1021
36
650
34
324
80
1021
36
499
413
961
97
660
584
113
650
34
105
105
903
276
36
907
379
905
324
1021
1021
519
650
34
324
1021
1021
36
503
82
909
799
908
908
908
343
650
34
198
952
952
580
988
379
231
324
566
1021
1021
119
650
34
324
1021
1021
36
499
413
961
97
660
584
113
650
34
105
105
903
903
519
379
231
905
566
1021
1021
650
34
905
105
1021
1021
36
897
82
799
908
908
908
343
650
34
198
952
952
952
580
907
379
905
324
566
1021
36
650
34
905
1021
1021
36
499
925
961
97
660
584
584
113
650
34
105
903
903
503
590
1699
2956
3876
4414
1653
2885
3662
4351
2023
2788
4077
5079
1878
3021
3558
4909
1755
2702
3116
4351
1561
2619
3928
4508
1487
2419
3893
4858
1049
2985
3690
4414
1561
2411
3698
4539
1803
2905
3987
4985
1748
2333
3862
5079
1628
2700
3901
4950
1087
2962
3498
5031
1878
2382
3788
4567
1127
2330
3510
4526
1127
3041
3764
4494
1561
3017
4077
4624
1049
2985
3473
4934
1487
3041
3950
5015
1487
3041
3674
4950
1049
2700
3727
5036
1561
2860
3966
4654
1419
2411
4006
4721
1686
2123
4060
4543
1755
2340
3897
4633
1561
2472
3790
4384
1843
2693
3674
5118
1049
2619
3690
4221
1419
2566
3777
4830
1843
2700
3674
4858
1363
2748
3891
4539
1419
2976
3498
4539
1419
3055
3690
4539
1657
2909
3193
4943
1238
2257
3419
4738
1683
2208
3585
4437
1878
2588
3649
4720
1878
2466
3348
5039
1878
2751
3126
4316
1754
2920
3345
4320
1535
2347
3718
4699
1535
2920
3904
4318
1583
2398
3251
4351
1392
3042
3675
4356
1535
2696
3577
4300
1561
2905
3965
4919
1755
2990
3585
4477
1959
2411
3690
4624
1300
2800
3585
4999
1995
2248
3965
4215
1777
2700
4079
4950
1300
2452
3904
4539
1903
2277
3107
4875
1087
3008
4077
4456
1878
2861
3215
4335
1512
2750
3979
5112
1755
2694
3928
4876
1561
2905
4006
4606
1843
2735
4006
4455
1843
2162
4006
5096
1843
3022
3901
4539
1049
2472
3509
4810
1561
2700
3690
4747
1496
3022
3747
5015
1087
2247
3796
5035
1535
3009
3897
4817
1487
3050
4088
4221
1049
2248
4054
4743
1300
2905
3901
4335
1419
2961
3530
4539
1843
3022
3824
4414
1496
2649
4077
4384
1419
2700
3904
5089
1419
2162
3284
4539
1522
2107
3551
4557
1688
2573
3581
4260
1992
2940
4031
4609
1132
2210
3872
4168
1031
2661
3294
4624
1699
2516
3736
5001
1164
2801
3526
4886
1298
2459
3613
4615
1181
2700
3498
4436
1924
2248
3893
4539
1087
2781
3165
4654
1755
3009
3880
4494
1959
2905
3965
5059
1561
2649
3283
4274
1561
2907
3893
4414
1252
2248
4039
4539
1843
2907
3504
4889
1049
2452
3909
4599
1748
2985
3398
5037
1686
2771
3614
4389
1644
2173
3430
4916
1385
3021
3381
4571
1878
2326
4024
4875
1878
2731
3352
5096
1535
2467
3424
4636
1385
2681
3410
4738
1535
2588
3706
4615
1825
2257
4091
4411
1635
2248
3690
4414
1701
2262
4053
4593
1931
3050
3933
4414
1218
2854
3256
4857
1755
3007
3585
4220
1561
2905
3982
4801
1959
2649
3896
4384
1903
2333
3952
4145
1959
2789
3719
5050
1843
2649
3504
4171
1300
2925
3951
4508
1723
3071
3725
4539
1903
2478
4077
4853
1571
2326
3220
4937
1745
2774
3743
4126
1385
2170
3576
5023
1878
2326
3966
4800
1814
2225
3623
4193
1878
2260
3446
4643
1830
2565
3662
4548
1812
2253
4073
4366
1485
2850
3662
5041
1635
2333
3352
4457
1690
2649
3428
5018
1535
3032
3830
4320
1822
3021
3940
4202
1690
3007
3300
4810
1561
2813
3413
4858
1895
2877
3142
4926
1959
2791
3901
4624
1300
2119
3623
4949
1777
2649
4077
4839
1349
2452
4077
4962
1087
2248
3890
4622
1878
2253
3854
4740
1512
3021
3802
4690
1755
2382
3126
4285
1755
2680
4006
5118
1561
2905
3398
4462
1487
2942
3924
4292
1843
2452
4043
4624
1049
2905
4054
4292
1561
2961
3690
4747
1419
2564
4006
4150
1755
2908
3284
4195
1218
2434
3558
4320
1561
2905
3498
5059
1843
3022
3940
5040
1843
2789
3504
4539
1419
2700
3690
4335
1419
2566
3940
4539
1419
2119
3498
4539
1419
2649
3690
5015
1419
2566
3777
4305
1189
2636
3159
5033
1234
2105
3795
4815
1192
2783
4077
4733
1280
2463
3574
4335
1581
2216
3893
4977
1404
2709
3360
4201
1324
2350
3552
5012
1298
2885
3704
4384
1981
2325
3398
4625
1815
2857
3952
4171
1535
2761
3811
4462
1755
2540
3951
4171
1700
3009
3498
5052
1561
2841
3183
4589
1419
2628
3690
4919
1843
2889
3504
4747
1419
2097
4061
4810
1419
2411
3764
4539
1803
2411
3893
4508
1252
2976
3965
4539
1686
2589
3083
4714
1878
2860
3506
4883
1755
2514
3802
4604
1700
2540
3965
4414
1561
2700
3082
4648
1843
2181
3764
4171
1843
3022
3690
4624
1419
2789
3970
4539
1419
2411
4006
4494
1803
3009
4009
4508
1087
2854
3979
4189
1755
2248
3984
4950
1561
2248
3819
4624
1561
2411
4008
4494
1419
2700
4072
4705
1419
2748
4006
5037
1419
2248
3940
4539
1419
2961
3777
4539
1419
2985
3782
4624
1363
2472
3725
4889
1419
2961
3777
4539
1657
3030
3378
4126
1584
2978
3739
4330
1878
2752
3251
5048
1878
2868
3365
5005
1878
2912
3142
5072
1984
2331
3428
4283
1535
2672
3623
4798
1812
2283
3382
5096
1583
2749
3551
4103
1755
3008
3887
4211
1087
2925
3839
4739
1755
3055
3195
4220
1457
2649
3613
4625
1959
2877
3585
4539
1903
2649
3413
5056
1690
2968
3966
4184
1895
3028
3585
4600
1300
2700
3231
4411
1777
3022
3929
4631
1723
3071
3736
5056
1903
2649
3933
4184
1168
2962
3962
4300
1755
2340
3970
4171
1755
2540
3690
4817
1397
3055
4039
4705
1843
2700
4054
4858
1843
3008
3284
5058
1561
2162
4008
4539
1843
2700
3965
4858
1843
2700
3504
4835
1803
2700
3987
5011
1419
2990
3965
4539
1064
3021
3107
4189
1561
2693
3747
4539
1561
3009
3585
4747
1843
2564
3504
4145
1843
2700
3504
5118
1419
2700
3940
4624
1419
2813
3603
4539
1419
2748
3725
4539
1419
2813
3904
4539
1499
2592
4006
4311
1189
2068
3796
4129
1125
2989
3662
4606
1192
2885
3386
4776
1280
2459
3356
4934
1780
2885
3966
4484
1851
2879
3715
4889
1324
2869
3777
4983
1924
2829
3268
4931
1807
2907
4042
5059
1087
2350
3888
4478
1485
3021
3107
4320
1561
2700
4042
4631
1561
2350
3928
4539
1349
3022
3891
4539
1843
2694
3782
4539
1349
2700
3950
4494
1419
3008
3966
4539
1252
2462
3764
4977
1419
2813
3868
4539
1087
2813
3498
4539
1878
2693
3126
4938
1127
2330
3952
4771
1561
2905
3976
4624
1561
2905
3690
4335
1049
2619
3935
4801
1843
3022
3237
4539
1419
2472
3690
4919
1049
2907
3260
4484
1419
2985
3782
4539
1419
2791
3747
4955
1878
2540
3929
4968
1755
2680
3603
4786
1561
2905
3690
4801
1843
2694
3095
4351
1049
2789
3690
4624
1843
2411
3690
5110
1049
2566
3725
4782
1363
2976
3498
4934
1419
2619
3858
4769
1363
2472
3725
4858
1203
2251
4068
4295
1586
2964
3126
4586
1683
2978
3998
4987
1878
2322
3770
4134
1385
2693
3251
4371
1878
2354
3754
4200
1535
2560
3970
4912
1635
2529
3740
5108
1535
2815
3839
4950
1824
3071
4053
4889
1519
2612
3111
4127
1535
2761
3885
4456
1218
3021
3839
4308
1755
3012
3778
4955
1959
2564
3890
4539
1300
2800
4094
4926
1700
2920
3869
4926
1589
3071
3819
4530
1349
2990
3951
4962
2035
2694
3987
4539
1777
2649
3447
4454
1878
2787
3811
4776
1512
3021
3940
4705
1755
2680
3952
4747
1959
2990
4006
5047
1487
2735
3736
4830
1561
2791
3804
4814
1843
2813
3690
4539
1419
2472
3940
4539
1561
2961
4079
4589
1419
2800
4006
5052
1419
2944
4006
4899
1878
2969
3288
4189
1561
2248
3896
4539
1487
2820
3690
4721
1843
2162
3504
5094
1419
2789
4079
4624
1419
3008
3398
4747
1843
2649
3504
4539
1419
2748
3750
4539
1419
2813
3725
4539
1419
2961
3940
4539
1306
2522
3746
4223
1125
2801
3719
4494
1331
2783
3502
4927
1051
2439
3715
4562
1103
2302
4008
4201
1192
2709
3965
4171
1181
2325
3870
4132
1924
2550
3268
4938
1807
2788
3165
5012
1653
2789
4088
4292
1535
3037
3897
4508
1822
3021
3467
4479
1561
2350
4077
4654
1700
2484
3506
5052
1903
2700
3914
5094
1628
2592
4009
5058
1419
2628
3951
5052
1456
3071
4088
4747
1803
2700
4052
4335
1858
2889
3725
4950
1425
3058
3145
4991
1512
2693
3410
4488
1397
3050
4053
4508
1561
2905
3802
4462
1843
2889
3777
5059
1843
3071
4088
4462
1843
3022
3473
4858
1049
2813
3891
4539
1843
2985
4006
5118
1419
2961
4006
4934
1878
2909
3307
4908
1755
2592
3603
4950
1561
2791
3437
4494
1843
2628
3498
4539
1419
2990
3970
4539
1843
2700
3782
4858
1419
2789
3987
4539
1419
2700
3690
4132
1419
2700
3750
4351
1374
2769
3193
4168
1586
2178
3241
4526
1683
2283
3232
5056
1814
2249
3142
4646
1878
2581
3783
4167
1814
2681
3839
4469
1878
2588
3335
4452
1535
2848
3740
4444
1485
3057
3175
4949
1867
3043
3585
4507
1523
2800
4032
4414
1535
3027
3342
4300
1397
3055
3585
4950
1755
2452
3673
5056
1959
2990
3870
4335
1959
3008
3924
4539
1959
2791
3335
4810
1903
2735
3950
4494
1300
2452
3413
5056
1903
2813
3251
4771
1777
2274
4077
5112
1425
2500
3438
4129
1218
2918
3410
4320
1755
2091
4008
4684
1755
2540
3270
4771
1561
2789
4006
4624
1457
3041
3690
4462
1487
2877
3725
4858
1487
2925
3673
4364
1843
2735
3603
4539
1419
2472
4006
4536
1686
2694
3819
4747
1755
3009
3915
4460
1561
2700
3777
4494
1561
2961
3498
4705
1049
2467
4039
4184
1419
2472
3725
4414
1419
2419
3603
4624
1419
2700
3698
4926
1049
2452
4087
4782
1419
2700
3901
4858
1087
2908
3558
4547
1066
2380
3558
5023
1483
2741
3806
5082
1992
2940
3737
4782
1132
2940
3745
4283
1201
2660
3300
4631
1188
2709
4007
5079
1103
2956
3504
4962
1298
2700
3495
5089
1659
2325
3673
4539
1535
2696
3107
4437
1807
2165
4077
4712
1457
2801
3613
4589
1561
2162
3526
4221
1843
2771
3704
4283
1803
2789
3107
5015
1843
2985
3965
4858
2023
2939
3893
4926
1803
2314
3674
4747
1748
2248
3690
4962
2013
2444
3796
4154
1584
2601
4068
4143
1535
2897
3867
4527
1878
2645
3358
4579
1878
2629
3623
4987
1065
2257
3585
4452
1583
2119
3715
4235
1535
2644
3843
4200
1535
3007
3585
4792
1755
2644
3447
4899
1218
3042
3348
4526
1755
3012
3613
4589
1959
2649
3300
4955
1561
2877
3498
5096
1959
2649
3307
5015
1995
2248
3901
4184
1959
2162
3585
4699
1911
2990
3782
4654
1300
2649
3951
4782
1723
3071
3736
4539
1515
3071
3933
4170
1349
2592
3904
5056
2013
2173
3262
4956
1385
2978
3138
4486
1878
2309
3389
4340
1412
2905
4056
5005
1878
2240
4065
4772
1984
2833
3649
5013
1351
3028
3623
5028
1535
2644
3839
4209
1583
2818
3413
5056
1485
3008
3142
5108
1755
2990
3403
4861
1755
3000
3777
4318
1931
2412
3824
4530
1959
2412
3740
4893
1959
2925
4042
4351
1959
2119
3901
4132
1959
2748
3940
4830
1959
2649
3839
4985
1843
3029
4077
4184
1090
2854
3410
4380
1878
2693
3261
5020
1818
3021
3778
4911
1535
2382
3933
4507
1878
2544
3843
4286
1365
2996
4041
4544
1573
2496
3607
4145
1573
2322
3557
4235
1535
2468
3398
4644
1878
2996
3242
4911
1365
2749
4033
4575
1573
2270
3608
4287
1535
3071
3674
4334
1535
2214
3456
4997
1573
2270
3989
4897
1535
2270
3085
5007
1485
2537
3142
4539
1535
3071
3862
4911
1359
2557
3506
5037
1818
3021
3504
4801
1535
2946
3299
4662
1535
3071
3817
4378
1256
2430
3712
4509
1025
3031
3319
4129
1192
2200
3574
4650
1103
2088
3104
5040
1192
2255
3495
5050
1816
2869
3500
5050
1324
2855
4088
5105
1298
2459
3880
4705
1181
3071
3782
4539
1801
2255
3887
4771
1755
2709
3971
4606
1959
2350
3777
4539
1561
2135
3901
4705
1561
2411
3454
4311
1349
2700
3690
4977
1561
2996
3704
4820
1049
2628
3982
4747
1049
2628
3987
4799
1903
3000
3987
4384
1803
2592
3690
4934
1878
2382
4068
4965
1535
2270
3555
4714
1755
2091
3928
4477
1561
2946
3439
4919
1561
2700
3698
4508
1049
2985
4088
5059
1561
3012
3690
4747
1252
2700
3970
5118
1487
2889
4091
5015
1087
3009
3725
4184
1535
3032
3498
5003
1561
2905
3449
4335
1561
2857
3970
4747
1561
2972
3727
5059
1843
2789
3506
4636
1843
2961
3504
5059
1049
3055
3940
4747
1419
2566
3498
4539
1419
2748
3690
4539
1499
2472
4009
5015
1495
2264
4023
4126
1586
2635
3592
4363
1683
2429
3979
4701
1878
2629
3251
4328
1878
2344
3916
4974
1343
2646
3410
4560
1878
2608
3471
4106
2014
2850
3191
4180
1535
2275
3890
4166
1535
2724
3952
5056
1755
2800
3932
5041
1755
2300
3176
4282
1959
2333
3777
4422
1755
3041
3924
4955
1959
2990
3603
4784
1690
2452
3690
5056
1300
2793
3951
4539
1300
2700
3674
4170
1991
3071
3623
4539
1903
2791
3585
4539
1777
2274
3623
4950
1686
2540
4060
4494
1573
2693
3555
4347
1755
2946
4045
4125
1397
3017
3970
4364
1487
3009
4079
5036
1843
2735
3603
4589
1561
3017
3901
4334
1561
2649
3698
4494
1561
2694
3952
4539
1049
2700
3690
4955
1659
2798
3715
4587
1878
2368
3558
4909
1561
2696
3585
4161
1049
2905
3736
4624
1843
2649
3504
4589
1419
3022
3690
5015
1419
2472
3778
4720
1843
2961
3504
4539
1419
2452
3690
4539
1419
2813
4072
4539
1066
2147
3083
4230
1483
2216
3186
4457
1992
2940
4085
4911
1641
2210
3783
5052
1201
2829
3727
4414
1970
3069
3872
4754
1324
2885
3965
4899
1298
2788
4009
5089
1685
2889
4077
4871
1815
2700
4008
5114
1535
2854
3989
4767
1755
2063
4055
4589
1397
2289
3237
4305
1903
3022
4009
4589
1049
2119
3690
4539
1843
2985
3940
4539
2023
2789
3893
4889
1419
2889
3690
5015
1748
2248
3966
5110
1419
2748
3891
4858
1454
2248
4039
5079
1425
3058
3897
4916
1755
2514
3413
4175
1701
3022
4085
4715
1959
2412
4008
5097
1843
2564
3504
4926
1561
3008
3869
4508
1419
2700
3966
4305
1843
3022
3727
4858
1419
2472
3935
4835
1419
2411
3777
4830
1878
2969
3843
4456
1561
2248
3231
4335
1561
3022
3970
4747
1561
2694
3690
4221
1748
3022
3782
4494
1419
2472
3928
4384
1363
2472
4061
4950
1049
2411
3725
4539
1419
2700
3690
5015
1419
2961
4006
4221
1495
2264
3538
4936
2030
2804
3483
4653
1683
3047
3943
5028
1878
2751
3539
4594
1385
2529
3870
4444
1683
3011
3442
4690
1359
2724
3208
4184
1535
3028
3396
4815
1626
2990
3885
4599
1535
3038
3381
4780
2046
2791
3264
4795
1535
2754
4032
4805
1755
2920
4039
4953
1755
2990
3699
5056
1959
2649
3940
4950
1959
2990
3933
4546
1801
3012
3893
4926
1300
2791
4077
4184
1959
2990
4072
4747
1300
2452
4052
4539
1456
2248
4072
4132
1671
3021
3258
4836
1365
2468
3116
4304
1755
2946
3965
4855
1397
2946
4054
4938
1843
2693
3839
4654
1843
2162
3504
4462
1843
2813
3965
4292
1561
2649
4006
4543
1487
3050
3690
5015
1843
3055
3504
4462
1843
2748
4006
4589
1878
3032
3623
4848
1822
3021
3449
4985
1561
2848
3924
4705
1843
2735
3777
4830
1419
2944
3585
4830
1419
2472
3940
4684
1419
2472
3674
4539
1049
2748
3613
4351
1419
2813
3725
4539
1686
2511
3715
4867
1084
2191
3971
4873
1631
2141
3104
4733
1231
2258
3796
4487
1031
2171
3578
5050
1641
2210
3325
4414
1331
2885
3398
4652
1404
2514
3560
4939
1324
2514
4006
4977
1700
2638
4042
4539
1807
2801
3966
4320
1878
3032
3811
4938
1561
2905
3802
4624
1700
2694
3104
4335
1843
2889
4077
4292
1843
2411
3504
4462
1349
2619
3719
4539
1419
2649
4006
5015
1252
2248
3965
4889
1419
2813
3750
4853
1300
2908
3891
4782
1425
3058
3145
4991
1512
3021
4075
5036
1561
2905
4006
5052
1561
2700
3970
4817
1843
2628
3674
4539
1843
2700
3940
4858
1049
2411
4006
4221
1487
3041
3690
5052
1843
2411
4006
4801
1419
2889
4006
4589
1878
3037
3810
4189
1561
2248
3449
4508
1561
2985
3300
4705
1419
2628
3891
5015
1419
2411
3940
4351
1561
2694
4006
4589
1419
3055
4006
4170
1419
2889
3750
4539
1419
2700
3782
4858
1499
2700
3777
5052
1066
2107
3427
4557
1592
2774
3341
4356
1385
2590
3898
4137
1878
2394
3164
4407
1814
2122
3238
4646
1695
2912
3410
4203
1535
2672
3191
4184
1359
2331
3216
4714
1485
3034
3107
4763
1351
2939
3251
4684
1732
2076
3702
4368
1755
2791
3970
4444
1755
3050
3690
4810
2035
2700
3585
4508
1561
2813
4054
4414
2035
2649
3585
4792
1903
2791
4053
4810
1659
2968
3530
4106
1903
2649
3585
4589
1349
2612
4077
5059
1087
2249
3904
4145
1878
2693
3126
4458
1062
2330
3289
4338
1755
3028
3940
4157
1822
2700
3777
4494
1561
2162
3862
4801
1457
2456
3284
4175
1843
2700
3498
4414
1843
2813
3498
4539
1561
2694
4079
4539
1843
2412
4039
4414
1087
2976
3819
4530
1218
3009
3410
4938
1561
2905
3940
4508
1115
3022
3300
4705
1419
2700
3966
5058
1049
2091
3585
4747
1419
2789
3498
4747
1419
2452
3690
5015
1419
2649
4054
4171
1066
2676
3682
4572
1483
2216
3186
4306
1031
2200
3608
4206
1231
2297
3410
4927
1201
2829
3780
4940
1970
2255
3345
4538
1324
2885
3813
4414
1298
2459
3509
5052
1181
3071
4077
5114
1700
2889
3268
4414
1807
2791
3824
4539
1561
2350
3673
4539
1359
2418
4068
4743
1755
3069
3303
4739
1561
2412
3555
4422
1843
3022
3966
4875
1049
2883
3690
4889
1843
2700
3673
4955
1349
2255
3509
4861
1419
2748
3498
4539
1419
2649
3782
4539
1566
2173
3378
4904
1105
2321
3558
4122
