1012
277
613
205
461
482
914
680
947
84
123
355
540
205
414
914
914
680
315
279
262
540
414
414
414
914
680
673
53
895
535
326
44
80
68
492
401
94
682
447
447
20
859
20
859
629
521
521
629
662
662
662
662
629
662
776
785
748
629
662
629
257
527
145
850
737
70
355
540
205
414
281
680
680
661
942
895
535
44
516
146
550
21
685
991
17
17
550
550
965
816
244
685
118
551
354
667
667
244
222
222
452
401
41
694
447
728
859
859
20
889
629
521
223
550
739
662
629
662
629
850
897
568
895
535
516
146
68
632
121
401
41
262
540
205
414
414
135
553
685
776
17
410
802
410
244
244
222
264
315
942
895
535
326
44
68
632
68
991
991
17
1010
74
438
74
244
693
264
672
354
550
550
438
965
916
452
547
704
355
540
205
276
281
680
680
861
588
277
255
205
414
914
914
914
914
5
5
17
461
802
438
74
438
693
401
279
202
613
205
914
914
914
461
753
991
753
1010
802
965
780
438
416
673
53
895
535
535
44
516
146
68
816
991
84
354
438
438
438
244
222
693
264
672
989
354
667
965
816
244
527
691
123
704
540
205
414
281
680
680
861
588
277
255
414
914
16
914
940
606
5
913
309
931
707
438
244
438
693
128
279
262
540
205
914
914
914
940
685
5
17
410
802
802
816
244
693
83
82
568
895
535
44
44
146
68
21
685
991
17
965
816
965
816
965
693
264
672
444
667
667
550
74
965
693
547
287
355
540
205
414
281
680
680
947
572
236
682
447
447
859
859
859
929
340
5
662
629
662
662
629
662
629
850
791
834
629
461
629
149
145
527
145
227
785
953
145
375
257
145
527
121
118
368
107
667
630
542
80
965
550
685
785
227
1010
74
990
125
965
438
167
737
236
277
467
467
414
702
52
553
889
5
453
550
943
802
739
739
943
802
748
785
17
63
223
419
104
244
153
93
153
93
93
104
93
153
403
153
409
791
834
419
419
104
888
153
888
153
549
153
153
153
153
153
372
403
644
505
588
62
467
255
702
889
914
889
691
236
970
540
205
414
504
553
135
409
435
834
275
275
275
275
275
275
275
275
275
275
275
275
275
275
275
902
212
791
275
275
24
275
275
275
275
275
275
275
275
901
275
275
534
1327
2252
3986
4553
1755
2781
3994
4829
1755
2801
3909
4937
1755
2360
3464
4363
1755
2746
3782
4925
1755
2907
3385
4695
1397
2105
4094
5094
1457
2905
3327
4522
1457
2905
3467
4795
1457
2918
3154
4184
1755
2824
3623
4829
1755
2054
3802
4924
1127
3041
3552
4860
1397
3022
3893
4285
1218
2908
3870
4937
1700
2693
3868
4589
1521
2869
3634
4937
1652
2412
3410
4589
1457
2972
3545
4905
1659
2459
4053
4151
1755
2949
3890
4331
1755
2972
3268
4732
1755
2746
4053
4924
1397
2918
3876
4431
1127
3041
3508
5096
1755
2985
3931
4306
1175
2054
3104
4695
1397
2567
3094
5096
1735
3021
3664
4219
1280
2885
3437
4295
1694
2493
3698
4346
1261
2660
3698
5059
1807
2787
3727
4824
1457
2905
3802
4283
1700
2411
4077
5056
1755
2841
3600
4432
1127
2619
3698
5105
1700
2529
3931
4151
1755
2748
3600
4747
1755
2985
3600
5025
1457
2905
3802
5108
1457
2214
3880
4695
1486
2123
3318
4468
1947
2331
3710
4508
2003
2292
4077
4339
1755
2649
3623
4494
1755
3071
3904
4589
1127
2813
3237
4747
1457
2905
3690
4889
1561
2791
3966
4536
1127
3041
3891
4924
1959
3043
3450
4539
1049
2248
3802
5037
1561
2883
3600
4852
1457
2976
3600
5025
1912
2984
3991
4414
1912
2126
3454
4436
1327
2467
3712
4463
1327
2088
3238
4684
1520
2257
3850
4875
1964
3064
3208
4801
1327
2459
3195
4211
1062
2479
3510
4159
1327
2289
4075
4537
1520
3021
3862
4274
1755
2316
3104
4844
1520
2322
3597
4478
1755
2463
3929
4701
1261
2459
3625
4983
1327
2844
3944
5039
1261
3021
3988
4264
1062
2996
4006
4552
1261
2470
3819
4159
1397
2248
3148
4184
1261
2905
3473
4520
1755
2905
3307
4860
1077
2314
3810
4357
1077
2052
4083
4860
1077
2091
3944
5093
1261
2091
3530
4277
1261
2693
3928
5097
1127
2340
3685
4771
1755
3071
3300
4705
1755
3071
4006
4494
1755
2091
3506
4150
1755
2331
4041
4530
1755
2316
3506
4150
1261
2470
3410
5056
1077
3041
3585
4823
1077
2976
3783
4961
1127
2976
3300
4414
1127
2976
3603
4456
1755
2928
3623
4876
1397
2470
3810
4589
1127
3017
4006
4817
1755
2905
3623
5052
1457
2976
3300
4494
1127
2976
3736
4486
1127
2972
3698
4514
1638
2255
3802
4670
1284
2257
3195
4250
1457
2109
3819
4150
1457
2949
3300
4839
1261
2764
3966
4270
1457
2829
3231
4589
1659
3066
3929
4494
1801
2693
4006
4397
1397
2412
3843
4318
1457
2608
4043
4536
1127
2985
3698
4983
1397
2289
4006
4934
1457
2619
3810
4795
2013
2551
3718
5021
1874
2214
3937
4217
1535
3034
3557
5094
1755
2787
3904
4488
1755
2452
3870
4175
1755
2976
3307
4335
1755
2260
3698
5012
1755
2694
3119
4771
1755
3022
3931
4705
1755
2972
3600
4747
1755
2928
3450
4315
1701
2700
3931
4961
1755
2694
3600
4351
1127
2996
3504
4119
1755
2860
3824
4924
1457
2905
3929
4695
1755
2694
3909
4695
1755
2889
3690
4946
1457
2972
3600
4456
1755
2694
4006
4924
1457
2976
3933
4695
1457
2215
3885
4950
1457
2434
3933
4924
1457
2818
4094
4335
1127
3041
3300
4431
1457
2567
3613
4335
1457
2567
3824
4739
1127
2330
3698
5089
1127
3041
3725
4924
1218
2969
3662
4925
1959
2800
3925
4494
1397
2567
3690
4924
1127
2419
3698
4705
1300
2905
3778
4924
1755
2609
3925
4924
1457
2972
3928
4259
1127
3041
3885
4285
1561
2905
3498
4351
1959
3009
3623
4335
1457
2054
3437
4431
1457
2628
3142
4695
1300
2333
3300
5108
1677
2297
3597
4665
1410
2883
3126
5080
1755
2309
4052
5108
1985
2161
3855
4478
1755
2105
3928
4364
1755
2206
3656
4782
1626
2528
3909
4453
1755
2331
3387
4319
1261
2170
3872
4877
1261
2529
3966
4961
1755
2382
3623
5102
1755
2331
3540
4820
1512
2693
4006
4949
1261
2844
3540
4414
1755
3022
3929
4839
1261
2257
3095
4276
1755
2693
3153
4357
1755
3022
3388
5093
1261
2628
3909
4414
1755
3005
3195
4285
1261
3022
3231
4381
1755
2608
3300
4705
1755
3022
3925
5059
1127
2905
3728
4431
1755
2928
3437
4508
1261
2470
3410
4456
1457
2248
3802
4985
1755
2048
3398
5031
1846
2845
3905
5068
1597
2861
4069
4263
1800
2181
3623
5001
1755
2762
3834
4492
1127
2340
3698
4281
1127
2419
3885
4624
1755
2260
3270
4705
1127
2976
3585
4537
1127
2905
3928
4899
1397
2419
3504
4950
1397
3022
3133
4743
1397
2884
3623
4335
1127
2976
3530
4858
1561
2905
4006
4175
1638
2457
3843
5079
1284
2516
3653
4747
1801
2439
3300
5020
1521
2484
3802
4397
1457
2350
3585
4168
1801
2788
4006
4334
1807
2109
3300
4414
1659
2350
3909
4743
1457
2985
3095
4494
1700
2459
3690
4747
1659
2905
3623
4296
1700
2905
3929
4983
1397
2289
3530
4934
1457
2976
3195
4137
1300
2976
3300
4589
1397
3022
3929
4949
1457
2884
3231
5114
1397
2976
3802
4858
1487
2619
3504
4927
1700
2694
3504
4119
1397
2567
3585
4895
1843
2976
4077
5112
1959
2905
3810
4875
1561
3008
3802
4747
1487
2976
4091
4875
1700
2181
3690
4625
1561
2889
3909
4414
1959
2260
4077
4313
1573
2480
3314
5088
1745
2716
3348
4993
1800
2465
3413
4937
1218
2813
3740
4414
1755
2925
3929
5050
1397
2452
3777
4364
1755
2813
3623
4705
1561
2628
3867
4985
1700
2470
3450
4705
1959
2813
3929
4705
1561
2628
3450
4119
1561
2628
3585
4296
1300
2971
3530
4924
1561
2628
3928
4695
1457
2628
3928
4695
1049
2419
3698
4508
1959
2628
3690
4414
1561
2557
3928
4221
1561
2905
3552
4296
1300
3022
3585
4782
1561
2628
3909
5058
1049
2789
3600
5015
1049
2419
3802
4589
1959
2628
3825
4414
1561
2976
3600
4150
1049
2248
3725
4924
1561
2996
3335
4364
1561
2628
3690
4508
1261
2969
3523
4494
1049
2628
4077
4924
1700
2628
3869
4924
1300
2905
4039
4184
1995
3071
3690
4494
1959
2552
3909
5105
1300
2905
3674
4705
1959
2972
4077
4924
1300
2905
3802
4184
1300
2905
3802
5056
1911
3022
4077
4184
1561
2976
3623
4285
1049
2905
3585
4771
1594
2528
3802
4713
1298
2255
3552
4970
1561
2907
3437
4484
1815
2404
4053
5052
1334
3071
3600
4945
1300
2528
3891
4705
1349
3066
3804
4710
1300
2985
3802
4747
1843
2411
3504
5114
1300
2907
3824
4184
1653
3022
3782
5059
1349
3071
3933
4184
1300
2996
3377
4861
1977
2869
3428
4625
1860
2879
3909
4938
1064
2958
3440
4175
1801
2693
4006
5059
1755
2788
3327
4680
1755
2869
3778
4695
1755
2985
3450
4691
1700
2257
3601
4739
1659
2529
3802
4705
1755
3042
3623
5059
1755
2824
3585
4792
1755
2920
3966
4924
1457
2567
3613
4962
1755
2557
3440
5077
1755
2384
3600
4947
1457
2789
3783
4285
1959
2419
3802
4539
1755
2694
3600
4911
1959
2905
3600
4305
1959
3022
4077
5069
1561
2905
3942
4695
1457
2789
3623
5094
1959
2567
3802
4985
1959
2333
3843
4695
1127
3041
3600
5059
1959
2567
3335
4459
1690
3022
3802
4589
1457
2996
3623
4494
1300
2905
3552
4508
1912
2756
3401
4581
1986
2781
3986
4568
1835
2088
3271
4179
1755
2949
3388
5090
1755
2119
3966
4961
1284
2552
3581
4695
1664
2940
3634
4695
1755
2462
3526
4162
1700
2693
3447
4522
1755
2907
3450
4349
1755
2412
3552
5094
1755
2857
3802
4875
1755
2972
3623
4354
1755
2608
3802
4905
1755
2054
3600
5108
1127
2628
3990
4695
1755
2628
3802
5059
1959
2567
3450
4387
1127
3041
3890
4670
1755
2770
3552
5056
1127
2161
3880
4119
1127
2800
3154
4536
1755
2968
3931
4924
1959
2800
3690
4539
1755
2972
3600
4911
1755
2214
3665
4953
1700
2976
4039
5118
1516
2798
3464
4843
1586
2201
3300
4167
1597
2552
3366
4656
1755
2284
3924
5056
2003
3021
3251
5057
1755
2478
3674
5031
1755
2694
3802
4560
1959
2813
4077
4305
1457
2649
3599
4364
1457
2462
3662
4357
1457
2452
3585
4695
1049
2976
3300
4197
1049
2248
3778
4414
1300
2248
4053
4508
1127
3041
3778
4184
1049
2452
3413
4924
1261
2969
3662
5033
1049
3009
3300
4536
1561
3022
3437
4771
1959
2412
3940
4852
1300
2789
3300
4934
1457
2860
3613
4695
1561
2972
3300
4414
1959
2567
3674
4184
1300
2412
3585
5118
1049
2248
3802
4184
1300
2905
3890
4508
1049
2248
3690
4414
1561
2972
3300
4858
1327
2839
3300
4276
1843
3042
4077
4747
1561
2905
3802
4305
1127
2419
3673
4924
1457
2789
3931
4494
1457
2818
3931
4494
1397
2628
3450
4949
1561
2818
3450
4119
1457
2976
3585
4695
1561
2693
3698
4184
1843
3022
3600
5056
1843
2462
3450
4539
1300
2540
3690
4494
1300
2905
3802
4705
1638
2463
4008
4488
1298
2905
4056
4436
1457
2455
3673
4494
1815
2693
3360
4201
1659
2360
3450
4659
1457
2964
3966
4695
1981
2567
3893
4771
1653
2619
4077
4313
1959
2567
3704
5025
1807
3022
3585
4695
1903
2693
3623
4318
1700
3041
3802
4705
1211
2781
4056
4184
1404
3069
4093
4497
1064
2958
3676
4354
1521
2257
4053
4911
1261
2608
3504
4695
1284
2257
3950
4589
1755
2445
3623
4924
1755
2350
3335
4665
1457
2097
3623
4494
1755
2907
3802
4215
1755
2889
3600
4436
1755
2824
3154
4924
1397
2788
3802
4924
1755
2226
3307
4695
1700
2918
4077
5096
1755
2608
3600
4431
1755
2411
3865
5112
1557
2857
4077
4610
1755
2649
3078
5095
1755
2384
3613
4810
1397
2918
3940
4924
1755
3041
3933
4508
1457
2976
3931
4184
1457
2419
3824
4695
1127
2976
3888
4503
1690
2920
3802
4934
1959
2567
4077
5059
1457
2608
3662
5118
1755
2384
3890
4695
1056
2118
3932
4274
1813
2171
3300
4414
1896
2693
3387
4875
1521
2557
3780
4544
1659
3022
4077
4821
1755
2746
3868
4436
1755
2907
3778
4744
1788
2463
3450
4346
1801
2565
3934
4497
1807
2905
3597
4351
1755
2889
3802
5089
1755
2824
3380
4364
1755
2694
3802
4924
1127
3009
3698
5118
1755
2350
3600
4747
1755
3042
3802
4184
1700
2462
3928
4414
1755
2694
3893
4695
1127
2976
3552
5112
1690
2905
3327
4305
1690
2905
4056
4705
1457
2419
3154
4459
1127
3041
3690
4927
1127
3041
3890
5096
1959
2567
4077
4184
1755
2694
3931
5056
1457
2544
3940
4771
1175
2905
3778
4924
1066
2786
3817
4937
1346
2137
3796
4286
1830
3021
3639
4184
2003
2529
3288
5029
1755
2249
3307
4695
1755
2478
3802
4184
1755
2694
3952
4305
1755
2544
3498
4747
1457
2990
3662
4539
1397
2567
3778
4924
1755
2462
3698
5112
1755
2928
3869
5112
1755
2920
3450
4460
1457
2905
4091
4407
1457
2905
3585
4695
1755
2419
3802
4354
1843
2333
3307
4971
1397
2856
3585
5077
1755
3000
3802
4771
1690
2693
3388
4949
1127
3041
3890
4331
1457
2824
3690
4625
1127
3041
3940
4924
1959
2905
3909
4307
1755
2802
3600
4701
1561
2800
3940
4695
1127
3041
3810
4924
1457
2462
3662
4695
1520
2208
3762
4318
1959
2628
3909
4442
1127
3041
3885
4150
1397
2567
3802
5036
1755
2802
3698
5112
1755
2215
3435
4924
1959
2567
3925
4453
1457
2419
3613
4705
1127
3041
3885
4589
1959
3071
3764
4695
1959
2567
3950
4184
1127
3041
3552
4747
1561
2818
3600
4875
1188
2619
4077
5089
1807
3066
3527
4739
1659
2105
3335
4695
1457
2126
3335
4695
2023
2248
3327
5050
1659
2801
3802
4771
1801
2940
4053
4431
1457
2972
3698
4184
1561
2788
3802
4119
1457
2694
4053
5108
1049
2248
3802
4414
1300
2829
3804
5059
1349
3022
3843
5089
1300
2985
4053
4508
1300
2462
4077
4924
1855
2303
3502
4783
1390
2516
3339
4670
1557
3064
3662
4625
1755
2297
3766
4791
1535
2395
3872
4196
1261
2459
3943
5079
1062
2781
3990
4735
1755
2787
3094
4972
1261
2619
3502
4414
1261
2528
3444
4170
1755
2109
3925
4541
1755
2255
3865
4354
1261
2181
3623
4414
1755
2749
3860
4561
1755
2260
4006
4795
1964
2905
3307
4447
1755
3064
3925
4615
1261
2905
3925
4625
1397
3022
3929
4196
1755
2928
3300
5093
1755
2829
3909
4747
1261
2905
3585
4743
1755
2608
3623
4877
1077
2419
3585
4357
1755
2181
3486
5025
1261
2257
3585
4150
1127
2314
3603
4583
1261
2470
4077
5036
1218
2815
3608
4972
1261
3021
3940
4924
1127
2181
3736
5037
1261
2257
3273
4305
1397
2976
3413
4985
1261
3021
3928
4875
1127
3044
3928
4351
1397
2470
3585
4351
1127
2976
4006
4876
1755
3022
3843
4589
1127
2419
3252
4456
1755
2540
3327
4150
1127
2095
3890
4539
1397
2567
4006
4305
1127
2398
4006
4559
1755
3044
3540
4817
1487
2248
3914
4494
1397
2289
3928
4459
1755
2694
3870
4225
1397
2289
3931
4961
1397
2976
3719
4784
1561
2905
3955
4771
1457
2905
3843
5056
1127
2857
3940
5036
1843
3022
3690
4494
1561
2905
3928
4364
1127
2976
3530
4782
1822
2694
3796
4357
1755
2565
3698
4492
1457
2119
3613
4589
1397
2789
3890
4662
1397
2920
4053
4184
1561
2976
4006
4397
1561
2905
3928
5112
1755
2608
3804
4318
1397
2470
3690
4335
1959
2905
3929
5089
1127
2976
3552
4119
1049
2248
3552
4539
1457
2119
3613
4771
1457
2608
3928
4771
1487
2253
3335
5093
1843
3022
3530
4875
1561
2905
3928
4335
1561
2700
3909
4961
1487
2789
3698
4950
1457
2976
3613
4200
1959
2608
4042
4771
1561
3022
4077
4985
1843
2567
3928
4414
1843
3022
3810
4414
1959
2905
3802
4875
1300
2905
4039
5096
1300
2905
3810
4335
1049
2789
3778
5015
1049
2976
3843
5050
1049
2976
4088
4150
1408
2958
3478
4891
1769
3021
3422
4911
1327
2677
3731
4755
1327
2869
3931
4949
1755
2088
3095
4220
1755
2314
4008
4220
1755
3026
3772
4911
1755
2411
3387
4220
1397
2350
3603
4378
1397
2206
4042
5094
1397
2109
3704
4663
1659
2905
3928
4983
1397
2419
3942
4549
1397
2788
3398
4985
1397
2889
3335
4318
1397
2350
3154
4351
1659
2905
3802
4625
1397
2976
3928
5094
1843
2700
3893
4414
1397
2889
3778
4184
1397
2148
3933
4296
1561
2905
3585
4934
1843
2789
4077
4335
1487
2789
4053
4858
1397
3050
3802
4934
1843
2411
4077
4858
1843
2700
3783
4934
1843
2700
3623
5114
1843
2700
3802
4414
1363
2248
3750
4414
1049
2411
3552
5118
1843
2818
3504
4305
1487
2619
4091
4985
1843
2694
4077
4132
1419
2472
4006
4934
1928
2985
4008
5089
1049
2976
3725
4589
1928
2592
4053
5110
1419
2961
3802
4771
1803
2976
3802
5096
1928
2592
3498
4934
1499
2567
3928
5015
1499
2889
4009
5015
1928
2592
4009
5059
1419
2976
3690
5012
1499
3022
3778
4539
1499
2472
3783
4747
1499
2976
3891
4771
1419
2961
3690
4335
1499
2472
3725
4837
1419
2889
3914
4335
1928
2694
3782
4950
1499
2472
3690
4962
1419
2567
3928
4747
1879
2248
3108
4589
1397
2411
3676
4858
1397
2567
4039
4895
1363
2905
4088
4858
1879
3022
3893
5114
1499
2976
3858
5015
1879
2748
3725
4539
1499
2961
3858
5015
1499
2985
3108
4589
1499
3022
3725
4962
1499
2472
3725
5114
1499
2961
3725
4962
1879
2567
3725
5059
1499
2472
3940
4962
1499
2472
3690
4837
1879
2248
3782
4858
1499
2985
3108
4589
1499
2592
3725
4769
1879
2248
3858
5052
1499
2961
3108
5089
1879
2592
3782
4934
1879
2592
3891
4934
1879
2592
3108
4837
1859
2472
3725
4837
1499
2592
3108
4962
1879
2592
4009
4934
1499
2592
3858
4962
1499
2961
3108
4962
1798
2771
3676
4710
1037
2908
3104
4927
1573
3021
3440
4720
1327
2989
3450
4422
1218
2270
3208
4651
1755
2905
3340
4795
1755
2126
3970
4220
1327
2608
3604
4357
1397
2248
3161
4235
1561
2700
3450
4478
1397
2314
3942
4663
1397
2619
3508
4357
1755
2860
3104
5094
1397
2350
3824
4624
1397
2248
3504
4305
1931
2619
3216
5086
1860
2940
3182
4220
1181
2150
4077
4132
1397
2985
3704
5029
1397
2097
3450
5031
1659
2484
4077
4184
1397
2949
4093
5027
1700
2484
3502
5017
1561
2788
4077
4905
1843
2801
3890
4220
1397
2411
3673
4983
1487
2135
3736
4318
1561
2788
3598
4747
1487
2350
3890
4318
1843
2985
4077
4175
2023
2905
3802
4351
1363
2889
3750
4858
2041
2411
3858
4311
2043
2788
3824
5015
1900
2325
3750
5118
2041
2411
4061
5015
1900
2748
3108
4837
1130
2788
3782
5052
1130
2350
3891
4769
1762
2472
3108
4962
2041
2788
3782
4837
1900
2907
4061
4962
2041
2694
3725
5052
1762
2411
3108
4934
1130
2889
3782
4769
2041
2411
3824
5052
1762
2889
3108
4962
1762
2788
3782
5052
1130
2961
3891
4837
1762
2472
3891
4934
1130
2985
3750
5118
1762
2907
3893
4962
1130
2350
3987
4889
1432
2472
3893
5052
1432
2566
3858
4837
1432
2566
3108
4837
1419
2905
3690
5012
1843
2905
3928
4539
1363
2976
3750
5052
1762
2907
3782
4311
1432
2889
4061
4311
1432
2961
4061
4311
1432
2985
3858
5015
1432
2472
3108
4962
1432
2985
3858
5015
1432
2472
3858
4769
1432
2566
3782
4837
1762
2592
3891
4769
1432
2889
3858
5015
1432
2566
3858
4837
1432
2472
3108
4962
1432
2472
3893
4837
1432
2985
3858
4837
1432
2566
3108
4837
1432
2566
3108
4962
1762
2566
3108
4934
1432
2566
3108
4837
1432
2566
3108
4837
1432
2566
3108
4962
1432
2350
3108
5114
1432
2985
3108
4837
1432
2566
3108
4837
