306
421
175
138
47
996
175
423
866
707
76
68
632
965
452
401
704
355
540
1022
450
62
62
255
151
702
889
929
889
739
453
606
453
606
15
870
776
630
476
498
476
852
852
401
131
62
467
255
728
702
889
135
889
739
453
739
453
739
218
739
662
498
619
852
15
870
331
550
630
496
21
734
125
852
673
278
309
423
47
421
175
423
866
76
76
21
438
492
673
361
309
423
47
421
175
535
866
497
68
632
68
553
547
287
355
540
1022
644
450
704
540
205
414
914
914
914
7
606
5
606
410
852
15
870
331
630
802
496
476
431
852
711
421
175
423
538
805
196
444
354
550
438
410
438
780
244
452
70
704
540
1022
483
661
862
535
326
497
516
68
632
632
606
785
785
953
965
15
435
138
965
965
965
965
816
965
693
191
175
423
866
47
421
175
423
866
707
76
68
965
74
693
996
191
309
423
47
191
175
423
866
76
76
806
806
438
55
549
549
55
403
403
435
549
494
55
55
494
403
313
401
588
277
467
859
859
859
52
135
859
7
7
606
410
169
169
313
996
175
309
423
401
450
62
467
859
859
859
52
859
859
553
5
169
169
822
1020
662
629
662
431
629
629
169
452
401
588
588
467
728
859
859
859
859
553
859
629
63
481
451
619
966
996
175
423
646
978
644
450
277
255
255
52
606
453
135
453
606
453
606
816
606
476
965
227
965
230
965
317
498
816
965
230
84
1020
498
317
477
477
965
816
816
965
438
965
816
125
93
494
693
340
408
309
931
693
711
847
1020
667
477
431
477
21
816
244
816
549
549
965
244
104
549
125
93
494
93
153
125
403
264
822
158
641
477
542
477
125
477
477
618
549
477
477
169
169
195
408
309
423
80
707
196
834
419
477
477
477
125
244
494
313
118
870
419
403
403
318
834
125
630
74
916
916
104
403
711
822
331
354
630
15
822
331
630
74
916
916
916
916
403
313
996
175
423
538
758
15
672
331
630
542
916
916
916
916
780
549
549
916
916
403
15
84
354
125
916
916
916
104
403
403
15
822
989
641
431
916
916
916
916
916
916
916
916
916
916
403
313
191
175
423
538
758
15
672
331
641
542
21
916
916
104
313
15
870
354
630
313
822
158
354
340
542
916
916
916
916
438
549
549
534
1062
3041
3825
4494
1755
2918
4077
4881
1270
2581
3339
4755
2003
3021
3923
4915
1755
2939
3802
4875
1755
2918
3284
4526
1755
2920
4072
5052
1127
2330
3690
4924
1964
3021
3932
4431
1290
2771
3410
5000
2003
3021
3674
4924
1755
3009
3909
4931
1755
3071
3409
4335
1127
2330
3647
4924
1755
2451
3604
4494
1397
3009
3600
4636
1127
2330
3804
4924
1457
2877
3802
4695
1457
2788
3289
4771
1755
2694
3560
4771
1127
3009
3552
4739
1755
2513
3631
5059
1457
2802
3802
4494
1367
2660
3868
4924
1801
2877
3386
5095
1801
2746
3802
4720
1807
3066
3715
4695
1659
2255
3504
4924
1801
2996
3802
4873
1807
2404
3504
4484
1557
2771
3964
4934
1268
2249
3558
4776
1996
2340
3663
4695
1755
3008
3502
4459
1218
2717
3780
4858
1755
2971
4030
4881
1755
2801
3791
5095
1755
2350
3782
4924
1755
2905
3777
4145
1755
3009
3987
4285
1755
2350
3678
4539
1755
2889
3508
4771
1755
2097
3508
4200
1755
2920
3893
4624
1755
3000
3777
4911
1755
2314
3950
4220
1397
2248
3802
4201
1755
2972
3508
4337
1755
2694
3673
4876
1755
2972
3603
4950
1755
2694
3824
4220
1659
2700
3450
4771
1755
2097
3300
4507
1755
2694
3710
4889
1959
3022
3802
4950
1397
3050
3603
4215
1959
2905
3890
4705
1457
2985
3613
4305
1755
2484
3909
4459
1457
2905
3802
4934
1959
2411
4077
4589
1701
2423
3727
4119
1397
2918
3377
4624
1561
2411
4053
4539
1690
2255
3674
4911
1561
2905
3802
4624
1389
2897
3581
4217
1713
2589
3854
4224
1161
2460
3410
4484
1755
2177
3868
4726
1218
2741
3104
5059
1557
2088
4077
4911
1896
2905
3300
4663
1755
2905
3325
4220
1557
2544
3260
4494
1755
2890
3745
5058
1755
3009
3965
4220
1755
2788
3812
4817
1397
3050
3802
4799
1755
2350
3450
4726
1397
2467
3508
4771
1755
2857
4039
4795
1755
3032
3685
4829
1755
3009
3940
4220
1397
2957
3966
4767
1755
2972
3335
4201
1397
2248
3843
5027
1755
2694
4048
4589
1755
2801
3802
4972
1397
2918
3893
4636
1755
2083
3673
4296
1700
2700
3736
4985
1959
2905
3398
4220
1755
2860
3450
5114
1959
2700
3987
5114
1700
2890
3824
4384
1659
2529
3598
5012
1218
2694
3664
4351
1397
2350
3890
5036
1397
2350
3284
4132
1700
3008
3880
4859
1397
2748
3944
4810
1755
2552
3623
4624
1959
2411
4077
5114
1959
2788
3719
4416
1561
2818
3802
4539
1959
2801
3585
4911
1959
2540
3783
4615
1843
2985
3802
4414
1561
2905
3942
4624
1561
2700
3690
4431
1561
2788
3942
4624
1635
2905
3986
4455
2032
2452
3300
4824
1755
2699
3413
4889
1755
2694
3901
4624
1561
2905
3880
4955
1561
2350
4053
4705
1457
2972
3613
4157
1218
2511
3664
4494
1666
3059
3231
4519
1755
2344
3603
4721
1755
2694
3284
5058
1822
3021
4039
4308
1397
2567
3284
4858
1523
2350
3940
4924
1843
2472
3970
4414
1561
2905
3966
4364
1300
2905
3869
5114
1959
2789
3486
4414
1959
2920
3904
4924
1959
2920
4077
4924
1049
2869
3585
4170
1959
2649
4077
5118
1800
3037
3796
4454
2003
2225
3413
5029
1755
2649
3824
4624
1755
2694
3929
4900
1843
2472
3987
4494
1561
2788
4077
4589
1878
2761
4007
4713
1800
2996
3796
4721
1755
2453
3677
4705
1755
2649
3970
4625
1755
2540
3965
4654
1561
2248
4077
4508
1755
2996
3498
4177
1457
2419
3289
4924
1127
2996
3237
4926
1457
2628
3802
4494
1457
2905
3284
4924
1822
3022
4039
5105
1561
2119
3802
4654
1457
2628
3639
4318
1029
2801
3802
4751
1815
2457
3802
4924
1561
2135
3966
4924
1807
2567
3859
5105
1701
2445
3261
4924
1300
2693
3966
4667
1807
3071
3802
4924
1659
2628
3504
4924
1517
2949
3878
4368
1815
2457
3931
4494
1659
2883
3268
4414
1557
2746
3880
4937
1561
2297
3727
4414
1561
2314
3450
4829
1801
2746
3802
4931
1807
2209
3802
4924
1659
2989
3498
5041
1801
2225
3600
5058
1561
2907
3552
4561
1659
2694
3504
4983
1700
2350
3504
4495
1959
3000
3987
5105
1300
2248
3904
4414
1300
2925
3825
4414
1843
3022
3904
4414
1807
3022
3802
4924
1457
2694
3940
4934
1561
2813
3552
5112
1300
2907
3437
4495
1659
2802
3504
5052
1327
2761
3542
4983
1397
2567
3623
5009
1959
2985
3802
4494
1959
2693
3970
4589
1561
2788
3819
4589
1561
2119
3231
4201
1959
2907
3890
4938
1959
2693
3373
4983
1561
2411
3802
4171
1959
2567
3976
4924
1561
2985
3526
4508
1700
2976
3600
5027
1959
2567
3690
4924
1561
2985
3802
4747
1755
2435
3413
4924
1950
2635
3929
4956
1732
3021
3437
4647
1755
2925
3107
4681
1561
2463
3750
4934
1755
2813
3284
5029
1959
2564
4053
4705
1755
3042
3933
4494
1397
2119
3802
4858
1457
2972
3613
5041
1959
2905
3893
4924
1561
2905
3802
4346
1959
2333
4008
4924
1561
2905
3940
4705
1457
2972
3231
4771
1959
3022
3231
4924
1843
2628
3940
4924
1561
2800
3819
4663
1843
2818
3819
5096
1300
2905
3552
4633
1561
2976
3600
4508
1300
2905
3802
4924
1300
3009
3758
4278
2015
2105
3503
4924
1815
2748
3819
4970
1561
2135
3631
4484
1561
2788
3600
4364
1349
2088
3600
4414
1903
3022
3257
5112
1807
2384
3202
4494
1374
2511
3608
4826
1238
2958
4038
4595
1535
2117
3885
4795
1218
2452
3410
4972
1755
2277
3885
4853
1535
2920
4072
4695
1755
3000
3600
5058
1755
2150
3868
4705
1755
2340
3802
5041
1755
2939
3498
4924
1755
2789
3802
4924
1127
2905
3237
4285
1755
2694
3802
4924
1755
2540
3890
4536
1755
2824
3623
4691
1755
2540
3335
4771
1457
2813
3613
4698
1755
2552
3802
4305
1755
2694
3885
4132
1127
2330
4052
5114
1755
2877
3802
4771
1755
2694
3634
5012
1755
2628
3782
4911
1755
2694
3802
4589
1755
2649
3450
4705
1701
2905
3600
4589
1457
2877
3662
4624
1755
2694
3802
4351
1755
2920
3450
4962
1755
2054
3600
5027
1755
2649
3690
4924
1755
2694
3802
4305
1561
2412
4053
4414
1701
2789
3603
4508
1561
3022
3951
5112
1755
2789
3802
4305
1561
3022
3335
5112
1666
2249
3787
4921
1931
2434
3653
4494
1755
2452
3904
5059
1397
2289
4006
4170
1755
2694
3690
4889
1959
2824
3903
4494
1457
3050
3335
4695
1931
2249
3585
4670
1392
2990
3413
4970
1755
2452
3825
5058
1755
2694
3901
4384
1127
2330
3952
4889
1561
2529
3698
4494
1959
2419
3119
4924
1959
2628
3398
4934
1457
3032
3890
4170
1561
2925
3802
4705
1959
2412
3690
4924
1561
2567
3437
4924
1457
3032
3259
5096
1561
3022
3552
4508
1561
3009
3802
4747
1561
3022
3901
4924
1931
2467
3504
4924
1755
2612
3804
5015
1755
2939
3373
4335
1127
2478
3970
5036
1561
2248
3504
4924
1561
2813
3929
4414
1959
2649
3802
4924
2032
2452
3478
4893
1755
2699
3284
4242
1755
2649
4008
5110
1561
2905
3413
4624
1561
2976
3987
4175
1959
2694
4077
4589
1561
2649
3750
4589
1561
3041
4006
4705
1049
2628
3942
4835
1300
2529
3600
4170
1049
2877
3750
4924
1959
2694
3674
4351
1959
2694
3690
4351
1561
2813
4087
5089
1049
2628
3725
4119
1300
3009
3690
5056
1911
3022
3284
4695
1561
2976
3504
4924
1049
3009
3750
5115
1049
2330
4008
4318
1097
2694
3802
4589
1049
2789
3904
4771
1561
2905
3108
4985
1561
2961
3600
4747
1911
2419
3600
4508
1911
3022
3600
5096
1049
2330
3600
5027
1911
2472
3802
4924
1911
3022
3600
4305
1911
3022
3777
4924
1049
2976
3284
4858
1803
3017
4087
4351
1911
2557
3802
4334
1419
3022
3725
4305
1807
2771
3802
4184
1631
2964
3932
4139
1327
3037
3168
4341
1815
2693
3810
4567
1700
2693
3182
4985
1659
2709
3819
5050
1959
2608
3872
4364
1659
2976
3231
4985
1397
2528
3624
4839
1959
2470
3893
5012
1959
2255
3928
4967
1561
2528
3715
4705
1659
3022
3928
4201
1959
2905
3843
4875
1561
2382
4053
4414
1659
2608
3819
4934
1959
2470
3473
4351
1700
2470
3517
4899
1959
2985
4006
4334
1959
2248
3824
4414
1561
2976
3891
4743
1561
3022
3437
4484
1049
2907
3698
4150
1911
2889
3530
4494
1561
2976
3893
4747
1561
2748
3231
4119
1215
2529
3585
5079
1666
2209
3598
5112
1755
2612
4077
4119
1127
2330
3924
4494
1755
2694
4054
4221
1397
3041
4056
5056
1689
2949
4077
4926
1327
2878
3241
4964
1755
2327
3630
5095
1755
2484
3437
4150
1700
2890
3929
4820
1959
2463
3495
4743
1807
3022
3810
4494
1659
2260
3231
5050
1959
2463
4059
4264
1700
2788
3955
4414
1755
2889
3928
4905
1959
2383
3182
4422
1457
2889
3268
4705
1755
2928
3704
5105
1561
2976
3810
4539
1457
2314
3810
4318
1755
2860
3802
4150
1659
2860
3517
4853
1959
2905
3928
4983
1561
2350
3904
4335
1327
2770
3932
4950
1755
2608
3095
4184
1755
2608
3904
4972
1261
2608
3608
4624
1755
2470
3940
4705
1755
2048
3284
4934
1959
3044
4077
4845
1127
2869
3979
4624
1959
2905
3880
4443
1755
2609
3585
4853
1397
2748
3623
4950
1755
2694
3530
4705
1700
3071
3928
4705
1457
3017
3891
4714
1755
2608
3782
4905
1631
2771
3294
4414
1031
2311
3876
4636
1871
2252
3986
4732
1059
2928
3872
4603
1801
2861
3810
4714
1755
2484
3802
4456
1788
3064
3555
4414
1755
2949
3705
4456
1397
2395
3542
4494
1755
2741
3300
4234
1755
2928
3868
4264
1755
2628
3810
5110
1755
2746
4041
4397
1457
3055
4077
5105
1755
2882
3802
4453
1755
2748
3437
4985
1127
2181
3467
4184
1755
2395
3109
4732
1755
2628
3802
4839
1755
2225
3777
5114
1626
2649
3819
4629
1127
2314
4094
4705
1635
2156
4077
4705
2003
2225
3585
4743
1755
2925
3625
4955
1755
2115
3782
4955
1635
2928
4077
5029
1931
2762
3839
4119
1392
2529
3839
5056
1755
2452
3237
4351
2003
2121
3284
4460
1666
2540
3244
4961
1535
2453
3672
4332
1755
2877
4039
5056
2003
2890
3682
5114
1084
2435
3339
4929
1521
2467
3410
4318
1896
2418
3285
4663
1755
2720
3966
4862
1755
2824
3535
4805
1392
3021
3802
5059
1755
2216
3802
4705
1755
2528
3987
5105
1755
2920
3890
4695
1626
2905
3987
4924
1397
2097
3802
4950
1764
2529
3940
4924
1755
3009
3600
4225
1755
2567
3268
4924
1755
3042
4039
4924
1127
2330
3868
4747
1755
3022
4008
5020
1755
2985
3504
5105
1755
2628
3530
4201
1755
2384
3970
4292
1701
2557
3300
4962
1755
2907
3600
5105
1127
2619
3154
4801
1701
2693
3685
5095
1457
2905
3810
4970
1701
2976
3819
4705
1755
2972
3802
5105
1755
2920
3802
4173
1755
2813
3690
4624
1701
2557
3804
5047
1755
2462
3600
5027
1701
2905
3296
4924
1755
2540
3504
4615
1457
2419
3942
5118
1755
2412
3690
4549
1457
2567
3585
4459
1523
2567
4053
4924
1755
2907
3437
4589
1755
2608
3777
4934
1755
2928
3824
4924
1755
2462
3284
4747
1755
2694
3674
4335
1959
2567
3300
4624
1457
2557
3725
5027
1755
2352
3778
4335
1127
2330
3600
4817
1457
2976
3154
4938
1959
2628
4077
4351
1690
2540
3154
4364
1959
2912
3802
4875
1561
2976
3498
5056
1701
2996
3107
4414
1561
2789
4077
4924
1755
2920
4072
4961
1457
3050
3802
4705
1457
2694
3530
4318
1959
3022
4077
4961
1561
3017
4077
5112
1457
3009
3552
4985
1959
2693
4006
5089
1561
3009
3600
5112
1959
2628
4053
4175
1300
2557
3413
4817
1561
3009
3802
4747
1755
2453
3929
4636
1457
2925
3231
4536
1755
2694
3987
4318
1959
2628
3508
5089
1959
3009
3824
4539
1561
2976
3802
4414
1959
3022
3802
5059
1457
3009
3824
4771
1755
2352
3300
4670
1959
2628
3843
4924
1561
2905
3802
5015
1561
2905
3802
4364
1959
2592
3231
4150
1959
2470
4077
4705
1561
3022
3925
4184
1959
2694
3107
4629
1561
2608
3928
5037
1561
2961
3335
4705
1561
2412
3300
4414
1561
3022
3750
4589
1959
2694
3674
4624
1561
3022
4077
5112
1561
2976
4072
4335
1561
2976
3778
4624
1959
2567
4006
4305
1561
2976
3928
4508
1561
2976
3750
5068
1561
2628
3698
4508
1561
2694
3802
4705
1049
2592
3725
4782
1561
2976
3802
4705
1561
2985
3690
4747
1561
3009
4053
4335
1911
3022
3925
5114
1561
2976
3891
4624
1049
2419
3778
4539
1561
2694
3802
4431
1561
2976
3778
4705
1049
2789
3108
4950
1561
3041
4009
4962
1959
2694
3802
4985
1561
3009
4008
4747
1561
2567
3673
4539
1087
2589
3690
4335
1397
3045
3623
4414
1397
2976
3810
4858
1397
2470
3437
4633
1959
2928
4077
4259
1959
3071
3231
4962
1561
2260
3819
4539
1561
2976
3300
5089
1959
3022
3810
5015
1049
2905
3778
4285
1561
2976
3928
5089
1959
2905
3929
5089
1049
2628
3530
4567
1561
2700
3802
4364
1959
2608
4077
4633
1959
2260
3623
4539
1561
2694
3437
4539
1049
3009
3890
4494
1959
2628
3928
4539
1959
3044
3107
4318
1959
2608
3824
4494
1561
2608
3231
4539
1959
2860
3437
4539
1049
2248
4094
5049
1561
2976
4008
4705
1481
2944
3782
4919
1755
2612
3437
5114
1959
2150
3810
4414
1561
2905
3237
5089
1419
2700
3970
4351
1911
2472
4077
4985
1911
3055
4077
4747
1561
2976
4009
4494
1397
2628
3914
5110
1049
2472
3231
5015
1561
2976
3750
4771
1843
2567
3530
4508
1911
2472
3810
4539
1049
2470
3698
4171
1959
2694
3928
4335
1049
2976
3843
4589
1911
3022
3810
4494
1300
2976
3824
4150
1049
3009
3335
4539
1911
2412
3530
4494
1561
2694
3231
4771
1049
2976
4054
5015
1803
2248
3725
4858
1397
3050
3498
4962
1843
2567
4077
4985
1419
2472
3498
4414
1049
3009
3777
4539
1419
2472
3585
4494
1049
2472
3810
4320
1911
2649
3498
4184
1397
2248
3819
4950
1419
2905
3777
4364
1911
3009
3498
4539
1049
2472
3725
4320
1911
2905
3498
5089
1911
2700
3498
4589
1049
2976
3231
4338
1049
2976
3777
4456
1049
2976
3777
4184
1911
3017
3623
5110
1419
2976
3498
4539
1049
3009
3108
4539
1419
2566
3725
5089
1911
2592
3498
4539
1419
3022
3736
4335
1261
3021
3272
4567
1843
2567
3603
4624
1843
2694
3498
4456
1049
2905
3725
4624
1843
3009
3231
4875
1843
2567
3231
4539
1843
2976
3819
4589
1397
3022
3413
4567
1843
3009
3506
4747
1049
3009
3231
4300
1843
2592
3498
4414
1959
2694
3690
4924
1843
2976
3498
4539
1419
2976
3498
4567
1561
2694
3231
4338
1049
2961
3778
4132
1911
3022
4009
4494
1419
2592
4077
4633
1419
2628
4087
4539
1049
2961
3231
4771
1419
2472
3498
4858
1911
2928
3498
4494
1419
2628
3690
4539
1886
2989
3935
4175
1755
2478
4008
4926
1487
2330
3914
4962
1049
2905
3952
4835
1561
2961
3950
4858
1419
2961
3504
5058
1928
2248
3498
4539
1928
2592
3674
4654
1327
3037
3824
4595
1843
2976
3231
4175
1049
2905
3725
4567
1419
2976
4077
5015
1561
2905
3824
4624
1843
2567
3498
4567
1419
2976
3498
4539
1419
2567
3819
4771
1911
2905
3498
4705
1419
2472
3819
4184
1049
2628
3690
4119
1928
2248
4077
4747
1419
2976
3950
4311
1911
2905
3498
4799
1911
3022
3600
4747
1419
3022
3231
5037
1419
2976
3690
5118
1911
2694
3819
5050
1911
2628
4008
4589
1928
3022
3585
5112
1419
3022
3673
4771
1419
2628
3585
5118
1397
3071
3932
4705
1843
3009
4077
4747
1419
2976
3504
5059
1419
2628
4077
4624
1419
3022
3824
4771
1419
2472
3504
4494
1911
2961
3300
5059
1419
2628
3824
4589
1419
2789
3231
4539
1419
2419
3802
5089
1499
3009
3498
5059
1419
2976
3750
4624
1281
2567
3725
4539
1419
2961
3498
5089
1499
2472
3725
4837
1327
2761
3076
4690
1397
2694
3819
5112
1843
3009
3260
5089
1843
3022
3909
4771
1049
2976
3725
4539
1487
2976
3303
4624
1843
2976
3498
4539
1843
2976
3929
4414
1911
2905
3909
4335
1419
2976
4087
4494
1419
3022
3802
4494
1843
2693
4094
4799
1419
2567
3750
4494
1419
2976
3498
4414
1419
2976
3819
4508
1419
2628
3498
4414
1049
2961
3725
4494
1419
2976
3498
4414
1928
2248
3498
4567
1419
2976
3802
5110
1911
2592
3802
4771
1419
2961
3750
4705
1499
2248
3858
4769
1419
2976
3802
4771
1928
2248
3824
5012
1991
2889
3747
5110
1755
3034
3237
4919
1561
2457
3901
4872
1049
2905
3777
4955
1049
2976
4079
4494
1419
2472
4077
4858
1499
2628
4077
5115
1419
2628
4079
4414
1755
3056
3819
4705
1487
2877
3819
4357
1843
2976
3824
5089
1843
2529
3819
4924
1049
2905
3303
4625
1843
2694
3819
5050
1843
2976
3819
4589
1419
2905
3802
5089
1049
2976
3819
5089
1911
2694
3300
4771
1419
2905
3725
4962
1419
3022
4094
4494
1049
2976
3819
4835
1419
3022
3690
4494
1419
2693
4094
4715
1755
3071
3231
4338
1843
2693
3890
4747
1419
2976
3909
4494
1843
2976
4077
5089
1843
2694
3603
4414
1419
2905
3585
4539
1049
3009
3698
4494
1077
2330
3195
4364
1843
2694
3603
4714
1843
3022
3231
4338
1843
3005
3598
4514
1843
2693
3824
4799
1911
2693
3165
4119
1049
2976
3231
4539
1843
2976
3473
4351
1049
2976
3231
4705
1911
2693
4006
4624
1843
3022
3473
5089
1419
2976
3498
4567
1911
3022
4087
4171
1419
2976
4077
4747
1049
2976
3674
4705
1419
2472
3498
4739
1419
2628
3498
4624
1911
2857
3498
5089
1911
2694
3300
4858
1419
2976
3777
4539
