306
668
490
674
490
674
674
874
490
386
422
223
772
454
674
386
674
386
674
386
674
490
874
490
674
386
674
563
674
386
674
386
674
386
386
386
386
386
386
384
384
959
495
705
600
705
384
495
600
1002
600
1002
705
314
384
384
772
1002
600
1002
600
1002
600
1002
1002
600
1002
600
1002
600
1002
600
1002
600
600
600
1002
600
1002
600
1002
600
1002
705
705
384
384
1002
1002
600
1002
1002
600
1002
1002
1002
600
1002
600
1002
705
384
338
1002
772
1002
600
705
674
705
674
705
674
705
674
384
384
938
938
938
600
938
938
938
938
938
31
938
31
938
938
938
938
938
938
938
938
938
938
938
600
938
31
938
600
938
705
384
384
600
1002
600
600
1002
248
1002
600
600
1002
600
1002
600
369
600
600
1002
600
1002
600
1002
600
1002
600
1002
600
705
705
705
384
772
600
1002
600
1002
600
600
600
1002
600
600
1002
600
1002
600
1002
600
600
1002
600
1002
600
600
705
600
705
600
705
705
384
384
772
772
600
600
305
600
1002
600
1002
600
1002
600
600
600
1002
600
1002
600
600
1002
600
600
600
305
305
600
705
600
705
384
338
772
772
772
384
772
369
369
369
490
369
369
874
490
874
369
369
369
369
369
369
874
369
369
369
874
369
369
490
874
248
874
369
874
369
369
369
369
369
369
369
369
369
369
369
369
369
369
740
369
369
369
338
772
369
369
369
369
369
369
369
369
369
369
369
369
369
369
369
369
369
369
369
369
369
369
369
369
369
369
369
369
369
369
674
369
369
369
369
369
369
369
369
369
369
369
369
182
369
338
338
705
238
705
705
674
674
386
386
386
386
674
674
386
563
386
386
386
386
386
386
674
386
386
384
384
772
772
772
896
896
674
674
272
674
874
386
386
874
674
386
386
386
674
386
674
248
386
386
674
338
338
825
674
1005
386
386
386
386
674
386
223
386
563
386
386
386
386
386
386
386
386
386
386
386
386
386
386
740
386
338
608
772
674
238
238
674
272
386
338
386
386
740
386
674
386
674
386
386
386
386
386
248
386
338
608
386
292
674
563
674
386
386
674
386
386
386
386
338
338
772
238
772
896
238
238
386
338
608
674
743
674
272
674
674
674
674
674
124
674
674
674
386
674
386
386
338
248
386
386
384
384
772
772
772
432
674
896
674
906
1895
2613
3672
5078
1884
2613
3365
4096
1995
2769
3747
4211
1995
2119
3876
4194
1995
2735
3916
5089
1995
2735
3459
5108
2000
2791
3674
4665
2000
2791
3585
5018
1371
2467
3764
4184
2034
2214
3098
4876
1777
2462
3623
4845
1995
2936
3554
4119
1349
2343
3307
4636
1371
2137
3952
4852
1232
3012
3585
4113
1232
2884
4088
5029
1300
3017
3778
4546
1807
2990
3869
4624
1807
2212
3812
4820
1995
2830
3903
4522
1589
2119
3903
4175
1589
2884
3265
4132
1589
2884
3388
5041
1589
2791
3929
4384
1884
2884
3313
4936
1895
2214
3474
4615
1884
2307
4052
4196
1628
2791
4094
4145
1232
2800
3868
5114
1232
2800
3802
4460
1371
2097
3266
4654
1895
2214
3724
4860
1394
2791
3914
5094
2025
2791
3824
5025
1589
2307
3916
4654
1903
2936
3307
4455
1349
2791
3111
5108
1895
2564
3269
4145
1895
2694
3269
4830
1895
2162
3891
4460
1895
2162
3824
4876
1895
2989
3869
4460
1232
3012
3952
4876
1232
2162
3869
4983
1232
2968
4010
5018
1232
3012
3674
4835
1232
2510
4039
4955
2000
2735
3891
4739
2000
2874
3621
4119
2000
2818
3542
4810
2000
2119
3307
4814
2000
2119
3237
4460
1371
2421
3951
5108
1371
2162
3933
4184
1371
2791
3237
4184
1371
2791
3893
4456
1371
2907
4039
4119
1349
2813
3940
4624
1232
3009
3940
4460
1771
3007
3592
5056
1299
3009
3715
4184
1347
2421
3552
5108
1368
2680
4088
5056
1299
2568
3710
5112
1949
3032
3536
4835
1299
2944
3237
4918
1347
2944
4036
4763
2035
2680
3511
4358
1417
2945
3307
5095
1554
3017
3284
4599
1299
2501
3935
4451
1299
2608
3970
4197
1299
2694
3291
5031
1097
2877
3919
4979
1949
2860
3736
4950
1347
2672
3912
5094
1417
2628
3633
4766
1097
2944
3833
5049
1299
2944
3843
5049
1807
2674
3235
5031
1554
3032
3764
4835
1925
3032
3778
4821
1925
2214
4088
4477
1669
2214
3739
4692
1396
3012
3288
4248
1396
2968
3178
4662
1669
2644
3219
4646
1669
2639
3916
4895
1669
2968
3307
4318
1669
2968
3269
4540
1669
2884
3583
4699
1216
2214
3600
4422
1216
2214
3734
4253
1216
3007
3245
4979
1857
2224
3382
4374
1857
2137
3111
5100
1925
2489
3929
4646
1925
2552
3734
4211
1925
2552
3771
5067
1925
2694
3916
5067
1216
2407
3916
4591
1299
2510
3307
4988
1519
2137
3652
4988
1519
2884
3368
4810
1519
2884
3999
4132
1519
2214
3275
4866
1216
2214
3814
4119
2001
3032
3288
4740
1299
2567
3307
4692
1216
2942
3552
5108
1216
2137
3600
4646
1216
3012
3269
4646
1299
2884
3747
4988
1519
2884
3583
4862
1519
2214
4019
5094
1519
2440
3552
5025
1216
2307
3245
4899
1857
2799
3425
4278
1857
2799
3903
4829
1857
2571
3276
4227
1857
2312
4036
4917
1857
2434
3903
4227
1857
3035
3288
4646
1857
2434
4038
4646
1925
2307
3916
4732
1622
2434
3111
4194
1347
3012
3375
4133
1589
2510
3734
4792
1097
2489
3764
5068
1216
2804
3182
4634
1448
2921
3777
4400
1216
2536
3516
4737
1216
2703
3702
4727
1669
2063
3143
4317
1094
2957
3849
4150
1216
2536
3685
4470
1925
2434
3485
4121
1216
2868
3488
4385
1097
2481
3644
5011
1299
3012
3485
5040
1347
2133
3465
5105
1519
2640
3685
4810
1925
2921
3536
4385
1519
2063
3265
4549
1047
2510
3665
4782
2001
2063
3925
4727
1519
2921
3449
4727
1426
2464
3485
5040
1519
2809
3530
5105
1216
2330
4065
4556
1299
2276
3685
4325
1299
2727
3802
4121
1669
2609
3569
4605
1409
2844
3919
4556
1669
2640
3485
4732
1925
2921
3183
4873
1969
2434
3887
4443
1925
2721
3890
5056
2001
2631
3686
4348
1426
2510
3777
4120
1966
2644
3783
4243
2028
2800
3579
4728
1216
2933
4079
4862
1949
2225
3639
4942
1949
3050
3389
4727
1519
2549
3555
4537
2046
3000
3531
4537
1519
2505
3985
4484
1995
2800
3777
5007
1914
2735
3555
4763
1903
2800
3237
4184
1895
2388
3966
4853
2000
2464
3810
4957
2035
2246
3632
4500
1945
3050
3148
4403
1771
2349
3555
4706
1940
3054
3449
4431
1857
3054
3674
5049
1857
2820
4004
4546
1216
2671
3555
4715
1216
2442
3449
4724
1216
2552
3247
4770
1529
2552
3469
4813
1982
2750
3469
4145
1982
2190
3430
4802
1564
2190
4016
4971
1820
2349
3247
4556
1940
2190
3673
4830
1960
2190
3802
4240
1960
2639
3515
5119
1529
3008
3555
4690
1982
2517
3291
4443
1982
3054
3707
4695
1564
2809
3180
4803
1299
2188
3952
5049
1216
2401
3602
4285
1216
2349
3247
4861
1047
3054
4052
4244
2028
2190
4056
4676
2028
2261
3555
4332
1936
2081
3862
5110
1982
2911
3862
4285
1982
2440
3247
4120
1945
2192
3323
5049
1945
2401
3707
4997
1940
2349
3686
4989
1936
2190
3933
4547
1936
2190
3515
4970
1982
2544
3291
4660
1982
2821
3555
5110
1626
3000
3469
5027
1216
2820
3323
4802
1216
2757
3555
4451
1216
2190
3323
4508
1216
2628
3707
4898
1216
2190
4073
4337
1216
3000
3276
4624
1523
2190
3993
4648
1519
2243
4056
4385
1905
2530
3107
5070
1347
2719
3414
4899
1299
2114
3573
4119
1817
3050
3797
4586
2028
2950
3654
4133
1817
2089
3797
4334
1636
3050
3797
4434
1882
2278
3914
4194
1523
2730
3800
5103
1949
2278
3833
4912
2046
3028
3909
4133
1636
2101
3797
4127
1519
2730
4005
4638
1216
2096
3797
4875
1636
2547
3716
4511
1216
2851
3797
4374
1216
3059
3641
4829
1857
2489
3797
5042
1452
2950
3514
4845
1216
2128
4082
5011
1186
3023
3931
4845
1817
2489
3797
4495
1216
2076
3919
5043
1817
2859
3931
5107
1216
2076
3812
4896
1817
2547
3466
4695
1216
3017
3985
4281
1817
3071
3797
4267
1264
3039
3466
4133
1396
2123
3797
5018
1264
2644
3484
5038
1925
2123
3480
4759
1771
2651
3797
4643
1216
2547
3409
4194
1519
3035
3797
4881
1216
2292
3952
4124
1564
2128
3894
4763
1156
3059
3716
5076
1156
2123
3809
4810
1564
2547
3985
4452
1216
2096
4079
4175
1636
2128
3716
4586
1882
2600
3797
4192
1216
2128
3621
5024
1216
2564
4082
4975
1519
2440
3514
4817
1884
2730
3736
4851
1299
2083
3660
4527
1519
2212
4039
4782
1299
2830
3839
4527
1216
2506
3542
4692
1216
2644
3997
4227
2028
2830
3288
4227
1216
2830
3178
5038
1589
2791
3596
5022
1216
2564
3618
4771
1216
2719
3178
4732
1817
2936
3247
4946
1925
2137
3999
4884
1925
2137
3178
5100
1925
2510
3734
5007
1564
2809
3834
4988
1925
2510
3275
4540
1529
2968
3250
4296
1519
2119
3719
5042
1882
2137
3734
4424
1669
2137
3575
4683
1771
2064
3130
5004
1636
2368
3892
5110
1914
2434
3783
4691
1216
2489
3924
4193
1857
2729
3583
4510
1216
2936
3820
4616
1216
2948
3269
4813
1925
2884
3783
4654
1925
2884
3999
4817
1669
2680
3728
4692
1669
2968
3820
5025
1519
2510
3178
4175
1669
2506
3999
4646
1669
2137
3814
4547
1519
2884
3783
4455
1636
2884
3869
5067
1914
2884
3736
4955
1914
2884
3999
4692
1589
2884
3914
4132
1216
2644
4054
4184
1299
2579
4008
4691
1925
3023
3728
4227
1925
2944
3673
4196
2035
2510
3288
4813
1554
2510
3820
5027
1622
2874
3945
4988
1299
2874
3925
4616
1216
2828
3573
4961
1975
2174
4022
4450
1365
2901
3315
4592
1910
2901
4019
4916
1910
2721
3275
4573
1651
2260
3275
4414
1707
2915
3702
4759
1396
2848
3465
4650
1136
2957
3970
4408
1426
2874
3686
4532
1240
2548
3529
4249
1409
2609
3555
4351
1439
2762
3686
5087
1771
2548
3925
5024
1035
2652
3686
4242
1439
2928
3450
4450
1828
2260
3935
5112
1237
2609
3449
5046
2001
2844
3707
5056
1216
2921
3801
4875
1035
2874
3685
4869
1216
2767
4077
4961
1409
2260
3970
4138
1707
2081
3398
4947
1136
2733
3555
4830
1426
2073
3169
4449
1925
2260
3413
4183
1707
2915
3498
4449
1669
2844
3376
4216
1771
2174
3331
4185
1237
2721
3702
5076
1216
2081
3165
4766
1439
2506
3302
4243
1216
2767
3082
4267
1707
2506
3449
4335
1136
2993
3376
4385
1396
2174
3567
4817
1426
2081
3783
4409
1240
2911
3824
4721
1707
2143
3449
4397
1707
2091
3582
4950
1299
2450
3600
4896
1771
2911
3582
5102
1136
2957
3613
4654
1136
2224
3702
5040
1426
2809
3950
4605
1925
2168
3154
5082
1216
3051
3335
4917
1669
2180
3171
4760
1771
3039
3288
4846
2001
2719
3250
4855
1925
2253
3288
4963
1186
2874
3307
4786
1669
2716
3675
4684
1409
2544
3307
5119
1936
3050
3916
4661
1982
2579
3916
4431
1216
2137
3790
5119
1669
2137
3933
4899
1940
2137
3507
4373
1828
2682
3382
4510
1985
2884
3130
4980
1982
2884
3645
4250
1216
2253
3728
4705
1409
2945
3728
4989
1396
2815
3288
4899
1409
2320
3288
4786
1936
2320
3130
5105
1936
2647
3219
4785
1396
2442
3126
4989
1771
2323
3307
4455
1985
2989
3275
4971
1985
2765
3959
5105
1771
2623
3984
5067
1936
2884
3130
4194
1606
2501
3329
5027
1985
3050
3728
4563
1396
2937
3728
4731
1452
2312
3843
4855
1669
2312
3171
4701
1452
2055
3890
4701
1985
3050
3916
5027
1396
2162
3307
4324
1828
2253
3307
4613
1452
2571
3388
5108
2045
2137
3684
5100
1985
2552
3250
4665
1982
2884
3130
4126
1396
2884
3869
4591
1409
2214
3999
4845
1771
2561
3778
4211
1669
2347
3288
4766
1396
2944
3288
4525
1828
2579
3288
5105
1982
2323
3130
4119
1396
2608
3916
4732
2045
3000
3999
5034
1396
2421
3307
4894
1396
2800
4020
5105
1940
2137
3320
5027
1985
2137
3358
5100
1985
2884
3130
4731
1396
2647
3704
5067
1396
2860
3171
4096
1669
2884
4019
4985
1985
2989
3266
4362
1828
2214
3284
5105
1396
2214
3843
5027
1828
2868
3288
4194
1396
2323
3288
4817
2045
2937
3288
5087
1396
2701
3916
4244
1409
2716
4039
4947
1936
2137
3247
4194
1409
2137
4083
5105
1985
2137
3883
4878
1985
3012
4083
4707
1396
2884
4083
5043
1669
2884
3130
4971
1718
3007
3728
5104
1936
2156
3999
4810
1985
2214
3292
4616
1186
2540
3645
5027
1396
2119
3288
4136
1186
2323
3098
5067
1669
2719
3484
5067
1452
2454
3307
4220
1828
2196
3307
4480
1396
2806
3382
4522
1452
2536
3320
4947
1564
2877
3253
5003
2032
2877
3757
4947
1396
2701
3916
4845
2001
2716
3480
4567
1396
2093
3657
4194
1409
2323
3903
4584
1985
3050
3098
4732
1985
2733
3681
5119
1771
2162
3251
4197
1669
2214
3247
4194
1936
2323
3352
5074
1982
2672
3413
4330
1985
2918
3380
4662
1982
2421
4082
4459
1771
3000
3307
5105
1940
2874
3307
4522
1940
3041
3931
5104
1936
2937
3253
5087
1936
2320
3931
4707
1982
2884
3158
4947
1982
2986
3843
4686
1564
3041
3260
4867
1940
2323
3728
4278
1940
2682
3305
4285
1703
2544
3175
4459
1936
2983
3804
4459
1982
2214
3935
4459
1982
3050
3623
4194
1409
2102
4083
4099
1771
2608
3288
4386
1985
2626
3989
4613
1857
2716
3253
4899
1669
2623
3307
4936
1982
2253
3307
4194
1828
2860
3861
5008
1771
2608
3523
5108
1985
2440
3243
4980
2028
2884
3585
4203
1216
2553
3764
4273
1669
2307
3740
4184
1396
2323
3728
5041
1985
2989
3260
4661
1940
2214
3822
4616
2001
2544
3266
4906
1936
2741
4021
4194
1035
2149
3292
4436
1982
2214
3115
4177
1771
3000
3335
4175
1669
3000
3288
4654
1216
2800
3171
4662
1669
2190
3320
4779
1857
2434
3778
5108
1982
2137
3449
4855
1216
2818
3269
4484
2001
2137
3449
4661
1216
2800
3778
5108
1857
2119
3585
4705
2028
2552
3585
4830
1982
2481
3329
4389
1519
3000
3707
4830
2046
2421
3449
4875
1519
2421
3909
4660
1966
2190
3883
4196
1960
3050
3281
4855
1905
2190
3914
4246
1905
3050
3935
4660
1925
2190
3098
4722
2046
2421
4042
4660
1966
2907
3747
4660
1481
2190
4039
4153
1519
3008
3884
4556
1905
2680
3333
4660
1905
2989
3281
4926
1622
2421
3883
5089
1777
2791
3237
4296
1589
2825
3888
4460
1903
2727
4042
4525
1884
2907
4054
5115
1589
2351
3987
4407
1884
2777
3542
5089
1607
2330
3900
4845
1991
2694
3935
5115
1895
2510
3942
4221
2025
3007
4072
5052
1884
2818
3198
4876
1589
2949
3284
4955
1115
2869
3839
4771
1349
2877
3747
4705
1349
2411
3200
5058
1807
2612
3901
4810
1232
2877
3822
4860
1777
2452
3552
4876
2000
3017
3552
5029
1995
2535
3296
4726
1653
3017
3952
4127
2000
2330
3600
4296
1394
3017
3839
4615
1349
2627
3111
4726
1723
3017
4079
4625
2000
3017
3511
4747
1995
2907
3919
4465
1723
3017
3940
5059
1777
2793
3812
4771
1995
2531
3284
4889
1759
2470
3843
5011
1690
2421
3914
4997
1788
2815
3400
4634
1481
2192
3933
4650
2035
2800
3914
4477
1991
2434
4039
4334
1589
2990
3914
4436
1895
2192
3115
4615
1884
2133
3914
4150
1589
3000
3914
4860
1481
2815
3914
4337
1607
2253
3914
4921
1589
2815
3927
5074
1895
2830
3950
5022
1895
3017
3914
4437
1895
2162
3869
4194
1884
2644
3940
4855
1995
2942
3256
4926
1995
2162
3891
4759
1995
2800
4054
4510
1895
2800
3839
5110
1895
3007
3914
4221
1903
2818
4054
4197
1884
2818
3198
4845
1349
2649
3869
4876
1995
2162
3935
4983
1884
2815
3887
4654
2000
2735
3822
4931
1895
3017
3901
4985
1895
3017
3652
4997
1777
3017
3870
4407
1884
2818
3782
4926
1607
3000
3198
4876
1653
3017
3924
4145
1995
2544
3526
4876
1995
2350
3901
4654
1371
2350
3951
4876
1589
2552
4042
4845
1895
2735
3325
4339
1903
2748
3901
4876
1155
2579
3073
4106
1995
3017
3914
4733
1777
2162
3778
4876
1903
2608
3924
4876
2000
2983
3674
4759
1903
2253
4072
4221
1777
2818
3893
4985
1115
2608
3764
4510
1496
3017
3335
4955
1995
2907
3777
4876
1496
2800
3843
4589
1371
2411
3777
5112
1371
3055
3764
4876
1252
3008
3777
5079
1928
2564
3952
4876
1653
2788
3940
4145
1928
3017
3940
4927
1454
2986
3914
4845
1371
2942
3530
4384
1371
2694
3674
5118
1928
2907
3901
4835
1371
2818
3940
4184
1454
2452
3891
5094
1928
2592
3914
5114
1371
2815
3095
4934
1252
3055
3778
4830
1496
2608
3935
5015
1371
2985
3950
5052
1858
3055
3843
4889
1928
2889
3782
5052
1928
2907
4088
4985
1748
3055
3940
4985
1858
2411
3725
4150
1879
2990
4039
5015
1252
2961
3891
4589
1928
2889
3777
5114
1252
2961
3725
5058
1879
2889
3725
4810
1879
2985
3725
4830
1879
2789
3893
5015
1879
2990
3893
4460
1879
2907
3935
5118
1879
3008
3108
4837
1879
2907
4009
5114
1334
3050
3933
5015
1903
2815
3987
4858
1903
2735
3500
4926
1903
2990
4039
5115
1903
2990
4039
5115
1903
3008
3843
5058
1903
2818
3893
4817
1394
2818
3778
5008
1777
3000
3893
4150
1995
2777
3893
4889
1777
2800
3893
4894
1777
2350
4039
4460
1777
2544
3526
4763
1371
2350
3284
4510
1777
2694
3950
4150
1076
2889
4088
5089
1252
2330
3783
4955
2000
2276
3901
5089
1496
2467
3778
4845
1349
2320
3368
4694
1777
2411
3777
4876
1496
2907
3200
4875
1232
2276
3778
4876
1628
2937
3778
4221
1371
2330
3893
4684
1496
2411
3843
4845
1349
2961
3928
4221
1076
2564
3778
4985
1928
2907
3952
4150
1748
3017
3952
4150
1858
3017
3935
4853
1748
3017
3725
5058
1879
3017
3674
5058
1428
2889
3891
5015
1928
2411
3777
4876
1748
2579
3950
5015
2023
2944
3736
4876
1777
2859
3725
5095
1232
2628
3987
5056
1496
2907
3839
4747
1252
2942
3843
4221
1903
2887
3690
4559
2023
2168
3777
4150
1928
2411
3778
5095
1903
2985
3940
5110
2000
2907
3824
4934
1371
3017
3652
4221
1371
2777
4072
4589
1858
2253
3893
4460
1628
2813
4094
4985
1252
2818
3778
5115
1232
2694
3725
4876
1232
2907
3725
5115
1252
2789
3284
4955
1456
2942
3284
4934
1748
2942
4030
4876
2023
2419
3778
4720
1911
2985
4036
4150
1349
2907
3747
4307
1807
2085
3843
4335
1515
3017
3743
4307
1807
3007
3924
4845
1807
2452
3242
4876
1115
2567
3839
4845
1903
2347
4036
4747
1371
3017
3600
4903
2000
2567
3893
4876
1981
3017
3674
5089
1349
2162
3888
4980
2000
3017
3622
4589
1807
2735
3778
4862
2035
2741
3950
5031
1991
2255
4091
4980
1349
2818
4036
4873
1317
3000
3274
5095
1903
3017
4036
4985
1589
2815
3987
4636
1895
3017
3987
4484
1895
2777
3843
5114
1417
2552
3928
4175
1777
2818
3839
4436
1899
2777
3778
4145
1777
2421
4079
4534
1777
2421
3747
4894
1777
2800
4036
4747
1777
3008
3952
4890
1349
3008
3778
5115
1394
2818
4036
4150
1349
2818
3839
5041
1995
2777
3935
4173
1995
2748
3652
5115
1995
2777
4039
4985
1371
2800
3952
5115
1371
2777
3725
4384
1371
2097
3843
4934
1371
2253
4072
4337
1928
2748
3778
5115
1628
2608
3736
5015
1454
2748
3335
5015
1628
2314
3843
4889
1928
2748
4053
4810
1628
2470
3891
4961
1748
2608
3725
5114
1928
2748
3891
4150
1928
2889
3935
5096
1903
2990
3674
4432
1519
2212
3914
4845
1097
2323
3111
4687
1622
2489
4019
5105
1047
2320
3368
4452
2035
2064
3890
4373
1925
2048
3797
4881
1895
3035
3951
4194
1857
2323
4042
4759
1903
2830
3557
4861
1955
2544
3297
4875
2046
3035
3665
4320
1857
2224
3727
4731
2046
2714
3777
4661
1589
2307
3869
4680
