306
668
482
482
616
616
550
616
482
616
149
527
121
195
392
199
282
282
377
377
377
377
195
390
394
282
877
377
377
377
889
135
776
377
348
739
1000
546
134
121
565
392
171
760
454
542
842
121
731
879
879
1007
787
366
366
366
366
366
785
29
563
546
121
786
945
945
525
392
171
945
475
28
516
514
825
514
312
943
1016
943
545
513
545
513
545
513
545
513
545
489
54
771
757
565
870
171
760
542
542
842
492
731
879
769
1007
787
366
366
366
366
563
740
366
636
74
244
222
771
19
565
141
282
538
377
377
377
377
982
390
394
282
877
377
377
377
726
517
806
959
928
108
69
879
879
1007
565
392
171
760
454
758
366
366
693
644
70
558
558
120
728
728
135
873
740
918
410
918
852
263
131
958
558
392
870
809
728
135
52
135
918
492
401
824
558
120
728
504
52
135
918
740
918
918
918
937
201
828
771
525
565
870
760
995
496
891
842
842
483
731
879
1007
1007
787
787
366
366
366
366
366
125
366
636
104
771
313
525
392
282
282
377
377
377
377
247
390
199
282
877
377
377
377
377
517
912
1005
348
462
611
657
657
391
264
565
870
760
995
496
842
842
483
879
879
1007
1007
787
366
248
366
366
366
366
366
489
771
266
319
945
475
392
870
115
454
28
835
514
545
513
543
513
545
575
465
960
597
513
513
513
513
888
888
1006
888
104
313
565
392
171
760
760
542
496
842
842
483
731
879
1007
787
758
366
366
366
366
776
366
244
104
771
266
319
282
525
565
199
282
282
377
377
377
377
452
70
779
558
962
728
504
873
563
918
918
918
852
334
69
879
1007
47
565
870
760
995
454
366
842
492
673
786
945
945
475
475
475
513
545
513
806
513
545
513
575
287
558
558
525
392
870
809
504
52
835
514
1016
513
543
740
611
507
545
513
888
513
888
513
888
513
563
153
888
232
19
565
392
171
760
566
891
842
492
731
879
879
1007
787
366
366
366
366
366
366
611
366
104
888
104
232
313
525
565
199
282
538
377
377
377
377
982
390
199
282
377
377
377
377
377
806
806
348
1005
657
657
657
657
391
525
392
171
760
542
80
842
842
69
879
879
1007
787
758
366
366
366
366
24
366
366
153
313
673
319
945
475
118
392
479
760
475
514
545
513
534
1755
2968
3829
5008
1397
2252
4006
4335
1561
2412
4077
5012
1049
2412
4077
4919
1457
2412
3232
4278
1700
2412
3345
4414
1049
2347
3735
4414
1457
2907
4039
4540
1561
2907
3987
4296
1561
2818
4036
4852
1457
2544
4072
4335
1049
2467
3526
4743
1049
2452
3735
4414
1049
2248
3904
4335
1049
2905
3498
5094
1561
2907
4042
4351
1049
2412
3997
5015
1561
2412
3526
4132
1561
2457
3829
4810
1049
2135
4077
4763
1049
2097
3997
4414
2003
3070
3742
4335
1984
2602
3460
4938
1555
2589
3832
4907
1660
2972
4077
4646
1392
2452
3525
4134
1557
2608
3303
4414
1392
2093
3225
5059
1557
2920
3504
4625
2046
2787
3855
4862
1547
2249
3802
4293
1248
2419
3335
4508
1345
2912
3473
4296
1248
3071
4053
4919
1659
2412
3297
4786
1824
2320
4006
4813
1950
2721
3881
4335
1262
3071
3525
4510
1675
3022
3915
4948
1160
2946
4077
4578
2003
3041
3671
4335
1714
2209
3447
4536
1547
2249
3855
4335
1160
2419
3509
5096
1300
2912
4052
5059
1160
2398
3107
4950
1723
2412
3413
5096
1700
2344
3209
4335
1723
3043
4077
4296
1457
2054
3868
5069
1903
2912
4052
5059
1628
3043
3335
4296
1843
2054
4088
4487
1777
2920
3498
4460
1300
2249
3945
4962
1843
2564
3504
5096
1049
2789
3335
4615
1457
2398
3673
4444
1371
3022
3649
5079
1049
2419
3335
4460
1843
2912
3704
4414
1583
3011
3868
4457
1077
2052
4091
4877
1457
2942
3613
4999
1700
2665
3413
5096
1049
2419
4054
4589
1843
2452
3504
4589
1049
2452
4053
4810
1049
2627
3674
5059
1049
2119
3935
4589
1049
2119
3901
4132
1049
2990
3335
5052
1755
2511
3653
4823
1975
2268
3488
4795
1701
3017
3608
5057
1523
2813
4004
4720
1561
2925
3933
4127
1561
2748
3933
4955
1097
2649
3822
4458
1076
2248
4039
4510
1911
2612
4036
4654
1911
2649
3802
4927
1419
2990
3893
4931
1419
3012
4088
4876
1419
2628
3869
4876
1419
2936
3747
4876
1419
2788
4036
4835
1419
2788
4039
4876
1419
2628
4061
4876
1419
2907
3904
4335
1419
3017
3950
5012
1419
2889
3782
4335
1419
2748
4077
4335
1419
2961
3891
4876
1419
2889
3891
4414
1930
2771
3598
4431
1977
2182
4084
4503
1711
2989
4052
4853
1675
3071
3270
4853
1991
2307
3942
4175
1846
2313
3932
4478
1755
2457
3876
4969
1755
2859
3942
5009
2010
2424
3675
4302
1279
2883
3675
5079
2003
2979
3498
4414
2046
2644
3758
4170
1248
2529
3778
4740
1711
2940
3111
4170
1700
3007
3498
4414
1349
2162
4077
4927
2000
2150
3890
4414
1300
2936
3509
4145
1515
2829
3890
5009
1515
2162
3727
4457
1843
2162
3890
5012
1155
2939
3890
4487
1248
3071
4079
5026
1300
2771
3890
4782
1515
2619
3890
5110
1252
2162
3935
4950
1723
2952
4054
4931
1723
2612
3764
5118
1049
2990
3673
4615
1515
2990
3952
5118
1748
2850
3890
4830
1628
2697
3459
5110
1252
3028
3887
4145
1748
2833
3890
4299
2000
3071
3890
4770
1515
2612
3890
5110
1456
2209
3890
4926
1456
2567
4054
4810
1858
2248
3890
5058
1628
2990
3782
4460
1628
2990
3901
4654
1843
2649
3504
4747
1349
2889
3935
5012
1858
2889
3782
4526
1252
2939
4088
5118
1635
2635
3111
4120
1327
3007
3684
4711
1127
2330
3935
4817
1397
2497
3509
4919
1843
2121
3509
4519
1397
2326
4054
5106
1049
3012
3890
4171
1843
2990
3890
4810
1843
2162
3890
4937
1049
2162
3890
4494
1049
2452
4054
5052
1300
2506
3839
4494
1396
2693
4068
4386
1396
3032
3506
4834
1523
2791
4077
4771
1959
2162
4039
4539
1959
2478
3398
5015
1049
2592
3904
5118
1959
2649
3839
4654
1300
3007
4072
4494
1911
2936
3891
4175
1349
2592
3747
5089
1419
2314
3684
5118
1628
2248
3869
4830
1419
2985
3952
5015
1911
3012
3951
4955
1049
2877
3673
4876
1419
2907
3869
4858
1748
2833
3890
5114
1911
2990
3997
4810
1419
2985
3901
5089
1349
2802
3498
4170
1748
2939
3951
5015
1803
2592
3951
5112
1803
2791
3890
4508
1419
2314
4054
4589
1419
2990
3901
4132
1454
2985
3935
4950
1803
2162
3782
5015
1846
2337
3834
4578
1597
3070
3209
5080
1557
2443
4077
4797
1892
2540
3231
4562
1903
2905
3406
4457
1160
3071
3778
4171
1903
2419
4077
4747
1160
2912
3599
4150
1345
3043
3890
4258
1160
2054
3855
4955
1991
2225
3335
5059
1515
2912
3824
4962
1723
3071
4053
5089
1635
2320
3727
4853
1167
3050
3649
4456
1345
2419
3839
4889
1167
2920
3284
4296
1903
2398
3965
4175
1248
3050
3639
4919
1903
2649
4053
4526
1248
2419
3649
5089
1345
2920
3890
4927
1349
2912
3526
4862
1345
2972
3107
4589
1628
2419
3904
5096
1456
2567
3335
5047
1628
2748
3890
5059
1903
2813
3335
5012
1248
2398
4009
4950
1903
2649
4053
5089
1959
2419
4032
5031
1911
2419
3901
4589
1049
2649
3725
4835
1561
2804
3715
4905
1975
2777
3123
4792
1626
3017
3734
5097
1755
2791
3673
4285
1959
2789
3747
4351
1959
2085
3504
5015
1392
2083
4036
4151
1755
2735
3296
4494
1397
2277
3951
4670
2000
2874
4077
4889
1561
3017
3747
4980
1300
2905
3509
4926
1349
2564
3824
5096
1911
2162
4036
4460
1076
2284
3704
4931
1419
2248
3504
5115
1076
2119
4077
4962
1843
2813
3504
4862
1076
2748
4088
4132
1419
2162
3335
4876
1628
2248
3824
4983
1791
2612
3440
4510
1051
2746
3619
4927
1594
2746
3737
5115
1899
2833
3804
5052
1775
2801
4039
4950
1155
2467
3868
4755
1924
2277
3924
4468
1653
2889
3893
4950
1981
3028
3839
4170
1155
2225
3201
5115
1252
2097
3997
4950
1653
2989
3750
4296
1748
2284
3893
4484
1515
2801
3782
4950
2023
2813
3715
5118
1628
2907
3987
4950
1803
2748
3296
5114
1252
2467
3890
5012
1252
2567
3887
5118
1252
2889
3839
5089
1653
2925
4042
5059
1877
3065
3558
4684
1638
2398
3185
4423
1029
2082
3166
4821
1280
2191
3804
4583
1051
2249
4005
4860
1410
2199
4077
4140
1652
2297
3608
4891
2015
2833
3795
4967
1981
2459
3231
4862
1298
2753
3934
4171
1924
2225
3715
4508
1653
2162
4077
4893
1349
2350
3313
4354
2000
2944
3893
4625
1515
2332
3891
4955
2023
2735
3904
4830
2023
3047
3987
5114
1723
3071
3966
4830
1675
2521
3495
4364
1581
2925
3586
4398
1798
2429
3843
4442
1280
2191
3335
4967
1051
2191
3743
4654
1404
2424
3947
4150
1331
2944
3327
4925
1924
2411
4005
5059
1248
2105
3966
4919
1181
2694
3987
4654
1334
3063
3901
4830
1515
2956
3504
5096
2023
2883
3526
4305
1248
2649
3096
5114
1456
2619
4088
5110
1924
3071
3904
4484
1252
2939
4088
4747
1248
2649
3893
4654
1456
2869
3839
4654
1748
2619
3891
5029
2023
2162
3887
4830
1155
2694
3904
4460
1252
2694
4079
4950
1653
2788
3904
5118
1456
2619
4072
4926
1628
2350
3952
5110
1607
2874
3300
4814
1635
2283
3884
4546
1127
3065
3819
4690
1700
2721
3796
4357
1515
2697
3300
4171
1487
2731
3880
4810
1843
2833
3727
4414
1049
2990
3231
4934
2000
2248
3839
5058
1049
2922
3901
4171
1049
2314
3231
4132
1049
2748
3231
4539
1252
2791
3901
4810
1252
2833
4054
4171
1396
3042
3880
4510
1396
3008
3982
4711
1755
2289
3690
4460
1523
2411
4053
4539
1959
2452
3398
4414
1843
2990
3504
4934
1911
2985
3950
4539
1777
2936
4079
5096
1281
2248
3914
5011
1349
3012
4056
4853
1456
2276
4054
4927
1858
2628
3950
4860
1911
2990
3327
4810
1803
2748
4087
4678
1281
2877
3869
5052
1419
2961
3891
4858
1454
2248
4087
4810
1419
2162
4087
5052
1281
2452
4072
4950
1628
2990
3901
4889
1419
2735
4087
4931
1281
2162
4009
4132
1858
2976
4054
5115
1281
2567
4039
5058
1281
2813
3935
5015
1928
2791
3901
4950
1419
2985
4087
4132
1343
2860
3189
4833
1597
3015
4032
4604
1675
2424
3335
4198
1160
2284
4077
4305
1345
2253
4077
5096
1160
2912
3335
4926
1547
2699
4053
4482
1160
2054
3335
4625
1995
2912
4063
4931
1777
2398
3094
5114
1723
2724
3952
4170
1160
2920
3824
5089
1723
2860
3284
4931
1825
2766
3786
4391
1892
2920
3409
4875
1675
2632
3189
4830
1160
2529
4053
4770
1903
2419
3596
4861
1160
2912
3778
4460
1547
2699
3649
4589
1160
2701
3952
5059
1723
2912
4052
4484
1777
2972
3868
4661
1723
2419
3876
5052
1515
2912
3904
5110
1723
2253
3987
4150
1160
2920
3649
4889
1723
2912
3804
4861
1515
2972
3248
5011
1723
2054
3890
5118
1515
2920
3904
4305
1232
2452
4053
5110
1628
2649
3843
5059
1371
2452
3335
4170
1371
2649
4053
4837
1371
2054
4052
4950
1803
2912
3335
4747
1371
2452
3778
5110
1515
2054
3284
4296
2003
2717
3952
4539
1755
2868
3603
4494
1397
2874
3498
5059
2000
2905
3542
4854
1049
2119
3890
4305
1515
2990
3649
4335
1628
2564
3335
4539
1049
3007
3698
4412
1628
2119
3649
4714
1049
2813
3951
5115
1628
2990
3778
4950
1456
2253
4005
5118
1535
2854
3088
5095
1626
2978
3198
4801
1701
2883
3880
4985
1561
2791
3782
4771
1561
2452
3783
4589
1561
2813
4008
5096
1349
2592
3802
5059
1911
2162
3778
5058
1371
2833
4072
4771
1803
2619
3876
5114
1803
2748
3901
4589
1419
2162
3777
5096
1803
2936
4072
5058
1456
2248
3824
4335
1419
2748
4054
4858
1858
2472
4054
4810
1454
2592
3725
5089
1803
2813
3869
4926
1499
2592
3890
4876
1858
2748
3108
4950
1454
2592
4009
4955
1499
2735
4054
5015
1263
3065
3664
5054
1215
2691
3824
4337
1345
2833
3674
5041
2000
2462
4072
4926
1481
2150
4004
5110
1557
2905
3517
4399
1327
3023
4093
5119
2003
2484
3796
4195
1248
2833
3473
4971
2003
2888
3511
4171
1748
2119
4077
4955
1607
2150
4072
4858
1675
2255
3231
4539
1049
2564
3690
4615
1899
3071
4094
4132
2000
2850
3951
5058
1607
3071
4072
4215
1456
2162
4077
4927
1723
2467
3940
4460
1252
2452
3890
4106
2000
2889
3890
4494
1515
2619
4008
4950
1515
2989
3997
5089
1607
3071
3380
4934
1723
2956
3504
5052
1298
2612
4054
4977
1252
2097
3839
5012
1924
3007
3839
5110
1653
2877
4008
4830
1456
2350
3747
4170
1723
2801
3891
4950
1981
2612
3824
4889
2023
2990
3987
5089
1515
2989
4042
5114
1456
2097
3715
4889
1628
2314
4054
4733
1653
2564
3824
4889
1371
2990
3284
5089
1454
2248
3839
4934
2023
3047
4039
4170
2023
2478
3952
4950
1456
2452
4039
5110
1252
2452
3891
4934
1628
2990
4039
4934
1454
2889
3839
4654
1931
2489
3439
4919
1755
3023
3552
4676
1261
3021
3596
4845
1959
3039
4077
4800
1049
2990
3107
4639
1607
2697
4079
4171
1487
2997
3952
4431
1049
2564
3231
4539
1049
2119
3839
4494
2000
3071
3942
4494
1049
2510
3935
4747
1049
2889
3839
4171
1628
2162
3890
4810
1049
2119
3890
4171
1412
2680
4068
4711
1396
2552
3096
4542
1959
2347
3951
5003
1561
2225
3603
5041
1561
2452
3552
4526
1843
2945
3504
5110
1049
2467
3673
5041
1419
2472
4091
5050
1911
2735
3777
5012
1456
2777
3952
4950
1628
2277
4039
4654
1628
3071
3303
5089
1454
2990
3987
5115
1803
3012
4072
4955
1803
3012
3935
4889
1419
2748
4072
4858
1419
2735
3950
4889
1858
2567
3284
4830
1499
2472
4091
5118
1803
2990
3869
4769
1454
2697
4079
4889
2041
2277
4072
5015
1554
2248
3622
4508
1481
2262
3719
5096
1248
2452
3577
4589
1515
2467
3891
4305
1723
2248
3831
4800
1327
2564
3824
5059
1480
2463
3177
4722
1206
2905
3649
4792
1336
2608
4077
4691
1675
2253
4077
4998
2046
2535
4014
4416
1991
2912
3605
4508
1160
2253
4087
4830
1991
2419
3310
4539
1515
2912
3942
4747
1903
2253
3500
4927
1515
2419
3890
4950
1723
2912
3824
5089
1903
2253
3605
4853
1029
2199
4093
4286
1280
3069
3096
4836
1188
2601
3881
4830
1160
2097
4014
4457
1780
2225
3847
4836
1694
2274
3094
5114
1981
2284
3843
4747
1345
2082
3335
4950
1160
2746
4053
5058
1723
2619
3914
5096
1653
2619
3335
5089
1248
2649
3772
4305
1515
2411
3891
5096
1456
2411
3335
5089
1723
2567
3966
4305
1628
2567
3893
5096
1155
2802
3335
4755
1456
2567
3891
4305
1349
2889
3966
5096
1628
2936
3915
4926
1230
2935
3608
4278
1485
2257
3552
4620
1755
2443
4091
4733
1700
3029
3987
5118
1561
2467
3952
5050
1700
2936
3297
4490
1327
2665
3183
4630
1397
3029
3919
4844
1700
2944
3504
4171
1049
2990
3890
4171
1723
2628
4077
5079
1300
2735
3878
4955
1628
2248
3924
4751
1843
2119
3504
4889
1843
2644
3951
4414
1748
2248
3987
4171
1628
2830
3154
4776
1515
2567
4072
4950
1481
2956
3498
4414
1829
2492
3558
4940
1335
2394
3889
5011
1585
2860
3737
4539
1775
2971
3559
5108
1352
2506
3987
4943
1368
2889
3966
4884
1607
2735
4039
4411
1607
2467
3596
4830
2034
2452
3887
5110
1775
2741
4077
5118
1368
2889
3498
5089
1515
2735
3868
4720
1607
3012
3327
4971
1607
2452
3890
5090
1723
2833
3698
4615
1775
2717
3824
4955
1368
2209
3274
4305
1515
2735
3654
4170
1607
2162
3727
4950
1723
3028
3727
5058
2000
2833
3526
4654
1352
2060
3440
4786
1188
2484
3542
4861
1594
2967
3715
4977
1780
2225
4054
4589
1641
2309
3737
4187
1460
2057
3772
4414
1284
3015
3198
5099
1652
3047
3197
4621
1607
2186
4077
4320
1835
2249
3554
4755
1155
2283
3891
4171
1924
2612
4077
5089
1334
2433
3231
5116
1515
2255
3951
4171
1607
2109
4054
4171
1723
2788
3914
4786
2000
2165
3914
4478
2000
2284
3782
4484
1515
2177
3901
5089
1456
2697
3605
5052
1456
2791
4054
4950
2023
2833
3890
4615
2000
2567
3935
5114
1454
2735
3890
4830
1456
2877
3935
4654
1723
2255
3952
4858
1628
2939
3904
4654
2000
2694
3893
4720
2000
2531
3284
4889
1515
2968
4088
4170
1748
2735
3715
4905
1858
2162
4072
4950
1252
2452
4088
4720
2000
2989
4042
5089
1515
2694
3284
4955
1454
2877
3890
5029
1456
2162
3284
4926
1858
2985
3890
5115
2000
2939
3951
5089
1748
2990
3891
4837
1252
2735
3325
4919
1252
2877
3901
4955
1858
2162
3901
4934
1748
2452
4054
4654
2000
3071
3704
4755
1846
2811
3116
4351
1755
2402
3428
4567
1397
3028
3673
4351
1607
2939
4039
4539
1419
2452
3398
4714
1723
3028
4077
4462
1232
2990
3824
4615
1454
2649
3498
4950
2023
2162
4072
4983
1419
2162
3747
5012
1858
2248
3904
5052
1454
2833
3890
4926
1454
2567
4087
5118
1975
2277
3558
4424
1626
2478
3645
5095
1755
3007
3647
4258
1959
2411
4087
4826
1561
2813
3284
4414
1561
2889
3673
4955
1911
2925
3901
5012
1911
2877
4036
4771
1911
2452
4054
4771
1803
2411
4087
5058
1076
2985
3782
4955
1803
2748
4087
4876
1454
2248
4072
4858
1456
2777
3891
4950
1858
2748
3935
4950
1252
3050
4079
4460
1748
2990
3284
4830
1454
3017
3325
5012
1252
3007
4079
4950
1858
2566
4054
4962
1803
2748
3822
5058
1499
2813
3904
4810
2043
2592
3839
4934
1900
2472
3901
4950
1454
2592
4072
5115
1858
2813
3108
4950
1900
2472
4054
4950
2003
2565
3919
4414
1535
2402
3464
4464
1206
2940
3953
4770
1711
2912
3780
4294
2032
2741
4053
4484
1368
2225
3176
5096
1991
2990
3778
4539
1481
2054
3300
4258
1991
2920
3300
4934
1481
2100
4073
4926
1991
2972
4077
4334
1899
2419
3901
5089
1723
2912
3890
4215
1456
2344
4052
5047
1984
2430
3558
4448
1703
2887
3778
4117
1660
2093
3529
4899
1167
2623
3987
5059
1481
2912
3791
4875
2046
2612
3420
4830
1345
2529
3335
5015
1248
2787
4094
4961
1547
2813
4052
4334
1248
2419
3335
4335
1345
2912
3778
5115
1248
2253
3639
5040
1903
2419
4008
4170
1248
2912
3154
4862
1345
2253
4008
4150
1995
2748
3335
5089
1903
2100
3498
4782
1628
2253
4053
4150
1903
2701
3890
4175
1628
2912
3987
4747
1456
2253
4072
4150
1628
2920
3498
5096
1371
2912
3804
4889
1371
2253
3987
4150
1628
2419
3987
4654
1928
2912
4008
4927
1261
2995
3313
4371
1755
3057
3752
4770
1397
3029
3890
4437
1300
2859
3890
4770
1700
2802
3952
4414
1300
2813
3335
5047
1300
2452
3778
4654
1049
2419
4053
4654
1049
2564
3335
4251
1456
2248
3498
4889
1723
3071
3890
5096
1049
2789
3890
4821
1535
2545
3802
4854
1626
2421
3965
4278
1701
2276
3530
4876
1561
2649
3783
4414
1561
2990
3552
4962
1049
2467
3777
4676
1300
2748
3951
4134
1803
2907
3951
5096
1803
2791
3987
4971
1628
2628
3965
5114
1803
2813
3690
4460
1748
2452
3966
4950
1628
2649
3915
4858
1456
3050
4009
4747
1803
2452
3904
4654
1803
2649
3935
4221
1803
2452
3901
4654
1803
2748
4072
5105
1456
2567
3284
4955
1858
2748
3890
4926
1803
2649
3782
5110
1858
2820
3777
5112
1454
3050
4009
4747
1263
2699
3664
4927
2034
2314
3478
5079
1991
2691
3887
4971
2000
2177
3940
4853
1903
2521
3839
4296
1334
2877
3839
4397
1062
2122
3558
5023
2003
2770
4073
4414
1700
2833
3509
4792
1659
2825
3498
4414
1903
2283
3280
4889
1607
2850
3498
4539
1628
2162
3473
4860
2034
3071
3727
4676
2000
2619
4077
4740
1300
2990
3498
4484
1515
2735
3715
5094
1607
3071
4072
4171
1232
2567
3313
4171
