194
669
977
977
247
691
923
736
736
172
719
948
101
951
368
989
749
630
963
3
3
1008
721
970
172
205
281
101
947
503
279
277
698
255
151
20
889
616
521
785
1000
827
149
616
339
850
737
236
736
172
137
23
473
553
521
521
739
1000
145
149
145
527
850
341
316
592
669
841
977
977
247
265
736
172
172
690
281
101
101
435
478
667
470
963
3
3
342
721
736
172
205
281
101
947
1008
923
736
968
800
23
948
101
78
753
753
470
3
470
3
3
83
737
236
736
172
60
281
101
101
691
236
970
172
719
281
101
503
53
316
592
669
977
977
977
247
1008
721
736
172
172
16
101
519
368
989
354
667
376
963
3
691
721
970
172
205
281
101
947
315
925
144
467
60
690
948
101
101
753
753
470
470
3
3
3
765
923
736
968
172
719
101
101
101
753
753
470
125
3
3
3
676
53
592
592
669
977
977
247
247
737
236
736
172
172
431
101
101
926
551
354
667
749
376
3
83
342
41
172
172
281
101
101
947
315
460
27
60
16
914
101
101
753
776
17
470
3
3
3
83
572
46
968
60
60
101
101
101
1008
236
736
172
719
281
101
19
897
316
592
669
977
977
977
247
1008
721
736
172
172
719
101
101
368
478
667
630
470
3
3
691
721
970
172
205
281
101
947
765
925
736
27
60
23
948
553
101
753
753
470
470
3
618
3
757
923
736
736
172
719
281
101
101
753
753
470
470
3
3
19
897
316
592
669
841
977
977
247
691
923
736
736
172
719
873
101
947
368
478
989
630
963
3
3
83
572
41
172
205
719
101
101
503
923
736
27
493
618
23
101
101
753
753
470
470
3
3
3
691
721
144
968
60
690
101
101
947
572
460
736
172
16
873
101
947
341
609
592
669
841
977
977
247
691
236
736
172
172
493
948
947
368
478
989
667
667
3
3
83
721
970
172
16
281
101
101
757
279
144
27
60
23
948
101
101
753
753
431
470
3
3
3
757
923
736
968
172
60
281
101
101
753
753
431
470
470
3
3
503
82
316
592
669
841
977
247
691
923
736
172
172
493
87
101
947
368
478
667
630
963
3
3
691
721
970
172
205
281
101
947
757
279
736
27
60
690
101
101
101
753
753
125
3
125
3
3
342
925
144
60
60
534
1270
2589
3662
4509
1755
2660
3464
4835
1755
2717
3831
4197
1896
3070
3802
4698
1755
2343
3480
4639
1700
2467
3802
4414
1755
2717
3504
4985
1755
2717
3622
4335
1561
2412
4077
4175
1846
2257
3676
4931
1057
2383
3704
4795
1300
2890
4056
4733
1300
2249
3931
4907
1700
2452
3581
5112
1349
2255
4088
4945
1049
2788
3868
4497
1300
2869
3802
4927
1457
2403
3327
4494
1807
2404
3526
4858
1300
3022
3802
4484
1300
2890
3987
4747
1127
2986
3979
4175
1457
2484
3613
5091
1127
3041
3802
4615
1561
2824
3979
5089
1127
3041
3966
5112
1300
2829
3802
4478
1300
2905
3107
4934
1049
2248
4077
4695
1561
3022
3802
4589
1049
2248
3802
5089
1049
2467
4077
4636
1561
2419
3802
5089
1191
2275
3413
4397
2015
2949
3802
4927
1300
2383
3613
4903
1049
2677
3904
4962
1300
2325
3802
4889
1700
2406
3887
4122
1300
2677
3300
4878
1300
2907
4077
5059
1300
2463
3893
4705
1561
2135
3802
4927
1561
2889
3504
5114
1175
2625
3824
4782
1219
2283
3558
4987
1801
2383
3611
4721
1755
2801
3383
4961
1557
2467
3672
4215
1764
2199
4088
4411
1457
2889
3777
4494
1755
2380
4008
4844
1127
2330
4042
4220
1755
2660
3790
4844
1755
2255
3467
4331
1127
3055
3533
4220
1127
2325
3950
4220
1755
2463
3270
5105
1755
2918
3736
4934
1127
2748
4006
4431
1822
3021
3685
4927
1127
2419
3868
4422
1127
2330
3690
5114
1127
3022
4088
4431
1127
2748
3736
4747
1127
2472
3725
5036
1127
2314
3764
4221
1127
3041
3413
4122
1127
3009
3603
4292
1561
2419
3300
4985
1745
2977
3796
4764
1996
2620
3872
4364
1801
2463
3802
5042
1896
2424
3824
4338
1755
2179
3802
4720
1127
2887
3095
4593
1700
3022
3662
5105
1397
2619
3802
4497
1700
2883
3802
4539
1659
2380
3868
4747
1700
2957
3300
4817
1127
2619
3690
5027
1896
3071
3690
4911
1659
3022
4077
5056
1127
2097
3673
4589
1127
2330
3401
5114
1127
3041
3095
4876
1127
2330
3603
4862
1127
3041
3690
5027
1127
3055
3673
5068
1127
3041
3782
4782
1561
2918
3928
4487
1127
3041
3335
4536
1049
2248
3965
5059
1959
3055
3802
5089
1997
2854
3428
4159
1660
2692
3953
4168
1812
2540
3464
4788
1557
2619
4022
4697
1812
2694
3585
4684
1557
2257
3486
4540
1755
2619
3237
4589
1755
2764
3526
4972
1557
2248
3504
5056
1801
2972
3517
4861
1755
3000
3997
4364
1701
2443
3802
4145
1560
2274
3504
4822
1188
2404
3736
4970
1561
2105
3966
4861
1700
2567
3504
4374
1981
2529
3498
4615
1815
2940
3802
5015
1300
2748
4077
4945
1457
2824
4030
4537
1561
2907
3802
4861
1659
2961
3504
5052
1300
2467
4077
5114
1457
2918
3467
4416
1127
2350
3231
5068
1561
2985
3933
4313
1127
2788
3698
4889
1561
2918
4061
4335
1300
3022
4053
4795
1300
2905
3802
5114
1127
3041
3987
5059
1959
2918
3335
5089
1049
2248
3530
4414
1561
2918
3690
4354
1561
2907
3327
5015
1057
2612
3727
4950
1181
2060
3526
4508
1457
2862
3804
4522
1049
2677
3942
4755
1049
2467
3697
4776
1700
2741
3802
4967
1561
2619
3966
4296
1561
2918
3893
4335
1300
2350
3802
4494
1300
2314
3802
4795
1049
2462
4088
5068
1049
2350
3782
4318
1701
2791
3942
4795
1517
2598
3558
4432
1899
2829
3504
4494
1561
2869
3327
4796
1659
2360
3802
4414
1298
2939
3802
4853
1659
2907
3104
4318
1924
2333
4042
4824
1457
2741
3843
4697
1801
3071
3901
4414
1700
3066
3704
4589
1049
2350
4088
4950
1300
2829
3990
4414
1561
3022
3725
5094
1049
2971
3940
4743
1300
2314
4077
4919
1561
2567
3868
4970
1561
2567
3335
4508
1457
2567
3673
4459
1049
3008
3890
4771
1561
2452
4042
4296
1049
2248
3504
4695
1049
2248
3504
4170
1561
2818
3674
4351
1300
3017
3824
4589
1300
3071
3690
4414
1403
2344
3997
4314
1188
2484
3893
4876
1659
2105
3804
4335
1561
2135
3802
4962
1659
2567
3802
4201
1700
2105
3802
4747
1457
2907
3662
4749
1300
2459
3613
4132
1701
2398
3526
4663
1700
2567
3802
4747
1561
2412
3727
5037
1049
2314
3970
5112
1755
2326
3300
4970
1057
2455
3526
4770
1334
2989
3495
4950
1561
2788
3802
5118
1300
3047
3876
4175
1300
2528
4036
4663
1457
2455
3802
4792
1300
2350
3933
4927
1700
2406
3802
4589
1561
2788
3802
4615
1049
2467
4061
4695
1875
2257
3953
4251
1436
2249
3828
5025
1812
2717
3979
4980
1557
2962
3335
4906
1557
3055
4077
5096
1755
2619
3940
4456
1557
2531
3869
4494
1557
2529
3673
4876
1755
3069
3450
4127
1755
2813
4008
4351
1755
2619
4079
4858
1701
2905
3464
4170
1659
2529
3777
4197
1683
2275
3934
4414
2015
2105
3982
4905
1300
2463
3887
4414
1700
2148
3727
4411
1300
2869
3901
5059
1300
2350
3782
4532
1300
2165
3727
4508
1300
2788
3904
4539
1300
2801
4088
4934
1300
2619
3869
4615
1127
2467
3798
4860
1127
2604
4079
4835
1457
2130
3735
4414
1300
2905
3802
4589
1700
2544
4042
4414
1561
2567
3951
4820
1959
2567
4077
5059
1300
2905
3802
5059
1561
2567
3782
5096
1049
2248
4088
5012
1049
2248
3690
4414
1561
2818
3890
4414
1300
2248
3893
4830
1791
2957
3613
4720
1155
2459
3284
4484
1300
2801
3802
4889
1300
2985
3802
4538
1807
2824
4056
4351
1300
2147
3284
4962
1300
2411
4077
5114
2023
2248
3523
4962
1659
2957
3698
4927
1300
2985
3508
5052
1127
2467
3231
4690
1666
2601
3664
4494
1029
2989
4077
5110
1700
2411
3504
4965
1561
2788
3517
4861
1700
2321
3802
4175
1300
2700
3495
4695
1801
2439
3495
4459
1300
2869
4077
4384
1175
2177
3608
4927
1175
3069
3613
4589
1807
2333
3327
4801
1300
2463
3893
4589
1700
2918
4077
4549
1300
2619
3802
4934
1300
2971
4008
4654
1300
2889
4006
4950
1457
2824
3891
4251
1300
2905
3802
4934
1049
2421
3782
4384
1561
2918
3690
4747
1049
2628
3725
4351
1561
2567
3690
4876
1049
3008
3933
4950
1049
2472
4088
4384
1830
2908
3690
4533
2005
2249
3558
4242
1659
2516
3704
5110
1959
2344
3454
4546
1700
2728
3504
4510
1659
2206
4008
4615
1300
2788
3868
4508
1561
2869
3802
4875
1899
3071
3603
4560
1700
2741
3802
4860
1659
2918
3777
4624
1561
2350
3802
4414
1300
2457
3600
4318
1300
2788
4006
4508
1300
3071
3526
4508
1561
2350
3802
4771
1300
2619
3802
4384
1049
3008
3891
4950
1300
2905
3802
4763
1049
2985
3725
4589
1690
2717
3802
5094
1049
2472
3940
4318
1049
2472
4091
4962
1561
3000
3914
4384
1686
3015
4090
4770
1999
2890
3969
4999
1403
2589
3786
4889
1812
2717
3365
4459
1557
2905
3314
4158
1755
2383
3613
4739
1755
2813
3183
5056
1557
2989
3662
5118
1557
2540
3504
5115
1755
2717
4091
4615
1755
2813
4079
4318
1701
2789
3442
4122
1755
3007
3802
4484
1127
2330
3802
4676
1517
2257
3201
4895
1899
2829
3504
5058
1049
2869
3802
4927
1300
2360
4088
4244
1298
2209
3802
5058
1659
2801
3504
5096
1300
2985
3526
4132
1300
2150
3504
4705
1300
2540
3454
4927
1700
2733
3581
4726
1457
2748
3802
5059
1127
3041
3704
4931
1755
2181
3289
5089
1300
2905
3933
4495
1457
2918
3613
5114
1561
2907
3966
4861
1127
3041
3940
4695
1561
2411
3933
4695
1457
2208
3600
4455
1561
2412
3690
4422
1127
3041
3885
4771
1300
2905
3802
4613
1561
2544
3802
4414
2032
2404
3413
4908
1780
2060
3284
4537
1700
2185
4077
4351
1300
2746
3413
5037
1049
2350
4088
4601
1300
2885
3802
4589
1300
2788
3782
4695
1300
2350
3802
5118
1561
2748
3727
4889
1049
2434
3966
4249
1300
2918
3782
4508
1300
2411
3893
4589
1814
2905
3727
5033
2015
2463
3880
4839
1700
2225
3380
4414
1397
2677
3904
4858
1457
2325
3662
4522
1700
2748
3802
4967
1659
2746
4053
4414
1300
2619
3782
4962
1659
2918
3727
4384
1457
2863
3901
4318
1300
2890
3802
4384
1300
2619
4077
5096
1300
2411
4077
4589
1561
2889
4077
4747
1300
2700
3725
4589
1561
2748
3802
4747
1300
2248
4077
4197
1049
2411
4077
5096
1300
2248
3891
4414
1049
2314
3913
4384
1300
3022
3802
4771
1049
2419
3764
5115
1561
2961
3690
4771
1049
3008
3965
4835
1666
2741
3413
5068
1367
3069
4077
4848
1700
2484
3802
5052
1300
2788
3802
4494
1561
2088
4042
5041
1457
2889
3802
4321
1300
2829
3919
4459
1690
2801
3868
4924
1843
2918
4077
4305
1300
2788
3990
4854
1561
2411
3802
5012
1300
2248
4072
4305
1561
2789
3802
4414
1555
2939
3208
5033
2015
2105
3982
4782
1300
2985
3782
4170
1561
2309
4052
4858
1300
2325
3096
4705
1155
2255
3802
4771
1300
2788
3987
4926
1300
2788
3987
4771
1300
2619
3802
4926
1561
2097
4083
4967
1349
2567
3868
4843
1593
2761
3217
5028
1555
2890
3597
4241
1392
2962
3933
4302
1392
2877
3662
4468
1392
3021
3802
4181
1755
2347
4053
4589
1755
2765
3080
4119
1700
2890
3802
4835
1392
3021
3802
5110
1755
2748
3933
5108
1701
2925
4008
4494
1959
3022
3764
4494
1755
2133
3826
4324
1604
2171
3094
4414
1155
2455
3398
5094
1300
2801
4006
5115
1659
2206
3804
4747
1807
2484
3966
4589
1561
2147
3727
5029
1300
2985
3782
4726
1300
2619
4077
5094
1561
3022
4042
5114
1700
2907
3504
4318
1300
3022
3802
4934
1261
2208
3398
4117
1457
2918
3893
4743
1701
2694
3802
5052
1300
2463
3467
5059
1457
2907
3931
4771
1561
2918
4061
4539
1701
2411
3869
4924
1561
2800
3727
5059
1561
2119
3623
4285
1127
3041
4091
4589
1561
3008
3802
5059
1701
2990
4039
4919
1594
2573
3398
4833
1334
2746
3413
5095
1561
2918
4042
4201
1300
2350
3506
5012
1300
2097
3447
5114
1300
2907
3802
4422
1300
2350
3107
4314
1300
2540
3966
4351
1701
2484
3782
4285
1300
2907
3802
4285
1300
3071
3802
5052
1191
2118
3464
4414
1788
2186
4077
4354
1801
2694
3931
4676
1700
2459
4072
4955
1659
2225
3697
4695
1049
2467
3526
5068
1659
2746
3802
4414
1175
3069
4077
5013
1248
3066
3268
4132
1175
3069
3736
4795
1300
2411
4077
4335
1659
3071
3504
4924
1457
2694
3931
4624
1049
2472
4088
5094
1457
2552
4091
4962
1701
2972
4042
4285
1561
2567
3802
4351
1049
2419
3890
5079
1561
2411
3940
4384
1457
2918
3965
4589
1049
2248
3335
4414
1561
2567
4006
4747
1300
2789
4077
4934
1561
3022
3674
5059
1457
2989
3931
4715
1267
2512
3558
4923
1899
2529
3715
5058
1755
2801
3182
5037
1392
3069
4056
4414
1298
2463
3772
5089
1659
3063
3398
4615
1561
2350
3942
4318
1300
2748
3802
4927
1807
3071
3966
4225
1300
2332
3942
4705
1700
2694
4077
4858
1300
2905
3495
4508
1300
2905
3398
4201
1300
2411
3690
4782
1457
2694
3600
4318
1049
2097
4088
4889
1300
2907
3893
4950
1561
2889
3914
5052
1300
2411
4077
5059
1300
2907
4077
4934
1049
3009
3764
4127
1049
2248
3725
4414
1626
2625
3932
4670
1219
2962
3830
4474
1996
2589
3115
4119
1392
2579
3780
4526
1392
3021
3867
4681
1392
2253
3608
4403
1755
2952
3777
4414
1755
2952
4094
4899
1700
2890
3504
4340
1755
2748
3868
4876
1700
2905
3719
5091
1755
2411
3719
4258
1700
2529
3843
4335
1523
2717
3890
4145
1841
2516
3983
4938
1896
2484
4008
4977
1659
2801
3504
4681
1788
2964
4056
4962
1807
2484
3966
4962
1659
2225
3697
4871
1653
2333
4077
5029
1300
2748
3987
5114
1300
2788
4042
4335
1899
3071
3581
4132
1300
2885
3891
4201
1300
2788
3966
4864
1397
2248
3923
4670
1700
2820
4006
4697
1127
3009
3673
5036
1561
3022
4043
4536
1659
3041
3802
4889
1300
2463
3585
4743
1700
2920
3802
4946
1659
3071
3662
5059
1561
2748
3802
4414
1561
2412
3965
4351
1561
2918
3890
5059
1561
2694
3802
5089
2032
2404
3482
4917
1029
2957
3105
4374
1155
2225
3413
5052
1049
2788
3987
5114
1300
2088
3940
4201
1659
2216
3504
4318
1300
2788
3454
5012
1300
2869
3719
4726
1700
2694
4008
4414
1300
2314
4077
4624
1049
2248
3504
5118
1700
3041
3802
4983
1028
2459
3558
4103
1896
2879
3782
4414
1659
2567
3581
4494
1788
2746
3437
4533
1801
2463
4042
4414
1981
2885
3795
4919
1659
3069
3802
4414
1300
2177
3931
4161
1127
2638
4042
5015
1700
2411
3504
4889
1127
2740
3327
4416
1300
2248
3782
4508
1300
2788
3398
4747
1049
2419
4061
5026
1300
2314
3508
5090
1561
2748
3508
4771
1300
2091
4006
4983
1561
2350
3802
4747
1300
3071
4072
4414
1300
3071
3111
4487
1300
2857
3990
4654
1049
2248
3690
4414
1561
3022
3690
4414
1561
2791
4006
4318
1837
2255
3997
4459
1835
2940
3915
5093
1659
2801
4072
4414
1049
2135
3745
4508
1807
2255
4042
4743
1300
2350
3782
4743
1700
2567
3802
4414
1300
2459
3810
4962
1659
2694
3719
4414
1300
2463
3890
4431
1300
2248
3891
4743
1701
2694
3802
4905
1666
2283
3736
4943
1369
2746
3464
4601
1300
2883
3802
4862
1561
2788
3997
5112
1300
2088
3987
4414
1300
2855
3795
4615
1300
2788
3802
5110
1300
2869
4072
4484
1300
2467
3526
4351
1700
2484
4056
4858
1659
3022
3802
4858
1300
2907
3119
4962
1087
2343
3504
5059
1219
2201
3780
4925
1996
2920
3780
4629
1392
2962
3270
4160
1392
2912
3096
4494
1392
3050
4077
4889
1755
2952
3870
4743
1755
2748
3202
4955
1700
2457
3890
4127
1523
2952
3384
4414
1700
2820
3111
4965
1701
2905
3868
5058
1755
2802
3869
4318
1846
2823
4077
4423
1696
2097
3876
4487
1700
2406
3888
4795
1457
2771
4052
4540
1924
3066
3856
4654
1300
2314
3386
5115
1155
2412
3377
4184
1659
3066
3673
4615
1899
3022
3824
4305
1700
2484
3504
4875
1049
2788
3890
4950
1755
3071
3950
4690
1457
2985
3931
4697
1457
2567
4048
4743
1561
2619
3890
4508
1659
2976
3802
4743
1397
2233
3844
5015
1959
2567
3802
4817
1561
2333
3698
4296
1701
2972
3929
4589
1561
2567
3802
4414
1300
2905
3725
4132
1561
3022
3802
5015
1057
2457
3870
4109
1181
2060
3890
4747
1300
2463
3887
4636
1049
2135
4088
4678
1300
2325
4077
4889
1700
2406
3887
4726
1561
2788
4042
4487
1300
2907
4077
5118
1843
2411
3504
4983
1457
2484
4091
4307
1561
2800
3802
5114
1300
3022
3940
4459
1560
2424
3762
4429
1188
2404
3284
4397
1561
2360
3802
4919
1700
2260
3504
4987
1659
2905
3504
4201
1700
2383
3931
4927
1700
2741
3585
4414
1659
2463
3504
4132
1457
2883
3508
5009
1659
2567
3880
4414
1700
2567
3284
4519
1659
3022
3987
4145
1561
3022
3802
4624
1300
2905
3413
5041
1300
2248
3802
4835
1049
2248
3802
4414
1561
2472
3802
4296
1457
2567
3824
4384
1561
2412
3782
4946
1701
2694
3933
4747
1049
2472
3725
5015
1300
2529
3940
4695
1959
2567
3913
4335
1049
2333
3933
5015
1841
2516
3770
4670
1155
2109
3208
4871
1659
2801
3413
4414
1659
2206
3876
4615
1298
2404
4061
4950
1659
2225
3933
4151
1801
2567
3647
4663
1659
2746
3504
4422
1561
2788
4042
4414
1700
3066
3072
4962
1561
2748
3890
4351
1701
2649
3630
4414
1701
2694
3662
4308
1561
2350
3727
4296
1049
2789
3802
5089
1300
2907
3398
4494
1300
2905
3508
5096
1561
2567
3942
4318
1300
2890
3802
4296
1561
2889
3802
4414
1300
2592
3674
4459
1049
3009
4091
4494
1300
2529
3802
4906
1300
3022
3690
5118
1566
2962
3096
4848
1436
2351
3458
4512
1403
3021
3511
4526
1403
3021
3649
4460
1755
2467
3492
4452
1755
2403
3868
5096
1755
2980
3802
4872
1755
2717
3903
4695
1755
2467
4036
4695
1701
2467
3802
4414
1755
2717
3890
4771
1755
2411
3508
5029
1621
2940
3198
4895
1155
2109
3208
4720
1049
2869
3802
4899
1801
2516
4091
4962
1807
2404
3380
4225
1659
2344
3802
4478
1700
2957
3698
4324
1659
2619
3450
5114
1457
2411
3782
4946
1300
3066
3942
4924
1701
2857
3802
5112
1127
3041
3997
4225
1397
2091
3802
4163
1561
2350
3802
4414
1755
2567
3673
5114
1457
2567
3613
4934
1457
2857
4091
4494
1127
3041
3868
4695
1561
3022
3802
5089
1701
2694
3802
4906
1300
2529
3690
4589
1561
2472
3940
4830
1300
3022
4053
4697
1690
2939
3869
4926
2017
2989
3868
4875
1298
2380
4008
4296
1300
2777
3795
4860
1457
2949
3890
4145
1807
2618
4019
4508
1659
3022
3940
4695
1300
2986
4077
4924
1561
2567
3782
4924
1300
2907
4077
4384
1659
2567
4072
4459
1561
3022
3327
5052
1300
2467
4039
4305
1517
2201
3986
4755
1801
2455
3878
4862
1561
2869
4077
5112
1700
2889
3504
4593
1807
2404
3782
4695
1659
2801
3674
4414
1457
2862
3662
4747
1127
2403
3982
5047
1701
2484
3903
4919
1659
2105
3965
5118
1127
3041
3496
4494
1457
2978
3377
4861
1701
2883
4008
5037
1300
2905
3880
4384
1300
2905
3715
5114
1561
2820
3802
4615
1701
2717
3698
4962
1561
2748
3802
5089
1561
2818
3965
4351
1561
2567
3965
4414
1300
2748
4077
4655
1561
3022
3940
4318
1700
3050
3802
4414
1545
2939
3398
4129
1835
2660
3486
5118
1659
2801
3558
4927
1457
2989
3931
4861
1807
2567
3727
5118
1659
2383
3931
4715
1561
2411
4006
4962
1701
2802
3704
5037
1457
2802
3802
4749
