9217
9218
1012
668
668
482
692
482
482
241
241
266
958
91
698
89
89
241
589
359
91
1015
241
224
913
562
466
241
190
786
682
91
89
63
91
249
19
633
91
1015
249
249
633
91
466
402
50
590
682
698
89
522
249
249
633
359
1015
1015
901
63
1015
466
466
503
67
682
469
425
758
835
232
190
633
91
1015
522
63
63
249
249
402
69
590
91
698
89
522
249
249
402
633
359
1015
522
249
249
249
249
109
69
359
91
698
89
249
249
295
633
91
1015
703
63
249
249
232
483
786
682
91
89
522
249
249
249
69
359
91
1015
63
522
901
249
483
786
682
91
425
522
522
249
722
359
91
1015
295
359
249
232
232
263
94
987
904
447
702
459
553
889
393
1000
393
339
1008
67
987
904
23
23
929
1000
929
257
145
616
339
195
67
987
904
800
23
393
1000
393
393
339
67
94
904
904
23
702
459
929
616
257
145
527
850
67
958
904
137
23
393
393
1000
145
527
339
195
67
987
904
137
23
145
1000
145
527
406
342
94
904
904
23
393
459
393
393
257
393
406
67
94
904
904
23
459
929
1000
145
1000
339
1008
67
987
904
425
23
393
1000
393
527
393
260
578
862
458
326
44
516
632
220
73
220
220
431
850
266
578
682
532
920
920
412
594
513
545
603
603
266
578
862
532
601
920
412
594
603
603
19
722
942
33
326
601
920
412
594
513
545
513
603
266
578
33
532
465
920
51
594
160
1016
603
109
599
578
862
642
532
920
412
38
38
603
722
67
958
904
904
23
412
73
220
431
220
220
545
220
603
67
958
904
904
23
889
73
218
431
616
218
616
850
265
94
904
904
23
702
459
73
527
121
263
67
987
904
23
23
459
218
218
1000
218
527
121
265
94
904
904
23
23
550
550
257
218
527
850
265
67
987
904
23
23
929
889
218
218
1008
67
987
904
425
23
496
218
218
1000
218
340
121
67
94
904
904
23
702
889
218
257
218
691
67
987
904
800
23
702
333
218
218
257
121
67
958
904
642
326
497
632
73
73
220
73
73
389
599
862
642
326
220
73
220
73
220
73
618
195
599
358
39
646
497
516
632
73
73
121
722
578
33
646
646
291
308
726
554
310
633
319
725
221
554
310
633
358
260
633
958
904
89
835
835
1016
276
599
481
290
550
758
534
