306
668
517
517
517
517
517
517
517
517
517
517
611
310
847
847
1020
28
829
957
829
517
272
272
740
517
272
517
272
517
711
847
158
1020
829
28
223
517
272
517
272
517
55
852
483
822
158
1020
454
28
966
52
135
517
272
162
55
852
805
683
1020
1020
162
162
162
162
162
805
683
491
517
272
457
683
1020
718
852
805
683
1020
1020
829
162
457
683
1020
491
587
683
1020
1020
805
683
1020
476
162
162
683
158
1020
162
563
162
683
162
805
683
158
80
162
683
1020
1020
162
162
162
162
162
162
805
683
158
1020
718
162
162
162
805
683
1020
162
162
162
740
162
805
683
1020
683
162
162
162
162
805
683
1020
641
162
162
563
162
162
805
223
1020
162
718
162
162
603
167
683
1020
885
162
457
683
1020
162
457
683
1020
1020
162
457
683
1020
162
162
683
1020
491
513
457
683
1020
513
711
683
158
1020
162
457
683
1020
162
162
683
1020
451
162
683
158
1020
162
162
805
683
1020
162
457
683
1020
162
162
545
603
683
158
646
683
1020
162
513
603
683
22
867
162
457
683
1020
162
248
457
683
1020
867
603
683
683
1020
162
711
683
22
545
513
603
457
683
1020
1020
805
683
22
491
248
603
457
683
1020
867
162
457
683
1020
162
55
603
805
683
158
1020
162
513
805
223
1020
238
545
603
457
683
1020
1020
740
162
805
683
1020
513
603
711
683
158
1020
162
619
162
513
223
509
1020
603
457
683
1020
162
162
162
162
513
603
683
22
419
55
513
603
805
683
1020
419
513
55
513
603
805
683
22
419
55
513
55
513
603
805
683
158
1020
162
513
545
603
223
158
1020
545
513
545
513
603
805
683
1020
1020
545
162
603
603
805
683
22
419
545
513
545
513
603
603
483
839
158
772
641
542
496
21
734
162
603
805
683
158
809
28
496
514
734
513
55
513
55
55
55
513
603
483
839
993
290
497
497
20
632
162
966
162
162
162
683
683
683
1020
490
8
966
8
966
8
490
437
611
437
55
437
55
8
391
483
839
158
326
28
707
632
68
632
966
966
966
437
162
162
805
683
1020
641
718
611
162
162
162
162
490
55
55
513
55
55
55
55
313
483
422
158
641
707
76
718
162
162
162
162
563
549
55
55
437
55
55
55
313
805
683
1020
641
542
496
162
564
564
55
513
55
55
55
513
534
1086
2472
3858
4170
1859
2961
4072
4837
1859
2961
3858
4837
1859
2961
3108
4170
1859
2961
4072
4837
1859
2566
3987
4769
1859
2961
3901
5058
1859
2566
3904
4889
1859
2961
3987
4889
1859
2961
3901
4769
1859
2961
3108
4962
1859
2961
3858
4170
1432
2472
4009
4769
1762
2592
3108
4769
1432
2472
3901
5058
1432
2472
4009
4769
1762
2592
3987
4889
1762
2592
3858
4889
1432
2472
3108
4837
1762
2592
3858
4170
1432
2472
4009
4769
1859
2566
3108
4769
1363
2592
4077
4170
1363
2694
3725
4769
1859
2905
3504
5057
1859
2566
4077
4769
1363
2961
3603
4858
1859
2566
4077
4170
1859
2566
4077
4889
1859
2566
4009
4769
1859
2472
4009
4170
1859
2566
4077
4769
1859
2566
3108
4769
1859
2566
3750
4170
1859
2472
4009
4769
1859
2566
3108
4769
1859
2566
3901
5058
1859
2566
3858
4837
1859
2566
4009
4769
1859
2472
3901
4539
1859
2961
3108
4769
1859
2566
3108
4170
1859
2961
3858
4769
1859
2961
3858
4769
1859
2961
3750
4170
1432
2472
4009
4769
1859
2566
4077
4769
1363
2961
4077
4858
1363
2961
3108
4769
1363
2694
3750
4858
1859
2472
4077
4769
1859
2566
4077
4769
1859
2566
4077
4769
1859
2566
4077
4769
1859
2566
3108
4769
1859
2566
4077
4769
1859
2961
3858
4769
1859
2961
3858
4837
1859
2566
4009
4769
1859
2566
3108
4769
1859
2566
3108
4769
1859
2961
3750
4170
1859
2566
3108
4769
1859
2961
3858
4837
1859
2566
3108
4769
1859
2961
3858
4769
1859
2961
3108
4837
1363
2961
4077
4858
1363
2566
4077
4858
1363
2961
3108
4414
1363
2961
3858
4414
1859
2472
3858
4351
1859
2566
3858
4837
1363
2961
3108
4858
1859
2566
4077
4934
1859
2566
4077
4170
1859
2566
4077
4769
1859
2472
4077
4769
1859
2566
4077
4769
1859
2472
3108
4769
1859
2566
3108
4769
1859
2566
3108
4769
1859
2472
3858
4769
1859
2566
3108
4962
1859
2566
3108
4539
1859
2566
3750
4769
1859
2961
3858
4837
1859
2566
3858
4769
1363
2961
3108
4858
1363
2694
3750
5015
1363
2694
3858
5015
1859
2566
4077
4769
1859
2566
3108
4769
1859
2472
4009
4769
1859
2566
3108
4769
1859
2566
4009
4769
1859
2566
3108
4769
1859
2566
3108
4837
1859
2566
3858
4837
1859
2961
3858
4769
1859
2472
4009
4769
1859
2566
3108
4962
1859
2472
3108
4769
1859
2566
3108
4769
1859
2566
3108
4311
1859
2566
3858
4769
1859
2961
3858
4837
1859
2566
3108
4769
1859
2566
4009
4769
1859
2566
4009
4769
1859
2566
4009
4769
1859
2566
4009
4769
1859
2592
3858
4769
1859
2566
3750
4769
1859
2472
3108
4769
1859
2961
3858
4769
1859
2961
3858
4769
1363
2961
3108
4769
1859
2472
4077
4769
1859
2566
4009
4769
1859
2566
3858
4769
1859
2961
3108
4837
1859
2961
3108
4837
1859
2566
3108
4769
1859
2566
3108
4769
1859
2592
4009
4769
1363
2694
3858
5015
1859
2472
4009
4769
1859
2592
3858
4311
1859
2472
4077
4769
1859
2566
4009
4769
1859
2566
3108
4769
1363
2961
3108
4858
1859
2592
3858
4769
1859
2566
4009
4539
1859
2566
3858
4311
1859
2566
3108
4837
1859
2566
3108
4769
1859
2592
3858
4769
1859
2592
4077
4769
1859
2472
4077
4769
1859
2472
3108
4769
1859
2566
3108
4837
1859
2566
3858
5052
1859
2566
3108
4769
1859
2566
3108
4837
1859
2592
4009
4769
1859
2592
4077
4769
1859
2592
3750
4837
1859
2566
4009
4769
1859
2566
3108
5052
1859
2566
3108
4769
1859
2592
3750
4769
1859
2961
3108
4837
1859
2566
4077
4769
1859
3022
3858
4769
1859
3022
3108
4769
1859
2566
3108
4539
1859
2472
3603
4539
1363
2961
3108
4769
1859
2472
4009
4769
1363
2961
3603
4769
1859
2566
3108
4769
1859
2961
3108
4837
1859
3022
3750
5069
1363
2694
3858
5015
1363
2694
3603
4858
1859
3022
3858
4494
1859
2905
3603
4858
1363
2961
3603
4858
1859
2566
3603
4769
1859
2566
3108
5052
1363
2961
3603
5110
1859
2566
3108
4769
1859
2592
3858
4769
1859
2566
3108
4837
1859
2566
3108
4769
1859
2566
3108
4769
1859
2566
3108
4769
1859
2566
3108
4769
1363
2592
3603
4769
1363
2592
3603
4858
1859
2566
4009
4769
1363
2961
3108
4858
1859
2566
3603
4837
1859
2566
4009
4769
1859
2472
3603
4769
1859
2566
3108
4769
1859
2566
3603
4837
1859
2566
3603
4311
1859
2566
3108
4769
1363
2694
3603
4858
1363
2961
3603
4837
1859
2566
4009
4769
1859
2905
3858
4858
1859
3022
3108
4769
1859
2566
4009
4769
1859
2905
3858
4858
1859
2566
3108
4769
1859
2566
4077
5052
1859
2566
4077
4769
1859
2961
3858
4837
1859
2566
4009
5052
1859
3022
3750
5069
1363
2961
3108
4858
1363
2694
3858
4769
1859
2592
3858
4539
1363
2961
3108
4769
1363
2694
3858
4769
1859
2592
3858
4539
1859
2566
4077
4769
1859
2566
4077
4769
1859
2961
3108
4769
1859
2592
3858
4769
1859
2566
4009
4769
1859
2905
3750
4858
1859
2592
4009
4769
1363
2961
3108
4837
1859
2905
3858
4858
1859
2905
3504
5057
1363
2961
3108
4769
1363
2961
3108
4858
1859
2592
3858
4311
1859
2700
3858
4837
1859
2566
4077
4769
1859
2566
3108
4769
1859
2566
3108
4837
1859
2566
4077
4769
1859
2566
3108
4769
1859
2905
3108
4858
1859
2700
3858
4837
1859
2566
4009
4769
1859
2472
4009
4539
1859
2566
4009
4539
1859
2592
3858
4539
1859
2566
4009
4769
1859
2566
3108
4539
1859
2961
4009
4539
1859
2566
4009
4769
1859
2566
4077
4769
1859
2961
3108
4837
1859
2566
4077
4769
1363
2961
3108
4769
1859
2472
3901
4318
1859
2472
4077
4170
1859
2566
4077
4769
1859
2566
3750
4837
1859
2566
3858
4926
1859
2472
4077
4769
1363
2694
4054
5015
1363
2961
3108
4858
1859
2472
4077
4769
1859
2961
4054
4837
1859
2961
3858
4837
1363
2961
3750
4769
1363
2961
3901
4769
1859
2472
4054
4494
1859
2472
4009
5058
1859
2566
4009
4769
1859
2566
4009
4170
1859
2592
3108
4769
1859
2472
4009
4837
1363
2961
3901
4962
1363
2961
4077
4858
1859
2566
4077
4769
1859
2472
4077
4769
1859
2472
4054
4926
1859
2961
3858
4769
1859
2566
4009
4769
1859
2905
3914
4858
1859
2566
4077
4769
1859
2472
4077
4769
1859
2472
3901
4962
1859
2566
4054
4769
1859
2961
3858
4769
1859
2566
4077
4769
1859
2472
4009
4769
1363
2961
3108
4858
1859
2566
3108
4837
1859
2566
3901
4769
1859
2566
3108
4769
1859
2566
3750
4769
1859
2566
4009
4769
1363
2961
4054
4769
1363
2694
3750
5015
1859
2472
4077
4769
1859
3022
4054
4769
1859
2566
3858
5058
1859
2566
4077
4769
1363
2961
3498
4769
1363
2961
4054
4351
1859
2472
4077
4769
1859
2472
4009
4769
1859
2472
4054
4769
1859
2472
4077
4769
1859
2566
3108
4769
1363
2961
4054
4858
1859
2472
3858
4769
1859
2961
3858
4837
1859
2566
3108
4837
1859
2961
3858
4837
1859
2961
3750
4837
1363
2961
3858
4962
1363
3022
3673
4837
1859
2566
3750
4837
1859
3022
3858
4769
1859
3022
4054
4769
1859
2566
3108
4769
1859
2566
3858
4769
1859
3022
4054
4769
1859
2566
4009
4769
1363
2961
3750
4858
1859
2566
3858
4837
1859
2566
3108
4769
1859
2566
3750
4837
1859
2566
3108
4769
1859
2905
3858
4858
1363
2694
3750
4837
1859
2566
3901
4837
1859
2472
4054
4769
1859
2566
3750
4837
1859
2961
3901
4837
1859
2566
4054
4769
1859
2961
3858
4769
1859
2961
3750
4837
1859
2566
3858
4769
1363
2961
3108
5058
1363
2961
3108
5052
1859
2905
3498
4858
1363
2566
3603
4654
1363
2566
3914
4769
1859
3022
3858
4769
1859
2566
4077
4769
1859
2961
3858
4769
1859
2566
3858
4769
1859
2566
4054
4837
1859
2566
3108
4769
1859
2566
4009
4769
1363
2961
4054
4769
1363
2961
3108
4858
1859
2566
3750
4769
1859
2566
3858
4769
1859
2566
3108
4769
1859
2961
3108
4769
1363
2961
3108
4858
1363
2961
3108
5052
1859
2472
4077
4769
1859
2566
4009
4769
1859
2566
3108
4769
1859
2961
3750
4837
1859
2566
3108
4769
1859
2566
3108
4769
1363
2694
3750
4837
1363
2961
3901
4962
1859
3022
4054
4494
1859
3022
3750
4494
1859
2566
3901
4769
1859
2961
4054
4769
1859
2961
3858
4837
1363
2961
3108
4769
1859
2472
4054
4837
1859
2566
4009
5058
1859
2566
4077
4769
1859
2566
4054
4769
1859
2961
3858
4769
1859
2961
3750
5052
1363
2961
3108
4769
1859
2905
3858
4858
1859
2566
4009
4769
1859
2472
3901
4837
1859
2566
3108
4769
1859
2961
3750
4837
1432
2472
4009
4769
1432
2472
4054
4837
1859
2472
4009
4769
1363
2905
3914
4858
1363
2566
4054
4769
1859
2472
3858
4769
1859
2566
3858
4769
1859
2566
4054
4769
1859
2566
4009
4769
1363
2961
3108
4837
1859
2472
4077
4962
1859
2472
4077
4769
1859
2566
4077
4769
1859
2566
3108
4769
1859
2961
4054
4769
1859
2961
3750
4837
1859
2566
3901
4769
1859
2566
4054
4837
1363
2566
3108
4769
1859
2472
4009
4769
1859
2472
4054
4837
1859
2472
4009
5058
1859
2566
3901
4837
1859
2566
4054
4769
1859
2566
3108
5058
1363
2694
3750
5052
1363
2961
4054
4926
1859
2566
4077
4769
1859
2566
3750
4837
1859
2566
3858
4769
1859
2961
4054
4769
1432
2472
4009
4837
1432
2566
4009
4769
1432
2472
4054
4837
1859
2566
3108
4769
1363
2566
3108
4769
1363
2918
4054
4858
1363
2694
3504
5057
1859
2566
3750
4837
1859
2566
4054
4837
1859
2566
3108
4769
1859
2961
3108
4769
1859
2961
3108
4769
1859
2566
3108
4769
1859
2566
3750
4837
1859
2566
3901
4962
1859
2566
4054
4769
1859
2566
3750
4769
1859
2961
3901
4837
1859
2961
4054
4837
1762
2592
3108
4769
1762
2592
3750
4837
1363
3022
4054
4494
1363
3022
3231
5058
1363
3022
3750
4320
1859
3022
3750
4320
1859
2566
3858
4769
1859
2566
3603
5118
1363
2961
3603
4858
1859
2566
4054
4539
1859
3022
3750
4769
1363
2694
3750
4837
1859
2472
4009
4769
1859
2566
4009
4769
1859
2961
3858
4769
1859
2566
4054
4769
1859
2961
3858
4837
1859
2961
4009
4769
1859
2566
3901
4769
1363
2961
4054
4858
1363
2905
3504
5057
1363
2961
3901
4858
1363
2961
3498
4858
1859
2566
3750
4539
1859
2566
3901
4769
1859
2566
4054
4769
1859
2566
3108
4769
1859
2566
3858
4769
1859
2566
4054
4769
1859
2566
3108
4769
1859
2566
4009
4769
1859
2566
4077
4769
1859
2566
4009
4769
1859
2566
4009
4769
1859
2566
3858
4769
1859
2566
3108
4769
1363
2961
3108
4837
1363
2566
4077
4858
1859
2472
4077
4769
1859
3022
3750
4769
1859
3022
3750
4769
1859
2472
4054
4837
1859
2961
3858
4837
1859
2961
3108
4837
1859
2566
4077
4769
1859
2961
3858
4837
1859
2961
3750
4769
1859
2961
3858
4769
1432
2472
4009
4837
1859
2566
3108
4769
1363
2961
3108
4858
1859
2566
4077
4769
1859
2566
4009
4769
1859
2566
3901
4769
1859
2961
3858
4769
1859
2961
3750
4837
1859
2961
3901
4769
1432
2566
4054
4837
1432
2472
3108
4837
1859
2472
4009
4769
1363
2961
4054
4858
1859
3022
3750
4769
1859
2566
3750
4837
1859
2961
3858
4837
1859
2961
3108
4769
1432
2472
4061
4311
1432
2472
4009
4769
1432
2472
3858
4837
1432
2566
4009
4769
1432
2472
3108
4837
1432
2472
3108
4837
1363
2961
3108
4858
1363
2694
3750
4837
1859
2472
4009
4769
1859
2566
3108
4769
1859
2961
3858
4769
1859
2961
4054
4769
1432
2472
3858
4837
1432
2566
3750
4837
1432
2472
4054
4837
1432
2472
3108
4837
1432
2472
3108
4837
1432
2472
3108
4837
1432
2566
3858
4837
1432
2472
4009
4769
1859
2566
4077
4769
1859
3022
3108
4769
1859
2472
4009
5118
1859
2566
4009
4769
1859
2566
4054
4837
1859
2961
3108
4769
1432
2472
4009
4769
1432
2566
4054
4837
1432
2472
4009
4837
1762
2592
3750
4769
1432
2472
4054
4837
1859
2566
3108
4769
1363
2961
3108
4769
1859
2566
4077
4769
1859
2566
3108
4769
1859
2566
3108
4769
1859
2961
3858
4769
1859
2961
3858
4769
1859
2961
3750
4769
1762
2592
3858
4769
1432
2472
4054
4837
1762
2592
3108
4837
1432
2472
4009
4769
1432
2472
4009
4769
1363
2961
3108
5058
1859
2472
4009
4539
1859
2566
3498
4769
1859
2472
3108
4769
1859
2566
3750
4769
1859
2566
3858
4769
1859
2566
3108
4769
1859
2961
3858
4837
1859
2566
3901
4769
1859
2566
4054
4769
1859
2961
3108
4769
1859
2961
3108
4837
1363
2961
3108
4769
1363
2961
3108
4858
1859
2472
4077
4769
1859
2566
3858
4769
1859
2566
4054
4769
1859
2961
3858
4837
1859
2961
3858
4769
1432
2472
4054
4837
1432
2472
3858
4837
1762
2592
3108
4926
1432
2472
4054
4837
1432
2472
3108
4837
1432
2472
3750
4837
1432
2472
3108
4837
1432
2472
3108
4837
1487
2694
4083
5036
1363
2905
3504
5057
1363
2566
4077
4858
1363
3022
4083
4320
1363
2961
3504
4320
1363
2961
3108
4858
1363
2961
3108
4858
1363
2961
3750
4858
1363
2961
4054
4414
1859
2566
3108
4769
1859
2566
4009
4539
1363
2961
3858
4858
1859
2566
3858
4769
1859
2566
4077
4769
1859
2566
3603
4837
1859
2566
4077
4769
1363
2961
3108
4837
1363
2961
3901
4837
1363
2961
4054
4769
1363
2694
3750
5015
1859
2566
3108
4769
1859
2566
4054
4769
1859
2566
3108
4769
1859
2566
4009
4769
1859
2566
3108
4769
1859
2566
3108
4837
1859
2472
3750
4837
1859
2566
4009
4769
1859
2566
3108
4769
1859
2961
3750
5052
1859
2961
3750
4769
1762
2592
3858
4769
1859
2961
3108
4837
1859
2566
3750
4769
1859
2566
3108
4769
1762
2592
3858
5058
1432
2472
4009
4769
1432
2472
4009
4769
1432
2472
4009
4769
1432
2472
4009
4769
1859
2566
4009
4769
1487
2905
3498
4959
1487
2694
4083
5036
1363
2905
3504
5015
1363
3022
4083
5015
1363
3022
4083
4810
1363
2472
4083
5036
1363
3022
3858
5069
1363
3022
3858
4769
1363
2961
3750
4414
1363
3022
3750
5069
1363
2961
3603
4962
1859
2905
3858
4858
1363
2566
3603
4132
1363
3022
3673
4962
1363
2566
3603
5052
1859
2905
3504
5057
1363
2961
3108
4769
1363
2566
3603
4769
1363
2472
3951
4837
1363
2918
3750
4414
1363
2566
4054
4414
1363
2961
3603
4769
1363
2961
3858
4769
1363
2961
3858
4962
1363
2961
3858
4769
1363
2961
3858
4858
1859
2472
3858
4962
1859
2472
4077
4769
1363
2961
3108
4858
1859
2472
4077
4962
1363
2961
3108
4858
1859
3022
3750
4132
1859
2472
4077
4934
1859
2472
4077
4962
1859
2472
4077
4769
1859
2472
3901
4539
1859
2566
3858
4769
1859
2472
4077
5058
1859
2566
3858
5052
1859
2566
3858
4769
1859
2566
3858
4769
1363
2985
3750
4858
1859
2472
4077
4769
1859
2961
3858
4769
1859
2566
3858
4837
1859
2472
3858
4769
1859
2566
3858
4769
1363
2905
3108
4858
1363
2905
4088
4747
1363
3022
3613
4351
1363
2566
4077
4858
1363
2566
3603
4414
1363
2961
3858
4858
1363
2961
4054
4858
1363
2961
3603
4858
1363
2566
4077
4320
1363
2961
4054
4858
1363
2961
3858
4858
1363
2961
3603
4858
1859
2905
3504
5057
1363
2566
4054
4414
1363
2961
3858
4858
1859
2566
4077
4769
1859
2472
4077
4769
1859
2905
3504
5057
1859
2566
4009
4769
1859
2566
3858
4837
1363
2961
3108
4858
1859
2472
4009
4769
1363
2961
3108
4837
1363
2566
3108
4769
1363
3022
3673
4494
1363
2961
3858
4414
1859
2905
3504
5057
1859
2566
4077
4769
1859
2566
3108
4769
1859
2566
4077
4769
1859
2566
3858
4351
1859
2566
3858
4837
1859
2472
4077
4962
1859
2566
3858
4837
1859
2566
3750
4837
1859
2472
3858
4769
1859
2566
4077
4769
1859
2566
3108
4837
1859
2566
3108
4769
1859
2566
3858
4769
1859
2566
3108
4769
1859
2566
3858
4769
1859
2566
3108
4769
1859
2961
3858
4837
1859
2961
3750
4837
1859
2961
3858
4769
1859
2961
3858
4769
1859
2961
3750
4837
1762
2592
3858
4769
1859
2961
3858
4769
1859
2961
3108
4769
1363
3022
3750
4837
1363
3022
3858
4414
1363
3022
3108
4769
1363
3022
3750
4858
1363
2961
3858
4414
1363
2961
3108
4858
1859
2472
4077
4769
1363
2961
3603
4858
1363
2961
4054
4858
1859
2472
4077
4769
1859
2472
4077
4769
1859
2566
3858
4769
1859
2472
4077
4769
1859
2566
3858
4539
1859
2472
3858
4769
1859
3022
3858
4769
1859
2566
3108
4837
1859
2566
3858
4769
1859
2961
3858
4837
1859
2566
4009
4769
1859
2566
4009
4769
1859
2566
3108
4837
1859
2566
3108
4769
1859
2566
3858
4837
1859
2566
3858
4769
1859
2566
3858
4769
1859
2961
3858
4837
1859
2961
3858
4837
1859
2961
3858
4837
1859
2566
3750
4769
1363
2592
3858
4494
1363
2566
3951
4414
1363
2961
3750
4414
1859
2472
4077
4769
1859
2592
4077
4769
1859
2566
3858
4769
1859
2472
3858
4769
1859
2472
4077
4769
1859
2566
3108
4769
1859
2566
3108
4769
1859
2566
3858
5052
1859
2566
3108
4769
1859
2472
3108
4837
1859
2566
3858
4837
1859
2566
3108
4837
1859
2566
3108
4769
1859
2566
4009
4769
1859
2961
3108
4837
1859
2961
3858
4837
1859
2566
3108
4769
1859
2961
3858
4769
1859
2961
3858
4837
1859
2961
3858
4769
1859
2961
3108
4837
