306
847
641
529
529
29
546
29
93
805
847
989
667
529
125
93
222
805
847
989
667
529
963
376
963
416
805
368
989
529
963
376
963
848
93
748
478
989
963
376
963
529
416
776
551
989
667
529
963
145
963
546
748
748
17
546
963
93
222
222
313
429
67
987
469
425
522
295
319
884
725
308
554
221
160
639
852
765
67
987
904
800
23
496
842
389
633
91
1015
1015
703
639
901
947
128
590
884
469
308
449
283
358
885
885
601
920
271
594
271
603
212
67
987
904
800
702
73
73
220
748
58
749
220
218
218
340
691
67
987
904
800
23
496
943
83
173
319
291
291
308
726
726
310
757
67
987
904
800
23
835
63
91
1015
1015
703
703
410
639
639
947
429
590
682
469
425
359
634
249
249
589
359
91
522
522
522
310
786
199
682
425
522
522
522
249
160
901
224
901
657
232
828
232
19
67
987
904
800
151
702
889
333
509
333
943
943
943
802
639
639
519
368
67
987
563
800
23
842
982
599
358
799
642
601
920
146
247
247
737
67
987
904
800
23
241
173
319
291
291
308
726
554
852
852
757
661
682
469
425
359
522
310
633
359
1015
1015
633
91
522
310
315
925
987
904
151
16
702
393
889
521
521
393
1000
1000
393
393
527
339
737
67
987
904
23
23
241
599
358
885
885
601
920
220
68
416
167
1008
67
987
613
60
329
509
509
509
220
545
220
545
963
244
740
693
429
712
682
469
425
359
634
634
633
91
1015
1015
633
522
249
466
212
67
987
904
800
702
702
459
333
753
776
393
1000
393
393
527
167
339
850
265
67
987
425
23
702
333
241
389
692
885
885
920
412
73
220
603
776
389
67
331
138
73
73
319
319
291
291
726
220
73
220
603
503
786
682
682
698
679
634
634
633
91
1015
1015
633
692
1015
466
349
67
987
904
904
23
23
241
982
599
358
39
642
601
920
146
603
349
748
265
987
904
137
23
702
333
509
1000
739
1000
218
218
563
241
121
315
67
987
904
800
23
83
173
319
291
291
308
553
221
852
852
757
555
682
469
698
634
359
634
633
359
91
1015
633
359
1015
249
349
315
67
987
904
151
702
241
982
225
862
799
669
601
516
146
68
339
691
67
987
613
137
329
241
553
435
444
1010
802
802
410
222
416
349
67
987
405
1130
2529
3437
5015
1487
2976
3413
4414
1487
2957
3698
4810
1049
2905
4006
4950
1049
2694
4077
4835
1049
2976
3690
4655
1363
2918
3736
5089
1049
2694
4077
4835
1049
2694
4006
4311
1049
2694
4077
4837
1419
2181
4077
5069
1363
2567
4006
4874
1049
2961
3888
4771
1419
2592
3504
5057
1419
2700
3108
4771
1561
2412
3231
4296
1049
2905
3888
4335
1419
2567
4077
4747
1049
2567
3673
4494
1049
2694
3231
4539
1363
2472
4077
4335
1363
2567
3725
4771
1049
2976
3777
4307
1499
2567
3498
4771
1049
2694
3888
4771
1363
2567
3725
4858
1499
2567
4077
4771
1487
3041
3413
4771
1419
2905
3965
4539
1049
2694
4077
4771
1419
2700
3951
4858
1363
2567
4077
4858
1363
2567
3690
5015
1363
2567
3725
5015
1363
2592
4009
4858
1049
2694
3858
5089
1363
2472
4077
4858
1363
2472
3725
4654
1363
2567
3725
4769
1363
2472
3504
5057
1561
2976
4077
4747
1419
2700
3750
4494
1419
3022
3824
5089
1049
2961
3888
4589
1363
2567
3725
4837
1419
2567
4077
4747
1049
2961
3690
5089
1419
2961
3108
4837
1419
3022
3824
4835
1419
2567
3725
4747
1363
2567
3725
4962
1419
2961
4077
4835
1363
2472
3504
5057
1487
2976
4088
4858
1487
3022
4088
4414
1487
2567
3504
5057
1049
2592
4077
4858
1049
2694
3498
4782
1049
2694
3498
4539
1049
2694
3725
4835
1049
2961
3108
4835
1049
2976
3903
5110
1363
2567
4006
4132
1049
2961
4006
5089
1363
3022
3725
4318
1363
3022
3108
4858
1843
2412
4077
4835
1049
2976
3111
4539
1049
2412
3888
4494
1363
2567
3725
4835
1049
2567
3108
4747
1363
2472
4077
4335
1419
2567
4006
4747
1363
2628
3725
4539
1499
2567
3603
5015
1363
2567
3725
4769
1419
2961
3725
4335
1499
2700
4009
5089
1363
2567
3725
5015
1049
2694
4009
5089
1419
2567
4006
4335
1499
2567
3858
4962
1419
2567
4006
4589
1499
2567
3108
4539
1363
2567
3725
4858
1499
2592
3108
5112
1499
2567
4009
4508
1499
2700
3750
5112
1499
2567
3108
4747
1363
2567
3504
5057
1499
2567
4009
4747
1499
2472
4009
5112
1928
2771
4088
5089
1567
2383
3830
4468
2017
2088
3517
4384
1777
2333
3288
4953
1181
2677
3764
4397
1807
2608
3987
4654
1911
2985
3966
4893
1653
2990
3880
4889
2023
2907
3868
4170
1252
2411
4079
5110
1104
2939
3398
4684
1104
3023
3880
5089
1317
2741
3327
4456
1349
2884
3987
5114
1334
2985
3824
4955
1334
2694
4079
4119
1456
2990
3901
4889
1252
2813
4088
4539
1252
2467
3904
4962
1252
2567
3893
4927
1628
2907
3987
4927
2023
2748
3727
4950
1499
2985
3987
4934
1456
3069
4088
4934
1456
2694
3914
5118
1596
2589
3083
4561
1755
2097
3231
4462
1959
2462
3231
5042
1843
2567
3104
4384
1843
2889
3940
4171
2023
2467
3914
4494
1858
2700
3231
4197
1419
2748
4054
4171
1349
2700
3119
4171
1456
2700
3987
5089
1419
2452
3824
4539
1419
2985
3165
5089
1690
2813
3901
4539
1720
2964
3764
4150
1653
2452
3284
4950
1349
2976
3893
5089
2023
2592
3893
4539
1252
2700
3987
4364
1049
2985
3888
4539
1748
2939
3893
4539
2023
2452
3893
5022
1499
2411
3966
4835
2041
2619
3413
5089
1748
2567
3824
5052
2043
2907
3413
4539
1855
3034
3424
4216
1263
2360
3422
5112
1104
2276
3690
4539
1349
2248
3778
4145
1349
2791
3727
4296
1349
2314
4077
4962
1248
3071
3504
4926
1334
2748
3824
4127
1748
2314
3782
4955
2032
2889
4007
5102
1801
2649
3824
4926
1635
2964
3297
4820
2046
2649
3952
5090
1700
2644
4077
4384
2046
2162
4077
4783
1959
2990
3727
4889
1349
2162
3966
4351
2000
2529
4053
5059
1903
2567
3659
4733
1777
2552
4079
4955
1777
2419
3596
4862
1628
2907
3778
4955
1349
2939
3933
5096
1232
2889
3335
5114
1652
2905
3558
5087
1860
2516
3542
4337
1959
2906
3824
4999
1334
2350
3096
4955
1700
2694
3335
4414
1334
3071
4053
4171
1049
2419
3095
5058
1049
2467
3778
4747
1700
2257
3782
4132
1843
2748
4006
4318
1049
2181
4088
5041
1049
2735
3335
5011
2000
2225
4077
5058
1561
2735
4077
4484
1700
2544
4077
4747
1457
2208
4053
4667
1397
3041
4039
4927
1049
2700
3839
4589
1049
2619
3933
4962
1487
2800
3504
4589
1049
2411
4088
5097
1843
2411
3984
4324
1049
2119
4077
4654
1843
2889
3504
5096
1049
2889
3335
4624
1689
2463
3596
4821
1397
2748
4091
4371
1700
2883
3305
4320
1049
2619
3888
4334
1349
3062
4056
4494
1843
2889
3305
4414
1049
2619
3888
4714
1049
2813
3888
4889
1252
2248
3107
4253
1049
2748
3888
4927
1049
2748
3888
5110
1049
2889
3725
4307
1557
2489
3504
4908
1886
3069
4056
4860
1334
2529
3095
4955
1903
2700
3987
4456
1903
2619
3398
5041
1903
2985
4042
4539
1252
2248
4006
4889
1252
2248
3868
4414
1777
3022
3327
4539
1628
2700
3914
4955
1349
2748
4008
4508
1748
2248
3904
4955
1748
2248
3914
5079
1912
2699
3475
4732
1410
2439
3558
5112
1959
2462
3072
4414
1700
2484
3473
5037
1843
2457
3993
4625
1049
2905
3727
5114
1903
2741
4006
4567
1049
2985
4054
4835
1419
2649
4077
5096
1155
3071
4054
5079
1317
2833
3778
4938
1628
2248
3891
5059
1843
2985
3504
5022
1653
2700
3413
4170
1748
2248
4072
4539
1628
2411
3413
4539
1252
2314
4054
4539
1419
2889
3526
4835
1748
2248
3901
4170
1049
2788
3904
4835
1252
3071
4072
4962
2041
2350
4009
4950
1748
2472
3893
4150
2023
2592
3893
4934
1419
2411
3108
4835
1627
3042
3225
4814
1920
2498
3619
5075
1815
2529
3690
4221
1589
2801
3778
4755
2046
2097
3690
4455
1911
2350
3270
4776
1690
2825
3335
5050
1155
2813
3824
4274
1653
2942
3777
5118
1981
2976
3327
5096
1155
2644
3824
5079
1653
2976
3824
5114
1981
2889
3824
5052
1807
2511
3653
5059
2032
2478
3880
4384
1777
2907
3887
4927
1777
2162
4006
5112
1858
2350
4054
4950
1481
3069
3950
4950
2023
2877
3893
4170
1252
2788
3901
4835
1653
3007
4079
4305
1456
2467
3893
5118
1807
2908
3901
4305
1469
2516
3949
4129
2046
2529
3542
5018
1777
2434
3782
4384
1317
2801
4053
4242
2046
2990
3987
4684
1349
2925
3824
5012
1903
2694
3500
4926
1394
3069
4088
5118
1628
2467
3935
5118
2023
2411
4072
4311
1252
2592
3824
5052
1748
2985
3904
4625
1748
2813
3824
5118
1858
2990
3891
5114
1252
2748
3891
4876
2041
2350
3725
4889
1900
2472
3893
4170
1748
2592
3891
4170
1859
2097
3901
5118
2041
2985
4061
5015
2041
2976
3893
5118
1900
2907
4061
5015
1499
2788
3893
4962
1499
2452
3901
4962
2041
2985
4088
4934
1855
2457
3664
5042
1755
2443
4091
4442
1755
2714
3704
4335
1903
2412
3904
4494
1300
2249
3699
4540
1049
2905
3888
5118
1700
2412
3621
5022
1049
2411
3888
4455
1748
2748
3413
4384
1419
2452
4077
4835
1419
2889
3901
4414
1252
2567
3284
4508
1457
2717
3509
4540
1419
2411
3498
4835
1419
2889
3498
4539
1748
2412
3824
4835
1363
2412
4042
5052
1049
2985
3303
4624
1049
2411
3509
4835
1419
3055
3498
4540
1748
2411
3824
4835
1419
2907
3987
4926
1363
2412
3673
5022
2041
2412
4009
5022
1499
2472
4009
5052
1397
2976
3413
4184
1457
2694
3509
5097
1689
2206
3559
5110
1959
2531
3165
4878
2023
2830
4077
5096
1843
2907
4039
4171
1349
3069
4077
5027
1049
2800
3966
4171
1419
2813
3950
4171
1419
2411
3782
4539
1252
2592
3901
4962
1748
3055
3398
5089
2032
2626
3653
4722
1896
2478
3413
4673
1991
2383
3111
5090
1755
2351
3478
4889
2035
2552
3878
4561
1700
2344
3727
4955
1959
2162
3447
4318
1911
2990
4077
4934
1903
3008
4072
4460
1049
2990
4052
4539
1777
2748
3674
4800
1049
2411
4054
4771
1419
2889
3904
4539
1456
2976
3891
4950
1155
2360
3915
5058
2031
2424
3830
4612
1995
2939
4077
4876
1653
2619
4077
4926
1777
2567
3891
4810
1456
2248
3464
4487
1777
2567
3300
4739
1419
2567
3727
4889
1628
2434
4077
4829
1748
2567
4088
4835
1300
2771
3888
4835
1263
2314
4005
4875
1104
2989
3133
4460
1349
2314
3914
5089
1349
2314
3914
4119
1334
3071
3504
4955
1334
3071
3914
4858
1903
3069
3888
4776
1252
2619
3914
4931
1252
2467
3914
5089
1252
2411
3413
4307
1628
2411
4088
5110
1628
2412
3891
4955
1748
2567
3966
4927
1748
2567
4088
5058
1412
2264
3497
4919
1610
2424
3942
4720
1815
2529
3966
4269
1764
2922
3839
4314
2046
2989
3901
5114
1843
2478
3504
5056
1788
2850
3698
4895
1911
2162
3704
5022
1903
2463
3698
5089
1903
2478
3952
4889
2023
2883
3398
4624
1191
2083
3469
4562
1788
2644
3270
5029
1777
2788
3674
5112
1653
2564
4088
4625
1481
2484
4079
4334
1777
2162
3238
4170
1104
3069
3887
4895
1628
2890
3940
4519
1653
2788
3413
5029
1334
2976
3824
5118
1628
2788
3904
4755
1252
2248
3891
4926
1700
2463
3647
4432
2031
2516
3488
4129
1959
2567
3473
4814
1815
2149
3284
4514
1755
2972
3888
4853
1300
2249
4072
5089
1700
2700
3619
4183
1843
2748
3305
4876
1561
2889
3107
4414
1659
2567
3517
4971
1561
2567
3690
4540
1561
2411
3107
4733
1049
2925
3888
4589
1049
2869
3888
4215
1049
2907
3888
5094
1049
2567
3300
5114
1561
2985
3305
5052
1049
2567
3690
5022
1049
2907
3888
4962
1049
2883
4008
4589
1049
2985
3888
4589
1049
2628
4053
4615
1049
2628
3888
5118
1049
2907
3888
4589
1049
2411
3888
4539
1049
2985
3888
4447
1049
2889
3598
5089
1843
2889
3504
5059
1469
2516
3724
4221
1777
3008
4077
4889
1700
2097
3950
4414
1959
2741
3690
4364
1300
2209
3887
4934
1049
2314
3764
4539
1049
2619
4077
4835
1049
2619
3824
4835
1049
2619
3198
4539
1049
2883
3868
5052
1886
3028
3191
4187
1788
2989
3933
4422
1755
2478
3919
4896
1659
2990
3504
4998
1755
2343
3901
4926
1589
2283
3715
4170
1700
3007
4006
4318
1561
2564
3951
4414
1659
3007
3914
4414
1049
2564
4088
4132
1300
2735
3804
4508
1049
2986
3891
4889
1049
2119
3725
5015
1049
2877
3904
4926
1300
2939
3750
4934
1924
2735
3795
4423
1217
2766
3727
4508
1959
2333
3887
5028
1700
2933
3747
4743
1843
2990
3104
4517
1300
2753
4073
4926
1843
2907
3504
5022
1300
2531
3891
5022
1049
2748
4054
4414
1659
2694
4077
5059
1049
2700
4088
4484
1487
2467
3673
5058
1049
2905
4088
4926
1049
2748
3237
5012
1049
2735
3982
4771
1049
2162
3933
4782
1454
2990
3987
4950
1049
2162
3824
4782
1049
3009
3950
4962
1049
2748
3903
4132
1363
2907
3504
5057
1363
2472
3504
5057
1419
2985
3504
5114
1049
2985
3824
4654
1049
2649
3891
4835
1049
2907
3903
5058
1406
2677
4068
4253
1297
2638
4010
4976
2046
3042
3530
4170
1807
2985
3940
4926
1334
2971
4016
4732
1807
2649
3940
4955
1694
2277
3966
4539
1349
2939
3335
4455
1777
2788
3596
4955
1924
2939
3951
4931
1349
2889
4053
5012
1824
2660
3342
4900
1903
2350
3940
4720
1349
2964
3725
4927
1777
2452
3914
5058
1515
2976
3413
5041
2023
2350
3335
5058
1696
2946
3904
4127
2000
2869
3880
4508
2023
2248
4094
5012
1252
2925
3778
5012
1653
2649
3413
4771
1748
2248
3876
5015
1397
3042
3904
5089
1627
2516
3653
4885
1896
2544
4042
4414
1481
2333
3611
5058
1700
2883
3305
4414
1700
2887
3796
4772
1843
2748
3504
4927
1659
2813
3517
5096
1843
2412
3987
4414
1049
2985
3305
4782
1049
2649
3698
4714
1049
2907
3888
4335
1843
2567
3891
4934
1959
2567
3966
4705
1049
2619
3815
4934
1049
2619
3888
4926
1049
2789
4088
5089
1049
2411
3888
4508
1419
2097
4077
5089
1049
2889
3888
4755
1843
2889
3504
5089
1049
2567
3891
4221
1049
2097
3154
5022
1419
2985
4077
4858
1049
2869
3966
5089
1049
2907
3888
4934
1049
2700
3888
4589
1419
2985
3260
5022
1843
2985
4077
5059
1560
2082
3443
4484
1959
2314
3202
4414
1700
2883
3504
4132
1843
2619
3504
4934
1457
2741
3950
4625
1561
2889
4006
4906
1561
2717
4006
5037
1049
2411
4006
4132
1049
2467
4006
4962
1561
2748
3727
4889
1561
2181
4056
4494
1049
2619
3891
4351
1049
2985
4088
4170
1583
2467
3540
4817
1959
2452
3500
4161
1583
2581
3540
4324
1589
3022
3887
4119
1755
2324
4008
4747
1457
2564
4091
4484
1457
2735
3673
4494
1700
2564
3504
4132
1457
2825
3778
5058
1457
2343
3747
4132
2000
3022
4077
5015
1300
2604
4077
4710
1300
2564
4077
5058
1755
2825
3952
5112
1652
2567
3231
4151
1860
2956
3104
4710
1959
2748
3231
4398
2000
2232
4077
4678
1607
3071
4053
4874
2000
2232
4006
4414
1843
2649
3715
5118
1300
2939
3300
4862
1557
2825
3504
4900
1977
2181
3413
4554
1345
2990
3413
4307
1903
2619
3107
4119
1899
2214
3498
4460
1899
2529
3929
4324
1777
2939
4006
4875
1777
2404
3464
4955
1700
2406
3804
5110
1748
2248
3498
5070
1334
3071
3901
4962
1049
2619
3598
4934
1903
2463
4042
4926
1252
2248
4054
4296
1049
2925
4053
5059
1497
2118
3805
4388
1788
2877
3825
5027
1896
2857
3284
4829
1664
2350
3982
5041
1959
2789
3741
5059
1924
2248
3891
4150
1300
2619
3284
5096
2046
2907
3623
4539
1777
2097
3413
4955
1653
2869
3990
5114
1981
3022
3523
4962
1610
2209
3596
4858
1334
2869
3268
4654
1777
3022
3891
4955
1653
2777
3966
4950
1981
2925
3778
4150
1252
2883
3987
4950
1653
2644
3966
4170
2006
2344
3904
4938
2023
2467
3893
5118
1252
2976
3413
4830
1653
2649
3778
4950
1456
2869
4072
4950
1049
2788
3987
4539
1397
2989
3715
4506
1533
2516
3256
4744
1903
2421
3725
4494
1959
2889
3872
4374
1700
3041
3891
4316
1843
2411
4093
4539
1049
2877
3893
4494
1049
2748
3764
4494
1748
2697
4079
5114
1049
2985
3888
5118
1049
2619
3888
4926
1049
2467
3690
4934
2032
2907
4005
5068
2046
2977
3307
4460
1903
2121
3876
4931
2046
3028
3790
4771
1659
2813
4077
4955
1700
2257
3486
4934
1561
2467
4008
4862
1843
2697
3698
4830
1300
2564
4077
4384
1300
2825
3107
4221
1843
2452
3504
5037
1049
2800
3839
4889
1419
2162
3888
5012
1397
2791
3736
4889
1843
2735
3504
4934
1700
2360
3581
5114
2031
3034
3517
5000
1843
2800
3504
4170
1843
2985
4077
4305
1561
2800
3782
4414
1049
2467
3924
5052
1843
3022
3952
4829
1049
2748
3270
4927
1049
2869
4077
4384
1049
2877
4006
4349
1561
2463
3698
4351
1487
2091
3888
4858
1049
2907
4079
4494
1561
2411
3727
4494
1487
2162
3914
4858
1049
2284
3997
4414
1049
2181
3901
5069
1049
2905
4006
4889
1049
2411
4006
4860
1049
2411
4006
4962
1049
2889
3903
4771
1049
2907
4006
4314
1049
2181
3891
5118
1049
2985
4006
4962
1049
2985
4006
5058
1659
3071
3929
4414
1469
2620
3506
4468
1959
3008
4072
4414
1777
2097
4077
4296
1561
2162
3710
4955
1843
2748
3764
4983
1049
2314
4072
5094
1049
2619
3237
4747
1049
2985
3987
5059
1049
2564
3880
5022
1764
2083
3997
4127
2015
2162
3208
4308
1349
2284
3901
4414
1334
2976
4077
4770
1748
2248
3966
4931
1334
3022
3782
4170
1300
3069
3888
4508
1899
3071
3504
4615
1843
2383
3888
4905
1252
2248
3891
4962
1155
3071
4006
4889
1049
2748
3296
4889
1248
3071
3901
4487
1049
2907
3966
4934
1456
2567
4077
4931
1997
2539
3497
4848
1217
2699
3942
4411
1720
2971
3542
4145
1991
2462
3327
4891
1835
2857
3880
4351
1924
3028
3876
4624
1334
3008
3398
4934
1807
2697
3933
4722
1924
2225
3880
4950
1349
2907
4079
4955
1896
2511
3950
4970
1996
2876
3504
4835
1777
2248
3782
4414
1903
2889
3880
4305
1807
2735
4032
4864
1777
2649
3966
5012
1801
2801
3464
4970
1835
2225
3952
4374
1924
2276
3880
4244
1981
2592
3987
4119
1155
2976
3747
4422
1252
2619
3893
4955
1748
2877
4054
4351
1561
2907
3300
5114
1700
2985
3231
4621
1533
2171
3413
4820
1959
2649
4053
4494
1924
2529
3530
4305
1561
2419
3727
4962
1843
2350
3096
4852
1659
2484
3305
4384
1049
2788
3888
4714
1843
2985
3504
5059
1049
2619
3526
4934
1049
2869
3888
4860
1628
2567
3891
4510
1555
2944
3830
4454
1931
2307
3198
4414
1788
2700
3276
5029
1755
2185
4042
5108
1755
2699
3933
4853
1700
3017
3504
4919
1959
2813
4077
4145
1349
2905
3914
4335
1300
2905
3891
5112
1300
2818
4077
4431
1843
2567
3526
5058
1300
2889
3506
5089
1561
2564
3107
4414
1959
2567
3909
4955
1843
2985
4077
5112
1029
2134
3333
5022
1959
2649
3504
5009
1700
2411
3504
5029
1561
2604
3839
4314
1049
2883
3764
5052
1659
2255
3504
4747
1049
2889
3987
4414
1049
2907
4079
5118
1300
2985
3782
4508
1049
2411
3335
4414
1561
2905
3603
4462
1748
2248
4077
4132
1049
2619
3891
4539
1049
2619
4054
4494
1049
2985
4087
4955
1049
2649
3674
4771
1803
2907
3914
4962
1049
2907
3966
4955
1049
2694
4054
5114
1049
2985
3750
4747
1049
2649
4054
5089
1049
2907
3782
5015
1049
2411
3888
4771
1397
2694
3904
4950
1993
2424
3653
4135
1998
3063
3119
4791
1995
2209
3111
4259
1349
2350
3305
4351
1911
2325
3305
4782
