306
668
1008
598
970
448
60
151
329
459
340
459
753
1000
1010
1000
636
963
416
83
341
316
592
669
204
268
146
68
68
424
550
953
1010
963
416
416
342
598
262
613
447
151
702
459
929
340
521
1000
145
1000
145
527
416
83
850
341
316
592
669
204
268
38
691
598
262
255
447
151
702
459
929
459
991
17
1010
1000
145
963
145
963
431
991
17
230
230
74
416
222
664
341
316
592
669
841
516
146
68
424
424
424
953
963
376
340
416
416
991
991
340
58
630
963
376
416
685
691
236
262
613
60
690
281
639
313
664
341
316
592
669
326
516
68
146
424
424
1010
953
376
31
416
416
691
637
262
512
60
690
329
459
929
932
753
1000
1010
963
376
125
416
673
53
316
592
669
516
516
68
431
424
991
17
1010
963
416
416
83
598
925
968
60
60
329
553
78
932
685
753
376
470
244
431
416
416
673
53
316
669
669
204
516
146
68
342
41
355
60
690
281
78
621
167
58
58
630
667
376
376
244
963
685
753
17
376
470
244
222
313
757
897
316
592
669
977
516
146
68
424
424
424
953
1010
963
416
963
167
991
991
17
125
376
222
416
691
598
704
448
172
719
281
78
947
947
341
316
592
669
326
44
146
146
424
424
424
953
1010
963
416
416
83
342
41
448
60
60
329
459
929
932
753
1000
125
376
376
780
416
83
341
316
592
669
326
44
431
68
68
991
991
17
376
963
416
416
342
598
262
613
60
690
281
929
21
685
753
376
340
376
963
416
416
83
429
609
592
669
204
268
268
146
68
737
236
262
613
60
690
281
78
685
58
17
667
630
963
244
222
244
549
549
74
244
24
222
403
313
757
82
316
592
669
351
516
146
68
424
776
953
1010
963
431
416
416
169
991
58
354
667
550
963
416
169
1008
598
262
448
205
690
281
947
673
53
316
592
669
44
516
146
68
424
991
17
1010
963
416
416
416
342
598
262
613
60
60
459
929
459
685
521
1010
470
376
74
416
416
673
82
316
592
669
44
516
146
68
424
63
17
1010
953
376
416
416
1008
598
262
968
60
60
329
459
459
932
753
17
376
470
376
222
416
83
341
316
592
669
204
268
516
146
691
637
41
448
172
719
281
639
639
58
58
17
630
542
963
963
376
963
776
17
376
470
222
222
195
534
1062
3021
3888
5011
1755
2418
3107
4831
1755
2255
3107
4971
1755
2333
3300
4266
1062
2052
3270
4919
1649
2404
3104
4949
1354
2637
3104
4513
1521
3021
3880
4239
1327
2148
3299
4739
1573
2781
3410
4595
1755
2248
3107
4215
1535
2746
3764
4300
1755
2460
3914
4678
1512
3021
3498
4876
1218
3022
3410
4742
1218
3022
3410
4589
1964
3021
3603
4646
1218
2333
3410
5089
1755
2248
3447
4962
1218
3022
3641
4858
1755
2333
3303
4593
1218
3022
3473
5105
1535
3071
3623
4814
1218
3022
3819
4235
1755
2248
3919
5022
1755
3022
3300
4914
1218
3022
3819
4539
1755
2925
3447
4514
1755
2248
3498
4926
1755
2649
3498
4782
1755
2248
3335
4508
1091
2196
4070
4400
1191
2215
4077
4772
1443
3015
3742
4618
1535
2467
4000
4519
1535
2717
4056
4972
1218
3021
3675
4369
1535
2612
3244
4955
1485
2905
3914
4810
1755
2800
3305
5037
1964
2905
3987
4426
1535
2694
3888
4524
1218
2567
3727
4171
1755
2529
3888
4927
1755
3005
3888
4313
1755
2462
3764
5022
1755
2564
3933
5049
1755
2693
3299
5037
1755
2494
3413
4801
1755
2333
3868
4705
1535
2928
3901
4624
1755
2162
3928
4508
1755
2787
4042
4994
1964
2756
3662
4924
1755
2097
3888
4296
1466
2511
3704
4937
1107
2661
3094
4873
1700
2660
3880
4494
1250
2670
3225
4510
1753
2801
3447
4468
1535
2109
3082
4475
1964
2700
3663
4145
1218
3066
3555
4349
1535
2468
3600
4595
1062
2976
3810
5037
1218
2567
3984
4307
1062
2795
3304
5068
1535
2857
3300
4583
1218
3066
3704
4300
1964
2700
3260
4482
1218
2084
3498
4259
1755
2248
3081
4459
1218
2660
3880
4924
1964
3021
3888
4898
1218
3022
3498
5094
1535
2860
3885
4771
1218
2693
3933
4215
1755
2248
3300
4120
1755
3022
3462
5022
1964
2996
4053
4235
1755
3005
3300
4384
1755
3008
3413
4296
1218
2912
3959
4487
1495
2257
3090
4230
1443
2627
3101
4346
1270
2922
3671
4985
1270
2462
4077
5086
1535
2717
4084
4408
1755
2133
3903
4519
1755
3035
3715
4620
1964
2642
3377
4429
1755
2791
3933
5058
1755
2564
4079
4508
1755
2990
3623
4351
1755
3022
3885
4132
1476
2171
3517
4741
1404
2457
3715
4418
1964
2869
3872
4797
1354
3022
3663
4745
1648
2457
3135
5072
1261
2529
3933
4514
1359
2860
4018
5000
1964
2528
3603
4937
1218
2800
3410
4296
1755
2248
3498
4494
1964
3021
3107
5094
1218
2333
3530
4171
1218
2844
4077
4561
1964
2905
3380
4943
1218
2434
4077
4496
1535
3005
3299
4343
1755
2129
4088
4687
1755
3064
3997
4654
1964
2905
3276
5056
1218
3022
4083
4283
1964
2905
3774
4730
1755
3012
3405
4494
1755
3064
3900
4983
1218
2567
3504
4384
1520
3041
3661
4494
1755
3022
3300
4961
1964
3021
3869
4338
1261
2421
4077
5112
1964
2800
3662
4747
1755
2800
3888
4699
1535
2234
3783
4595
1755
2818
3300
4520
1755
2818
3880
4364
1755
2844
3632
4740
1755
2619
3888
4175
1755
2619
3933
4747
1755
2800
3300
4274
1755
3008
3300
5058
1755
2789
3924
4119
1535
2798
4042
4898
1116
2490
3558
4586
1841
2257
3791
4465
1713
2283
3159
4157
1964
2740
3208
4283
1535
2150
3365
5108
1365
2928
3727
4684
1535
2468
3259
4676
1964
3021
3940
4412
1964
2700
3410
4455
1218
2457
4091
4970
1535
2920
3623
4695
1218
2412
3694
5031
1535
2694
3251
4357
1218
2693
3783
4397
1218
2700
3705
4853
1964
2905
3410
4308
1755
2928
3305
4514
1755
2248
3783
4567
1218
2976
3504
4171
1218
2985
3498
4514
1755
2412
3555
4145
1261
2585
3802
4800
1535
3000
3885
4740
1218
2411
3555
4937
1755
2248
3107
4800
1755
3008
3107
4120
1755
3008
4056
5022
1755
3008
4016
4624
1535
2670
3165
4552
1218
2121
3585
4747
1940
3022
3928
4494
1218
3022
3530
4937
1964
2700
3226
4801
1535
2928
3498
5031
1535
2928
3498
4853
1218
2411
3396
4624
1218
2457
3555
4554
1218
3022
3504
4705
1062
2330
3885
4705
1912
2915
3984
4829
1177
2171
3356
4741
1175
2930
3422
4137
1755
2829
3396
4601
1161
2255
3940
4937
1755
2748
3396
4145
1755
2463
3843
4934
1161
3022
3094
4624
1755
2162
3914
4705
1535
2857
3987
4150
1755
2889
3498
4490
1516
3022
3185
4624
1755
3022
3237
5112
1755
2419
3498
5049
1686
2635
3983
4289
1219
2692
3443
4928
1996
2283
3966
4305
1133
2457
3101
4339
1535
2627
3934
4276
1964
2196
3631
5010
1535
3039
3676
5056
1535
3071
3375
4740
1964
2887
3410
4320
1535
2815
4049
4624
1964
2467
3408
4414
1755
3022
3081
4384
1535
2818
3498
4906
1755
2928
4088
4740
1964
2905
3869
4943
1755
2248
3888
4705
1535
2452
3283
4307
1964
3062
3462
4949
1755
3008
3300
4924
1535
2552
3530
4800
1626
2905
3237
4898
1755
2248
3813
4924
1218
2121
3809
4332
1218
2561
4004
4800
1755
2800
3300
4120
1912
2529
3694
4970
1177
2171
3682
4400
1755
2677
3580
4800
1964
2883
3454
4370
1161
2712
3984
4705
1755
2248
3585
4320
1161
2913
3984
4494
1161
2700
3623
4514
1062
2419
3885
4702
1755
3008
3498
4861
1218
2552
3732
4422
1964
2818
3126
4306
1218
3022
3869
4937
1755
2473
3940
4422
1755
2540
3335
4132
1755
2248
3335
4921
1755
3022
4088
4384
1755
3022
4052
4875
1218
3022
3291
4453
1755
2162
3307
4508
1218
2770
3165
4432
1755
2791
3909
4510
1261
2905
3783
4961
1755
2473
4056
4985
1755
2248
3498
4705
1964
2770
3979
4171
1566
2436
3197
5002
1193
2940
3477
4143
1290
2424
3251
4843
1270
2501
3723
4157
1535
2717
3199
4182
1535
2939
3623
4307
2009
2129
3403
4648
1964
2905
4039
5010
1964
2243
4016
5010
1535
2721
3694
4911
1755
3011
3869
4351
1964
3021
3237
4132
1964
2257
3885
4767
1964
2257
3888
4726
1755
2248
3447
4514
1755
2861
3335
4338
1535
3009
3195
4305
1218
2748
3410
5056
1755
3071
3802
4119
1755
3022
3904
5022
1755
2248
3107
4460
1755
2787
3890
5052
1535
2577
3925
4648
1755
2567
4008
4560
1408
2803
3443
4444
1541
2404
3097
4565
1652
2971
3327
4877
1516
2700
3914
5028
1664
3064
3810
4519
1755
3071
3870
4705
1755
2709
3441
4351
1535
3000
3360
4823
1755
3022
3107
4771
1755
3071
3962
4810
1755
2411
3674
4961
1755
2451
3300
4125
1755
2869
3194
4119
1755
2971
3585
4296
1755
2248
3082
4874
1218
2905
3933
4473
1755
2248
3962
4636
1964
2119
3600
4949
1964
2257
3885
4771
1755
3022
3674
4296
1755
2314
3893
4305
1755
3022
3107
4771
1755
2248
3928
4801
1755
3017
3844
4924
1755
3017
3600
4364
1218
2289
3600
4459
1626
2905
3600
4784
1566
2118
3123
4126
1191
3051
3654
4987
1191
2850
3107
4562
1270
2642
3663
4615
1964
3021
3869
4889
1564
3071
3585
5096
1755
2452
3107
4972
1964
2976
3552
5010
1755
3022
3888
4911
1535
2813
3600
4588
1218
2154
3142
5028
2003
3022
3669
4351
1596
2746
3986
4915
1677
3026
3236
4639
1261
2516
3704
5068
1755
2097
3712
5022
1161
2255
3388
4478
1755
3047
3888
4684
1755
2129
3509
4700
1521
3022
4077
4917
1755
2789
3259
4624
1755
2097
3970
4384
1755
2985
3802
4300
1516
2700
3674
4184
1261
2421
3504
5029
1755
2333
3603
4861
1218
2289
3530
5026
1755
2800
3888
4283
1755
2253
4088
4933
1755
3064
3868
4351
1755
2248
4053
5022
1535
2748
3639
4174
1964
2398
3929
5068
1964
2841
3888
4959
1755
2162
3107
4132
1755
2174
4088
4654
1218
2770
3933
4296
1964
2972
3979
4740
1755
2818
3585
4374
1755
2800
3739
5011
1755
2473
3970
4852
1755
2260
3888
4248
1218
2818
3498
4616
1755
2501
3398
5069
1755
2248
4005
4508
1755
2800
4088
4924
1755
2091
3498
4407
1755
2121
3940
4384
1755
2791
3498
4184
1218
2451
3668
4509
1755
2421
3603
5094
1440
2257
4089
4323
1621
2529
3413
4404
1802
2457
3977
4606
1535
2333
3727
4215
1626
2693
3478
5050
1871
2912
3410
4919
1732
3033
3410
4539
1755
3022
3933
4307
1535
2939
3933
4740
1218
2940
4088
4730
1535
2815
3623
4416
1535
2398
3859
5089
1062
2795
3919
5036
1218
3022
3498
4384
1755
3071
3739
4508
1218
3022
3552
4526
1218
2844
3447
4414
1218
2540
3504
4771
1755
3012
3107
5018
1218
2567
3096
4189
1755
2248
3498
4593
1218
3022
3410
4215
1218
3022
3498
4814
1755
2626
3801
5079
1755
2253
4093
4508
1218
2419
3410
4726
1485
2815
3119
4138
1964
2861
3736
4593
1755
3022
3885
4305
1218
2800
3623
4149
1755
3005
3965
5096
1535
2412
3514
4985
1964
2351
3498
4189
1964
2162
3373
5050
1218
2333
4024
4285
1755
2248
3107
5042
1626
2905
3107
5022
1997
2922
3208
4699
1234
2476
3094
4487
1457
2890
3704
4305
1261
2206
3697
4567
1565
2905
3909
4183
1755
2949
4006
4184
1755
3051
3413
4648
1755
2869
4074
4307
1755
2561
3888
4828
1755
3022
3815
4852
1261
2462
3504
4170
1755
3022
3555
4517
1755
3022
3623
5069
1755
3022
3530
5022
1686
2511
3615
4991
1120
2257
3512
4266
1812
2498
3632
4869
1604
2283
3274
4364
1535
2314
3790
4915
1964
3009
3603
4639
1485
2693
4053
4539
1535
2860
3498
5072
1755
2248
3663
4305
1755
2121
3950
4320
1535
2968
3498
4300
1261
2883
3623
4741
1327
2508
4049
5096
1755
2946
3888
4889
1218
2119
3623
5012
1755
2270
3600
4714
1218
2789
3600
4567
1755
2700
3600
4183
1964
2700
3888
4957
1062
2423
3885
4364
1218
2693
3165
5089
1755
2473
3928
4861
1218
2628
3504
4714
1755
2628
4079
4145
1755
2818
3300
4200
1755
2693
3674
4520
1649
2940
3619
4977
2017
2297
3834
4457
1161
2147
3339
5022
1755
2459
3982
4831
1964
2883
3603
5020
1755
2844
3498
4755
1813
2861
3165
4201
1964
2411
3410
4800
1755
2129
3585
5094
1755
2540
3705
4244
1964
3008
3774
4414
1755
2844
4088
4469
1964
2484
3928
4414
1964
2054
3603
4508
1755
2795
3705
4454
1218
2928
3246
4904
1755
3064
3997
4171
1218
2567
3623
4567
1755
2462
3447
5022
1755
3022
3888
4184
1755
2333
3498
4889
1755
2248
3498
4726
1755
2463
3511
4175
1964
3000
3598
5041
1755
3022
3940
4862
1732
2823
4077
4561
1116
2490
3558
5010
1812
2467
3149
4210
1713
2354
3608
4369
1535
2150
3535
4184
1535
2333
3325
4485
1062
2133
3804
5068
1535
2649
3623
4480
1218
2693
3935
4235
1755
2567
3577
4456
1535
2848
3498
4875
1964
2848
3403
4171
1964
2905
3101
4128
1964
2905
3600
4320
1755
2333
3641
4801
1218
3009
3600
4937
1964
2889
3303
5010
1512
3021
3888
4721
1755
2248
3111
4364
1755
2129
3585
4455
1755
2971
3498
4705
1755
2248
3815
4726
1755
2412
3984
4631
1755
2928
3237
4175
1830
2928
3825
4821
1805
2206
3105
4192
1284
3021
3454
4398
1664
2077
3127
4419
1270
2746
3600
4997
1964
2097
3437
4320
1218
2660
3966
4190
1755
2829
3609
4615
1535
3069
3081
4829
1218
2770
4088
4680
1755
2749
4042
5069
1964
3021
3600
4505
1755
2749
3251
5012
1964
2964
3662
4320
1218
2129
3719
4926
1755
2091
3705
4189
1218
3022
3951
5056
1755
2749
4042
4985
1261
2091
3226
4503
1755
2248
3888
4868
1755
3071
3600
4455
1755
2936
3987
4456
1755
2748
3498
4184
1755
2452
3929
4364
1755
2844
3885
4384
1062
3012
3698
4195
1755
3022
3888
4792
1964
3009
3774
4414
1321
2780
3443
4764
1737
2723
4033
4228
1133
2257
3176
4529
1830
2913
3257
4476
1062
2925
3080
4431
1535
2478
3950
4985
1218
2567
3522
5028
1485
3008
3888
4937
1218
2920
3585
4937
1755
2209
3237
4364
1964
3005
3662
4106
1755
2971
4042
5079
1755
2091
3300
4654
1792
2677
3780
4544
1289
2764
3834
4176
1261
2406
3231
4713
1755
2463
3888
4823
1565
2940
3226
4589
1755
3047
3237
4351
1755
2946
3933
4838
1755
2147
3284
4705
1755
2628
3585
5022
1755
3071
4074
4874
1964
2813
3410
4713
1755
3022
3893
4624
1218
2770
3933
4414
1218
2269
3690
4414
1755
2462
3690
4539
1218
3022
3580
4648
1755
2248
3690
4170
1755
3071
3690
5056
1755
2248
3303
4961
1755
3022
3690
5022
1755
3005
3690
4514
1755
2889
3226
4120
1755
2628
3226
4484
1755
2818
4088
4839
1755
2472
3585
4171
1755
2248
3990
4874
1755
2791
3585
5037
1755
2628
3498
4961
1755
2248
3600
4364
1755
2464
3603
4705
1755
3005
3777
4514
1755
2735
3555
4874
1755
3005
3736
4275
1755
3008
3498
5033
1755
2129
3867
4961
1755
2649
3950
4351
1755
2946
3585
4145
1755
3005
3530
4962
1066
2264
3443
4578
1219
2457
3654
5071
1133
2992
3159
4937
1290
2890
3101
4652
1535
2939
3437
4477
1535
2968
3327
4456
1535
2564
3409
4602
1755
2284
3383
4906
1218
3022
3623
4868
1755
2248
3498
4771
1535
2968
3920
4720
1964
3005
3662
4460
1964
2905
3925
5010
1755
2150
3888
4784
1755
2567
3725
5056
1218
2567
3410
4742
1755
2248
3811
4119
1755
2248
3107
4955
1218
2567
3705
4126
1127
3035
3653
4740
1218
2567
4077
4589
1755
2248
3671
5090
1755
2564
3300
4335
1755
2905
3498
4876
1755
3005
3880
4510
1755
2248
3603
4307
1218
3022
3498
4171
1535
2767
3491
4971
1218
2536
3984
4125
1964
2789
3773
4320
1535
3011
3661
4839
1062
2795
3869
5036
1535
2552
3405
4646
1218
2119
3410
4612
1218
3035
4019
4220
1535
2694
3498
4612
1755
3022
3705
5069
1218
2529
3246
4732
1964
2905
3647
4589
1038
2210
3581
4741
1541
2404
3542
4913
1652
2529
3107
4814
1755
2930
3238
5050
1460
3021
3600
4364
1755
2232
4036
4431
1755
2248
3822
4931
1755
2890
4036
4364
1755
2529
3486
4983
1218
2257
3600
4276
1755
2883
3940
4258
1964
2262
3608
5056
1686
2823
3593
4587
1219
2692
3443
4928
1604
2255
3741
5028
1133
3015
3504
5033
1535
2815
3474
4119
1755
2925
4054
5094
1535
2612
3825
4771
1964
2619
3410
4305
1964
2700
3859
4559
1755
3022
3498
4961
1535
2504
3081
5036
1755
2670
3547
4364
1062
2793
3500
4320
1755
2119
3498
5059
1218
2119
3504
4539
1755
2333
3300
4924
1755
2567
3530
4911
1964
2700
3603
4955
1755
2248
3705
4322
1062
2714
3603
4357
1535
2694
3498
5094
1261
2628
3413
4937
1755
2883
3530
4589
1755
3064
3585
4705
1755
2473
4014
4300
1534
2118
3872
4338
1107
2360
3386
4201
1896
2905
3422
4283
1964
2499
3454
4171
1565
2971
3399
4931
1755
2463
3893
4530
1755
2248
3976
4364
1516
2350
4077
4283
1755
2248
3623
4510
1755
2567
3498
5094
1218
2567
3600
4414
1218
2971
3673
4927
1755
2248
3530
4740
1755
2844
3928
4606
1755
2905
3690
4824
1755
2314
3552
4284
1755
2971
3600
5079
1964
3021
3600
4648
1755
2248
3623
4684
1755
2412
3839
4985
1755
2421
3300
5110
1755
2452
3705
4906
1755
2925
4009
4175
1755
2877
4036
4387
1755
2314
3867
4831
1755
2467
4056
4845
1632
2424
3986
4465
1422
2185
3078
4126
1191
2626
3780
4595
1270
2992
3460
4416
1964
3021
3198
5022
1964
2968
3598
4374
1964
2424
4087
4320
1218
2748
3410
5003
1218
2971
3504
4745
1218
2700
3504
4305
1964
3021
3341
4710
1755
2800
3300
4583
1964
2700
3945
4583
1218
2129
3727
4714
1755
2914
3839
4300
1535
2531
3885
4462
1755
3062
3994
4310
1218
2800
3504
4856
1535
2717
3984
4357
1218
2971
4063
4636
1755
2561
3613
4517
1755
2905
3950
4256
1755
2150
3903
4771
1755
2248
3335
4924
1964
2818
3598
4332
1627
2940
4030
4431
1507
2896
3366
4954
1557
2746
3530
4482
1354
2260
3339
4289
1367
2594
3498
4507
1755
2333
3630
5022
1964
3021
3491
5041
1161
2700
3498
4494
1755
3062
3600
4132
1964
2700
3888
4713
1535
2989
3672
4861
1755
2419
3950
4539
1964
2700
3876
4189
1755
2748
3867
4210
1755
2091
3942
4320
1755
2248
3505
5037
1755
2540
3942
5022
1261
2213
3869
4429
1755
2119
3413
4801
1755
2788
3904
4810
1755
2119
3888
4776
1755
3062
3194
5089
1218
3062
3336
4751
1755
3022
3514
5022
1755
3062
3885
4726
1218
2791
3339
4308
1755
2856
3928
4307
1066
2457
3427
4154
1584
2460
3282
4492
1713
2531
3410
4800
1604
3070
3709
5040
1755
2314
3764
4726
1755
2284
3623
4242
1485
2990
3388
4266
1755
2990
3530
4119
1755
2248
3095
4539
1964
2672
3807
4171
1755
2248
4072
4624
1127
2419
3868
4390
1755
2567
4088
4767
1408
2105
3301
4398
1541
2404
4004
4538
1457
2467
3715
4484
1755
2869
3970
4783
1460
2459
3888
4151
1755
3062
3901
4198
1755
3062
3552
4889
1755
2883
3777
5094
1755
2567
3238
4862
1755
2770
3885
4810
1755
2135
3498
5056
1270
2544
3530
4508
1535
2681
3810
4132
1218
2660
3231
4322
1535
2694
3498
4338
1964
2920
3690
4468
1964
2462
3780
4195
1218
2770
4088
4145
1755
2248
3498
4810
1755
2800
3764
4714
1485
3022
3810
5089
1755
2818
3300
4487
1512
2905
3888
4414
1964
3062
3598
4949
1755
2248
3870
5059
1755
2097
3498
4972
1218
2567
3698
4722
1755
2985
3623
4821
1755
3022
3300
4283
1755
2248
4039
4864
1535
2577
3552
4150
1755
2800
3327
5118
1755
3022
3868
5089
1755
2411
3888
4351
1755
2248
3815
4364
1755
2162
3300
5056
1708
2764
3443
4291
2030
2191
3582
4295
