194
668
668
482
482
482
691
572
970
613
60
702
459
553
621
83
341
568
895
48
326
854
146
68
416
691
236
262
367
690
474
474
621
416
1008
721
970
613
60
329
702
929
621
1008
721
968
367
618
281
474
932
222
313
897
568
895
48
326
516
146
68
247
691
721
355
425
425
474
474
222
416
83
572
970
27
60
60
702
459
621
621
572
721
968
367
367
474
621
621
416
503
82
895
48
326
854
516
146
68
167
691
236
355
367
281
474
848
621
83
861
970
968
60
690
702
459
929
621
1008
721
968
367
367
16
474
932
621
947
341
568
895
48
44
516
146
68
644
721
355
419
630
802
470
550
222
452
861
970
968
60
60
329
78
621
621
1008
721
970
367
367
690
553
78
639
83
341
568
895
48
326
44
80
68
416
622
46
355
425
690
125
474
222
416
342
721
987
255
60
329
459
621
621
691
572
970
345
367
690
474
474
639
313
676
82
895
48
326
44
516
68
861
94
355
367
281
474
376
621
621
416
850
737
236
356
27
60
618
702
553
621
850
341
609
862
895
326
44
516
146
614
776
991
58
17
667
963
963
416
416
83
737
236
262
367
719
281
474
621
947
503
82
895
326
497
516
146
68
416
691
572
262
613
367
690
848
621
621
416
429
609
895
458
725
449
449
449
310
342
721
970
448
522
16
873
160
232
95
721
987
447
255
151
702
459
929
339
1008
236
356
356
137
151
702
459
621
850
341
568
895
48
427
941
68
21
416
691
572
970
172
367
758
474
222
222
342
721
970
968
60
329
281
78
621
691
572
970
968
367
281
474
618
639
222
664
341
609
895
48
326
44
516
68
83
572
803
613
137
690
553
125
416
416
1008
236
970
27
60
329
702
621
340
861
572
236
367
367
281
281
932
621
947
897
568
895
48
204
516
146
68
691
861
46
848
425
425
758
244
222
693
861
721
968
447
151
702
459
621
621
1008
721
262
367
367
281
474
78
222
947
429
82
895
48
326
44
516
146
416
691
721
265
356
367
281
281
78
621
947
737
236
356
613
151
329
459
621
621
691
572
970
968
367
719
281
78
222
947
676
568
895
48
326
516
516
68
644
94
355
425
1010
667
963
621
222
691
861
737
970
613
60
690
929
621
691
861
572
262
367
367
281
534
1755
2869
3502
5026
1755
2979
4093
4414
1397
2912
3208
4985
1127
3008
3843
4431
1127
2330
3979
4721
1457
2905
3914
5096
1397
2350
3226
4589
1127
2330
3376
4747
1397
3022
4053
4699
1457
2905
3903
5096
1397
2434
3804
4351
1638
2984
3096
4397
1457
2309
3458
4132
1284
2257
3795
4740
1397
2105
4039
5022
1127
2985
3979
4726
1700
2097
4077
5036
1397
2788
3504
5112
1457
2907
3965
4494
1397
2567
3498
5118
1397
3022
3401
4950
1561
3022
3903
4197
1397
3022
3783
5036
1457
2860
3684
4494
1487
2419
3914
4858
1840
2962
3535
4657
1874
2340
3977
5049
1651
3022
3933
4411
1755
3007
3585
4195
1755
2851
3603
4150
1127
3041
3674
4876
1755
2452
3409
4539
1959
2905
3802
4654
1561
2700
3933
4351
1457
2119
3613
4384
1127
2330
3888
4351
1457
2552
3885
4625
1127
2330
4008
4183
1457
2842
3690
4937
1631
2667
3475
4320
1457
2302
3098
4546
1807
2141
3641
4351
1457
2905
3268
4484
1487
2314
3498
4771
1959
2434
4008
5114
1457
2905
3888
4522
1397
3022
3888
4721
1561
2905
3843
5022
1457
2905
4091
4934
1561
2905
3914
4905
1397
2289
4006
4747
1561
2905
3498
4183
1843
3022
3888
4414
1069
2209
3922
4921
1404
2783
3506
5095
1664
2758
3662
4601
1521
2257
3929
4567
1755
2801
3810
5022
1755
2801
3674
5059
1457
2800
3268
4494
1397
2289
3903
5096
1457
2956
3231
4886
1755
3022
3951
5059
1397
2770
3893
4318
1397
3022
3690
4151
1457
3055
3914
4821
1791
2709
3802
4977
1659
3063
4077
4904
1457
2869
3795
4747
1521
2274
3504
5022
1457
2801
3231
4714
1457
2890
3668
4283
1457
2907
3885
4835
1457
2484
3215
5037
1127
3055
3982
4747
1457
2905
3673
4759
1457
2694
3669
4747
1457
2928
3950
4934
1561
2905
3690
4183
1843
3022
3824
4835
1635
2804
4077
4970
1908
2635
3991
4127
1396
2278
4052
4691
1755
2830
3603
4196
1523
2818
3715
4791
1755
2544
3824
4145
1755
2942
3231
4961
1755
2868
3428
4183
1397
2434
3909
4460
1755
2694
3690
4624
1755
2815
3530
5094
1959
2905
3674
4824
1127
3032
3698
4734
1959
2905
3226
4810
1652
2801
3504
5037
1516
2135
3790
4183
1457
2088
3880
4911
1457
2528
4054
5017
1561
2350
3530
5029
1487
2325
3966
5022
1700
2135
3504
4494
1843
2248
3603
4494
1457
3009
3232
4508
1561
2411
3888
4351
1457
2694
3888
4184
1457
2905
3824
4801
1487
2976
3504
5015
1959
3022
3530
4253
1700
2360
3542
5029
1765
2528
3672
5066
1755
3063
3698
4906
1755
2781
3669
4346
1521
2257
3081
4861
1397
2105
3417
5036
1801
2412
4077
5022
1457
2746
3888
4494
1457
2905
3260
4201
1457
2869
4039
5114
1457
2350
3824
4494
1397
2289
3843
4820
1457
2091
3725
4189
1397
2770
3942
5114
1696
2463
3260
4788
1521
2516
3260
4431
1305
2463
3504
4546
1397
2439
3504
4931
1487
2350
3504
5015
1181
2946
4077
4296
1457
2801
3231
4536
1049
2905
3674
5015
1487
2472
3802
4431
1561
2412
3237
4747
1959
2350
3526
4624
1561
2700
3082
4747
1049
2248
3690
4539
1457
2694
3913
5069
1959
2412
4042
5094
1563
2388
3830
4126
1651
2945
3764
4638
1651
2758
3747
4501
1867
2529
3323
4862
1755
2123
3398
4335
1755
3012
3335
4351
1755
2976
3778
4540
1457
3032
4088
4494
1397
2289
4006
4625
1457
2976
3725
4654
1457
2972
3885
4171
1397
2976
3504
4950
1561
2905
3082
4351
1397
2091
3413
4496
1815
2383
3710
4601
1788
2783
3502
4905
1700
2105
3231
4654
1457
2528
4063
5069
1457
2905
3619
4810
1457
3069
3725
4201
1700
2135
3914
4414
1487
2434
3603
4927
1049
2097
4077
5015
1561
2976
3498
4726
1457
2748
3116
4132
1487
2619
3778
4335
1397
3050
3802
4747
1025
2360
3493
4965
1743
2340
3470
4282
1652
3022
3268
4414
1284
2257
3356
4945
1410
2940
3903
4431
1457
2788
4077
4759
1127
2788
3498
4431
1397
2289
3893
4835
1457
2350
3951
4540
1457
2350
4039
4539
1457
2905
3869
4456
1397
2412
3674
4351
1457
3055
3690
4540
1959
2700
4042
4835
1392
2720
3104
4455
1367
2677
3231
5010
1397
2384
3950
4886
1896
2097
4008
4671
1397
2126
3413
5022
1457
2905
3668
4949
1397
2321
3903
4334
1457
2949
4077
4625
1561
3022
4077
4835
1457
2694
4053
5069
1049
2925
3300
4739
1843
3022
4077
4771
1487
2976
4088
4985
1561
2976
3891
4539
1561
2905
3928
4274
1546
2257
3430
4758
1424
2257
3416
4707
1755
2277
3928
4435
1523
2868
3924
4772
1755
2462
3506
4786
1523
2936
3498
4175
1457
2208
3928
4507
1755
2694
3674
4460
1457
2434
3231
4536
1457
2905
3935
5110
1457
2434
4039
4782
1457
2905
3824
4384
1664
2758
3888
4615
1305
3063
3096
4713
1685
2248
3094
4494
1659
2135
3810
4624
1397
3009
3914
4799
1561
2119
3107
5072
1659
2985
3268
4414
1561
2411
3300
4624
1561
2700
3893
5112
1397
2289
4006
4624
1457
2694
3869
4624
1049
3009
3300
4132
1959
2901
3869
5089
1487
2472
3802
4801
1807
2771
4077
4351
1638
2692
3598
5087
1404
2529
3300
4893
1284
2257
3603
5042
1457
2141
3893
4414
1521
2693
3504
4854
1457
2350
3231
4641
1457
2985
3613
4983
1397
3022
3914
4839
1457
2788
3231
4810
1457
2956
4061
4810
1457
2091
3682
4830
1457
2350
3215
4335
1755
2694
4053
4747
1487
2097
3504
4132
1029
2467
3810
4977
1392
2350
3473
4853
1652
2763
3305
4543
1397
2746
3574
4308
1457
2869
3165
5089
1659
3066
3473
5022
1457
2907
3824
4150
1561
2788
3530
4889
1397
2412
3891
4150
1561
2813
3802
4747
1049
2907
4088
4625
1457
2694
3530
4494
1843
2788
3600
4414
1487
2434
3966
4414
1519
2451
3149
4919
1592
2094
3381
4505
1862
2799
3504
4119
1523
2777
3996
4829
1755
3059
3952
4876
1755
3012
4054
4119
1755
2278
3909
4814
1755
3032
3914
4676
1755
2694
3747
4508
1822
3022
4054
4414
1755
2694
3804
4728
1127
2330
3673
4539
1457
2905
3165
4949
1959
2905
3226
4248
1284
2883
3504
4201
1457
2885
3231
4274
1457
2709
4042
4540
1457
2135
3888
4431
1127
3041
4061
5115
1397
3041
3530
5022
1457
2905
3893
4338
1659
2700
3824
4183
1843
3022
4061
4926
1561
2135
4087
4539
1561
2905
3498
5022
1397
3041
3498
4771
1397
2976
3504
4305
1843
2700
3914
4536
1765
2771
3574
4983
1764
2249
3080
4145
1521
2770
3843
4151
1521
2257
3603
4307
1397
3022
3940
4970
1755
2119
3437
4567
1457
2800
3530
4469
1397
2289
3903
4589
1755
2968
3530
4338
1127
2857
4088
4810
1457
2961
3893
5069
1457
2905
3950
4335
1457
2260
3473
5114
1700
2693
3869
4183
1029
2459
3503
4183
1521
2642
3504
5022
1561
2905
3530
4508
1521
2516
3888
5032
1457
2801
3231
4546
1457
2907
4008
4494
1807
2940
3810
5022
1700
3055
3900
4856
1049
2905
3698
4589
1457
2905
3673
4950
1049
2788
4077
5015
1049
2985
3888
4810
1843
2700
3690
4487
1300
2700
3880
4823
1939
2625
3504
4356
1586
2269
3557
4850
1455
2464
3900
4468
1651
2649
3514
4320
1822
2333
3339
4858
1755
2647
3885
4985
1755
2868
3843
5095
1755
2694
3498
4739
1959
3022
3810
4494
1397
2412
3530
4970
1457
2976
3082
4625
1127
3041
3674
4911
1284
2883
3504
4593
1801
2885
3950
4508
1807
2439
3107
5050
1127
2986
3888
4508
1127
2748
3698
4985
1457
2694
3613
4379
1457
3009
4061
4494
1457
2905
3824
4170
1561
3022
3888
4726
1457
2330
3914
5069
1561
2905
3082
4351
1457
2694
3530
4494
1561
2119
3082
4508
1397
2289
3824
4801
1049
2091
3603
4927
1457
2694
3824
5069
1561
2905
3603
4540
1314
2781
3215
4735
1664
2642
3773
5077
1521
2529
3401
4494
1521
2516
3198
4835
1521
2257
4088
4749
1457
2350
3966
4150
1755
3069
3914
4962
1127
2419
3982
4320
1397
3022
3725
4771
1755
2889
3623
5052
1397
2253
3498
4540
1127
3041
3530
4782
1561
2905
3913
5094
1397
3022
3824
5059
1161
2462
3807
4197
2018
2658
3878
4159
1592
2436
3967
4143
1651
2631
3269
4299
1755
2064
3915
5112
1755
3007
3950
5036
1755
3041
3925
4624
1457
2976
3335
4938
1755
2608
3824
5059
1397
3050
3804
4183
1755
2649
3804
4705
1959
2905
3802
4589
1959
3022
4008
4539
1959
2905
3530
4306
1959
2412
3437
4782
1959
2412
3300
4545
1755
2857
3928
4351
1457
3008
3888
4494
1457
2976
3843
5029
1959
2905
3498
4384
1755
2368
3498
4877
1457
2905
3824
4858
1755
2552
3804
4145
1127
2330
3673
4747
1457
2208
3674
4625
1127
2330
3804
4771
1843
3022
4077
5069
1959
2905
3869
4875
1457
3032
3914
4494
1057
2457
3647
4546
1029
2855
4077
4469
1924
2463
3893
5022
1457
2880
3215
4721
1561
2905
3270
4183
1457
2949
4087
5069
1457
2673
3915
5112
1457
2815
3888
5052
1561
2905
3990
4540
1049
2248
3990
4494
1049
2248
3942
4390
1843
3022
3231
4281
1843
3022
3893
4414
1397
3041
3119
4276
1933
2697
4068
4826
1975
2667
3552
4345
1626
2644
3915
4851
1755
2818
3603
4145
1755
2468
3951
5089
1755
2694
3283
4221
1755
2791
3885
4955
1755
3022
3951
5112
1755
2694
3843
4624
1397
2434
3810
4875
1397
2434
3437
4351
1457
2976
3844
4695
1397
2289
3413
5094
1959
2818
4077
4456
1314
2879
3208
4801
1664
2642
3208
4967
1521
3066
3804
4618
1457
2404
3673
4171
1457
2905
3810
4739
1807
3022
4077
4771
1397
2484
3413
4201
1561
2883
4077
4747
1457
2694
3891
5013
1457
2097
3824
4494
1049
2693
3376
5115
1049
2905
3376
4335
1457
3009
3824
4771
1457
2905
3673
4714
1583
2868
4076
4733
1683
2330
4052
4414
1996
2691
3153
4793
1755
2631
3919
5020
1700
2529
3950
4157
1764
2540
3929
5041
1959
3022
3987
4456
1801
2944
3872
4119
1807
2350
3929
4985
1659
2694
3260
4414
1801
2649
3747
4624
1700
2694
3891
4985
1659
2694
4077
4615
1807
2619
3464
4508
1638
2964
4088
5022
1192
2529
3672
5031
1300
2119
3893
4422
1807
2439
3727
4364
1181
2885
3824
5114
1777
2463
3893
4414
1843
2135
3504
4770
1843
2206
4042
4747
1049
2883
4042
5114
1049
2869
3987
4539
1049
2813
3260
5015
1049
2350
3725
4801
1049
2985
4087
4615
2010
2746
3804
5068
1661
2528
3437
4792
1759
2623
3804
4538
1410
2788
3540
4545
1755
2920
3540
4334
1755
2789
3925
5113
1755
2801
4053
4296
1755
2985
4053
4508
1261
2920
3231
4351
1457
2905
3843
4589
1127
3008
3940
4431
1822
3021
3903
4296
1397
3022
3530
4318
1755
2608
3928
4494
1843
3022
3413
4494
1755
2771
3727
4175
1638
2463
3603
4513
1397
3022
3704
4460
1813
2841
3215
4593
1652
3021
3893
4530
1397
2985
3880
4132
1397
3022
3690
5089
1457
2091
3824
4494
1457
2801
3778
4714
1457
2905
3893
5112
1127
2181
3673
4170
1457
2907
3824
5069
1561
2788
3778
4494
1127
3041
4006
5094
1049
2905
4088
4889
1424
2807
3413
4129
1824
2558
3608
5077
1626
2667
3187
4681
1523
3012
3690
4743
1867
2939
3598
4508
1959
2944
4077
4335
1822
3012
3504
4351
1457
2452
3824
4955
1457
3009
3951
4771
1959
2905
3398
4426
1561
2905
3498
4132
1457
2789
3437
5112
1843
3022
3725
4494
1457
2905
4091
5094
1815
3022
3300
4484
1788
3022
3495
4593
1324
3071
3950
4150
1457
2638
3613
4364
1049
2905
3893
4170
1457
2694
3987
4494
1487
2135
3504
5079
1843
3022
4061
4934
1843
3022
3335
4335
1561
2905
3498
4305
1561
2976
3498
4747
1049
2700
3904
4320
1561
2700
3603
5089
1689
3047
4077
5068
1588
2890
3603
4474
1815
2885
3773
4274
1557
2257
3501
4612
1652
2257
3268
5031
1397
3041
4093
4985
1959
2746
3783
4414
1457
2976
3914
4201
1457
2412
3530
4217
1561
2350
3914
4539
1457
2208
3869
5052
1561
2905
4053
4858
1457
2788
3327
4540
1397
3009
3944
5029
2003
2521
3504
4767
1581
2771
3413
4508
1192
2989
3872
4364
1700
2097
3268
4414
1700
2746
3454
4414
1653
2787
4077
4889
1561
2350
3526
4562
1457
2949
3750
4889
1049
2248
3810
4414
1561
3022
3893
4747
1049
2350
3888
4508
1457
2350
3530
4335
1049
2907
3725
4508
1561
2412
3698
4539
1049
2905
3600
4625
1843
3022
3970
5059
1908
2264
3080
4414
1814
2681
3324
4183
1651
2257
3837
5102
1755
3012
3603
5011
1755
2942
3536
4739
1755
2506
3603
4119
1959
2905
3107
4907
1755
2694
3935
4183
1755
2694
3951
4170
1457
2091
3778
4714
1457
2976
3913
5089
1397
3022
4091
4625
1127
2330
3804
4384
1521
2257
4042
4593
1305
2404
3919
4478
1521
2758
3673
4886
1457
2889
3268
4494
1457
2905
3498
4962
1457
2905
3982
4536
1561
2135
3300
4536
1959
3071
3260
4161
1457
2985
3810
4536
1487
2289
3698
4950
1700
2694
4077
4183
1659
2412
3824
4771
1487
2619
4091
4962
1457
2694
4077
4132
1755
3032
4042
4919
1389
2964
3740
4809
1284
2257
3081
4926
1460
2257
4031
4925
1755
2801
3903
4183
1659
3066
3376
4927
1457
2350
3893
4601
1127
2350
3603
4747
1457
2192
3231
4959
1843
3022
4077
5114
1457
2905
3467
5094
1457
2905
3530
4201
1457
2694
3893
4494
1664
2531
3081
4175
1700
3031
3454
5037
1231
2632
3454
4171
1521
2763
3504
4406
1397
2105
3261
4823
1694
3071
4006
4508
1457
2801
3376
4782
1659
2801
3119
4539
1397
2782
3970
4272
1457
2694
3891
4543
1487
3022
3376
4335
1457
2694
3231
4740
1487
3022
3314
5022
1843
3022
3782
5022
1049
2097
3300
5022
1686
2916
3796
4465
1975
2630
3514
5108
1583
2972
4067
4856
1939
2398
3542
4414
1755
2925
3824
4145
1755
3042
3603
4786
1755
2644
3261
4810
1755
2694
3530
5094
1755
2694
3603
4722
1457
2905
3950
4698
1127
2330
3935
4171
1457
2976
4039
4726
1561
3022
4077
4540
1652
2257
3715
4276
1410
2619
3517
4484
1397
2088
3268
4460
1457
2788
3891
4494
1049
2905
3942
4456
1457
2976
3824
4536
1959
2788
3904
5112
1843
2905
3802
5094
1397
2411
3504
5110
1561
2905
3498
4201
1843
3022
3903
5052
1843
3009
4077
5118
1561
2905
3698
5112
1959
3062
3965
4747
1104
2249
3742
4970
1581
2380
3300
4678
1410
2528
3104
4737
1397
2883
3504
4672
1284
2693
3161
4216
1457
2905
3870
4755
1127
2869
3843
4601
1755
3062
3440
4170
1457
2986
3893
4494
1127
2986
3891
4747
1457
2905
3903
5114
1127
2788
3603
4431
1959
2412
4077
4866
1457
2350
3613
4810
1557
2677
3772
4351
1031
2090
3603
4886
1298
2463
4077
4364
1807
3066
3366
4219
1397
2567
3268
4508
1652
2225
3473
4351
1457
2889
3473
4946
1457
2350
3888
4810
1659
2968
4039
5022
1487
2619
3893
4858
1561
2905
3530
4508
1457
2889
3824
4494
1397
2432
3811
4801
1457
2694
3888
4771
1049
2905
3869
5022
1457
2694
3613
4961
1592
2582
3458
4522
1669
2348
3884
4567
1867
2225
3074
4456
1755
2945
3603
4653
1755
2137
3747
4726
1755
2224
3674
4508
1755
2777
3165
4620
1397
2412
3293
4335
1755
2478
3498
4508
1755
2770
3804
4589
1561
2800
3951
4183
1397
2491
3914
4950
1457
2905
3542
4540
1631
2673
3208
4490
1755
2135
3704
4183
1029
3066
3712
4508
1521
2445
3225
4374
1457
2080
4091
4414
1397
2986
4008
4985
1700
2165
3504
5022
1807
2540
3661
4678
1457
2907
3888
4201
1959
2801
3903
4414
1457
2350
3215
4801
1457
2949
3913
4540
1127
2638
3893
5022
1561
2097
4077
4296
1457
2325
3888
4540
1765
2771
3950
4508
2038
3063
3335
4487
1397
2419
3413
5042
1664
2404
3078
4801
1397
2321
3498
4829
1755
2608
3498
5052
1755
2054
3498
4747
1561
2985
3966
4494
1457
2788
3613
4962
1457
2905
3824
4540
1561
2905
3498
4175
1487
2567
3698
4950
1127
2564
3552
4835
1700
2091
4006
4985
1545
2088
3447
4314
1181
2210
3982
4418
1521
3069
4077
5112
1457
2258
3636
4877
1298
2529
3486
4183
1807
2097
4077
4684
1561
2788
3778
4747
1561
2700
3891
4296
1457
2788
3824
4494
1561
2412
3335
4201
1843
3022
3813
5089
1049
2248
3843
4624
1487
2912
3888
5096
1049
2905
4006
4771
1686
2857
3933
4126
1814
2096
3608
5056
1635
2510
3715
4159
1583
2452
3887
4508
1755
2939
3111
4845
1755
2096
3603
4738
1127
2330
3270
4183
1755
2224
3804
5096
1959
2544
4077
4150
1755
2860
3869
5059
1755
2694
3413
4412
1457
2905
3673
4132
1521
2985
3669
4306
1996
2216
3165
4444
1521
2758
3662
4733
1457
2889
3914
4494
1127
3009
3673
4985
1397
3022
3673
4625
1457
2905
3268
5110
1127
2407
3903
4771
1959
3022
4077
4747
1457
2905
3673
5114
1397
3009
3824
4610
1561
2985
4077
4747
1561
2907
3950
4726
1049
2905
3530
5022
1664
3000
4042
5112
1896
2216
3104
4431
1659
2869
3933
4237
1112
2097
3504
4414
1397
2097
3156
4539
1755
2781
3498
4539
1755
2956
3698
4740
1397
2907
3891
4157
1127
3041
4039
4801
1397
3022
3940
4127
1959
2905
3914
4351
1127
2119
3673
4961
1127
2788
3376
4431
1460
2257
4042
5052
1457
2883
3495
5022
1659
2511
3094
5048
1410
2126
3710
4509
1457
2746
3782
4759
1807
3022
4077
4740
1807
3066
4077
4183
1487
2434
3698
4771
1561
3022
3335
5022
1487
2097
3256
4335
1457
2985
4039
5058
1049
3009
3300
4414
