318
457
457
915
520
534
313
160
169
418
418
920
124
432
432
521
124
900
33
915
69
126
409
970
310
84
131
114
878
610
193
557
662
557
168
94
178
770
201
532
363
62
557
557
204
152
594
487
160
160
169
418
418
920
920
64
98
103
770
201
577
804
705
557
75
153
168
1022
27
27
533
286
33
286
582
286
33
901
835
27
221
533
33
286
33
286
33
271
915
822
534
313
160
169
418
418
920
920
920
139
521
521
533
900
415
354
167
997
970
443
716
871
55
815
689
286
184
403
443
1023
915
98
178
770
201
577
193
557
557
204
204
152
874
227
132
160
169
418
418
920
920
920
614
178
770
701
878
193
193
557
557
557
204
984
576
117
206
531
577
853
75
75
75
75
92
27
221
533
33
901
286
901
33
92
33
901
105
874
227
410
160
169
418
418
920
920
432
432
521
303
900
901
41
415
105
87
997
443
883
576
156
114
878
367
693
557
557
557
168
915
576
117
206
183
532
363
557
557
168
168
984
520
132
313
160
397
418
418
920
920
172
64
576
156
695
531
572
705
693
75
75
168
1022
27
27
533
533
33
901
582
901
901
901
1022
27
364
533
286
109
901
582
901
901
271
915
874
534
313
160
169
418
418
920
920
385
432
521
303
533
286
33
915
143
87
409
970
310
195
871
1014
815
286
286
901
33
286
33
271
94
245
300
201
532
532
193
557
557
204
152
594
487
313
160
509
418
418
920
920
883
98
178
770
701
878
193
557
557
557
204
204
984
576
948
329
531
572
853
705
75
13
75
1022
27
303
533
900
124
401
582
582
33
271
915
520
132
313
160
885
418
920
920
920
172
521
521
303
900
900
385
915
167
997
443
310
98
178
770
201
878
193
557
557
662
204
152
45
178
206
183
532
363
62
557
484
152
295
254
132
160
160
36
418
920
920
920
64
64
576
948
201
531
577
705
693
662
75
168
1022
27
303
533
401
901
286
835
401
286
415
1022
27
364
533
900
901
286
582
33
901
915
105
520
534
313
160
169
418
418
920
940
172
195
521
303
617
13
415
143
167
997
970
310
1022
871
89
815
689
385
1023
582
33
1023
915
94
178
770
201
532
62
62
557
204
204
152
874
534
313
160
169
99
99
785
233
233
98
178
770
701
532
193
746
1062
3021
3885
5095
1062
2830
3368
4801
1062
2936
3885
4721
1062
2767
3913
4552
1062
2478
3794
4759
1062
2330
3747
4552
1062
2478
3849
4782
1066
2995
3208
4729
1034
2228
3123
4129
1597
3021
3834
5041
1535
2275
3915
5036
1535
2699
3205
4876
1755
2573
3880
4705
1755
3012
3740
4971
1867
2529
3555
4893
1755
2248
3825
4249
1964
2257
3924
4631
1535
2224
3437
4145
1755
3022
3904
4422
1755
2791
3398
4514
1755
2316
3627
4560
1755
2214
3705
4459
1755
2283
4091
5079
1755
2344
3935
4734
1755
2649
3596
4612
1512
3021
3913
4895
1755
2635
3727
4320
1512
2162
3410
4938
1755
2918
3856
4776
1755
2712
3434
5097
1755
2918
3127
4296
1321
2953
3189
4921
1906
2406
3072
4763
1931
2284
3187
5025
1755
2393
3966
4861
1755
2289
3237
4732
1755
2162
3107
4322
1964
3007
3126
4127
1734
2297
3934
4423
1225
2404
3439
4321
1331
2210
3965
4612
1460
3021
4007
4418
1521
2105
3208
4528
1284
2463
3504
5056
1755
2801
3727
4601
1392
2105
3495
5097
1261
2459
3673
4161
1755
2105
3492
4784
1755
2528
3913
5099
1755
3011
3913
4601
1062
2703
3268
4759
1175
2709
4085
4759
1755
2105
3727
4759
1261
2677
4077
4690
1734
2297
3864
4944
1225
3031
3631
4938
1652
2764
3218
4891
1284
2528
3504
5028
1664
2516
3526
5093
1755
2989
3913
4876
1284
2206
3662
4601
1521
2957
3231
5041
1755
2216
3868
5112
1755
2709
3082
4149
1161
2968
3464
4161
1261
2148
4077
4633
1755
2115
3802
4977
1755
2635
3582
4801
1457
2248
3580
4194
1964
3007
3913
4414
1708
2449
3443
4391
1455
2812
3855
4966
1606
2418
3515
4477
1485
2857
4077
4948
1635
2936
3403
4508
1626
2407
3915
4637
1583
2540
3242
4313
1755
3012
4088
4985
1535
2275
3764
4801
1867
2489
3639
4911
1755
3012
4053
4919
1755
3008
3965
4351
1755
2920
4088
4132
1755
2419
3603
4465
1755
2990
3747
4364
1631
3015
3971
4301
1289
2780
3746
4561
1078
2940
4094
4340
1709
2940
3791
4720
1664
2255
4008
4201
1755
2487
3893
4755
1410
2150
3719
4562
1964
3021
3424
4676
1565
3071
3987
4759
1261
2944
3868
4414
1755
2332
3727
4803
1062
2740
3492
4726
1755
2404
3503
4938
1755
2248
3966
4508
1755
2678
3859
4177
1485
2134
3376
4864
1755
2463
4088
4676
1755
2824
3127
4504
1964
2601
3872
4801
1755
3022
3868
4422
1062
2307
3698
4357
1964
2869
3672
4414
1755
2411
3398
4194
1755
2153
3603
4374
1755
2540
3802
4194
1626
2829
3727
4759
1755
2791
3997
4117
1127
2248
3990
4455
1062
2944
3797
4431
1512
2564
4003
4928
1964
2478
3913
4414
1964
3055
3913
4414
1127
2248
3913
5033
1964
2456
3504
4351
1755
3055
3094
4519
1755
2091
4053
4893
1755
3022
3913
4810
1755
3022
3951
4876
1261
3022
3965
4801
1512
3022
3410
4759
1755
3022
3914
4654
1701
2907
3300
4508
1261
2529
3376
4899
1062
2986
3673
4759
1062
2052
3530
4801
1755
2936
3914
4351
1755
3022
3970
4631
1261
3009
3504
5042
1755
3022
3511
4217
1755
2411
3951
4175
1066
2998
3958
5111
1346
2645
3475
4915
1535
2266
3244
4732
1218
2277
3942
4184
1564
2905
3974
4654
1755
2119
4053
4510
1597
2390
3363
4943
1755
2791
3843
5079
1535
3023
3843
4554
1635
2971
3810
4248
1755
2830
3843
4861
1755
2942
4039
5096
1535
2491
3259
5041
1626
2928
3924
4838
1755
2452
3317
4961
1964
2117
4077
4896
1755
2735
3802
4985
1755
2860
3952
5100
1755
3022
3259
4182
1755
2111
3523
4775
1261
2660
3951
4915
1457
2255
3802
4866
1755
2452
3719
4860
1261
2434
3504
4615
1679
2601
3878
5037
1620
2457
4024
4978
1931
2579
3320
4414
1931
2833
3335
4954
1755
2540
3924
4970
1626
2693
3577
4281
1583
2412
3834
4589
1755
2944
3778
4726
1327
3071
3537
4848
1755
2537
3758
4318
1755
2791
3082
4734
1755
2463
3797
4843
1755
2565
3492
5095
1755
2411
3802
4876
1755
3022
4085
4318
1261
2820
3952
4414
1783
2516
3742
4959
1732
2257
3913
4455
1755
2344
3111
4175
1512
3024
3979
4721
1755
2219
3127
5022
1964
2368
3849
4230
1218
2945
3504
4175
1059
2459
3166
4741
1235
2573
3225
4484
1404
2967
3503
4494
1460
2257
3727
4201
1652
2105
3660
4494
1931
2191
3834
4853
1664
2459
4008
4759
1755
2717
3526
4318
1284
2660
3849
4915
1964
2841
3526
4739
1261
2091
3504
4460
1460
2206
4042
4739
1261
2986
3952
4414
1755
2463
3743
5015
1755
2274
3929
4911
1755
2884
3526
4335
1964
2884
3339
4432
1755
2788
3728
4726
1708
2586
3101
4803
1443
2766
3517
4394
1695
3021
3400
5119
1755
2705
3447
4215
1755
2863
3660
4453
1218
2912
3274
5041
1583
2813
3928
4743
1485
3012
3796
4985
1635
2868
3413
4661
1939
2257
3573
4999
1931
3022
3111
4705
1755
3008
3778
4950
1755
2912
3903
4215
1755
2925
3335
4508
1161
3022
3573
4411
1805
2206
3105
4891
1816
2771
3727
4137
1521
2660
3850
4198
1284
2206
3440
4822
1557
2425
4085
4179
1521
2457
3829
4891
1284
2516
4091
5058
1457
2088
3976
4714
1755
2855
3747
4864
1457
2709
3970
4875
1521
2660
4085
4835
1755
2459
3913
4635
1457
2350
3094
5018
1457
2135
3735
5013
1755
2439
3492
4961
1755
2885
3913
4747
1755
2788
3082
4175
1634
2864
3986
4609
1381
2297
3581
4139
1541
2783
3339
4928
1755
2573
3876
4741
1410
2150
3883
4801
1059
2946
3410
4449
1565
2940
3904
4801
1964
2365
3341
4508
1964
2964
3104
4320
1964
2642
3859
4306
1062
2091
4052
4431
1062
2330
3077
4835
1755
2412
3183
4351
1964
3021
3668
4562
1964
2307
3104
5033
1964
2680
4077
5022
1964
2340
3581
4801
1535
2274
3405
4305
1062
2733
3698
4631
1062
3017
3673
4588
1062
2083
3804
4150
1626
2829
4008
4536
1062
3009
3698
5094
1062
3055
3673
4801
1535
2506
3913
4759
1062
2791
3885
4801
1062
2972
3980
4536
1755
3022
3933
4175
1261
2946
3530
4414
1964
2815
3672
4536
1062
2800
3804
4911
1062
2703
3671
5094
1261
3055
3096
4414
1964
3022
3747
4759
1218
3062
3710
4161
1066
2354
3986
4561
1644
2394
3907
4374
1424
2940
3800
4810
2009
2275
3197
5076
1583
2712
3887
4145
1867
2320
3126
4508
1535
2968
3839
4161
1516
2968
4077
4914
1535
2540
3409
4676
1626
2442
3231
4726
1867
2849
3990
4726
1218
2452
3504
4150
1755
2248
3843
4175
1964
2857
3425
4161
1755
2833
3847
4161
1755
2990
3764
4296
1964
2478
3410
4742
1964
2224
4085
4414
1755
3022
3573
4127
1964
2703
3913
5028
1127
2537
3237
4846
1964
2091
4003
4937
1512
2140
3082
4414
1457
2248
4077
4197
1062
3055
3804
4801
1755
3022
3885
4318
1346
2424
3887
4604
1392
2283
3564
4896
2003
2946
3149
5112
1755
2277
3474
4459
1964
3007
4077
5011
1755
2225
3970
4710
1191
2527
3474
4948
1107
2191
3386
5051
1284
2309
3715
4157
1457
2186
3161
5028
1521
2383
3631
4538
1284
2697
4077
4776
1521
2940
3913
4931
1410
2940
4074
4871
1755
2565
3631
4201
1161
3066
3386
4830
1284
2529
3868
4937
1755
2801
3745
4177
1964
2638
4077
4759
1755
2956
3631
5113
1964
2949
3970
4414
1755
2544
4042
4117
1261
2105
4088
5097
1476
2171
3517
4941
1816
3063
4088
4720
1641
2210
3982
4810
1755
2855
3885
4862
1998
2210
3454
4893
1521
2989
3914
4684
1059
2957
3495
4414
1807
2150
3104
4820
1755
2463
3526
4934
1755
2459
3676
5059
1521
3022
3410
4759
1755
2463
3495
4177
1755
2788
3802
4175
1755
3022
3747
4983
1755
2985
3098
5015
1755
2082
3580
4845
1686
2166
3741
4788
1553
2590
3220
4553
1535
2466
3535
4834
1597
2971
3955
4287
1392
2830
3929
4510
1755
2936
4053
4099
1564
2544
3080
4791
1635
2813
3740
4170
1535
2506
3869
5058
1931
2833
3335
5094
1867
2789
3111
4456
1755
2253
3839
4771
1755
2672
3337
4931
1626
2972
3810
4494
1755
2649
3928
4610
1755
2735
3647
4893
1583
2949
3887
4835
1698
2118
3982
5032
1631
2620
3966
4373
1418
2275
3796
4524
1261
2105
3662
4113
1250
2746
3443
4726
1753
2484
3773
4202
1261
2257
3576
5029
1410
2693
3660
4145
1964
2735
3104
4801
1755
2083
3082
4745
1062
2330
3492
4546
1062
2162
3788
4119
1218
2925
3876
4820
1755
2712
3997
4194
1964
2638
3812
4937
1062
2552
3885
4767
1755
2942
3183
4335
1964
2990
4006
4925
1535
2108
3560
4759
1261
2791
3952
4741
1062
2862
3673
4801
1755
3055
3300
4615
1062
2268
3885
5022
1964
2540
3443
4829
1062
2506
3990
4431
1512
3022
3368
4414
1755
2651
3802
4194
1062
2343
3903
4241
1964
3055
4085
4414
1127
3055
4088
4508
1964
2978
3434
4801
1755
2412
3913
4876
1127
3035
4006
4455
1755
2402
3082
5029
1062
3017
3913
4357
1964
2714
3935
4508
1062
3032
3885
4801
1964
3021
3992
5024
1755
2487
3913
4335
1062
3055
3673
4864
1261
2791
3802
4494
1127
3055
4088
4676
1964
2564
3747
4414
1755
2946
3586
4354
1964
3021
4075
4759
1755
2946
3107
4194
1755
2859
3119
4766
1261
2945
3284
4374
1755
3022
3913
4720
1755
2411
3913
4334
1247
2444
3512
5111
1787
2833
3087
4854
2009
2756
3366
4230
1666
2340
3621
4318
1535
2549
3088
5059
1755
2464
3705
4215
1597
3039
3557
4487
1564
2529
3424
4628
1626
2608
4014
4911
1583
3011
3094
4117
1867
2564
3585
4508
1535
3071
3198
4889
1755
2985
3951
4848
1964
2119
3410
4170
1127
2419
4088
4170
1261
2990
3504
5095
1755
2990
4042
4174
1755
2942
3868
5059
1127
2350
4088
5090
1755
3022
3420
4318
1755
2968
3398
4917
1755
3062
3723
4459
1755
2918
3259
4684
1755
3055
3849
4809
1261
3055
3504
4878
1679
2607
3190
4187
1749
2812
3791
4282
1931
2946
3107
4263
1392
2430
3824
4494
1755
2452
3909
4676
1755
2277
3335
4508
1557
2971
3111
4508
1755
2944
4005
4948
1755
2248
3603
4889
1218
2119
3558
4776
1261
2462
3662
4351
1964
3009
3335
4697
1512
3021
3111
4157
1964
3039
3696
5036
1755
2944
3573
4296
1261
3021
3880
4411
1755
2918
3997
4631
1261
2944
3504
5023
1062
2368
3919
4823
1755
3055
3727
4911
1755
2824
3965
4398
1261
2289
3979
4318
1755
2968
4039
4726
1755
2945
3492
4961
1964
2343
3913
4639
1314
2780
3083
4370
1860
2321
3192
5110
1324
2118
4004
4494
1284
2255
3504
4422
1764
2925
3795
4861
1457
2986
3596
4494
1557
2206
4007
4908
1457
2297
3997
4866
1964
2484
3647
4414
1284
2957
4077
4494
1521
2206
3814
4161
1261
3055
3504
4945
1284
3066
3621
4710
1755
2868
3413
4861
1755
2564
4036
5099
1066
2823
3443
4785
1644
2094
3796
4833
1535
2275
3845
5007
1755
2877
3771
4157
1940
2978
3096
4867
1651
3022
3690
4731
1635
2529
3383
4455
1755
2990
3951
4184
1535
2938
3704
4503
1583
2968
3940
4530
1635
2968
3660
4921
1755
2248
3198
4184
1755
2936
3778
5115
1755
2936
3815
4296
1755
2162
3498
5059
1755
2091
3317
5095
1954
2543
3872
4157
1860
2801
3619
4111
1743
2209
3386
4127
1284
2788
3802
4414
1521
2344
3504
4201
1755
2885
3478
4519
1557
2309
3274
4201
1521
2383
3360
5013
1284
2434
3246
4541
1457
2728
3613
4201
1161
2741
4085
4414
1127
2709
3504
4835
1161
2801
3913
4733
1127
2788
3970
4321
1457
2088
3951
4374
1700
2412
3966
4891
1460
2412
3235
5028
1997
2798
3475
4177
1055
3040
3746
4561
1581
2850
3208
4454
1059
2746
3348
4966
1664
2484
3996
4791
1867
2088
3641
4561
1410
2255
3996
4561
1557
2283
3786
5096
1521
2712
3603
4424
1557
2091
4077
4305
1755
2277
3812
4631
1755
2800
3094
4620
1485
3022
3246
4759
1964
2478
3492
4215
1755
2869
3492
4175
1755
2918
3893
4334
1161
2516
3745
4106
1964
2707
4077
4726
1755
3010
3078
5099
1062
3041
3980
4767
1755
3022
4085
5018
1755
2564
3802
4437
1755
2225
3913
4876
1964
3009
3913
4937
1755
2918
3719
4508
1964
2721
3690
4468
1964
2423
3171
4759
1175
2945
4077
4494
1755
3035
3940
4175
1755
2412
3413
4546
1755
2421
3802
5094
1755
2942
3913
4684
1485
2249
3868
4801
1686
2371
3111
4867
1120
2337
3475
5021
1455
2122
3663
4241
1455
2457
3951
4957
1392
2875
4010
4935
1626
2693
3424
4099
1564
2484
3413
4494
1535
2857
3559
4484
1635
2635
3847
4334
1755
2133
4007
4801
1867
2678
3366
4593
1755
3012
4053
5068
1626
2905
3644
4684
1175
2248
3585
4987
1755
2925
3690
4334
1755
2248
3914
4099
1261
2467
3504
4305
1485
2691
4077
4183
1755
2833
3913
4175
1964
2307
3621
4508
1755
2985
3913
4776
1701
2619
3082
4422
1755
2440
3990
4175
1755
2918
4042
4759
1755
3022
3526
4654
1830
2360
3997
4897
1620
2467
3855
4264
1931
2946
3901
4318
1755
2925
3913
5029
1755
2833
3935
5094
1626
2452
3913
4494
1755
2872
3904
4431
2010
2829
3715
4944
1101
2476
3306
5051
1192
2457
3186
5093
1659
2249
3574
4946
1521
2105
3704
4132
1284
2529
3924
4248
1521
2693
3325
4201
1993
2746
3413
4893
1755
2709
3727
4676
1521
2463
3504
4554
1284
2257
3300
4950
1701
2369
3492
4593
1261
2135
3504
5028
1755
2709
3776
5041
1755
2350
3526
4175
1755
2091
3704
4244
1261
2232
3662
4877
1476
2303
3378
4117
1970
2216
3737
4414
1641
2249
3413
4659
1755
2855
3893
4460
1031
2383
3265
4601
1521
2957
3662
4281
2003
2516
3621
4695
2003
2459
4008
4697
1755
2105
3270
5057
1755
2788
3747
4697
1755
2869
3868
5040
1652
2946
3410
4742
1755
2060
3434
4461
1521
2384
4077
4821
1755
2746
4088
4334
1066
2995
3779
5032
1644
2424
3803
4129
1789
2457
3491
4751
1800
2632
3506
4953
1583
2712
3632
4629
1523
2877
4065
4733
1564
2544
4077
4134
1564
2529
3929
4906
1583
2912
3511
4508
1867
3008
3596
4221
1867
3012
3315
5110
1755
2452
3557
4364
1755
2985
3843
4318
1755
2393
3928
5027
1755
3041
3237
4684
1755
2430
3474
4853
1457
2925
3389
4835
1466
2967
3439
4826
1467
2864
3922
4129
1581
2255
3775
5028
1284
2864
3377
4826
1460
3066
3764
4414
1755
2695
3837
4927
1410
2255
3398
4801
1557
2239
3414
4776
1755
3047
3758
4899
1755
2945
3492
4175
1062
2368
4088
4357
1755
2869
3913
4770
1365
2195
3913
5010
1062
2478
3698
4759
1535
2644
3183
4608
1062
3055
3849
4357
1964
2721
3526
4414
1755
2791
3492
4422
1535
2715
3797
4620
1062
2368
3335
5075
1964
3039
3608
4593
1964
2869
3797
4216
1062
2484
3913
4431
1964
2083
3797
4539
1755
2712
3913
4861
1626
3062
4085
5075
1261
2946
3410
5096
1755
2248
3498
4759
1755
3022
3797
5037
1062
2351
3913
4221
1964
3012
4006
5052
1755
2834
3297
4175
1520
2257
3194
4647
1755
2987
3259
4776
1755
2918
4042
4759
1218
3051
3719
5097
1062
2330
3885
4484
1261
2918
3504
4741
1755
2248
3914
4927
1261
3055
3504
4733
1062
3017
3368
5097
1964
2907
3410
5097
1755
3022
3797
4795
1755
2535
3990
4249
1512
3008
3504
4875
1062
2506
3270
4801
1512
2579
3504
4747
1755
2889
4079
4508
1755
2791
3753
4911
1964
3055
3598
4494
1495
2959
3193
4572
1586
2590
3497
4425
1906
2529
3660
4694
1597
2957
3111
4494
1755
2705
3284
4244
1485
2905
3530
4905
1583
2540
3183
4414
1755
2672
3868
4624
1535
2057
4072
4595
1931
2452
3869
4925
1755
2944
3778
4875
1755
2248
3603
4455
1485
2942
3117
4459
1755
2535
3413
5012
1931
2540
3965
4756
1964
2162
3410
4654
1755
2540
3727
4715
1755
2404
3413
4801
1755
2452
3747
4876
1964
2478
3797
4414
1127
2119
4088
4905
1755
3022
3486
4484
1755
2918
3797
4197
1755
2091
3747
4296
1713
2371
4005
4937
1346
2424
3604
4684
1392
2498
3494
4971
2003
2412
3824
4414
1755
2162
4039
4170
1755
2946
3950
4296
1755
2649
3901
4955
1755
2918
3869
5018
1261
2091
3710
4161
1327
2052
3676
4895
1755
2619
3399
5079
1755
2316
3903
4310
1261
2091
3662
4830
1261
2257
3868
5058
1755
2918
3951
4161
1512
2800
3913
4937
1652
2856
4077
5029
1127
2091
3903
4422
1755
2748
3486
4684
1457
2248
3987
4539
1755
2091
3864
4759
1755
2939
4042
4893
1755
2722
3797
4422
1127
2877
3492
5068
1631
2255
3913
4967
1677
2780
3377
4134
1192
2177
3398
4727
1807
2404
3300
4414
1798
2457
3474
4696
1755
2225
3924
4849
1631
2274
3619
4414
1457
2467
3526
4318
1557
2206
3747
4831
1457
2060
3868
4601
1261
2868
3504
4927
1175
2829
3913
4414
1521
2255
3504
4853
1755
2350
3719
4955
1755
2411
3913
4955
1512
2491
3662
4800
1755
3010
3182
5041
1247
2625
3807
4785
1644
2645
3502
4966
1504
2300
3149
4340
1950
3066
3439
4137
1666
2869
3878
4864
1664
2094
3171
4202
1664
2333
3428
4675
1664
2552
4077
4177
1664
2905
3859
5087
1664
2162
3790
4363
1521
2430
3504
4831
1521
2660
3928
5037
1565
2540
3530
4414
1565
2868
3778
4831
1161
2942
3906
4478
1476
2484
3619
4572
1816
2429
3965
4826
1324
2890
3542
4175
1159
2850
4008
4153
1764
2249
3356
5076
1896
2255
4053
4801
1404
2073
3710
4720
1521
2257
3829
4776
1701
2135
4079
4508
1457
2135
4083
4759
