228
789
909
909
262
374
632
399
399
925
343
684
646
74
9
603
512
399
19
626
626
569
16
116
142
874
814
481
626
809
1007
757
475
130
399
181
399
112
485
764
757
352
142
546
38
132
11
729
1007
856
262
1020
699
406
406
802
729
777
646
352
262
475
399
399
802
485
180
566
538
864
864
699
399
802
729
1007
557
538
262
699
406
399
802
628
965
646
566
306
641
603
406
309
933
485
1007
757
1020
214
1020
328
112
112
485
1007
757
1020
214
624
328
456
771
112
526
566
262
1020
943
667
829
747
626
684
111
161
130
310
874
766
190
11
1007
757
668
848
992
874
388
369
729
569
668
848
992
874
874
294
197
626
557
757
668
130
550
399
187
494
684
684
824
501
716
874
399
388
505
180
566
212
212
280
212
788
494
487
1007
566
56
1020
130
399
132
494
626
557
757
889
1020
1020
267
281
965
777
646
352
976
890
477
406
494
369
469
566
566
262
477
699
399
226
583
569
566
262
280
214
699
218
273
120
569
557
181
976
438
546
132
424
684
614
566
9
716
886
956
280
933
696
1007
603
920
280
699
214
399
112
485
1007
1007
668
214
753
214
399
19
485
809
74
757
753
214
753
214
500
309
485
809
403
214
1020
181
438
92
802
764
557
757
352
130
699
399
218
369
626
557
538
477
214
699
399
218
729
189
352
213
262
1020
699
399
802
424
684
824
566
9
716
512
399
802
583
1007
538
352
305
699
699
814
802
583
1007
354
714
352
352
699
399
802
583
561
403
757
262
699
699
788
494
286
557
646
352
262
130
746
746
925
626
1007
757
352
151
699
214
399
112
583
582
856
352
262
699
97
281
494
469
557
566
538
130
699
399
132
424
965
557
646
566
306
699
699
19
112
583
920
945
280
214
699
746
586
626
626
1007
352
306
753
214
399
456
500
809
557
757
262
1020
699
399
829
369
684
577
757
757
1020
699
399
500
626
11
557
757
1020
262
746
438
152
626
485
557
566
262
1020
354
227
92
112
577
646
1020
752
699
143
27
494
965
684
856
31
641
406
593
281
626
180
646
74
623
374
364
94
626
226
1011
920
646
1020
262
364
752
481
628
1011
646
377
364
1020
725
206
747
906
622
596
644
9
834
438
477
23
962
781
386
393
386
438
743
27
343
782
744
566
306
1020
246
2024
2190
3086
4916
1535
2822
3323
4203
1838
3044
3410
4293
1263
2750
3511
4443
1669
2190
3205
4266
1838
2190
3934
5025
1396
2681
3555
5071
1838
2190
3244
5104
1947
2137
3281
4561
1291
2693
3555
4748
1950
2884
3292
4705
1565
3054
3517
4211
1838
2707
3266
4660
1925
2882
3555
4533
1862
3065
3796
4599
1878
2433
3780
5108
1509
2589
3346
4300
1996
2978
3686
4691
1806
2424
3621
4470
1436
2077
3799
4211
1812
2119
3555
4741
1828
2714
3449
4751
1590
2612
3098
4451
1806
2484
3508
4119
1743
2190
3786
4618
1519
2225
3384
4197
1610
2830
3814
5007
1083
2703
3499
4285
2006
2884
3280
5105
1250
2882
3171
4413
1718
2791
3215
4691
1993
2314
3490
4332
1057
2148
3439
4510
1263
2276
3137
4443
1915
2190
3464
4878
1813
2356
3307
5043
1669
2048
3578
5005
1057
2459
3887
4256
1263
2333
3511
4256
1436
2746
3555
4680
1291
2830
3597
4660
1597
2608
3951
4660
1779
2179
3702
4933
1535
2821
3843
5048
1636
2253
3382
4990
1996
2785
3555
4665
2006
2884
3449
4788
1263
2190
4067
4422
1186
2190
3183
4556
1427
2681
3185
4443
1610
2719
3323
4106
1427
2123
3707
4662
1610
2362
3555
4524
1427
2190
3269
4360
1985
2884
3526
4256
1427
2884
3323
4502
1666
2214
3783
4660
1564
2498
3555
4471
1755
2253
3415
5061
1597
2119
3104
4249
1057
2978
3243
4660
1993
2952
4005
4855
1489
2938
3323
4665
1998
2333
3555
4783
1610
2234
3555
4510
1982
2307
3251
4605
1785
3000
3389
4888
1974
2952
3502
4211
1526
3059
3126
4612
1878
2179
3324
4670
1683
2190
4063
4143
1583
2190
3231
4672
1211
2274
3555
4994
1915
2190
3641
5084
2024
2741
3247
4957
1427
2063
3323
4469
1211
2964
3449
5119
1718
3069
3916
4660
1217
2470
3555
4620
1525
2208
3304
4980
1610
2137
3077
4660
1029
2137
3810
4389
1764
2805
3596
5043
1353
2854
3773
4691
1841
3025
3892
4987
1455
2214
3592
4660
1436
2057
3721
4196
1403
2579
3449
4196
1529
2424
3707
4196
1998
2190
3091
5011
1436
2884
3116
4605
1263
2884
3551
5037
1838
2884
3621
4275
1186
2333
3856
4660
1186
2130
3555
4399
1186
2642
3511
4443
1940
2719
4074
4676
1535
3058
3201
4119
1940
2463
3449
4620
1996
2190
3727
4788
1610
2190
3104
4676
1993
2344
3340
4660
1764
2321
3171
4660
1998
2628
3171
4779
1369
2401
3320
4240
1664
2323
3800
4332
1874
2860
4030
4660
1610
2470
3338
4855
1263
2190
3740
4151
1838
2608
3861
4660
1166
2511
3798
4502
1862
2626
3508
4533
1211
2117
3382
4810
1915
2968
3555
4994
1250
2290
3916
4993
1838
2851
3281
5005
1216
2190
3951
4198
1993
2635
3449
4285
1636
2274
3415
4136
1057
3016
3847
4977
1993
2190
3922
4866
1982
2887
3091
4556
1813
2365
3449
4696
1610
2905
3091
4600
1878
2701
3798
4429
1877
2529
3757
4859
1560
2978
3663
4371
1830
2119
3200
4741
1535
2835
3309
4660
1996
2290
3447
4444
1452
2905
3927
4198
1564
2907
3764
4256
1564
2740
3555
4861
1564
2453
3244
4705
1892
2561
3982
5056
1882
2123
3237
4256
1882
2915
3449
5108
1703
2628
3856
5108
1886
2628
3447
4770
1651
2791
4077
4275
1535
2817
3276
4413
1982
2540
3335
4139
1788
2630
4024
4119
1867
2411
3796
4519
1925
2905
3307
4731
1925
3012
3276
4665
1925
2628
3997
5108
1925
2628
3329
4893
1925
2108
3329
4705
1564
2192
3154
4893
1564
2841
3276
4471
1557
2192
3916
4349
1519
2050
3916
4215
1535
2608
3244
4369
1931
2907
3657
4414
1755
2809
3585
4861
2035
2869
3914
4184
1931
3017
3929
4954
1991
2421
3777
4845
1925
2717
3998
5022
1925
2192
3154
4705
1925
2192
3307
4980
1925
2274
3307
4737
1925
2751
3555
5108
1622
2869
4084
4854
1262
2884
3949
4854
1263
2642
3352
4791
1354
2510
3339
4285
1759
2723
3425
4705
1557
2119
3880
4136
1188
2175
3413
4175
1720
2134
3613
4287
1993
2979
3929
4707
1317
2884
3094
4177
1835
2629
3171
5045
1759
2714
4007
4334
1694
2869
4067
4845
1764
2722
3276
4119
1739
2854
3324
4119
1975
2479
3305
4553
1254
2055
3715
4788
1612
2978
3288
4966
1617
2399
3884
4469
1610
2498
3989
5022
2024
2890
3473
4247
1610
2290
4038
4465
1838
2312
3872
4498
1270
3059
3907
4796
1564
2938
3250
4358
1270
3059
3710
4878
1612
2801
3517
4791
1610
2856
3275
4330
1806
3011
3266
4255
1535
2121
3798
4616
1878
2161
3401
4295
1367
2856
3197
4598
1838
2284
3130
4791
1270
2423
3788
4418
1612
2801
3796
4727
1610
2278
3781
4189
1083
2930
3409
4696
1854
2660
3934
4189
1565
2567
3309
4665
1612
2884
3753
5010
1250
2064
3974
4931
1564
2332
3913
4472
1878
2096
3373
4620
2014
3069
3913
4126
1436
2498
3177
4263
1664
2830
3913
4966
1617
2199
3130
4808
1186
2060
3856
4946
1396
2279
3623
4946
1186
2933
3685
4866
1564
2501
3210
4717
1186
2149
3377
4710
1838
3024
3963
4189
1610
2714
3999
4307
1838
2516
3763
4307
1812
2707
3661
4788
1978
2516
3716
4540
1351
2671
3797
4928
1263
2222
4056
4307
1270
2198
3851
4356
1217
2074
3675
4427
1555
2074
3307
4659
1250
2926
3913
5072
1806
2484
3393
4728
1610
2292
3242
4615
1838
2259
3385
4189
1186
3011
3732
4720
1838
2161
3459
4903
1535
2511
4024
4944
1443
3021
3373
4787
1691
2635
3416
5045
1246
2940
3657
5032
1535
2312
3269
5079
1191
2916
3913
4686
1636
2722
3631
4591
1651
2716
3739
4801
1838
2568
3307
4248
2024
2123
3092
4834
1838
2161
3309
4946
1669
2292
3888
4854
1806
2717
3716
5030
1617
3010
3669
4623
1191
2122
4077
4436
1828
2851
3126
4609
1610
2388
3663
4439
1812
2222
3788
5067
1610
2161
4077
4413
1636
2198
3884
5094
1186
3024
3347
4536
1409
2209
3620
4727
2024
3024
3618
4149
1612
2857
3913
5112
1674
2741
3913
4132
1564
2082
3275
4686
1646
2257
3447
4727
1436
3024
3929
4567
1669
2971
3999
4511
1996
3010
3587
4426
1410
2510
3887
4414
1610
2905
3478
4583
1636
2137
3526
4352
1953
2406
3340
4587
1817
2830
4030
4686
2032
2986
4038
4786
1636
2741
3474
4478
1186
2714
3870
4119
1759
2830
3909
4215
1830
2854
3587
4606
1436
2589
4067
4153
1985
2825
3459
4313
1410
2561
3909
4260
1985
2314
3934
4681
1896
2796
3950
4203
1996
2278
3918
4526
1057
2479
3280
4561
1287
2278
3887
4334
1287
2292
3727
4465
1291
2791
3929
4985
1882
2123
3888
4864
1396
2119
3581
4551
1878
2125
3916
4806
1830
2978
3509
4903
1178
2347
3781
4558
1178
2268
3410
4918
1535
2222
3335
4903
1996
2903
3477
4965
1636
2463
3288
4509
1636
2153
3771
4965
1666
2703
3620
5025
2045
2691
3327
4193
1612
2185
3787
4620
1610
2936
3727
4161
1610
2884
3111
4943
2024
2057
3154
4561
1246
2516
3100
4109
1535
2507
4038
4284
1669
2382
3094
5042
1812
2756
3526
4511
1669
2850
3951
5095
1838
2851
3478
5029
1427
2506
3966
4190
1636
2935
4077
4258
1636
3066
3622
4477
1263
2791
3266
4661
1636
2214
3739
4616
1636
2206
3288
4801
2045
2719
3719
4255
1939
2905
3288
4715
1939
2716
3137
4743
1915
2307
3307
4494
1838
2137
3270
4349
1812
2936
3662
5112
1860
2770
3078
4655
1565
2741
3763
5112
1610
3012
3288
5009
1186
2660
3309
4776
1083
2117
4077
4662
2032
2137
3747
4933
1746
2137
3654
4339
1516
2805
3573
4119
1353
2884
3819
4431
1814
2296
3819
4416
1996
2214
3460
4938
1186
2933
3719
4720
1597
3051
3288
4603
1250
2863
3649
4719
1857
2344
3933
4296
2032
2884
4093
4414
1396
2887
3851
4705
1610
2884
3309
4139
1996
2949
3843
4184
1610
2884
3262
5042
1263
2968
3728
4702
1270
2978
3805
4513
1933
2719
3854
4794
1646
3021
3383
4731
1739
2349
3320
4883
1691
2208
3347
4925
1636
2137
3654
4990
1270
2119
3681
4707
1270
2629
3200
4707
1636
2088
3191
4821
1636
3029
3232
4854
1597
2791
3409
4414
1610
2694
3268
4662
1874
2096
3675
4662
1610
2936
3966
4869
1985
2137
3592
4197
1535
2884
3742
4917
2024
2404
4032
4537
1812
2214
3231
4961
1882
2344
4067
4416
1808
2150
3771
4414
1925
2716
3573
4938
1396
2897
3244
4177
1636
2918
3244
4371
1806
2581
3269
4603
2032
2884
3654
4660
1216
2619
3507
4184
1703
2884
3500
4436
1882
2225
3557
5039
1564
2980
3719
4843
1351
2096
3116
4684
1939
3021
3740
4519
1597
2123
3977
4965
1564
2290
3577
4560
1597
2770
3559
4414
2032
3035
3728
4738
1209
2083
3890
4211
1669
2802
3348
4508
1564
2764
3778
4113
1669
2851
4090
4519
1669
2612
3307
4318
1669
2137
3934
4620
1669
2508
3269
5031
1083
2064
3585
4705
1535
2884
3431
5031
1635
2796
3879
4457
2032
2567
3514
4893
1597
2600
3600
4411
2032
3009
3843
4253
1896
3009
3307
4971
1597
2096
3425
4362
1925
2156
3250
4318
1925
2298
3130
4784
1264
3046
3970
4161
1925
2813
3620
4264
1669
2253
3763
4829
2024
2869
3916
4416
1669
2850
3929
4371
1564
3065
3154
4511
1535
2137
3924
4680
1535
2947
3382
4810
1830
2627
3740
4426
2003
2830
3810
4965
2028
2333
3890
4783
2001
2567
3847
4670
2032
2920
3914
5079
2006
2936
3739
4643
1788
2952
3171
4119
1841
2577
3919
4317
1555
2057
3307
5026
1920
2771
3323
4426
1535
2651
4090
4519
1535
2441
3297
4426
1993
3046
3822
4788
1270
3046
3598
4604
1838
2521
3491
4180
1985
2968
4093
4414
1564
2445
3719
4203
1993
2647
3869
4616
2032
2501
3171
4117
1838
2323
3471
4334
1998
2915
3763
4697
2032
2853
3777
4119
1732
2354
3879
4275
1174
3021
4030
4684
1403
2320
3314
4465
1782
2647
3307
4704
1403
2228
3244
5046
1610
2787
3307
4151
1610
2608
3404
4779
1610
2613
3269
4346
1705
2884
3442
4109
1925
2347
3843
4710
1669
2989
3764
4196
1925
2738
3288
4174
1669
2770
3591
4122
1669
2360
3753
4517
1871
3021
3654
4932
1984
2498
3329
4503
1057
2132
3491
4371
1565
3009
3618
4873
1610
2791
3868
4620
1217
2635
3771
4387
2006
2323
3409
4927
1918
2323
3719
4792
1612
2455
3657
5087
1993
2137
3095
4928
1998
2137
3622
4875
1610
2722
3673
5026
1838
2766
3929
4705
1610
2214
3775
4776
1241
2958
3247
4235
1646
3021
3551
4113
1651
2905
3728
5112
1806
2210
3788
4593
1806
2317
4084
4122
1564
2884
3414
4899
1626
2165
3673
4113
1211
2064
3998
4822
1882
2623
3919
4330
2032
2956
3171
4592
1436
3007
3219
4731
1996
2489
3826
4532
1057
2851
3259
4216
1516
2905
3970
4459
1612
2137
3878
4371
1838
2936
3404
4285
1409
2741
3329
4965
1409
2756
3715
4698
1427
2707
3870
5043
2024
2123
3904
4423
1427
2613
3834
4705
2024
2185
3307
4398
1427
2212
3705
5108
1610
2991
3276
5007
1565
2510
3325
4845
1564
2753
3577
4549
1597
3010
3380
4437
1535
2623
3856
4251
1161
2257
3154
4763
1597
2085
3930
5041
2032
2097
3872
4972
1779
2535
3591
4161
1610
2821
3351
4715
1409
2672
3599
4096
1705
2401
3652
4695
2024
2214
3557
4615
1191
3035
3377
5042
2024
2746
3288
4096
2024
2126
3288
4488
1669
2535
3288
4788
1862
2096
3573
4414
1666
2175
3307
4939
1057
2510
3419
4494
1567
2968
3275
4862
1651
2510
4077
4845
1838
2968
3200
5013
1610
3069
3436
4559
1291
2860
3130
4820
1886
2697
3307
5031
1057
2618
3078
4733
1263
2936
3382
4636
1705
2956
3130
4324
2012
3035
3715
4691
1862
2311
3197
4622
1509
3039
3410
4196
1340
2540
3414
4143
1782
2723
3650
4905
1597
2723
3861
4471
2024
2484
3898
4721
1436
2137
3442
4710
1669
2314
4032
4665
1998
2884
3727
4469
1759
2884
3654
4324
1637
2214
3259
4789
1838
2352
3401
4600
1703
2529
3352
4583
1743
2971
3219
4285
1509
2787
3855
4741
1191
2905
3916
4150
1564
2571
3257
4662
1565
2137
3903
4843
1838
2137
3494
4767
1985
2884
3348
4370
1513
2801
3442
4691
1838
2568
3869
4410
1669
2182
3623
4478
1588
2121
3916
4845
1564
2628
3244
5119
1669
2119
3307
4828
1564
2137
3323
4636
1564
2619
3810
4665
1813
2283
3559
4455
1268
2119
3377
4691
1250
2830
4059
5091
1427
2639
3425
5025
1636
2447
3323
4348
1828
2591
3307
5091
1828
2137
3440
4175
1838
2863
3269
4836
1610
2884
3526
4156
1565
2677
3329
4197
1838
2608
3266
4236
1610
2450
3726
4616
1535
2774
3870
4759
1764
2321
3622
4494
1191
2983
4077
4332
1161
2137
3970
4414
1860
2253
3130
4599
1896
2986
3783
4691
1993
2968
3095
4691
1083
2889
3469
4864
1915
2445
3704
5025
1610
2403
3623
5031
1263
2922
3307
4179
1287
2716
3810
4866
1396
2123
3980
4621
1826
3021
3787
5048
1684
2958
3907
5108
1246
3011
3149
5013
1178
3029
3662
4096
1535
3059
3870
4283
1996
3063
4006
4477
1838
2719
3611
4324
1597
2978
3201
4936
2032
2978
3970
4242
1874
2884
3751
4536
1555
2884
3596
4710
1426
2192
3352
4215
1597
2972
3171
4432
2032
2165
3728
4536
1813
2830
4077
4681
1813
2505
3916
4853
1939
2716
3577
4230
1636
2082
3098
4779
2032
2137
3130
4414
1651
2137
3868
4739
1491
2284
3719
4127
2032
2062
3940
4184
1597
2920
3619
4957
1186
3035
4019
4696
1403
2096
3662
4161
1597
2269
3377
4200
1812
2137
3554
4119
1351
2137
3154
5042
1985
2671
3641
4665
1812
2623
3291
4707
1718
3011
3499
4961
1564
2452
3728
4512
1341
2368
3078
5025
1083
2589
3783
4413
1216
2791
3997
4164
1931
2791
3861
4660
1175
2137
3347
5037
1264
2225
3177
5022
1396
2952
3231
4707
1771
2884
3596
4536
1867
2672
3226
4900
1211
2796
3085
4122
1410
2623
3829
4151
1250
2208
3843
4496
1516
2252
4077
4305
1998
2463
3226
4469
1610
2884
3822
4469
1664
2884
4053
4127
1669
2484
3275
4184
1610
2721
3903
4796
1263
2119
3682
4455
1764
2292
3967
4980
1610
2813
3154
4410
1849
2939
4091
4247
1718
2830
3296
4519
2012
2380
3558
4399
1939
2890
3662
4676
1161
2571
3459
4937
1838
2290
3935
4743
1610
2208
3916
4305
1838
2905
3582
4864
1161
3041
4090
4697
1669
2224
3511
4453
1610
3035
3115
4201
1664
2212
3903
4877
1925
2097
3573
4456
1788
2119
3727
4854
1669
2918
3329
4676
1105
2644
3231
4546
1535
2440
3798
4661
1535
2083
3928
4374
1354
2225
3826
4567
1812
2531
3307
4414
1764
2877
3275
4766
1759
2344
3250
4150
1764
2344
3997
4184
2006
2165
4038
4697
1664
2454
3288
4792
1610
2208
4053
4285
1354
2628
3504
4839
1996
2572
3740
4878
1718
2492
3999
5042
1291
2787
3275
4394
1353
2937
3796
5100
1839
2514
3784
5071
1896
2048
3231
4134
1664
2119
3728
5022
1720
2905
3715
4806
1788
2793
3951
4215
1896
3041
4077
5069
1993
2764
3215
5041
1896
2751
3812
4592
1516
2791
3796
4368
2032
2956
3843
4841
1029
2489
3817
4422
1857
2249
3231
4680
1410
2467
3778
4965
1583
2989
3909
4845
1764
2989
3933
4137
1764
2121
3414
4861
1925
2314
4077
4150
1788
3035
4042
4634
1519
2813
3843
4864
2006
2968
3924
4551
1815
2119
3826
4494
1896
2860
3284
4137
1652
2628
3136
4965
1830
2082
3232
4786
1878
2162
3297
4791
1567
2719
3333
5078
1681
2905
3219
4226
1161
2344
3657
4414
1691
2765
3126
4898
1939
2257
3966
4676
1354
2465
3872
4211
1597
2214
3647
4770
1666
2719
3211
4617
1410
2096
3844
5119
1664
2936
3219
4990
1353
3039
3608
5108
1779
2521
3473
4135
1812
2968
3473
4096
1509
2879
3799
4414
1759
2525
3552
4763
1849
2905
3887
4702
1403
2257
3916
4099
1637
2791
3248
4620
1209
3043
3657
4924
1985
2887
3382
4621
1764
2382
4077
4197
1743
2623
3773
4924
1764
2890
3600
5018
1610
2905
3126
4906
1427
2769
4030
4591
1718
2126
3928
4122
1250
2850
3558
4198
1764
3046
3335
4140
1452
2968
3631
4269
1564
2320
3340
4264
1838
2122
3903
5025
1896
2097
3428
4885
1610
2478
4032
5112
1664
2740
3802
4620
2006
2585
4077
5117
1813
2921
3126
4251
1759
2467
3839
4691
1788
2787
3231
4773
2028
2470
4077
4703
1838
2457
3915
4670
1354
2208
3398
4287
1410
3063
3377
5077
1743
2829
3945
4414
1798
2930
3469
4389
1635
2920
3581
4437
1764
2249
3171
4710
1998
2989
4077
4119
1896
2097
3078
5042
1759
2723
3682
4665
1755
3012
3872
5108
1664
2443
3335
4418
1975
2872
3465
5070
1425
2112
4024
4969
1975
2568
3887
4862
1674
2712
3084
4751
1975
2097
3483
4442
1661
2121
3185
4977
1610
2133
3929
4793
1782
2076
3313
4731
1610
2350
3171
4761
1737
2939
3276
4426
1083
2930
3618
4414
1877
2323
3554
4739
1263
2459
3484
4434
1915
2101
3963
5042
1703
3035
3413
4551
1703
2628
3940
4640
1782
2161
3200
4203
1782
3063
3831
4549
1217
2253
3084
4854
1718
2730
3348
5019
1703
2918
3884
4563
1812
2910
3514
4751
1307
2484
3828
4672
1287
2983
3257
4755
1669
2089
3909
4440
1270
3000
3377
4845
1535
2996
3727
4133
1878
2849
3842
5050
1270
2971
3094
5049
1250
2993
3410
4397
1409
2232
3929
4253
1250
3041
3320
4449
2006
2628
3366
4415
1982
3059
3600
5020
1529
2844
3208
4559
1838
2848
3154
4845
1896
2119
4082
4926
2028
2697
3335
4845
