228
909
778
187
789
729
777
596
352
886
754
778
56
696
778
85
146
977
778
977
399
819
193
782
557
744
122
306
778
778
766
696
472
889
778
435
778
214
399
664
424
965
596
644
9
641
151
992
23
696
583
668
181
135
546
97
25
802
415
243
744
352
306
420
135
214
135
112
533
143
135
577
135
399
664
226
965
777
646
641
9
641
477
386
23
337
781
135
992
393
399
399
819
193
243
996
978
306
306
214
135
399
696
472
135
624
435
1020
837
267
925
729
596
644
9
641
151
477
367
388
696
410
305
410
305
546
399
25
802
415
1007
744
976
944
251
822
251
19
696
533
993
142
374
297
399
664
424
965
777
646
976
151
477
894
894
388
696
410
410
305
546
746
788
193
286
1007
566
142
976
142
482
556
399
112
696
403
864
556
546
399
132
925
965
596
644
9
641
151
477
934
410
696
920
920
894
546
699
814
575
415
243
557
757
262
306
512
482
158
388
696
403
822
546
435
399
829
424
965
777
646
641
9
477
915
477
696
472
781
410
305
546
699
788
193
415
1007
757
864
232
374
449
699
23
696
533
410
181
624
624
256
925
424
965
646
566
9
641
924
477
699
23
696
403
410
305
699
894
383
819
193
619
557
538
102
374
449
399
158
696
577
403
137
463
435
399
132
424
965
596
644
9
641
9
922
922
388
696
569
305
624
305
624
788
819
193
782
243
566
690
1020
262
1020
752
181
696
403
926
624
943
943
132
424
965
906
644
9
976
449
212
874
135
23
975
848
550
874
874
399
819
861
415
1007
848
212
924
212
915
874
388
505
882
848
668
135
399
399
925
424
782
856
646
641
886
956
130
212
388
696
21
212
135
1020
874
25
892
415
243
856
889
976
435
1020
131
227
505
777
978
377
505
438
267
424
965
965
777
646
889
9
1020
367
520
696
569
978
352
393
1020
214
788
819
193
243
74
306
328
505
438
438
481
696
505
938
566
435
435
406
925
424
729
777
646
641
9
1020
9
399
388
696
189
538
181
1020
943
788
819
193
243
557
734
143
374
753
222
148
933
696
920
920
435
435
267
494
226
729
777
646
641
9
477
367
386
696
583
978
624
305
1020
746
814
802
193
1007
996
889
374
1020
214
788
505
472
848
403
505
668
97
399
575
729
777
573
1806
2076
3919
4881
2024
2730
3252
4664
1703
2983
3716
4285
1529
2856
3947
5107
1882
2517
3136
4853
1896
2119
3323
4487
1166
2751
3739
4413
1878
2856
3608
4915
1509
2922
3608
4868
1678
2208
3247
4243
1161
2352
3662
4731
1980
2601
3740
4791
1638
2336
3177
4283
1564
2496
3942
5006
1838
2096
3685
4258
1920
3035
3313
4881
1812
2517
3906
4604
1427
2336
3096
4397
2024
2179
3415
5005
1612
2219
3253
4511
1217
2161
3347
5105
1427
2851
3091
4851
1610
2983
3243
4546
1993
2292
3171
4236
1664
2253
3396
4943
1915
2323
3177
4975
1610
2336
3272
5006
1849
2496
3416
4897
2010
2983
3716
4843
1612
2128
3919
4604
1636
2114
3247
4820
1211
2996
3934
4731
2018
2208
3274
5050
1535
2565
3787
4361
1878
2802
3771
4670
1646
3021
3154
4488
1250
2674
3739
4236
1838
2514
3171
4745
1746
2128
3320
4928
1564
2076
3669
4864
1354
2128
3323
4897
1264
2738
3587
4989
1985
3069
3416
4285
1186
2274
3323
4551
1636
2983
3652
4511
1788
2421
3890
4133
1857
3035
3890
4881
1178
2257
3822
4884
1523
2757
3833
4469
1788
2983
3970
4316
1186
2514
3600
4285
1817
2496
3773
4969
1682
2776
3087
4203
1982
2096
3602
4989
1857
2557
3909
4442
1817
2557
3176
4947
2007
2544
3154
4380
1808
2983
3393
4537
1968
2983
3436
4627
1636
2484
3393
4881
1425
3034
3142
4198
1739
2510
3126
4731
1105
2932
3579
4864
1980
2787
3691
4702
1739
2064
4013
4243
1982
2753
3323
4877
1455
2399
3959
4316
1915
2992
3937
5043
1436
2278
3126
4722
1186
2901
3156
5070
1758
2901
3243
4659
1186
2121
3745
4784
1854
2179
3801
4111
1838
3059
3538
4584
1564
3047
3686
4355
1565
2916
3585
4791
1636
2445
3579
4468
1610
2525
3243
4583
1186
2192
3082
4210
1636
2278
3376
4766
1915
2479
3376
4849
1854
2638
3376
4884
1636
2406
3587
5037
1817
2967
3086
4529
1982
2114
3082
4604
1829
2695
4085
4463
1535
2300
3720
4307
1878
2463
3641
4603
1710
3021
3345
4256
1396
2063
3909
5031
1915
2818
3702
5077
1982
2114
3449
5028
1617
3000
3281
4389
1564
2097
3707
4540
1452
2123
3874
4248
1806
2714
3555
4120
2024
2484
3449
4198
1936
2081
3274
4732
1636
2772
3719
4556
1806
2694
3555
4511
1564
2174
3469
4392
1651
2174
3403
5049
1636
2091
3515
4888
1940
2091
3291
5013
1216
2800
3555
4451
1216
3012
3896
4443
1612
2901
3296
4360
1857
2901
3880
4666
1564
3041
3801
4332
2024
2450
3604
4800
1936
2508
4038
4852
1426
2278
3180
4615
1725
2601
3238
4505
1655
2231
3851
4422
1878
2252
3168
4295
1814
2793
3651
4469
1597
2646
3787
5022
1996
2695
3376
5026
1812
2901
3477
4120
1555
2940
3880
4262
1525
3066
3809
4980
1874
2928
3914
4731
1610
2278
3579
4544
2045
2800
3707
4362
1838
2609
3921
4726
1186
2206
3237
4120
1936
2821
3672
4145
1838
2916
3376
4556
1915
2269
3702
4183
1610
2928
3256
4283
1838
2499
3094
4888
1083
3065
4032
4121
1610
2901
3514
4245
1940
2901
3682
4455
1838
3014
3619
4801
1610
2174
3947
4384
1936
2174
3576
5112
1636
2174
3156
4898
1270
2180
3854
4540
1166
3069
3403
4696
1878
2436
4042
4325
1830
2097
3393
4868
1161
2561
3997
4465
1427
3058
4092
4409
1998
2174
3818
4196
2006
2174
3111
4196
1651
2702
3437
4200
1564
2901
4038
4584
2024
2209
3449
4884
1161
2081
3136
4414
1564
2901
3401
4972
1746
2063
3763
4253
1523
2848
3686
5042
1838
2081
3618
4444
1635
2830
3082
4103
1635
2851
3874
4414
1788
2901
3764
4919
1949
2450
3177
4554
1914
2161
3281
5079
1914
2123
3281
4562
1857
2479
3596
4972
1857
2123
3582
4893
1491
2868
3136
4624
1317
2123
3376
4443
1690
2942
3702
4662
1686
2057
3449
4173
1878
2406
4022
4481
1230
2320
3441
4907
1841
2407
3484
4320
1739
2647
3608
5046
1739
2322
3917
4387
1782
2830
3633
4989
1610
2320
3202
4476
1237
2505
3524
4432
1610
2945
3621
5043
2045
2253
3422
5108
2045
2626
3376
4400
1806
2682
3422
4128
1985
2830
3269
5095
1996
2320
3741
4731
1156
3051
3726
4618
1263
2626
3881
5027
1250
2672
3171
5119
1263
2862
3320
4176
1610
2682
3535
5043
1709
2277
3247
4707
1784
2097
3389
4556
1915
2063
3826
4424
1915
2453
3246
4559
1998
2548
3320
4299
1361
2911
3109
4586
1985
2063
3080
4139
1878
2701
3681
4977
1878
2623
3581
4234
1105
3021
3387
4299
1270
2253
3662
4272
1718
2547
3072
4295
1985
2628
3636
4234
1583
2628
3115
4128
1564
2401
3970
4744
1565
2983
3834
4332
1565
2190
3681
4334
1565
2190
3377
4412
1565
2190
4013
4119
2006
3035
3996
4556
1993
3035
4082
4302
1610
2647
3449
4881
1610
2253
3579
4746
1270
2407
3248
4256
1610
2672
3555
4795
1985
2190
4010
4829
1985
2097
3281
4302
1703
2623
3555
4497
1610
2623
3555
4702
1718
2190
3704
4731
1682
2820
3107
5075
1599
2741
3684
4517
1985
2741
3449
4774
1915
2701
3707
4654
1878
2711
3757
4105
1878
2511
3242
4731
1406
2360
3281
4468
1617
2579
3555
4820
1985
2579
3576
4573
1812
2320
3231
4489
1455
2176
3555
4640
1403
2986
3504
4772
1610
2672
3826
4470
1599
2862
3934
4275
1599
2874
3205
4980
1985
2182
3835
4731
1409
2983
4089
4161
1409
2983
3202
4455
1718
2399
3787
4620
1718
2552
3787
5104
1703
2912
4048
5009
1703
2320
3526
4535
1945
2314
3406
4285
1610
2048
3415
4336
1438
2206
3822
4852
1718
2638
3660
4285
1287
2434
3247
4556
1813
2557
4081
4854
1813
2403
3998
4972
1813
3050
3707
5043
1194
2340
3632
4551
1564
2709
3598
5025
1535
2168
3638
4660
1932
3021
3555
4909
1985
3011
3662
4470
1974
3028
4030
5022
1438
2063
3947
5050
1438
2190
3781
4137
1718
2484
4081
5050
1920
2911
4013
4715
1186
2525
3686
4098
1920
3017
3264
4916
1838
2701
3707
4681
1409
2190
3171
4608
1409
2626
3862
4661
1669
2911
3094
4623
1985
2190
3672
4838
1985
2190
3737
4885
1669
2190
3807
4820
1828
2048
3247
4908
1438
2401
3232
4308
1682
2232
3247
4473
1599
3069
3276
4256
1985
2212
3540
4660
1985
2403
3582
5108
1974
2862
3323
4511
1864
2257
3843
4247
1878
2672
3200
4983
1548
2351
3780
4748
1683
2655
4073
4183
1683
2916
3998
4546
1270
2760
3244
4443
1597
2772
3645
4678
1604
2407
3320
4355
1651
2323
3348
4161
1564
2314
3757
4274
1564
2937
3966
5098
1263
2063
3684
4710
1779
2143
3449
4627
1438
2772
3577
4480
1718
2809
3116
4851
1669
2192
3323
4436
1812
2544
3778
4137
1636
2557
3591
5029
2006
2333
3555
4328
1982
2989
3247
4119
1718
2343
3323
4949
1436
2608
3415
4700
1703
2608
3091
4567
1974
2347
3909
4660
1609
2544
3843
4656
1354
2674
4041
4673
1838
2253
3153
4788
1878
2404
3320
4496
1537
2457
3938
4864
1996
2232
3998
4444
1753
2156
3599
4275
1564
2321
4032
4660
1564
2186
3909
4826
1940
2123
3232
5027
1940
2682
4074
4478
1985
2243
3906
4592
1985
2243
3200
4456
1982
2983
3949
4496
1396
2343
3171
4888
1438
2989
3555
4680
1703
2323
3205
4573
2001
2672
3323
4385
1830
2753
3555
5119
1940
2190
3418
4509
1703
2190
3261
5028
2032
3017
3420
4122
1452
2746
3292
4593
1287
2261
3832
4316
1526
2730
3730
4274
1813
2613
3998
4347
1813
2208
3843
4855
1813
2659
3136
4829
1838
2190
3932
4733
1878
2455
3308
4557
1814
2789
3585
4497
1351
2915
3969
4605
1351
3029
3231
5108
1812
2511
3171
4584
1812
2741
3320
5022
1403
2252
3935
4474
1867
2434
3555
4931
1409
2528
3449
4802
1838
2048
4016
4385
1438
2922
3555
4653
1718
2190
3270
4905
1718
2608
3281
4914
1985
2525
3707
5031
1985
2399
3508
4180
1920
2701
3449
4766
2028
2623
4091
4660
1427
2644
3469
4136
1664
2133
3449
4855
1263
2564
3508
4346
1263
2190
3243
4302
1940
2740
3253
4366
1993
2081
3881
4244
1993
2911
4067
4334
1993
2912
3449
4338
1403
2608
3281
5077
1166
2717
3675
4552
1878
2980
3115
4128
1270
2905
3281
4705
1270
2647
3555
4937
1270
2115
3702
4772
1703
2905
3970
4559
1703
2340
3832
4705
1703
2628
3778
4314
1703
2905
3276
5061
1583
2115
3415
4779
1703
2880
3116
4443
1996
2190
3377
4808
1996
2638
3247
4556
1263
2190
3704
4791
1788
2788
3970
5105
1813
2628
3555
4122
1813
3069
3449
5119
1982
2619
3467
4660
1529
2722
3508
4349
1985
2465
4030
4443
2006
2190
3335
4349
1998
2983
3862
5097
1998
3035
3929
4660
1998
2659
3950
4184
2006
2192
3928
4977
1764
2321
3826
4854
1385
2283
3104
4893
1878
2601
3798
4098
1528
2457
3611
4179
1535
2705
3449
4166
1211
2897
4032
4691
1828
3028
3872
4096
1828
2604
3724
4637
1606
2443
3688
4233
1802
3050
3307
4556
2045
2063
3109
5042
1263
2081
3741
4568
1985
2507
3291
4256
1291
2564
3180
4965
1263
2585
3719
4652
1263
2343
3772
4556
1565
2771
3555
4851
1565
2054
3449
4923
1798
2850
3707
4715
1798
2253
3686
4267
1610
2351
3928
4540
1610
2192
3490
4659
1746
2902
4077
4234
1896
2579
3947
4636
1896
2320
3783
4660
1703
2401
3577
4586
1651
2952
3775
4660
1485
2905
3708
4471
1535
2314
3843
4855
1878
2638
3855
4373
1535
2165
4056
4731
1813
2986
4008
5049
1813
2130
3652
4332
1813
2496
3232
4451
1813
2267
3253
4705
1813
2063
3535
4221
1857
2434
3201
4535
1813
3063
3970
4559
1216
2063
3236
4128
2006
2081
4041
4099
1669
3063
3183
4119
2006
2557
3800
4836
1896
2434
3304
4705
1664
2628
3269
4822
1764
2190
3389
4985
1664
2672
3281
4096
1857
2912
3555
4744
2007
2190
3384
4987
1857
2081
3073
4715
1597
2911
3525
4457
1857
2190
3872
4469
1703
2081
3872
4120
1703
2190
3641
4556
2046
2350
3449
4535
1230
2857
3727
5033
1737
2463
4067
5001
1683
2195
3854
4576
1683
2711
3743
4469
1610
2525
3149
4210
1409
2083
3257
4639
1669
2855
3425
4470
1824
2531
3447
4705
1949
2165
3389
4699
1637
2817
3377
4469
1837
2090
3622
5003
1837
2809
3280
4985
1636
2825
3297
4696
1993
2567
3175
4510
2006
2714
3668
4731
1403
2771
3888
4731
2006
2501
3613
4197
1696
2192
3966
4436
1998
2863
3276
4957
1720
2133
3914
5022
1998
2185
3807
4705
1703
3063
3276
4250
1703
2642
3555
5022
1703
2801
3660
4705
1703
3039
3401
4705
1392
3035
3276
4414
1535
2407
3340
4429
1327
2314
3869
4378
1535
2255
4049
4408
1365
2314
3498
4559
1557
2567
3555
4512
1993
2540
3890
4684
1993
2905
3621
4643
1635
2407
4093
4714
1993
2540
3080
4651
1161
2717
3237
4852
1161
3041
3107
5033
1759
2567
4077
4845
1720
3017
3107
4691
1896
2126
4088
4957
1720
2412
3268
4305
1720
2119
3555
4733
1896
2589
3111
4470
1896
2589
3966
4624
1392
2638
3531
4250
1287
2748
3399
4852
1287
2255
3843
4546
1287
3039
3976
4738
1287
2741
3928
4660
1298
2133
3778
4260
1317
2788
3704
4715
1807
2443
3698
4145
1857
2443
3977
4754
1425
2245
3272
4604
1627
2716
3669
5023
1812
2137
3197
5037
1975
3024
3365
4987
1975
2753
3352
4137
1812
2978
3876
4732
1254
2506
3595
4180
2045
2088
3256
4697
1409
2978
3795
4967
1830
2257
3087
4396
1565
2830
3288
4349
1565
3024
3512
4532
1996
2568
4067
4533
1610
2214
3710
4788
1246
2741
3288
4253
1610
2571
4056
4957
1606
2850
3622
4427
1610
3024
3310
4783
1993
2091
3763
4349
1610
2074
4079
5030
1635
2619
3661
4096
1610
3024
3304
5108
1610
2137
3622
4728
1610
2944
3275
4371
1610
2209
3888
5077
1597
2716
3694
4918
1878
2642
3130
4168
1878
2484
3727
4942
1354
2890
3913
4937
1365
2890
3195
4195
1996
2434
3639
4334
1996
2510
3728
4339
1604
2321
3913
5078
1263
3024
3633
4096
1812
2156
3459
4946
1993
2501
3743
4942
1993
3024
3884
4904
1812
2137
3809
4728
1993
2198
3935
4950
1626
2074
3787
4484
1597
2887
4093
4727
1407
2978
3986
4907
1535
2801
3977
4942
1838
3024
3210
4484
1838
3024
3856
4732
1838
3024
3704
5108
1998
2918
3275
4695
1896
2312
3654
4274
1610
2312
3847
4226
1216
2360
3913
4455
1626
2501
3073
4801
1597
2501
3661
4283
1718
2147
3913
4648
1684
2424
3532
4591
1678
2161
3884
4356
1878
2126
3974
5025
1535
2945
3383
4224
1604
2601
3622
5070
1612
2219
3251
4946
1409
2253
3094
4946
1812
2168
3933
4788
1186
2346
3545
4897
1674
2360
3087
4703
1838
2320
3682
4119
1191
2419
3478
4698
1610
2868
3940
4371
1597
2225
3420
4691
2010
2830
3728
4816
1610
2663
3634
4946
1996
3024
3842
4691
2032
2279
3275
5030
1191
3024
3467
4324
1250
3024
3764
4168
1838
3024
3307
4975
1764
2137
3913
4636
1369
3024
3987
4620
1427
3024
3673
4168
2028
2971
3913
4662
1270
2972
3288
4476
1517
3059
3366
4151
1878
2455
3126
4851
1573
2764
3611
5033
1813
2601
3257
4151
1211
3071
3908
5026
1610
2484
3873
4184
1896
2330
3385
4836
1161
3024
3615
4720
2032
2091
3498
4783
1250
2091
3456
4681
1830
2213
3673
4727
1250
2434
3307
4852
1703
2434
3307
4494
1516
2716
3662
4942
1939
2477
3662
4970
1896
2905
3088
4845
1996
2404
3383
4234
1263
2649
3976
5089
2006
2905
3732
5059
1703
2813
3690
4977
1516
2535
3870
4695
1755
2862
3668
4999
1651
2529
3307
5059
1896
2097
3154
4484
1764
2314
3513
4950
1993
2788
3929
4906
1230
2989
3721
4330
1385
2609
3796
4173
1753
2314
3583
4585
1878
2938
3720
5107
1681
2604
3238
4381
1754
2484
3456
4349
1813
2972
3579
4414
1536
2949
3684
4266
1610
2905
3325
4634
1782
2165
3293
4421
1565
2352
3478
4500
1263
2568
3855
4239
1455
2186
3138
4153
1838
2536
3494
4914
1083
2677
3690
4591
1814
2645
3558
4621
1915
2130
3825
4315
1915
2501
3724
5009
1993
2454
3778
4508
1669
2314
3381
5056
1427
2464
3377
4098
1838
2762
3747
4849
1838
2698
3132
4744
1606
2252
3899
4449
1669
2883
3928
4829
1703
2464
3970
4616
1735
2762
3986
5013
1535
2463
3290
4899
1878
2868
3219
4449
1878
2531
3719
4347
1270
2464
3215
4578
1789
2443
3740
4937
1838
2707
3885
5039
1996
2912
3742
4872
1669
3071
3530
4759
2007
2877
3153
4741
1753
2208
3786
5040
1996
2579
3243
5001
1191
3000
3185
4456
1191
2230
3103
4161
1409
2717
3202
4397
1828
2048
3461
4766
1250
2585
3663
4293
1864
2585
3719
4230
1993
2498
3275
4938
1812
2278
3275
4917
1828
2874
3467
4120
1604
2252
3903
5077
2045
2741
3366
4449
1516
2628
3662
4099
1263
2540
4065
4878
1565
2762
4074
4349
1565
2150
3672
4961
1878
2347
3558
4643
1839
2904
3558
4928
1318
3021
4017
4376
1915
3011
4077
4483
1661
3070
3857
4977
1410
2769
3453
4454
1403
2477
3381
4741
1270
2237
3672
4285
1860
2429
3644
4458
1427
2346
3974
4587
1427
2868
3620
4583
1664
2760
3540
4363
1703
2942
3719
4511
1610
2119
3567
4638
1369
3035
3974
4519
1610
3011
3928
4194
1610
2905
3966
4436
1409
2133
3403
4873
1703
3035
3148
4198
1838
2564
3304
4914
1838
2714
3673
4145
1838
2760
3674
4454
1925
2459
3188
4903
2045
3059
3202
4589
2006
2333
3747
4194
1610
2102
3833
5047
1735
2257
3681
4339
1878
2535
3558
4560
1573
2178
3608
4145
1516
2647
3997
4937
1354
2300
3410
4119
1354
2860
4042
4429
1354
3021
4013
4119
1216
3017
3388
4843
1993
3071
4079
4119
1161
2983
3887
4972
1996
2454
3506
4119
1396
2860
3243
4615
1896
2119
3585
4369
1925
2912
3530
4426
1718
2638
3530
5099
2007
2672
3413
4240
1635
2664
3999
4168
1975
2717
3843
4537
1396
3012
3613
4719
1263
2791
3740
4793
1669
2470
3599
4589
1703
2787
3310
4715
1789
2257
3810
4700
1940
2985
3335
4937
1452
2945
3890
4175
1686
2531
3796
4982
1250
2225
3623
4414
1737
3042
3198
4931
1878
2238
3104
4352
1436
2829
3104
4337
1455
2568
3611
4831
1250
2097
3929
4362
1940
2180
4077
4695
1996
2346
3869
4864
1705
2529
3684
5025
1838
2944
3668
4503
1263
2451
4013
5075
1637
2859
3702
4251
1703
2470
3890
4678
2045
2499
3154
5108
1436
2971
4032
4407
1409
2928
3559
4641
1637
2989
3238
5089
1597
2608
3521
4560
1788
2462
3403
4903
1669
2419
3845
4977
1291
2289
4053
4111
1764
2289
3073
4334
2032
3065
3749
4740
1703
2788
3156
4125
1216
2097
3154
4923
1610
2323
3867
4942
1161
2787
3154
4414
1735
3021
3597
4255
1878
2333
3872
5051
1753
2701
3260
4822
1753
2568
3662
4119
1996
2978
3639
4977
1669
2907
3242
5108
1209
2978
3107
5108
1519
2467
3965
4349
1813
2130
3691
4418
1703
2712
3377
4728
1519
2312
4093
4852
1216
2877
3831
4961
2001
2150
3315
4759
1535
3012
3660
4779
1985
2245
3741
4999
1985
2484
3843
5067
1409
2717
3843
4972
1651
2253
3478
4246
1564
2691
3338
4234
1392
2591
3180
4536
1564
2320
3896
4583
1635
2453
3783
4161
1664
2789
3288
4727
1669
3024
3881
4855
2010
3050
3515
4334
1270
3041
3275
5086
1878
2565
3558
4616
1627
2311
3104
4537
1814
2764
3641
4604
1674
2148
3149
4119
1737
2811
4014
4616
1351
2462
3291
4743
