165
980
433
480
476
480
733
480
480
480
980
980
433
480
480
480
773
480
1001
480
480
480
480
480
480
480
480
480
480
480
480
731
980
480
980
980
773
980
433
480
733
480
731
480
480
480
480
480
480
480
480
143
480
129
480
480
480
480
480
480
480
480
480
480
480
648
480
480
480
480
433
733
733
733
733
274
733
274
363
733
733
980
140
480
731
1001
480
731
422
422
422
439
304
648
389
274
274
274
274
422
422
274
274
274
274
274
274
274
274
274
661
661
304
648
389
274
274
274
537
648
623
274
274
661
274
86
274
274
274
648
648
389
274
274
274
274
274
274
274
274
274
274
155
274
971
274
274
274
155
274
155
274
274
140
274
274
1001
274
274
274
274
274
338
129
597
537
274
537
897
304
648
389
422
422
422
422
422
422
422
422
422
422
422
422
422
422
422
422
422
422
422
422
422
129
422
422
422
422
422
422
422
274
661
422
422
422
422
422
422
422
422
422
422
422
422
274
661
422
422
422
422
422
422
422
422
143
422
274
268
661
661
422
422
274
422
422
422
422
268
510
823
274
143
537
661
304
648
648
422
422
422
422
422
422
422
422
422
422
422
422
422
422
422
422
422
422
422
422
422
422
422
422
386
422
129
422
422
422
422
422
422
422
422
648
786
786
678
678
271
985
271
985
985
985
859
307
985
985
985
985
985
323
323
648
461
461
461
1001
461
461
461
461
461
461
461
461
461
433
461
773
461
461
461
859
323
461
461
461
461
461
461
433
461
461
461
461
461
433
461
461
461
461
461
461
461
461
461
773
461
461
461
461
461
1001
461
461
461
433
461
461
461
461
461
773
461
461
461
461
461
461
461
461
461
461
461
461
461
323
725
708
63
887
271
271
271
271
271
271
140
271
271
271
271
271
271
985
985
198
708
304
304
304
304
304
304
810
810
810
810
810
304
304
304
810
304
304
810
810
810
810
810
304
810
810
304
810
810
304
304
1001
304
810
304
810
179
810
810
810
806
356
473
685
271
810
304
304
271
810
271
810
810
453
810
810
810
453
810
304
304
304
810
810
810
810
810
810
810
810
810
810
810
810
810
810
810
810
810
810
810
810
810
179
810
810
810
936
810
810
810
810
810
810
810
936
810
810
810
810
810
444
1086
2961
4039
4311
1432
2791
3869
4830
1762
2961
3690
4837
1762
2789
3690
4837
1762
2791
3858
5029
1762
2119
4039
5094
1762
2472
3674
5094
1879
2961
4039
4589
1879
2961
3933
5094
1879
2961
3690
4810
1879
2961
3950
4150
1879
2961
4039
4145
1879
2961
3951
4830
1879
2566
3690
4589
1879
2961
3674
4654
1879
2961
4039
4145
1879
2961
3951
4830
1762
2472
3690
4589
1762
2789
4009
4654
1879
2961
3940
5012
1879
2961
3690
5012
1879
2961
3674
5012
1879
2961
4039
4145
1879
2961
3940
5110
1762
2472
3690
4837
1762
2789
3690
4837
1879
2961
3108
5012
1879
2961
3108
5094
1879
2961
3690
4837
1879
2961
3674
5012
1879
2961
3940
4837
1879
2961
3690
5012
1879
2566
3674
4769
1879
2961
3933
4769
1879
2566
3108
4769
1879
2961
3950
4132
1879
2961
4039
4311
1879
2566
3933
4311
1879
2566
3869
4654
1879
2472
4039
4985
1879
2961
3778
4132
1879
2472
3933
4150
1879
2818
3750
4150
1879
3008
4008
5015
1879
2800
3843
5012
1879
2472
3940
4810
1879
2818
3750
4837
1879
3008
4008
5015
1879
2815
4088
5118
1879
2472
3940
4810
1879
2566
3950
4769
1879
2544
3750
4769
1879
2961
3933
4769
1879
2961
3869
5012
1879
2961
3950
4132
1879
2961
4039
4769
1879
2961
3933
4311
1879
2566
3869
5012
1879
2566
3950
5012
1879
2800
4008
4654
1879
2119
3940
4132
1879
2818
3750
4150
1879
3008
4039
4145
1879
2791
3933
5029
1879
2818
3933
5015
1879
3008
4061
5012
1879
2800
3335
5012
1879
2472
3933
5118
1879
2818
3750
4837
1879
3008
4008
5096
1879
2800
3108
4769
1879
2472
3933
4769
1879
2818
3674
4985
1879
2936
3778
4384
1879
2791
3747
4150
1879
2119
3750
4150
1879
2936
3869
4384
1879
2791
4039
5029
1879
2119
3940
4132
1879
2818
3674
5015
1879
3008
3928
5012
1879
2800
3928
5012
1879
2566
3778
4145
1879
2472
3778
4810
1879
2961
3778
4384
1879
2936
3778
5015
1879
2608
4088
5118
1879
2119
3750
5015
1879
2789
3858
4654
1879
2800
3940
5012
1879
2119
4039
5015
1879
3008
4008
4962
1879
2936
3940
5015
1371
2818
4008
4810
1879
2818
3951
4955
1858
2936
3940
4955
1879
2462
3111
4810
1454
2119
3843
4305
1879
2961
4053
4132
1858
2936
4053
4810
1879
3012
4053
5012
1879
2791
4053
5012
1879
2942
3940
4810
1879
2972
3674
5012
1879
2800
4039
5012
1879
2544
3940
5015
1454
2398
3987
4460
1454
2818
3951
4305
1858
2942
3940
4926
1628
2815
3491
4931
1371
2815
3869
4305
1858
2800
3935
4747
1371
2224
3674
4861
1371
2721
3111
4384
1371
2506
4009
4830
1371
2552
3935
4654
1454
3012
3950
4589
1371
2398
3951
5059
1879
2791
3778
5015
1454
2398
3111
4384
1454
2944
3870
5115
1879
2818
3935
4132
1858
3012
3869
5110
1371
2815
3869
5015
1371
2815
3935
5015
1371
2857
3111
5012
1371
3008
3747
4861
1371
3008
4042
4589
1371
2818
3935
4654
1371
2818
3950
4830
1371
2818
4008
4810
1232
3000
3951
4654
1232
3000
4054
4654
1454
3012
3933
5058
1858
2419
3951
4145
1928
2936
3335
4145
1928
3012
3335
4145
1928
3000
4088
5012
1723
2649
3875
4589
2000
2944
3933
4170
1371
2612
3935
4175
1628
3008
3940
4589
1232
2818
3747
4830
1456
2119
3940
4589
1232
2791
3940
5011
1995
2224
3782
4145
1995
2411
4008
4145
1515
2815
3904
4546
1628
2791
3825
4858
1628
3012
3674
4170
1371
2119
3824
5029
1252
2800
3824
4955
1515
2054
3333
4145
1995
2346
4008
4786
1155
2920
3951
4384
1628
3035
3764
4215
1349
2818
4008
5037
1349
3000
3764
4861
1334
3000
3111
4962
1622
2815
3737
4170
1995
2721
3526
4197
1899
2544
3073
5094
1899
2544
3111
5041
1777
3012
3388
4853
1252
2925
3887
4926
1155
2791
3674
4625
1155
2748
4039
4384
1155
3008
4072
5118
1720
2552
4039
5041
1155
2552
3810
4926
1955
2552
3940
4889
1232
3000
3676
5095
1622
3000
4053
4132
1884
2815
3727
5058
1232
2800
3727
4132
1622
2815
3340
4305
1334
2510
3388
4431
1895
2506
3987
4615
1903
2307
4087
4460
2000
3035
3909
5095
2043
2119
3950
4927
1628
2162
3935
4934
1349
2054
3727
4830
1748
2419
3904
4810
1334
2054
4054
4132
1334
2421
3987
4384
1334
2800
3824
5059
1334
2162
3557
4876
1334
2857
3778
5029
1371
3008
3951
4934
1371
3008
3987
4615
1456
3008
3940
5058
1903
2552
3526
4962
2000
2985
3782
4384
1899
2564
4053
4949
2041
2972
3887
4132
1454
2818
4053
4384
1371
2552
4088
4861
1371
2721
3891
4305
1252
2119
3634
4830
1232
2942
3491
4862
1371
2815
3950
4305
1884
2064
3111
4305
1628
2818
4053
4460
1895
2544
3997
4862
2000
2815
3997
4384
1232
2119
3526
4830
1232
2818
3526
4384
1371
2791
3727
4113
1884
3000
3727
4132
2000
2818
3869
4830
1232
2691
3674
4862
1232
2815
4039
4145
1628
2119
3940
4810
1371
3012
4070
5011
2000
3061
3582
4905
1456
2791
3940
4862
1232
2333
4008
4810
1232
2935
3270
5011
1895
2859
4079
4589
1371
2119
3924
4132
1995
2818
3747
4615
1895
3039
4079
5110
1232
2791
4039
4132
1248
3000
3951
4170
1884
3039
3764
5094
1895
2963
3997
4919
1345
2815
3904
4132
1232
2119
3940
5012
1371
3008
3950
5012
1884
2815
4039
4483
1334
3000
4079
4305
1924
2837
3690
4810
1232
2971
3526
4747
1232
2462
4042
4786
1884
2956
3639
4899
1723
3012
3621
4733
1895
2224
3526
5029
1914
2665
3724
5012
1995
2119
3727
4145
1554
3039
3304
5094
1895
2963
4088
5008
2034
2815
3526
5095
1622
2485
3951
4283
1895
2399
3997
5011
1884
2815
3704
4853
1924
2564
3559
5059
1622
3008
3517
5110
2025
2815
3727
4384
1155
2133
3987
4971
1884
2333
3526
4654
1481
2857
3743
4927
2034
2097
3876
4950
1481
2791
3647
4501
1564
2525
3310
4197
1675
2696
3424
4820
1371
2963
3814
5033
1884
2815
3573
5041
1622
2407
3940
5110
1895
2942
3812
4384
1232
2830
3868
4971
1884
2485
3107
4971
1895
2944
3710
4589
1966
2665
3284
4792
2025
3000
3812
4830
1895
2992
3987
4876
1884
2238
3660
4684
1884
2499
4036
4875
1884
2462
3672
4845
2000
3012
3919
5094
2025
2544
4036
4830
1232
2800
4036
4132
1995
2945
3869
4145
1905
2859
3747
4830
1895
2564
4039
4876
1995
2830
4036
4861
2025
2407
3486
4305
1895
2859
4036
4384
1884
2815
4036
4455
1622
3000
4036
4919
1895
2837
4036
4519
2025
2963
3951
5095
1554
2499
3499
4423
1905
2859
4036
4305
1884
2243
4036
4830
1622
2815
4036
4739
2000
2942
4036
4971
1232
2942
4036
4755
1895
2945
3869
4876
1895
2944
4036
4132
1966
2721
4036
4175
1622
3000
4036
5068
1895
2715
3284
4876
1232
2791
4088
4876
1884
2407
3486
4460
1334
2320
3812
4519
1622
2714
3764
5012
2025
3000
4036
4215
1895
2945
3812
4337
1884
2238
3727
4305
1884
3012
3200
4893
1622
2462
3812
4615
2025
2665
3981
4876
1248
2942
3935
4215
1155
2945
4039
4876
1884
2421
3951
4374
1622
2944
3790
4876
1895
2837
4036
4519
2025
2714
3690
5012
1232
2119
3205
5012
1884
2859
3950
4931
1884
2665
3284
4481
1622
2644
3284
4615
2025
2307
3747
4876
1554
2714
3447
4175
1884
2735
3869
5099
1884
3035
4010
4906
2034
2714
3452
5110
1622
2644
3690
4876
2025
2789
4008
4971
1232
2945
3933
4876
1884
2407
3486
4858
1895
2564
4036
4460
1966
2665
4036
4413
2025
2219
3727
4876
1899
2868
3940
4876
1884
2307
4036
4113
1884
3023
4036
4955
2000
2579
4036
4460
2025
2665
3951
4639
1554
2968
3198
4215
1895
2945
4036
4852
1884
2791
4036
4305
1622
2119
3710
4814
1622
2789
4036
5038
2025
2307
3751
4854
1554
2939
3690
4876
1884
2945
4036
4654
1884
2714
4088
4893
1622
2119
4036
4460
1622
2936
3812
4755
2025
2307
3868
4384
1884
2868
3868
4593
1884
2721
3997
4720
1622
2741
3747
4919
1622
2977
4036
4853
1155
2178
3739
4615
1884
2868
4005
4919
1884
2968
4088
4876
1895
2538
3950
4860
1589
2714
3727
4654
2025
2359
3096
4560
1554
2351
3242
4720
1884
2307
3839
4971
1884
2818
4036
4606
2034
2552
3839
4876
1831
2544
4005
5110
2025
2815
3868
4374
1554
2407
3592
4720
1884
2936
4036
5094
2000
2626
3997
4384
2000
2977
3660
4860
2025
2717
4005
4955
1554
2717
3869
5059
1969
2764
3812
5029
2034
2314
3073
4200
1167
2119
4079
4980
1696
2722
3982
4955
1977
2945
3423
4941
1215
2177
3511
4274
1597
2837
3607
4814
2000
2815
3919
4876
1622
3000
3812
4766
2025
2552
3812
4654
1914
2859
3333
4876
1884
2789
3812
4810
1622
2721
3313
4145
1622
2644
3098
4876
2025
2868
3674
4876
1895
2945
3592
4926
1914
2721
3940
4676
1587
2968
3844
4676
1622
2544
3674
5059
2025
2499
4039
4127
2025
2506
3940
4600
1554
2552
3690
4398
1884
2572
4036
4460
2034
2499
4036
5118
1831
2552
3940
4876
2025
2243
4036
4766
1554
2815
4036
4739
1884
2462
4036
4732
1884
2564
3812
5094
1622
2243
4036
4830
2025
2815
3812
4654
1232
2830
3940
4861
1884
2968
3950
4215
1895
2789
3837
4560
1914
2499
4036
4480
1955
2451
4036
5110
1622
2243
3935
4763
1895
2572
4036
4457
1884
2421
4036
4145
1905
2721
3098
4876
1622
2243
3690
4127
1995
2789
4036
4971
1232
2462
4088
4676
1884
2234
3284
5096
1884
2963
3284
5011
2000
2421
3987
4615
1232
2818
4036
4283
1232
3008
4036
4962
1895
2815
3952
4876
1884
3000
3313
4109
1589
2818
3812
4432
1622
2243
4036
4955
2025
2815
3812
4113
1899
2462
3073
4876
1884
2818
4036
4822
1155
2510
3158
5059
1622
2815
4036
4889
2025
3000
3812
4950
1895
2868
3951
5094
1884
2544
3812
4810
1995
2721
3111
4177
2000
2407
3940
4766
1762
2889
3901
4170
1345
2717
3428
4625
1252
2964
3966
5015
2000
2748
4039
4153
1924
2612
3891
4955
2023
2097
3296
4615
1298
2956
4072
5012
1456
2801
4088
4601
1653
2694
4072
5012
1252
2985
4008
4983
2023
2135
3704
4460
1653
2801
3715
4905
1150
2788
3727
5114
1858
2889
4061
4934
1150
2889
3987
5114
1685
2649
3901
4747
1150
2119
4088
5114
2043
2350
4054
5015
1157
2990
3952
4934
1150
2162
3727
5114
1653
2484
3893
5052
2041
2135
3690
5114
2043
2325
3966
4905
1900
2791
3747
5114
1653
2694
4061
4830
1150
2788
3935
4962
1157
2748
3747
4889
1762
2791
3268
5058
1762
2325
3750
4311
1432
2961
4009
5052
1432
2472
3108
5114
1432
2566
3858
4962
1432
2325
3108
4311
1432
2566
4061
4837
1762
2135
3108
4962
1762
2592
4061
4769
1432
2472
3108
4962
1762
2325
3108
5118
1432
2566
3108
4311
1432
2592
4061
4769
1432
2566
3108
4311
1432
2961
4009
4837
1086
2472
3858
4769
1432
2592
3858
4837
1086
2472
3858
4769
1432
2961
4009
4837
1432
2566
3108
4837
1086
2472
3858
4769
1086
2472
3858
4837
1086
2472
3858
4769
1086
2472
3108
4769
1086
2472
3858
4769
1086
2566
3858
4769
1086
2472
3858
4769
1086
2566
3858
4311
1086
2472
3108
4769
1086
2472
3858
4769
1086
2472
3858
4769
1086
2472
3858
4769
1762
2985
3782
4889
1762
2985
3782
4837
1432
2411
4009
5118
1432
2411
4009
5052
1762
2592
3108
4962
1432
2472
4072
4170
1432
2566
4009
4962
1432
2566
4009
4769
1432
2961
3858
4837
1432
2566
3108
4837
1432
2961
4009
4837
1086
2472
3858
4311
1432
2961
4009
4769
1086
2472
3858
4769
1086
2472
3858
4837
1086
2472
3858
4769
1086
2472
3108
4769
1086
2472
3858
4769
1086
2472
3858
4769
1086
2472
3858
4769
1086
2472
3858
4769
1086
2472
3108
4769
1086
2472
3858
4769
1086
2472
3858
4769
1086
2472
3858
4769
1086
2472
3108
4769
1086
2472
3108
4769
1086
2472
3858
4769
1086
2472
3858
4769
1086
2472
3858
4769
1086
2472
3108
4769
1086
2472
3108
4769
1086
2472
3858
4769
1086
2472
3858
4769
1086
2472
3858
4769
1086
2472
3108
4769
1086
2472
3108
4769
1086
2472
3858
4769
1086
2472
3858
4769
1086
2472
3858
4769
1086
2472
3108
4769
1086
2472
3108
4769
1086
2472
3858
4769
1086
2472
3858
4769
1086
2472
3858
4769
1086
2472
3108
4769
1086
2472
3108
4769
1086
2472
3858
4769
1086
2472
3858
4769
1086
2472
3858
4769
1086
2566
3858
4311
1086
2472
3108
4769
1086
2472
3858
4769
1086
2472
3858
4769
1086
2472
3858
4769
1086
2566
3858
4311
1086
2472
3108
4769
1086
2472
3858
4769
1086
2472
3858
4769
1086
2472
3858
4769
1086
2566
3858
4311
1086
2472
3108
4769
1086
2472
3858
4769
1086
2472
3858
4769
1086
2472
3858
4769
1086
2566
3858
4311
1086
2472
3108
4769
1086
2472
3858
4769
1086
2472
3858
4769
1086
2472
3858
4769
1086
2566
3858
4311
1086
2472
3108
4769
1086
2472
3858
4769
1086
2566
3858
4837
1086
2472
3858
4769
1086
2566
3858
4311
1086
2472
3108
4769
1086
2472
3858
4769
1086
2566
3858
4769
1086
2472
3858
4769
1086
2566
3858
4311
1086
2472
3858
4769
1086
2472
3858
4769
1086
2472
3858
4769
1900
2907
3750
5118
1924
2619
3952
4860
1981
2788
3377
5058
1324
2644
4008
4934
2023
2135
4008
5114
1685
2694
3268
4876
1252
2135
3764
4962
2023
2985
3824
5058
1653
2452
3824
4830
1150
2907
3966
5015
1157
2907
3725
5052
1150
2097
3750
5015
1157
2813
4088
4747
1252
2925
3526
4170
1349
2642
3904
4985
1377
2717
3935
5095
1685
3063
3495
5114
1924
2216
3891
4755
1981
2439
3268
5118
1653
2350
4008
4170
1150
2788
4054
5015
1456
2869
3935
4962
1252
2135
3904
4170
2023
2325
3108
5118
1252
2350
3268
4747
2023
2961
4061
5118
1748
2350
3268
4962
2023
2889
3824
5114
1232
2350
3891
4589
1959
2419
3377
5090
1801
2529
3576
5059
1807
2936
4093
4414
1457
2321
3884
5079
1959
2135
3901
4970
1959
2944
3893
4601
1300
2944
3268
4654
1097
2788
3933
4961
1777
3022
3674
4771
1720
2788
3238
4653
1299
2985
3929
4384
1299
2818
3929
4153
1394
2877
3887
4834
1054
2792
4036
4621
1054
2349
3428
4676
1044
2214
3338
5056
1995
2320
3967
4691
1452
2899
3909
5089
1341
2916
3349
4233
1299
2785
4034
4523
1690
2292
3133
4390
1054
2292
3293
4784
1817
2577
3642
4215
1396
2050
3921
4846
1341
2667
3937
4656
1054
2192
3621
4998
1054
2567
3284
4437
1054
2192
3133
4971
1044
2577
3730
4477
1417
2564
3690
4456
1044
2671
3166
4866
1690
2192
3673
4627
1054
2434
3928
4331
1044
2501
3429
4647
1949
2646
3133
4408
1955
3032
3251
4827
1417
3012
3914
4985
1445
2879
4093
4324
1452
2050
3938
4164
1299
2192
3313
5106
1690
2936
3293
4773
1044
2079
4093
4715
1299
2671
3888
4971
1452
2349
3694
4915
1341
2792
3784
4414
1690
2349
3940
4715
1054
2567
3428
4120
1452
2792
3694
4973
1589
2567
3710
4676
1299
2452
3804
5112
1044
2884
3766
5040
1394
2192
3522
4376
1690
2419
3291
4779
1417
2936
3224
4737
1299
2585
3109
5022
1417
2748
3690
4451
1054
2434
3937
4715
1394
2899
3530
4145
1817
2577
4005
5058
1054
2585
3284
4398
1054
2883
3904
5089
1998
2349
4072
4426
1690
2607
3515
4848
1054
2883
3291
4349
1287
2857
4042
4918
1291
2792
4000
4097
1588
2979
3810
4611
1759
2585
3209
5089
1299
2192
3369
4324
1396
2050
3467
4542
1044
2105
3291
4969
1807
2349
3888
4715
1815
2809
3597
4501
2007
2349
3843
4419
1054
2350
3921
4177
2007
2671
4030
5089
1394
2885
3264
4715
1054
2585
3919
4201
1054
2563
3107
4899
1417
2936
3942
5049
1417
2884
3704
4773
1044
2694
3909
4800
1417
2192
3515
4899
1417
2350
3270
4800
1054
2877
3419
4233
1044
2264
3216
4627
1299
2242
3914
4938
1054
3017
3536
4589
1452
2506
3783
4325
1626
2777
3585
4227
1452
2136
3783
4655
1054
2585
3654
5109
1417
2247
3668
4296
1690
2809
3784
4606
1394
2192
3987
4876
1044
2577
3736
4661
1690
2821
3888
5097
1044
2577
3372
4132
1044
2567
3180
4829
1417
2567
3311
4233
1044
2577
3623
4727
1394
2253
3914
4119
1690
2330
3515
4938
1417
2881
3485
4120
1417
2192
3133
4296
1417
2899
3933
4747
1394
2079
3935
4876
1417
3071
3687
4332
1417
2419
3372
4715
1394
2192
3824
5089
1417
2671
3335
4147
1417
2544
3810
5089
1054
3050
3437
4830
1690
2899
3335
4715
1959
2192
3691
4150
1044
2857
3372
4909
1417
2563
3654
4382
1417
2976
3133
4589
1299
2777
3888
4243
1690
2809
3642
4456
1394
3012
4094
4728
1690
2899
3376
4715
1394
2789
3687
4456
1417
2891
3388
5020
1911
2976
3890
4119
1417
2123
4053
4296
1394
2192
3890
4812
1911
2192
3890
5115
1417
2564
3888
4938
1394
2777
4054
4800
1690
2809
4006
4589
1394
2567
3493
4170
1417
2821
3783
5089
1394
2777
3928
4132
1394
2777
3843
4970
1394
2585
3725
5115
1394
2567
3725
4938
1394
2192
3180
4881
1394
2936
3804
5096
1690
2694
3888
4938
1417
2567
3307
4942
1690
2809
3843
4587
1959
2192
3264
5059
1394
2889
3530
5115
1417
2192
3264
4830
1394
2330
3869
4812
1394
2567
3967
4119
1417
2585
3914
4715
1394
2694
3869
5115
1690
2192
3642
5110
1394
2881
3690
5041
1076
2976
3485
4150
1417
2478
3778
4800
