228
909
806
101
473
334
334
43
17
436
184
92
540
958
117
238
688
688
238
688
493
772
879
765
1003
80
915
915
222
772
540
958
756
17
17
17
17
719
21
781
334
43
80
142
765
399
540
540
540
756
17
17
30
17
181
34
21
781
624
944
56
56
56
673
540
540
540
117
348
688
238
17
17
34
21
17
334
17
17
43
703
894
962
375
229
806
540
47
17
17
238
17
238
17
238
17
806
101
21
334
86
38
334
334
540
540
756
117
550
688
238
17
334
493
772
580
538
944
334
80
334
334
933
772
540
540
756
17
334
17
334
17
334
720
334
17
334
463
334
38
334
334
540
946
550
117
334
17
17
334
879
879
879
879
879
894
334
746
540
540
52
117
334
117
334
4
719
491
580
879
765
17
453
453
453
540
772
756
17
17
334
17
915
21
334
577
334
334
334
297
334
540
540
958
756
17
17
64
17
64
806
772
879
879
879
879
879
922
294
34
473
540
540
879
181
17
17
17
334
887
887
334
944
334
222
334
334
334
766
540
946
756
117
334
17
334
17
182
34
334
889
334
334
56
129
334
456
540
540
453
17
17
17
17
719
17
17
391
453
453
463
334
334
540
540
958
17
710
17
334
466
879
772
879
879
64
879
438
915
453
540
540
958
940
17
334
17
17
879
879
879
468
453
334
80
746
92
540
958
17
17
334
52
334
334
879
879
334
334
334
334
97
294
540
540
958
17
17
550
688
334
540
879
879
879
453
453
334
334
80
766
540
540
540
756
334
334
608
334
806
771
879
879
879
879
753
915
915
294
540
958
756
117
17
17
238
632
887
52
334
357
357
894
334
334
766
540
540
756
117
117
17
608
17
17
182
21
52
804
334
135
334
334
456
540
958
236
334
17
17
17
17
453
720
21
756
17
334
280
334
466
334
493
540
958
117
334
688
238
17
388
34
21
848
334
334
143
438
399
334
540
540
453
453
117
976
719
719
21
150
765
64
17
43
922
743
540
540
580
117
348
453
17
439
17
17
493
540
194
879
879
823
765
765
466
687
466
921
922
593
86
43
823
17
64
823
922
823
17
52
225
804
135
135
135
21
944
135
135
710
334
334
464
357
135
135
302
334
944
334
135
453
184
181
184
184
179
179
357
444
1083
2068
3600
4733
1610
2185
3600
4183
1993
2378
3541
4183
1083
2270
3120
4183
1083
2303
3336
4183
1291
2378
3093
4892
1083
2910
3467
4183
1998
2929
3341
4183
1759
2378
3482
4183
1696
2293
3841
4482
1083
2378
3628
4974
1263
2130
3488
5112
1216
2213
3795
4948
1427
2952
3431
4914
1216
2771
3600
4927
1341
2455
3202
5099
2032
2213
3422
5119
1369
2829
3669
4792
1703
2344
4019
4864
1346
2416
3682
4371
1216
2213
3345
4205
1788
2997
3576
4821
1996
3028
3604
4374
1083
2642
4085
4739
1838
2901
3450
4828
1083
2455
3455
4854
1915
2491
3406
4183
1555
2270
3082
4884
1610
2925
3661
4183
1610
2174
3670
4162
1993
2906
3281
4183
1771
3022
3845
4183
1737
2484
3133
5022
1703
2567
3084
4733
1191
2455
3673
4121
1083
2714
3535
4390
1610
2619
3938
4183
1703
2091
3615
4629
1555
2740
3398
4370
1565
2862
3369
4814
1838
2213
3621
4192
1771
2213
3449
4501
1915
2230
3129
4236
1915
2270
3702
4168
1436
2986
3582
4385
1936
2862
3996
4439
1812
2548
3993
4536
1083
2284
3598
4646
1610
2952
3888
5095
1610
2081
3957
4251
1610
2453
3580
4888
1993
2911
3401
4236
1263
2085
3694
4221
1703
2060
3253
4725
1838
2548
3431
4388
2006
2148
3957
5008
1638
2293
3647
4918
1610
2483
3373
4894
1610
2910
4019
4540
1798
2063
3178
4946
1217
2638
3888
4227
1588
2063
3226
4197
1291
2526
3355
5049
1764
2213
3752
4443
1998
2434
3373
4860
1764
2314
3888
4451
1759
2227
3950
4678
1057
2185
3686
4307
1771
2949
3281
5035
1993
2063
3383
4623
1436
2548
3772
5038
1396
2863
3640
4834
1747
2601
3291
4556
1610
2268
3470
4836
1610
2268
3224
4866
1610
2185
3888
4567
1993
2085
3619
4866
1771
2147
3281
4918
1788
2548
3341
4728
1291
2347
3576
4873
1771
2548
3080
4565
1998
2771
3455
4451
1771
2063
3482
4565
1159
2347
3264
4307
1206
2677
3429
4356
1369
2096
3194
5003
1057
2063
3937
4681
1993
2350
3376
5009
1993
2421
3603
4611
1860
2079
3801
4943
1291
2063
3164
4283
1857
2074
3772
4501
1998
2901
3871
4445
1936
2091
3177
5045
1915
2230
3437
4283
1817
2967
3449
4109
1263
2851
3376
4105
1348
2314
3393
4176
1346
2741
3385
4801
1824
2049
3455
4432
1998
3035
3763
4720
1439
2967
3912
4105
1555
2548
3377
4611
1369
2890
3291
4251
1436
2740
3604
4556
1918
2289
4089
5019
1263
2393
4059
4692
1445
2741
3818
4646
1703
2865
3338
4971
1771
2642
3455
4313
1998
2520
3224
4905
1391
2083
3820
4627
1159
3032
3576
4584
1555
2643
4020
4574
1369
3050
3462
4987
1436
2821
3442
4726
1227
2147
3661
5049
1263
2130
3376
4780
1461
2505
3158
4786
1291
2351
3888
4233
1886
2399
4094
4262
1287
2613
3887
5044
1263
2484
3515
4385
1759
2079
3735
4841
1746
2489
3555
4307
1982
2949
3888
4526
1610
2081
3921
4187
1817
3066
4059
4732
1996
2421
3661
4637
1348
2279
3661
4245
1044
2121
3888
4256
1502
2147
3813
4898
1513
2821
3480
4345
1996
2633
3963
4232
1838
2809
3634
4637
1838
3008
3959
5018
1813
2063
3430
4440
1461
2746
3373
4544
1555
2081
3515
4851
1610
2117
3888
4556
1369
2378
4017
4605
1993
2079
3237
4175
1263
2846
3790
4138
1996
2714
3133
5009
1291
2785
3260
4371
2006
2278
4079
4332
1057
2528
3888
4332
2032
2986
3291
4908
1369
2792
3845
4495
1798
2213
3635
4639
1217
2085
3177
4664
1217
2866
3849
4181
1785
2918
3281
5031
1838
2671
3881
5098
1778
2218
3675
4721
1703
2097
3367
4248
1771
2821
4093
4915
1567
2582
3296
4430
1814
2140
3710
4430
1824
2535
3990
4726
1597
2140
4053
4468
1812
2602
3576
4610
1918
3066
4089
4183
1263
2743
3119
4445
1996
2641
3243
4573
1691
2352
3910
4556
1838
2219
3369
4125
1915
2798
3682
4383
1609
2851
3245
4519
1555
2973
3166
4335
1396
2616
3440
4348
1436
3028
3307
4988
1838
2508
4055
4226
1263
2371
3618
4958
1771
2282
3704
4226
2017
2579
3702
4954
1610
2407
3133
4957
1436
2097
4067
5087
1445
2105
3157
5047
1567
2140
3910
4604
1565
2140
3730
4307
1996
2140
3426
4114
1982
2846
3119
4784
1445
2455
3990
4416
1886
2459
3967
4183
1661
3022
4010
4451
1778
2140
3582
4659
1597
3066
3133
4935
1915
2720
3620
4258
1915
2714
3229
4183
1703
2746
3376
4475
1610
2447
3751
4394
1782
2174
4094
4653
1993
2333
3619
4644
1263
2447
3988
4983
1525
2447
3622
4358
1291
2074
3251
4680
1838
2447
3072
4434
1838
2447
3383
4240
1915
2447
3136
4770
1392
2432
4093
4898
1369
2447
4074
4307
1798
2526
3542
5108
1217
2143
3515
4799
1588
2143
3300
4501
2017
2563
3440
4119
1188
2123
3919
4907
1998
2278
4014
4274
1391
2049
3296
4422
1410
2932
3526
4391
1610
2643
4035
4386
1565
2821
3331
4884
1993
2473
3180
4212
1565
2966
3813
5044
1837
2061
3724
4855
1452
2293
3297
4212
1555
2899
3324
4635
1597
2290
3730
4595
1782
2082
3813
4622
1567
2899
3253
4903
1263
2899
3813
4346
1996
2993
4091
4735
1838
2792
3982
4997
1998
2762
3480
4629
1813
2269
4069
4267
1950
2746
3861
4193
1555
2677
3421
4511
1817
2182
4016
4904
1998
2192
3947
4716
1837
2214
3291
4415
1186
2619
3600
4593
1555
3059
3600
4525
1216
2350
3305
4469
2006
2941
3812
4593
1523
2407
4069
4608
1263
2187
3976
4706
2046
2321
3957
4508
2017
2281
3498
4401
1746
2180
3868
5084
1424
2568
3910
4621
1365
2148
3938
4712
1564
2206
3937
4905
1915
2190
3827
4489
1739
2190
3560
4802
1610
2190
3682
4389
1993
2801
3619
5093
1753
2705
4074
4802
1257
2274
3531
4705
1291
2347
3843
4786
1998
2862
3772
4629
1771
2443
3914
4948
1029
2434
3482
4415
1703
2223
3157
4337
1996
2185
3480
4726
1436
2824
3647
4381
1838
2919
3826
4446
1263
2434
3175
5011
1452
2608
3631
4432
1211
2185
3826
4948
1739
2915
3243
4347
1610
2467
3832
4309
1565
2079
3802
4891
1993
2366
3324
4342
1860
2773
3157
4356
1455
2054
3910
4267
1263
2820
3107
4643
1996
2818
3880
4673
1435
2525
3555
4376
1838
2079
3198
4660
1998
2946
3572
4329
1915
2720
3517
5003
1915
2421
3686
5087
1555
2253
3377
4629
1610
2877
3763
4138
1369
2918
3571
4896
1703
2986
3619
4337
1217
2289
3296
4629
1993
2278
3668
4687
1664
2347
3716
4629
1753
2781
3119
4434
1396
2470
4036
4183
1998
2835
3325
4610
1940
2557
3377
4978
1915
2557
3716
4492
1206
2063
3369
4610
1759
2079
3600
4373
1610
2351
3293
4455
1798
2276
3702
4153
1455
2922
3969
4183
1436
3047
3766
4718
1886
2412
3243
4948
1263
2321
3810
4611
1996
2809
3862
4456
1291
2862
3631
4424
1838
2717
3734
4166
1813
2323
3753
4641
2032
2165
3800
4814
1555
2680
3816
4860
1610
2268
4024
4254
1610
2276
4024
4320
1771
2147
3485
5004
1263
2881
3600
5049
1743
2289
3178
4387
1191
2268
3259
4484
1216
2091
3536
4369
1837
2403
3082
4894
1216
2741
3869
4814
1996
2740
3738
4387
1703
2680
3380
4510
1998
2642
4019
5069
1837
2680
3888
4322
1771
2964
3437
4332
1211
2268
3431
5008
2008
2989
3431
4948
1369
2281
3868
5018
1798
2792
3157
4917
1743
2902
3503
4307
1555
2321
3600
4398
1771
2109
3888
4967
1455
2213
3736
4901
1771
2081
3888
4989
1263
2809
3323
5112
1291
2434
3622
4113
1771
2213
3772
4278
1838
2213
3488
4394
1391
2603
3431
4533
2032
2148
3735
4120
1555
2989
3165
4988
1610
2925
4091
4121
1610
2407
3408
4157
1217
2412
3959
4664
1567
2910
3074
4714
1565
2252
3449
4579
1427
2989
3408
4510
1771
2447
3772
4097
1998
2252
3888
4470
1452
2306
3467
4540
1159
2434
3536
4548
1703
3043
3398
4328
1610
2382
3485
4306
1610
2467
4013
4305
1975
2782
4046
4820
1993
3022
3888
4112
1257
2842
3094
4358
1584
2326
3082
4968
1396
2788
3297
4673
1915
3029
3229
4584
1610
2952
3143
5093
1610
2185
3933
4942
1610
2147
3522
4236
1778
2186
4093
4895
1936
2186
3325
5111
1509
2821
3827
5009
1838
2585
3560
4919
1838
2717
4082
4540
1915
2252
3548
4484
1915
2491
3818
4540
1661
2491
3760
4977
1703
2140
3689
5019
1369
2830
3107
4501
1610
2419
3082
4657
1217
2289
3536
4705
1250
3041
3851
4387
1237
2445
3303
5031
1427
2901
3822
4254
1940
2919
3369
4610
1998
2847
3950
4995
1813
2421
3210
4636
1610
2788
3800
4678
1915
2143
3288
4744
1567
2721
3600
4724
1396
2192
3192
4832
1737
2607
3872
4430
1824
2925
3520
4540
1838
2063
3462
4675
1813
2403
4094
4927
1287
2277
3521
4335
1555
2891
3431
4814
1703
2097
3431
4210
1610
2117
3822
4903
1993
2910
3304
4820
1217
2403
3987
4860
1588
2330
3818
4540
1291
2293
3982
4768
1771
2109
3569
4296
1838
2603
3947
4309
1341
2277
3800
4561
1287
2809
3942
4415
1830
2148
3253
4456
1759
2049
4056
4715
2006
2986
3933
4254
1396
2657
3957
4741
1263
3050
3818
4948
1439
2075
3795
4116
1838
2274
3303
4254
1436
2332
3084
4432
1784
2607
3133
4192
1759
2148
3478
4938
1759
2268
3914
4144
1610
2680
4072
4374
1798
2277
3736
4573
1812
2603
3661
4906
1263
2321
3325
4629
1996
2278
3303
4325
1838
2996
3616
4937
1838
2403
3465
4434
1391
2557
3095
4346
1263
2672
3869
4458
1191
2395
4032
4949
1597
2406
3085
4474
1403
2321
3801
4510
1812
2660
3552
4298
1737
2813
3572
4540
1396
2314
3437
4617
1191
2907
3766
4895
1452
2771
3766
4828
1739
2447
3467
4484
1083
2949
3158
4437
1250
2406
3082
4448
1083
2109
3813
4816
1838
2642
3631
4254
1304
2872
3552
4540
1452
2851
3488
4274
1996
2877
3631
4629
1982
2568
3631
4985
1838
2467
3849
4578
1812
2148
3560
4221
1813
2360
3548
4446
1555
2181
3390
4688
1610
2738
3560
4955
2006
2985
3526
4127
1993
2277
3600
4258
1263
2049
3888
4862
1815
2314
3365
4205
2005
2792
4019
4943
1216
2792
3446
4845
1403
2764
3333
4860
1626
3035
3869
4768
1250
2847
3976
4225
1452
2321
3716
4997
1838
2642
3514
4726
1291
2079
4093
4424
1998
2079
4074
4513
1996
2148
3305
4673
1369
2484
3548
4254
1930
2347
3376
5054
1436
2655
3788
5009
1035
2740
3103
4875
1035
2186
3194
4109
1291
2949
3676
4927
1764
2351
3304
4903
1998
2771
3600
4690
1391
2161
3398
4533
1915
2049
3840
4736
1610
2484
3631
4351
1610
2557
3726
4157
1610
2557
3095
4296
2032
2253
3631
5077
1250
2557
3698
4629
1597
2860
3910
4983
1565
2384
3369
4688
1812
3044
3865
4673
1257
2557
4006
4787
1838
2557
3978
4672
1083
2983
3123
4726
1998
2946
3513
4617
1838
2561
3416
4643
1410
2278
3336
4617
1191
2638
3600
4459
1263
2649
3260
4175
1813
2701
3535
5003
1555
2607
3288
4341
1820
2719
3103
4481
1998
2183
3219
4854
1813
2212
3177
4662
1287
2162
3557
4899
1555
2844
3704
4808
1597
2419
3317
4397
1798
2912
3470
4583
1993
2526
4063
4488
1263
2824
3597
4611
1262
3066
3718
4179
1664
2491
3305
5006
1837
2237
3119
4119
1817
2323
3156
4763
1996
2907
3840
4610
1896
2253
3822
4225
1998
2664
3865
4415
1886
2787
3119
4896
1610
2619
3119
4263
1555
2209
3119
4184
1617
2608
3440
4390
1403
2223
3861
4390
1396
2419
3552
4533
1263
3008
3783
4820
1703
2253
3934
4478
1838
2642
4032
4373
1555
2331
3460
4339
1555
2223
3269
4307
1610
2884
4004
4917
1565
2352
3087
4928
1263
2800
3772
4953
1996
2281
3409
4773
1719
2484
3802
5031
1838
2557
3269
4434
1813
2339
3119
4211
1813
2162
3600
4183
1555
2557
3118
4978
1610
2351
3119
4254
1186
2149
3331
4489
1186
2149
3262
4571
1186
2144
3107
4904
1186
2844
3253
4873
1436
2213
3244
4999
1044
2260
3508
4646
1837
2881
4008
4640
2032
3043
3789
4119
1996
2557
3260
4666
1610
2214
3682
4183
1186
2109
4051
4153
1838
2764
4038
4254
1915
2557
3572
4894
1915
2952
3455
4352
1739
2185
3329
4948
1246
2455
3600
4196
1599
2598
3266
4608
1996
2214
3649
4183
1246
2406
3260
4167
1186
2109
3631
4895
1998
2719
3480
4688
1287
2716
3997
4461
2032
2097
4041
4142
1555
2792
3317
4549
1525
2952
3119
4594
1525
2863
3600
4820
1029
2170
3401
5007
1565
2096
3306
4695
1427
2716
3622
4537
1838
2137
3198
4664
1785
2915
3288
4910
1771
2459
3632
4476
1246
2148
3382
5022
1865
2161
3475
5013
1186
2126
3561
4957
1436
2719
3600
4895
1396
2292
3455
4663
1719
2380
3797
4924
1565
2716
3130
4695
1246
2252
3600
4688
1191
2286
3600
4211
1763
2374
3119
4157
1894
2964
3560
4659
1626
2638
3119
4995
1555
3044
3119
4274
1854
2272
3119
4995
1186
2105
3110
4183
1264
2147
3600
4183
1263
2395
3409
4183
1411
2274
3840
4701
1291
2347
3513
4350
1838
2114
3749
4387
1813
2937
3829
4636
1915
2161
3818
4335
1915
2261
3130
4779
1369
2434
3732
4193
1246
2910
3732
4503
1341
2986
3732
4820
1993
2213
3243
4688
1565
2213
3718
4755
1427
2884
3622
4537
1771
2109
3305
4616
1838
2055
3888
4829
1186
2154
3467
4165
1915
2716
3600
5100
1617
2339
3475
4779
1246
2198
3119
4274
1894
2574
3600
4586
1083
2557
3559
4146
1854
2360
3600
4610
1892
2501
3757
4196
1610
2213
4029
5044
1246
2557
4093
4362
1263
2105
4014
5004
1186
2060
3257
4610
1525
2274
3119
4527
1998
2079
4024
4305
1838
2403
3888
4120
1287
2314
3293
4898
1915
2049
3622
4970
1610
2952
3888
4221
1782
2213
3742
4522
1565
2440
4093
4881
1567
2233
3305
4782
1565
2824
3888
4843
1996
2869
3119
4942
1083
2642
3916
4695
1998
3035
3802
4695
1886
3024
3586
4561
1610
2114
3119
4117
1555
2680
3119
4693
1610
2501
3119
4173
1436
2920
4074
4335
1985
3041
3763
4415
1263
2884
3552
4820
1617
2252
3248
4351
1737
2920
3916
4689
1555
2946
3402
4262
1610
2851
3631
4374
1610
2877
3600
5070
1250
2403
3600
5107
1753
3029
3918
4183
1753
2809
3600
4895
1703
3066
3888
4961
1838
2717
3888
4388
1838
2213
3377
5112
1813
2731
3600
4938
2032
2097
3620
4315
1610
2097
3990
4242
1610
2484
3990
4695
1610
2083
3724
4911
1759
2154
3931
4983
1565
2154
3982
4695
1588
2140
3735
4827
1838
2321
3154
4183
1291
2281
3119
4756
1947
2881
3763
4621
1838
2089
3327
4823
1186
2677
3600
4335
1915
3050
3735
4983
1555
2253
3707
5108
1739
2063
3699
4792
1455
2081
3622
4744
1436
2548
3094
4893
1814
2063
3675
4610
1753
2809
3449
4856
1838
3047
3600
4385
1838
2911
3665
4617
1838
2403
3600
4313
1813
2764
3600
4464
1610
3042
3600
4584
1703
2154
3751
4443
1250
2213
3440
4617
1798
2513
3760
4763
1427
2484
3119
4757
1849
2434
3600
4613
1764
2862
3119
4905
1211
2680
4079
4385
1771
2911
3704
4484
1191
2481
3689
4537
1216
2081
3526
4285
1918
2403
3555
4912
1771
2186
3449
4829
1791
2920
3380
4456
1216
2399
3176
4961
1998
2505
3449
4866
1346
2395
3706
4096
1597
2223
3995
4455
1779
2403
3647
4525
1565
2740
3888
4117
1996
2154
3826
4346
1860
2501
3377
4177
1838
2346
3801
4755
1674
2455
3600
5112
1287
2912
3552
4971
1703
2097
3987
4497
1610
3037
3868
4215
1759
2467
3078
5040
1993
2588
3670
4533
1263
2230
3576
4695
1788
2268
4088
4695
1291
2965
3154
4733
1815
2130
4030
4415
1436
2775
3154
4519
2035
2740
3890
4535
1567
2802
3645
4236
1703
2511
3373
5018
1788
2925
3622
4133
2006
2564
3970
4983
1998
2454
4029
4410
1263
2438
3320
4836
1209
2989
4013
4177
2005
2462
3377
4652
1637
2572
3707
5094
1747
2911
3704
4519
1606
2741
3555
4099
1533
2920
3555
4751
1758
2054
3970
4549
1606
2642
3940
5043
1837
2920
3507
4971
1209
2884
3970
4905
1996
2462
3293
4251
1896
2789
3242
4899
1436
2680
3704
4892
1886
2085
3880
4318
1558
2165
3818
4970
1703
2063
3526
4168
1597
2809
3508
4899
2006
2454
3822
4245
1886
2454
4088
4443
1263
2680
3449
5042
1703
2454
3154
4624
1703
2709
3154
4556
2006
2789
3890
4860
1812
2491
3704
5039
1606
2314
3604
5061
1610
2501
3127
4459
1597
2729
3450
4608
1412
2147
3126
4119
1812
2223
3508
4721
1838
2055
3159
4335
1035
2060
3704
4616
1191
2491
3307
5059
1237
2412
3275
4251
1369
2451
3082
4864
1216
2350
3394
4175
1217
2729
3416
4817
1035
2571
3259
4635
1860
2972
3508
5007
1291
3050
3870
4351
1216
2813
3704
5056
1354
2148
3431
4970
1396
2312
3966
4305
1436
2571
3257
4567
1216
2451
3613
4829
1250
2454
3307
4652
1396
2196
3382
4151
2021
2673
3496
4427
1606
2312
3382
4203
1998
2729
3382
4183
1764
2820
3250
4183
1813
2403
3637
4136
1915
2971
3136
4220
1606
2360
3288
4549
1610
2820
3745
4215
1606
2719
3380
4220
1217
2501
3377
4558
1982
2089
3810
4283
1753
2084
3982
4138
1838
2084
3116
4622
1998
2290
3130
4348
1868
2137
3260
4999
1854
2084
3529
4445
1525
2989
3130
4468
1525
2084
3999
5117
1993
2985
3251
5081
1161
2257
3760
4338
1753
2432
3373
4726
1626
2137
3260
4443
1838
2729
3772
4791
1838
2716
3555
5042
1674
2572
3260
5112
