109
909
816
913
816
913
816
816
577
964
780
772
780
950
950
86
950
666
950
666
134
436
666
493
666
761
666
945
446
242
872
242
872
673
964
491
299
648
950
950
950
601
950
451
950
601
601
493
939
547
446
134
872
134
299
134
872
134
989
964
707
236
299
2
717
134
717
950
645
950
594
673
883
707
654
269
361
608
0
717
134
645
645
964
964
700
547
700
950
700
972
700
950
700
972
972
493
883
574
803
269
654
446
870
446
890
717
16
964
964
707
654
993
16
116
16
116
16
993
16
993
530
993
772
883
518
877
242
57
242
299
242
394
964
964
993
236
993
232
993
282
993
16
299
16
766
772
580
236
993
301
993
16
993
16
299
993
964
964
284
236
993
886
993
16
993
16
16
993
272
766
772
580
16
16
16
993
993
16
993
16
16
481
964
964
993
16
993
232
299
543
543
299
297
299
964
299
188
287
869
232
299
232
299
134
299
134
964
883
883
236
299
232
299
2
299
134
299
299
134
299
530
197
883
945
753
242
242
57
242
299
766
964
491
299
236
299
232
993
183
299
839
993
2
993
592
493
491
299
236
299
2
299
299
134
299
299
964
964
878
299
993
2
299
30
822
299
299
297
299
1014
772
883
299
242
299
242
299
242
143
242
299
563
964
299
236
299
232
299
134
134
299
305
299
290
493
197
287
436
236
451
886
451
1010
645
645
972
700
493
547
700
574
950
992
870
992
977
992
977
992
19
309
883
883
877
242
242
657
242
753
242
131
664
964
756
236
348
232
992
977
492
224
492
992
256
592
493
194
348
155
348
992
305
992
97
992
911
621
964
883
547
348
262
992
492
992
492
992
992
992
19
375
375
383
531
63
865
920
242
753
242
753
806
964
958
958
236
348
232
477
934
992
130
546
844
92
21
756
236
348
305
80
305
546
305
546
621
964
883
883
150
348
348
697
922
922
922
922
305
155
19
309
883
871
383
242
242
657
242
242
131
131
394
964
284
236
236
348
232
251
464
251
85
624
911
592
493
188
284
227
227
150
307
307
922
911
621
133
964
878
646
9
116
367
307
703
1010
227
227
307
307
164
140
883
84
150
307
307
577
307
65
131
275
168
284
150
732
754
307
307
307
438
438
438
307
531
440
466
227
246
2006
2403
3708
4678
1920
2268
3459
4903
1993
2448
3804
4898
1703
2331
3654
4949
1993
2478
3737
4678
1998
2579
3251
4817
1263
2801
3535
4817
1057
2246
3398
5095
1788
2820
3251
4797
1610
2964
3763
4905
1996
2642
3809
4755
1993
2726
3990
4855
1764
2190
3652
4715
1993
2945
3966
4973
1998
2579
3896
4215
1263
2949
3684
4249
2032
2945
3729
4855
1291
2487
3684
4535
1369
2721
3684
4258
1764
3016
3672
4817
1759
2820
3309
4660
1920
2809
3477
4524
1993
2629
3580
4505
2010
2659
3291
4802
1993
2966
3467
4715
1998
2820
3906
4855
1263
3035
4055
4655
1057
2809
3862
4855
1291
2508
3684
4855
1610
2966
3272
4806
1920
2820
3945
4422
1993
2550
3333
4855
1703
2966
3496
5066
1993
2550
4016
4855
1191
2430
3827
4855
1263
2966
3512
4903
1565
2212
4030
4402
1820
2966
3523
4462
1067
3028
3862
4562
1606
2966
3464
4817
1283
3007
3862
4655
1209
2659
3839
4806
1985
2430
3684
4715
1583
3043
3684
4807
1351
2659
3730
4156
1985
2456
3764
4796
1824
2659
4083
4655
1351
2966
4083
4597
1606
2208
3333
4855
1974
3028
3862
4808
1216
2100
3952
4631
1396
2359
3649
4420
2028
2912
3577
4655
1291
2659
3787
4715
1369
2320
3816
4532
1718
2868
4083
4905
1759
2937
3384
4201
1998
2775
3401
4855
1993
2629
3862
4755
1703
2497
3738
4855
1771
2771
3684
4855
1998
2065
3347
5097
1996
2802
3880
5097
1759
2910
3783
4855
1291
2130
3684
4221
1771
2097
3862
4855
1291
2347
3862
4177
1993
2065
3947
5095
1878
3056
3407
4947
1759
2820
3854
4260
1746
2057
3862
4578
1585
2744
3580
4342
2028
2966
3816
4523
1610
2100
3523
4268
1920
2532
3523
4855
1993
2430
3684
4324
2010
2912
3164
4592
1348
2231
3507
4570
1824
2659
3523
4717
1263
2735
3523
4855
1746
2833
3523
4855
1824
2659
3093
5097
2001
2097
3862
4988
1839
2489
3245
4490
1369
2659
3304
4611
2001
2419
3933
4768
1637
3069
3862
4715
1209
2082
3182
4855
1828
2740
3940
5047
1982
3016
3919
4100
2011
2510
3340
4391
1057
2366
3684
4592
1636
2857
3569
4722
1820
2964
3649
4327
1839
2820
3602
4853
1993
2365
3282
5002
1945
2454
3957
4770
1288
2531
3632
4205
1998
2992
3862
5097
1263
3008
3440
4855
1057
2655
3856
4369
1291
2649
3377
4855
1925
2097
3870
4919
1920
2926
4055
5040
1979
2820
3787
4474
1764
2168
3535
4855
1759
2510
3862
4621
2001
2869
3715
4797
1857
2579
3942
5097
1798
2276
3177
4334
1513
2455
3862
4198
1982
2964
3839
4768
1636
2186
3535
4768
1950
2485
3325
4768
1491
2165
3862
4928
1839
2274
3399
4855
1057
2720
3260
4855
1636
2531
3260
4855
1746
2890
3826
4865
1689
2583
3557
4838
1882
2453
3957
4783
1998
2219
3649
4759
1558
2147
3957
4316
1327
2293
3566
4197
2012
2208
3235
4855
1429
2934
3650
4230
1825
2962
3507
5013
2012
2387
3366
4639
1429
2208
3453
4987
1354
2703
3079
4744
1769
2535
3662
5043
1429
2208
4029
4389
1583
2663
3712
4552
1403
2663
3345
4741
1813
2208
3217
4782
1800
2589
3377
4881
1059
2962
3576
4412
1813
2589
3089
4221
1410
2930
3878
4221
1217
2663
3949
4205
1460
2663
3377
4881
1410
2663
3855
5048
1161
2958
3831
4855
1429
2514
3459
4414
1291
2340
3634
4768
2038
2905
3559
4373
1936
2589
3468
4221
1886
2147
3862
4422
1808
2830
4000
5032
1968
2455
3942
4271
1952
2989
3622
4974
1288
2613
4019
4864
1513
2588
3933
4608
1968
2584
3325
4454
1808
2862
3704
4855
1798
2655
3307
4236
2024
2552
3938
4355
1920
2356
3243
4342
1982
2230
3333
4500
1808
2130
3578
5006
1837
2949
3514
4834
1982
2809
3182
5042
1952
2830
3712
4860
1703
2863
3436
4851
1806
2102
3367
4917
1952
3016
3311
4560
1288
2629
3724
4192
1513
2751
3576
4202
1491
2881
3293
4678
1221
2862
3293
4426
1369
2062
3293
4812
1288
2356
3728
4128
1839
2613
3511
4181
1820
2629
3847
4513
1288
2130
3352
4855
1784
2485
3357
4432
1963
2775
3401
4345
1998
2584
3736
4763
1808
2505
3580
4348
1952
2130
3293
4931
1288
2406
3382
4272
1808
2629
4030
4866
1952
2862
3684
5007
1288
2130
3947
4817
1221
2454
3073
4855
1998
2188
3576
4929
1952
2820
3728
4936
1936
3041
3862
4866
1982
2133
3684
4221
1945
2629
4072
4855
1820
2230
3388
4855
1952
2584
3967
4194
1288
2577
3384
5108
1221
2820
3293
5108
1945
2820
3851
5095
1820
2775
3382
4988
1966
2629
4088
4855
1703
3014
3728
4193
1936
2629
3652
4193
1936
2926
3728
5095
1938
2359
3507
4855
1427
2183
3425
4260
1391
2183
3280
4490
1288
2266
3862
4158
1935
2164
3487
4814
1288
2629
3269
4819
1920
2164
3198
4393
2042
2164
3507
4255
1288
2130
3406
4869
1027
2130
3728
5066
1936
2775
3521
4855
1998
3014
3862
4098
1369
3014
3182
5026
1832
2820
3535
5071
1839
2356
3094
5047
1945
2629
3638
4921
1945
2097
4062
4348
1982
2467
3526
4817
1288
3050
3382
4413
1936
2355
3387
4105
1832
2549
3818
4819
1860
2786
3467
4700
1945
2881
3715
4804
1067
2130
3862
4974
1288
2186
3890
4193
1960
2510
4004
4715
1998
3014
4000
4782
1057
2394
3862
4542
1945
2629
3862
4373
1427
3000
3487
4651
1288
2065
3304
4284
1936
2097
4062
4919
1832
2126
3217
5009
1820
2887
3200
4502
1785
2421
4062
4983
1609
3000
3862
4999
1982
2641
3862
4328
1288
2393
4055
4804
1832
2820
4029
5039
1211
2572
4062
4490
1945
2830
3352
4599
1709
2133
3738
4797
2011
2133
3464
4420
1936
2682
3862
4672
1877
2691
3496
4819
1820
2343
3202
4854
1945
3043
3257
5008
1427
2102
3500
4145
1982
2100
3533
5068
1209
2753
3419
4260
1832
2535
3357
4356
1832
2815
3507
4931
1820
2294
3401
4294
1945
2881
3715
4855
1982
2875
3966
4322
1288
2629
3499
4629
1960
2881
3333
4593
1952
2219
3684
4653
1820
2116
3424
4802
1945
2820
3902
4856
1067
2964
3862
4393
2011
2130
3533
4608
1936
2317
3223
4351
1832
3069
3862
4821
1839
2786
3531
4533
1820
2979
3297
4248
1945
2996
3394
4432
1920
2133
3940
4711
1288
2527
3209
4140
1288
2478
3507
4666
1998
2226
3890
4919
1369
2226
3217
5063
1940
2616
3401
4855
1820
2964
3209
4861
1918
2421
3073
4187
1945
2966
3383
4481
1067
2185
3178
4902
1920
2133
3216
4774
1288
3051
3862
4098
2011
2837
3247
5099
1288
2147
3521
5095
1936
2130
3919
5070
1798
3008
3400
4623
1832
2989
3080
4723
1832
2398
3565
4442
1960
2947
3652
4953
1936
2190
3630
4251
1027
2964
3856
4120
1936
3065
3496
4711
1960
2082
3496
4249
1920
2552
3304
5049
1288
3051
3862
4498
2011
2801
3784
4661
1784
2818
3094
4774
1798
3000
3513
4583
1820
2297
3148
4331
1952
2404
3756
4921
1936
2079
3393
4510
1998
2818
3142
4849
2015
2188
3585
4763
1952
2347
3715
4701
1288
2792
3818
4864
1221
2964
3835
4157
1104
2869
3177
4318
1610
2655
3148
4367
1291
2133
3856
4774
1636
2476
3849
4974
1920
3035
3462
4522
1808
2147
3800
4456
1057
2259
3338
5071
1982
2212
3976
4862
1998
2830
3766
4720
1588
2837
3572
4422
1993
2421
3652
5003
1936
2268
3491
4763
1882
2546
3468
4802
1998
2397
3685
4852
1808
2186
3800
4850
1491
2989
3887
4892
1955
2579
3826
4770
1952
2862
3630
4850
1982
2525
3182
4245
1952
2147
3766
4105
1703
2720
3621
4422
1882
2933
3783
4852
1968
2455
3942
4973
1263
2119
4055
4132
1057
2916
3462
4318
1955
2938
3111
4117
1491
2964
3684
4892
1839
3007
3511
4248
1952
2949
3183
4397
1982
2268
3684
4175
1993
2638
3800
4132
1857
3063
3800
4898
1703
2394
3148
5113
1857
2164
3187
4790
1955
2314
3729
4318
1960
2628
3580
4483
1808
2276
3585
4720
1857
2800
3800
4393
1905
2628
3869
4882
1966
2724
3800
4919
1905
2628
3257
4422
1966
2925
3474
4422
1905
2947
3770
4221
1952
2276
4016
4168
1905
2276
3095
4422
1882
2276
3888
4720
1947
2343
3883
4133
1291
2421
3171
4379
1709
3063
3488
4120
1839
2992
3384
4389
1993
2568
3997
4817
1936
2601
3507
4703
1945
2638
3787
4226
1998
2279
3526
5045
1263
2407
3576
4260
1746
2703
3500
4324
1982
2398
3672
4715
1558
2601
3729
4901
1920
2186
3209
4673
1798
2219
3270
4164
1857
3065
3340
4899
1743
2148
3344
4974
1746
2642
3531
4331
2011
2147
3945
4384
1057
2359
3649
4954
1857
3008
3888
4285
1955
2579
3657
5087
1291
2228
3753
4997
1798
2219
3389
4855
1966
2057
3223
4460
1743
2638
3256
5050
1998
2811
4055
4399
2015
3008
3576
4662
1057
2175
3933
4957
1857
2649
3521
4855
1945
2573
3216
4185
1839
2544
3088
4647
1798
2219
3148
4621
1966
2628
3495
4246
1759
2309
3442
4278
1998
3047
3933
5097
1886
2186
3333
4498
2010
2175
3619
4679
1519
2740
3522
4416
1886
2097
3098
4334
1291
2419
3933
4864
1057
2552
3526
4194
1209
2407
3495
4287
1287
2266
3671
4983
1920
2552
3251
4272
1993
2359
3375
4373
1857
2798
3234
4899
1993
3000
3690
5038
1998
2815
3202
4484
1588
2443
3585
4855
1057
3000
3487
5096
1788
3008
3270
4194
1287
2613
3970
4402
1291
2887
3933
4132
1798
2818
3503
4659
1966
2628
3710
4855
1759
2771
3488
4285
1998
2274
3933
5096
1788
2953
3270
4560
1886
2735
3185
4376
1179
2224
3459
4418
2035
2863
3621
4882
1547
2945
3933
4720
1589
3035
3557
4955
2046
2800
3951
4578
1054
2936
3965
5059
1955
2314
3623
4221
1547
2897
3783
4363
2035
2631
3747
4150
1857
2694
4032
4501
1955
2922
3088
4318
1905
2544
3111
4221
1966
2119
3904
5110
1895
3009
3880
4774
2035
2724
3933
4314
1801
3041
3950
4546
1709
2506
3198
4322
1998
2992
3525
4744
2015
2986
4090
4739
1746
2093
3856
4934
1905
2930
3504
4852
1979
2057
3951
4600
1291
2949
4032
5094
1759
2717
3576
4624
1835
2981
3474
4436
1694
2148
3724
4703
1835
2398
3982
4715
2015
2986
3383
5029
1594
2443
3778
4936
1317
2647
3740
4274
1720
2455
3976
4593
1104
2869
4094
4412
1720
2591
3876
4835
1317
3065
3557
4845
1317
2873
3205
4819
1622
3050
3521
4120
1955
3009
3507
5011
1747
2936
3327
4921
1567
2577
3620
4903
1764
2830
3223
4434
1759
2788
3309
4445
2015
2321
3600
4770
1287
2809
3576
5116
1759
2851
3571
5090
1291
2445
3689
4834
1057
2986
4000
4106
1857
2133
3618
4864
1998
2478
3367
5094
1369
2802
3916
4490
1664
2208
3587
5029
1998
2462
3232
4972
1993
2905
3721
4283
1354
2208
3847
4114
1161
2962
3613
4817
2001
2890
3260
4700
1315
2945
3177
4752
1996
2208
4038
4219
1057
2161
3366
4750
1925
2925
3598
5047
1998
2796
3401
4819
1979
2881
3357
4431
1299
2119
3459
4817
1998
2753
3716
4817
1993
2817
3177
4903
1291
2214
3333
4255
1831
2986
3482
4355
1291
2887
3647
4812
1835
2881
3730
4105
2001
2531
3347
4817
1291
2979
3862
4454
1057
2278
3862
4812
1949
2535
3618
5042
1998
2161
3098
4914
1369
2465
3252
4586
1291
2811
3280
4613
1955
2330
3682
4860
1968
2627
3737
4104
1949
2800
3716
4604
1299
2800
3591
5024
1808
3059
3313
4613
1905
2278
3348
4613
1857
3059
3478
4215
1966
2945
3393
4961
1884
2421
3764
4876
1949
2466
3728
4839
1264
2535
3158
4124
2007
2292
3340
4613
1179
2631
3760
4284
1714
2851
3938
4454
1714
2753
3763
4817
1969
2916
3428
4586
1369
2295
3387
4960
1291
2430
3491
4456
1998
2574
3252
5087
1029
3059
3292
4931
2001
2252
3788
4296
1558
2645
3087
4104
1263
2627
3491
4608
1287
2279
3384
4269
1759
2740
3191
4119
1839
2938
3372
4903
1057
3059
3296
4465
1481
2820
3530
5041
1920
2642
3436
5103
1369
2721
3409
4324
1264
2721
4065
4817
1998
2096
3270
4454
1979
2161
3880
4928
1317
2762
3741
4119
1206
2182
3900
4676
1588
2259
3384
5045
1299
2162
3704
4948
1882
2153
3751
4814
2008
2661
3372
4424
1998
2822
3576
4322
1979
2272
3576
4269
1291
2564
3881
4810
1979
2510
3768
4269
1918
2117
3647
4856
1291
2259
3274
4269
1694
2097
3237
4421
1513
2673
3630
4454
1835
3035
3237
4397
1694
2284
3673
4961
1291
2279
3985
4856
1746
2765
3647
5077
1714
2704
3384
4097
1920
3063
3591
4269
1369
2267
3642
4574
1637
2262
3409
4586
1714
2927
3712
4800
1714
2292
3256
4752
1263
2801
3162
4656
1206
2980
3422
5063
1743
2212
3137
4500
1291
2274
3634
4725
1057
3044
3292
4537
1914
2132
3530
4681
1998
2563
3621
4559
1369
2262
3372
4961
1291
2262
3557
4725
1998
2368
3500
4500
1993
3044
3500
4885
1291
3000
3810
4260
1759
2953
3744
4659
2015
2345
3982
4972
1835
2800
3476
4770
1759
2793
3385
5011
1588
2274
3768
4500
1057
2525
3209
4704
1955
2986
3078
4542
1968
2869
3699
4812
1949
3044
3454
4120
1651
2470
3371
4970
1435
2516
3831
5054
1216
2097
3965
4715
1047
2762
3183
4215
1874
2260
3738
4717
1669
2809
3591
4828
1179
2877
3367
4456
1947
2936
3311
4656
1299
2176
3890
4948
2006
2388
3710
4971
2001
2419
3297
4526
2028
2228
3671
4254
1519
2549
3859
4446
1409
2964
3335
4831
1874
2352
3684
4553
1348
2638
3436
4301
1791
2986
3622
4582
1703
2549
3419
4725
2008
2360
3477
4949
1920
3059
3772
4440
1057
2925
3622
5108
2028
2847
3136
4861
1998
2162
3585
4676
1689
3050
3672
4564
1886
2767
3950
4226
1209
2964
3514
4715
1993
2443
3157
5009
1291
2769
3377
4416
1558
2456
3618
4678
1291
2889
4048
4296
1759
2626
3947
4119
1291
2591
3642
4415
1057
2811
3223
4622
1291
2691
3684
4346
1798
2793
3380
4754
1857
2877
3162
4254
1998
2964
3632
4131
1291
2626
3660
4640
1798
2079
3454
4321
1585
2544
3157
4120
1886
2531
3585
4770
1594
2762
3270
4931
1886
2186
3191
4640
1206
2775
3715
4143
1315
2740
3389
4416
1720
2724
3638
4869
1291
2888
3690
4451
1798
2979
3454
4376
1481
2883
3844
4839
1709
3032
3114
4727
1291
2279
3621
4985
1886
2147
3418
4640
2001
2941
3296
4750
1044
2942
3977
5117
1998
2090
3335
4862
2015
2238
3390
4755
1746
2949
3133
4560
1714
2320
3495
4501
1287
2574
3133
4489
1291
2887
3706
4942
2006
2949
3747
4559
1585
2883
3177
4353
1315
2638
3724
5011
1998
2626
3804
4221
2015
2156
3880
4559
1057
2093
3724
5003
1481
2564
3710
4640
1558
2883
3209
4822
1104
2869
4053
4576
1696
2949
3335
4931
1949
2300
3847
4337
1759
2818
3478
4826
1835
2980
3141
4997
1179
2972
3737
5042
1914
2531
3284
5059
1481
3035
4053
4955
1179
2549
3933
4931
1607
3008
3198
5056
1547
2616
3715
4460
1589
2393
3335
5109
1991
2515
3248
4889
1417
2800
3365
4373
1368
2515
3869
4611
1547
2791
3651
4599
1607
2330
3950
4919
1966
3032
3205
4751
1905
2452
3087
4654
2046
2881
4053
4645
1348
2054
3837
4737
1998
2980
3380
4165
2015
2330
3982
5096
1057
2117
3883
4184
1291
3043
3919
4132
1558
2964
3817
4999
1188
2268
3413
4927
1798
2403
4053
5094
1206
2484
3166
4144
1035
2531
3500
4315
1998
2054
3772
4900
2015
2276
3576
4835
1057
2531
3296
4334
1317
2419
3495
4866
1720
2619
3237
4925
1291
2887
4032
4890
1696
2986
3335
4872
1291
2989
3651
4578
1759
2701
3976
4678
1998
2949
3778
4625
1949
2869
4032
4613
1798
2102
3856
4184
1291
3043
3738
4576
2028
3026
3136
4346
1291
2800
3634
4350
1979
2986
3154
5011
1206
3043
3647
4604
1791
2897
3198
4382
1998
2320
4000
4527
1104
2869
3950
4382
1167
2467
3657
4534
1317
2993
3365
4384
1558
2182
3940
4882
1920
2841
3576
4456
1993
2707
3880
4898
1585
2331
3743
4109
1905
2881
4032
4439
1877
2224
3622
4485
1215
2510
3200
4739
1369
2830
3772
4604
1998
2093
3268
4839
1709
2268
3675
4601
1682
2642
3088
5095
1217
2443
3525
4113
2010
3063
3453
4974
1291
2309
3237
4676
1159
2467
3828
4977
1682
2989
3987
5029
1369
2581
3389
4903
2008
2741
3634
5009
1886
2253
3919
4328
2017
2330
3945
4346
1979
2579
3943
4866
1675
2266
3111
4150
1849
2443
3945
4869
1998
2351
3244
5040
1791
2939
3237
4236
1369
2525
3166
5108
1949
2887
3888
4890
2006
2609
3795
4371
1920
2314
3690
5087
2025
2646
3887
5095
1638
2941
3787
4826
1979
2986
3747
4221
1029
2938
3352
4907
2008
2224
3976
4583
1886
2300
3182
5011
1291
2926
3742
5043
1831
2097
4053
4860
1831
2272
3843
4239
1694
2607
3715
4431
2008
2695
3582
4431
1949
3008
3987
4260
1991
2253
3514
4170
1947
2887
3418
4145
1348
2346
3373
4751
1209
2677
3741
4866
1585
2793
3325
5003
1709
2972
3699
4559
1057
2632
3292
4845
1217
2672
3674
4814
1703
2054
3868
4431
1291
2632
3981
4234
1057
2168
3454
4227
1291
2626
3363
4398
1837
2126
3368
4949
1759
2788
3907
4767
1979
2655
3737
4502
1881
2512
3674
4221
1217
2781
3880
4221
1638
2793
3699
4224
1287
2351
3576
4559
1746
2868
3945
4221
1217
2627
3672
4168
1436
3000
3188
4890
1758
2639
3945
4813
1703
2443
3754
4447
1369
2823
3297
4977
1638
2223
4055
4922
1595
2360
3431
4413
1093
2559
3837
4802
2045
2161
3431
4662
