228
909
909
789
946
883
189
189
615
340
340
142
181
142
256
625
625
946
352
615
615
615
340
340
624
142
546
481
625
625
946
434
615
615
340
340
482
142
624
256
281
883
946
352
262
1020
699
340
340
624
943
898
148
673
729
946
434
434
232
340
340
370
305
546
370
481
625
883
883
434
370
370
340
340
370
370
297
520
625
625
883
434
434
370
340
340
370
370
370
370
898
625
883
434
434
370
370
340
340
370
370
370
898
318
625
434
434
434
370
340
340
370
370
370
370
625
625
946
434
434
370
388
340
340
370
370
370
898
625
286
434
434
434
370
340
340
370
370
370
399
625
883
883
434
370
370
340
340
340
370
370
370
592
625
946
434
434
434
370
340
340
370
370
370
290
625
625
434
434
434
370
340
340
370
370
370
353
673
625
946
434
434
370
370
340
340
370
370
898
592
625
286
434
370
370
370
370
340
340
370
290
290
673
729
946
189
157
615
615
340
615
615
615
615
615
625
625
946
615
615
615
615
340
340
615
615
615
290
625
946
946
615
615
615
340
340
615
615
615
615
625
625
615
615
615
615
577
340
340
615
898
615
290
625
633
189
434
232
161
340
975
217
217
217
217
625
625
883
434
434
161
217
340
1007
217
217
217
290
625
946
434
434
434
608
340
340
217
217
217
218
625
883
883
84
217
251
20
340
569
217
217
217
802
625
883
434
434
434
600
340
340
217
217
217
217
625
625
883
434
434
600
340
340
217
217
217
217
673
625
883
434
434
232
161
340
340
217
217
217
481
625
583
569
920
924
52
388
340
569
143
290
290
25
415
434
434
434
217
600
340
217
217
217
217
673
625
472
434
434
232
217
340
340
217
217
290
592
92
633
434
434
434
232
340
340
403
217
217
290
673
625
946
434
434
151
217
340
340
217
898
436
592
625
625
946
489
189
615
615
340
864
142
546
297
25
625
883
316
547
615
615
340
340
569
305
546
256
625
625
883
84
615
181
340
340
569
142
546
699
25
625
883
883
84
615
699
388
340
340
864
543
256
25
625
906
883
434
434
232
340
23
410
305
370
520
25
625
883
883
434
370
388
340
569
370
370
181
290
625
729
946
434
434
370
232
340
370
370
370
370
673
625
946
434
236
370
370
388
340
573
1155
2321
3890
4759
1815
2817
3368
4946
1298
2971
4091
5029
1334
3024
4039
5094
1155
3066
3913
4613
1652
2501
3608
4283
1097
2097
3681
4946
1924
2677
3198
5029
1895
2148
3870
4983
1720
2628
3514
4845
1287
2983
3513
4983
1287
2835
3198
5029
1287
2628
3883
4526
1287
2939
3154
4150
1807
2097
3297
4462
1807
2769
4030
4720
1287
2815
3154
4889
1287
2857
3320
5038
1807
2579
3822
4432
1807
2877
3158
4860
1807
2925
3154
4739
1764
2802
3919
4936
1807
2085
3727
5112
1807
2905
3952
5094
1807
2905
3284
4457
1097
2501
3704
4971
1759
2607
3824
4132
1801
2638
3154
4364
1759
3050
3154
4705
1759
3032
3467
4660
1801
3017
3154
4860
1801
2983
3730
4860
1801
2705
3154
4621
1801
2883
4053
4720
1287
2514
4013
4386
1287
2857
3154
4098
1720
2781
3284
5039
1287
2857
3198
4905
1287
2552
4054
4927
1287
3007
3706
4526
1807
2162
3154
4841
1807
2421
4042
5089
1764
2567
3802
4497
1755
2484
3870
4150
1097
2097
3335
5018
1720
2321
3904
4559
1759
2350
3449
4872
1815
3017
3237
4120
1815
2421
3154
4220
1815
2628
3921
4526
1815
2800
3234
5050
1759
2857
3577
4332
1815
2156
3154
4713
1801
2156
3384
4943
1801
2674
3690
4615
1801
3041
3111
5095
1801
3000
3674
4705
1801
2638
3605
4927
1801
2800
3154
4727
1801
3014
3143
4862
1801
2881
3208
5031
1410
2257
3661
4670
1777
2818
3661
4318
1097
2314
3869
4858
1317
2567
3632
4601
1588
2815
3201
4474
1589
3066
3828
4201
1589
2801
3661
4971
1589
2869
3600
4384
2035
2869
4013
5094
1317
2467
3893
4925
1181
2881
3474
4494
1521
2208
3171
5036
1815
2869
3673
4845
1815
2649
3401
4836
1181
2501
4072
4771
1815
2544
3888
4862
1216
2949
4036
4919
1815
2881
3284
4374
1815
2877
3890
4801
1035
2225
3600
4397
1755
2869
3970
4215
2046
2901
3919
4903
1759
2143
3859
4782
1588
2529
3376
4125
1788
3024
3260
4997
1588
2678
3201
4503
1188
2174
3736
4335
1835
2451
3982
4243
1764
2411
3530
5022
1287
2091
3674
4539
1287
2174
3687
4743
1759
2412
3257
4241
1924
2925
3530
5058
1815
2619
3305
4431
1815
2091
3305
4931
1588
2174
3304
4185
1188
2330
3904
4888
1764
2095
3555
4927
1764
2540
3270
4540
1807
2789
3281
5022
1690
2412
3966
4830
1690
2868
3305
4942
1764
2091
3621
4496
1807
2411
3913
4654
1287
2901
4019
4728
1759
2174
3652
4313
1759
2540
3913
4961
1815
3009
3305
5037
1815
2869
3305
4573
1588
2901
3599
4187
1317
2848
3783
4942
1764
2777
3925
4801
1764
2091
3988
4918
1807
2091
3530
4860
1287
2901
3674
4983
1759
2848
3914
4727
1924
2434
3698
4961
1801
2174
3674
4615
1755
2091
3639
5040
1097
2906
3839
4726
1815
2091
3383
4201
1788
2350
4093
4801
1588
3024
3555
4767
1764
2174
3260
5008
1835
2901
3702
4931
1287
2081
3887
4398
1287
3009
3491
4831
1410
2848
3913
4739
1759
2928
3639
4540
1815
2789
3526
4121
1694
2901
4055
4215
1588
2844
3940
4835
1188
2192
3235
4447
1291
2174
3215
5115
1764
2901
3673
5109
1813
2412
3738
4895
1801
3017
3940
4605
1777
2971
3888
4893
1287
2901
3310
4236
1287
2091
3856
4831
1759
2788
3844
4584
1759
2398
4008
5112
1815
2568
3555
4183
1815
2901
3997
5094
1181
2462
3082
4739
1664
2741
3801
5059
1764
2901
3368
4605
1835
3009
3517
4589
1287
3063
3925
4891
1287
2928
3376
4942
1759
3007
3603
4727
1924
3024
4088
4305
1815
2985
3913
4862
1626
2174
3919
4615
1523
2869
3434
4727
1397
3024
3396
4755
1588
2901
3377
4977
1588
3024
3720
4839
1291
2174
3737
4977
1764
2901
3325
5115
1764
3024
3542
4496
1287
3024
3260
4421
1287
2700
3988
4650
1331
2901
3682
4934
1759
2848
3111
4508
1759
2848
3913
4866
1694
2192
4055
4961
1588
2260
4074
4175
1317
2462
3970
4335
1188
3024
3082
4684
1764
2928
3913
4540
1764
2174
3072
4145
1287
2901
4077
4494
2038
2901
3598
4657
1035
2412
3925
4241
1788
2174
3325
4977
1764
2694
3903
4540
1835
3024
3377
5037
1287
2091
3082
5008
1801
2097
3082
4942
1924
2333
3970
5022
1759
2398
3703
4605
1798
3009
4014
4583
1588
2260
3815
5028
1181
2901
4052
4836
1188
2848
3690
4508
1188
2174
3687
5114
1835
2091
3238
4558
1287
2091
3876
4453
1287
2192
3732
4248
1610
2854
3082
5010
1759
2412
3661
4625
1755
2464
3888
4558
1588
2901
3942
4872
1815
2848
4088
4971
1588
2928
3107
4540
1291
3032
3880
4696
1291
2198
3434
4475
1764
2091
3801
4600
1287
2091
3542
4684
1287
2540
3639
5029
1801
2097
3825
4727
1759
2423
3082
5110
1815
2097
3913
4470
1815
2901
4088
4727
1588
2091
3913
4125
1588
2091
4008
4831
1188
2946
3900
4307
1764
2901
4008
5090
1764
2901
3856
4905
1523
2091
3844
5013
1884
2174
3377
4477
1801
2419
3504
5090
1287
3032
3940
4397
1759
2857
3082
5112
1759
2143
4006
4759
1815
2091
3394
5096
1815
2091
3844
4865
1588
3024
3925
4305
1788
2091
3925
4258
1764
2928
3376
4478
1764
2260
3913
4905
1835
2901
3804
4497
1287
2848
3082
4243
1759
2928
3913
4457
1759
2928
3913
4743
1815
2609
3913
4733
1798
2901
3138
4931
1347
2848
4088
4801
1755
2928
3970
4905
1815
2091
3251
5041
1815
2985
3376
4484
1588
2091
4074
5039
1788
3024
3555
4540
1764
3024
3082
4272
1835
2700
3305
4097
1998
2174
3506
5094
1287
2901
3702
4221
1287
2901
3690
4210
1759
2848
3815
4289
1759
2848
3668
4508
1815
2928
3815
4919
1815
2609
3997
4421
1588
2694
3623
5059
1188
2848
3398
5052
1764
2091
3914
4942
1764
2091
3707
5022
1801
2901
4077
4767
2038
2091
3801
4733
1759
2174
4055
5087
1759
2174
3893
4759
1815
2091
4004
4728
1788
2198
3670
4589
1588
2540
3888
4739
1291
2901
3368
4495
1764
2848
3376
4971
1835
2434
3900
4831
1284
2928
3913
4414
1287
2901
3949
4168
1759
2901
3925
4613
1759
2368
3888
4407
1815
2412
4004
4759
1815
2192
3913
4243
1588
2901
3327
4943
1788
2901
3772
4711
1690
2907
3376
4905
1523
2419
3082
4583
1521
3021
3304
4139
1588
2691
3325
4540
1188
2434
3913
4335
1764
2434
3082
4421
1764
2548
3913
4496
1287
2198
3260
4977
1287
2091
3647
4727
1759
2091
3376
4556
1759
2174
3751
4314
1815
2572
3376
4919
1815
2346
3660
4676
1181
3009
3940
5022
1188
2501
3235
4759
1188
2198
3914
4835
1764
3024
4008
4127
1764
2206
3082
4106
1801
2901
3952
4711
1417
2844
3747
4835
1755
2986
3567
4743
1759
2174
3554
4447
1815
2535
3376
5099
1815
2174
4042
4431
1588
2174
3671
5110
1188
2174
3888
4625
1291
2260
3668
5110
1764
2901
3368
5041
1835
2192
3801
4621
1287
2928
3747
4728
1410
2928
3662
4728
1759
2905
3913
4398
1924
3024
4065
4358
1815
2198
3698
4728
1519
2198
3440
4583
1317
2412
3913
4121
1349
2901
4088
5115
1807
2848
3970
4540
1523
2928
3868
4970
1535
2484
3768
4236
1694
2801
3783
4759
1331
2434
3618
4599
1764
3055
3450
5010
1788
3055
3201
4371
2006
2801
3368
4133
2032
2128
3576
4926
1759
2478
3909
5103
1287
2128
3715
4248
1764
3055
3909
4437
1857
2128
3304
4705
1815
2883
3409
4151
1815
2901
3929
4260
1759
2123
3719
5114
1764
3055
3704
4456
1788
3055
3335
4561
1299
2128
3682
4726
1588
2989
3909
4845
1755
2128
3754
5095
1755
3055
3623
5108
2007
3059
3268
4549
1694
2128
3557
4866
1287
2600
3782
4994
1764
3017
3446
4845
1886
2567
3824
4201
1703
2128
3682
4776
1815
2293
3909
4528
1759
2161
3675
5089
1807
2883
3909
5077
1764
2905
3215
4873
1347
2813
3843
4478
1815
2907
3893
4962
1815
2230
3880
4194
1759
2459
3985
4236
1764
3055
3925
4445
1317
2821
3668
4845
1588
2567
4030
4124
1815
2293
3119
4800
1755
2860
3243
4494
2007
2740
3354
4977
1588
2484
3354
4784
1815
2434
3495
4881
1759
2884
3171
5082
1835
2323
3620
4782
1317
2076
3276
4364
1481
2600
3581
4221
1588
2076
3715
4234
1759
2123
3335
4194
1287
2701
3715
4845
1764
2128
3843
4168
1690
2813
3171
4875
2046
2323
3576
5042
1815
3055
3778
4487
1759
2608
3437
4549
1835
2567
3675
4945
1788
2128
3467
4456
1755
2600
3902
4861
1816
2323
3294
4844
1764
2608
3154
5027
1807
2869
3450
4150
2046
2096
3775
4151
1815
2293
3890
4456
1759
2123
3777
5089
1298
2253
3182
4983
1764
2278
3154
4661
1216
2802
3603
4845
1565
2608
3100
4414
1815
2382
3985
4414
1759
2128
3675
4860
1287
3055
3843
5110
2035
2788
3373
4625
2046
2076
3893
4127
1815
3055
3603
4536
1801
2601
3675
4899
1216
2788
3409
4351
1815
2869
3929
4845
2038
2280
3880
4705
1188
2976
4053
4686
1759
2972
3327
5114
1764
2972
3982
4872
1720
2529
3514
4601
1788
3055
3850
4872
1801
2097
3870
4759
1788
2398
4042
5059
1720
3022
3795
4589
1714
2130
3764
4454
1287
2128
3297
4876
1788
2789
3368
4960
2046
2777
3368
4346
1759
2085
3764
5059
1807
2877
3950
4817
2035
2085
3454
4864
1788
2088
3109
4876
1652
2557
4077
4255
1807
3055
4004
4801
1815
2489
3965
4839
2028
2085
3177
4201
1588
2777
3802
4945
1759
2148
3735
4589
1764
2920
3966
4801
1896
2123
3530
4801
1588
2985
3406
4335
1287
2411
3801
5059
1788
2936
3284
4643
2038
2445
3347
4534
1759
2834
3243
4317
1835
2834
3297
5114
1047
2936
3909
4484
1181
2561
3393
4839
1801
2985
3409
5012
1764
2848
3901
5110
1807
3009
3887
4961
1815
2248
3952
4494
1755
2091
3530
5095
1291
2054
3413
4891
1720
2419
3712
4454
1798
2834
3517
4643
1287
2491
3107
4331
1788
2330
4053
4540
2046
2489
3887
4983
1815
2972
3970
4733
1764
2746
3887
4283
2035
2462
3526
4424
1788
2398
3581
4875
1759
2928
3164
4621
1764
3041
3764
5109
2006
3032
3082
4791
1588
2912
3555
5117
1287
2989
3857
4119
1317
2820
4042
5059
1397
2925
3581
4726
1097
2889
3495
4876
1097
2825
3715
4726
1299
2412
3107
4255
1764
2989
3735
4636
1801
2467
3913
4201
1588
2216
3925
4801
1801
2928
3704
4589
1788
2260
3870
4477
1896
2901
3804
4353
1815
2063
3668
4411
1813
2989
4077
4739
1317
3069
3965
4335
2046
2801
3965
4197
1815
2985
3376
4132
1807
2883
3082
4432
2035
3069
3876
4801
1181
3050
3660
4377
1924
2434
3966
4726
1755
2907
3970
4862
1097
2619
3797
4851
1690
2724
3164
4792
1299
2054
3576
4759
1720
2419
3082
4860
1263
3032
3704
4915
1588
2834
3403
5099
1759
2834
3177
4453
1764
2848
4005
4117
1801
2453
4053
4601
1181
2434
3870
4770
1759
3062
4039
4305
1764
2889
3082
4431
1720
2912
3284
5097
1815
2869
3716
5109
1287
2694
3198
4757
1317
2091
3914
4599
2046
2411
3082
4977
1815
2901
3274
4615
1284
2939
3608
4540
1097
2119
4042
4624
1815
2834
3237
4927
1216
2398
3704
4759
1588
2412
3347
4801
1287
2398
3305
4972
1886
3055
3082
4454
1857
2445
3870
4759
1759
3022
3825
4737
1764
2920
3919
4183
1557
2920
3368
4639
1588
2400
3914
5099
1759
2920
3376
4561
1317
2788
3337
4183
1720
2777
3305
4599
1815
2869
3376
4335
1287
2544
3492
4656
1334
2901
3951
4349
1181
2091
3400
4634
1755
2091
3919
4961
1523
2208
3082
5018
2035
2834
3620
5041
1759
2777
3082
4872
1317
2890
3919
4561
1347
2467
3876
4601
1788
3055
4038
4759
1287
2400
3929
4423
1317
3022
3082
4589
2046
2400
3082
4998
1815
2400
3552
4119
1287
2644
3913
4876
1299
2889
3987
4583
2046
2869
3376
4397
1759
2609
3668
4926
1764
2844
3673
4540
1690
2325
3376
4484
1815
2091
3727
5090
1801
2091
3839
4862
1755
2949
3735
4801
1404
2412
3797
4810
1759
2412
3376
5090
1317
2330
3950
4335
1720
3055
3966
4760
1788
2848
3797
5109
1720
2412
3719
4961
1659
2901
3504
4720
1777
2936
3891
4194
1659
3055
3797
4593
1807
2905
3409
4759
1815
2091
3377
4759
1317
2901
3327
4431
1054
2091
3919
4733
1764
2928
3082
5115
1807
2412
3928
4821
1685
2096
3530
4244
1815
2677
3810
4398
1652
2905
3736
5056
1317
2516
4030
5090
1720
2801
3305
4801
1299
2350
3870
4759
1287
2398
3177
4759
1317
2619
4094
4447
1703
2801
3797
5077
1759
2400
3909
4950
1807
2419
3990
4759
1801
2430
3376
5113
1588
2968
3340
4759
1759
2400
3422
4398
1317
2788
3082
5037
1720
2419
3914
4759
1588
2434
3934
4891
1287
2857
3952
4726
1317
2678
4094
4132
1807
2347
3376
4743
1815
2968
3376
5058
1755
2097
3376
4615
1798
3055
3870
4943
1291
2989
3368
4353
1589
2467
3376
4353
1788
2400
3530
4903
1759
2957
3335
4759
1764
2920
3082
4615
1720
2920
3965
5020
1588
2091
3824
4534
1287
3055
3082
4503
2038
2314
3368
4414
2046
3063
3690
4645
1815
3041
4036
4125
1807
2135
3492
4745
1895
2619
3768
4161
1181
2184
4085
4759
1801
2508
3467
4496
1300
2325
3376
4508
2035
2882
3268
4700
1161
2905
3724
4759
1291
2979
3495
4743
1299
2219
3492
4791
1788
2330
3337
4846
1287
3017
3198
4726
1788
2834
3623
4432
1209
2484
3492
4983
1815
2834
3585
5022
1287
2260
3119
4896
1788
2876
3376
4432
2046
2834
3376
4705
1924
2398
4088
4759
1764
2091
3704
4737
1519
2813
3500
4759
1317
2350
3305
4639
1759
2412
3965
4997
1807
2412
3901
4896
1181
2989
3082
4194
1755
2901
3847
4845
1798
2848
3977
4516
1764
3059
3082
4382
1589
2467
3082
4431
1317
2901
3595
5091
1759
2091
3925
4477
1764
2174
3368
4756
1720
2771
3719
4121
1588
3017
3530
4484
1287
2350
3810
5077
1788
2788
3950
4980
1392
2717
3662
4478
1694
2901
3409
4771
1287
2968
3082
4903
1216
2930
3913
4610
1529
2801
3727
4613
1801
2293
3864
5040
1097
2772
3976
4134
1815
2928
3413
4705
1755
2352
3976
4150
1588
2260
3377
5022
1188
2419
3783
5020
1287
2411
3082
5077
1815
2453
3376
4886
1588
2628
3166
4153
1998
2557
3824
5112
1720
2434
3880
4306
1588
2544
3154
4891
1764
2849
3303
4398
1720
2608
3082
4806
1815
2818
4088
4150
1764
2484
3843
4845
1720
3017
3777
4145
1815
3017
3933
5022
1291
2815
3565
4845
2046
2411
3747
4876
1759
2730
4039
4460
1188
2901
3599
4891
1535
2484
3083
4831
1690
2848
3715
4899
1287
2770
3521
4845
2046
3017
3276
4561
1720
2097
3320
4201
1798
2091
3154
4945
1764
2701
3777
4335
2046
2260
3935
4120
1759
2628
3171
4771
1788
2091
4013
5042
1659
2883
3998
4567
1759
2815
3335
4898
1317
2564
3082
4731
1317
2085
3623
4127
1331
3050
3925
4980
1694
2928
3735
4201
1181
2470
4087
4335
1287
2678
4008
4853
1690
2619
3154
4601
1535
2949
3822
4120
1299
2190
3467
4285
1299
2815
3707
4384
1896
2148
3829
4705
1759
2439
3259
5018
1324
2983
4006
4749
1835
2345
3310
4845
2046
2628
3928
4157
1815
2628
3526
4985
1764
2320
3384
4120
1035
2412
3327
4731
1759
3023
3281
4332
1317
2567
3555
4451
2046
2190
3884
4296
1924
2434
3449
4926
1334
2323
3376
4625
1317
2109
3281
4845
1759
2746
3555
4955
1755
2619
3552
4615
1588
2905
3555
4751
1287
2694
3281
4559
1903
2323
3555
4335
1047
3017
3530
4127
1759
3054
4008
5059
2015
2276
3555
4888
1181
3017
3398
4702
1287
2260
3856
4737
1694
3017
3530
4802
1181
3017
3810
4335
1284
2848
3323
4937
1801
3017
3276
4583
1815
2869
3376
4845
1835
2289
3791
4153
1720
2325
3291
4888
1815
2174
3264
4128
1835
2412
3304
4120
1155
2628
3530
4731
1652
3017
3530
4741
1764
3017
3449
4670
1216
2354
3942
4888
1815
2901
3358
4622
1690
2848
3919
4919
1588
2921
3082
4481
1331
2330
3260
4839
1788
2901
3699
4843
1720
2901
3674
4835
1815
3055
3698
4508
1287
2789
3413
4605
1317
2619
3690
4540
2046
2642
3888
5029
1815
2985
3623
5022
1835
2091
3377
4624
1694
2174
3777
4201
1047
2445
3988
4508
1759
2091
3703
4125
1807
2907
3982
5097
1523
2090
3555
5018
1755
2186
3376
4465
1801
3024
3704
4711
1097
2869
3376
4657
2046
2777
3376
4676
1815
2985
3082
4431
1188
2086
3555
4759
2046
3009
3876
5090
1759
3024
3719
4705
1317
2091
4088
4866
1700
2907
3376
4743
1924
2942
3422
5052
1317
3024
4042
4510
2046
2657
3401
5022
1759
2091
3422
4484
1317
2091
3284
5052
1317
2174
3893
4983
1331
2434
3449
4771
1334
2434
3530
4853
1588
2901
3422
4384
1651
2905
3913
4605
1097
2352
3376
4905
1759
2901
3210
4860
1287
2192
3111
4553
1759
3009
3268
4727
1589
2568
3913
4999
1815
2901
3736
4817
1886
2702
3428
4508
1347
2869
3376
5009
1188
2462
3903
4678
1959
3024
3698
4127
1835
2964
3376
4866
1115
2788
3747
5015
1331
3009
3914
4741
2046
2091
3449
4821
1815
2174
3736
4615
1694
2920
3542
4624
1181
2434
3530
4130
1317
2789
3914
4508
1755
2801
3376
4313
1764
2741
3376
4801
1777
2907
3552
4201
1835
2573
3913
4684
1417
2192
3951
4727
1331
2063
3880
5090
2046
3009
3376
4402
1815
2091
3919
4862
1347
2535
3997
4616
1181
2174
3736
4835
1788
2243
3613
4263
2038
2801
3231
4801
1835
3024
3764
4971
1377
2091
4094
4759
