567
909
909
68
712
861
789
619
243
932
657
709
709
837
152
861
861
619
996
690
709
709
35
763
152
415
626
244
515
306
86
121
35
152
152
861
771
619
233
836
506
79
267
152
152
626
626
244
836
836
413
68
954
954
171
372
619
931
542
186
542
455
152
808
415
626
244
244
68
68
68
710
814
861
171
619
619
233
836
836
709
667
954
705
171
619
931
542
817
542
186
542
220
705
861
626
626
244
244
836
68
651
954
861
415
626
947
244
836
836
79
579
954
281
626
729
244
697
836
68
710
68
954
861
415
626
244
244
68
68
68
68
954
861
626
619
233
690
296
709
709
709
368
207
207
796
796
935
810
608
810
651
152
664
626
626
244
697
68
68
68
651
132
861
619
243
945
35
35
657
35
121
152
861
861
619
996
35
763
763
808
152
152
171
415
619
744
641
79
328
65
152
861
861
619
233
145
506
438
808
152
152
802
415
619
233
836
836
181
709
709
709
861
861
619
996
709
709
709
709
709
267
861
415
626
244
836
836
709
709
709
709
861
861
619
145
709
709
709
709
709
152
152
415
626
117
836
836
709
709
709
709
861
619
619
996
709
709
709
463
152
152
152
415
619
996
438
506
35
121
35
837
861
861
619
433
35
438
438
152
152
152
152
861
619
243
996
836
506
121
837
991
861
861
619
889
709
709
709
368
171
207
375
796
796
796
6
810
438
589
152
152
861
619
233
889
68
68
438
438
837
481
861
619
243
657
35
35
463
35
35
861
861
619
619
145
35
35
152
152
152
152
861
619
243
996
662
35
35
35
152
861
861
619
619
244
697
68
68
807
152
152
861
626
244
244
697
836
709
709
438
152
626
626
619
233
296
836
65
152
152
152
415
626
244
244
826
836
709
97
220
705
365
619
233
816
709
709
1006
763
152
861
120
286
244
836
836
836
710
763
601
574
216
619
707
690
594
594
648
152
152
171
415
619
269
141
836
763
517
601
666
724
759
619
446
654
570
59
570
761
294
226
415
910
117
204
18
570
18
790
18
861
619
910
503
385
503
385
385
171
207
796
796
796
702
6
6
438
438
267
152
415
1007
244
155
68
64
64
651
152
861
619
910
945
599
589
589
129
763
12
861
861
619
145
666
1016
763
152
152
573
1694
3026
4073
4776
1188
2179
3274
4927
1924
2126
3868
4931
1334
2531
4088
4484
1835
2115
4031
4945
1924
2949
3486
4170
1748
2135
3901
4889
1155
2709
3951
4926
1521
2589
3464
4615
1397
2939
3739
4538
1284
3021
3745
4314
1334
2801
4077
4494
1653
2177
4077
4747
1252
2638
3727
5118
1157
2274
3987
4170
1252
2748
3891
4962
1150
2788
3782
5052
1981
2694
3782
5118
1653
2717
4061
4934
1653
2813
4008
5052
1298
2694
4008
4170
1157
2619
3108
5118
1397
2350
3698
4787
1397
2097
4008
4747
1487
2869
3868
4858
1487
2925
3526
4170
1487
2649
3662
4720
2023
2813
4042
4860
1252
2325
3987
4539
1653
2162
4008
4955
1298
2879
3725
5079
1981
2801
3966
5118
1653
2411
4008
4601
1252
2097
3727
5118
2023
2694
4061
5118
1628
3050
4009
4170
1690
2788
3613
4127
1652
2589
3259
4864
1077
2869
3885
4615
1631
2351
3339
4828
1981
2905
3208
4862
1155
2589
3111
4201
1150
2889
3933
4747
2023
2325
3698
4860
1653
2889
3893
4747
1252
2411
3950
5114
1748
2694
3750
5118
2041
2350
3782
5015
1748
2694
4072
4311
2041
2325
3782
4311
1900
2748
4009
4810
1345
2700
3952
4810
1487
2813
3891
5069
1487
2907
3698
5114
1594
2905
3470
4926
1331
2249
3724
4829
1780
2059
3608
4201
1924
2612
3360
4414
1748
2788
4042
4170
1653
2728
3495
4862
2023
2825
4039
4460
1653
2907
3904
5118
1858
2135
3997
5058
2023
2813
4008
4601
1628
2649
3869
5114
1298
2162
3935
4625
1924
2788
3891
5114
1397
2889
4039
4201
1327
2769
3595
4357
1418
2516
3077
4999
2017
2589
3094
5074
1924
2528
4008
4539
1981
2869
3933
4201
1924
2949
3876
4589
1748
2135
3526
4170
1298
2788
4008
4889
1653
2869
4042
4654
1653
2944
4008
4931
2023
2883
3526
5114
1653
2869
3783
4950
1924
3071
3268
4858
1807
2694
3747
5097
1870
2121
3830
5001
1485
2489
3879
4472
1651
2514
3869
4345
1857
2905
3268
4613
2035
2818
3903
5066
1347
2800
3259
4132
1347
2818
3783
4172
1347
2800
3580
4983
1991
3041
3950
4611
1481
2815
3736
4221
1895
2276
4004
4271
1628
2976
3933
5115
1723
2907
3818
5112
1835
2484
3997
5058
1397
2210
3482
4862
1429
2424
3095
4210
1273
2219
3339
4139
1899
2439
3527
4230
1694
2876
3845
4967
1404
2699
3704
4926
1653
2116
4088
4751
1248
2274
3997
4132
1331
2781
3198
4927
1181
2620
3782
4950
1155
2445
4039
4484
1331
3069
4072
4889
1188
2956
3526
4132
1653
2088
3704
4720
1924
2150
3854
5079
1868
2545
3727
4843
1816
2905
3366
4134
1653
2498
3850
5042
1192
2879
3439
4546
1653
2141
3268
4862
1181
2216
3868
5110
1331
2746
3893
4201
1334
2801
4030
4601
1181
2717
3715
4747
1924
2746
4088
4484
1981
2788
4042
4934
1653
2642
3904
4601
1924
2889
3987
4962
1404
3050
3268
5041
1685
2925
3914
4739
1782
2854
3807
4686
1268
2589
3531
4429
1327
2397
3299
4376
1521
3021
3985
4706
1991
2397
3208
4611
1317
2813
3933
4625
1181
2330
3338
4817
1759
2979
3632
5110
1991
2781
4039
5115
1995
2777
4052
4835
1515
2350
3576
4274
2023
2979
3839
4145
1858
2990
4039
4201
1653
2699
3982
5015
1777
2165
3653
4889
1755
2629
3468
4606
1181
2589
3915
4389
1218
3021
3715
5068
1931
2090
3830
4765
1188
2234
3559
4386
1324
2311
3343
4132
1248
2871
3795
5114
1298
2992
3839
4786
1181
2897
4063
4873
1155
2525
3268
5012
1899
2880
3704
4654
1188
2147
4008
4955
1777
2545
3715
4705
1298
2989
3486
4606
1958
2257
3094
5069
1077
2593
3410
4720
1397
2788
4094
5036
2045
2142
3611
4831
1334
2721
3698
4538
1334
2942
4042
4747
1981
2612
3704
4786
1181
2879
3747
4927
1252
2942
3526
4889
2023
2869
3747
5114
1858
3012
3782
4201
1981
2741
3268
4853
1157
2925
4061
5012
1628
2467
3386
4601
1097
2619
3901
4349
1397
2694
3928
4955
1397
2907
3747
4170
1161
2962
3924
4134
1188
2715
3781
4494
1188
2144
4042
4853
1298
2484
4077
4861
1835
2199
3259
4906
1298
2897
4008
5058
1696
2126
3987
4201
1924
2965
3386
5029
1694
2581
3647
4601
1324
2581
3284
4860
1181
2956
3935
4858
1977
2957
3360
4970
1404
2567
3924
4749
1685
2869
4077
4749
1327
2890
3299
5029
1429
3021
3202
4861
1051
2219
3149
4538
1899
2708
4039
4274
1167
3034
3360
4678
1345
2528
3966
4747
1835
2699
3727
5029
1181
2147
3966
4711
1696
2126
3893
5099
1334
2855
3325
4460
1298
2240
3839
4955
1188
2907
3727
4170
1694
2130
3795
5068
1155
2885
3736
4747
1334
3026
4077
4927
1284
2883
3979
4977
1664
2589
3440
4606
1652
2940
3872
4484
1248
2216
4077
4908
1298
2717
3502
4104
1981
2984
3906
4494
1324
3069
4042
4201
1155
2949
3868
4170
1334
2638
3486
4860
1298
2411
3868
4201
1188
2147
4008
5110
1324
2964
4008
4601
1248
2216
3901
4601
1686
3026
3608
4522
1975
2252
3715
4349
1425
2754
3213
4224
1161
2978
3872
4767
1975
2638
3094
4793
1287
2862
3891
4494
1291
2957
3982
5057
1798
3050
4093
4216
2046
2885
3684
4534
1801
2677
4091
5079
1807
2484
4088
4860
1317
2801
4088
4950
1815
2717
3715
4949
1349
2748
3268
4771
1298
2126
3764
4889
1981
2694
3987
5068
1911
2907
4061
5118
1846
2351
3872
4137
2012
2300
3440
5018
1331
2630
3872
4733
1298
2274
3300
4349
1345
2544
3497
4478
1181
2661
3987
4763
1924
2897
3698
4145
1298
2411
3952
4197
1334
2781
3904
4927
1155
2869
3166
4601
1181
2216
3997
4821
1924
2097
3869
5094
2023
2907
4008
4830
1487
2467
3673
4861
1535
2084
3785
4419
1958
2206
3979
4659
1363
2905
3777
4962
1487
2788
3662
4221
1762
2325
3777
4170
1363
2788
3725
5052
1130
2961
3108
4311
1157
2961
3891
5118
2041
2350
3891
4747
2041
2961
3987
5114
1859
2788
3904
4962
1900
2907
3782
5114
1859
2325
3750
5058
2041
2649
3893
4934
2041
2248
3935
5015
1419
2788
3952
4830
1487
2905
3885
4496
1172
3021
3613
5012
1487
2350
3885
4858
2041
2566
4077
5052
1363
2097
3750
4934
1363
2907
4061
5114
1762
2350
4061
4934
2041
2350
3893
4858
1859
2985
3750
4170
2043
2788
3727
4962
1298
2209
3673
4927
1924
2325
4055
4971
1324
2694
3893
4934
1903
2746
4079
4431
1755
2545
4094
4983
1327
2250
3830
4981
1397
2715
3300
4101
1232
2905
3439
4861
1232
2741
3952
4962
1628
2859
3966
4755
1628
2944
4008
4934
1628
2564
3952
5110
1155
2694
3747
5110
1252
2411
4072
4830
1252
2350
4079
5110
1454
2467
4008
5015
1899
2801
3824
4747
1981
2249
3464
4755
1487
2709
3887
4861
1652
2801
3872
5028
1487
2905
3495
4934
1487
2889
3613
4201
1150
2360
4079
5118
1748
2905
3987
5114
1748
2177
3750
5114
2043
2907
4061
4934
2043
2748
3987
5052
1628
2694
4072
5012
1155
2746
3893
4962
1298
2126
3284
4927
1252
2399
3940
4625
1324
2552
3891
5058
1155
2216
3891
4830
1284
2589
3704
4636
1327
2527
3270
4914
1769
2080
3662
5028
1780
2964
4077
4889
1924
2463
3598
4861
1924
3069
3526
5015
1924
2147
3673
4770
1324
3069
3891
4934
1653
2350
4042
5052
1181
2879
3880
4962
1181
2879
3725
4934
1981
2801
3880
4747
1981
2801
3750
5114
1981
2694
4008
5118
2023
2907
4077
4861
1397
2781
3268
4539
1397
2788
3753
4714
1397
2746
3891
4927
2023
2097
4077
4494
1252
2829
3979
4615
1924
2746
3891
4170
1252
2097
3750
5012
1252
2097
4008
5052
1252
2985
3526
4934
1653
2097
4008
5052
1653
2985
4008
4962
1653
2694
3526
5114
1653
2694
3108
5052
1653
2801
3966
4311
1653
2905
3997
4934
1327
2535
3866
4887
1284
2463
3780
4446
1404
2424
3500
4320
1345
3065
3839
4497
1404
2699
4042
4349
1298
3063
3727
4943
1298
2967
4042
4601
1298
2525
3704
4460
1298
2097
3727
4983
1331
2879
4072
4927
1924
2097
3891
5110
1924
2097
4008
4889
1924
2985
4008
4889
1924
2949
3782
5118
1924
2949
4077
4931
1397
2080
3504
4361
1397
2080
3504
4931
1397
2147
3885
4954
1181
2589
3885
4615
1181
2879
4077
5015
1181
2956
4008
5052
1981
2801
3880
4747
1981
2869
4008
4858
1981
2907
4042
4983
1981
2813
4008
5118
1981
2788
4008
5118
1981
2746
3725
5015
2023
2788
4088
4905
2023
2936
3750
5114
1594
2531
3782
4145
1631
2589
3868
5116
1327
2604
3712
4981
1835
2457
3924
4198
1188
2589
3772
4710
1181
2642
3495
5118
1981
2869
3236
4592
1981
2813
4042
4858
1981
2788
3987
5012
1298
2907
4008
4384
1298
2484
4061
4384
1298
2989
3727
4889
1155
2746
3880
4962
1924
2746
3893
5015
1924
2694
3782
5114
1924
2463
3893
4905
1397
2126
3880
4770
1397
2463
3526
4858
1397
2080
3504
4720
1653
2350
4008
4962
1653
2889
4042
5079
1653
2869
4008
4601
1181
2889
4008
4311
1181
2907
4042
4615
1181
2956
3698
5012
1981
2869
4008
5052
1981
2801
3987
5114
1981
2813
3935
4926
1157
2944
3782
4830
1188
2889
3901
4615
1188
3034
4079
5029
1397
2445
4042
4690
1077
2200
3662
4981
1397
2484
3893
5015
1334
2283
3952
4201
1748
2869
3868
4414
1157
2694
4054
4460
1334
2484
3268
4934
2023
2883
4042
5114
1252
2985
4008
4962
1900
2564
3880
4962
1653
2484
3893
4830
1252
2889
3824
5052
1748
2869
3526
4889
1900
2907
3893
4962
1157
2788
4042
4889
1397
2949
4042
4934
1397
2956
3868
4714
1397
2514
3802
4296
1748
2905
3893
5118
1157
2869
4077
4311
2041
2985
3750
4962
1748
3069
3893
4889
1748
2642
3987
4858
1252
2649
4072
4962
1653
2869
3952
5012
1723
2748
3940
4460
1104
2935
4042
5058
1317
3026
3807
4829
1851
2979
3933
4460
2015
3063
3880
4412
1298
2815
3360
4889
1327
2437
3712
4361
1652
2516
3232
4967
1981
2516
3176
4494
1685
2642
4077
4861
1924
2135
4008
4962
2023
2889
3747
4414
1981
2949
3893
4170
1252
2097
3750
5012
1454
2619
3198
4747
1653
2350
3727
5058
2023
2097
3750
5012
1454
2325
3891
4170
1924
2350
4008
5118
1748
2788
3782
5118
1397
2801
3715
4747
1397
2097
3704
5052
1397
2956
3356
5015
1653
2905
3526
4927
2023
2135
4077
5114
1157
2907
4077
4170
1924
2216
4061
4962
2023
2771
3727
5015
1653
2869
4008
4601
1252
2855
3467
4601
2023
2325
3750
5118
1412
2986
4091
5039
1975
2545
3109
4678
1425
2643
4013
4273
1299
2989
3268
4557
1359
2978
3368
4201
1218
2978
3872
4714
1651
3041
3260
5013
1485
3005
3558
4201
1097
2105
3725
4801
1690
2148
3368
5089
1690
3050
3398
4747
1801
2989
3909
4801
1788
2781
3719
4770
1981
2321
3486
4950
1496
2567
3284
4770
1807
2989
4042
4889
1104
2430
3500
5009
1192
3038
3881
4346
1780
2059
3704
4468
1652
2147
3845
4746
1460
2179
3917
4886
1594
2589
3885
5110
1331
2457
3613
4971
1181
2620
3839
4830
1188
2864
4008
4945
1404
2573
3088
4905
1924
2126
3712
4770
1780
2717
4054
4615
1188
2801
3747
5114
1181
2879
3935
4720
2043
2961
3747
4889
1298
2484
3647
5058
1298
2907
3824
5115
1653
2589
4091
4733
1077
3058
3798
4349
1172
3021
3613
4601
1487
2135
3704
4414
2023
2905
4061
4201
1157
2350
4008
4311
1900
2788
3268
4769
2043
2325
4042
4769
2041
2135
3891
4962
2023
2889
4061
5118
2041
2350
3893
4962
2041
2788
3824
4934
1762
2592
4061
4311
1900
2788
3782
4962
1157
2907
4009
5114
1487
2411
3613
5052
1487
2985
3891
4494
1487
2905
3885
4950
1487
3058
4088
5114
1363
2325
3750
4934
1363
2350
3750
4414
2041
2592
3108
4962
1363
2788
4072
4858
1900
2788
4061
4170
1454
2990
4061
5011
1155
2825
3952
5058
1298
2411
3704
4983
1924
2531
3935
5118
1981
2791
3676
4983
1181
2889
3268
4615
1345
2771
4008
5029
1327
2555
3753
4981
1397
3071
3872
4670
1397
2781
3782
4351
1653
2949
4088
5114
1150
2905
4072
4858
1900
2788
4061
5015
1762
2350
4061
5118
1157
2885
4042
4747
2023
2985
4008
5114
1157
2961
3750
5118
1762
2472
3782
4311
1157
2985
3750
4889
1252
2135
3674
4934
1628
2788
3824
4539
1352
2589
3357
5011
1460
2179
3780
4468
1059
2512
3979
4861
1298
2404
3662
4782
1835
2199
3313
4615
1298
2528
4008
4830
1780
2439
3704
4967
1924
2967
3747
4962
1324
3069
3966
4201
1324
2082
3464
5052
1181
2907
4042
4615
1748
2314
3526
4967
1298
2224
4079
4853
1780
2879
3893
4962
1377
2511
3454
4862
1397
2442
4055
4917
1327
2236
3780
4956
1206
2958
3883
4790
2015
2255
3872
4401
1248
2274
3997
4967
1298
2097
3924
4384
1181
3069
3526
4934
1248
2907
3901
4967
1298
2097
4008
5110
1181
2879
4088
4934
1628
2350
4008
4962
1252
2097
3495
4201
1748
2869
4061
5012
1653
2484
3987
5052
1298
2949
3824
5094
1397
2411
3824
4835
1651
2535
3598
4324
1397
2717
3300
4586
1628
2210
3440
4494
1628
2907
4008
4494
1748
2177
3893
4539
1748
2165
3698
5012
1456
3069
4061
5015
1252
2619
4008
4889
1252
2907
4061
4889
1628
2949
3891
5012
1748
2748
3891
4962
1232
2748
3727
4460
1334
2769
4042
4625
1998
2879
3887
5068
1284
2514
3986
4468
1769
2958
3635
4282
1581
2887
3149
4625
1334
2369
3446
4414
1835
2949
3104
4962
1331
2126
3724
5048
1181
2179
3966
4145
1155
2445
3377
5057
1331
3069
4072
4747
1981
2801
3966
5118
1653
2411
3893
4962
1924
2746
4088
5115
1981
2771
3987
4601
1181
2484
3715
4170
1331
2248
3598
4972
1753
2760
3830
4469
1327
2445
3258
5008
1331
2500
3410
4349
1334
2147
3454
4539
1181
2216
3987
4955
1331
2455
3777
5110
1685
3069
3868
4460
1181
2314
3268
5012
1192
2879
3398
4927
1653
2619
3454
4927
1324
2060
3782
4351
1404
2989
3495
4860
1903
2325
3335
4950
1653
2936
3398
4934
1755
2525
3613
4349
2012
3021
3260
4791
1104
3001
3506
4883
1298
2940
3715
5095
1334
2439
3880
4615
1653
2869
4008
4926
1298
2126
4088
4889
1899
2879
4061
4919
1181
2199
3982
5052
1298
2097
3727
5110
1748
2325
4079
5114
1181
2985
3268
4615
1298
3069
3268
4977
1801
2717
3398
4201
1077
2803
3156
4401
1284
2693
3802
4351
1109
2707
3574
4726
1521
2589
3190
4258
1298
2715
3300
4349
1232
2700
3356
4755
1521
2360
3363
4893
1284
2859
3104
4771
1397
2738
3697
4969
1652
2209
3872
4874
1397
2581
3231
4145
1653
2210
3598
4934
1155
2638
3704
4755
1694
2694
3673
4723
1581
2506
4000
5090
1924
2748
3965
4678
1298
2459
3966
4676
1864
2142
3104
4690
1327
2463
3077
5029
1807
2206
3925
4844
1807
2712
3867
4344
1884
2567
3900
4977
1858
2452
3914
4934
1628
2224
4072
5114
1456
2411
3951
4311
1456
2452
3987
5114
1628
2694
4072
5012
1252
2649
3893
4170
1417
2579
3899
4431
1981
2800
3751
4346
1714
2733
3649
4687
1519
2245
3735
4221
1652
2536
3095
4435
1327
2930
4065
4833
1931
2958
3925
5018
1892
2260
3104
4771
1788
2996
3644
4561
1588
2612
3552
4306
1815
2326
3552
4336
1690
2275
3736
4856
1287
2833
3900
4942
1690
2993
3795
4942
1690
2631
3368
4914
1690
2198
3095
4243
1519
2185
3941
5030
1816
2350
3536
4583
1217
2224
3422
4687
1327
2340
3299
4856
1860
2589
3363
4379
1051
2529
3527
4872
1291
2717
3687
4243
1404
2321
3547
4657
1404
2640
3304
4541
1404
2289
3988
5087
1287
2678
3368
4751
1287
2741
3367
4687
1287
2741
3311
4449
1287
2738
3810
4773
1331
2470
3506
4927
1331
2276
3988
4825
1720
2412
3810
4733
1652
2470
3942
4788
1327
2986
3405
4853
1652
3021
3843
4500
1759
3044
3682
4269
1815
2320
3095
4120
1815
2619
3913
4232
1588
3069
3959
4335
1588
2694
3675
5049
1317
2350
3675
5049
1788
2801
3843
5049
1317
2946
3893
5049
1317
2801
3747
5049
1764
2330
3653
4112
1975
3066
3830
4349
1975
2201
3213
4341
2012
3021
3753
4644
1535
2956
3469
4714
1651
2459
3613
4127
1216
2788
3891
4860
1287
2434
3307
4983
1690
2148
3782
5047
1801
2148
3893
4308
1801
2148
3935
5052
1801
2097
3810
4858
1924
3050
4090
4771
1924
2619
3876
4926
1924
2350
3935
4835
1653
2097
3901
4835
1519
2696
3970
5031
1059
2615
3598
4879
1367
2518
3819
4487
1780
2177
3149
5041
1324
2926
3726
4414
1181
2175
3868
4384
1181
2725
3837
4755
1181
2178
3997
4905
1345
2869
3868
4490
1188
2171
4088
4903
1188
2764
3533
4921
1404
2060
3837
4711
1404
2741
3777
4776
1404
2661
3839
4431
1298
2279
3284
4926
1628
2905
3868
5114
1077
2369
3290
4349
1397
2179
4088
5036
1397
2801
3182
4876
1298
2484
3824
4320
1653
3050
3777
4962
1803
2907
3824
4931
1911
2135
4087
5110
1157
2248
3603
5115
1419
2788
3777
4351
1419
3022
3777
4858
1803
2788
3725
5115
1803
2325
3891
5115
2043
2350
3782
4170
2041
2985
3904
5015
2041
2411
4077
5114
1487
2788
4008
5015
1172
2208
3260
5036
1487
2350
3885
4670
1150
2905
4061
4962
1363
2788
4077
4889
1371
2788
4054
4170
1371
2649
3869
5118
1371
2350
3297
4919
2041
2748
3108
4747
1281
2788
3725
4747
1252
2162
4039
5118
1188
2162
3296
4747
1298
2126
3834
4132
1112
2457
3401
4650
1284
2516
4004
4414
