228
909
448
376
143
1006
376
792
302
181
448
432
556
451
297
255
708
914
389
841
816
886
816
449
816
539
816
944
816
792
780
944
780
792
792
792
451
792
451
792
666
666
666
678
679
792
451
601
601
972
574
241
269
654
269
611
446
792
266
266
266
361
266
361
266
792
266
361
577
266
361
666
375
666
666
428
679
588
679
361
679
428
666
939
356
269
654
446
428
428
872
428
872
428
166
872
361
361
266
361
266
428
141
972
605
803
269
269
654
792
464
792
601
601
972
666
803
803
269
611
269
428
446
428
872
428
361
872
361
872
361
872
428
361
872
428
141
361
679
166
679
143
679
752
679
972
679
375
605
803
269
611
446
428
446
428
872
428
872
361
872
361
266
361
577
679
679
792
679
361
375
939
803
269
361
361
872
872
361
266
361
266
361
266
302
451
944
451
792
451
816
816
375
816
361
780
463
780
792
312
865
666
803
707
490
679
679
915
679
679
361
269
356
767
269
803
269
361
872
872
611
872
141
792
645
972
700
700
972
700
464
700
972
574
574
803
269
361
446
361
266
361
266
361
361
269
361
266
361
266
266
361
266
647
266
792
266
792
532
95
645
950
700
972
574
803
939
803
269
361
446
792
872
428
872
428
872
872
168
266
654
266
654
266
361
266
792
299
603
405
603
266
361
266
361
645
594
574
792
354
816
816
816
181
780
780
780
752
792
666
803
666
803
269
285
700
972
700
792
792
601
601
605
803
269
428
269
428
364
266
647
300
914
451
285
679
302
725
763
763
666
356
906
269
654
872
2
872
134
872
611
792
141
269
134
266
266
361
266
361
266
361
181
964
266
361
141
140
645
950
700
972
574
939
269
269
654
446
584
792
266
792
266
361
405
944
266
792
972
700
700
792
1006
605
939
269
654
446
2
872
76
147
543
669
800
275
168
707
654
717
950
717
393
299
393
386
393
338
73
440
393
386
393
338
393
338
743
586
317
47
978
137
302
137
302
922
943
621
133
312
460
848
478
834
459
492
492
492
586
500
284
338
492
328
181
86
725
73
312
460
67
460
988
623
647
593
364
752
354
763
12
989
678
678
271
704
183
704
1015
155
805
338
1015
86
792
464
42
1015
1015
338
921
86
19
168
241
490
704
282
155
246
1489
2346
3517
4603
1867
2432
4036
4283
1828
2857
3310
4904
1175
2492
3123
4622
1764
2246
3607
4457
1519
2346
3529
4895
1867
2936
3512
4621
1626
2506
3526
4197
2028
3071
3966
4111
1867
3022
3485
4676
1519
2818
3802
4508
1452
2579
3716
4862
2001
2758
3522
4696
1669
2604
3909
5045
1867
3022
3906
4307
1519
3022
3909
4387
1925
2487
3280
4652
1448
2333
3327
5112
1519
2350
3928
4157
1867
2064
4065
4892
1519
2728
3790
4270
1764
2111
3237
4210
1867
2936
3504
4881
1519
2082
3425
4726
1564
2351
3704
4511
1878
2527
4063
4536
1814
3070
3488
4593
1409
2424
3329
4387
1828
2360
3887
4707
1862
2869
3443
5072
1348
2712
3329
4352
1828
2214
3834
4403
1354
2616
3517
5023
1846
3021
3202
4755
1583
2607
3208
4285
1410
2877
3428
4859
1800
3021
4064
4320
1862
2383
3210
5025
1782
2604
3439
5025
1824
2498
3288
4918
1409
2424
4038
4358
1939
2703
3288
5020
1753
3065
3570
4706
1867
2716
3822
5042
1354
2645
3219
5036
1939
2453
3819
4435
1636
2097
3556
4337
1564
2716
3442
4918
1925
2716
3502
4267
1743
2137
3963
4472
1426
2665
3177
4714
1588
2137
3877
4293
1669
2407
3210
4740
1291
2487
3078
4352
1636
2137
3218
4754
1291
2884
3419
4810
2001
2351
4084
4145
1968
2884
3856
4621
1857
2980
3269
4485
1759
2884
3786
4684
1925
2360
3763
4387
2045
2457
3798
4096
1681
2703
3636
4151
1480
2424
3473
4421
1703
2214
3104
4770
1167
2677
3352
4111
1920
2965
3671
4709
1998
2916
4064
4922
2006
2964
3257
5112
1759
2324
3265
4528
1410
2817
3443
4358
1166
2949
3210
4664
1166
2879
4004
4667
2012
3070
3682
4486
1535
2869
3265
4429
1418
2498
3558
4648
1211
2224
4056
5106
1749
2404
3949
4387
1973
2833
3154
5050
2045
2465
3598
4285
1597
2638
3598
4859
1728
2915
3980
5106
2045
2051
3260
4641
1597
2610
3525
4489
1209
2728
3598
4665
1664
2700
4084
4900
1996
2916
3869
4836
1664
2700
3859
4705
1636
2555
4084
4469
1206
2723
3329
4349
1896
2704
3598
4349
1410
2936
3142
5050
1709
2594
3120
4242
1993
2521
3098
4539
1110
3063
3310
4327
1828
2996
3104
5025
1746
3023
4005
4931
1564
2644
3598
4751
1886
2700
3154
4337
1410
2767
3351
4129
1636
2177
3558
5043
2006
2535
3598
4123
1925
2360
3979
5056
1788
2700
3297
4676
1215
2371
3198
4586
1094
2890
3265
4325
1587
2467
3414
5034
1831
2727
3915
4544
1387
2529
3307
4339
2001
2219
3422
4926
1094
2862
3231
5007
1746
2644
3694
4537
1784
2612
3605
4283
1886
2726
3590
4770
1969
2633
3447
4770
1215
2921
3414
4419
2010
2801
3389
4419
1973
2404
3215
4371
1784
3039
3599
4137
2011
2849
3694
4706
1669
2802
3878
4379
1094
2213
3780
4790
1896
2085
3265
4390
1403
2775
3443
4881
1993
2942
4003
4526
1501
2596
3795
4794
1128
2776
3780
4230
1683
2231
3201
4102
1975
2231
3722
4632
1504
2849
3531
4391
2047
2084
3271
4820
1683
2996
3324
4750
2018
2231
3202
4621
2018
2084
3149
4328
1081
2340
3324
5080
1081
3047
3531
4361
1824
2293
3123
4210
1424
2610
3873
4826
2044
2890
3752
4285
2044
2098
3101
4941
1824
2950
3337
4122
1957
2950
3215
4897
1874
3062
3611
4516
1877
3053
3611
4772
1075
2589
4033
4870
1674
2663
3126
4113
1606
2663
3790
4427
2044
2703
3611
4571
1436
2430
3215
4593
1961
2589
3418
4349
1950
3011
3815
4230
1348
2589
3694
4309
2008
2703
3611
4553
1583
2691
3098
4352
1896
2977
3148
4720
1940
2249
3737
4338
1635
2700
3234
4914
1800
2323
3663
4905
2047
2447
3141
4236
2018
2447
3611
4600
2044
2447
3611
4772
1882
2595
3503
4137
1104
2323
3611
4391
1882
2841
3206
4936
2028
2863
3828
4283
1914
2133
3215
4792
1949
2300
3137
4469
2046
2489
3592
4915
1583
2856
3777
4690
1940
2156
3582
5036
1939
2986
3864
4543
1936
2720
3261
4805
2044
2630
3104
4391
1152
2340
3641
4751
1722
2121
3078
4120
1881
2814
3428
4358
1475
2732
3738
4497
1152
2051
3651
4432
1291
2589
3651
4242
1209
2915
3459
4598
2006
2063
3611
4866
1351
2548
3215
4928
1109
2436
3611
4247
1396
2259
3324
4382
1975
2589
4081
5070
1166
2548
3947
4382
1878
2293
3074
4250
1878
2403
3569
4567
1718
2525
3569
4390
1878
2423
3977
4193
1109
3062
3598
4285
1109
2772
3598
4110
1109
2574
3977
4429
1424
2418
3211
4874
1365
2405
4003
4416
1109
2849
3458
4826
1878
2910
3977
4332
1604
2340
3977
5100
1878
2230
3124
4427
1878
2849
4050
5066
1932
2849
3469
4954
1535
2230
3633
4983
1878
3007
3588
4260
1984
2253
3232
4264
1564
2244
3977
4378
2028
2423
4003
5041
1969
2244
3542
5112
1755
2628
3952
5112
1626
2791
3303
4695
1669
2788
4039
4906
1635
2672
3111
4562
2038
2467
3952
4615
1985
2589
3653
4934
1867
2097
3843
4444
1991
2253
3997
4349
1597
2093
3888
5097
1801
2700
3694
4483
1931
2575
3636
5090
2032
2722
3187
4176
1635
2883
3478
4827
2008
2905
4010
4424
1583
2064
3878
4820
1939
2257
3657
4370
1065
2196
3404
5010
1449
2475
3169
4791
1535
2294
3590
5100
1237
3062
3523
4134
1878
3007
3275
4908
1237
2312
3276
4358
2024
2192
3201
4410
1348
2769
3916
4725
1513
2663
3864
4269
1806
2915
3943
5074
1812
2663
3912
4739
1237
2776
3784
4312
1874
2290
3460
4804
1824
2290
3835
4516
1237
2467
3389
4651
1824
2290
3907
4195
1824
2102
3169
4116
1609
3062
3959
4328
1609
3062
3959
4864
1950
2625
3590
4312
2024
2989
3977
4725
2024
2181
3503
4996
1500
3023
3449
5097
1982
2359
3376
4137
1828
2359
3376
4474
1828
2853
3399
4903
1206
2635
3293
4554
1448
2320
3098
4939
2045
2701
3373
4647
2045
2180
3523
5038
1947
2590
3523
4873
1947
2837
3523
4537
1905
3008
3293
4349
1800
2723
3443
4866
1938
2115
3523
4562
1938
2589
3841
4763
1936
2738
3603
4390
1936
2756
4041
5026
1832
2283
4041
4922
1832
2596
4033
4824
1963
2772
3565
4789
1963
2415
3399
4593
1952
2882
3915
4419
1940
2192
4041
4928
1952
2712
3293
4210
1940
2936
3368
5070
1968
2561
3553
4906
1925
2565
3523
4691
1950
2723
3215
4502
1950
2723
3668
4140
1564
2589
4041
4519
1564
2290
3535
4278
1583
2632
4041
5095
1519
2796
3887
4469
1882
2276
3807
4432
1448
2506
3736
4442
1448
2939
4053
4751
1448
2771
3166
4477
1857
2703
4079
4100
1968
2922
3340
4516
2028
2936
3598
4985
1622
2862
3368
4654
1925
2907
3557
4739
1862
2429
3800
4150
1535
2968
3672
4510
1535
2276
3903
5030
1732
2944
3413
4937
1964
2735
3215
5036
1666
2340
3880
4616
1755
2442
3570
4681
1931
2874
3570
4374
1788
2249
3822
4821
1896
2168
3324
4494
1886
3062
4079
4938
1622
2986
3690
4934
1824
2908
3934
4905
1412
2666
3758
4670
1519
2261
3864
5093
1828
2478
3981
5108
1948
2549
3432
4189
1837
3011
3122
4242
1555
2703
3260
4599
1629
3035
3672
4705
1262
2771
3260
4363
1206
2580
3847
4755
2008
2466
3970
5029
1968
3029
3603
4919
1886
2628
3672
5007
2046
2284
3985
4150
1925
2735
3573
4324
2032
2936
3976
4324
2008
2307
3260
4998
1636
2525
3494
4539
2008
2300
3740
5050
1892
2084
3740
4620
1980
2397
3260
4897
1819
2514
3208
4155
1534
2390
3324
4370
1782
2897
3640
5050
1427
2290
3256
4153
1915
2415
3925
4866
1565
3054
3185
4469
1674
3035
3805
4217
1455
2181
3580
4678
1596
2331
3608
4789
1270
2849
3512
4381
1745
2050
3366
4772
1753
2596
3588
4289
1166
2947
3428
4602
1800
2610
3559
4259
1979
2654
3916
5050
1743
2610
3343
4398
1418
2549
3439
4281
1403
2525
3980
4217
1429
2887
3502
4554
1713
2610
3741
4794
1846
2340
3191
5041
1059
2057
3663
4722
1932
2424
3488
4143
1789
2863
3263
4841
1059
2340
3659
4469
1797
3058
3559
4536
1825
2610
3106
4536
1825
2589
4018
4928
1327
2938
3799
4667
1429
2715
3641
5036
1797
2875
3895
4552
1480
2589
3724
5025
1635
2390
3169
4348
1558
3070
3557
5108
1980
3070
3831
5033
1489
2565
3169
4575
1353
2374
3092
4398
2024
2618
3363
4489
2024
2618
3439
4754
1270
2972
3319
4826
1424
2122
3637
4380
1839
2596
3383
5047
1945
2514
3995
4702
1794
2905
3177
4974
1636
2465
3611
4893
1892
2905
3293
4987
2001
2989
3822
4562
1968
2962
3073
4558
1491
2050
4020
4469
1867
2259
3598
5107
1831
2877
3389
4411
1839
2730
3523
4377
1949
2616
3107
4414
1892
2962
3442
4893
1206
3038
3559
4972
1035
3015
3738
5094
2001
2259
3611
4330
1636
2589
3722
4672
1636
2290
3478
4881
1886
2388
4024
4422
2008
2837
3399
4408
1945
2837
3297
4641
1949
2224
3335
4641
1048
2714
3733
5022
1966
2944
3928
4807
1558
3065
3308
4316
1969
3035
3078
5058
1914
2156
3815
4720
1882
2868
4024
4978
1564
2501
3234
4330
1674
3069
3542
4826
1797
2271
3662
4681
1674
2249
3980
4428
1797
2897
3706
4883
1635
2610
3883
4560
1789
2424
3592
4732
1797
3058
3106
4398
1218
2083
3979
4874
1797
2572
3088
4784
1896
2818
3815
5007
1963
3062
3632
4444
1963
2832
3305
4469
1820
2499
3305
4767
1820
2789
3509
4122
1820
2462
3368
4714
1820
3058
3149
5042
1896
3000
3815
4122
1945
2271
3502
4137
1666
2501
3780
5005
1392
2156
3516
4188
1351
2935
3694
4314
1982
3062
3854
4217
1820
3062
3422
4894
1491
3062
3919
4217
1221
2771
3854
4616
1940
2703
3977
4432
1583
2083
3291
4952
1637
2930
3551
4403
1178
2257
3414
4377
1436
3015
3551
5045
1669
2134
3919
4763
1828
2822
3073
4743
2045
2857
3540
4957
1812
2996
3365
4743
1996
2393
3783
4743
1982
2484
3751
5093
1161
2365
3504
4806
2011
2915
3383
4510
1764
2619
4000
4496
1409
2337
3502
4711
2046
2628
3855
4496
1746
2628
3310
4291
1409
2964
3883
4496
1837
2224
3945
4496
1703
2579
3473
4915
1949
2219
3323
5078
1882
2332
3980
4127
1167
2489
3074
4496
2006
2700
3837
4814
1519
2944
3552
4496
1104
2986
3398
4381
1585
2890
3310
4496
1555
2996
3073
5108
1940
2443
3188
4763
1931
2324
3329
4788
1825
2857
3431
4933
1867
2905
3383
5034
1892
2874
3187
5050
1886
2359
4067
4751
1481
2796
3200
4554
1947
2800
3822
4943
1535
2267
3847
5072
1535
2478
3368
4702
1535
2833
3188
4768
1732
2276
3410
4654
1830
2340
3210
4567
2003
2915
3966
4636
1755
2789
3783
4987
1996
2333
3095
5017
1583
2192
3154
4853
1896
2293
3791
4215
2001
2462
3276
4176
1554
2857
3198
5022
2025
2354
3385
4810
1368
2965
3394
5118
2025
2330
3333
5025
1746
2276
3307
4622
1627
2915
3111
4553
1612
2309
3815
4512
1950
3062
3663
4168
1914
3047
3941
4487
1167
2318
3834
4477
1583
2811
3997
4316
1218
2703
3095
4852
2003
2525
3458
4593
1931
2883
3979
4278
1652
2936
3662
5041
1831
2467
3304
4103
1892
2905
3777
4810
1558
2484
3309
4436
1857
2262
3633
4972
1914
2276
3739
4184
1403
2061
3559
4547
1535
2407
3348
4667
2045
2249
3888
4424
1564
2663
3460
5022
1806
2457
3368
4567
1094
2467
3976
4567
1480
2723
4033
4567
1636
2328
3169
4347
2008
2340
3541
4567
1728
2589
3883
4739
1210
2340
3215
5011
1857
2772
3183
4782
2024
2604
3103
4457
1892
2859
3456
4119
2025
3017
3715
4436
1094
2453
3400
4599
1867
2608
3452
4810
1824
2134
3724
4705
1711
2590
3506
5005
2046
2628
3966
4862
1675
3009
3469
4852
1519
2649
3976
5025
2046
2936
3916
4705
1979
2944
3188
5108
1815
2672
3389
4705
1991
2323
3739
4184
1666
2968
3876
4705
1626
2623
3473
4215
1526
2833
3931
4738
1597
3062
4043
4242
1621
2589
3542
4530
1684
2663
3124
4841
1058
2340
3324
4451
1294
2837
3324
4361
2018
2467
3895
4886
1406
2930
3682
4429
1878
2910
3215
4637
1604
2767
3324
4637
1938
2663
3652
4897
1938
2663
3917
4897
2014
2910
3324
4699
2014
2953
3324
4194
1211
2663
3914
4994
1479
2331
3502
4102
1509
2603
3663
4253
1784
2291
3171
4352
2011
2293
3511
4657
1369
2293
3520
4137
1406
2293
3817
4836
1067
2152
3622
4469
1588
2993
3611
4246
1747
2787
3977
4227
1027
2930
3276
4137
1027
2511
3583
4843
1936
2663
3210
4820
1429
3065
3800
4223
1784
2749
3822
4442
1820
2799
3611
4389
1820
2897
3611
4531
1820
2290
3583
4337
1945
2090
3854
4197
1945
2447
3795
4559
1820
2589
3205
4692
1409
2930
3189
4189
1832
2978
3531
4988
1565
2423
3189
4217
1270
2164
3668
4536
1982
2663
3919
4166
1945
2937
3583
4257
1936
2986
3710
4122
1359
2462
3080
4361
1597
2340
3764
4728
1789
2084
3553
4283
1403
2084
3149
4559
1429
2926
3188
5028
1429
2514
3945
4468
1565
2663
3439
5036
1828
2340
3276
4098
2045
2691
4006
5018
1584
2359
3324
4283
1237
2947
3669
4916
1996
2290
3995
4856
1445
2568
4029
4469
1438
2351
3320
4210
1837
2547
3469
4760
1480
2947
3334
4539
1555
2306
3981
4774
1330
2246
3800
4243
1705
2492
4073
4128
1660
2705
3633
4625
1206
2510
3921
4915
2001
2818
3469
4314
1555
2720
4081
4295
1705
2972
3611
5039
1973
3047
3706
4430
1409
2964
3148
4821
1950
2371
3291
4979
1585
2800
3671
4838
1094
2925
3751
4128
1949
2388
3663
4469
2008
2313
3098
5022
1886
2460
3820
4713
1635
2800
3365
4274
1996
2796
4073
4971
1973
2511
3872
4816
1925
2837
3949
4352
2045
2717
3351
4508
1263
2498
3639
5097
1409
2906
3190
4216
1392
2238
3632
4841
1380
2684
3512
5083
1867
2669
3317
4917
1067
2447
3304
4666
1081
2143
3866
4743
1081
2401
3434
4432
1820
2447
3551
4562
1820
2149
3178
4826
1952
2434
3669
4860
1263
2391
3813
4586
1288
2143
3300
4496
1982
2626
3305
4774
1221
2351
3531
4802
1820
2090
3291
4496
1952
3054
3834
4808
2011
2544
3937
4392
1027
2143
4059
4481
1288
2821
3305
4337
1081
2979
3951
4690
2027
2610
3193
4717
2011
2915
4059
4763
1564
2682
3572
4487
1985
2436
3178
4616
1920
2945
3985
5004
1808
2647
3670
5067
1637
2351
3826
4591
1669
2423
3918
5093
1606
2796
3566
4396
1636
2568
3567
4475
1669
2492
3304
4732
1747
2572
3088
4692
1973
2972
3724
5030
1094
2628
3706
4942
1288
2266
3743
4241
1839
2499
3245
4774
1094
2986
3729
4751
1973
3043
4030
4705
1862
2430
3598
4234
1674
2758
3533
4474
1985
2499
3147
4731
1209
2061
3843
4176
1519
2906
3839
4391
1832
2224
3976
4980
1770
2354
3096
4324
1587
2623
3158
4853
1409
2102
3997
4240
1682
3000
3394
4755
1746
2665
3955
4770
2006
2436
3402
5029
1973
2800
3998
4765
1315
2579
3261
4407
1973
2337
3807
4702
1758
3015
3551
4233
1606
2715
3335
4281
2006
2937
3205
4328
1945
2953
3775
4193
1179
2874
3171
4894
1759
2168
3734
4862
1746
2604
3242
4412
2006
2972
3333
4862
1589
2869
3837
4898
1558
2309
3521
5009
1104
2462
3320
4243
1682
2246
3333
4150
1315
2320
3533
4829
1974
2573
3706
4737
1886
2419
3710
4283
1820
2345
3855
4770
1535
2464
3396
4183
1973
2127
3403
4106
1403
2413
3158
4216
1982
2945
3081
4583
1519
2127
3482
4680
1996
2727
3441
4728
2001
2127
3634
4473
1452
2665
3238
4189
1979
3064
3156
4916
1707
2127
3671
4615
1315
2579
3939
4097
1714
2118
3097
4484
1587
2344
3396
4573
1857
3000
4074
4258
1969
2127
3764
4739
1315
2206
3928
4813
1448
2061
3622
5011
1969
2796
3739
5077
1094
2378
3933
4498
2001
2964
3238
5037
1263
2767
3804
4657
1094
2762
3456
4477
1315
2748
3533
4407
1831
2082
3900
4346
2006
2054
3940
4243
1714
3061
3495
4943
1547
2314
3333
4274
1519
2604
3506
5090
1535
2955
3949
4337
1535
2607
3996
4728
1535
2733
4051
5018
1626
3045
3210
4221
1597
2800
3506
5071
1947
2561
3485
4475
1669
2642
3624
4796
1798
2487
3996
4407
1206
2536
3183
4558
1587
2421
3826
4694
1104
2727
3715
4705
1720
2628
3747
4305
1831
2947
3868
4907
1519
2813
3981
4705
1481
2060
3826
4925
2046
2942
3315
4705
2034
2628
3535
4437
1711
2628
3585
4751
1947
2379
3990
4687
1558
2857
3179
4315
1867
2612
4053
4274
1606
2720
4069
4823
1264
2343
3424
5050
1920
2327
3177
4903
1882
3059
3672
5041
1709
2116
3511
4553
1746
2817
3638
4678
1920
2964
3097
4678
1215
2956
3983
4656
2028
3059
3844
4894
1798
2161
3477
4135
1955
3008
4038
4744
1585
2887
3985
5090
1759
2123
3383
4861
1585
2346
3114
4379
1094
2848
4030
4287
1960
2788
3900
4760
1831
2607
3514
4475
1585
2762
3772
4119
1588
2822
3300
5045
1588
2224
3437
5079
1759
2542
4091
4763
1759
2936
4052
4852
1914
2883
3620
4684
1287
2944
3925
5006
1831
2883
3209
4884
1969
2869
3087
4926
1588
2278
3846
4589
1585
2350
3394
4411
1714
2313
3094
4503
1979
2123
3257
4560
1801
2635
3530
4623
1287
2649
3243
4119
1835
2830
3485
4651
1838
2433
3822
4625
1925
2925
3970
4705
1448
3029
4055
4705
2008
2949
3177
5059
1743
2119
3742
4456
1886
2097
3929
4105
1892
2695
3618
4104
1206
2972
3385
4924
1886
2119
3751
4620
1426
2738
3876
5011
2028
2135
3270
4705
