109
909
725
27
789
786
678
644
9
510
253
500
364
510
355
510
162
438
917
27
786
180
920
268
116
464
510
855
933
791
580
335
597
402
710
500
472
781
566
262
712
710
871
383
791
1011
824
490
285
754
282
447
532
929
86
417
712
73
73
132
11
87
87
501
528
396
988
658
164
419
564
988
950
667
148
188
721
671
204
18
204
18
364
4
658
612
612
321
503
455
673
929
945
920
242
129
131
73
298
101
742
236
348
697
71
183
481
197
164
490
352
886
956
282
975
926
155
308
42
308
338
308
598
598
338
308
42
308
338
971
598
598
971
42
588
42
155
911
484
638
168
270
53
409
310
464
255
19
275
638
284
751
674
751
308
921
472
308
155
308
888
354
532
795
932
752
432
752
657
667
638
771
490
490
704
894
65
823
667
275
168
61
739
784
846
27
343
273
460
501
528
1019
988
988
658
284
564
608
623
297
621
505
188
495
61
478
204
204
532
388
525
658
658
419
564
297
933
500
569
164
383
383
865
148
917
563
720
67
150
202
917
227
368
714
969
671
313
76
475
166
543
475
335
543
475
464
475
543
475
543
475
543
475
166
475
543
166
543
543
543
475
543
29
929
87
61
116
16
116
16
179
16
324
16
324
16
324
16
324
962
324
16
16
324
324
455
532
284
74
16
16
577
917
290
673
197
67
490
490
784
879
267
638
270
951
784
704
846
484
730
343
684
882
460
1019
528
988
949
658
623
950
564
950
667
954
379
188
495
61
204
18
204
570
626
658
658
612
210
503
651
281
390
284
889
763
383
662
148
673
969
791
958
958
313
475
949
891
863
692
164
636
863
636
419
38
774
1003
164
774
661
29
418
298
164
550
1003
238
1003
667
714
215
737
786
528
330
657
367
367
88
330
408
330
408
330
16
408
530
408
556
539
408
297
855
714
298
786
322
678
4
4
826
564
447
85
447
977
146
977
328
814
190
914
67
490
920
894
879
368
168
878
86
355
846
593
494
882
811
7
460
501
528
890
949
949
658
419
564
539
949
38
354
60
698
495
18
18
204
18
570
907
224
658
250
658
419
564
586
696
284
164
945
577
383
267
418
917
101
86
986
364
12
638
148
368
188
969
685
313
76
166
38
800
543
800
76
800
16
800
543
444
1993
2516
3588
4527
1764
2922
3588
4487
1743
2101
3096
4886
1764
2347
3335
4845
1696
2712
3979
4943
1812
2635
3414
5028
1897
2085
3141
4937
1406
2383
3506
4692
1841
3057
3608
4612
1025
2697
3193
4612
1409
2741
3608
4820
1211
2279
3475
5098
1250
2531
3086
4803
1984
2252
3517
4369
1689
2380
3671
4369
1626
2672
3432
4931
1560
2156
3868
4731
1191
2321
3398
4202
1688
2182
3803
4478
1191
2412
3595
4543
2005
2997
3622
4292
1703
2830
3081
4766
1765
2143
3787
4733
1703
2223
3200
4153
1996
2752
3982
4855
1996
2100
3809
4860
1737
2933
3554
5043
1996
2185
3659
4845
1788
2826
3983
4957
1535
3043
3257
4419
1250
2722
3998
4494
1678
2956
3484
4295
1567
2601
3171
4893
1263
2915
3231
4293
1824
2510
4013
4103
1436
2463
3681
4268
1270
2825
3657
4414
1824
2101
3538
4561
1737
2089
3371
4413
1996
2874
3974
4806
1993
2942
3705
4334
1436
2912
3884
4980
1689
2085
3075
4914
1191
2712
3681
4244
1191
2897
3384
5043
1427
3015
3414
4134
1705
2085
4077
4731
1517
2406
3384
4111
1191
2089
3257
5076
1849
2130
3641
4306
1746
2347
3876
4881
1993
2598
3681
4790
1526
2601
3186
4278
1918
2874
3212
5087
1211
3023
3868
4251
1403
2130
3743
4745
1838
2991
3727
5110
1558
2347
4093
4432
1996
2355
3622
4799
1436
2355
3681
4829
1849
2085
3304
4133
2006
2097
3849
4853
1545
2085
3742
4755
1191
2588
3818
4296
1703
2343
3335
4845
1857
2874
3965
4695
1812
2208
3859
4919
1093
2284
3422
4495
2035
2130
3997
4670
1262
2740
4024
4179
1998
2751
3401
5040
1696
2355
4093
4854
1743
2326
3727
4875
1629
2252
4072
5043
1262
2717
3325
4267
2032
2933
4013
4770
1660
2252
3681
4969
1775
2097
4091
4457
1558
2497
3884
5095
1346
2577
3431
4127
1703
2751
3675
4335
2006
2613
3110
4387
1588
2567
3551
4738
1950
2233
4042
4260
1759
2355
3305
4548
1743
2952
3708
4872
1691
2241
4003
4497
1270
2501
4003
4862
1558
2567
3315
4743
1291
2470
3166
4487
1166
2505
3140
5075
1040
2669
3347
4264
1975
2178
3245
5093
1814
2799
3773
4794
1739
3011
3820
5028
1683
2887
3178
5028
1838
2348
3366
4896
1270
2669
3842
4316
1250
2784
4063
5004
1838
2085
3245
5086
1555
3039
3734
4733
1612
2208
3734
4710
1920
2085
3821
4181
1947
2601
3816
4732
1993
2192
3333
4914
1996
2130
3813
4651
1838
2751
3671
4530
1930
2986
3598
4999
1743
2584
3825
4369
1188
2902
3383
4767
1410
2826
3812
4407
1558
2820
3974
4893
1123
2252
3384
4450
1883
2130
3465
4112
1040
2346
3324
4309
1040
2424
3281
4553
1814
2063
3359
4230
1739
2081
3366
4306
1753
2550
3645
4121
1838
2767
3331
4380
1739
2786
3465
4557
1250
2911
3319
4911
1307
2956
3449
4429
1191
2154
3981
4243
1610
2519
3702
4939
1348
2406
3682
4475
1998
2470
3189
4243
1610
2933
3521
5116
1565
2538
3557
4664
1838
2922
3309
4446
1746
2494
3974
4720
1993
2253
3661
4175
1427
2746
3315
4307
1489
2682
3867
5084
1610
3023
3597
4850
1664
2775
3952
4850
1896
3014
3143
4961
1606
2233
3924
4212
2028
2971
4062
4480
1047
2914
3839
4539
1047
2176
3165
4546
1047
2354
4004
4876
1047
2371
3952
5037
1585
2494
3223
5093
2032
2612
3870
4397
2028
2775
3690
4876
1081
2971
3684
4396
1767
2577
3856
4337
1526
2894
3822
4349
2010
2971
3753
4615
1703
2677
3474
5040
1391
3047
3242
4940
1788
2148
3677
4202
1849
2746
3818
4229
1722
2677
3202
5089
1788
2309
3436
5040
1352
2677
3818
5099
2028
2764
3871
4561
1886
2741
3835
4845
1886
2751
3822
4921
1837
2544
3753
4792
1998
2751
3753
4553
1689
2277
3422
5089
1743
2705
3436
4700
1051
2277
3639
4604
1262
2386
3186
4117
1743
2786
4093
4860
1291
2355
4036
4305
1594
2789
3186
4906
1558
2230
3333
5095
1849
2085
3072
4599
1835
2505
3987
4770
1979
2317
3176
4525
1352
2949
3818
4900
1188
2601
3870
4715
1979
2347
3474
5040
1743
2906
3154
5040
1291
2644
3154
5059
1892
2505
3638
4908
1558
2505
3456
4814
1188
2386
3198
4864
1835
2284
3330
4814
1979
2511
3818
4381
1588
2246
3157
4615
1947
2179
4048
4814
1979
2815
3822
4836
1324
2314
3690
4621
1188
2906
3154
4899
1892
2964
3154
4215
1694
3007
3715
4190
1335
3051
3777
4739
1775
2883
3600
4866
1694
2874
3674
4821
1335
2274
3198
4381
1279
2252
3406
4705
1899
2354
3154
4766
1368
2628
3691
4615
1675
2627
3154
4377
1155
2789
3154
4919
1775
2986
3474
4917
1188
2789
3902
4926
1720
2748
3452
4814
1558
2879
3154
4770
1188
2628
3639
4215
1835
2825
3154
4482
1979
3034
3406
4221
1181
2628
3313
4255
1835
2598
3166
4899
1979
2085
3777
4379
1870
2255
3746
4740
1666
2751
3661
4739
1896
2639
3610
4537
2032
2130
4000
4866
1664
2355
3396
5089
1896
2741
3431
5075
1759
2416
3997
4838
1047
2274
3888
4377
1835
2366
3654
4921
1979
2639
3154
4111
1788
2230
3526
4483
1764
2751
3154
4428
1696
2070
3309
4625
1993
2505
3474
4918
1838
2230
3870
5011
1947
2820
3753
4961
1694
2946
3715
4190
1585
2344
3976
4739
1947
2484
3940
4899
1979
2430
4019
5087
1788
2355
3981
4489
1794
2786
3753
4698
1947
2365
3661
4343
2028
2130
3825
4899
1666
2317
3259
4226
1896
2826
3924
4782
1759
2226
3632
4864
1335
2284
3777
4428
1835
2176
3970
4236
1759
2876
3970
5040
1849
2230
3812
4859
1585
2277
3753
4915
1775
2862
3822
5045
1368
2628
3970
4948
1291
3007
3870
5040
1637
2545
3704
4175
1694
3028
3970
4282
1481
2907
3812
5103
1155
2115
3915
4194
1924
2332
3237
4876
1711
2741
3284
4283
1835
2741
3825
4860
1924
2467
3970
4845
1181
2165
3822
4636
1188
3007
3237
4497
1155
2862
3368
4931
1694
2833
3674
4194
1838
2812
3373
4506
1160
2240
3739
5079
1675
2311
3573
4755
1711
2907
3868
4801
1279
3069
3674
4853
1345
2869
3890
4766
1160
2990
4004
4519
1991
2985
3715
4615
1345
2877
4072
5089
1775
2274
3952
5015
1675
3007
3890
5012
1160
2225
3526
4537
1248
2598
4072
4893
1455
2545
3193
4969
1435
2639
3171
4563
1751
2230
4091
4440
1669
2639
3078
4970
1703
2652
3115
4519
1519
2676
3237
4203
1519
2344
3754
4771
2001
2751
3154
4893
1047
2323
3918
5079
1846
2915
3756
4856
1878
2069
3986
4907
1425
2348
3794
5013
1739
2635
3734
5014
1753
2635
3918
4930
1838
2712
3245
4349
1739
3011
3583
5023
1250
2833
4036
4509
1537
2282
3101
4285
1191
2565
3734
5028
1250
3035
3734
4442
1753
2772
3245
4316
1268
3039
3650
4683
1739
3039
3734
4426
1849
3039
4083
4731
1526
2252
4083
4483
1489
2244
3491
4604
1751
2244
3440
4507
1666
2965
4083
4740
1489
2910
3668
4544
1993
2366
3684
4829
1427
3034
3960
5074
1998
2751
3815
4336
1403
3042
3526
4684
1425
2620
3733
4805
1619
2519
3477
4736
1739
2481
3124
4111
1655
2548
3988
4126
1691
2063
3979
4621
1270
2481
3456
4125
1739
3021
3801
4377
1753
2063
3862
4411
1915
2898
3449
4097
1739
2802
3555
4243
1753
2481
3862
4134
1868
3043
3592
4951
1739
2063
3101
4768
1681
2633
3494
4097
1243
2749
3104
4882
1348
2199
3135
4676
1743
2497
3859
4097
1188
2874
3575
4855
1930
3029
3706
4099
1979
2130
3358
4320
1831
2060
3576
4320
1764
2057
3890
4342
2006
3023
3526
4648
1828
2629
3787
4803
1764
2652
3670
5106
2001
2272
3616
4855
2001
2130
3684
4457
1764
2176
3357
4389
1409
2484
3383
4335
2001
2230
3313
4588
1047
2169
3325
4625
1947
2714
3938
4227
1882
2085
3178
4436
1636
2850
3822
4974
1636
2230
4036
4588
1857
2830
3154
4109
1148
2399
3091
4821
1759
2612
3533
5105
1558
2485
3480
4242
1262
2957
3571
4921
1093
2862
3535
4751
1588
2355
3388
5099
2032
2438
3301
5065
1886
2886
3660
4699
1892
3007
3256
5079
1161
2676
3796
5095
1427
2424
3182
4202
1600
2545
3378
4416
2013
2190
3232
4356
1459
2065
3854
4470
1272
2442
3874
4472
1739
2481
3816
4774
1739
2548
3264
4472
1596
2190
3555
4804
1678
2190
3515
4639
1294
2116
3874
4420
1509
2190
3686
4472
1739
2190
3281
4156
1509
2911
3979
4973
1678
2481
4016
4774
1332
2102
3232
4660
1883
2063
3096
5049
1028
2261
3449
5028
1684
2374
3912
5028
1297
2190
3224
4443
1647
2190
3458
4496
1739
2846
3555
4713
1509
2164
3449
4487
1739
2081
3264
4496
1509
2063
3152
5028
1560
2585
3449
4841
1737
2283
3912
4888
1678
2190
3979
4451
1250
2243
3937
4496
1191
2598
3555
4295
1028
2481
3256
4937
1211
2818
3281
4724
1081
2546
3555
4898
1211
2633
3515
4175
1782
2390
3399
4496
1838
2521
3555
4525
1297
2190
3338
5099
1427
2610
3462
4444
1734
2401
3122
4419
1427
2849
3264
4470
1191
2990
3790
4128
1250
2115
3866
4443
1191
2421
3281
4197
1250
2401
3237
4451
1211
2861
3338
4281
1250
2442
3813
4113
2017
2063
3813
4713
1784
2463
3449
4496
1647
2212
3274
4496
1739
2799
3979
4143
1509
2962
3346
4167
1739
2510
3104
4817
1753
2510
3979
4731
1678
2741
4084
4126
1424
2380
3677
4171
1191
2633
3231
4774
1250
2180
3459
4256
1814
2922
3684
4203
1739
2629
3441
4646
1211
2669
3912
4885
1739
2714
3253
4885
1980
2890
3654
5007
1739
2489
3599
5007
1427
2424
3883
4227
1270
2348
3502
4874
1753
2133
3734
4171
1191
2065
4094
4171
1250
3001
3684
4171
1191
2774
3684
4171
1739
2190
3834
4316
1211
3035
3984
4442
2024
2311
3662
4987
1596
2613
3662
5064
1564
2684
3745
4715
1806
2065
3611
4341
1806
2208
3684
4468
1427
3010
3107
4928
1758
2849
3771
4299
1849
2635
3771
4874
1758
2065
3363
4143
1980
3069
3539
4136
2045
2883
3226
4171
1250
2421
3809
4171
1824
2057
3178
4189
1610
2169
3226
4646
1838
2774
3081
4525
1610
2453
3333
4737
1838
2164
3659
4692
1705
2498
3820
4189
1348
2255
3491
5106
1950
2419
3414
5064
2001
2090
3226
4854
1940
2212
3441
4873
1669
2869
3428
4171
1936
2601
3081
4233
1424
2333
4024
4171
1610
2633
3938
4398
1660
2817
3226
4988
1555
2233
3459
4672
1857
2573
3459
4193
1892
2130
4036
4692
1857
2751
3820
4905
1705
2085
3328
4507
1857
2952
3734
4770
1925
2277
3809
4988
1925
2178
3245
5024
1083
3046
3202
4737
1047
2497
3998
4245
1636
2233
3414
4755
2032
2307
3704
4203
1047
2178
3970
4917
1047
2672
3787
4755
1047
2320
3997
4540
1160
2658
3276
5086
2032
2859
3309
4705
2001
2230
3126
4893
1489
2511
3778
5007
1812
2134
3728
4370
1906
2283
3878
4173
1270
2468
3208
4233
1405
2121
3662
5034
1509
2804
3339
4763
1268
2457
3856
4639
1367
2498
3829
4408
1753
2222
3246
4227
1268
2684
3425
4319
1403
2830
3811
4733
1753
3011
3734
4979
1838
3011
3721
4175
1758
2581
3347
4193
1993
2714
3336
4193
1051
2261
3471
4517
1594
2913
3377
4249
1780
2902
3844
4408
1849
2639
3401
4836
1998
3029
3396
4307
1780
2826
3288
4809
1849
2501
3609
5041
2017
2462
3431
4623
1696
2501
3829
4961
2045
2130
3876
4636
1291
3065
3777
4899
1671
2448
3780
4112
1893
2879
3465
4230
1307
2633
3801
4389
1191
2481
3925
4097
1918
2915
3699
4888
1455
2464
3555
4268
1211
2081
4070
4453
1739
2993
3380
4556
1828
2938
3686
4097
1868
2921
3373
4967
2045
2689
3874
4687
1437
2083
3141
4954
1838
2658
3138
4194
1746
2547
3398
4527
1784
2366
3171
4997
1849
2168
3194
4789
1409
2922
3420
5104
1993
2219
3829
4234
1480
2274
4013
5024
1764
2320
4063
4899
1696
2320
3966
4335
1250
2215
4007
5054
1537
2759
3997
4743
1057
2462
4019
4839
1743
2108
3619
4215
1291
2773
3736
4305
1896
2505
3171
4739
1610
2794
3384
5076
1179
2085
3401
4334
1481
2085
4053
4111
1607
3017
3242
4931
1216
2354
3154
5033
1982
2833
3488
4927
1982
2833
4019
4145
1081
2540
3779
5099
1975
2548
3264
4120
1814
2190
3684
4138
1620
2081
3816
4666
1737
2671
3201
4556
1584
2677
3686
4800
1627
2190
3281
4354
1837
2459
3874
4666
1841
2190
3467
4774
1935
2190
3264
4472
1584
2297
3555
4898
1841
2377
3449
4229
1436
2306
3602
4246
1877
2728
4016
4314
1402
2113
3428
5070
1191
3024
3912
4215
1860
2914
3259
4541
1860
2430
4007
4728
1785
2637
3949
5018
1838
2455
3632
4352
1802
3024
3208
4109
2010
2834
3137
4795
1025
2191
3602
5093
1403
2691
3526
4786
1837
2888
3872
4898
1533
2179
3927
4999
1996
2321
4064
4795
1691
2581
3114
4788
1814
2455
3446
4478
1998
2728
3937
4795
1940
3048
3116
4478
1877
2699
3576
4618
1191
3034
3772
4221
1191
2604
3682
4307
1509
2615
3855
4402
2010
2371
3094
4544
1920
2333
3094
4281
1984
2406
3634
4795
1996
2971
3595
4509
1860
3070
3754
4816
1480
2455
4077
4608
1391
2225
3671
4307
1391
2914
3554
4696
1555
2746
3336
4281
1191
2272
3474
4281
1979
3028
3526
4652
1578
2764
3171
4469
1117
2837
3345
4391
1737
2568
3323
4544
1961
2139
3292
4795
1739
2547
3149
4278
1655
2342
3104
4892
1868
2576
3634
4285
1098
2089
3470
4157
1674
2342
3094
4571
1838
2576
3845
4249
1938
2082
3998
5010
1985
2380
3484
4896
1427
2576
3729
5050
1156
2180
4007
4414
2045
2619
3200
5079
1753
2695
4013
4826
1211
2089
3402
4289
1747
2547
3953
4442
1217
2101
3875
4295
1838
2720
3833
5037
1156
2346
3468
4863
2024
2125
4013
5043
1838
2089
3740
4371
1156
2182
3443
5032
1984
2101
3906
4710
1427
2730
4070
4723
1211
2283
3759
4134
1610
2874
3764
4234
1828
2591
3517
5094
1838
2906
3998
5042
1610
2922
3088
4530
1782
3023
3425
4193
1156
3051
3933
4993
1758
2323
3856
4561
1590
2101
3512
4878
1664
2482
3384
4907
1591
2545
3834
4841
1814
2603
3999
4391
1681
2571
3663
4558
1862
3021
3275
5030
1838
2632
4011
4692
1841
2731
3856
4227
1909
2868
3083
4900
1436
2627
3482
4568
1849
2972
3082
4797
1057
2525
3398
4267
1217
2721
3470
4676
1998
2822
3849
4301
1993
2945
3526
4839
2017
2313
3241
4369
1610
2443
3526
4258
2017
2730
4091
4283
1369
2453
3082
4845
1291
2636
3259
4492
2006
2097
3526
4305
1791
2568
3310
4392
1057
2536
3914
4335
1849
2579
3434
4696
1057
2399
3802
4727
1993
2721
3982
4873
1594
2997
3736
5056
1993
2429
3924
4305
1998
2347
3738
4194
1798
2323
3500
4906
1785
2872
3492
4275
1892
2126
3257
4726
1675
2277
3940
4755
1711
2730
3428
4519
1759
2741
3384
4197
1675
2506
3862
4982
1711
2579
3296
4919
1279
2289
3088
4881
1886
2651
3434
4814
1435
2553
3529
5033
2032
2902
3605
4559
1930
2489
3740
4975
1489
2224
3818
4925
1583
2584
3775
5046
1216
2775
3659
4482
2032
2584
3869
4593
1666
2322
3738
4457
1703
2230
4090
4733
1878
2699
3798
4854
1695
3021
3841
4120
1359
2452
3314
4416
1564
2599
3671
5036
1838
2122
3734
4548
1560
2510
3577
4189
1250
2926
3977
4346
1056
2830
3872
4943
1270
2765
3669
4561
1250
2791
3502
4814
1753
2791
3104
4548
1268
2887
3226
4937
1739
2307
3245
5100
1753
2178
3288
4193
1838
2259
3694
4193
1610
2765
3984
5107
1250
2275
3428
4536
1838
2937
3126
4361
1191
2531
3743
4733
1161
2083
3504
4696
1838
2147
3363
4600
1354
2206
3400
4615
1558
2726
3844
4626
1849
2588
3810
5081
1998
2741
3585
4364
1979
2289
3585
4733
1893
2652
3232
4138
1040
2965
3465
5028
1678
2911
3138
4883
1975
2063
3442
4605
1975
2938
3281
4583
1975
2911
3699
4349
1739
2481
3456
5028
1975
2762
3094
4385
1814
2063
3753
4439
1739
2081
4062
4097
1681
2911
3787
4243
1838
2633
3686
4942
2022
2760
3465
4223
1961
2640
3874
4623
1427
2921
3686
4458
1910
2153
3301
4497
1610
2536
3681
4894
1849
2631
3375
4106
1947
2374
3720
4371
1979
2579
3098
4733
1788
2612
3384
4334
2017
2277
3235
4526
2006
2608
3689
4980
1743
2320
3238
5012
1418
3021
3253
4971
1348
2199
3403
4678
1759
2629
3647
4098
1427
2726
3244
4940
2028
2910
3965
4416
2028
2230
3111
5079
1949
3065
3654
4855
1949
2942
3890
4350
1519
2274
4094
4715
1925
2162
3677
4439
2032
2348
3654
4694
1728
2085
3742
4988
1481
2874
3245
4260
1973
2511
3499
4398
1839
2186
3862
4692
1882
2445
3738
4987
1335
2830
3384
4151
2017
3028
3997
4855
1652
2326
3236
4680
1188
2807
3422
4720
1696
2360
3591
4519
1263
2613
3653
4755
1191
3039
3431
4496
1263
2613
3109
4855
1191
2849
3115
4660
1893
2552
3874
4502
1102
2915
3449
4136
1655
2643
3281
4136
1647
2190
3938
4256
1297
2633
3688
4802
1737
2633
3912
4660
1963
2633
3264
4885
1963
2633
3780
4898
1739
2183
3937
4804
1647
2481
3816
4774
1678
2633
4066
4136
1909
2063
3738
4256
1678
2585
3253
4443
1567
2228
3912
4888
1191
2356
3874
4212
1567
2190
3738
4470
1211
3035
3462
4556
1435
2687
3686
4402
1211
2081
3264
4641
1081
2821
3555
5098
1361
2585
3449
4396
1806
2633
3274
4710
1806
2890
3338
4443
1963
2090
3449
4898
1824
2190
3256
4459
