109
168
154
53
478
618
618
681
527
356
785
622
678
389
265
642
620
125
585
125
447
125
447
703
773
620
125
620
703
994
703
620
125
620
125
911
354
133
270
460
61
739
716
474
474
606
981
942
981
942
527
409
553
133
154
889
46
528
478
474
474
981
942
88
1004
86
49
49
585
49
241
284
284
417
13
49
687
22
823
703
687
13
86
22
823
911
553
133
270
61
61
478
478
642
209
839
975
823
22
429
429
911
553
133
270
270
61
739
478
739
474
474
507
13
507
507
507
778
585
846
429
553
275
270
460
61
739
478
310
474
209
606
984
162
703
888
911
553
133
270
270
61
739
478
478
474
474
139
936
139
778
640
778
846
255
133
929
284
61
61
739
474
585
474
13
775
164
47
417
987
162
1004
307
598
598
620
338
620
114
994
527
553
13
168
47
620
994
648
647
703
553
484
168
270
61
739
739
739
474
474
162
778
162
778
773
846
29
168
298
951
61
478
834
474
474
162
104
899
104
994
338
104
28
140
194
687
150
417
987
497
911
484
168
47
284
623
417
703
458
911
911
133
270
460
61
716
528
478
545
209
125
984
429
429
429
553
531
351
270
61
739
478
716
474
558
255
532
929
951
129
987
751
846
455
762
762
164
154
81
385
640
385
640
553
133
270
61
865
865
478
255
484
133
270
61
53
478
618
640
681
865
811
154
742
751
674
751
455
69
133
7
678
685
685
50
293
455
989
356
678
265
754
728
183
754
155
183
703
687
40
510
40
22
40
354
929
284
150
28
987
703
823
911
354
133
270
460
728
528
478
209
209
929
569
417
377
823
22
823
553
829
168
270
951
478
739
478
209
209
942
81
429
844
81
81
510
255
484
168
47
61
458
478
116
545
81
81
975
162
589
844
680
844
28
19
19
133
270
460
61
478
739
545
209
81
81
81
81
81
81
81
255
275
929
47
61
987
306
833
844
766
356
194
22
16
81
4
419
844
255
275
929
156
61
739
478
103
731
13
337
194
81
81
81
81
731
911
484
168
270
61
716
739
739
474
209
942
28
818
81
640
81
81
29
785
878
61
3
478
774
603
844
731
914
67
22
13
22
754
994
22
731
13
81
731
731
731
703
22
272
337
578
22
703
22
458
731
731
133
573
1519
2882
3188
4603
1216
2618
3488
4803
2001
2750
3685
4702
2035
2497
3603
4527
2035
2497
3100
4722
1216
2608
3715
4549
1047
2727
3450
5039
1047
2937
3450
4410
1047
2990
3450
5005
2028
2567
3623
4549
1216
2942
3603
4354
1047
2925
3315
4549
2034
2451
3603
4950
1589
2451
3675
4911
1969
2738
3450
4917
2032
2307
3325
4549
1969
2874
4053
4613
2032
2889
3603
4613
1886
2119
3715
4287
1886
2862
3100
4407
1968
2965
3742
4184
1788
2549
3450
5040
1481
2938
3450
5056
1925
2365
3541
4184
1764
2649
3964
4591
1857
2897
3778
4360
2028
2224
3890
5031
1973
2770
3652
4150
1347
2983
3603
4873
1925
2275
3603
4437
1969
2990
3736
4320
2035
2791
3603
4844
1955
2128
3753
4436
2035
2083
3478
4549
1094
2270
3585
4519
2035
2411
3675
4549
1914
2579
3606
4598
1481
2942
3450
4559
1589
2510
3100
4334
2046
2649
3603
4654
1831
3050
3603
5105
1519
2608
3154
4250
2046
2791
3639
4549
1622
2627
3100
4701
1519
2452
3100
4636
1554
2936
3154
4131
2046
2694
3603
4527
1554
2536
3100
4751
2025
2314
3450
5040
1720
2802
3530
5029
2034
2802
3577
5118
2025
2505
3577
5112
2034
2619
3890
4810
1903
2411
3890
4554
1607
2936
3890
4366
1481
2802
3727
4305
1083
2882
3347
4865
1626
2882
3463
4203
1626
2294
3609
5112
1788
2882
3843
4853
1519
2882
3365
4335
1896
2882
3478
4907
1175
2628
3740
4705
1788
2935
3914
4150
1896
2882
3175
4440
1764
2882
3500
4203
1788
2882
3934
4197
1831
2882
3200
4620
1896
2882
3671
4362
1788
2882
3315
4695
1690
2882
3966
5031
2006
2882
3747
4437
1519
2882
3891
4926
2046
2882
3843
4904
1519
2882
4042
4926
1519
2882
3929
4979
2046
2882
3420
4924
1690
2882
3478
4732
2001
2882
4063
4150
1690
2882
3526
4767
1083
2990
3182
4203
1083
2699
3719
4817
2028
2820
3719
5077
1047
2877
3413
4519
1216
2564
3890
5031
1047
2877
3115
4364
1519
2820
4079
5031
1925
2859
3620
4583
1519
2952
3719
4643
1047
2945
3903
4911
1216
2860
3450
4456
2001
2577
3739
4911
1047
2452
3413
4456
1867
2764
3868
4150
1047
2939
3810
4911
1216
2997
3868
4624
2035
2168
3890
4318
2028
2860
3890
5045
1047
2672
3111
5112
1216
2581
3577
4364
1519
2162
3890
5031
1047
2990
3413
4456
1969
2567
3747
4950
1047
2990
3450
4705
2001
2494
3234
5031
2006
2802
3914
4436
2001
2277
3109
4800
2046
2912
3738
4150
1216
3034
3154
4364
2025
2567
3216
5105
2046
2567
3325
4549
1831
2567
3259
4587
1047
2619
3413
4985
1949
2567
3862
4750
1047
2649
3413
4150
2035
2775
3692
4994
1690
2735
3890
5096
1481
2952
3304
5050
1368
2697
3154
4661
2046
2567
3951
4457
2028
2989
3109
5012
1690
2802
3810
5029
1775
2881
4039
4955
2046
2567
3310
5041
1775
2813
3890
4751
2046
2751
3880
4830
1589
2567
3924
4829
2035
2564
3890
4906
1991
2912
3685
4751
1047
2162
3335
4460
2035
2111
3613
4203
2001
2170
3486
4460
1216
2331
3259
5070
1925
2681
3839
4249
1047
2791
4084
4934
1892
2269
3739
5040
1216
2777
4045
4266
2028
2331
3296
5040
1896
2881
3340
4610
1690
2219
3154
4350
2032
2860
3747
4894
1690
2646
3808
4899
2035
2331
3808
4636
2035
2881
3644
4099
1585
3022
3142
4299
2035
2331
3154
4484
2035
2735
3978
4873
1047
2649
4084
4702
1481
2269
3436
4766
1589
2881
3352
4875
2046
2331
4024
4134
1299
2990
3805
5089
2025
2881
3365
4619
2046
2881
4079
5005
1519
2456
3623
4236
1083
2224
4084
5066
1083
2276
3247
4684
1949
2639
3603
4455
1216
2331
3596
4120
1788
3028
3623
5105
1519
2628
3251
4519
1216
2162
3088
5056
1216
2859
3352
4581
1216
2944
3506
4705
2001
2276
3805
5105
1216
2979
3091
4184
2028
2331
4019
4721
1216
2727
4008
5105
2028
2224
3251
4614
1216
2665
3247
5056
1949
2639
3623
4351
1690
2628
3756
5027
1949
2813
3802
5056
1690
2628
3142
4922
1949
2255
3247
4869
1519
2628
3623
4332
2035
2944
3415
4366
2046
2269
3247
4364
2035
2735
3142
4387
1690
2628
3839
4665
2001
2276
3327
4701
2028
2464
3506
5089
2035
2997
3247
5056
2028
2939
3142
4899
1341
2564
3187
5105
1788
2567
3375
4353
1635
3041
3685
4387
1216
2649
3685
4195
1949
2567
3142
5105
1519
2628
3685
4839
1519
2343
3783
5105
2001
2567
3142
5105
1519
2918
3715
5089
1554
2990
3805
5046
2035
2464
3685
4364
1690
2874
3154
4824
1788
2727
3154
4132
2028
2889
3358
5105
1925
2567
3148
5105
2028
2939
4072
4239
1788
2320
3685
4382
1589
2567
3890
4810
2035
2802
3947
4882
1690
2802
3924
4705
1317
2567
3685
4926
1589
2567
3657
4549
2035
2802
3914
4705
2046
2567
4084
5011
1083
2628
3978
4508
1626
2672
3247
4195
2001
2882
3955
4924
2035
2882
3778
4924
2001
2882
3447
4150
1216
2701
3715
4824
2028
2770
3705
4324
1626
2647
3276
4829
2028
2770
3826
4535
1925
2860
3259
4740
1216
2876
3778
4705
1788
2320
3715
4461
1216
2564
3675
4370
1519
2162
3777
4893
1216
2048
3676
4351
2001
3023
3928
4351
1701
2860
3698
5119
2001
2882
3434
4705
2046
2882
4090
4924
2028
2735
3297
4824
1690
2628
3175
4705
2028
2868
3276
4175
1788
2942
3247
4410
2028
2860
3276
4175
2035
2168
3897
4351
1669
2942
3778
5072
1949
2750
3107
4305
1216
2462
4008
4862
1519
2162
3392
4443
1519
2398
3555
4360
2001
3023
3928
4927
1047
2398
3323
5112
2001
3022
3778
4660
1714
2997
3533
4215
2001
2957
3671
4839
1831
2920
3226
4318
1216
2942
3674
4862
1635
3041
3719
4175
1216
2860
3555
5059
1949
3022
3719
4671
2007
2054
3259
4507
1949
2162
3914
5059
1481
2567
4032
4320
1585
2344
3623
4328
2001
2694
3690
4351
2035
2672
3839
4320
1481
2874
3909
4197
2035
2608
3348
4660
1368
2248
3914
4119
1690
2063
3843
4999
2028
2876
3935
4195
1925
2860
3555
5096
1775
2168
3226
4170
2035
2672
3585
4740
2034
2990
3777
4305
2035
2944
3870
4150
2034
2912
3226
5096
2035
2735
3843
4624
2035
2506
3226
4589
2001
2860
3498
4624
1347
2912
3406
4770
2007
2825
3498
4593
2046
2920
3810
4519
1368
3009
3335
4950
1589
2623
3259
4195
1368
2253
3226
4175
2046
2579
3928
4132
1589
2119
3498
4893
1690
2889
3970
4925
1949
2770
3557
4399
1519
2054
3727
5089
1347
2419
3554
4364
1554
2944
3736
4334
1690
2343
3928
5040
1547
3007
4042
4119
1589
2119
4053
4615
1899
3043
3585
4926
2034
2936
3740
4955
1895
2525
3890
4460
1589
2162
3459
4634
1396
2401
3480
4606
1635
2293
3291
4157
1216
2564
3843
4800
1949
2192
3777
4334
1216
2944
3826
5049
1519
2162
3777
4332
1216
2401
4008
4800
1519
2697
3431
4150
1216
2868
3469
4740
2001
2639
3824
4195
2028
2401
3406
4410
1867
2401
3673
4334
2028
2939
3276
4830
1216
3054
4045
4985
1589
2628
4088
5089
1690
2579
3276
4150
1949
2644
3091
5022
1519
2478
3276
4800
1949
2192
3506
4334
1519
2293
4008
4508
1519
2162
3276
5049
2035
2401
3284
4893
2032
2497
3676
4705
1216
2914
3343
4522
1216
2398
3685
5049
1047
2607
3596
4955
2028
2567
3870
4246
1867
3041
3555
4318
1635
2289
3870
4905
1216
2649
3778
5105
1949
2918
4079
4660
1690
2320
3555
4652
1949
2567
3825
4660
1519
2918
3449
4717
1519
2176
3555
4733
1216
2735
3929
4705
2035
2944
4088
4318
2001
2694
3675
4624
2035
2419
3914
4443
2028
2054
3869
4624
2035
2942
4032
4624
2028
2694
3690
4175
1216
2972
3396
4120
1831
2989
3555
4249
2035
2972
3413
4849
1831
3050
3914
4332
1519
2162
4039
4800
2006
2452
3719
4578
1585
2612
3914
5096
2046
2944
4053
4332
1554
2451
3586
4332
1690
3029
3870
4909
1554
2510
4072
4800
1690
3009
3870
4676
2001
3069
3727
5097
2046
3009
4079
4334
2028
2868
3270
4589
1589
2314
3596
5042
1589
2990
3914
4437
1949
2649
3914
5059
2028
2054
3398
4875
1519
2406
4054
4800
1801
2944
3256
4334
2032
3007
3928
4460
2046
2506
3715
4985
2035
2735
3710
4866
1991
2874
3675
4814
1554
2347
3987
5096
2025
2489
3715
5042
2035
2825
4053
5079
1589
2874
3270
5090
1481
2942
3914
4950
1589
2907
3777
4830
1481
2612
3933
4510
1083
2331
3198
4353
1925
2111
3805
4296
1519
2841
3389
4873
1690
2753
3498
5056
2032
2944
3623
4296
1519
2868
3942
4817
1690
2945
3164
5056
1867
2964
3896
4858
2035
2331
3965
4432
1867
3041
3310
4701
2035
2464
3747
4645
1690
2990
3857
4830
1481
2646
3965
4296
1589
2331
3965
4350
1690
2456
3375
4893
1690
2456
3868
4366
1690
2331
3673
4197
2046
2881
3623
4906
1884
2331
3194
5089
1991
2881
3805
4645
2046
2464
3876
4457
1589
2289
4052
5005
2035
2646
3808
4484
1216
2473
3154
4231
1669
2750
3313
5056
1519
2628
3498
4526
1690
2750
3622
5005
1519
2628
3375
4732
1690
2946
3698
4182
1857
2946
3478
4195
1690
2946
3623
4195
2028
2968
3389
4195
1788
2942
3539
5056
2028
2224
3540
4527
1216
2564
3585
4782
2028
2478
3498
4701
1925
2750
3903
4184
1589
2946
3585
4852
1585
2695
3498
4776
1209
2990
3719
4740
1585
2567
4048
4370
1547
3050
3498
4184
1585
2946
3649
4899
2028
2054
3498
4527
1554
2695
3585
4320
2028
2054
3303
5056
2001
2750
3251
5096
2028
2972
3431
4351
2035
3043
3498
4286
2032
2665
3226
5007
1216
2944
3375
5059
1216
2214
3694
4721
1831
2567
3585
5096
1669
3023
3802
5056
1519
3028
3719
4098
1969
2957
4088
4437
1969
2957
3175
4334
1554
2918
3965
4194
1554
2323
3480
4771
1867
2323
3965
4329
2028
2983
3327
4175
2028
2085
4054
4285
1635
2289
3673
4881
1216
2564
4008
5105
1519
2579
3924
4845
1626
3023
4091
4150
1216
2697
3335
4248
1519
2735
4019
4318
1216
2945
3849
4875
1097
2289
3896
4876
1047
2777
3747
5056
1047
2777
3786
4266
1047
2777
3952
4869
1047
2276
3952
4161
1047
2945
3506
4721
2025
2820
3777
4763
1083
3028
3843
4631
1519
2623
3504
4969
1047
2697
3450
4801
1047
2874
3778
4911
2001
2618
3115
4583
1047
2937
4036
4364
1831
2289
4008
4845
1635
2997
3919
5076
1635
3041
3604
5105
1047
2564
3320
4911
1519
2820
3970
4519
1519
2820
3970
4150
1554
2697
3849
4221
1368
2874
3297
4733
1047
2579
3887
5115
2035
2952
3284
4941
2028
2564
3719
5012
1519
2162
3965
4619
1216
2612
3887
4619
2035
2400
3685
4517
1589
2820
4088
4318
2035
2944
3685
4619
1047
2330
3198
4480
1585
2918
3890
5029
1589
2567
3951
5027
1047
2324
3198
4574
1583
3050
3849
4184
1216
2411
3610
4676
1703
2868
3623
4244
2028
2939
3241
4881
1216
2549
4042
4248
2006
2990
3098
5056
1764
2649
3623
5009
1047
2549
3849
4931
1788
2347
3919
4583
1925
3028
3849
4747
1216
2162
3896
4845
2032
2552
3585
4299
1047
2863
3824
4755
1263
2646
3185
4862
1977
2874
3890
5114
2028
2591
3857
4145
1558
2644
4084
4560
2006
2944
4042
4978
1857
2976
3904
4680
2006
2699
3783
4985
1892
2968
3577
4251
1925
2883
3935
4211
1831
2508
3868
4681
1949
2612
3914
4830
1949
2918
3847
4972
2034
2877
3675
4680
2032
2531
3924
4534
2001
2438
3307
4978
2046
2791
3234
5059
2001
2443
3778
5112
1554
2912
3909
5098
1947
2825
3335
4654
1886
2535
3891
4694
1831
2863
4053
4389
1589
2411
4053
5025
1481
2564
3947
4972
2034
2628
3942
5096
2035
2701
3674
4853
1160
3028
3335
4320
2001
2968
3778
5089
1300
2883
3513
4872
1969
2936
3414
4640
2025
2881
3743
4629
1949
2506
3259
4684
2001
2860
3987
4953
1589
2813
3111
4384
2046
2933
4091
4145
2028
2699
3243
4119
1481
2802
3778
4860
1777
2990
3890
4654
1589
2467
3335
4525
1892
2939
3760
4845
1626
2881
3491
4687
1669
2759
3657
4978
1703
2678
3293
4991
2001
3022
3251
4855
2046
2820
3540
5031
2032
2253
3540
4817
1867
2608
3944
4414
1788
2525
3375
4161
1788
2820
4052
4161
1690
2436
3862
4353
1925
2817
3398
4792
1886
2820
4084
4510
1947
2168
3965
4401
1558
2608
3164
4389
1974
3007
3164
4287
1690
2945
3248
4817
1979
3050
3251
4260
1690
2990
3862
5070
2032
2811
3623
4240
2028
2631
3327
4299
1925
2564
3965
5041
1690
2647
3743
4817
1857
2775
3498
5056
1949
2494
3623
4241
1519
2456
3251
4931
1396
2395
3296
4845
1452
2395
3685
4859
1626
2937
3699
4285
1635
2882
3525
4318
1925
2253
4041
4157
1519
2882
3631
4881
1519
2918
3777
4351
1703
2225
4041
4845
1969
2395
3778
4592
2001
2983
3604
4875
1703
2983
3604
4955
1216
2323
3656
5069
1690
2628
3764
4285
1867
3029
3990
4287
1409
2270
3959
4845
2028
3028
3148
4184
1690
2628
3577
4549
1925
2564
3604
5105
1669
2644
3117
4285
1949
2332
3117
4285
1949
3022
3843
5105
1519
2162
3148
4680
1519
2813
3604
4909
1857
2156
4041
4800
2035
2190
3095
4364
1690
2735
3868
4711
1083
2399
4008
4285
1216
2942
3685
4982
1216
2730
3921
4911
1764
2323
3111
4802
1635
3041
3450
4251
1216
2841
3450
4892
2032
2671
3450
4892
1925
2349
3428
4285
1216
2564
3685
5049
1519
2323
3903
4296
1519
2608
3685
4157
1519
2567
3450
4437
1519
2735
3450
5049
2001
2936
3450
4460
2001
2957
3623
4911
1867
2119
3685
4366
2028
2101
3715
4549
1925
2289
3241
4354
1690
2820
4079
4120
1216
2791
3450
4344
1216
3012
3810
4296
1481
2741
3674
5091
2001
2233
3100
4593
2025
2918
3681
4931
1216
2407
3933
4296
1589
2442
3450
4931
2006
2802
3802
4906
2032
2848
3685
4131
1083
2859
3903
4167
1175
2156
3585
5018
1452
2497
3198
4747
1452
2649
3742
5049
1867
2289
3903
4488
1925
2918
3107
4616
1635
2185
3903
4234
1703
2665
3577
4364
1635
3041
3450
4232
1949
2434
3450
4845
1452
3023
3685
4754
1519
2748
4074
5043
1519
2253
3727
4194
2001
2672
3117
4334
2001
2608
3984
4845
1554
2289
3577
5105
1554
2937
3984
5049
2028
2937
3596
4360
1831
2434
3175
4800
2028
2770
3843
4422
1589
3022
3881
5012
1589
2487
3573
4460
1635
2770
3849
4906
1519
2564
3637
4654
2006
2089
3554
4364
1519
2697
3605
4366
1969
2289
4024
5049
2001
2162
3107
4936
2001
3017
3623
5112
1554
2289
3107
4184
1867
2323
3684
4614
1867
2101
3698
4636
2028
3017
3251
4175
2028
2942
3107
4549
2028
2730
3984
4332
2028
3017
3291
4830
1690
2320
3868
4301
2046
2564
3890
5072
1949
2813
3171
4885
1949
2253
3117
5049
1949
2918
3234
4195
1519
2672
3291
4175
1519
2730
3580
4732
1519
2156
3340
5107
2046
2735
3623
5027
1554
2434
3737
5049
1481
2770
3580
4787
1690
2990
3903
4194
2035
2964
3843
4615
1347
2344
3200
4721
1991
2253
3719
4364
1431
3050
3931
4100
1047
3014
3450
4681
2001
2802
3671
5049
1896
2913
4004
4817
1690
2180
3890
4334
1982
2802
3881
4637
1703
2333
3315
4969
1047
2800
3237
4167
1216
2789
3450
4322
1216
2462
3942
4120
1788
2802
3802
5094
2001
2333
4004
4549
1925
3014
3264
4604
1831
2881
3757
4971
1831
2881
3450
4324
1949
2997
3264
4838
1480
2802
3621
5107
1949
3014
3313
4810
1949
2567
3749
4332
1969
2133
3224
4852
1969
2881
3264
4318
1519
2629
3802
4999
2001
2233
3674
4442
2001
2802
3802
4971
1554
2983
3605
4318
1867
2233
3237
4845
1083
2942
3903
5095
2028
2939
3498
4892
1635
2733
3376
4519
1635
2326
3993
4631
1635
2652
3098
5027
1519
2752
3970
4650
1519
2672
3413
5105
1828
2815
3609
5067
2001
2320
3715
4824
2001
2411
3264
4460
2001
2585
3984
4699
2001
2289
3340
4973
1896
2937
3674
4332
2028
2868
3933
4721
2028
2942
3498
4322
2028
2939
3292
4120
2028
2168
3498
4525
1589
2579
3832
4927
1589
2115
3259
4845
1949
2946
3914
4845
1949
2946
3914
4369
1519
3023
3727
4320
1969
2946
3580
5049
1519
2697
3673
4332
1936
2156
4091
4800
1452
2800
3645
4684
2001
2990
3937
4334
2028
3000
3802
4332
2028
2233
3585
5094
1216
2234
3484
4202
2006
2544
3171
4957
2006
2815
3251
5027
1452
2162
3937
5040
1949
3033
3613
4332
1896
3041
4084
5094
1216
3008
3856
4845
1519
2789
3742
4616
1896
2462
3896
4332
1931
2451
3673
4318
1519
2748
3935
4616
2035
3008
4088
5027
2001
2815
3585
4302
1991
2697
3632
5056
1047
2818
3982
4554
1896
2837
3425
4335
2007
2644
3398
4244
2028
2815
3903
4175
2028
2115
3843
4302
2006
2451
3325
5011
1519
2925
3158
5094
1949
2544
3997
5112
1519
2877
3388
4302
1969
2421
3719
4167
2001
2320
3938
4911
2001
2552
3959
4175
1867
2275
3396
5027
2028
2501
4008
4829
2028
2815
3719
4184
2028
3000
3585
5027
2028
2564
3474
4335
1949
2333
3959
5047
1481
2800
4054
4167
1788
2789
4010
4517
2034
2156
3997
4334
1519
3023
3935
5027
1991
2944
3660
5027
2035
2789
3674
4194
2046
2182
4042
4133
1317
2945
3491
4721
1481
3017
4090
4364
1720
3008
3660
4184
1886
2868
4072
4721
1481
2253
3500
4332
1991
2942
3264
5105
1831
2289
3474
5107
1949
2644
3462
4194
2032
2820
3333
4323
1925
2944
3771
4852
1519
2990
3605
5096
