228
909
564
909
806
175
12
379
906
742
157
568
232
477
692
940
692
384
240
772
547
240
960
210
940
940
940
820
940
820
493
772
490
956
960
956
960
956
960
940
940
842
442
547
117
161
117
238
688
940
940
940
175
87
197
946
756
117
116
24
604
719
71
455
175
318
442
547
442
236
240
913
940
940
940
157
71
190
298
298
236
301
78
949
100
442
396
240
724
493
69
164
87
945
181
945
945
753
242
917
131
563
491
442
335
240
396
525
940
940
71
604
820
530
975
604
10
157
254
913
888
127
806
175
69
842
298
863
636
913
636
913
78
940
940
99
440
440
786
452
58
452
967
452
452
459
761
493
322
194
940
440
440
174
801
174
288
174
78
424
175
99
891
298
863
301
636
301
249
301
249
103
772
772
21
301
249
301
212
301
212
301
249
530
78
612
241
841
564
9
704
763
763
961
175
92
842
298
636
826
636
301
249
608
940
38
652
530
975
530
955
969
313
76
313
455
955
7
322
772
580
335
940
604
442
442
913
71
913
806
322
439
87
772
869
398
254
913
254
38
87
222
766
877
772
772
71
940
688
210
940
442
692
692
396
820
772
772
547
51
442
18
18
442
18
525
250
424
581
547
321
236
502
503
502
923
419
71
719
487
322
181
945
920
945
242
753
242
242
753
755
322
491
452
236
852
913
52
24
240
24
116
530
975
530
324
308
324
913
240
913
210
175
914
316
547
869
157
254
913
254
374
206
175
92
484
811
786
580
685
138
174
288
174
608
288
175
66
487
117
707
516
151
504
288
253
879
761
288
493
182
786
288
654
413
913
727
174
288
174
727
19
375
772
580
181
727
913
374
727
913
727
913
138
575
197
772
668
157
254
913
727
913
727
913
254
819
181
547
727
174
138
174
550
913
254
913
727
226
487
322
288
654
288
174
608
727
727
174
493
487
21
288
174
464
577
254
913
138
913
940
855
11
322
883
707
138
913
138
913
147
134
147
665
487
487
652
889
692
293
913
692
134
949
940
481
487
487
51
654
149
692
652
608
652
293
692
124
51
112
652
396
124
51
134
329
329
329
51
51
226
692
329
51
870
51
329
329
134
51
51
665
487
329
654
51
149
51
913
717
913
71
175
92
11
413
413
254
913
573
1610
2660
3554
4756
1626
2274
3753
4155
1788
2206
4056
4762
1610
2939
3327
4938
1764
2326
3596
4976
1993
2957
3829
5079
1838
2343
3830
4983
1801
2326
3180
5079
1759
2850
3561
4848
1759
3028
3802
4299
1588
2697
4056
4157
1588
2912
3259
5068
1838
2952
3094
4244
1626
2741
3631
4806
1626
2060
3082
4133
1996
2957
3738
4896
1341
2314
3560
4720
1341
2741
3560
4931
1263
2918
3327
4541
1812
2233
3818
4358
1626
2130
3845
5030
1812
2678
3440
4422
1993
2225
3398
4715
1812
2434
4055
4999
1812
2185
3281
4806
1083
2535
3513
4253
2006
2463
3082
4727
1993
2105
3164
4153
1626
2321
3164
4248
1812
2185
3887
4743
1896
2284
3504
4299
1993
2277
3684
4808
1664
2185
3654
4185
2032
2347
3654
4540
1993
2968
3398
4267
1083
2274
4006
4982
1838
2261
3856
4808
1610
2214
3432
4129
1788
2175
3728
4540
1838
2968
3909
4457
1597
2968
3561
5013
2032
2130
3560
4196
1838
2918
3346
5025
1896
2820
3739
4540
1610
2801
3916
5022
1838
2801
3771
4292
1838
2233
3915
4620
1597
2957
3952
5037
1263
2105
3657
4901
1838
2649
3540
4942
1830
3041
3661
4495
1993
2939
3965
4541
1838
2130
3772
4743
2032
2525
3802
4691
1610
2225
3940
4120
1788
2925
3398
4589
1838
2939
3909
4858
2006
2567
3966
4289
1250
3029
4006
4259
1838
2972
3536
4814
1270
3029
3901
4379
1610
2091
3120
5025
1664
3028
3654
4756
1626
2791
3753
4266
1610
2918
3327
4335
1743
2957
3654
5108
1565
2344
3545
4855
1664
2830
3393
4157
1764
2332
3504
5041
1838
2307
3365
4620
1626
2228
3753
4829
1896
2489
3561
4334
1610
2225
3684
4655
1610
2307
3783
5093
1250
3029
3508
4654
1565
2531
3729
4758
1565
2771
3809
4800
1838
2147
3824
4335
1263
2957
4094
4106
1764
2791
3783
4733
1896
2936
3377
5022
1626
2936
3377
5041
1830
3050
3504
4684
1996
2130
3802
5118
1263
2907
3327
5108
1263
3071
3269
5093
1083
2884
3987
5093
1263
2225
3305
4631
1812
2920
3929
4168
1886
2567
4055
4875
1626
2619
4055
4510
2006
2105
3915
4260
1993
3047
3600
4751
1788
2925
3916
4541
1626
2649
3916
4695
1838
2274
3235
5079
1519
2696
3480
4462
1175
2830
4094
4927
1412
2506
3753
4728
1216
2411
3802
4942
1396
2918
3951
4918
1610
2949
3802
4700
1751
2252
3508
4940
1993
2513
3545
5010
1896
2347
3345
4752
1516
2957
3727
4743
1610
2892
3179
5008
1896
2459
3111
4161
1996
2111
3284
5040
1626
2863
3682
4899
1830
2775
3305
4662
1250
2233
3901
5107
1610
2412
3307
4153
1838
2952
3307
4494
1263
2225
3802
5108
1396
2090
3719
4346
1996
2065
3973
5099
2032
2191
3398
4248
1993
2333
3704
5030
1896
2462
3942
5075
1263
2971
3485
4296
1993
2223
3327
4728
1896
2347
4052
4589
1788
2333
3082
4931
2006
2463
3940
4335
1703
2601
3690
4480
1396
2060
4093
4999
1896
2510
4093
4541
1175
2235
3781
4477
1250
2233
3505
4399
1896
2235
3813
4860
1764
3051
3398
4369
1626
2130
3310
4496
1896
2944
3247
4369
1664
2636
3096
4711
1341
2771
3082
4477
1838
2952
3237
4860
1764
2121
3771
4655
1813
2989
3288
4804
1896
2148
3890
4511
1701
2292
3243
4662
1610
2651
3620
4241
1216
2248
3916
4743
1626
2793
3436
4335
1626
2119
4043
4104
1626
2830
3883
4908
1626
2119
4091
4462
1516
2830
3504
4771
1626
2830
3987
4540
1626
2791
3242
5030
1626
2791
3919
4150
1626
2789
4091
4615
2032
2307
3868
4655
1838
2153
3596
4862
1250
2326
3305
4940
1703
2467
3857
4803
1996
2307
4091
4526
1610
2771
3375
4633
1925
2347
3382
4521
1669
2181
3647
5078
1083
2863
3107
4810
1341
2412
4036
4801
1263
2877
3269
4594
1610
2411
3924
4299
1830
2233
3741
4931
1993
2925
3743
4096
1896
2277
3802
4715
1838
2887
3136
4495
1993
2399
3398
5025
1703
2573
3088
4119
1753
2233
3288
4153
1993
2936
3783
4853
1270
2274
3704
4869
1996
2567
3540
4720
1610
2506
3965
4654
1354
2432
4091
4494
1263
2255
4005
4127
1610
2567
3924
4977
1838
2233
3107
4999
1993
2877
3238
4934
1270
2751
3517
4604
2028
3051
3398
4196
1626
2619
3288
4281
1703
2567
3219
4519
1993
2712
3307
4540
1838
2952
3307
4540
1759
2936
3783
4519
1626
2130
3289
4766
1753
2453
3829
5082
1610
2215
3919
4942
1788
2678
4024
4816
1896
2881
3082
4313
1993
2789
3661
4728
1896
2198
3426
4226
1993
2412
3661
4352
1489
2857
3542
4292
1993
2412
3661
4999
1764
2913
3924
4307
1759
2333
3082
4354
1838
2678
3592
4942
1610
2857
3802
4814
1838
2889
3647
4855
1896
2567
3810
4743
1996
2130
3834
4273
1216
2693
4072
4961
1664
2983
3231
4595
1764
2323
3754
4171
1354
2323
3231
4653
1410
2323
4032
4814
1367
2983
3246
4664
1664
2557
4074
4640
1838
2901
3231
4354
1813
2174
3715
4178
1610
2174
3215
4633
1993
2174
3930
4453
1838
2298
3094
4178
1813
2174
3625
4567
1410
2174
3246
5027
1993
2174
3231
4983
1664
2174
3327
4965
1838
2923
3719
4583
1813
2923
3529
4903
1813
2923
3403
4888
1812
2923
3889
4302
1925
2150
3231
4379
1830
2459
3231
4853
1270
2148
3974
4180
1759
2983
3231
4307
1610
2599
3565
4264
1161
2323
4032
4171
1565
2599
3231
4275
1565
2323
3554
4400
1664
2923
3154
5105
1764
2323
3192
4171
1764
2599
3247
4770
2046
2983
3711
4788
1896
2983
3195
4171
1557
2323
3509
4473
1557
2966
4091
4743
1396
2538
3935
4122
1555
2225
3691
4180
2006
2862
3444
4820
1565
2130
3782
4227
1664
2395
4056
4743
1788
3024
3873
4218
1896
2400
3631
4218
1209
2395
4056
4264
1993
2074
3540
4733
1896
3024
3631
4941
1788
2395
3903
4176
1175
2400
3552
5093
1703
2333
3913
4977
1788
2074
3540
4289
1759
2395
3691
4861
1764
2395
3913
4600
1788
2918
3913
4358
1896
2395
3383
4942
1788
2074
3634
5093
1993
2395
3691
4733
2006
2459
3913
4918
1998
2309
3913
4248
1610
2234
3913
4860
1703
2918
3540
5045
1993
2918
3607
4727
1896
2918
3913
4274
1764
2918
3913
4728
1993
2918
3913
4226
1896
2918
3913
4971
1996
2508
3607
4314
1993
2746
3913
4289
1998
3024
3631
4393
1764
3024
3907
4108
1175
3024
3745
4864
1703
2918
3913
4313
1788
2913
3913
5079
1410
2957
3698
4892
1764
2913
3704
4898
1788
2333
3704
4931
1915
2544
4019
4386
1982
2989
3839
4855
1993
2489
3174
4948
1812
3042
3401
4462
1626
2344
3673
5108
1764
2261
3120
4938
1270
2455
3653
4943
1896
2612
3504
5093
1896
2691
3993
4860
1396
2952
3919
4606
1896
3042
3982
4756
1396
2952
4006
4606
2032
2521
3098
4889
1626
2696
3771
4766
1830
3041
3253
4672
1526
2085
3736
4731
1610
2332
3880
4712
1838
2777
3631
4949
1788
2947
3082
4727
1610
2455
3082
4712
1764
2789
3082
4862
1993
2333
3661
4861
1896
2678
3919
4307
1996
2198
3216
4174
1993
3024
3540
4190
1896
3024
3829
4730
1996
3024
3639
4541
1610
2771
3661
4358
1191
2233
3310
4307
1516
2567
3504
4127
1610
2411
3109
4106
1838
2989
3309
5108
1250
2764
3831
4961
1270
3041
3856
4540
1838
2968
3661
4684
1993
2459
3771
4820
1270
2731
3951
4695
1788
2830
3244
4927
1812
2612
3426
4655
1896
3008
3555
4971
1936
2741
3555
4660
2006
2190
3540
4136
1764
2952
3449
5050
1263
3033
3555
4660
1610
2233
3508
4675
1764
3003
3508
5070
1993
2521
3508
4296
1436
2552
3661
4918
1516
2657
3336
4292
1838
2972
3082
4905
1813
2782
4010
4540
1626
2511
3459
4801
1610
3038
3313
4727
1664
2877
4056
4636
1896
2567
3082
4860
1250
2274
3242
4484
1270
2406
3400
4462
1250
2185
4042
5093
1764
2536
3508
4243
1250
2233
4006
4942
1838
3029
3579
4620
1610
2150
3749
4514
1838
2741
3437
4443
1610
2452
4043
4457
1838
2889
3802
4772
1610
2225
3231
4456
1516
2567
3504
4864
1998
2344
3623
4645
1626
2097
3657
4540
1353
2535
3231
4127
1610
2255
3231
4510
1812
2274
3195
4741
1626
2952
3231
4119
1565
2716
3625
5042
1427
2531
3327
4264
1838
2923
3219
4659
1915
2923
3244
4983
1250
2923
3327
4756
1753
2233
3231
4942
1838
2923
4008
4654
1915
2978
3625
4657
1610
2923
3942
4353
1753
2137
3231
4537
1838
2137
3684
4788
1813
2884
3581
4874
1410
2884
3796
4866
1610
2923
3728
4510
1250
3028
4043
4180
1565
2326
3219
4514
1396
2717
4004
4743
1626
2923
3183
5108
1610
2255
3309
4743
1565
2130
3325
4743
1565
2225
3625
4593
1664
2119
4091
4414
1838
2764
3231
4875
1764
2150
3783
4335
1813
2224
3622
4259
1813
2862
3434
4127
1610
2746
3229
4855
1610
2957
4088
4185
1626
2130
3727
4677
1626
2108
3772
4122
1519
2649
4079
4743
1764
2791
4093
4335
1857
2261
3987
5025
1626
2936
3467
4979
1610
2936
3684
4494
2006
2347
3966
4193
1896
2097
3111
5027
1788
3028
3739
4855
1610
2791
4042
4610
1838
2952
3398
4241
1838
3069
3082
4389
1610
2332
3305
5038
1703
2915
3082
4108
1250
2707
3082
4389
1610
2233
3970
4494
1764
2952
3555
4720
1812
2620
4019
4443
1083
2859
3970
4346
1703
2111
3830
4272
1993
2506
4036
5087
1270
2751
4006
4621
1838
2347
3783
4167
1396
2841
3259
4845
1191
2085
3276
4519
1788
3054
3689
4743
1610
2585
3923
4875
1703
2459
3802
4133
1263
2697
3749
5093
1083
2910
3432
4983
1703
3066
3224
4801
1250
2508
3959
4845
1270
2289
3704
4845
1838
2701
3358
4495
1047
2380
3822
4332
1896
2628
3560
4855
1516
2406
3826
4374
1610
2608
3914
4241
1915
2862
3865
4881
1610
2233
3966
4812
1610
2985
3327
5118
1565
2889
3826
4379
1216
2186
3327
5094
1626
2510
3078
4133
1703
2165
3297
4506
1626
2253
3924
4484
1626
2350
4091
4985
1626
2949
3310
4938
1083
2209
3830
5091
1626
2647
3296
4150
1626
2253
3272
4855
1216
2412
4006
4109
1626
2608
4091
5110
1216
2678
4072
5043
1701
2452
3843
4292
1626
2844
3735
4801
1083
2700
3082
5056
1690
2174
3095
4296
1849
2697
3082
5024
1057
2678
4093
4839
1764
2298
3787
4771
1993
2298
3565
4364
1896
2450
3829
5015
1996
2298
3174
4889
1993
2450
3783
4296
1191
2137
3783
4756
1996
2884
4093
4756
1610
2884
3464
4905
1191
2884
3517
4756
1996
2884
4093
4756
1610
2884
3802
4977
1838
2989
3929
4227
1250
2884
3504
4756
1610
2884
3477
4977
1838
2884
3631
4747
1250
2884
3802
5076
1270
2884
3749
4647
1838
2884
3604
5041
1993
2884
3802
4766
1191
2884
3802
4241
1996
2233
3329
4720
1993
2214
3398
4452
1191
3007
3931
4211
1996
2764
3802
4196
1993
2833
3307
4127
1354
2185
3269
4197
1263
2225
3403
5003
1610
2628
3887
4882
1764
2936
4088
4393
2006
2815
3689
4999
1367
2233
4007
4933
1874
3066
3987
4335
1610
2225
3094
4462
1753
2233
3997
4705
1270
3034
4091
4317
1263
2344
3403
4462
1270
2484
3504
4971
1250
2344
3665
4907
1830
2484
3504
4540
1993
2344
3406
5007
1838
2952
3904
4831
1993
2177
3540
4720
1838
2905
3305
4817
1610
2905
3878
4296
1838
2162
3802
4696
1626
2208
3802
4860
2017
2165
3557
4878
1610
2573
3843
4237
1250
2612
3504
4970
1365
2179
3272
4518
1485
2923
3414
4540
1270
2208
3802
4610
1812
3071
3625
4881
1838
2923
3154
4680
1268
2639
3796
4098
1610
2923
3096
5105
1565
2764
3171
4494
1838
2923
3154
4389
1838
2054
3231
4860
1610
2923
4013
4479
1161
2923
3078
4899
1753
2879
3231
4636
1838
2923
3822
4495
1813
2983
3796
4335
1410
2824
3231
4391
1610
2923
3623
4604
1250
2923
3504
4287
1250
2608
3231
4285
1830
2923
3564
4776
1565
2289
3625
5040
1565
2789
3096
4305
1664
2567
3447
4814
1838
2567
4042
5096
1838
2860
3231
4814
1838
2639
3231
4150
1915
2717
3305
4855
1610
2332
3119
4574
1788
2659
4088
4307
1485
2923
3475
4855
1565
2309
3195
4547
1270
2276
3231
4389
1557
2659
3231
4636
1812
2920
3783
4414
2032
2884
4072
4855
1396
2923
3740
4855
1764
2261
3987
5105
1410
2983
3715
4264
1161
2966
3231
4615
1565
2983
3464
4334
1427
2915
4036
4589
1354
2966
3796
4547
1610
2717
3247
4684
1664
2434
3870
5087
1838
2966
3704
5022
1610
2717
3183
4562
1626
2147
3685
4855
1764
2659
3182
4122
1896
2323
4041
4405
1250
2966
3796
4346
1838
2048
3727
4234
1896
2746
4041
4970
1610
2966
3094
4950
1664
2293
3848
4876
1354
2323
3231
4585
1161
2983
3796
5074
1838
2949
3974
4264
1410
3043
4019
4414
1250
2659
3830
4733
1664
2264
3727
4510
1896
2966
3467
4680
1610
2255
3653
4305
1788
2801
3580
4855
1354
2923
3183
5096
1610
2208
3826
4541
1250
2323
3401
4965
1838
2923
4008
4150
1610
2659
3613
4877
1993
2801
3685
4205
1838
2659
3735
4414
1410
2659
4091
4414
1250
2966
3195
4414
1838
2233
3976
4855
1535
3052
3822
4860
1250
2185
4036
4414
1812
2233
3074
4743
1812
2208
3649
4877
1838
2054
4077
4440
1610
2148
4036
4877
1250
2257
4091
4518
1838
2972
3625
5098
1915
2398
3625
4606
1250
2717
3625
4640
1664
2659
3848
4444
1896
2277
3822
4855
1610
2966
4077
4743
1664
2261
3826
5039
1354
2660
4036
4743
1610
2717
4036
4502
1565
2677
3178
4305
1838
2905
3836
4180
1610
2905
3868
4743
1485
2208
3604
4919
1753
2208
3843
4890
1838
2143
3704
4288
1410
2966
3526
4414
1993
2348
3094
4510
1764
2077
3735
4559
1270
2143
3608
4193
1993
2659
3526
4742
1838
2085
3848
4988
1813
2966
3231
4302
1993
2463
4036
4855
1838
2147
3583
4743
1998
2639
3757
4532
1610
3069
4036
4655
1753
2923
3242
4193
1838
3042
3625
4855
1610
2411
3195
4412
1535
2321
3870
4581
1396
2101
3236
4533
1896
2332
4083
4855
1156
2147
3625
4347
1998
2659
3865
4389
1610
2966
3919
4860
1701
2619
4055
5105
1838
2323
3245
4759
1896
2966
3526
4860
1485
2350
4036
4877
1764
2344
3231
4988
1191
2966
3625
5096
1161
2257
3195
4432
1838
2321
3734
4768
1354
2957
3231
5105
1610
2966
3778
4743
1996
2659
3675
4743
1485
2642
3625
4215
1867
2347
3625
4171
1565
3069
3247
4743
1427
2915
3178
4877
1998
2608
4007
4457
1610
2101
4043
4484
1664
2659
3578
4267
1838
2085
3704
5109
1759
2820
4019
5093
1250
2252
3998
4264
1838
2623
3231
4855
1410
2253
4019
4414
1993
2077
3115
5093
1838
2101
3247
4476
1270
2741
3253
4532
1610
2889
3625
4779
1753
3041
3156
4414
1270
2143
4013
4561
1610
2918
4077
4915
1753
2923
3931
4542
1703
2862
4077
5108
1626
2923
3177
4173
1270
3041
3625
4950
1250
2274
3231
4686
1838
2820
3727
4447
1452
2952
3231
4150
1250
2257
3195
4681
1838
3017
3692
4456
1396
2923
3704
5117
1250
3041
3195
4414
1427
3055
3231
4897
1813
2434
3231
4324
1610
2918
3788
4743
1263
2344
3195
4346
1838
2868
4079
4426
1610
2651
3504
4965
1838
2130
3381
4407
1830
2923
3647
4843
1516
2484
3796
4950
1610
2411
3231
4692
1250
2923
3504
4983
1838
2869
3238
4877
1915
2544
3893
4302
1610
2820
3880
4167
1753
2233
3819
4414
1838
2989
4088
4518
1610
2820
4043
5069
1753
2143
3862
4743
1838
2261
3303
4779
1610
2884
3961
4789
1263
2824
3682
4254
1838
2567
4082
4318
1610
2788
3965
5107
1250
2412
3716
4877
1838
3017
3437
4881
1216
2905
3716
4479
1753
2208
4042
4884
1838
2149
3849
4730
1610
2788
3625
4536
1250
2257
3685
4726
1838
2208
3923
4882
1915
2567
3682
4960
1250
2233
3536
4414
1838
2741
3880
4743
1410
2289
3598
4977
1250
2918
3836
4518
1664
2777
3783
4335
1915
2801
4091
5106
1610
2923
3166
5012
1664
2881
3504
5109
1838
2097
3327
5093
1610
3012
3913
4976
1606
2801
3880
4743
1838
2923
3690
4477
1610
2905
3802
4999
1250
2957
4029
4899
1838
2727
3116
4755
1270
3041
3116
4161
1610
2889
3517
4979
1838
2824
3094
4949
1998
2918
3961
5041
1610
2649
3473
4928
1664
2314
3819
4918
1838
2923
3836
5077
1610
2208
3802
4202
1753
2208
4074
4202
1838
2085
3715
4877
1610
2968
4095
4877
1250
2252
3802
4928
1838
2738
3151
4264
1535
3052
3741
5087
1896
2434
3552
4877
1610
2968
4036
4965
1782
2552
4036
4965
1427
2085
3096
4397
1838
2567
4005
4878
1610
2978
3327
4459
1753
2403
3080
4180
1838
2567
3414
4743
1410
2088
3504
4806
1565
2923
3535
4530
1838
2275
3674
4479
1057
2434
3625
4654
1250
2185
3335
4259
1996
2567
3310
5093
1270
2208
3561
4477
1610
2147
3802
4255
1838
2130
3318
4518
1516
2978
3848
4202
1915
2939
3195
4253
1610
2535
3136
4743
1753
2130
3625
4454
1838
2478
3625
4593
1610
2733
3747
4127
1250
2628
3845
4743
1838
2190
3935
4839
1915
2968
3231
4983
1250
2185
3449
4337
1838
2869
3195
4510
1270
2148
4039
4768
1610
2649
3116
4820
1664
2697
3377
5093
1396
2883
3415
4135
2006
2986
3802
4710
2028
2801
3949
4949
1812
2455
3231
4302
1812
2284
3304
4743
1813
2314
3961
4264
1410
2347
4000
4264
1610
2905
4056
4554
1565
2677
3625
4443
1838
2883
3625
4307
1610
2091
3782
4810
1250
3041
3682
4938
1838
2143
3884
5050
1813
2434
3952
4414
