228
909
909
401
401
401
401
401
283
401
401
401
401
283
401
401
401
283
401
283
283
908
283
283
695
283
221
401
401
401
401
221
221
221
944
401
401
221
401
221
221
221
458
634
634
283
634
634
221
221
221
221
221
86
221
221
221
221
221
221
221
206
980
221
221
363
221
221
221
221
221
170
634
391
221
371
221
593
391
47
436
221
868
589
221
14
302
589
302
589
302
589
868
868
868
868
868
137
302
868
170
458
221
221
302
137
302
137
302
137
634
708
785
389
22
22
391
785
678
678
989
678
46
265
46
560
560
560
560
560
578
560
560
560
560
560
560
560
560
578
687
560
560
974
578
606
560
560
560
578
560
560
560
560
560
578
560
560
560
560
560
974
560
560
560
560
560
974
457
70
560
974
606
70
765
974
578
606
425
827
974
578
511
40
457
578
606
620
695
457
695
560
695
125
695
695
695
974
695
457
695
695
974
695
695
695
974
695
695
125
578
70
695
695
974
620
457
457
457
70
908
125
125
70
695
974
578
425
70
974
578
425
695
457
457
695
695
695
231
632
632
695
695
908
70
457
457
908
70
827
125
695
283
908
908
632
283
695
457
457
26
695
974
695
70
765
974
578
511
70
457
457
578
70
632
457
457
70
52
64
603
140
560
603
793
1004
560
14
942
527
750
750
750
689
956
272
333
603
750
448
942
750
750
93
1006
750
750
3
989
989
785
678
265
754
959
248
93
793
93
93
93
884
93
838
93
838
93
93
838
93
93
838
93
838
93
93
838
93
838
93
838
93
838
93
838
93
838
93
838
93
93
93
93
884
93
838
337
93
838
93
93
838
93
93
838
93
838
93
93
93
93
93
93
838
93
93
93
838
93
621
714
270
61
739
13
209
93
209
942
429
942
838
942
486
884
486
974
401
884
93
884
70
884
586
714
902
590
429
429
429
429
429
429
122
333
429
942
1004
429
458
113
70
942
778
689
362
113
714
429
984
942
429
942
429
458
429
429
984
429
429
113
429
703
429
113
221
458
26
221
911
484
312
755
671
967
478
967
549
549
549
549
549
28
942
549
944
549
221
221
221
980
170
980
553
275
312
755
549
391
549
549
549
391
140
549
549
549
549
549
302
589
302
458
391
302
589
131
989
194
573
1317
2740
3704
4210
1835
2680
3333
4250
1181
2986
3950
4931
1720
2407
3400
4766
1694
2368
3243
4117
1835
3009
3577
4810
1694
3017
3248
4150
2046
2119
3237
4905
1899
2165
3919
4676
1188
2162
3542
4233
1694
2411
3935
4726
1317
2343
3325
4132
1720
2746
3880
4654
1188
3055
3307
4096
1720
2985
3950
4211
1317
3055
3530
5089
1720
2115
3783
5020
1181
3012
3987
4150
1720
3009
3715
4810
1317
2619
3928
4821
1835
3009
3928
4810
1694
2119
3893
4121
1155
2830
3982
4119
1694
2788
3657
4624
1835
2489
3951
5049
1694
2694
4072
4384
2046
3009
3935
5094
1924
2709
3940
4891
1317
2907
3891
4654
1720
2224
3880
5029
1317
3012
3268
4950
1720
2746
3950
4830
1181
2818
3467
5029
1720
2510
3585
5009
1317
2968
3880
5114
1835
2985
3951
4949
1181
2928
3377
4184
1155
3017
3951
5094
1694
2506
3422
4624
1835
2976
3098
4812
1815
2307
3933
4800
2046
2714
3997
4589
1895
2985
3966
4484
1188
2544
3542
5114
1815
2985
3804
4589
2046
3034
3783
5029
1801
3012
3704
4731
1317
2907
4094
4982
1924
2510
3804
5108
1317
2928
3747
4955
1720
2788
3585
5058
1317
2801
3389
5026
1720
2939
3965
4593
1903
2791
4088
4615
1835
3009
3881
4604
1903
2869
3966
4681
1155
2464
3413
4460
1694
3009
3137
4760
1835
2694
3950
4120
1815
2649
3843
5049
2046
2694
3750
5029
1801
2638
3839
4221
1981
2330
3644
5059
1777
2350
4094
4925
1317
2968
3268
4624
1801
2119
3704
4949
1317
2907
3951
4296
1777
2467
3660
4346
1417
2889
3447
5041
1298
2467
3959
4215
1317
2694
3880
4866
1777
2877
3237
4654
1903
2986
3498
4654
1807
2411
3950
5115
1815
3032
4042
4830
2046
3039
4087
4346
1924
2990
3888
4624
1981
2793
3782
4962
1991
2949
3649
5031
1991
2350
3498
4800
1991
2528
4054
4773
1981
3009
4052
5096
1815
3009
3933
4484
1317
2813
3268
4132
1720
2788
4056
4132
1317
2225
3950
4747
1720
2552
3935
4950
1903
2877
3940
4624
1298
3009
3831
4971
1317
2649
3623
4624
1777
3012
3982
5029
1924
2976
3325
4443
1807
2411
3621
4906
1903
3008
3526
4296
1349
2119
3942
4608
1801
2119
3673
5059
1807
2800
3727
4589
1899
2544
3951
4335
1317
3009
3198
4384
1924
2788
3555
4866
1981
2277
3880
4624
1777
3017
3787
4624
1903
3017
3982
5089
1298
3029
3950
4983
1903
2869
4072
4624
1991
2818
3802
4256
1417
2985
3747
4615
1807
2277
3942
4306
1995
2889
3880
4150
1417
2642
3778
4132
1216
2985
3966
4162
1981
2260
3413
5114
1995
2986
3924
5118
2046
2350
4053
4835
1924
3009
3843
4767
1807
3009
3576
4839
1347
2813
3526
4997
1175
2264
3982
5009
1801
2567
3925
5075
1317
2567
3284
4184
1690
2185
3300
4560
1815
2567
4094
4938
1298
3017
3888
4407
1895
2889
3888
5094
2046
2143
3486
4853
1815
2434
3940
4274
1807
2748
4091
5112
1300
2619
3869
4221
1349
2350
3413
4474
1801
2162
3880
4221
1807
2434
3869
4934
1777
2434
4061
4484
2046
2567
3555
4533
1777
2567
3966
5018
1807
2567
3555
4934
1777
2434
3623
4601
1815
2567
3340
4456
1801
2567
3704
4145
1317
2567
3307
4921
1995
2800
4091
4866
1815
2800
3914
5089
1807
2800
4091
4733
1589
2567
4039
4876
1417
2567
3868
4184
1903
2990
3251
4593
1807
2809
3966
4508
1903
2976
3914
4239
2046
2577
3579
5018
1924
3017
3888
4589
1807
3017
3950
4624
1115
2942
3880
5059
1815
2907
3940
5011
1777
2735
3966
5112
1481
2567
3340
4184
1777
2325
3940
4184
1903
2877
3893
4624
1777
2097
3987
5112
1481
3023
3238
4150
1232
3017
3778
4927
1481
2985
3268
5059
1807
3007
3237
4145
1481
2612
3901
4949
1115
2869
3904
4307
1801
2531
4079
5108
1807
3032
4008
5089
1417
2925
3782
4145
1995
2350
3893
4150
1801
2421
3904
4936
1047
2510
3107
5041
1675
3050
3388
4111
1160
3008
3647
4817
1345
3008
3891
5058
2046
2897
3201
4829
2035
2813
3802
4977
1248
2535
3437
4921
1396
2588
3868
4621
1947
2946
3325
4676
2008
2702
4020
4927
1824
2403
3296
4529
1206
2240
3098
4096
2028
2735
3891
4836
1083
2798
3575
4327
1782
2764
3162
5040
1782
2326
3542
4985
1565
2826
3325
4928
1993
2436
3974
4678
1998
2936
4091
4306
1291
2399
3111
4771
1263
3050
3950
4181
1565
2347
3807
4636
1925
3047
3987
4170
1610
2133
3325
4636
1998
2130
3652
5020
1291
2284
3327
5087
1936
2881
3682
4599
1947
2347
3223
4482
1216
3047
3673
4599
1610
2165
3498
4249
1915
2922
3616
4369
1838
2636
3434
4559
1636
2497
3880
4929
1824
2753
3401
4307
1936
2130
3772
4770
1709
2770
3274
4903
1915
2477
3622
4306
1838
2764
3111
5041
1348
2989
4056
4719
2001
2728
3414
4392
1555
2933
3373
4335
1610
2455
3661
4906
1391
2952
3995
4698
1666
2588
3710
4917
2042
3050
3605
4496
1930
2631
3772
4527
1874
2266
3692
4916
1057
2489
3377
4933
1764
2259
3157
4200
1849
3007
3424
4526
1950
2321
3672
4335
1409
2612
3868
4608
1263
2182
3647
4700
1610
2082
3673
4307
1998
2510
3340
4457
1669
2620
3783
4936
1669
2728
4024
4384
1703
2350
3210
5037
1993
2942
3498
4243
1159
2868
4091
5094
1764
2791
3888
4284
1263
2506
3876
4548
1057
2489
3094
5090
2032
2687
3259
4820
1610
2837
3377
4700
1998
2464
3377
5106
1764
2636
3919
4173
1886
2820
3682
4439
1703
2088
3671
4813
1669
2933
3727
4184
1369
2111
4030
4593
1998
2990
3530
4379
1788
2525
3928
4931
2006
2388
3647
5029
1703
3063
3526
4856
1993
2506
3674
4985
1159
2949
3436
4526
1998
2564
3459
4335
1263
2224
3109
4759
2006
2936
3893
5112
2045
2949
3080
4634
1993
2735
3622
4465
1159
3050
3682
4732
1764
2944
3467
4302
2015
2510
3859
4111
1925
2925
3333
4151
1925
2350
3340
4335
1369
2825
3085
4755
1998
2989
3940
4856
1215
2484
3530
4202
1519
2619
3684
4240
1703
2721
3674
4346
1949
3047
3847
4891
1759
2619
3313
4099
1998
2535
3292
5095
1291
2868
3482
4905
1519
2470
3682
4676
1588
2411
3876
4145
1743
2649
3166
4852
1558
2579
3704
4401
1998
2612
3111
4728
1291
2997
3261
4813
1815
2156
3623
4728
1860
2090
3955
4800
1743
2944
4094
4242
2006
2097
3747
4906
1835
2880
3660
4903
1831
2938
3884
5112
1867
2321
3888
4246
2001
2642
3526
4927
1743
2552
3107
4620
2006
2097
3436
5112
1835
2788
3365
4931
1788
2993
3107
4636
1925
3063
3526
4985
1703
2350
3595
4961
1759
2443
3970
4437
1057
2746
4094
4985
1764
2506
3698
4255
1788
2119
3747
4919
1815
2564
3712
4967
1703
2942
3893
4175
1759
2443
3098
4919
1287
2727
3868
4593
1404
2945
3647
4985
1857
2944
3928
4931
2006
2801
3557
4876
1925
2350
3982
4906
1979
2579
3630
4624
1287
2942
3296
4961
1764
2407
3839
4407
2001
2721
3238
4448
1798
2374
4072
5111
1215
2949
3747
4949
1759
2788
3916
4526
1998
2478
3244
4561
1317
2567
3313
4170
1979
2833
3401
5108
1588
2992
3952
4150
1558
2255
3928
4853
1331
2489
3747
4888
1835
2677
3778
4386
1788
2722
3710
4985
2025
2467
3498
4983
1588
2525
3111
4384
1979
2531
3284
5094
1287
2240
3739
4431
1835
2510
4056
4250
1966
2771
3987
4601
1798
2644
3652
5037
1815
2741
3333
4755
1759
2811
3976
5020
1287
2411
3952
4676
1188
3008
3966
4625
1481
2619
3675
4608
1798
2484
4039
4830
1966
2889
3787
5094
1759
2942
3630
5026
1835
3008
3810
4971
1291
2859
3820
4701
1519
2407
3464
5037
1925
2979
3890
4193
1966
2591
3368
5011
1331
2800
3671
4755
1835
3008
3839
5095
1188
3008
3791
5095
1519
2863
3530
4490
1884
2088
4052
5094
1743
2478
3377
4997
1331
2564
3940
4889
1835
2421
3739
4334
1188
2619
3500
4324
1815
2153
4031
4150
1554
2350
3893
5110
1743
2746
3843
4763
1287
2313
4042
4853
1764
2626
3530
4465
1886
2644
4072
4510
1815
2421
3868
4106
1815
2525
3887
4615
1759
2945
3447
4873
1287
2859
3087
4810
1807
2626
4042
5094
1334
2467
4039
4623
1815
2351
4088
5115
2025
2314
4054
4386
1759
2844
4042
4971
1287
2844
3876
4853
1291
3023
3950
4656
1589
2944
3880
5077
1720
2869
3235
4471
1925
2887
3136
4844
1759
2928
3987
5020
1835
2097
3876
4665
1188
2536
3987
4507
1519
2262
3950
4601
2034
2088
4094
4865
1694
2478
3107
4145
1331
2464
3176
4931
1835
2942
3810
4364
1317
2735
3530
4296
1899
2820
3682
4927
1815
2279
3478
4193
1694
3008
4036
4302
1331
2552
3315
5046
1764
2665
3368
4702
1317
2844
3839
4335
1815
2182
3691
4905
1991
2350
3429
4852
1694
2544
3470
5112
1287
2411
3903
4936
1764
2841
3919
4629
1886
3000
4079
4835
1815
2942
3307
4284
1585
3000
3724
4620
1759
3000
3618
4221
1287
2411
3909
4717
1188
3055
3365
4184
1589
2619
4055
4687
2046
2350
4022
4258
1815
2942
3325
4692
1331
3071
3950
4864
1835
2552
3413
5114
1188
2552
3478
4364
1519
2245
3924
4983
2034
3017
3893
4983
1788
2985
3929
4105
1287
2985
3098
4684
1835
2470
3935
5110
1788
2811
4042
4835
1815
2944
3623
4889
1815
2844
3747
4852
1694
2579
3966
4678
1287
2717
4065
4829
1835
2889
3807
4926
1886
2095
3893
5112
1815
2421
3674
4853
1607
3017
3141
4525
1759
2721
3107
4426
1287
2568
3437
4258
1188
2224
3810
4255
1589
2813
3437
4676
1815
2883
3887
4985
1966
2949
4056
4119
1558
2161
3327
4561
1835
2944
3377
4184
1764
2889
3929
4480
1905
2128
3705
4864
1815
2544
3237
4119
1955
2255
3618
4889
1610
2639
3142
4237
1764
2731
3909
4750
1764
2609
3842
5112
1771
2833
3506
4648
1815
2434
3869
4221
2035
2130
3976
4456
1759
2788
3924
4620
1764
2964
3822
5106
1481
2060
3303
5056
2035
2276
4088
4593
1949
2088
3844
4855
1801
2889
3154
4460
1931
2148
3526
5105
1764
2276
3498
4678
1788
2462
3542
5011
1815
2419
3447
4221
1815
3055
3772
5105
1801
2314
3674
4636
1287
2333
3864
4845
1764
2270
3777
4153
1788
2276
3450
4492
1815
3063
3413
4364
1481
2350
3413
5087
1945
2856
3261
5049
1287
2833
3929
4684
1764
2800
3844
4629
1886
3022
3259
5112
1892
2882
3802
4505
1392
2933
3959
4364
2032
2097
3503
4351
1764
2573
3929
4600
1764
2987
3388
4852
1931
2326
3929
5059
2046
2856
3595
4770
2032
2083
3107
4296
1801
2912
3782
5027
1764
2925
3728
4733
1659
2756
3182
4501
2035
2728
3413
4315
1457
2350
3862
4903
1867
2531
3095
5027
1457
2097
3704
4835
1764
2121
3603
4756
1666
2270
4016
4739
2035
2591
3940
4757
1583
2185
3976
4875
1455
2083
3912
4915
1838
2925
3428
4508
1606
2380
3601
4855
1191
2206
4032
4484
1263
2966
3264
4351
1703
2467
4006
4998
1250
2887
3876
5096
1896
2601
3398
4722
1626
2619
3269
4559
1838
2796
3380
4972
1610
2888
3773
4477
2032
2399
3603
4250
1812
2259
3508
4412
1838
2769
3216
4220
1610
2691
3508
4843
1996
3043
3524
4729
1270
2083
3525
4220
1753
3007
3870
4220
1270
2968
3603
4928
1996
2424
3675
4436
1270
2702
3165
5026
1753
2702
3464
5105
1270
2064
3598
4477
1250
2529
4042
5096
1424
2820
4005
4843
1250
2270
3855
4855
1270
2604
3570
5047
1812
2255
3603
4474
1354
2700
3504
4478
1250
2343
3608
4710
1354
2529
3580
4429
1535
3069
4027
4817
1838
2828
3872
4306
1610
3022
3180
4220
1516
2968
3104
4873
1270
2529
3478
5027
1753
2857
3984
4459
1270
2701
3663
4817
1516
2828
3764
4414
1896
2905
3398
4449
1250
2801
3231
4766
1896
2883
3347
4854
1250
2589
3809
4349
1354
2257
3876
4119
1250
2050
3870
4122
1354
2257
3111
4464
1535
2407
3500
5027
1838
2642
3508
4412
1610
2723
3205
4743
1838
3071
3684
4743
1410
2968
3880
5027
1664
2748
3231
4776
1610
2209
3684
4810
1516
2320
3839
4414
1896
2354
3625
4593
1059
2257
4032
4346
1410
2883
3231
4346
1635
2889
3881
4122
1998
2905
3625
5049
1250
2257
3265
4501
1354
2257
3086
4514
1993
2905
4035
4264
1666
2890
3887
5029
1161
2701
3997
5027
1764
2905
3580
5047
1410
2283
3800
4893
1664
2925
3976
5027
1896
2463
4053
4122
1516
2990
3684
4414
1896
2788
3930
4539
1516
2105
4042
4432
1896
2705
3764
4220
1788
3011
4053
4117
1354
2419
3773
4721
1993
2912
3557
4721
2032
2883
3508
4362
1557
2133
3557
5059
1764
2890
3078
4175
1161
3022
3698
4181
1764
2608
4041
5027
1410
2257
4053
4929
1664
2415
3621
4926
1161
2219
3603
4756
1788
2419
4077
4117
1896
2788
4077
4220
1664
2255
3504
5058
1057
2918
4077
4221
1788
2905
3684
4412
1998
2054
3413
4845
1788
2162
3526
4824
1896
2253
3596
4767
1993
2920
3508
4349
1764
2877
3802
4713
1694
2623
3603
4985
1764
2329
4077
4422
1993
2182
3862
4796
1764
2869
3523
4784
1759
2398
4077
5027
1764
2990
3976
5105
1801
2097
3335
4249
1664
2860
4032
4618
1696
2121
3737
5056
1788
2918
3778
4170
1998
2815
3883
5096
1788
2350
3335
5027
1057
2544
3788
4490
1812
2276
4016
4615
1998
2583
3909
4722
1993
2802
3548
4615
1703
2378
4077
5020
1993
2860
3182
4164
1764
2419
3910
4532
1993
2941
3950
4412
1764
2925
3437
4414
1759
2941
4014
4364
1764
2350
3437
4875
1947
2090
3572
5096
1788
2792
3862
4684
1896
2300
3684
4501
1664
2792
3924
5027
1057
2276
3909
5112
1886
3055
3133
5105
1998
2478
3976
4673
1588
2165
3133
4624
1896
2877
3800
4456
1993
3007
3182
4274
1764
2649
3967
5027
1993
2941
4008
4589
1925
2525
3088
4629
1759
2771
3413
4961
1764
2793
3685
4768
1759
2724
3437
4786
1788
2608
3706
4817
1896
2452
3665
5002
1317
2833
4027
4713
1896
2452
3619
4221
1788
2162
3506
4318
1287
2939
3952
5027
1788
2717
3647
5041
1896
2928
3901
4221
1993
3007
3506
4678
1764
2936
3824
4895
1993
2434
3182
4407
1264
2792
3292
5089
1801
2079
3704
5112
1291
2378
3115
5089
1759
2378
3887
5096
1788
2976
3891
4221
1287
2276
3095
5106
1188
2976
3967
4919
1720
2941
3890
4786
1788
2941
3804
5089
1287
2123
3198
5090
1788
2976
3437
4449
1720
2976
3935
4262
1788
2792
4093
4817
1764
2792
3704
4855
1694
2792
3914
4164
2046
2079
3333
4926
1801
2079
3698
4615
1764
2820
3950
4318
1815
2976
3862
4710
2046
2918
3929
4810
1759
2788
3933
4629
1317
2941
3887
5037
1815
3008
3887
4855
2035
2889
3437
4855
1720
2788
3183
4997
1788
2813
3437
4808
2035
2411
3783
4900
1481
2314
3862
4612
1287
2642
3557
4646
1788
2398
4004
4221
2046
2649
3649
4221
1694
2920
3413
4379
1807
2628
3928
4817
2028
2949
3843
5105
1299
2128
3727
4696
1759
2941
3201
4747
1764
2792
3494
4221
1815
2964
3133
4855
2035
2350
3182
5049
1287
2939
3862
4673
1317
2378
3951
4318
2035
2411
3095
4611
2035
2478
3976
4629
1287
2054
3095
4629
1481
2887
3783
4629
1481
2941
3327
5041
1857
2531
3095
5077
1807
2925
3437
4474
1690
2889
3698
4332
2046
2792
3869
4875
1991
2535
3133
4921
1807
2800
3087
4477
1815
2079
3887
4519
1991
2628
3893
4376
1720
2817
3777
4153
1317
2907
3327
4661
2035
2411
4061
4629
2035
2889
3665
4629
1777
2788
3802
4629
1334
2877
3437
5115
1815
2399
3437
4660
1589
2889
3437
4900
1807
2411
3437
4936
1903
2925
3876
4615
2046
2966
4079
4938
1801
3041
3747
4221
1807
3000
3684
5037
1884
2325
4079
4720
1991
3047
3891
4810
1801
2585
3673
4810
1910
2257
4085
5022
1426
2901
3169
4939
1240
2255
3376
4430
1707
2746
3082
4501
1788
2848
3082
4971
1426
2639
3270
4501
1694
2260
3082
4673
1287
2609
3082
4221
1788
2844
3673
4540
2046
2412
3925
4536
1426
3069
3082
4221
1807
2260
3698
4540
1054
2901
3535
4855
2046
2869
3437
4340
1759
2928
3437
4699
1807
2976
4052
4839
2035
2609
3782
4263
2035
2844
3893
4399
1720
2091
3531
4274
1317
2091
3909
5072
1481
2260
3198
4384
1815
2609
3376
4931
1807
2985
3623
4771
1317
2649
3925
4145
2046
2928
3595
4540
1924
2976
3530
5118
1807
2800
3114
4705
1895
2452
4079
4831
1991
2801
3869
4961
1924
2976
3928
4170
1807
2452
3530
4800
1903
2162
3241
4601
1607
2350
3783
4624
1801
2928
3673
5079
1807
2877
3673
4839
1216
2811
3307
5031
1707
2232
3376
4216
1707
2989
3925
4545
1426
2848
4042
4351
1426
2260
3555
5070
1299
2260
3526
4149
1720
2609
3801
4454
1054
2848
3398
5022
1426
2801
3268
4705
1815
2260
3555
4715
1835
2901
3967
5011
1054
2901
3810
4720
1216
2848
3727
5090
1426
2097
3777
5079
1299
2260
3182
5112
1589
2844
3736
4926
1317
2640
3526
4511
1801
2928
3182
4858
1317
2260
3777
5114
1777
2470
4088
4853
1815
2844
3736
4221
2046
2788
3925
4860
1690
2990
3928
4221
1347
2260
3942
5012
1815
3055
3623
4150
1317
2883
3777
4305
1347
2411
3437
4876
2035
2889
3928
5040
2035
2883
3530
5114
1903
2727
3747
4132
1788
2649
3925
4608
1807
2877
4091
4384
1347
2918
3782
5114
1300
2925
3893
4835
1216
2119
3880
4931
1759
2925
3910
4302
1694
2277
3682
4144
1753
2378
3990
4406
1305
2378
3990
4478
