567
582
883
644
886
161
130
512
218
472
569
566
262
1020
297
406
898
273
906
644
265
161
642
890
19
672
929
538
987
765
624
699
481
625
390
946
538
102
976
464
406
672
472
403
280
848
1020
911
829
898
684
815
856
102
248
449
406
672
472
569
538
305
80
512
406
672
946
946
566
757
251
822
746
388
672
284
566
538
97
280
406
898
698
270
951
739
739
608
512
19
485
472
848
352
43
97
406
481
226
946
84
352
924
888
924
621
273
582
951
53
417
161
311
92
19
485
472
668
848
146
280
621
898
485
284
538
262
146
746
898
672
472
538
987
657
251
746
218
882
569
538
848
280
406
898
281
270
61
528
642
864
311
864
672
472
569
410
43
680
297
256
672
188
582
538
262
1020
262
406
672
672
569
513
556
280
943
97
829
698
776
53
478
161
130
399
388
672
472
848
668
539
255
577
672
390
883
920
262
1020
438
855
672
495
848
566
710
703
131
27
226
906
596
53
728
161
642
406
672
472
569
668
848
608
97
399
672
487
84
777
102
976
512
898
672
882
52
513
988
52
988
12
802
273
156
352
402
116
402
406
933
485
569
848
352
262
1020
746
898
273
270
856
528
478
37
949
898
672
156
848
774
142
1020
406
898
226
906
644
352
924
1020
924
406
388
672
569
352
305
624
256
898
226
946
538
352
924
251
97
406
672
672
569
848
13
624
280
621
273
582
776
53
501
739
924
864
672
472
569
668
486
512
97
290
226
946
756
757
251
374
251
406
672
390
284
566
305
280
297
406
898
270
646
53
417
311
486
406
672
472
781
352
43
624
512
406
625
906
777
538
417
1020
262
406
672
472
582
270
61
739
486
406
672
929
569
848
924
864
97
406
672
472
284
856
43
976
822
399
673
729
946
566
538
280
280
406
388
317
284
951
417
161
577
131
673
226
906
596
53
642
161
642
406
112
472
569
990
1004
990
126
19
672
582
284
951
478
990
577
126
672
472
280
538
990
657
126
406
171
698
270
53
102
161
545
512
19
485
764
889
513
864
311
399
92
485
809
513
1004
110
297
621
898
19
164
270
513
1020
297
406
226
906
815
848
102
976
311
468
388
764
815
566
262
1020
710
898
92
729
777
920
306
1020
214
368
898
485
815
856
889
641
438
92
246
1838
2629
3877
4392
1455
2206
3197
4559
1455
2406
3407
4361
1396
2343
3783
4613
1984
2326
3974
4885
1455
2185
3232
4432
1849
2454
3760
4671
1424
2182
3373
4171
1606
2887
3226
4691
1057
3028
3226
4099
2032
2451
3226
4330
1947
3062
3620
4251
1824
2360
3345
4195
1792
2405
3414
4324
1784
2915
3166
5077
1838
2665
3136
4591
1874
3069
3674
4937
1082
2957
3080
4755
2028
2528
4055
4937
1597
2627
3504
5011
2028
2964
3715
4911
1348
2274
3787
4510
2032
2863
3260
4717
1947
2284
3535
4839
2042
2825
3669
4970
1503
2083
3219
4586
1584
2514
4049
4113
1841
2535
3414
4263
1610
2332
3303
5108
1725
2383
3509
4255
1784
2660
3509
4188
1746
3062
3856
4686
1436
2699
3266
4297
1191
3029
3095
4328
1436
2991
3288
5110
1703
2883
3244
5027
1436
2627
3422
4620
1703
2525
3861
5039
1597
2965
3657
4242
1996
2356
3243
4255
1920
2884
3724
4526
1555
2956
3728
4636
1703
2837
3436
5100
1802
2307
3288
4339
1764
2154
3288
4873
1584
2224
3307
4168
2032
2716
4042
4792
1584
2224
3747
4221
1886
3035
3382
4866
1812
2944
3892
5009
1359
3039
3896
4361
1984
2133
3376
4993
1567
2644
3288
4124
1837
2434
3724
4662
1348
2463
3535
4128
1348
2153
3913
5072
1947
2794
3287
4665
1610
3063
3913
4096
1610
3063
3913
4246
1436
2751
3130
4637
1057
2277
3288
4127
1874
2910
3081
4585
1270
2965
3513
4794
1191
2897
3982
4779
1874
2312
3320
5108
1703
2925
3778
4133
1828
2082
3675
4168
1555
2807
3752
4457
2001
2978
3771
5032
1555
2741
3989
4116
2001
2393
3307
4561
1206
2997
3657
4845
2032
2937
3881
5100
1604
2264
3504
4366
1975
2759
3740
4506
1604
2618
3953
4258
1737
2372
3619
5047
1604
2945
3525
4227
1812
2512
4091
4116
1584
2588
3509
5108
1828
2453
3659
5046
1784
2650
3453
4307
1812
2093
3487
4267
1660
2697
3254
4502
1984
2398
3358
4788
1436
2771
3649
4608
1985
2752
3259
4639
1346
2726
3855
4924
1348
2849
3726
4924
1555
2279
3745
4902
2042
2253
3400
4741
1555
2430
3965
5009
1824
3043
3924
4676
1937
2118
3406
4519
1409
2608
3645
4839
1263
2093
3477
4924
1874
2766
3406
4403
2045
2497
3438
4873
1695
2093
3661
5036
1874
2560
3844
4943
2001
2380
3727
4307
1567
2825
3831
4921
1250
2215
3661
4952
1837
2130
4053
4423
1348
2989
3737
4215
1837
2862
3778
4532
1610
2629
4032
4305
2006
2560
3694
4513
1947
2277
3583
4458
1057
2178
3843
4227
2045
2964
3297
4570
1268
2168
3082
4670
1452
2579
3704
4786
1599
2082
3358
4793
1409
2455
3158
4731
1880
2977
3668
4488
1703
2164
3747
5045
1920
2626
3525
4661
1669
2274
3924
4715
1215
2347
3365
4715
2001
2374
3675
4737
1996
2964
3507
4754
1838
3028
4093
4941
1267
2759
3151
4702
1691
2920
4093
4736
1584
2100
3652
4444
2045
2647
3682
4659
1455
2608
3671
4546
1409
2223
3126
4157
1436
2771
3525
4608
1669
2329
3576
5031
1597
2532
3682
4465
1985
2626
3738
4449
1565
3043
3622
4862
1475
3029
3682
4927
1565
2100
3820
4502
2042
3047
3649
4217
1555
2920
3180
4763
1409
2186
3832
4374
1874
2695
3738
4615
1874
2608
3394
4906
1409
2933
4053
4715
1993
2320
3580
4978
1993
2672
3111
5039
1935
2868
3649
4505
1993
2528
3293
4502
1610
2672
3684
4869
1353
2945
3662
4462
1610
2579
4049
4540
1436
2676
3107
5025
1270
2674
3274
4740
1705
2326
4014
4927
1436
2274
3307
5029
1191
2137
3672
5046
1348
2088
3704
4605
1746
2820
3610
4307
2010
2260
3659
4527
1555
2682
3753
4119
1555
2567
3156
4578
1814
2604
3107
4779
1814
2938
3107
4474
1503
2464
3608
4286
1874
2636
3517
4211
1479
2253
3905
4623
1984
2997
3919
4437
1348
2579
3832
5047
1812
2740
3831
4779
1348
2641
3082
4965
1224
2289
3826
4227
1880
2920
3931
4105
1828
2100
3237
4109
1148
2579
3771
4519
1880
2912
3577
4979
1792
2760
3662
4702
2045
2419
3791
4965
1950
2912
3900
4127
1881
2253
3880
4422
1984
2965
3734
4241
1409
2528
3245
4307
2008
2881
4043
4173
1705
2531
3654
4806
1348
2665
3432
4779
1424
2979
3977
4731
1083
2284
3329
5011
1424
2660
3815
4593
1424
3023
3428
4715
2042
3015
3291
4474
2032
2945
3307
4715
1950
2347
3283
4779
1874
2868
3376
4803
1874
2601
4024
4426
1409
3007
3376
4443
1666
2252
3778
4160
1925
2877
3376
4681
1455
2901
3340
4620
1424
2579
3885
5108
1263
2130
3676
4972
1828
2883
3672
4691
1263
2153
3728
4339
1771
2404
3623
4434
1590
2448
3219
4189
2001
2965
3307
4575
1403
2289
3525
5005
1996
2718
4024
4970
1747
2613
3797
5007
1348
2214
3818
4616
1270
2468
3538
4196
1828
2154
3257
5043
1947
2154
3868
4980
1880
3029
3119
5034
1937
2270
4030
5108
2011
2177
3243
4183
1703
3065
3728
4866
1937
2691
3771
4971
2001
2604
3771
4927
1784
2577
3307
5039
1838
2264
3348
4804
1503
2715
3996
4839
1683
2298
3234
4957
1307
2726
3588
4098
1555
2298
4093
5025
1455
2320
3346
4161
1604
2326
3969
4564
1880
2253
3370
4240
1950
2678
3856
4598
1597
2682
3745
4264
1584
2701
3652
4462
1703
2945
3376
4462
1584
2674
3400
4332
1409
2952
3880
4705
1874
3043
3075
4571
1996
3006
3937
4332
1877
2997
3110
5019
1828
3012
4032
4637
1455
2568
3440
5049
1263
2253
3292
4833
1346
3065
3315
5110
1950
2360
4047
4783
1597
2705
3478
4822
1263
2452
3283
4715
1828
2445
3191
4715
1950
2964
3674
5040
1864
2612
3778
5036
1812
2185
3577
5108
1753
2436
3732
5005
1666
2154
3814
4376
1348
2255
3929
4215
1660
2579
3459
4133
1828
2274
4067
4715
1348
2082
3186
4348
1947
2986
3694
4513
1597
2343
3535
5108
1802
3063
3694
5007
1920
2588
3435
4691
1792
2809
3072
4196
1564
2730
3952
4196
1886
2510
3681
4563
1880
2525
3811
5107
1937
2937
3380
4287
2001
2272
3100
4900
1993
2770
3781
4203
1849
2945
3622
4196
1920
2574
3771
4194
1947
2567
3966
4098
1857
2130
3107
5107
1750
2156
3647
4418
1838
2434
3986
4551
1040
2313
3200
4203
1814
2130
3737
5043
1455
2316
3171
4533
1427
2751
3320
4639
1270
2682
3747
4389
1950
2497
3833
4733
1597
2429
3314
4584
1427
2644
3376
4174
1838
2246
3376
4517
1812
2508
3320
4462
1782
2309
3358
5108
1837
3028
3675
4369
1996
3035
3081
4109
1083
2883
3376
5043
2042
2272
3974
4320
1565
2253
3377
4465
1479
2741
3977
4234
1998
2579
3705
4496
1950
2989
3363
4845
1597
2433
3455
5027
1263
2965
3745
4864
1838
3023
3487
4320
1669
2813
3377
4548
1597
2130
4085
4670
1880
2225
3226
4369
1838
2531
3694
4369
1984
2765
3661
4369
1669
2277
3639
4620
2045
2920
3751
4369
1838
2304
3436
4171
1480
2989
4083
4731
1558
2434
3781
4985
1703
2787
3464
4281
1480
2965
3675
4776
1783
2612
3202
5045
1597
2753
3979
4203
1409
2849
3135
4512
1828
2627
3707
4805
2010
2510
3739
4437
1722
2862
3098
4406
1824
2721
3661
4508
1931
2881
3576
4712
1785
2868
3500
4462
1048
2952
3165
5046
1583
2629
3183
4474
1947
2697
3235
5089
1409
2369
3736
4891
1691
2264
3200
5036
1435
2507
3217
4721
1683
2934
3399
4393
1597
2833
3832
4946
1455
2901
3826
4386
1880
2332
4047
4440
1669
3003
3881
4770
1996
3003
4014
4161
1758
3003
3554
4289
1436
2054
3508
4173
1984
2156
3317
4993
1812
2143
4053
5026
1783
3029
3846
4215
1555
2912
3595
4253
1409
2253
3868
4151
1985
2297
3938
4389
1584
2860
3684
4673
1802
2644
4014
4302
1824
2100
3325
5027
2010
3028
3508
4293
1436
2825
3508
4884
1480
2100
3377
4410
1828
2774
3110
4293
1555
3038
3478
4692
1290
2644
3886
4981
1396
2701
3581
4817
1424
2489
3661
4412
1584
2825
3831
4530
1263
2697
3577
4307
1555
2168
3647
4307
1597
2925
3504
4307
1455
2090
3335
4307
1812
2093
3888
4673
1348
2756
3313
4610
1555
2521
3226
4797
1191
2957
3073
4161
1932
2455
3856
4369
1837
2746
3621
5056
1412
2314
4032
5098
1824
2608
3398
4665
1555
2712
3314
4635
1455
2811
3526
5078
1455
2644
3682
4691
1812
3051
4091
4473
1612
2741
4043
4854
1920
2778
4006
4402
1949
3035
3868
4662
1057
2282
3307
4519
1812
2888
3932
4251
1040
2782
3875
4806
1610
2259
3414
4623
1963
2630
3684
5046
1340
2058
3963
5082
1288
3046
3705
4827
2024
2751
3449
4218
1564
2314
3319
4338
1361
2751
3276
4916
1874
2064
3276
4720
1636
2455
3654
4814
1636
2629
3671
4891
1666
3016
3982
4220
1455
2463
3088
5044
1346
2465
3292
5078
1610
2462
3473
4193
2024
2284
4067
4949
1424
3041
3738
4662
1555
2567
3916
4335
1057
2874
3269
5046
2042
2802
4084
4599
1824
2214
3333
4260
2011
2214
3647
4251
1998
2588
3219
4096
1814
2264
3564
4677
1975
3039
3684
4457
1270
3035
3886
4301
2024
2274
3875
4748
1269
2957
3234
5108
1669
2255
3851
4220
2024
2660
3329
4605
1806
2443
3610
4211
1806
2484
3266
4662
1882
2986
3692
4617
1806
2252
3307
4547
1178
2130
3480
5027
1874
2907
3259
4869
1862
2182
3647
4514
1936
2252
3783
4637
1610
2775
3521
4893
1838
2935
3571
4699
1610
2388
3551
4620
1263
3000
3621
4715
1057
2454
3937
4755
1263
2705
3447
4338
1998
2830
3557
4171
1993
2765
3462
4831
1764
2820
3333
4133
1455
2130
3331
4175
1609
2185
3098
4164
1178
2347
3191
4550
1409
2925
3729
4605
1980
2309
3097
4546
1920
2165
3728
4803
1996
2936
3896
4853
1996
2450
4030
4906
1996
2448
3916
4393
1606
2741
3857
5049
1839
2507
3212
4869
2001
2912
3442
4201
1950
2764
3341
4424
1925
2133
3997
4604
1950
2332
3979
4692
1330
2133
3979
4987
1837
2815
3740
4676
1728
2185
4085
4955
2008
2383
3771
4470
1973
2347
3447
4331
2006
2344
3916
4575
2045
2979
3511
5005
1892
2830
3581
5034
1703
2153
3929
4608
1455
2618
3363
4363
1626
2629
3291
4244
1443
2337
3086
4887
1838
2897
3376
4973
1346
3007
3309
4140
1996
2148
3348
4322
1839
2394
3689
4759
1996
2289
3382
4540
1555
2953
3325
4659
1263
2884
3887
5100
1215
2946
3728
4337
1263
2090
3728
4320
1784
2820
3577
4451
1837
2478
3293
4613
1713
3021
3767
4988
1455
2443
3380
4161
1480
2225
3551
4103
2006
2579
3994
5108
1409
2717
3726
4551
1480
2820
3742
4494
1746
2489
4083
4196
1703
2393
3990
4196
1758
2801
3176
5029
1703
2176
3721
4424
1703
2944
4003
4676
1814
2264
3382
5010
1230
2143
3774
4857
1592
2085
3829
4512
1412
2744
3465
4692
1984
2912
4093
4809
1812
3003
3916
4578
1455
2920
3508
4809
1431
2733
3217
4202
1455
2054
3758
4710
1436
2912
3672
4721
1436
2253
3660
4342
1424
2185
3297
4215
1489
2986
3954
4474
1191
2623
3554
4763
1555
2912
3877
4814
1718
2544
3868
4366
1874
2177
3984
4373
1874
2337
3870
4692
1452
2659
3907
4892
1996
2133
3859
4570
1513
2862
3560
4661
1409
2284
3843
5098
1993
2912
3753
4437
1828
2360
4053
4443
1939
2862
4014
4937
1436
2311
3198
4843
1057
2277
3649
4374
1057
2712
3546
4639
1270
2317
4029
4335
1191
2054
3820
4914
1874
2082
3310
4684
1703
2168
3364
4646
1838
2185
3831
4961
1920
2912
3482
4477
1920
3028
3126
4211
1996
2701
4091
4827
1846
2314
3945
4690
1737
2964
3606
4300
1480
2547
3340
4332
1263
2682
3924
4364
1480
2741
3929
4175
1837
2057
3692
4413
1669
3020
3647
4368
1837
2965
3216
4819
1669
3023
3078
4119
1660
3043
3591
4133
1519
2137
3868
4374
1660
2320
3348
4608
1396
2182
3653
4676
1503
2246
4085
4381
1718
2186
3251
4555
1750
2421
3197
4640
1437
2150
3555
4906
1409
2253
3692
4924
1837
2156
3340
4755
1480
2434
3705
4533
1584
2054
3849
4820
1437
2403
3406
5082
1784
2223
3628
4733
1828
2933
3525
4522
1455
2100
3812
4901
1403
2724
3622
4930
1935
2560
3621
4392
1610
2860
3595
4988
1436
2887
4032
4398
1824
2608
3526
4109
2010
2153
4053
4287
2032
2419
3728
4703
1555
2590
3634
4525
1874
2054
3684
4856
1925
2314
3107
5027
1824
2398
3358
4455
1789
2769
4091
5013
1985
2874
3867
4914
1191
2364
3645
5078
1597
2965
3867
4850
1874
2399
3509
4196
1920
2191
3888
4662
1409
2274
3307
4497
1920
2284
3945
4274
1669
2521
3382
4561
1555
2677
3728
4346
1839
2451
3535
4783
1263
2452
3732
4560
2032
2300
3078
4332
1604
2564
3977
4714
2045
2802
3617
4496
1267
2202
3364
4997
1961
2225
3716
4640
1837
2560
3581
4374
1718
2324
3082
4977
1984
2178
3082
4346
1669
2344
3082
4474
1346
2054
3082
4181
1348
2156
3082
4748
1725
2752
3507
4998
1824
2505
3175
4698
1830
2793
3662
4726
2042
2997
3096
4819
1828
2228
3244
4875
1263
2787
3715
4800
1918
2636
3363
4736
1837
3028
3988
4324
1950
2850
3491
4928
1784
3010
3649
4801
1837
2579
3335
4624
1455
2090
3881
4246
1455
2964
3525
4790
1436
2912
3605
4849
1270
3068
3314
5049
1346
2701
3619
4456
1489
3009
3740
4474
1555
2862
3649
5032
1703
2937
3317
4629
1555
2731
3855
4631
2010
3028
3843
4972
2010
2912
3340
4318
1703
3043
4056
4127
1874
2314
3406
4651
1606
2525
3082
4537
1925
2830
3307
4873
1830
2531
3659
5020
1984
2672
4070
4333
1436
2399
3478
4494
1705
2868
3436
4507
1920
2388
3715
5108
1409
2922
3797
4151
1703
2937
3132
4307
1409
2952
3728
4613
1839
2153
3259
4957
1824
2741
3288
4295
1996
2629
4053
5077
1996
2691
3605
4779
1824
2521
3232
4665
1385
2380
4053
4418
1257
2620
3810
4393
1828
2433
3580
4797
1250
2724
3993
4471
1348
2892
4074
4743
1993
2434
3644
5002
1784
3071
3729
4800
1348
2912
3791
4096
1455
2691
4053
4540
1874
2443
3175
4873
1452
2100
3787
4908
1480
2360
3754
5056
1343
3021
3993
4346
1737
2989
3581
4552
1346
2105
3509
4988
1880
2497
3682
4991
1828
2770
3595
4692
1837
2601
3480
4530
1555
2741
3728
4339
1479
2770
3301
4298
1947
2874
3704
4369
2006
2980
3307
4873
2011
3046
4074
4860
1409
2567
3906
4665
1824
2887
3237
4970
1597
3047
3732
4670
1784
3066
3623
4655
1664
2320
3888
5056
1950
2771
3916
4927
1555
2938
3414
4203
1597
2455
3778
4748
1057
2567
3978
4096
1348
2573
3335
4588
1409
2645
3881
4829
1703
2986
3843
5025
1206
2130
4006
4337
1290
2874
3313
5023
1586
2801
3327
4703
1455
2939
3291
4613
1837
2512
4091
5010
1996
2094
4091
4364
1874
2484
3291
4419
1057
2320
3256
4991
1403
2148
3730
4856
1770
2165
3708
4686
1610
2478
4052
4801
1555
2464
3913
4533
1346
2825
3576
4267
1409
2232
3885
5023
1886
2647
3797
4801
1243
2764
3797
4843
1839
2579
3354
4726
1746
2320
3818
4621
2006
2883
3913
4961
1480
2964
3745
4203
1993
2880
3952
4194
1743
2137
3715
4702
1555
2949
3977
4665
2006
3047
3393
4454
1666
2760
3730
4691
1686
3066
3681
4547
1559
2644
3152
4754
1211
2130
3209
4143
1814
2082
3507
4116
1424
2455
3726
4721
1455
2964
3082
4412
1479
2817
3314
4529
1985
3029
3312
5095
1480
2952
3245
4743
1455
3061
3631
4226
1216
2966
3865
4931
1224
2733
3881
4253
1828
2294
3297
4331
1479
2484
3325
5031
1318
2405
3861
4258
1436
2261
3480
4502
1718
2261
4074
5013
1961
2443
3251
4961
1480
2118
4047
4568
1597
2321
4053
4183
1784
2701
3511
5082
1480
2912
3682
4779
1669
2650
3093
4578
1920
2156
3107
4696
1191
2398
3243
4540
1436
2764
3843
4426
1825
2214
3470
4913
1186
2463
3977
4512
1555
2647
3659
4696
1519
3047
4013
5023
1666
2253
3243
4151
1880
2225
3675
4869
1215
2912
3876
5112
1996
2182
3903
4536
1998
2697
4047
4527
1191
2264
3377
4702
1610
2997
3363
4620
1610
2443
3965
4604
2042
2546
3856
4209
1683
2519
3440
4646
1985
3047
4043
4988
1565
2398
3829
4730
1837
2744
3080
5054
1838
2531
3870
4925
1513
2347
4053
4334
1703
2419
3601
4145
1998
2100
3899
4157
2001
2637
3614
5079
1683
2920
3373
4884
1683
2588
4083
4779
1436
2137
3694
4179
1812
2884
3216
4917
1824
2465
3892
4893
1802
2697
3728
4236
1348
2209
4067
5009
1583
2719
3581
4347
1620
2240
3307
5001
1584
2825
3307
4307
1838
2175
3109
4665
2010
2697
3509
4665
1705
2246
4084
4133
1846
2980
3884
4429
1812
2436
3200
4454
1985
2130
3384
4904
1148
2934
3166
4592
1824
2802
3259
4845
1660
3028
3259
4305
1519
2771
3760
4560
1215
2567
3201
4948
2010
2277
3436
4791
1270
2364
3675
4792
1703
2489
3380
4776
1057
2399
3237
4348
1604
2825
3078
4839
1874
2726
3284
4397
1424
2642
3257
4462
1743
2510
4043
5047
1950
2910
3235
5040
1291
2313
3964
4779
1993
2510
3313
4512
1555
2717
3621
5007
1838
2083
4005
4260
1993
2181
3380
4845
1435
2811
3955
4368
1526
2938
3186
4961
1109
2468
4093
4928
1455
2279
3284
4988
1996
2429
3590
4653
1424
2224
3509
4105
1824
2965
3290
4161
1669
2889
3078
4553
1057
2284
3072
4872
1839
2939
3426
4236
1874
2451
3195
4772
1583
2735
3732
4933
1346
2512
3315
5040
1367
2374
3835
4334
1516
2702
3383
4883
