228
792
704
30
1015
155
137
1015
1015
1015
1015
1015
1015
1015
1015
26
1015
457
1015
137
1015
137
1015
1015
137
1015
1015
944
137
1015
1015
1015
1015
137
1015
1015
302
457
1015
807
1015
703
302
429
1015
807
944
302
137
302
1006
464
1006
1006
319
1006
302
780
302
780
623
792
645
1006
666
375
666
972
574
605
803
269
361
361
428
872
428
872
361
872
361
872
181
299
131
989
785
777
265
707
151
717
2
717
2
717
2
717
792
451
792
25
691
707
654
163
988
4
792
451
457
717
649
577
717
546
814
394
691
707
111
53
707
2
717
299
361
299
299
822
855
281
586
375
707
654
163
988
988
486
679
934
792
717
393
299
361
299
829
394
691
707
654
446
988
169
38
266
302
464
158
679
752
837
829
394
375
707
654
988
988
4
792
451
464
451
556
816
97
1006
375
1006
654
780
539
780
302
137
944
451
556
137
666
666
267
829
939
803
269
945
446
242
872
242
242
872
242
299
299
242
299
766
664
356
678
596
707
232
717
2
717
988
988
792
792
451
792
621
939
691
707
654
446
262
717
2
717
2
266
2
717
717
792
621
394
691
269
654
161
2
310
299
299
361
872
361
299
361
299
375
939
375
707
111
707
2
266
361
266
361
577
299
299
299
19
25
691
939
375
654
161
717
717
792
717
977
717
4
792
451
943
394
691
691
707
848
988
988
623
792
451
977
451
302
1006
302
1006
375
691
375
780
988
988
792
645
645
700
972
143
972
700
972
574
803
803
269
945
446
242
872
242
577
872
872
242
299
242
299
664
66
906
707
654
707
2
717
2
717
988
4
792
717
305
679
19
394
691
707
654
707
988
792
451
645
972
679
792
679
972
939
273
269
654
269
654
717
141
792
679
2
679
2
679
134
679
933
939
803
269
654
645
972
700
972
700
972
574
134
269
134
666
375
666
375
872
654
872
361
141
361
266
792
679
792
97
814
816
394
375
1006
654
1006
2
1006
486
780
780
780
792
451
792
281
394
666
181
707
645
700
972
700
574
574
792
679
206
302
679
666
666
394
939
945
269
428
306
872
0
242
717
242
717
242
299
131
356
678
678
707
265
116
16
116
16
988
988
4
792
717
85
717
16
394
691
654
707
632
890
717
2
717
2
717
2
717
361
679
394
691
707
573
1317
2869
3698
4542
1835
2594
3304
5018
1331
2421
3697
4413
1694
2631
3621
4656
1317
2869
3210
5087
1835
3008
3901
4654
1720
2156
3482
5042
1780
3032
3740
4421
1317
2869
3659
4484
1835
3032
4042
4934
1298
2093
3887
4983
1759
2897
3237
4629
1317
2147
3437
4559
1835
2938
3252
4554
1720
2788
3367
4961
1759
2224
3497
4770
1588
2443
4072
4681
1291
3032
4008
4752
1720
2788
3747
4704
1759
2262
3418
4500
1181
2899
3869
4891
1188
2564
4087
4431
1835
2242
3482
4977
1924
2727
3839
4593
1694
2564
3893
4184
1188
2549
3880
4460
1835
2631
4087
4860
1759
2979
3623
4720
1694
2350
3985
4460
1188
2616
3737
4150
1835
2976
3307
4622
1331
2536
4055
4675
1815
2161
3333
4915
1181
3008
3764
4445
1291
2979
3547
4513
1720
2097
4000
4456
1694
2421
4072
5052
1481
2869
3844
4681
1188
2788
3778
4822
1720
3008
3704
4834
1694
2769
3367
4525
1181
2349
3073
5114
1291
3000
3372
4830
1155
2330
3638
4629
1780
3032
3522
4100
1181
2777
3690
4834
1188
2857
4087
4460
1287
2511
3876
4527
1759
3069
3530
4853
1317
2794
3893
4773
1317
2484
3078
4334
1835
2964
3778
4957
1759
2979
3987
4184
1181
2165
3804
4583
1317
2907
4094
5110
1417
2788
4004
5056
1759
2439
3268
4853
1694
2925
3810
5030
1188
3032
3333
4839
1807
2735
3942
4985
1720
3012
3925
5115
1815
2986
3901
4558
1188
2976
3791
4858
1807
2119
3288
5090
1720
3032
4054
5079
1815
2097
3311
4624
1317
2869
4039
4269
1835
2821
3777
4436
1777
2097
4094
4812
1054
2985
3198
5059
1317
2944
3576
4120
1835
2644
3950
4931
1720
2694
4039
5095
1815
2944
3950
4431
1317
2535
3893
4810
1764
2644
3804
4184
1720
2498
3111
4432
1801
2735
3872
4508
1589
2232
4077
4455
1764
2930
3270
4711
2038
2097
3104
5096
1801
3070
3943
4593
1755
2564
3647
4431
1764
2735
3872
5096
1896
2841
3208
5047
1801
2564
3502
4927
1788
2700
3952
4773
2038
2869
3504
4704
1807
2564
4052
4500
1924
2585
3942
4926
1368
2949
4052
4624
1317
2279
3843
4800
1054
2484
3825
4931
1720
2868
4007
4454
1694
2976
3843
4983
1317
2907
3111
5108
2038
2813
3504
4955
2038
2452
3422
4151
2038
2877
3504
4397
2038
2735
3333
4741
1759
2137
3094
4494
1317
2498
3307
4829
1523
2525
3885
4727
1651
2262
3237
4791
1519
2979
3467
4983
1886
2863
3672
4729
1690
2700
3265
4105
1714
2544
3635
4100
2046
2907
3530
4212
1044
3071
3585
4852
1807
2314
3238
4623
1452
3069
3890
4784
1867
2412
3804
5094
1317
2787
3880
4678
1788
2735
4084
4212
1714
2529
3710
4537
1635
2478
3348
5102
1896
2421
3681
4539
1519
2700
3542
4898
1886
2529
3270
4961
1886
2333
3598
5112
1690
2793
3253
4197
1896
2730
3111
4562
1896
3032
3940
4692
1690
2789
3834
4919
1452
2314
4077
4305
2032
2889
4014
4906
1755
3023
3944
4925
1597
2939
3674
5018
1963
3050
3497
4725
1828
2096
3478
4411
1813
2561
3605
4661
1029
2820
4077
4364
1565
2394
3502
4299
1270
2630
3639
4967
1191
2083
3961
4497
1674
2952
3137
4447
1564
2097
3953
4873
1813
2380
3351
4768
1812
2638
3336
4639
1837
2459
3202
4221
1564
2351
3450
4349
1489
2883
3189
4478
1664
3012
3831
4715
1291
2942
3862
4820
2015
2935
3982
4460
2015
2421
3253
5096
1798
2183
4014
4430
1696
2986
3870
5087
1057
3008
3729
4362
1955
2097
3335
4539
1104
2398
3393
4988
1392
2677
3869
4397
1813
2489
3603
4862
1812
2964
3511
4221
1812
2555
3504
4244
1764
2670
3398
5090
1996
2457
3531
4193
1996
2529
3887
4190
1664
2561
3541
5069
1993
2261
3976
4713
1798
2815
3194
4872
1696
2552
3736
4820
1720
2421
3526
5087
1585
3008
3742
4227
1287
2314
3933
4817
1287
2094
4039
4622
1287
2054
3205
4931
1998
2544
3464
4227
1764
2485
4095
4484
1835
2489
3290
4852
1188
2175
3915
4985
1588
3011
3862
4629
1588
2443
3209
4162
1694
2869
3649
4899
1815
2121
3394
4700
1896
2535
3202
4272
1896
2463
4094
4414
1410
2939
3517
5064
1284
2697
3504
4925
1813
2255
3942
4411
1813
2626
3649
4509
1764
2419
3208
4337
1354
2262
4090
4603
1664
2972
4030
4139
1664
2054
3774
4884
1788
2275
4090
4202
1588
2494
4048
4684
1993
2642
3635
4589
1993
2868
4053
4442
1759
2260
3738
4915
1167
2261
3300
5087
1720
2877
3890
4856
1481
2700
3704
4456
1287
3069
3881
4644
1287
2314
3525
4296
1764
2920
3300
4955
1764
2398
4079
4714
1317
2905
3437
5090
1867
2604
3120
4838
1392
2869
3824
4414
1931
2321
3270
4792
1161
2762
3236
4829
1557
2800
3675
4820
1161
2860
3997
4472
1940
2531
4036
4856
1392
2412
3335
4117
1896
2093
3656
4193
1179
2455
3952
5094
1287
2398
3603
4801
1104
2700
3198
4817
1835
2944
3260
4501
1481
2084
3887
4745
1481
2632
3384
4263
1317
3012
3526
4539
1104
2153
3280
4346
1815
2944
3384
4539
1759
2478
3260
5080
1899
2084
3567
4873
1720
2608
3987
4720
1675
2253
3260
4939
1287
2608
3598
4940
1160
2700
3467
5096
1813
2701
3887
4987
1812
2398
3104
4185
1626
2813
3649
4221
1931
3066
3337
4805
1755
2297
3245
4823
1755
2088
4064
4364
1565
2841
3189
4175
1521
2206
3844
4114
1759
2701
3492
4853
1700
2491
3605
5079
1924
2877
3307
4817
1835
2531
3919
4119
1547
2309
3165
5108
1807
2701
4052
4899
1287
2398
3304
4829
1981
2054
4094
4589
1188
2608
3856
4654
1547
2907
3645
4921
1181
2419
3335
4817
1181
2912
3698
4830
1653
2253
3384
4150
1653
2881
3095
4962
1815
2097
3209
5096
1777
2889
4039
4853
1755
2097
3933
5110
1801
2883
4077
4678
1755
2097
3559
4335
1755
2419
3704
4730
1964
2781
3174
4165
1626
2651
3314
4244
1867
2289
4052
4414
1519
2869
3506
4536
1054
2168
4055
4193
1054
2350
3450
5059
1054
2949
3778
4589
2025
2949
3843
4661
1924
2608
3982
4589
1924
3043
3843
4862
1777
2097
3335
4876
1298
3017
4054
5090
1298
2464
3824
4608
1807
2609
3750
5114
1807
3041
4053
5041
1807
2419
3682
5041
1903
2907
3778
5118
1690
2869
4053
4889
1755
2321
3335
4455
1755
2350
3778
4335
1755
2949
3890
4895
1161
2225
3339
5096
1626
2535
3368
4494
1626
2097
3820
4494
1896
2276
3900
4787
1807
2412
3831
4839
1807
2920
3368
4397
1807
2608
3933
4661
1895
2788
3887
4221
1981
2976
3747
4221
1054
2942
4053
4905
1884
2869
3967
4974
1181
2976
3333
4629
1995
2350
3437
4676
1884
2921
3526
4681
1924
2942
3928
5096
1884
2985
3736
5059
1924
2942
3869
4985
1991
2701
3734
4379
1720
2398
3419
4845
1807
2054
3698
4988
1807
2920
3880
4925
1755
2907
3270
4561
1062
2869
3075
4361
1557
2557
3436
4937
1557
2257
3436
4335
1557
2412
4077
4120
2003
2406
3613
5118
1392
2820
3506
4269
1896
2565
4087
4885
1557
2257
3719
4625
1755
2936
3888
4770
1392
2185
3747
4942
1557
2257
3691
4844
2032
2412
3573
4918
1755
2649
3485
4801
2032
2119
3536
4507
1626
2064
3949
4905
1519
2457
3536
4335
1557
2830
4077
4150
1597
2257
3500
5030
1867
2936
3997
4225
1392
2936
3427
4481
1867
3035
3236
4965
1830
3039
3443
4465
1812
2968
3351
4773
1751
2563
3551
4743
1812
2195
3166
4743
1814
2521
3235
4459
1176
3026
3499
5007
1765
2332
3581
4340
1915
2182
3825
4743
1263
2850
3311
4773
1814
2642
3536
4190
1367
2764
3446
4575
1427
2677
3949
4432
1410
2393
3101
5061
1217
2618
3098
4743
1211
2365
3694
4618
1367
2712
3607
5040
1664
2294
3398
5058
1915
2811
3856
4990
1849
2603
4093
4426
1998
2793
3687
5042
1369
2724
3442
4266
1291
2443
3673
5042
1057
2572
3938
5082
1029
2252
3633
4665
2017
2531
3329
4436
1558
2214
3995
4915
1291
2887
3977
4631
1270
2525
3095
4099
1993
2938
4077
5068
1211
2940
3567
4620
1610
2467
4077
4915
1664
2677
3984
4253
1057
2149
3603
5117
1993
2452
4077
4184
1764
2883
3839
4512
1759
2090
3447
4539
1291
2887
3260
4171
1998
2700
3742
5095
1993
2938
3598
4195
1291
2939
3077
4732
1369
2589
3539
4972
1291
2307
3880
4567
1998
2196
3844
4096
1743
2936
3675
4900
1764
2907
4004
4545
1759
2259
3260
4763
1588
2178
3945
5034
1998
2861
3557
4727
1743
2351
3929
4537
1291
3063
3111
4829
1759
2719
3704
4398
1664
2850
3149
4848
1535
2199
3774
4457
1993
2457
3500
4320
1838
2516
3296
4320
1410
2297
3307
4140
1516
2257
3350
4817
1191
2972
3728
4389
1250
2964
3327
4500
1764
3047
4022
4313
1410
2383
3307
4817
1788
2678
3307
4237
1354
2134
3509
4653
1993
2457
3498
4537
1764
2516
3887
4420
1896
2097
3509
4134
1059
2432
3870
4603
1354
2782
3761
4161
1993
2758
3942
4162
1664
2134
3325
5047
1896
2097
3498
4281
1788
2712
3838
4592
1835
2820
3735
4509
1652
2134
3889
4302
1291
2678
4077
4700
1896
2678
3884
4918
1993
2925
3082
4562
1764
2883
4077
4540
1759
2447
3870
4983
1664
2918
3307
4650
1410
2733
3293
4468
1788
2429
3913
4852
1764
2162
3603
4175
1759
3069
4035
4344
1291
2649
3307
4408
1720
2314
4035
4150
1694
3005
3740
4539
1835
2550
3498
5037
1979
3005
3115
4539
1788
3005
3384
4099
1896
2219
3467
4713
1815
2700
3603
4873
1764
2642
3331
4861
1759
3005
3904
4459
1664
2171
3964
4791
1392
2411
3539
4414
1993
3005
3442
4885
1835
3005
4007
5042
1652
2813
3336
4105
1996
2770
3880
4150
1998
2463
3511
4959
1161
2944
3200
4137
1764
2944
3810
4362
1410
2568
3804
4414
1788
2402
3598
4100
1867
2883
3896
4684
1979
2918
3724
4436
1835
2604
3786
5097
1720
2944
3307
4593
1587
2478
3673
4539
1835
2564
3329
4431
1694
2219
3982
4957
1317
2644
4004
4539
1720
2266
3901
4942
1317
2429
4052
4782
1835
2506
3420
4592
1924
2320
3736
4831
1188
2137
3554
4431
1720
2841
3782
4184
1589
2889
3698
4957
1835
2972
3771
4889
1694
2979
3859
4620
1764
2905
3724
4203
1896
2506
3208
4489
1557
2889
3737
4318
1764
2918
3676
5108
1801
2691
4004
4307
1788
2918
3182
4478
1896
2918
3111
4684
1788
2918
4090
4105
1764
2270
3665
4836
1924
2419
3644
4431
1317
2721
3530
4946
1720
2781
3728
4961
1694
2993
3728
4215
1835
2423
3288
4917
1924
2789
3698
4866
1317
3008
3109
4620
1720
2462
3296
4835
1694
2857
3725
4431
1981
2883
3633
5096
1924
2568
4094
4457
1317
2564
3901
4351
1807
2411
3288
4351
1694
3071
4006
4955
1764
2868
3674
5108
1410
2506
3929
4414
1788
2945
3428
4795
1896
3071
3188
4318
1801
2380
3270
4477
1764
2918
3719
4830
1801
2918
3634
4346
1659
2791
3929
4414
1807
2945
3119
5090
1694
2694
3690
4853
1981
2470
3952
4460
1924
2976
3900
4767
1755
2930
4006
4852
1077
2883
3944
4830
1261
2535
3979
4414
1460
3021
3691
4539
1397
2097
3979
4983
1397
2889
3885
4539
2038
2700
3104
4546
1397
2985
3526
5036
1397
2890
3698
4931
1700
2700
3966
4687
1755
2147
3509
4337
1755
2484
3300
4384
1801
2700
3940
4299
2032
2628
3304
4589
2006
2628
3363
5046
1635
2505
3506
4814
1867
2700
3680
4547
1788
2964
3166
4307
1755
2619
3661
4589
1626
2423
3176
4884
1519
3022
3733
4919
1755
3005
3488
4127
1635
2724
3331
4726
1635
2456
3535
4745
1564
2945
3539
4262
1626
2544
3904
4862
1409
3023
3867
4337
1896
2945
3259
4856
1626
2365
3644
4817
1812
2942
3509
5072
1828
3023
4022
4817
1755
2800
3111
4914
1867
2344
3237
5089
1635
2567
4077
4703
1867
2544
3987
5064
1564
2741
3363
4624
1824
2561
3622
4288
1211
2164
3976
4853
1661
2980
3820
4139
1427
2687
3422
5011
1583
2266
3937
4878
1753
3008
3727
4673
1436
2591
3422
4687
1828
2565
4004
4943
1564
2182
4052
4950
1750
3028
3981
4774
1191
2721
3966
4248
1753
2535
3661
4826
1057
3066
3176
4513
1567
2626
3439
4501
2010
2459
3555
4505
2028
2800
3428
4615
1594
2183
3801
5011
1029
2815
3925
4676
1998
2736
3325
5001
1694
2942
3862
4722
2017
2986
3676
5009
1369
3000
3934
4817
1291
2811
3335
4565
1558
2775
3839
4436
1104
2489
3387
4414
1410
2986
3209
4965
1418
3021
3867
4501
1403
2457
3862
4371
1664
2314
3547
4891
1410
2452
4065
4937
1996
2762
3674
4526
1057
2344
3925
5049
1664
3022
3724
4583
1057
2644
3910
4713
2015
2973
3548
4145
1594
2941
3369
4971
1993
2941
4045
4661
1998
2979
3388
5028
2015
3071
3095
4763
1354
2054
3341
4953
1743
2818
3464
4997
1835
2800
3585
4494
1694
2219
3546
4478
1835
2800
3530
4478
1652
2638
3662
4856
2017
2905
3185
4625
1815
2467
3909
4722
1291
2074
3671
4714
1610
2607
3919
4831
1996
2920
3200
4801
1896
3045
3504
4489
1664
2406
3934
4884
1410
2811
3447
4636
1664
2677
3737
4784
1896
2561
3883
4955
1982
2260
3094
4770
1057
2788
3270
4353
2015
2079
3682
4320
1966
2883
3763
4320
1743
2841
3521
4164
1594
2330
3910
4539
1993
2262
4035
4629
1807
2260
3581
4331
1743
2762
3442
4539
1835
2314
3602
4626
1694
3008
3868
4799
1835
2767
3331
5056
1558
2464
3478
4740
2017
2694
4035
4722
1720
2535
3165
4885
1188
2467
3403
4853
1410
2383
3976
4997
1996
2249
3303
4872
1161
2700
3644
4740
1788
2457
3431
4931
1410
2863
3504
4284
1460
2257
3976
5005
1218
2751
3095
4414
1059
2609
3979
4673
1410
2905
3104
4634
1059
2589
3097
4673
1218
2642
3208
4829
1059
2589
3270
5036
1769
2257
3979
4678
1397
2619
4004
4539
1896
2123
3104
4791
1993
2996
3551
4195
1835
2976
3413
4539
1694
2792
4035
5050
1835
3022
3133
4487
1924
2380
3928
4889
1764
2700
3777
4740
1801
2105
3924
4771
1664
2700
3600
4320
1410
2424
3198
4530
1764
2700
3772
4307
1896
2244
3787
5050
1788
2883
3094
4974
1896
2165
4053
4705
1788
2248
3846
5050
1896
2753
4088
4755
1788
2119
3603
4586
1896
2584
3603
4349
2015
2209
3603
4502
1720
2399
3777
4305
1694
2663
4049
4755
1835
2800
3095
4456
1694
2837
3952
4611
1835
2350
3951
4629
1694
3008
3804
5090
1835
2813
3824
4974
1345
2330
3535
4629
1622
2907
3622
4889
1924
2938
3919
4875
1981
3008
3891
4955
1899
2419
3585
5079
1519
2801
3727
4678
1801
2990
3966
4384
1764
2248
3730
4684
1896
2529
4074
4906
1788
2121
4008
4106
1801
3022
3107
4125
1516
3022
3987
4905
1896
3022
3647
4583
1788
2928
3300
4460
1896
2609
3966
5047
1788
2905
3810
4824
1896
2905
3925
4808
1788
2463
3649
5069
1896
2788
3335
4540
1788
2544
4053
4747
1720
2890
3887
5059
1694
2672
3413
4673
1835
2049
3909
5096
1054
3069
3698
4629
2034
2525
3967
5096
1694
2343
3839
4843
1981
2640
3839
4628
1694
2928
3868
4625
2003
2260
3504
4744
1801
2990
3715
4422
1764
2700
4065
5047
1583
2700
3095
5047
1867
2404
3928
4314
1755
2619
3111
4959
1755
2672
3976
4889
1867
2209
3603
5049
1218
3021
3724
4354
2038
2565
3704
4546
1397
2394
3530
4487
1327
2542
3522
4357
2003
2140
3724
4407
2003
2883
3864
4414
1659
2619
3437
4475
1054
2588
3182
4829
1924
2629
3300
4431
1317
2933
3133
4955
2035
2649
3369
4746
1481
2944
3929
5089
1394
2925
3104
4611
1054
2591
3704
4852
1054
2147
3622
4678
1515
2976
3904
4226
1884
2535
3747
4947
1981
2990
4083
4962
2028
2567
3274
5068
1583
3028
3933
4905
1788
2724
3107
4876
1452
2552
3274
4220
1651
2270
3684
5059
1585
2529
3964
4619
1317
2789
3839
4500
1635
2270
4039
5063
1801
3035
4093
4220
1801
2818
3893
4196
1896
2818
3684
4456
1982
3000
3734
4426
1557
3050
3335
4817
1886
2820
3512
4875
1867
2735
3243
4457
1966
2529
3257
4875
1635
2492
3488
4376
1896
3008
3548
4285
1982
2127
3133
4519
1690
2079
4077
4175
1519
2314
3369
4253
1626
2942
3243
5069
1403
2057
3929
4490
1936
2343
4093
4598
1638
3035
3094
4456
1677
2801
3251
5018
1533
3023
4055
4136
1427
3047
3582
4330
1838
2601
3464
4567
1159
2579
3669
4790
1782
2953
3663
5077
1664
2058
3621
4820
1785
2693
3706
4295
1410
2240
3600
4198
1610
2546
3363
4220
1753
2887
3133
4487
1838
3023
3741
4621
1915
2753
3388
5054
1297
2233
3424
4698
1217
2781
3082
5077
2017
3009
4055
4173
2010
2182
3630
4618
1369
2963
3696
4392
1588
2767
3388
4788
1291
2243
3909
4751
1998
2868
3260
4274
1369
2905
3209
4487
1217
2398
3598
4637
1291
2883
4014
4676
1998
2460
3676
4281
1367
2596
4053
4431
1217
2920
3602
4532
1838
2064
3976
4362
1915
2374
3649
5034
1367
2270
3598
4715
1743
2641
3100
4822
1291
2869
3929
4371
1391
2511
3774
4643
1759
2097
3879
4852
1798
2355
3100
4800
1291
2869
3841
4795
1998
2956
3879
4667
1581
2368
3890
4554
1743
3009
4070
4537
1427
2779
3639
5070
2017
3009
3507
4917
1057
2300
3380
4678
1743
2083
3380
4454
1280
2633
3419
5110
2017
2802
3729
4925
1331
2762
3542
4732
1029
2915
3252
4767
1664
2255
3976
4899
1418
2660
3907
4567
1410
2082
3603
4705
1367
2257
4053
4120
1993
2482
3094
4931
1798
2618
3122
4614
