567
909
909
728
209
545
209
409
527
822
255
531
929
878
61
46
478
682
682
682
682
682
682
682
682
222
131
187
312
622
678
644
265
754
728
116
183
209
839
209
839
864
839
864
290
383
883
883
987
417
632
822
251
326
251
632
251
305
624
256
621
133
168
270
61
61
739
890
864
449
209
839
632
839
632
632
632
632
632
632
142
142
773
81
282
632
632
125
632
125
632
125
632
43
585
43
911
621
133
312
270
61
501
739
449
209
209
464
209
822
409
209
409
632
632
383
383
383
806
929
284
632
632
142
632
43
774
142
543
543
142
911
256
484
133
270
61
53
501
739
545
209
545
209
209
16
209
409
209
409
255
255
275
929
878
61
987
478
686
784
894
894
894
242
753
242
242
131
300
312
622
671
528
728
528
209
28
209
1003
209
1003
209
1003
209
1003
22
703
383
383
894
38
987
308
649
54
308
308
992
308
251
458
326
746
911
484
312
312
460
671
528
728
209
545
209
545
209
441
713
441
209
409
255
255
532
929
951
417
987
181
545
54
992
556
992
556
992
556
888
746
673
133
312
622
776
143
739
478
890
209
545
209
545
864
545
864
545
255
383
493
929
920
538
251
822
251
251
251
822
231
251
457
774
297
256
829
168
270
61
739
102
976
449
209
449
209
959
209
409
209
839
864
114
19
275
929
156
417
739
142
864
543
482
543
410
142
632
556
553
553
133
312
622
671
46
46
728
474
449
209
449
14
162
560
822
14
822
14
822
326
457
765
457
14
326
457
457
282
457
282
457
326
990
22
457
255
484
168
270
951
417
754
754
642
22
282
578
839
70
231
326
326
634
457
28
695
695
695
695
695
28
695
695
695
695
695
458
695
695
695
695
695
933
168
270
417
695
492
695
695
695
822
457
822
326
43
457
765
383
383
383
221
457
695
457
43
971
971
43
43
634
13
457
155
911
484
133
168
270
61
61
478
310
449
409
409
773
409
409
944
556
556
42
140
695
457
695
695
695
695
695
894
383
894
514
514
695
514
888
725
267
300
273
878
622
355
46
728
474
103
527
330
818
1004
942
54
649
959
884
93
337
326
326
326
326
326
326
326
326
326
326
458
326
251
746
255
133
312
878
622
501
528
728
209
449
209
54
649
959
649
444
1669
2888
3742
4389
1287
2834
3645
5022
1947
2834
3517
5076
1925
2834
3715
4256
1947
2440
3791
4939
1764
2707
3449
4759
2025
2833
3530
4759
1585
2350
3743
4138
1759
2665
3465
5022
1764
2735
3993
4888
1589
2063
3947
4485
1481
2314
3595
4839
1801
2148
3940
4398
1317
2344
3309
5020
1720
2321
3855
4439
1815
2510
3925
4612
1287
2275
3585
4889
1519
3055
3987
4970
1820
2939
3669
4477
1820
2368
4093
4936
1952
2484
3368
4634
1960
3055
3619
5102
1585
2552
3516
4416
1905
2165
3919
4759
1291
3000
3522
4759
1481
2421
3669
4925
1788
2421
3767
4430
1287
2272
3430
4583
2028
2767
4039
4905
1720
2990
3241
4478
1519
2986
3340
5026
1287
2442
3925
4477
1905
2434
3768
4332
1991
2350
3413
4145
1801
2727
3430
4384
2035
2993
3467
4786
1481
2800
3925
4508
1481
2350
3555
4384
1481
2097
3447
5110
1481
2552
3413
4934
1481
2612
4094
5022
1417
2748
3940
4862
1975
2856
3500
4220
1636
2658
3625
4220
1424
2983
3130
4446
1993
3051
3685
4874
1743
2828
3320
4989
1743
2765
3315
5027
1743
2489
3597
4822
1993
2936
3685
4324
1993
2153
3685
4173
1993
2868
3234
4134
1409
2126
3928
5098
1759
2918
3111
4381
1925
2863
3288
4766
1759
2320
3111
4519
1558
2983
3652
5027
1057
2918
3373
4772
1759
3065
3849
5026
1057
2521
3185
4524
1896
2119
3704
4432
2001
2738
3998
5027
1287
2830
3595
4733
1287
2830
3868
4900
1287
2830
4007
4731
1287
2925
3425
4845
1947
2309
4013
5027
1287
2228
4013
5027
1857
3029
3467
4220
1945
3007
3557
5105
1945
2277
3385
5110
1966
2277
3418
5027
1886
2601
3672
4318
1886
2484
3839
4892
1886
2552
3839
4379
1481
2788
3447
4854
1404
2918
3176
5027
1481
2709
3665
4348
1589
2627
3890
4921
1764
2714
3382
4522
1857
2907
3665
5007
1857
2907
3665
5007
1857
3063
3329
4389
1857
3063
3325
5009
1188
2863
3288
5009
1588
2115
3665
5090
1588
2115
3327
4620
1588
2374
3869
5045
1588
2756
3327
4876
1588
2765
3708
4384
1588
2506
3727
4170
1554
3051
3595
4559
2045
3066
3883
4285
1985
2546
3604
5105
1974
2546
3398
5105
1409
2674
3094
4220
1993
2253
3631
4623
1993
2323
3913
5027
1925
2608
3526
4220
2007
2888
3274
4850
1993
2701
3715
4418
1759
2828
3200
5042
1759
2253
3887
5027
1759
2119
3887
5027
1759
2830
3887
5108
1759
2830
3297
4197
1759
2590
3675
5007
1720
2791
3329
4267
2006
2097
3685
5041
2006
2638
3631
4196
1759
2082
3315
4756
1892
2746
3219
4098
1892
2746
3585
4372
1287
2952
3737
5108
1287
3029
3269
4861
1287
2630
3329
4490
1287
3029
3728
4278
1206
2825
4067
4117
1287
2277
3288
4285
1287
2942
3987
4120
1287
2665
4052
4971
1831
2788
3467
4596
1287
2869
3158
5105
1287
2771
4055
4285
1587
2788
3313
4756
1587
2956
3685
4853
1587
2945
3820
4843
1519
2781
3595
4522
1835
2506
4094
5105
1835
2506
3918
4845
1835
3063
3724
4845
1835
2388
3685
4244
1188
2939
4094
4119
1188
2351
3244
4720
1188
2351
3244
4972
1188
2137
3919
4830
1588
3023
3269
4455
1588
2531
3998
4184
1588
2531
3970
4133
1588
2859
3325
4961
1588
2741
3205
4862
1181
2266
3928
4845
1181
2153
3307
4432
1181
2153
3903
4931
1694
2115
3685
5009
1694
2115
4052
5009
1694
2313
3982
4120
1993
2313
3653
4905
1739
2111
3559
4220
1669
2623
3849
4663
1669
2105
3171
4220
2006
2510
3248
4220
1759
2323
3573
4220
2006
2608
3446
4881
1759
2830
3508
4287
1759
2830
3508
4731
1759
2830
3868
5027
1759
2830
3868
5027
1759
2279
3508
5082
1759
2918
3753
4700
1287
2343
3685
4876
1287
2343
3685
4770
1287
2697
3685
4623
1287
2918
3715
5056
1287
2511
3685
4988
1287
2918
3847
5108
1287
2918
3382
5095
1287
2884
4079
4318
1287
2214
3802
4202
1287
2830
3804
5105
1287
2489
3747
4318
1287
2489
3916
5027
1287
2869
3307
4244
1764
2608
3393
4193
1857
2918
3296
5007
1299
2945
3665
5007
2035
2945
4094
4211
2025
2109
4094
4318
1764
2727
3876
4845
1764
2102
3997
5027
1945
2642
3307
4194
1291
2815
4072
4522
1188
2568
3810
4869
1188
2983
3942
4914
1188
2986
3621
5007
1588
2552
3352
4845
1588
2968
3685
4234
1588
2968
3685
4413
1181
2756
3890
4150
1588
2815
3478
4119
1588
2918
4033
4620
1588
2791
3987
4400
1588
2638
3462
4103
1694
2942
3764
4332
1694
2918
3313
4829
1694
2436
3288
4983
1694
2421
3672
5018
1694
2936
3937
4983
1759
2916
4055
4318
1759
2544
3665
4245
1759
3039
3951
4460
1739
2596
4067
4220
1985
2862
3606
4663
1610
2647
3685
4324
1759
2253
3270
4220
1682
2206
3270
4845
1610
2608
3191
4446
2007
2206
3333
4318
1857
2097
3685
4324
1287
3035
3726
5027
1287
2253
3551
5027
1287
2253
3685
4477
1287
2918
3248
4098
1287
2918
3890
4706
1287
2751
3166
5037
1287
2918
3496
4460
1287
2918
3884
4249
1287
2945
3585
4615
1287
2818
3935
5007
1287
2884
3310
4318
1287
2937
3685
5007
1764
2937
3274
4861
1764
2983
3463
5027
1764
2990
3671
5027
1764
2393
4042
4663
1764
2564
3887
5027
1764
2564
3802
5108
1188
2320
3327
5105
1188
2983
3327
4676
1585
2109
3241
5105
1291
2544
3106
4822
1960
2965
3368
4220
1960
2965
3682
5027
1588
3034
3533
5027
1588
2983
3934
5027
1588
3000
3822
5027
1589
3047
3933
5105
1966
2897
3154
4810
1519
2887
3919
4221
1519
2612
3576
5105
1775
2933
3413
4318
1991
2429
4039
4194
1991
2945
3935
4845
1991
2918
3205
4654
1991
2918
3111
4484
2025
2277
3380
4662
2035
2942
3747
4613
1481
2918
3333
4519
1481
2918
3704
4772
1481
2788
4008
4892
1481
2788
4072
4460
1481
2918
3904
4460
1481
2309
3665
4912
1933
2915
3796
4656
1412
2511
3716
4592
1828
3035
4083
4106
1936
2856
3598
4224
2045
2851
3253
4390
1669
2277
3786
4536
1968
2579
3201
4656
1636
2484
3952
5112
1746
2830
3919
4634
1610
2644
3376
5069
1993
2901
3309
4546
1743
2936
3522
5112
1588
2791
3622
4439
2008
2508
4077
4346
1664
2208
3902
4841
1291
2544
4083
4884
1764
2800
4083
4750
2046
2883
3376
4796
1057
2552
4083
4456
1857
2964
3526
4919
1759
2300
4022
5082
1743
2830
3114
4702
1798
2793
3325
4540
1588
2811
3474
4739
1886
2944
3809
4242
1291
2964
3340
4592
1764
2407
3981
4849
1835
2094
3176
5079
1720
2323
3313
4816
2028
2090
3284
4305
1925
2933
3115
5059
1815
2914
3241
4678
1892
2800
3499
4845
1711
2333
4094
4903
1886
2627
3870
5090
1764
2691
3928
4695
1914
2601
3907
4695
1835
2947
3801
4733
1057
2702
3082
5094
1714
2964
3970
4731
1759
2250
3521
4845
1743
2162
3940
4822
1588
2612
3257
4125
1588
2399
3810
4111
1188
3061
3097
4872
1291
2939
3442
5108
1835
2371
3737
4184
1835
2531
3333
4239
1720
2162
3514
4125
1759
2219
3644
4905
1759
2607
3587
5059
1815
2933
3237
4239
1588
2922
4082
4537
1588
2219
3138
4754
1535
2869
3309
4980
1913
2257
3253
4198
1828
2459
4082
4476
1409
2459
3243
4878
2010
2467
3253
4763
1610
2916
3747
4965
2045
2535
4083
4613
1882
2380
3465
4398
1564
3012
3622
5009
1588
2936
3107
4316
1664
2489
3449
4200
1291
2830
3914
4856
1764
2212
4088
5022
1968
2115
3914
4605
1857
2097
3668
4927
2006
2791
3376
4397
1558
2119
3465
4511
1925
2192
3478
4314
1968
3055
3724
4460
1636
2801
4083
4477
1882
2801
4091
4592
1291
2968
3305
4456
1764
2936
4083
5077
1287
2279
3183
4888
1896
2119
3555
5075
1759
2649
3702
4796
1759
2936
3530
4763
1993
3029
3613
4281
1588
2830
3966
4999
1588
2765
3851
5045
1291
2313
3521
4695
1291
2462
3500
4522
1764
2800
3931
4330
1585
2788
3639
4556
1720
2906
3931
4678
1759
3008
3943
4267
1759
2123
3940
4971
1179
2986
3802
4722
1588
2531
3114
4705
1588
2848
3931
4483
1664
2423
3931
4961
1291
2964
3699
5112
1764
2947
3530
4906
1287
2727
3676
4876
1720
2800
3644
4881
1759
2928
3839
4889
1759
2813
3807
5108
1759
2869
3530
4906
1694
2925
3368
4856
1588
3007
3934
4407
1588
2484
4079
4605
1188
2544
4094
4119
1188
2169
3377
4969
1635
2264
3477
4316
1975
3070
3618
4220
1779
2307
3422
4220
2045
2352
3166
4663
2045
2860
4030
4663
1998
2608
3859
4318
1857
2937
3259
4349
1857
2579
3175
4220
1409
2781
3685
4096
1764
3035
4004
4211
1925
2709
3771
4871
1925
2907
3862
4318
1669
2608
3665
4268
1764
2510
3665
4268
1519
2601
3903
4346
2028
2374
3280
4977
1764
2253
3887
4318
1664
2506
3507
4318
1588
2100
4030
4175
1664
2631
3403
5031
1588
2320
3182
4655
1588
2564
4067
4324
1588
2815
3200
5027
1588
2766
3484
4457
1588
2323
4085
4852
1588
2323
3950
4926
1588
2735
3297
4227
1955
2918
3757
4955
1966
2874
3280
4862
1966
2350
3839
4318
1993
2857
3812
4184
2028
3008
3526
4881
1993
2730
3665
5025
1759
2771
3681
5025
1759
3017
3940
4620
1759
2506
3508
4612
1759
2933
3592
5108
1759
2813
3935
4786
1759
2544
3890
4522
1759
2544
3322
4098
1720
2936
3970
4522
1720
2985
3950
4835
1720
2818
3111
4873
1585
2528
3684
4477
1720
2918
3966
4145
1720
3012
3325
4322
1287
2531
3380
4396
1287
2952
3937
5029
1287
2544
3904
4318
1287
2531
3488
4755
1298
2119
3088
4715
1287
2506
3787
5077
1813
2937
3904
5033
1985
2830
3603
4117
1813
2830
3708
4663
2032
2647
3573
4153
1764
2300
3171
4220
1886
2672
3753
4220
1886
2323
3477
4220
1764
2320
3383
4220
1666
2320
3814
4220
1764
2178
3681
4616
2028
2649
3781
5027
2028
2649
3781
5108
2028
2642
3685
5007
2028
2642
3557
4845
2028
2612
3080
4150
2046
2869
3924
4318
1775
3028
3401
4795
2032
2801
3924
4862
2032
2801
3952
5027
1588
2177
3685
4905
1588
2699
3734
5105
1588
3007
4052
4234
1588
2225
3727
4193
1588
2918
3297
4379
1588
2649
3966
4285
1993
2274
3843
4484
1993
2048
4072
4876
1694
2925
3802
4680
1993
2329
3959
4593
1798
2394
3577
4193
1966
2986
3876
5103
1966
2990
3095
4640
1759
2935
3685
4334
1759
2168
3887
5094
1759
2818
3778
5058
1759
2119
3335
4318
1759
2162
3708
4889
1720
2791
3937
4814
1720
2800
3966
4711
1720
2800
3966
4318
1720
2604
3685
4733
1720
2936
3088
4120
1287
3047
3424
4676
1287
2735
3551
4322
1287
2525
3526
5108
1368
2097
3937
4843
1368
2097
3329
4921
1287
2876
3728
5037
1287
2876
3266
4244
1287
2876
3288
4460
2034
2788
3288
4972
1585
2791
3307
4135
1838
2697
3653
5005
1814
2697
3870
4583
1396
2767
3189
5040
2001
2834
3414
4363
1606
2834
3522
4755
1606
2995
4019
4915
1606
2949
3098
4556
1703
2721
3970
4283
2032
2462
3724
4830
1519
2791
3377
5022
1519
2057
3751
4684
1857
2484
3870
5022
1857
2869
3945
5094
1857
2186
3097
4759
1798
2166
3186
5022
1925
2986
3623
4145
1925
2727
3966
4170
1287
2789
3585
4759
1287
2767
4079
4977
1764
3041
3789
4400
1291
2944
3621
5052
1588
2649
3185
4584
1798
2536
3376
4573
1759
2274
3869
4942
1054
2165
3933
4727
1287
2789
3880
4221
1287
2800
3772
4605
1764
2928
3736
4792
1317
2912
3862
4151
1588
2552
3668
4770
1798
3023
3810
4527
1759
2848
3511
4654
1991
2880
3869
4449
1287
2789
3521
4098
1857
2883
3674
4201
1188
2800
3297
5058
1588
2920
3137
5102
1588
2920
3449
5029
1481
2986
3270
4393
1892
2478
3739
5059
1287
2817
3674
4196
1287
2117
3671
4985
1287
2325
3772
4119
1188
2320
3674
4620
1481
2350
3141
4172
1798
2452
3201
4839
1815
2735
3270
4184
1167
2860
3377
4456
1675
2976
3468
4411
1287
2649
3925
4889
1835
2276
3335
4720
1188
2813
3409
4654
1368
2897
3764
4751
1815
2817
4088
4860
1481
2863
3687
4927
1555
2400
3539
4460
1637
2868
3467
4918
1669
2246
3467
4653
2001
2057
3684
4353
1291
2859
3859
4817
2028
2350
3257
4872
1558
2868
3736
4243
2006
2175
3605
4589
1167
2277
3859
4943
1287
2813
3925
4960
1287
2775
3880
4839
1835
2452
3335
4715
1188
2568
3880
4624
1743
2920
3772
4624
1558
2801
3674
4771
1759
2274
3859
4888
1991
2735
3970
4497
1287
2920
3901
4917
1287
2054
3935
4853
1835
2813
3869
4625
1188
2535
3385
5090
1694
2419
3893
5090
1324
2419
3638
5042
1720
2748
4065
4443
1547
2165
3952
4852
1287
2714
3925
4830
1807
2536
3704
5096
1835
2721
3893
4453
1181
2607
3716
5041
1694
2762
3576
4554
1815
2972
3698
4860
1720
2848
3098
5026
1622
2097
3981
4443
1287
2691
3870
4624
1914
2399
3491
5020
2034
2907
4053
4972
2025
2869
3925
4893
2034
2350
3880
4449
2025
2350
3095
4200
1914
2343
3403
4810
1287
2531
3810
5042
1287
2162
3536
4961
1368
2883
3436
4421
1188
2343
3987
4830
1368
2869
3567
4676
2034
2986
3890
4961
2025
2182
3237
4615
2034
2097
3088
4325
1368
2097
3884
4830
1914
2788
3938
4411
1587
2484
4045
4625
1607
2869
3111
4589
1588
2771
3388
4853
1694
2162
3674
4150
2006
2868
3890
4605
1703
2944
3890
5029
1409
2746
3373
4583
1969
2148
3859
4242
1835
2430
3890
4325
1188
2727
3406
5112
1588
2721
3904
5059
1798
2224
3373
4583
1720
2612
3702
4615
1925
2638
3727
4470
1287
2307
3671
4624
1287
2721
3952
4215
1835
2644
4052
5089
1188
2986
3088
5112
1588
3069
3652
5029
1979
2949
3413
4620
1720
2612
3763
5022
2025
2638
3416
4177
1298
2628
3880
4456
1807
2767
3704
4853
1835
2869
3276
4453
1317
2925
3644
4490
1694
2452
3925
4903
1481
2928
3368
4398
2046
2767
3906
5057
2025
2609
3987
4950
1589
2848
3468
4460
1807
2921
3935
5022
1317
2642
3238
5094
1317
2925
3876
4325
1694
2727
3387
5087
1160
2119
3919
4533
1248
3012
3237
5056
1554
2677
3449
4909
1298
2320
3530
4919
1835
2054
3577
4484
1188
2419
4072
4972
1317
3012
3909
4601
1694
2728
3555
4985
1160
2986
3449
4985
1991
2748
3530
4624
1547
2677
3782
4443
1298
2419
3751
4624
1835
2443
3284
5096
1188
2777
3751
5059
1317
2350
3687
4985
1324
2813
3143
5020
1160
2777
3810
4821
1991
2972
3966
4942
1298
2619
4053
4970
1435
2834
3506
4117
1838
2834
3997
4559
1396
2307
3401
4313
1669
2834
3373
4875
1798
2579
3925
5030
1759
2945
3751
4549
1925
2972
3890
4255
1287
2567
3670
4615
1287
2510
3924
4305
1764
2972
3542
4636
1788
2552
3876
4416
1815
2869
4053
5040
1815
2791
4053
4759
1759
2834
3869
4624
1991
2135
4053
4584
1287
2398
3719
4926
1807
2791
3376
4305
1764
2398
3673
4810
1589
2869
3376
4477
1815
2607
3887
4654
1815
2564
3555
4482
1759
2644
3449
4926
1991
2528
3952
4676
1287
2398
3325
4125
1807
2727
3870
4127
1188
2536
3742
4921
1317
3035
4054
5090
1588
2868
4094
4484
1949
2949
3966
4558
2025
2986
3778
4845
1884
2097
3919
4763
1287
2644
4036
4784
1835
2933
4036
4324
1188
2510
3198
4845
1317
2728
3582
4876
1588
2506
3261
4439
1622
2986
4005
5056
2025
2791
3942
4845
1287
2944
3335
4397
1831
2920
3884
4853
1969
2956
3138
4731
1589
3012
3727
5056
1554
2478
3893
4839
1589
2944
3526
4150
2025
2985
3952
4150
1720
2506
3810
5059
1298
3012
3843
4432
1807
2631
3924
4334
1884
2735
3928
4931
1589
2350
3270
4985
1815
2735
3951
4150
1949
3012
4074
4955
1479
2989
3986
4250
1975
2134
3436
4796
1307
2915
3937
4841
1820
2697
4024
4618
1963
2117
4055
5103
1936
2980
3993
4681
1936
2627
3914
4673
1606
2535
3256
4739
1606
2703
3256
5006
1610
2462
3622
4117
1606
2644
3933
4759
1940
3041
3924
5022
1940
2740
3887
4555
1936
2097
3634
4814
1982
2290
3401
4906
1982
2642
4074
4352
1606
2638
3628
4443
1287
3038
3413
5042
1788
2421
4072
4589
1966
2344
3893
5049
2006
2800
3578
4529
1764
3008
3839
4888
1519
2990
3950
4421
1703
2889
3950
4573
1759
2788
3363
4843
1764
2649
4079
4439
1759
3063
3933
4619
2032
2371
3872
4432
1287
2986
3652
4121
1764
3009
3576
4789
2006
2243
4052
4997
2035
2619
3555
4891
1287
2162
3950
4170
1317
2877
3587
4370
2046
2467
3933
4820
1481
2097
3654
4330
1764
2993
3925
4484
1857
2889
3235
4449
2046
2925
3449
4935
1759
2309
3887
4681
1835
2771
3114
4839
1815
2990
4094
5077
2032
2350
3760
4862
1287
2452
3702
4498
1317
2883
3928
4739
1720
2728
3530
4678
2035
2619
4054
5041
1287
2868
3376
4411
1788
2478
3698
4584
1720
3047
3310
4145
1481
2985
3530
4891
1287
2801
3839
4997
1815
2944
3901
4201
1828
2915
3210
5033
1412
2568
3358
4574
1575
2552
3287
4126
1936
2568
3737
5064
1750
2552
3964
4788
1982
2309
3368
4286
1839
2920
4024
4246
1947
2945
3406
4900
1940
2531
3668
4325
2032
2788
3216
4971
2032
2869
3555
4759
2032
2088
3690
4414
1209
3069
3389
4945
1998
2054
3596
4431
1886
2054
3694
4820
1585
2579
3914
4398
1979
2561
3325
4821
1764
2649
3270
5096
2008
2054
3284
4983
1788
2972
3729
4384
2028
2097
3452
4227
1949
2274
3284
5094
1519
2735
3237
4862
