109
909
909
652
455
907
378
982
293
163
293
923
241
100
887
742
271
568
271
525
647
12
973
378
587
163
751
163
293
923
647
564
612
639
12
973
724
907
264
806
356
502
923
647
100
587
742
751
525
923
647
564
514
667
973
969
982
76
313
313
78
989
241
389
355
163
826
360
330
360
250
100
587
264
199
907
163
577
163
923
647
4
647
647
570
807
719
1015
704
823
704
973
321
279
329
279
570
279
570
588
570
593
785
210
841
210
149
71
50
50
378
982
887
163
149
271
360
330
657
360
166
360
57
479
57
29
907
580
335
335
360
85
360
608
360
179
149
360
199
47
787
779
360
272
360
779
360
124
199
930
779
329
870
870
360
779
360
779
360
175
989
389
355
163
149
647
100
982
587
163
16
116
163
923
923
647
564
514
564
514
354
973
982
863
320
166
320
301
320
1
923
647
647
647
973
891
76
98
876
166
98
98
923
464
923
12
973
907
982
313
887
313
887
923
271
564
647
973
916
199
15
163
779
923
647
647
647
378
982
982
779
313
29
907
313
955
612
442
166
163
179
163
923
865
455
69
612
372
95
982
916
355
528
367
360
360
272
360
887
360
271
329
271
329
272
210
51
149
240
16
124
647
100
442
417
204
166
240
279
124
612
100
264
503
163
293
923
169
4
752
564
752
564
752
657
667
586
356
704
752
704
657
807
752
463
725
356
678
473
685
704
271
155
183
704
183
704
1015
577
1015
704
823
1015
86
1015
155
667
379
581
264
293
124
692
692
612
313
124
612
100
442
396
240
240
95
841
240
841
240
874
199
47
166
355
240
159
525
149
124
647
384
587
264
166
163
159
124
378
982
779
124
612
100
396
264
159
163
612
100
587
580
241
163
18
29
166
525
612
100
149
4
647
4
328
704
823
328
532
495
823
704
328
328
267
785
47
887
71
577
973
264
587
652
85
395
640
395
29
525
986
647
379
378
916
779
360
159
360
779
360
779
923
547
564
647
379
581
692
587
204
18
204
279
166
580
841
240
166
240
595
279
570
279
570
887
580
887
240
166
570
279
570
279
199
51
865
865
982
124
100
100
652
640
502
124
612
612
100
149
674
525
250
612
38
581
587
124
100
587
652
293
784
869
166
479
784
784
179
479
784
444
1083
2176
3554
4990
2028
2497
3241
4179
1949
2289
4029
4942
2001
2744
3970
5078
1216
2412
3530
4284
1480
2412
3403
4180
1626
2848
3119
4645
1216
2749
3119
4803
1880
2860
3095
4614
1083
2859
3757
4411
1626
2730
3460
5026
1824
2730
3900
4175
1828
2730
3672
4324
1626
2874
3681
4455
1824
2547
3732
4240
1828
2770
3200
4562
1984
2770
3200
4398
1857
2793
3492
4153
1636
2672
3857
4991
2001
2828
3577
4853
1831
2489
3382
4755
1438
3023
3940
4856
2001
2105
3928
4560
1682
2874
3704
4654
1949
2920
3424
4396
2007
2697
3924
5027
2001
2825
3843
5011
1831
2289
3335
4459
1949
2253
3870
4893
1554
2760
3740
5037
1722
2682
3506
4631
1949
2644
3951
4373
1589
2419
3783
5020
1585
2945
3924
4584
1412
2928
3758
5069
1348
2260
3119
5047
1583
2912
3450
4121
1626
2727
3119
4340
1846
2701
3504
4776
1583
2111
3996
4971
2032
2697
3119
4105
1846
2326
3449
4183
1626
2947
3119
4660
1824
2859
3119
4519
2028
2833
3119
4856
1368
2262
3747
4810
1585
2944
3270
4727
1775
2470
3974
4221
1368
2874
3653
4747
2025
2937
3276
5040
2025
2724
3764
5045
1831
2644
3777
4899
1949
2644
3719
4839
1626
2946
3757
4305
1412
2730
3678
4597
1412
2089
3676
4869
1828
2156
3996
4784
1825
2257
3843
5043
1867
2697
3606
4177
1718
2825
3171
4161
1409
2787
3171
4650
1409
2787
3320
4249
1409
2787
3998
4157
1480
2382
3504
4234
1831
2320
3413
4767
1831
2658
3985
4485
1480
2623
3554
4161
1480
2412
3843
4819
1606
3023
3982
4334
1824
2398
3464
4893
1606
2672
3508
4615
1828
2608
3704
4443
1606
2156
3384
4791
1637
2156
3868
4457
2001
2701
3526
4606
1554
2674
3335
4631
1179
2674
3486
4676
1554
2110
3777
4985
1554
2110
3205
4985
1974
2859
3935
4829
1554
2674
3903
4304
1554
2674
3727
4861
1412
2081
3694
4640
1412
2874
3555
4991
1984
2190
3540
4567
1409
2190
3811
4246
1409
2081
3540
4935
1938
2861
3358
4256
1982
2063
3541
5022
1452
3033
3449
4332
1081
2861
3291
4480
1788
2791
3555
4850
1564
2525
4091
4487
1824
2132
4036
5079
1424
2714
3669
4971
1984
2851
3441
4111
1874
2149
3716
4823
1824
2684
3618
4331
1348
2412
3119
4426
1874
2968
3119
4119
1824
2259
3416
4183
1940
2326
3998
4183
1083
2735
4082
4656
1936
2914
3851
4177
1452
2856
3909
4676
1519
2818
3243
4177
1216
2462
3812
4246
2045
2255
3119
4305
1626
2510
3111
4780
1626
2972
3284
4953
1828
3011
3504
4161
1626
2936
3907
4436
1307
2107
3606
4412
1599
2997
3941
4161
2045
2352
3372
4161
2045
2623
3189
4704
1669
2787
3307
4161
1669
2260
4077
4161
1452
2345
3166
4141
1409
2608
3389
4536
1682
2307
3493
4872
1426
2945
3869
4773
2007
2944
3311
4676
1587
2095
3698
4921
1831
2296
3109
4147
1707
2715
3684
4949
1426
2945
3384
4221
1587
2762
3384
5062
1831
2921
3372
4676
1094
2095
3736
4500
1973
2575
3296
4900
1587
2352
4051
4301
1094
2609
3536
4872
1426
2614
3720
5040
1587
2095
3862
4856
1831
3044
3862
5090
2025
2575
3605
4725
2001
2253
4022
5033
2001
2277
3148
4961
2001
2506
3818
4240
1519
2820
3103
4961
1589
2881
3840
4893
1216
2665
3384
4660
2028
2085
3086
4694
2001
2881
3810
4254
2001
2352
3384
4125
1519
2674
3840
4660
1949
2190
3810
4254
1831
2470
3084
4369
1831
2674
3840
4854
2001
2937
3639
4254
2001
2470
3684
4948
1519
2352
3384
4704
1669
2320
4085
4500
1985
2972
3315
4241
1519
2320
4016
4771
1519
2320
3777
4384
2001
2820
3674
4458
2028
2937
3870
4676
1949
2320
3745
4755
1299
2771
3376
4660
1585
2628
3859
4410
1299
2153
4042
4288
1771
2607
3868
4812
2001
2164
3375
4269
1230
2604
3618
4604
1412
2561
3851
4198
1564
2292
3193
4731
1812
3035
3930
4563
1936
2292
3101
4124
1812
2830
3788
5031
1985
2121
4082
4401
1396
2278
4017
4845
1812
2604
4082
4638
1718
2121
3757
4355
1083
2313
3439
4638
1424
2489
3905
4098
1985
2089
4005
4791
1564
2289
4082
5077
1612
2547
3929
5117
1940
2547
3909
4866
1564
2851
3303
4106
1612
2937
3763
4910
1083
2292
3078
4103
1083
2122
3385
4980
1828
2968
4038
4878
1857
2529
3153
4952
1940
2506
3238
4456
1564
2156
3620
4809
1984
2921
3910
4809
2045
2787
3741
4434
1564
2352
3877
4281
1612
2859
3119
4704
1828
2787
3428
4536
1669
2121
3437
4725
1612
3044
3480
4269
1838
2796
3877
4456
1718
2121
3252
4733
1612
2506
3851
4430
1828
2787
3909
4536
1806
2123
3484
4878
1270
2647
3716
4536
1480
2946
3660
4536
1409
2830
3317
4924
1564
2464
3441
4436
2045
2697
3437
4488
1828
2796
3909
4328
1669
3064
4083
4751
1612
3044
3541
4998
1674
2470
3703
4456
1984
2731
3790
4410
1828
2565
3624
4403
1669
2470
4005
4175
1982
2111
3974
4705
1985
2936
3513
4740
1718
2436
3763
4740
1617
2868
3776
4961
2014
2750
3963
5064
1240
2856
3955
4660
1910
2064
3119
5119
1409
2103
3847
4959
1396
2552
3996
4661
1824
2770
3166
4536
1910
2429
3086
4613
1669
3064
3963
5047
1936
2345
3875
4532
1806
2844
3877
4855
2024
2095
3506
4456
1636
3044
3107
4532
1669
2095
3243
4536
2024
2928
3313
4878
2014
2307
3504
5064
1828
3045
3996
4400
1707
3010
3259
4954
1862
2184
3119
4980
1409
2844
3119
4911
2045
2470
3573
4456
1564
2945
3620
5064
1083
2916
3929
4763
1940
2856
3133
5043
1564
2811
3275
4410
1712
2565
3086
4526
1718
2489
3428
4161
1806
2095
3637
4631
1718
3039
3760
4161
1718
3023
3177
5046
1718
2856
3188
4456
1682
3028
3758
4972
1682
2279
3192
4970
1830
2672
3119
5058
1669
2787
3596
4886
1828
2968
4077
4600
1828
2608
4005
4177
1583
2697
3742
4720
1985
2697
3684
4893
1828
2937
3388
4980
2045
2623
4008
5064
2045
2623
4008
5026
1438
2957
3486
4650
1438
2957
3739
4455
1867
2253
3970
4856
1094
2860
3514
4606
2025
2682
3212
4308
1831
2682
3486
4351
2007
2942
4079
4862
1831
2608
3903
4324
1831
2701
3810
4899
1831
2701
3436
4835
1831
2048
3436
4324
1048
2048
3496
4145
2034
2322
3528
4710
2034
2322
3300
4437
1230
2672
3242
4705
1412
2859
3955
4175
1526
2470
3633
4824
1828
2608
3119
4759
1985
2672
3119
4161
1985
2759
3633
4161
1985
2672
3523
4161
1789
2400
3119
4897
1789
2400
3955
4610
1789
2095
3336
5103
1789
3062
3336
5041
1635
3062
3336
4583
1606
3070
3606
4759
1480
2487
3492
4596
1831
2937
3492
4305
1831
3006
3903
4334
2007
2997
3492
4320
2007
2698
3438
4161
1831
2682
3914
4150
1831
2682
4005
4759
1503
2513
3460
4613
1412
2513
4045
4461
1985
2513
3460
5064
1936
3070
3254
4461
1626
2513
3671
4740
1635
2513
3430
4351
1635
2513
3930
4389
1635
2693
3302
4680
1626
2693
3302
4849
1083
2693
3633
4600
1936
2693
3254
4167
1626
2608
3819
4403
1622
2802
3315
4581
2025
2470
3867
4772
1690
2860
3890
4924
1903
2682
3843
4195
2025
2352
3613
4856
2001
2644
3928
4774
1412
2063
4090
4465
1479
2081
3540
4449
1985
2697
3540
4385
1626
2190
3430
4763
1718
2647
3281
4740
1480
2473
3663
4705
1599
2487
3281
4496
1982
2942
3555
4183
2045
2481
3641
4387
1828
2735
3707
4322
1969
2421
3413
4705
1682
2858
3467
5054
1589
2921
3952
4991
2007
2579
3388
5024
2025
2470
3698
4983
1094
2352
3951
4542
2024
2868
3398
4638
1612
2762
3833
4179
1828
2856
3320
4643
1814
2137
3446
4802
1910
2935
3136
4881
1083
2921
3608
4884
1636
2618
3238
4447
1669
2260
4082
4796
1396
2464
3119
4456
1707
2721
3719
4884
1094
2681
3777
4315
1857
2640
3951
4861
1831
2848
3585
4335
1914
2682
3699
4457
1669
2327
3890
5011
1412
2481
3877
4339
1412
2721
3076
4322
1409
2190
3119
4856
1828
2844
3555
4751
1409
2844
3281
4768
1828
2844
3533
4443
1626
3000
3281
4575
1083
2190
3934
4138
2045
2594
3937
4888
1681
2063
3496
4205
1396
2820
3158
4709
1936
2454
3624
4898
1771
2945
3955
4855
1828
2083
3606
4948
1626
2470
3100
4855
1396
2921
3384
4189
1396
2245
3862
4408
2045
2950
3168
4249
1396
2320
3715
5047
1669
2579
3516
4159
1396
3044
3573
5047
2045
2470
3354
4374
1828
3044
3974
4141
1949
2820
3633
5026
1669
2928
3132
4948
1409
2245
3862
4124
1240
2631
3174
5103
1519
2702
3810
4848
1905
3032
4056
4519
1636
2694
3929
4905
1617
2466
3398
4356
1406
3044
3475
5117
1980
2048
3252
4194
1480
2623
3797
4911
1452
2851
3773
4334
1824
2253
3551
4430
1612
2123
3978
4586
1828
2168
3681
4791
1669
2860
4082
4457
1270
2161
3680
4536
1828
2608
3177
4980
1985
2859
3218
4133
1828
2156
3484
4796
1828
2701
3776
4194
2045
2599
3851
4161
1479
2123
3171
4712
2045
2089
3763
4978
2045
2851
4008
4864
1806
2384
4038
4563
1409
2787
3797
4508
1409
2787
3618
4846
1985
2665
3833
4536
1409
2608
3176
4845
1985
2665
3797
4884
1985
2089
3846
5006
1806
2123
3297
5043
1985
2487
3810
4643
1409
2608
3307
4532
1409
2137
3078
4745
1409
2137
3309
5067
1409
2860
3903
5007
1718
2715
3985
5100
1718
3039
3728
4665
2001
2253
3851
4175
2001
2253
3307
5018
2001
2860
3505
4331
2001
2352
3735
4175
1409
2352
4090
4855
1718
2997
3199
4281
1409
2844
3931
4918
1409
2921
3890
5031
1240
2997
3931
4243
1707
2579
4042
4947
1480
2749
3463
5047
1480
2928
3702
4457
1707
2752
4077
4243
1136
2224
3867
4796
1426
2945
3928
4942
1083
2095
4032
4325
1690
2800
3931
4856
1828
2868
3833
5102
1523
2945
3833
4839
1626
2089
4090
4732
1452
2945
3998
4875
1583
2547
3739
4800
1626
2156
3484
4899
2001
2946
3757
4354
2001
2101
4077
4304
1452
2859
3757
4268
2035
2945
3843
4136
1554
2702
3843
4759
2046
2859
3843
4766
1554
2694
3719
4451
1232
2968
3284
4971
1995
2399
3880
4810
1895
2253
3072
4755
1371
2452
3880
4961
2034
2552
3115
4971
1995
2649
3736
4322
1394
2320
3777
4861
2000
2421
3202
5089
1589
2162
3496
5110
1903
2168
3673
4150
2000
3008
3259
4782
1589
2592
3777
5094
1349
2564
3310
4318
1955
2453
3783
4843
1777
2628
3928
4132
1911
2800
4091
4942
1589
2544
3935
4522
1903
3008
3526
4596
1097
2748
3940
4905
1097
2945
3474
5058
1317
2815
3952
4318
1232
2330
3891
4942
1777
2735
3674
5110
1417
2544
3940
4934
1349
2976
3690
4962
1801
2789
3530
4903
1838
3032
3264
5089
2032
2821
3503
4560
1925
2478
3464
5027
1886
2313
3115
4332
2046
2320
3095
4296
2035
2619
3747
4835
1519
2674
3261
4269
1481
2945
3719
4810
2046
2097
3740
4132
1481
2937
3715
4233
2046
2937
3719
4866
2025
3009
3783
4889
1589
2741
3935
4334
1589
2347
3338
4334
1991
2564
3903
4678
2046
2608
3970
4919
1991
3009
3259
4925
1347
2944
3869
4938
2035
2721
3903
4971
1347
2735
3248
4926
1481
2452
3577
4332
1347
2525
4093
5052
1903
2937
4088
4889
1347
2887
4087
4860
1589
2649
3901
4917
1589
2452
3778
4835
1589
3009
3270
4985
1723
2320
3413
4654
1815
2649
3674
4460
2035
2944
3987
5029
1160
3009
3950
4533
2035
2735
4053
4436
1083
2874
3675
4422
1412
2874
3200
5069
1396
2579
3833
4684
1396
2918
3998
5038
1396
3023
4013
4878
1857
2225
3585
4136
1925
3028
3990
5071
1896
2510
3517
4302
1519
2851
3498
5056
1857
2407
3251
4927
1083
2063
3641
4120
1564
2289
3281
4660
1626
2190
3987
4161
1564
2770
3747
4281
1812
2830
4010
4862
1412
2307
3074
4873
1396
3012
3651
4893
1828
2968
3651
4952
2045
2225
3428
4645
1396
2224
4084
4645
1669
3071
3523
4619
2045
2957
3808
4705
1396
2224
3868
4350
1985
2579
3918
4403
2045
2937
3952
4281
2045
3007
3119
4324
1828
3012
3119
4145
1828
2568
4042
4529
1635
2971
3930
4890
1409
2073
3512
4631
1985
2874
3684
4418
2045
2498
3164
4721
1779
2168
3653
4869
1409
2579
3996
4645
1669
2937
4077
4873
1123
2333
3577
4826
1409
2928
4019
4532
1985
2968
3138
4382
1828
2095
3174
4382
1396
2345
3111
4225
1674
2575
3242
5046
1828
2260
4077
4335
1651
2767
3253
4742
1307
2609
3675
4856
1519
2702
3941
4197
2008
2921
3582
5058
2045
2928
3673
4786
1396
2767
4051
5051
1396
2609
3398
4403
2045
2944
3523
4324
1669
2470
3523
4732
1669
2824
3900
4559
1409
3044
3260
4654
1409
2470
3074
4796
2045
2506
3996
4459
1828
2727
3523
5109
1973
2470
3672
4613
1936
2111
3702
4961
1409
3064
3707
4653
1828
2552
3449
4802
1409
2815
3264
5081
2045
2190
3529
5047
1426
2111
3952
4145
1448
2800
3702
4950
1681
3041
3109
4254
1626
2628
3671
4285
2045
2844
3304
4796
1307
2715
3996
4459
2045
2968
3951
4583
1828
2868
3651
4654
1669
2944
4077
5012
1669
3070
3651
4660
1409
2644
3623
4796
1409
2928
3705
4858
2045
2156
3157
4586
1828
2470
3084
4878
1669
2623
3116
4961
2014
2208
3652
4360
1828
2928
3930
4536
1669
2564
3984
5069
1083
2942
3530
4516
1626
2767
3450
5040
2045
2844
3072
4965
1828
2993
3625
4360
1824
2844
3740
4756
1669
3023
3719
4861
1409
2623
3366
4415
2007
2874
4053
4997
1682
2085
3802
4687
1426
2253
3513
4894
1606
2989
3810
4908
1707
3028
3928
4254
1714
2352
3710
4919
1587
2937
3270
4676
1831
2470
3736
4477
1094
2352
3516
4834
1554
2631
3237
4817
1969
2330
3935
4150
1587
2760
3928
4752
1949
2649
3605
4961
1299
2691
3810
4938
2025
2330
3320
4938
2001
2296
3928
4909
1416
2721
3977
5027
2007
2844
3605
4899
1682
2260
4072
5059
1974
2848
3855
4484
1707
2820
3856
4735
1426
2352
3605
4157
2007
2443
3606
4997
1554
2470
3942
4907
1299
2944
3085
4899
1635
3050
4000
4320
1409
2946
3900
4483
1094
2470
3776
4631
2001
2928
3406
4447
1519
2419
3095
4125
1179
2965
3880
4335
1669
2609
3205
4335
1409
2889
3154
4885
1257
2844
3447
4773
1307
2957
3822
4536
2045
2529
3202
4961
1828
2529
3672
4322
1828
2651
4027
4990
1396
2695
3625
4637
1083
2579
3200
5090
1610
2945
3180
4596
1718
2945
3530
4128
1610
2697
3168
4980
2014
2721
3833
4155
1867
2470
3320
4860
1626
2401
3849
4432
1985
2510
3670
5107
1387
2470
3484
4704
2001
2260
3292
4240
2001
2266
3684
4961
2001
2320
3855
4831
1587
2352
3736
4420
1636
2749
3313
4953
1718
2830
3153
4980
1617
2868
3200
4249
1828
2575
3489
4196
1669
2345
3797
4784
1612
2851
3624
4586
1754
2307
3763
4845
1412
2278
3567
4980
1806
2498
4082
4662
1910
2111
3716
4881
1409
2096
3797
4735
2045
2292
3988
4881
2045
2557
3763
4220
1828
2851
3200
4225
1669
2664
3763
4846
1682
2936
3833
5059
1426
2246
3869
4961
2007
2944
3810
4194
1682
2771
3710
4302
1831
2883
3384
4498
2001
2942
3072
4856
2045
2859
3429
5027
1257
2651
3248
4972
1480
3044
3323
4177
2045
2470
3605
4566
1216
2623
4051
4839
1580
2989
3984
4253
1828
2928
3900
4592
1669
2665
3210
4220
1123
2942
4065
4352
1910
2614
3138
4549
1452
2536
3685
4966
1712
2260
3685
4657
2014
2844
3485
5064
1910
2640
3536
4789
1416
2111
3955
4400
1828
2470
3984
4358
1985
2993
3984
4942
2045
3045
3984
4942
1828
2276
3900
4363
1123
2957
3485
4476
2014
3041
3485
4360
1416
2712
3485
4360
2045
2260
3260
4549
1123
2944
3984
4113
1372
2579
3984
4334
1409
2749
3984
4822
1712
2260
3210
4220
1828
2245
4041
4544
1681
2844
3906
4383
1416
2623
3259
4364
1626
2945
3403
4205
1123
2506
3928
4320
1136
2276
3428
4942
1985
2588
3847
5105
1754
2665
3687
4636
2045
2616
3984
4918
2014
2868
3995
4918
1626
2536
3111
4768
1754
3041
3900
4358
1123
2879
3984
4232
1409
2276
4090
4325
1136
2945
3498
5050
1828
2111
3175
5047
1123
2928
3174
4243
2028
2946
3810
4830
1409
2245
3990
4650
1396
2327
3674
4676
1828
3044
4077
5110
1754
2665
3504
4536
1136
2225
3447
4808
1682
2712
3530
4550
2001
2912
3200
4449
1985
2762
3849
4536
1216
2767
3833
4796
1409
3044
3849
4845
1409
2874
3955
4522
1083
2631
3171
5097
1669
2608
3198
4800
1048
3050
4041
4839
1925
2564
3810
4120
1867
3041
3760
4480
1136
2945
3620
4350
1707
2672
3238
4894
1519
3045
3352
4496
1985
2727
4093
4953
1828
2371
3813
5003
1669
2920
3596
5109
2028
2920
3997
4882
1831
2470
3591
5071
1094
2352
3736
4786
1299
3044
3947
4666
1973
2095
3384
4196
1480
2261
3486
4324
1409
2529
4013
5081
2001
2529
3868
4731
2001
3028
3928
4281
1974
2820
3259
4498
1707
2820
3115
4970
1754
2384
3740
4885
1136
2406
3251
4910
1123
2225
3382
4623
1409
2352
3088
4681
2045
2150
4083
4285
1828
2225
3724
4878
1828
3046
3996
4375
1669
2806
3596
4583
1936
2351
3810
4873
1718
2564
3238
4326
1564
3044
4093
4592
1707
2529
3631
4337
1812
2352
3485
4197
1985
2844
3166
4832
1564
2470
4077
4197
1812
2944
3851
5090
1597
2544
3297
4377
1409
2529
3315
4326
1409
2225
3205
4511
1828
3044
3523
4337
1985
2697
4083
4536
