976
681
0
104
534
930
166
6
1008
1008
185
185
588
588
588
588
10
10
10
10
10
10
10
10
10
79
988
762
97
166
582
136
912
912
912
912
912
644
912
912
912
507
675
675
675
675
675
675
307
852
489
182
944
537
958
958
958
82
25
25
25
176
25
25
176
25
25
672
25
537
104
534
534
87
166
881
912
912
912
912
912
152
644
912
912
912
507
751
675
675
675
949
489
182
182
944
26
728
635
958
605
420
15
681
605
580
82
515
0
176
176
782
782
104
774
969
969
394
166
6
1008
1008
185
185
588
24
588
184
97
969
969
969
580
537
25
176
26
774
534
223
166
6
1008
1008
185
185
26
770
588
588
588
588
10
588
10
10
10
10
988
184
97
930
582
360
912
912
912
912
644
912
912
912
507
675
675
675
675
675
675
675
675
307
852
182
944
958
958
958
25
25
666
176
537
176
25
782
25
25
25
25
25
25
104
534
534
462
223
861
881
360
358
152
152
152
598
598
675
675
197
675
675
675
949
489
182
944
944
958
958
958
515
958
25
25
25
25
176
25
176
25
605
176
141
0
104
534
462
930
166
6
1008
1008
185
185
588
588
588
184
97
728
1017
969
580
557
25
25
515
104
534
534
223
166
6
1008
1008
185
185
588
588
588
588
10
10
10
10
79
10
10
10
850
988
184
97
930
861
360
360
152
152
152
598
598
675
675
675
675
675
675
675
675
675
675
675
307
29
852
182
958
958
958
25
666
666
666
25
25
176
176
537
25
25
666
666
25
605
25
25
791
223
861
881
360
46
912
912
152
152
598
912
912
50
675
675
675
675
675
675
307
852
489
944
815
635
603
893
681
25
25
25
666
666
666
666
176
25
176
25
104
534
534
223
166
6
1008
185
185
185
588
588
64
588
969
969
969
969
969
565
25
25
666
0
104
534
223
166
6
1008
1008
185
185
588
588
10
10
10
10
10
10
10
10
10
10
988
97
97
97
930
582
360
358
912
912
644
644
912
912
507
675
675
675
675
675
675
675
675
307
852
489
182
958
958
666
666
666
666
666
666
25
666
666
666
666
666
25
666
666
666
666
0
534
87
910
881
360
912
912
912
853
152
912
912
912
507
675
675
675
675
197
675
675
675
307
307
29
852
182
944
958
537
713
1086
2961
3858
4769
1086
2472
3858
4769
1086
2472
3858
4769
1086
2472
3858
4837
1432
2566
4009
5114
1432
2985
4009
4311
1432
2325
4009
5052
1859
2325
3750
4769
1628
2135
4039
4860
1428
2564
3987
5114
1324
2478
3887
4927
1628
2855
3901
4201
1653
2478
3868
4770
1628
2638
3901
5057
1628
2531
3966
4170
1454
2097
3966
4934
1150
2873
3268
4861
1252
2531
4088
5114
2023
2429
3482
4830
2023
2266
3950
4484
2023
2964
3526
5015
2023
2964
3526
5015
2023
2964
3764
4852
2023
2813
3924
5114
2023
2564
3782
4170
2023
2411
4054
4484
2023
2411
3270
5012
2023
2162
3868
5118
2023
2649
3952
4927
2023
2907
4072
4926
2023
2907
4072
4926
2023
2274
4088
4955
1748
2907
3839
4962
1748
2990
3727
4889
1748
2990
3727
4889
1748
2990
4054
5015
1748
2564
3987
5015
1748
2452
3893
4484
1748
2350
3924
4484
1456
2350
3893
4460
1456
2350
3893
5012
1653
2813
3901
5012
1456
2350
4072
5012
1653
2649
3893
4170
1515
2619
3982
4720
1157
2350
4088
4977
1298
2694
3782
5012
1653
2771
3942
5110
1157
2350
3268
4905
1298
2717
3795
5114
1252
2949
4061
5118
1150
2350
4008
5058
1298
2642
3904
4201
1157
2985
3868
4962
1150
2350
4054
5052
1981
2788
4072
5012
1252
2949
3891
4962
1150
2985
4072
4615
1981
2694
3904
5012
2043
2452
3526
4170
1252
2531
3987
4889
1748
2869
3952
4201
2043
2452
3268
4170
1252
2165
3698
5012
1748
2869
3526
4201
2043
2813
3268
4601
1298
3069
3198
4962
1456
2869
3526
5118
2043
2350
3901
4311
1298
2717
3904
5110
1653
2694
4042
4889
2043
2350
3750
4938
1298
2484
4061
4983
1653
2694
4061
4889
2043
2350
3750
4615
2023
2813
4087
4934
1653
2694
4054
5110
1900
2788
4009
5114
2041
2350
3824
5015
1432
2788
4061
5052
1762
2135
3108
4837
1432
2566
4061
5015
1432
2566
4061
4837
1432
2592
3858
4769
1432
2961
4009
4837
1086
2472
3858
4311
1086
2472
3858
4769
1086
2566
3858
4769
1086
2566
3858
4311
1086
2566
3858
4769
1086
2566
3858
4769
1086
2566
3858
4769
1086
2566
3858
4769
1086
2566
3858
4769
1086
2566
3858
4837
1086
2566
3858
4837
1086
2566
3858
4769
1086
2566
3858
4311
1086
2566
3858
4837
1086
2566
3858
4769
1086
2566
3858
4311
1086
2566
3858
4311
1086
2566
3858
4837
1086
2566
3858
4769
1086
2566
3858
4311
1086
2566
3858
4311
1086
2350
3858
5114
1086
2472
3750
5114
1086
2472
3108
4769
1086
2472
3858
4769
1086
2350
3858
4837
2023
2907
4072
5114
1924
2452
3500
5115
1334
2439
3304
4955
1150
2949
3893
5118
1298
2985
3782
5029
1653
2771
4061
4170
1900
2350
3893
5015
1298
2717
3952
4934
1653
2717
4061
4625
1858
2350
3893
5118
1298
2642
3987
4853
1252
2325
4072
5052
1150
2350
3893
5052
1981
2788
4008
4860
1252
2325
4008
4962
1150
2350
3966
4889
1981
2694
3891
5114
1157
2411
3268
4962
1252
2889
3966
4311
1981
2694
3987
4460
2043
2350
3715
5118
1252
2165
3698
5012
1748
2869
3987
5012
2043
2350
3987
4170
1252
2097
4042
5114
1748
2619
3893
4601
1900
2350
3891
5015
1298
2989
3893
5118
1157
2350
3987
5015
2041
2135
4009
5052
1157
2907
4042
5114
2041
2350
3891
4934
1900
2788
4061
4311
1157
2961
3268
5118
1762
2135
4061
5114
2041
2452
4061
5052
1762
2566
3891
5015
1900
2788
3108
4769
2041
2350
3824
4769
1432
2566
3108
5114
1762
2325
3268
5118
1762
2985
3108
4311
1762
2592
4061
5118
1432
2472
3108
5052
1432
2472
3108
5114
1432
2350
3108
5114
1432
2472
3108
5114
1432
2566
4061
4837
1432
2566
3108
4311
1432
2961
4061
4311
1432
2961
4009
4311
1086
2472
3858
4769
1086
2472
3858
4769
1086
2472
3858
4769
1086
2472
3858
4769
1086
2472
3858
4769
1086
2472
3858
4311
1086
2566
3858
4837
1086
2472
3858
4769
1762
2788
3893
4311
1432
2566
4061
4962
1432
2472
4061
5114
1432
2592
3750
4962
1432
2472
3108
4311
1432
2592
3858
4837
1432
2566
4061
4837
1181
3017
3966
4810
1924
2350
3500
4876
2023
2619
3500
4589
1924
2644
3887
4654
1252
2057
3335
5052
1723
2467
3690
4484
1252
2162
4088
4830
1252
3065
3966
4654
1252
3065
3966
4955
1628
2082
3987
4720
1628
2082
3987
4589
1628
2788
3839
4384
2023
2399
3869
5052
2023
2925
3727
4955
2023
2990
3727
5015
2023
2942
3904
4747
1130
2942
4061
4769
1762
3012
3935
4889
1130
3012
3108
5052
1432
2472
4061
4810
1432
2566
4061
4311
1432
2472
3108
4837
1432
2961
4009
4837
1432
2961
3108
4837
1086
2472
3858
4769
1086
2472
3858
4769
1086
2472
3858
4311
1086
2566
3858
4311
1762
2788
3893
4962
1432
2350
4061
5114
1762
2592
3750
5114
1432
2472
4009
5052
1432
2325
4009
4311
1777
2788
4008
4465
1807
2626
3673
5068
1981
2452
3284
4906
1723
2869
3268
4876
1723
2869
4008
4201
1723
2869
3824
4615
1456
2869
3952
4589
1456
2869
3952
4589
1456
2869
3526
5059
1456
2350
3839
5059
1515
2949
3987
5118
1515
2949
4079
5118
1653
2649
4079
5118
1653
2649
4079
4853
1653
2411
4072
5118
1653
2411
3904
4589
1653
2411
3904
4589
1653
2411
3904
4962
1653
2452
3891
4962
1653
2452
3891
4962
1653
2452
3296
5114
1858
2985
3727
5079
1252
2314
4008
5079
1456
2360
3891
4889
1456
2097
3966
5110
1252
2889
3966
4830
1252
2677
3526
4962
1252
2788
3966
4810
1252
2788
3839
4460
1252
2788
4042
5114
1252
2788
3904
4853
2023
2990
3782
4962
2023
2694
4042
4311
1924
2452
3893
4720
1334
2439
3304
4962
1150
2350
3268
4938
1298
2985
3782
5029
1653
2771
4061
4601
1900
2350
3893
5015
1298
2717
3952
4955
1653
2717
4061
4625
2041
2350
3750
4311
1298
2642
3824
5012
1252
2325
4072
5058
2041
2350
3764
4311
1981
2484
3966
4889
1252
2748
3893
4601
1150
2985
4072
4615
1981
2694
3966
5012
1157
2452
3268
4962
1252
2531
4054
4311
1748
2907
4042
5015
1858
2350
4008
4962
1252
2165
3698
5012
1748
2869
3987
5012
2043
2350
3987
4170
1252
2097
4042
5114
1456
2325
4042
5052
1900
2350
3858
4955
1298
2989
4008
5118
1653
2813
4008
5118
1900
2350
3893
5015
1298
2694
3782
5110
1157
2985
3782
5015
1150
2877
3904
4769
1157
2694
4061
5015
1762
2135
4009
5114
1762
2350
3782
4962
1432
2566
4061
5114
1432
2961
3858
4311
1432
2961
3858
4311
1432
2961
4009
4837
1086
2566
4061
4311
1086
2472
3858
4769
1086
2472
3858
4769
1086
2566
3858
4311
1086
2566
3858
4769
1086
2566
3858
4769
1086
2566
3858
4311
1086
2566
3858
4769
1086
2566
3858
4837
1086
2566
3858
4769
1086
2566
3858
4311
1086
2566
3858
4769
1086
2566
3858
4837
1086
2566
3858
4311
1086
2566
3858
4311
1086
2566
3858
4769
1086
2566
3858
4769
1086
2566
3858
4769
1086
2566
3858
4769
1086
2566
3858
4311
1086
2566
3858
4769
1086
2566
3858
4837
1086
2472
3108
4769
1086
2566
3858
4769
1086
2472
3750
4311
1086
2566
3858
4769
1086
2566
3858
4837
1086
2566
3858
4837
1432
2985
3893
4837
1981
2314
3268
4945
1685
2694
3893
4170
1150
2097
3966
5015
1748
2869
3987
5114
1157
2961
3893
4311
1252
2165
3698
4201
1456
2869
3904
5114
2041
2350
3893
5114
1298
3069
4054
4962
1456
2325
3464
4927
2041
2350
3750
4311
1298
2717
3893
4170
1252
2325
3893
5052
2041
2350
4088
4311
2023
2883
4042
4889
1157
2411
3526
4311
2041
2350
3727
4311
2023
2907
3868
4934
1157
2411
3904
4962
1150
2350
3526
5110
1981
2694
4072
5114
1157
2748
3715
4747
1150
2985
3526
4934
1748
2907
4042
4926
1858
2350
4008
4962
2023
2985
4008
5114
1157
2694
3750
5052
2041
2135
3858
5052
1900
2325
3891
5118
2041
2135
3893
4962
1157
2694
3891
5118
1432
2135
3858
5052
1145
2472
4061
4837
1432
2961
3108
4837
1432
2961
4009
4311
1086
2472
3858
4769
1086
2472
3858
4769
1086
2566
3858
4769
1086
2566
3858
4311
1086
2566
3858
4769
1086
2566
3858
4311
1086
2566
3858
4769
1086
2566
3858
4837
1086
2566
3858
4769
1086
2566
3858
4311
1086
2566
3858
4837
1086
2566
3858
4837
1086
2566
3858
4769
1086
2566
3858
4769
1086
2566
3858
4769
1086
2566
3858
4769
1086
2566
3858
4769
1086
2566
3858
4769
1086
2566
3858
4769
1086
2566
3858
4769
1086
2472
3858
4837
1762
2985
3268
4837
1762
2325
3108
4837
1762
2135
3108
4837
1432
2325
3268
4837
1900
2788
4009
4934
1748
2813
3284
5114
1924
3065
3268
4955
2023
2788
3919
5012
1628
2649
3952
4889
2023
2649
3891
4601
2023
2649
3935
4927
2023
2748
3839
4747
2023
2907
3904
4862
2023
2907
3904
5052
1748
2907
3904
5114
1748
2907
3904
5015
1748
2452
4042
4962
1748
2452
4042
4170
1748
2813
4054
5015
1748
2813
3893
4460
1456
2801
3725
5015
1456
2350
3824
4769
2041
2869
3935
4810
2041
2350
3725
4934
1432
2985
3750
4769
1432
2566
3108
4962
1432
2961
3858
4837
1432
2961
3108
4837
1432
2961
3108
4837
1086
2472
3858
4769
1086
2566
3858
4311
1086
2566
3858
4311
1086
2566
3858
4311
1086
2566
3858
4769
1086
2472
3108
4769
1086
2566
3858
4837
1086
2472
3108
4769
1086
2566
3858
4837
1086
2566
3858
4311
1858
2907
3750
5114
1157
2350
3750
4876
1653
2877
3727
4983
1628
2985
3901
4830
1653
3007
3966
4862
1454
2531
4054
4860
1454
2531
3782
4770
1252
2531
3987
5114
1252
2531
3987
4153
1252
2788
3987
5052
1252
2788
3500
4934
1252
2788
3987
5058
1252
2788
3987
5058
1252
2788
4054
5058
2023
2411
4054
4484
2023
2411
4054
4484
2023
2411
4054
4747
2023
2411
3901
4460
2023
2649
3952
4132
2023
2649
3727
4962
2023
2649
3727
4837
2023
2649
3727
5029
2023
2907
4072
5052
1748
2990
3891
4926
1748
2990
3891
4769
1748
2990
3891
4460
1748
2452
4042
4962
1748
2452
4039
4889
1748
2813
4061
5058
1456
2801
3725
5015
1456
2801
3725
5015
1456
2350
3893
4769
1454
2350
3782
4170
1653
2694
3901
4889
2043
2649
3880
5029
1252
2097
3997
4460
1157
2619
3868
4201
1150
2350
3893
4311
2023
2411
3868
4170
1157
2985
3868
5052
2041
2350
3268
4934
2023
2907
3868
5114
1157
2411
3904
4962
2041
2350
3901
4934
2023
2907
3727
4919
2043
2350
3715
5052
1150
2985
4072
5052
1748
2907
3750
4201
2043
2350
3987
4170
1252
2531
3987
4889
1748
2889
4061
5012
1762
2350
3891
4170
1252
2788
3966
5058
1748
2813
4061
5052
1762
2350
3750
5015
1252
2788
3987
5114
1456
2325
4072
5118
2043
2350
3750
5118
2023
2097
3782
5012
1157
2985
3750
4889
2043
2350
3750
5052
2023
2411
3891
5012
1157
2985
4072
5015
1900
2350
3268
5114
2023
2907
3750
5012
1157
2985
3268
4962
1150
2961
3901
4934
1157
2961
3893
4311
1432
2788
3858
5052
2041
2961
3268
4837
1762
2325
3750
4769
1762
2135
3108
4837
1432
2472
4061
4311
1086
2472
4061
4769
1432
2961
4009
4837
1432
2961
3108
4311
1086
2472
3858
4769
1086
2566
3858
4311
1086
2566
3858
4311
1086
2566
3858
4311
1086
2566
3858
4311
1086
2566
3858
4769
1086
2566
3858
4769
1086
2566
3858
4311
1086
2566
3858
4769
1086
2566
3858
4837
1086
2566
3858
4769
1086
2566
3858
4769
1086
2566
3858
4769
1086
2566
3858
4837
1086
2566
3858
4311
1086
2566
3858
4769
1086
2566
3858
4769
1086
2566
3858
4837
1086
2566
3858
4769
1086
2566
3858
4311
1086
2566
3858
4769
1086
2566
3858
4769
1086
2566
3858
4311
1086
2566
3858
4769
1086
2566
3858
4837
1086
2566
3858
4837
2043
2788
3891
4311
1924
2452
4008
5052
1456
2771
4061
4934
1900
2350
3268
5118
1252
2788
4088
5114
1157
2619
4072
4889
1900
2350
3108
5058
2023
2411
3782
5012
1157
2985
4072
5015
1900
2350
3108
4311
2023
2411
3750
5012
1157
2985
4072
4962
1900
2350
4009
4311
2023
2907
4072
5012
1157
2411
3268
4962
2041
2889
3268
5015
2023
2907
4061
4615
2043
2452
4061
4983
2041
2135
3966
5015
1748
2907
4061
5118
2043
2452
3901
4983
1252
2889
3966
5118
1748
2813
4061
5118
1762
2411
3893
4170
1252
2788
3904
5114
1456
2801
3904
5015
2043
2350
3901
5118
1252
2788
3891
5114
1157
2350
3750
4889
2043
2350
3750
5118
2023
2788
3108
4962
2041
2350
3824
4837
2041
2135
4061
5114
1900
2961
4061
5118
2041
2350
3108
4311
1130
2325
3891
5012
1432
2135
4061
4769
1762
2135
3108
5052
1432
2325
3750
4311
1432
2961
4009
4837
1432
2961
4009
4837
1432
2961
4009
4837
1086
2472
3858
4769
1086
2472
3858
4311
1086
2472
3858
4769
1086
2566
3858
4311
1086
2566
3858
4311
1086
2566
3858
4769
1086
2566
3858
4311
1086
2566
3858
4769
1086
2566
3858
4769
1086
2566
3858
4769
1086
2566
3858
4769
1086
2566
3858
4769
1086
2566
3858
4769
1086
2566
3858
4769
1086
2566
3858
4769
1086
2566
3858
4769
1086
2472
3108
4769
1086
2566
3858
4837
1086
2566
3858
4311
1086
2566
3858
4311
1086
2566
3858
4837
1252
2135
3901
4654
1252
2082
3237
4873
2023
2649
3891
4876
1628
2644
3952
4926
2023
2748
4079
4862
1748
2411
3891
4862
1748
2788
3904
5058
1748
2452
3891
5118
1748
2452
4039
4769
1748
2452
4054
5118
1748
2813
3952
5058
1748
2813
3952
4769
1456
2907
3893
5052
1456
2801
3725
5114
1454
2813
3893
4934
1454
2889
3893
4170
1900
2350
4061
4955
1762
2961
3893
4837
1432
2472
4061
4311
1432
2472
3108
4769
1432
2961
4009
4769
1432
2961
4009
4837
1432
2961
3108
4837
1086
2472
3858
4769
1086
2566
3858
4311
1086
2566
3858
4311
1086
2566
3858
4311
1086
2566
3858
4769
1086
2566
3858
4769
1086
2566
3858
4769
1086
2566
3858
4769
1086
2566
3858
4837
1086
2566
3858
4769
1086
2566
3858
4311
1086
2566
3858
4837
1252
2985
3935
5015
1155
2638
3682
5057
2023
2788
3901
4853
1628
2649
3891
4955
2023
2649
4061
4955
2023
2748
4072
4955
2023
2748
4079
4747
2023
2612
3901
4934
2023
2748
4008
5058
1748
2452
3891
5118
1748
2452
3891
4460
1748
2452
3891
4460
1748
2813
3952
5058
1748
2813
3952
4769
1456
2907
3824
5012
1456
2801
3725
5114
1454
2813
3893
5052
1454
2869
3782
5110
1454
2350
4079
5118
1454
2350
3782
5118
1454
2350
4072
5058
1157
2350
4072
4919
1157
2350
3268
4919
2043
2350
3904
5015
1858
2350
3904
4962
1858
2350
3904
4962
1858
2350
3108
4962
1858
2350
3108
4962
2041
2314
4054
4955
2041
2314
3526
4889
2041
2889
3966
4170
2041
2985
3987
5114
2041
2788
4072
5015
1762
2788
3108
5118
1456
2907
3750
5118
1157
2907
4061
5052
1150
2097
4042
4170
1454
2350
3782
5052
2041
2350
3891
5118
2023
2411
3782
5114
1157
2985
3750
4889
2041
2350
3750
4311
2023
2411
3750
5012
1157
2985
4072
5058
2041
2350
3891
4934
2023
2907
4072
5012
1157
2411
3268
4962
2041
2748
3268
5015
2023
2907
4072
4615
2043
2350
3987
4962
2041
2748
3966
4170
1748
2907
4061
5114
2043
2350
3987
5110
2041
2097
4042
5052
1748
2694
4042
4170
1762
2350
3891
4170
1252
2788
3987
5052
1748
2813
4061
5118
1762
2350
4009
5015
1252
2788
3987
5114
1157
2619
4072
4311
1900
2350
4072
4311
2023
2411
4008
5114
1157
2985
3108
4889
2043
2889
4072
4311
1762
2907
4061
5052
1762
2350
3824
5015
1762
2592
3750
5114
1432
2325
3750
4311
1432
2472
3108
4311
1432
2566
3108
4311
1086
2472
4061
4311
1086
2472
3858
4769
1086
2472
3858
4311
1086
2566
3858
4311
1086
2566
3858
4769
1086
2566
3858
4769
1086
2566
3858
4769
1086
2566
3858
4769
1086
2566
3858
4769
1086
2566
3858
4769
1086
2566
3858
4769
1086
2566
3858
4769
1086
2566
3858
4769
1086
2566
3858
4769
1086
2566
3858
4769
1086
2566
3858
4769
1086
2566
3858
4769
1086
2566
3858
4769
1086
2566
3858
4769
1086
2566
3858
4769
1086
2566
3858
4769
1086
2566
3858
4769
1086
2566
3858
4769
1086
2566
3858
4769
1086
2566
3858
4769
1086
2566
3858
4311
1086
2566
3858
4769
1086
2566
3858
4769
1086
2472
3108
4769
1086
2472
3858
4769
1748
2907
3987
4311
1157
2907
3108
4962
1150
2985
3966
5110
1748
2813
3893
5052
1762
2350
3891
4837
1252
2788
3987
5110
1456
2801
3966
5058
1762
2350
3108
4311
1252
2788
3987
5114
1157
2985
3750
4889
1762
2350
3750
4311
2023
2411
3782
5012
2041
2325
4072
5015
1900
2350
3108
4311
2023
2411
4008
5015
2041
2350
4061
4962
1900
2350
3108
5114
2023
2907
4072
5012
2043
2985
3893
4962
2041
2889
4072
4311
1748
2907
3891
5114
2043
2452
3108
4983
2041
2985
3966
5118
1748
2694
4042
4950
2043
2694
3893
4170
2041
2097
4042
4950
1748
2694
4061
5118
1762
2350
3891
4170
1252
2788
4008
5114
1157
2889
3750
4889
1762
2350
3891
4311
1252
2788
3891
5110
1157
2985
3893
4311
1900
2350
4072
5118
2023
2694
4061
4769
1432
2472
3782
4962
1762
2985
3891
5114
1130
2325
3750
5052
1432
2472
3108
5052
1762
2566
3750
5114
1762
2350
3108
5114
1432
2566
4061
5114
1432
2566
4061
4837
1432
2566
4061
4962
