976
316
515
82
260
791
223
633
356
424
75
280
280
996
107
996
114
114
639
171
171
639
788
114
287
571
22
803
803
803
287
22
22
803
803
803
201
22
201
803
201
201
201
22
553
201
201
201
201
201
201
201
201
201
201
201
201
201
201
201
201
201
201
201
201
201
283
201
201
201
201
201
201
201
201
201
201
553
201
201
201
201
201
201
178
178
877
877
877
877
201
201
201
907
201
201
201
201
201
201
201
201
203
902
201
201
293
201
201
201
201
201
201
593
201
201
293
201
201
201
593
283
203
203
201
593
22
203
203
201
593
593
201
203
203
201
593
22
201
203
315
593
593
22
293
203
201
593
22
201
203
315
453
453
453
391
611
385
385
385
385
791
87
633
739
424
424
75
280
281
24
386
911
324
182
944
944
557
557
453
453
0
391
703
316
15
611
385
385
791
59
36
739
424
543
46
46
996
107
107
107
171
171
171
171
422
171
171
559
559
359
359
359
359
767
951
951
951
951
951
951
391
182
944
1005
902
894
538
453
284
284
284
284
284
391
774
215
0
391
703
316
791
87
633
49
424
800
543
46
281
386
911
489
489
312
182
944
557
453
453
453
515
83
194
922
82
15
316
791
223
910
739
424
75
551
765
996
996
996
996
171
359
359
359
359
359
105
171
171
639
840
359
359
359
951
951
951
178
178
178
877
877
951
951
951
559
951
951
951
307
949
633
312
182
944
453
557
453
82
316
316
260
791
223
425
739
424
579
46
46
996
941
941
307
852
489
312
944
944
1005
83
182
453
316
316
316
515
316
791
223
425
633
739
543
280
70
50
996
840
114
347
539
539
936
347
936
317
539
79
317
317
539
317
317
317
317
317
397
178
178
877
877
283
317
317
317
317
317
789
397
324
312
182
944
1005
391
453
453
316
515
316
791
791
59
36
424
543
543
46
24
281
988
949
489
489
182
944
944
453
453
453
453
453
537
681
82
782
82
791
87
59
49
424
424
543
280
281
996
996
996
171
171
171
639
359
359
359
359
64
171
171
171
951
951
767
767
951
397
178
178
877
877
951
307
949
489
182
944
557
557
453
453
453
465
391
293
316
782
82
260
316
316
791
59
49
739
424
543
46
46
107
943
943
307
324
489
312
944
580
699
1432
2907
3108
4962
1432
2592
3782
5114
1432
2985
3108
4311
1432
2889
3858
4837
1432
2472
4009
4769
1432
2472
3891
5052
1432
2985
4009
4311
1432
2566
4009
4311
1432
2566
3858
5052
1432
2472
3108
5114
1903
2907
3847
4862
1029
2696
3262
4931
1248
2965
3872
4431
1334
2864
3542
5059
1160
2863
3869
4343
1981
2907
3891
4861
1345
2314
3335
4170
1298
2989
4008
4384
1248
2925
3704
4955
1924
3069
3891
4132
1899
2313
3935
4132
1334
2649
3647
4747
1694
2801
3966
4862
1248
2642
3904
4145
1981
2869
4008
4837
1345
2649
4008
4889
1981
2829
3673
4384
1248
2150
3673
5114
1924
2829
3673
5114
1155
2649
3268
4962
1924
2771
3782
5052
1924
2801
3782
4720
1334
2445
3261
4170
1334
2801
4072
4889
1515
2109
3924
4862
1981
2956
3782
4858
1345
2741
3782
5058
1298
2484
4009
5052
1628
2097
3839
4934
1924
2411
3782
5114
1252
2728
3419
5012
1334
2985
3526
4983
1653
2889
4061
4926
1248
2801
4088
4889
1981
2801
3782
5114
1981
2717
3997
4625
2023
2788
3997
4934
1248
2746
4094
4830
1155
2097
4008
4934
1252
2411
3526
4927
1924
2717
3880
4955
1653
2619
4008
4962
1334
2949
3715
4934
1748
2350
4072
4889
1981
2649
3772
5079
2023
2869
4042
5114
1723
2788
4042
4170
1298
2741
3893
4962
1155
2531
3824
5114
1924
2209
3782
4858
1252
2619
3526
5058
1653
2619
3997
4962
1653
2889
3727
4926
1181
2612
3901
4934
1981
2717
3824
4934
1981
2813
3901
5012
2023
2813
3987
4931
1298
2612
3795
5052
1155
2741
3261
5015
1252
2097
3997
4919
1924
2717
3901
5052
1653
2619
4008
4934
1653
2314
3526
5118
1748
2350
3868
4934
1981
2649
3893
5052
2023
2869
4042
5114
1981
2964
4009
4934
2023
2314
3704
4170
1155
2746
3880
4926
1924
2209
3673
5012
1924
3069
3891
4889
1653
2619
3715
4615
1653
2889
3727
4170
1181
2694
4072
4934
1981
2717
3904
5118
1981
2813
3750
5118
2023
2813
3987
5015
1298
2612
3901
4170
1155
2531
3891
5099
1252
2097
4088
4889
1924
2717
3647
5118
1653
2889
3782
4926
1653
2314
4061
5012
1748
2350
3868
5058
1981
2649
3893
5052
2023
2869
3901
5012
1981
2964
3966
5012
2023
2097
3727
5058
1155
2746
3880
4926
1252
2925
3782
5012
1252
2619
3526
5110
1653
2619
4008
4962
1653
2907
3987
4615
1748
2925
3893
5012
1748
2109
3698
4862
1981
2813
4008
5118
2023
2813
3987
5015
1298
2694
3904
5110
1628
2097
3750
5012
1252
2097
3893
5012
1252
2619
3526
4170
1653
2889
3782
5012
1653
2889
3727
5118
1748
2350
3868
5058
1981
2649
4008
5118
2023
2869
3901
5012
2023
2788
4088
4170
2023
2097
3727
5058
1252
2097
3727
4889
1252
2411
3526
4931
1252
2985
3526
4931
1653
2619
4008
4962
1653
2889
3727
4170
1748
2925
3893
5012
1515
2801
3891
5058
1981
2694
3782
5118
2023
2277
3698
5118
1298
3032
3715
4934
1155
3032
3966
5008
1252
2986
3891
4860
1252
2986
3997
4835
1653
2986
4008
4931
1653
2741
3880
4835
1653
2252
3904
4835
1981
2717
3893
4934
1981
2694
3284
4484
2023
2788
3987
5015
2023
2097
3727
5058
1628
2097
3901
5012
1252
2411
3966
4889
1252
2985
3880
5012
1653
2452
3987
4926
1653
2889
3893
5012
1748
2925
3893
5012
1515
2801
3891
5058
2023
2869
3987
5012
2023
2907
3987
5015
2023
2097
3727
5118
1628
2097
4042
4962
1252
2985
3891
5012
1252
2985
3987
5012
1653
2985
3987
5012
1653
2741
4072
5118
1653
2907
3893
5118
1748
2467
4042
4769
2023
2869
3901
5012
2023
2452
3901
4934
2023
2748
3904
4170
1628
2097
4008
4889
1252
2411
3966
5118
1252
2985
3987
5052
1653
2694
3987
5114
1653
2741
4072
4889
1748
2350
4072
4889
1748
2869
3868
5118
2023
2869
4008
4170
2023
2452
3901
5015
2023
2748
4008
4962
1628
2788
3782
4962
1252
2411
3108
5052
1252
2985
3987
5052
1653
2694
3987
5052
1653
2694
3904
4934
1748
2350
4072
5058
1748
2649
3893
4889
2023
2869
3901
5052
2023
2889
3891
4747
2023
2748
3904
4170
1628
2411
4008
5114
1252
2411
3966
5118
1252
2985
3987
5052
1653
2694
3987
5114
1653
2694
3893
4934
1748
2350
4072
4889
1748
2467
4042
4747
1748
2813
3891
5118
2023
2907
3987
5015
2023
2748
4008
4962
1628
2788
3782
4962
1252
2411
4008
5114
1252
2985
3987
4769
1653
2694
3987
4962
1653
2694
3108
4934
1748
2350
4072
5118
1454
2869
3782
5012
1748
2813
3891
5015
2023
2694
3987
4934
2023
2748
3987
4962
1628
2788
4008
4962
1252
2411
3901
5114
1252
2694
3782
5052
1653
2694
3987
5114
1653
2694
3987
4934
1454
2350
3893
4934
1748
2649
3893
5058
1748
2813
3891
5118
2023
2889
3891
4170
2023
2694
3904
4170
1628
2788
4008
4962
1252
2694
3891
5114
1252
2985
3987
4769
2041
2985
4088
5052
1653
2694
3904
4934
1157
2350
3750
4934
1454
2869
3782
5110
1748
2813
3891
5118
1748
2694
3891
4170
2023
2748
3987
4769
2043
2788
4088
4962
1252
2411
3901
5114
1252
2694
3782
5052
1252
2889
3824
5052
1157
2985
3268
4934
1157
2350
3268
4934
1454
2869
4072
5114
1748
2813
3893
5118
2023
2889
3893
4170
2043
2788
3987
4769
2043
2097
3750
5118
2041
2097
3893
4769
2041
2985
3893
4311
1130
2350
3750
5052
1762
2350
3108
5118
1432
2907
3725
5052
1432
2472
3108
4962
1432
2566
3108
4837
1432
2566
3108
4934
1432
2566
3108
4311
1432
2961
4009
4769
1432
2961
4009
4837
1432
2961
4009
4837
1432
2592
3750
5052
1432
2961
4009
4837
1432
2961
4009
4769
1432
2566
3108
4837
1791
2277
3779
4698
1331
3032
3454
5068
1696
2964
3237
5079
1160
2986
3335
4589
1981
2869
3893
4615
2017
2531
3340
4404
1298
2544
3690
4170
1780
2620
3824
5096
1694
2642
3880
5118
1981
2694
3891
4145
1594
2717
3901
4934
1924
2177
3704
4739
1181
2255
3673
4484
1334
2869
3495
4770
2023
2788
3782
5118
1720
2989
3987
4221
1252
2619
3966
4962
1653
2889
3824
4858
1748
2350
3750
5015
2023
2869
3891
5012
2043
2592
3782
5058
2023
2694
3782
5114
1252
2985
3647
4747
1900
2748
3824
4311
1432
2649
4061
5015
1762
2961
3893
4962
1762
2985
3108
5114
1432
2350
3108
5114
1762
2592
3750
4769
1432
2472
3893
4837
1432
2566
3858
5052
1432
2472
3108
4837
1432
2566
3108
4837
1432
2472
3108
4837
1432
2566
4009
5052
1432
2566
3108
4837
1432
2566
3108
4837
1432
2566
3108
4311
1432
2566
3108
4837
1432
2566
4009
4962
1432
2566
4009
5052
1620
2740
3201
4221
1287
2717
4059
4274
1780
3069
3928
5058
2015
2176
3401
4678
1298
2511
3401
4589
1334
2897
3724
4763
1104
2484
3335
4755
1924
2097
3674
5041
1181
2478
3987
5059
1594
2478
3743
4862
1924
2925
3464
4739
1981
2350
3893
5118
1155
2573
3880
5058
1345
2535
3951
4460
1981
2788
3893
5118
1924
3069
4088
5058
1334
2314
3997
5058
1298
2907
3647
4829
1324
2531
3377
4615
1981
2314
3727
4853
1155
2097
3987
5110
1181
2216
4061
5110
1155
2082
3893
4615
1924
2528
3772
5052
1981
2801
3880
5058
1155
2573
3904
5118
1345
3069
4072
5015
1981
2907
3901
5118
1924
2985
3904
5012
1334
2889
3987
5012
1981
2097
3891
4170
1924
2147
3904
4926
1981
2748
3727
4891
1155
2097
4008
4934
1653
2869
3526
4934
1155
2907
3723
4860
1924
2528
4008
4601
1181
2956
3673
5052
1155
2813
3782
5058
1899
3069
3966
4170
1981
2907
3901
5118
1924
2964
4072
5012
1334
2889
3782
4311
1981
2883
4008
5114
1924
2949
3901
5012
1981
2531
3764
4654
1155
2788
3904
5115
1653
2619
3893
5041
2023
2642
3268
4934
1252
2788
3824
5118
1879
2452
3893
4934
1858
2097
3824
4931
1157
2877
3268
4835
1454
2748
3268
4835
1130
2592
4061
5058
1762
2452
3268
4771
1762
2889
3891
5015
1762
2748
3782
5052
1130
3009
4009
4311
1432
2472
4061
4835
1762
2472
3901
4835
1130
3055
3108
4837
1130
3055
3904
4311
1130
3055
3108
5012
1762
3055
3108
5052
1762
2592
3750
4769
1432
2472
3782
5052
1130
2592
3750
4934
1432
2961
3858
4837
1432
2566
3108
4311
1432
2566
3858
4837
1432
2472
3782
4769
1762
2566
3893
5114
1432
2472
3108
4889
1432
2566
3108
4311
1432
2566
4009
4769
1432
2566
3108
4837
1432
2566
3108
4837
1432
2566
3108
4837
1802
2252
3713
4477
1780
2528
3698
5094
1835
2801
3987
4829
1694
2274
4053
4864
1899
2097
3887
4170
1835
2531
3764
4843
1345
2619
3284
5114
1155
2748
3335
4921
1181
2956
4053
4945
1924
3069
4088
4934
1155
2649
3542
5114
1334
2967
3893
5058
1899
2649
4061
5118
1835
2330
3647
5068
1788
2545
3440
4919
1720
2964
3982
4314
1349
2976
3804
5114
1456
2709
3268
4625
1252
2411
3893
4962
1748
2961
3268
4184
1130
2788
3725
5052
1454
2889
3725
5118
2043
2411
3750
4837
1762
2889
3108
4311
1762
2961
4061
5118
1762
2350
3987
4837
1762
2961
3904
4311
1432
2472
3108
5114
1762
2592
3891
5052
1432
2472
3893
4837
1432
2472
3893
4962
1432
2472
3108
4962
1432
2472
3108
5114
1432
2472
3108
5114
1432
2472
3108
4837
1432
2566
3108
4311
1432
2472
3108
4837
1432
2566
3108
4837
1432
2566
3108
4311
1432
2566
3108
4837
1892
2863
3736
5068
2017
2262
3493
5058
1780
2964
3876
4431
2015
2314
3825
4305
1155
2393
3952
4654
1181
2889
4054
4184
1155
2467
3698
4170
1345
2619
3966
5059
1835
2608
3987
5110
1653
2314
3526
4926
1835
2649
4072
4962
1899
2889
3966
5118
1981
2800
3901
5096
1924
3069
4088
4926
1248
2907
3495
4384
1899
2612
3966
4962
1981
2147
3891
4589
1924
2964
3868
5052
1334
2314
3891
5012
1155
2452
3891
5114
1181
2694
4008
4891
1155
2573
3893
4862
1334
2619
3782
5114
1981
2097
3715
4905
1653
2889
3526
5015
1155
2907
3901
4927
1899
3069
3750
5114
1981
2907
3997
4384
1924
3069
3952
5015
1981
2748
3727
4891
1899
2612
3704
4950
1181
2956
3750
4858
1924
2964
3868
4934
1334
2314
4008
5114
1155
2788
3904
5110
1181
3069
4072
4311
1155
2411
3782
5110
1334
2619
3782
5114
1981
2177
3704
4858
1653
2985
3526
4934
1155
2907
3901
4934
1899
3069
3891
5114
1981
2869
3987
4962
1924
3017
3647
5012
1981
2314
3284
5110
1155
2528
3777
4835
1181
2956
3268
4858
1924
2411
4008
4170
1334
2135
3987
5110
1155
2788
4008
4934
1653
2147
4088
5114
1155
2694
3268
4860
1334
2528
3647
4484
1981
2748
3891
5012
1653
2985
3526
5015
1628
2907
3495
4962
1899
2746
3824
5052
1981
2186
3891
4889
1924
2694
3526
4950
1981
2216
3966
4601
1155
2439
3268
5118
1181
2956
3526
4858
1299
2162
3261
4739
1394
2638
4036
4927
1928
2925
4061
4889
1928
2350
3901
4484
1928
2813
3987
5114
1130
2788
4061
4934
1762
2748
4072
5052
1762
2411
3901
5052
1432
2813
3858
5015
1432
2472
3108
4934
1432
2566
3108
5114
1432
2566
3108
4837
1432
2472
3782
4769
1432
2472
3108
4837
1432
2472
3108
4837
1432
2566
3108
4837
1432
2566
3108
4311
1432
2566
3108
4837
1432
2566
3108
4837
1791
2453
3824
4546
1298
2616
3782
4860
1780
2692
3673
4431
1324
2818
4030
4625
1188
2801
3893
4962
1835
2314
3723
4407
1298
2989
3987
4747
1780
3069
3893
4934
1694
2801
3843
4889
1981
2907
3893
5118
1155
2883
3839
5114
1924
2746
3725
4934
1324
2620
3413
4889
1334
2869
3495
4955
1981
2788
3782
5118
1331
2717
3893
4962
1759
3032
4072
4221
1181
2976
3982
4170
1317
2484
3985
5096
2023
2788
3804
4150
2041
2976
3942
5110
1252
2985
3891
5114
1748
2985
4053
5052
1900
2350
3824
5015
1130
2907
3725
5015
1130
2961
3108
5114
1762
2985
3108
4170
1762
2985
3108
4769
1432
2472
3893
4769
1432
2472
3858
4837
1432
2472
3108
4837
1432
2472
3782
4934
1432
2472
3108
4934
1432
2566
3858
4837
1432
2566
3108
4962
1432
2566
3108
5052
1432
2566
3108
4837
1432
2566
3108
4837
1432
2592
3858
4769
1791
2453
3856
4625
1331
2439
3542
4629
2017
2989
3830
4332
1924
2993
3951
5114
1696
2949
3619
4349
1334
2961
3268
5059
1694
2949
4042
4926
1628
2869
3715
4876
1188
2801
4008
5114
1515
2813
4079
5118
1981
2829
3698
4905
1723
2677
3904
5110
1298
2126
4088
4950
1155
2989
3727
4926
1924
3069
3891
5114
1924
2350
3782
4484
1653
2741
3901
5015
1181
3069
3966
5015
1628
2869
4008
4853
1188
2801
3750
5114
2023
2813
4042
4931
1298
2907
3795
4860
2023
2314
3704
4311
1298
2126
4088
4950
1924
2411
3542
4962
1924
3069
3891
5114
1324
3069
3782
4962
1653
2741
3893
4889
1181
2889
4008
5052
1748
2869
3868
5118
1188
2694
3891
5012
2023
2813
4042
4934
1298
2907
3891
4601
1628
2097
3987
5012
1298
2126
4088
4950
1924
2989
3868
4170
1924
3069
3891
4934
1324
3069
3891
5118
1653
2907
3893
4615
1181
2889
4042
4889
1981
2694
3294
4201
1981
2907
4088
4201
2023
3017
3987
4835
1298
2883
3284
4601
1155
2165
3673
5110
1924
2788
3704
5118
1924
2949
3891
4860
1653
2165
3673
5012
1324
3069
3284
4889
1748
2350
3893
4889
1181
2907
4042
5052
1981
2694
3268
5118
1981
2907
4088
4201
2023
2135
3891
5110
1298
2411
3891
5012
1252
2097
3727
4311
1924
2746
3725
5118
1924
2949
3284
4962
1653
2985
3966
5118
1324
2771
3824
5110
1317
2467
3653
5118
1188
2330
3804
4589
1394
2484
4053
4615
1298
2694
3782
4601
1252
2135
3824
4962
1456
2920
3880
4962
2041
2350
3824
4931
2023
2592
3893
4858
2041
2314
3824
5114
2041
2694
3782
5052
1432
2350
3750
5114
1432
2350
3750
4934
1432
2566
3858
4311
1432
2472
3108
4837
1432
2566
3108
4769
1432
2566
3108
4837
1432
2961
4009
4769
1432
2961
4009
4837
1432
2566
3108
4837
1432
2961
4009
4769
1720
2748
3715
5041
1051
2835
3751
4324
1924
2311
3673
5003
1594
2054
4004
4629
2015
2452
3804
4843
1899
2925
3198
4810
1981
2511
4088
4755
1653
2889
3966
4862
1899
2964
3715
5041
1248
2907
3325
5114
1345
2619
3824
5114
1155
2748
4061
5058
1181
2956
3268
4170
1924
2889
3904
5052
1155
2877
3782
4889
1263
2142
3252
4843
1299
2717
3585
5068
1181
2884
3647
5115
1981
2976
3268
4876
1252
2788
3824
4747
1879
2869
3901
4962
1252
2889
3824
5052
1748
2694
4072
4934
1130
2985
3750
5114
2043
2788
3893
5118
1130
2889
3904
4889
1432
2472
3108
4962
1432
2472
3858
4311
1432
2566
3858
4837
1432
2566
3858
4837
1432
2472
3108
4962
1432
2472
3108
4311
1432
2472
3108
4837
1432
2472
3108
4837
1432
2472
3901
5058
1432
2566
4009
4769
1432
2472
3108
4837
1432
2566
3108
4837
1432
2566
3108
4837
1432
2961
4009
4769
1903
2990
3653
4931
1029
2621
3262
4272
1188
2314
4052
4628
1594
2638
3198
4101
1181
2478
3690
4305
1696
2699
3942
4305
2015
2694
3619
5059
1835
2699
3824
4926
1653
2314
3526
4889
1155
2082
3982
4720
1899
2889
3966
4484
1981
2800
3901
4170
1924
2531
3880
5012
1248
2907
3839
4927
1899
2612
3966
4889
1981
2869
4008
5052
1924
2964
3526
5118
1334
2314
3891
5012
1155
2097
4061
4934
1181
2694
4008
5052
1155
2573
3904
5118
1334
2619
4008
5114
1981
2097
3715
4905
1653
2889
3526
4927
1155
2907
3901
4927
1899
3069
3901
5114
1981
2907
3997
5052
1924
3069
3952
4927
1981
2748
3727
4891
1899
2612
3704
4950
1181
2956
3750
5052
1924
2964
4072
5012
1334
2135
3904
4934
1155
2788
3904
5012
1181
3069
4072
4311
1155
2813
4008
4860
1334
3069
3782
4860
1981
2177
3504
4899
1653
2985
3526
4934
1981
2411
3268
5110
1899
3069
3891
5114
1981
2869
3987
5012
1924
3017
4019
5052
1981
2330
4019
4934
1155
2528
3284
4170
1181
2956
3880
4835
1924
2484
3284
4962
1334
2276
3966
5012
1155
2484
3880
4201
1653
2147
4088
5114
1155
2694
3987
5110
1334
2964
4072
5052
1981
2347
3987
5068
1815
2985
3804
5003
1928
2907
4072
5115
2023
2964
3880
4747
1858
2452
3893
4934
1858
2748
3987
4962
2043
2162
3824
4889
1456
2642
3824
4950
2041
2813
3987
5114
1900
2592
3901
4934
1762
2748
3901
4837
1762
2649
3858
4962
1762
2985
3901
5058
1432
2472
3858
4934
2043
2694
3858
4311
1432
2985
3858
4311
1432
2566
3108
4837
1432
2472
3858
4837
1432
2748
3750
4837
1432
2472
4072
4837
1432
2566
3782
4934
1432
2566
4009
4769
1432
2566
3108
4837
1432
2566
4009
4962
1432
2566
4072
4170
1432
2566
3108
4837
1432
2566
3108
4837
1432
2566
3108
4837
1903
2274
3782
5058
1689
2667
3647
4938
1324
2467
3698
5094
1188
2484
3893
4747
1835
2883
3257
4384
1298
2360
3782
4810
1780
2620
3198
5029
1694
2869
4008
4889
1981
2907
3891
5118
1594
2879
3891
4860
1924
2097
3824
4934
1181
2531
3880
4175
1334
2869
3495
4170
2023
2907
4042
4860
1924
2573
3904
5012
1924
2649
3198
4926
1181
2907
3893
4934
1291
2368
3296
4931
1298
2411
3824
5115
1759
2368
3942
5059
1653
2985
3804
5114
1748
2801
3942
5118
1748
2694
3893
5052
2023
2907
3674
4934
2041
2592
3725
5114
1900
2472
3725
5118
