807
966
966
966
966
351
966
351
966
733
665
733
665
733
665
733
665
879
351
665
733
665
733
665
733
665
733
665
733
665
733
665
733
966
966
733
665
733
665
733
665
733
665
733
665
733
665
553
883
883
879
665
733
665
733
665
733
665
733
665
733
665
733
665
79
883
883
275
665
733
665
733
665
949
324
312
129
877
877
879
789
560
308
356
475
186
186
186
186
996
996
307
715
312
312
703
603
718
375
141
223
633
356
69
800
551
765
834
24
966
966
966
966
351
966
351
966
351
966
351
966
351
966
733
966
966
966
966
733
665
733
665
733
665
733
665
733
665
733
665
879
879
665
733
665
733
665
733
665
733
665
733
665
733
665
733
883
883
733
665
733
665
733
665
733
665
733
665
733
665
293
665
879
879
665
733
665
733
665
733
665
733
665
733
665
391
194
565
392
392
849
293
849
82
645
82
645
645
645
141
223
633
356
69
800
551
765
834
24
834
966
966
966
351
966
351
966
351
966
351
966
351
966
966
351
966
351
665
733
665
733
665
733
665
733
665
733
665
879
879
966
733
665
733
665
733
665
733
665
733
665
733
665
733
883
883
391
665
733
665
733
665
733
665
733
665
733
665
733
883
879
879
665
733
665
733
665
733
665
733
665
715
312
872
715
312
59
356
69
186
186
186
996
996
996
307
715
312
182
603
718
718
715
312
703
141
223
633
356
69
800
551
765
834
24
834
966
351
966
351
966
351
966
351
966
351
966
966
966
966
351
966
733
966
733
665
733
665
733
665
733
665
879
518
518
733
665
733
665
733
665
733
665
733
665
733
665
293
883
879
879
883
733
665
733
665
733
665
733
665
733
665
733
665
391
194
715
194
665
293
665
275
665
733
665
733
665
949
391
877
877
877
922
632
877
789
949
312
627
922
715
312
703
138
215
922
138
703
651
324
312
633
356
558
186
186
186
996
996
639
639
639
639
639
639
277
277
277
277
277
277
277
277
277
277
277
277
283
60
60
60
277
60
60
60
60
60
60
225
60
60
60
60
60
60
60
60
60
60
60
60
60
60
60
60
60
60
60
60
60
60
60
60
60
60
60
60
79
60
60
60
60
60
60
60
60
60
60
60
60
60
60
60
60
902
60
60
60
60
713
1780
2199
3982
4140
1155
2258
3966
4852
1155
2766
3526
4829
1248
2126
3259
5037
1248
2855
4061
4525
1248
2855
3454
4893
1248
2097
3478
4615
1248
3026
3727
5059
1298
2360
3904
4861
1298
2360
3500
4776
1298
2887
3482
4861
1298
2691
3739
4305
1298
2691
3987
4861
1298
2691
4042
4763
1298
2813
3442
4589
1298
2813
3997
5059
1298
2813
3997
5059
1298
2632
3933
5012
1298
2642
4042
4912
1298
2642
4042
4971
1298
2642
3839
4896
1981
2182
3270
4931
1981
2822
3901
4374
1981
2822
3526
4589
1981
2822
3764
4460
1981
2175
3270
5058
1981
2922
3526
5118
1981
2350
3924
4927
1981
3051
3526
5029
1981
2186
3868
4460
1181
2741
3952
4483
1334
2445
3950
5079
1334
2350
3997
4934
1334
2350
3997
4810
1334
2147
3715
4810
1334
2147
4005
4955
1334
2147
3868
4132
1694
2801
4008
4132
1694
2581
3893
4170
1899
2147
3904
4792
1899
2949
4007
5011
1924
2297
3268
5029
1924
2297
3268
5029
1924
2350
3887
4853
1924
2088
3951
4484
1924
2088
3764
5110
1924
2411
3935
4927
1924
2411
3727
4132
1924
2484
3111
4132
1924
2224
3727
4525
1924
3007
3727
4830
1924
2521
4072
4255
1924
2521
4030
5052
1298
2531
3526
5110
1298
2531
4008
5052
1298
2531
3935
5052
1298
3069
3935
4132
1298
3069
3935
5058
1298
3069
3887
4654
1298
2964
3893
4615
1298
2876
3901
5029
1298
2939
4042
4830
1298
2939
4042
4889
1298
2642
3486
4170
1981
2573
3951
4862
1981
2411
3704
4460
1981
2411
3901
5012
1981
2649
3891
5012
1981
2649
3891
5012
1981
2649
3904
4927
1981
2748
3839
5110
1981
2612
3901
4934
1981
2612
3893
4615
1981
2889
3904
5058
1334
2801
3924
5114
1334
2801
3924
4962
1334
2801
3924
4962
1334
2801
3782
4962
1334
2801
3782
4170
1653
2869
3997
5052
1653
2869
3997
4484
1653
2813
3997
4862
1653
2147
3542
4861
1653
2649
3526
4889
1653
2649
3526
4889
1653
2649
3526
4919
1653
2925
3526
4889
1653
2925
3526
5110
1653
2612
3868
5079
1924
2612
3893
4460
1924
2612
3893
5110
1924
2694
3904
4927
1924
2868
4054
4934
1924
2868
4054
4934
1924
2484
3647
5114
1924
2224
3891
5110
1924
2224
3422
4484
1924
2746
3901
4830
1298
2949
3966
5110
1298
3069
4072
4962
1298
3069
4072
4810
1298
3069
4072
4810
1298
3069
4072
4853
1298
2694
4008
4853
1298
2694
4008
4853
1298
2694
4008
5058
1298
2694
3887
5110
2023
2990
3704
5015
2023
2411
4088
5042
2023
2907
3924
4860
1981
2939
3704
5118
1981
2411
4054
5114
1981
2411
4008
4460
1981
2162
4008
5118
1981
2748
3901
5012
1981
2748
4008
4926
1981
2748
4008
4926
1981
2531
3893
4955
1981
2889
4008
4926
1334
2801
3891
4955
1334
2801
3891
5114
1334
2801
3782
4132
1334
2801
3782
4132
1334
2801
3782
5058
1167
3065
3893
4317
1029
2863
3901
4829
1051
2879
3268
4460
1780
2171
3715
4625
1188
2360
3511
4861
1780
2199
3747
4625
1181
2889
4042
4889
1696
2126
3876
4927
2015
2949
4039
4175
1594
2064
3950
5099
1324
2531
3846
5094
1594
2879
3764
4927
1780
2771
3997
5029
1981
2967
3595
4654
1780
3069
4039
4770
2046
2314
3727
4889
1252
2097
3935
4747
1155
2694
3747
5059
1924
2224
3987
5114
1252
2360
3887
5114
1628
2360
3747
5118
1628
2985
4072
4830
1454
2411
4072
5052
1456
2411
3747
5118
1456
2788
3987
5110
1858
2788
3987
5012
2043
2097
3727
5118
2023
2925
3782
4460
1545
2717
3928
4274
1977
2949
3876
4733
1780
2171
3876
4864
1324
2747
3504
4636
1899
2803
3447
4861
1899
2803
3887
4621
1324
2863
3542
4589
1696
2949
3938
4132
1324
2343
4030
4175
1155
2591
3715
4732
1155
2591
3715
4852
1155
2766
3526
5095
1924
2279
3348
4861
1248
2097
3526
4525
1248
2097
3621
4875
1248
2097
3280
4678
1248
2165
3526
5094
1248
3026
3724
4226
1331
2741
3933
4915
1298
2360
3500
4776
1298
2691
3739
4432
1298
2691
3739
4305
1298
2691
3987
4763
1298
2691
3997
4763
1298
2813
3442
4589
1298
2813
3997
5059
1298
2813
3997
4919
1298
2813
3868
4132
1298
2649
3236
4903
1298
2642
3839
4654
1298
2642
3839
4896
1981
2182
4030
5011
1981
2822
3782
5079
1981
2822
3526
4589
1981
2822
3933
4460
1981
2922
4088
5029
1981
2922
3526
5118
1981
2791
3924
4927
1981
2259
3094
4477
1981
2186
3868
4654
1981
2186
3950
4962
1334
2445
3950
5079
1334
2869
3869
4829
1334
2350
3997
4810
1334
2147
3891
4829
1334
2147
4005
4955
1181
3069
4039
4432
1181
3069
4039
5114
1694
2581
3893
4654
1653
2619
3868
4919
1324
2771
4008
5029
1324
2717
3201
4926
1924
2801
3782
4919
1924
2350
3887
4853
1924
2350
3887
5110
1924
2939
3868
4490
1924
2939
3727
4889
1924
2478
3715
4654
1924
2224
4005
5011
1924
2224
3727
4889
1924
3007
3727
4830
1924
2521
4030
5052
1924
2531
3422
4810
1298
2531
3526
5110
1298
2531
3935
4983
1298
3069
3935
4962
1298
3069
3935
4962
1298
3069
3935
5058
1298
2452
3950
4484
1298
2964
3893
4830
1298
2939
4042
4830
1298
2939
4042
4810
1298
2642
3987
4460
1298
2642
3951
5012
1981
2411
3704
4460
1981
2411
4039
4621
1981
2649
3704
4384
1981
2649
3950
5012
1981
2649
3904
4955
1981
2990
4072
5012
1981
2990
4072
4934
1981
2990
3893
4934
1981
2889
3904
4132
1981
2889
3924
4983
1334
2801
3924
4962
1334
2801
3924
4962
1334
2801
4054
4962
1334
2801
3782
4170
1181
2699
3880
4926
1653
2869
3997
4926
1653
2869
3997
4853
1653
2147
3891
4860
1653
2147
3868
5114
1653
2649
3526
4889
1653
2925
3526
4889
1653
2925
3526
5058
1653
2925
3526
5058
1653
2612
4088
4962
1924
2612
3893
4460
1924
2694
3893
4853
1924
2694
3893
4962
1924
2868
4054
4460
1924
2868
4054
5110
1924
2224
3951
5110
1924
2224
3891
5110
1924
2224
3891
5114
1924
2746
3901
4830
1252
2097
3966
4931
1298
3069
4072
4962
1298
3069
4072
4810
1298
3069
4072
4810
1298
3069
3891
4853
1298
2694
3935
4853
1298
2694
3935
5058
1298
2694
3887
4654
1298
2644
4008
4962
2023
2057
3869
5012
2023
2883
4042
4830
1981
2746
3782
4889
1981
2788
3782
5110
1981
2411
4008
4460
1981
2649
4054
5110
1981
2649
3952
5110
1981
2694
3088
4830
1981
2694
4072
4926
1981
2694
3839
4934
1981
2694
3880
4955
1981
2350
4008
4955
1981
2801
4079
5114
1981
2694
4079
5110
2023
2564
3893
5012
1858
2564
4008
4201
1858
3023
3839
4625
1748
2944
3893
5052
1748
2350
3952
4484
1748
2649
3952
4170
1454
2350
3987
4926
1454
2350
4008
4955
1454
2350
3935
5118
1454
2350
4079
5052
1157
2350
4079
5015
1157
2350
4079
5052
1157
2350
3268
4919
2041
2350
3924
4926
2041
2350
3924
4926
1858
2350
3526
5110
1252
2350
4008
4934
2041
2162
4088
4962
2041
2162
3839
4962
1076
2985
3966
4889
1689
3069
3488
4921
1696
2728
3488
4593
1696
2126
3764
4763
1696
2949
3764
5059
1696
2949
3098
4829
1696
2949
4005
5041
1594
2949
3933
4654
1594
2949
3966
4852
1155
2766
3715
5095
1155
2191
3837
4829
1248
2097
3621
4710
1248
2097
3764
4893
1248
2097
3966
5094
1331
2741
3690
4862
1298
2266
3966
4560
1298
2266
3093
4830
1298
2314
3500
4305
1298
2691
3739
4305
1298
2691
4042
4763
1298
2619
3950
4175
1298
2619
3997
5058
1298
2813
3997
5059
1298
2813
3997
4919
1298
2813
4042
4889
1298
2642
4042
4912
1298
2642
4042
4971
1981
2753
4030
4861
1981
2182
3313
5037
1981
2822
3859
4893
1981
2822
3880
5059
1981
2822
3526
4460
1981
2175
3270
4197
1981
2922
3526
4224
1981
2350
3924
4927
1981
2350
3924
4934
1181
2604
3924
5099
1181
2741
3950
4927
1181
2741
3997
4625
1334
3047
3887
4170
1334
2350
3997
4926
1334
2350
3997
4810
1334
2147
4005
4955
1334
2147
3868
4132
1694
2801
4039
4862
1694
2581
3893
4720
1899
2147
3904
4792
1899
2888
3088
4983
1924
2297
3268
5059
1924
2297
3268
5029
1924
2350
3887
4460
1924
2411
3887
4460
1924
2939
3868
4747
1155
2949
3935
5114
1155
2360
3542
4654
1155
2224
3526
4132
1155
2224
3966
5052
1924
2484
3966
4830
1924
2521
4030
5110
1298
2531
3268
4983
1298
2531
3268
4810
1298
2531
3951
5110
1298
2531
3935
4132
1298
3069
3935
4934
1298
3069
3935
5058
1298
3069
3887
4654
1298
2691
4042
4955
1298
2644
3950
4170
1298
2813
4008
5058
1298
2813
3893
5110
1298
2642
3951
4720
1981
2717
3966
4197
1981
2717
3952
4132
1981
2717
3952
4654
1981
2649
3950
4962
1981
2649
3950
4962
1981
2649
3904
4955
1981
2990
4072
4810
1981
2612
3893
4810
1981
2612
3893
4132
1981
2612
4054
4615
1334
2801
3924
4132
1334
2801
3924
4962
1334
2801
4054
4962
1334
2801
3782
4962
1334
2949
3997
4625
1653
2869
3997
5114
1653
2813
3997
4926
1653
2813
3839
4615
1653
2649
3997
5118
1653
2649
4079
4484
1653
2649
3526
4889
1653
2649
3526
4919
1653
2411
3526
4919
1653
2612
3782
5015
1653
2411
3904
5012
1653
2097
3951
5012
1924
2694
3893
4853
1924
2484
3935
5052
1252
2314
3715
4747
1252
2314
3715
4747
1252
2314
3111
4829
1252
2314
3111
4829
1252
2314
3704
4830
1252
2677
3526
4927
2023
2097
3966
4615
1298
3069
4072
4810
2023
2097
3880
4893
2023
2097
4042
5052
1298
3069
3935
4853
1298
2694
4008
4853
2023
2990
3704
4720
2023
2990
3704
4720
2023
2990
3997
5058
2023
2411
3924
4931
2023
2564
3997
5058
2023
2564
3997
4927
2023
2162
3868
4931
1981
3023
3782
4955
1981
2694
3952
4889
1981
2694
4072
4926
1981
2976
4072
4926
1981
2694
4072
4926
1981
2694
4072
4955
1748
2907
3839
5015
1748
2990
3893
5015
1981
2330
3893
4938
1748
2907
3924
4184
1858
2788
4054
5058
2015
3065
4094
4131
1594
2967
3437
4941
1694
2864
3791
4861
1835
2642
3727
4852
1694
2811
3526
4889
1188
2601
3270
4810
1924
2619
3526
4589
1188
2741
3868
4763
1696
2126
3340
5114
1188
2147
3891
4732
1899
2097
3876
4962
2015
2889
4008
4132
1594
2879
3710
4145
1181
3069
3966
5015
1155
2883
3868
4608
1694
2619
4008
4460
1981
2883
3660
5041
1858
2985
3951
4934
1628
2097
4072
4830
1653
2649
3935
5110
1454
2944
3782
4983
1456
2889
4008
5114
1858
2735
3904
5052
1628
3069
3904
4962
1252
2748
3904
4955
1252
2694
4079
4962
1252
2813
4079
5052
2041
2452
3987
4830
1858
2097
4008
4934
1628
2989
3750
4460
1252
2877
3891
5058
1689
2552
4054
4606
1696
2868
3270
5094
1696
2343
3098
5052
1696
2949
4005
5041
1155
2591
3715
4852
1155
2986
3270
4852
1155
2766
3764
4955
1248
2097
3868
4525
1248
2097
3621
5079
1248
2097
3764
4926
1248
2097
3478
4889
1248
2165
3698
5059
1248
3026
3098
4927
1298
2360
3500
4776
1298
2887
3482
4283
1298
2691
3987
4305
1298
2691
3987
4589
1298
2691
4042
4763
1298
2619
4054
5059
1298
2813
3997
5059
1298
2813
3383
4615
1298
2813
3940
4484
1298
2813
3682
4132
1298
2642
4039
4971
1298
2642
3839
4654
1981
2182
3270
4384
1981
2182
3764
4135
1981
2822
3110
5015
1981
2822
3526
5059
1981
2411
3868
4755
1981
2922
3526
5029
1981
2748
3924
4132
1981
2350
3924
4132
1981
2186
3202
4747
1981
2186
4072
4384
1334
2445
3950
5114
1334
2162
3893
4927
1334
2350
3997
4934
1334
2350
3901
4810
1334
2147
3715
4747
1334
2147
4005
5058
1334
2147
3782
4132
1694
2879
3893
4889
1653
2619
4042
4919
1653
2619
3868
5118
1899
2949
3904
5059
1924
2297
3268
4934
1924
2801
3782
4919
1924
2350
3887
5110
1924
2939
3893
4853
1924
2939
3868
4490
1155
2949
3935
5114
1155
2224
3526
4132
1924
2484
3111
4615
1924
2484
3901
4830
1628
2097
3997
4830
1628
2191
3887
4861
1628
2165
3698
4893
1298
2531
3951
4983
1298
2531
4008
4132
1298
3069
3935
4934
1298
3069
3935
5058
1298
3069
3887
4654
1298
2691
4008
4755
1298
2644
3950
4170
1298
2939
4042
4830
1298
2939
4042
4810
1298
2642
3987
4460
1298
2642
3951
5052
1981
2717
3966
4197
1981
2717
3952
5114
1981
2649
3950
4962
1981
2649
3950
4962
1981
2649
3904
4955
1981
2612
3901
4955
1981
2612
3933
4955
1981
2612
3893
4132
1981
2612
4054
4615
1981
2949
3737
4175
1334
2801
3924
4962
1334
2801
4054
4962
1334
2801
3952
4962
1334
2801
3782
4170
1456
2869
3526
4926
1653
2813
4042
4926
1653
2813
4042
4926
1653
2649
4042
4170
1653
2649
4079
4484
1653
2649
4079
5012
1653
2649
3782
4919
1653
2411
3526
5118
1653
2612
3782
5015
1653
2612
3782
4546
1653
2411
3904
4962
1653
2411
3904
4962
1653
2097
4008
4927
1252
2314
3715
4747
1252
2360
3891
4889
1252
2314
3111
4829
1252
2314
3111
5110
1252
2314
3966
4830
1252
2314
3470
4615
1252
2677
3526
4962
1252
2677
3526
4962
2023
2097
3880
5114
2023
2097
4042
5052
1298
3069
3824
4853
2023
2097
4042
5052
2023
2964
4088
4862
2023
2990
3704
4720
2023
2411
3924
4955
2023
2411
3924
4955
2023
2411
3924
4931
2023
2411
3997
5058
2023
2907
3924
4889
2023
2907
3270
5012
1981
2694
4072
5114
1981
2694
3952
5114
1981
2694
3952
5110
1748
2907
3868
4926
1748
2907
3839
4962
1748
2907
3839
4654
1748
2990
3727
4889
1748
2990
3893
5015
1748
2990
3893
4615
1748
2990
3893
5012
1748
2350
4042
5058
1748
2350
4042
5058
1653
2801
3987
5114
1653
2889
4042
4170
1653
2813
4042
4460
1653
2813
3893
5012
1653
2813
3893
5012
1653
2813
4008
4837
1653
2813
4008
4889
1653
2813
4008
4889
1653
2649
4008
4170
1653
2649
3108
4962
1653
2649
3782
5110
1252
2350
4072
5012
1653
2097
4072
5118
1653
2694
3966
5058
2041
2162
3987
5015
1456
2788
4072
4955
2023
2649
3782
4962
2023
2411
4008
5015
2023
2907
4008
5015
2023
2869
4008
4384
1748
2907
3901
5118
1454
2961
4061
5118
1981
2801
3268
5114
2043
2907
3782
4145
2041
2961
3690
4962
1317
2868
3725
4132
1748
2976
3966
5118
1252
2411
3891
4747
1104
2883
3951
5118
1331
2769
3526
4830
1029
2661
3094
4424
1051
2887
3386
4170
1298
2883
4045
4810
1780
3069
3935
5114
2015
2869
3582
4906
1404
2484
3951
4615
1780
2746
3782
4601
2015
2147
3949
4546
1404
2642
3727
5118
1331
2717
3715
4601
1694
2429
3526
4546
1188
2907
4042
4654
1594
2964
4008
4926
1780
2307
3839
4810
1188
2147
3891
4830
1835
2199
4042
4931
1780
2746
3198
4654
1181
2889
4042
4830
2017
2879
3893
4615
1331
2343
3235
5012
1694
2350
4008
4615
1188
2907
3727
5114
1331
2484
3952
4601
1780
2801
3966
4971
1188
2889
3727
5118
1835
2746
3887
4432
1780
3069
3891
4654
2015
2801
3268
5012
1404
2484
3727
4983
1780
2746
3747
4977
1694
2147
3727
5058
1188
2907
3704
4931
1331
2199
3951
5118
1780
2801
3377
4615
1188
2907
4042
5052
1155
2883
4042
4860
1780
2694
4008
5114
1181
2060
3698
4810
1835
2484
3997
5118
1331
2126
3772
5052
1181
3069
4088
4615
1188
2484
4088
4747
1331
2199
4061
5118
1324
3069
3966
5118
1188
2907
3727
5052
1298
2883
3526
4927
1780
2879
3880
5015
1188
2147
3904
5110
1835
2746
3401
5057
1780
2879
4088
5114
1694
2801
3727
5052
1188
2484
4042
5114
1331
2801
3527
4858
1694
2949
3486
5114
1188
2907
4008
5118
1155
2097
4042
4170
1780
2879
3880
4170
1188
3069
3893
4934
1835
2484
3997
5058
1924
2097
3868
4484
1181
3069
3495
4601
1188
2484
3891
4861
1331
2694
3868
5110
1324
3069
4042
5114
1188
2907
4008
4934
1298
2088
3704
4934
1924
2147
3715
5114
1188
3069
3727
4889
1835
2746
3893
4170
1924
2985
3526
4860
1334
2147
3868
5058
1404
2801
3727
4945
1924
2097
3868
5118
1694
2949
3486
5114
1188
2956
3526
4858
1155
2097
4042
4170
1924
2619
3526
4853
1188
3069
3893
4747
1835
2879
4088
5012
1924
2097
3526
4889
1181
2889
4008
5114
1981
2883
4042
4927
1331
2879
3868
4601
1324
2771
3987
5110
1188
2694
3727
5118
1155
2788
3704
4934
1924
2147
3952
4962
1188
3069
3893
4934
1298
2907
3727
4903
1924
2985
3526
4860
1334
2350
3880
5012
1981
2883
4042
5114
1924
2411
3704
4837
1694
2949
4008
5114
1188
2956
3673
4962
1155
2788
4008
4860
1924
3069
4088
4889
1188
3069
3893
4747
1155
2956
3698
4770
1924
2985
3782
5012
1181
3069
3495
4934
1981
2883
4042
4962
1924
2829
3698
5110
1653
2619
3526
4934
1981
2869
3727
5114
1155
2746
4088
5115
1924
3069
3893
5015
1188
3069
3893
4747
1298
2907
3891
4962
1924
2985
3782
5012
1334
2350
3880
5012
1981
2883
4042
5114
1924
2411
3704
5118
1653
2619
3526
5015
1981
2869
3750
5114
1155
2788
4008
4962
1924
3069
4088
4889
1981
2147
3891
4934
1155
2956
3891
4770
1924
2985
3782
5012
1334
2350
4072
5118
1981
2883
4008
5015
1924
2829
3673
5012
1653
2619
3526
4934
1981
2907
3750
4615
1155
2746
4088
5115
1924
3069
3893
5015
1981
2147
3891
4934
1298
2484
3893
4601
1924
2985
4008
4837
1334
2350
4072
5118
1924
2350
3893
4921
