73
768
766
738
604
41
36
294
667
768
768
768
871
738
738
823
686
667
667
768
871
871
871
871
738
61
36
294
667
667
768
768
768
871
738
823
686
667
667
871
871
871
871
738
738
621
823
258
610
793
793
793
793
793
738
738
686
610
610
793
793
793
888
888
1023
738
61
61
258
925
925
793
900
793
766
604
41
686
686
331
331
331
888
888
738
604
621
61
258
610
331
888
888
888
888
738
738
823
610
610
331
594
888
888
888
766
738
61
325
258
925
925
610
888
888
888
888
888
888
888
1004
1004
888
1004
1004
888
888
888
888
888
888
888
432
888
888
888
766
738
823
686
610
888
888
888
888
900
888
738
61
325
258
925
925
793
455
576
369
621
363
258
610
331
331
331
888
613
604
210
466
258
925
925
594
793
925
1004
1004
604
686
610
292
793
888
888
888
888
888
888
531
888
397
604
576
576
369
266
369
621
36
294
667
768
768
768
768
871
871
871
738
823
686
667
871
871
871
871
871
766
738
823
686
667
667
768
768
900
871
766
76
61
294
925
925
722
1004
768
1004
100
823
686
667
667
613
604
846
686
667
738
61
294
667
667
768
768
768
871
766
738
738
686
667
667
871
871
871
871
871
766
738
61
294
294
925
53
925
1004
1004
1004
347
1004
1004
1004
347
1004
1004
347
347
871
871
738
823
258
686
594
667
871
871
900
506
76
61
325
686
409
667
768
768
768
768
738
823
823
294
925
604
576
375
738
61
686
667
667
667
768
768
432
871
613
61
823
823
667
667
768
768
768
871
871
766
738
823
686
667
667
871
871
871
871
871
738
621
61
294
667
667
768
768
768
871
738
823
686
667
667
768
768
871
871
506
738
210
325
258
925
925
793
793
793
766
738
823
686
610
876
793
793
888
793
888
766
738
61
325
874
925
925
793
793
1004
604
100
621
363
258
331
331
331
888
31
738
76
61
258
610
925
925
331
888
888
888
738
823
686
610
888
888
900
888
888
888
738
61
325
258
925
925
793
888
888
888
888
888
1004
1004
816
1004
925
1004
816
1004
816
888
888
1004
816
1004
1004
888
888
888
900
738
823
325
258
610
331
925
925
888
888
738
466
325
258
610
925
604
576
756
369
61
325
258
610
331
331
331
613
604
369
466
325
258
925
610
793
793
1004
699
2015
2864
3120
4905
1835
2979
3401
4894
1051
2351
3723
5008
1977
2781
3942
4853
1192
3063
3296
4724
1104
3026
4056
5110
1369
2862
4019
4873
1216
2252
3296
4369
1317
2284
3880
4817
1998
2355
3581
5107
1791
2275
3647
4949
1696
2262
3880
4374
1104
2667
3601
4983
1711
2930
3804
4274
1279
2262
3296
4113
1188
2960
3583
4625
2015
2311
3804
4484
1594
2960
3915
4227
2015
2699
3156
4782
1924
2925
3904
4876
1835
2573
3387
4931
1104
2284
3384
4943
1696
2629
4019
4625
1996
2268
3918
4457
1029
2117
4030
4332
1594
2964
4052
5008
1188
2531
3982
4862
1977
2667
3647
4332
1594
2960
4087
4931
2015
2262
3997
5008
1780
2612
4030
4813
1835
3034
4052
4931
2015
2612
3737
4829
1696
2717
3997
5115
1104
2177
3727
4484
1694
2528
4042
4983
1279
2484
3782
4860
1188
2925
3325
5079
1584
3029
3274
4607
1892
2986
3734
4245
1206
2573
3455
5008
1892
2309
3583
4905
1977
2667
3638
4763
1167
2626
3772
4597
1977
2930
3850
5113
1167
2126
4095
4770
1335
2644
4030
4882
1279
2930
3377
4873
1660
2199
3820
4862
1104
2186
4036
4484
1696
2897
4036
4640
1675
2883
4036
4733
1160
2060
3164
5114
1886
2573
3384
5008
1167
2377
3737
4903
1977
2147
3482
5115
1594
2612
3942
4770
1188
2262
3495
5095
1924
2888
4094
4711
1594
2642
3310
4931
2015
2186
3296
4770
1696
2897
4036
4484
1675
2484
3727
4770
1711
3069
3737
4379
1675
2717
3782
4860
1167
2274
3727
4977
1977
2130
3987
5008
1594
2612
3715
4873
1335
2060
4087
4949
1257
2612
3232
5008
1784
2252
3581
5047
1791
2321
3341
4631
1998
2171
3736
5008
1534
2661
3373
5008
1029
2453
3862
4631
1815
2760
3384
4755
1051
2347
4004
4767
1279
2165
3903
5008
1581
2725
3186
4903
2015
2314
3237
5008
1711
2869
3313
4833
1638
2699
3401
5008
1759
2274
3348
4302
1029
2862
4093
5008
1920
2274
3554
5008
1404
2277
3728
4931
1581
2822
3380
4727
1324
2453
3736
4817
1217
2620
3341
4759
2017
2717
3542
4817
1192
2554
3542
5047
1029
2528
3906
5008
1181
2986
3987
4770
1051
2274
3880
4927
1331
3063
4052
5008
1581
2209
3301
5008
1029
2741
3834
4835
1188
2897
3282
4728
2017
2965
3876
4931
1759
2148
3370
4873
1469
2185
3180
5008
2031
2274
3554
4636
1785
2699
4024
4162
1534
2661
3738
4872
1029
2862
3605
4814
1743
2147
3738
4893
1051
2455
4024
4945
1192
2751
3622
4770
1689
2126
4024
4255
1743
2186
4024
5106
1051
2117
3890
4609
2017
2751
3482
4905
1581
2274
4024
4860
1029
2277
4019
4983
1280
2085
3672
4800
1764
2801
4091
4623
1291
2702
4087
5110
1594
3050
3638
5049
1334
2330
3310
4715
1696
2638
3915
4613
1317
3007
3526
4800
1777
2525
3736
4631
1815
2897
3673
5047
1835
2869
3088
5049
1694
2619
3284
4862
1835
2907
3903
5008
1349
3069
4088
4850
1777
2644
3903
4460
1998
2085
3746
4970
1801
2881
3377
4862
1610
2804
3151
4759
1709
2629
3595
4872
1709
2629
3921
4833
1558
2792
3373
4185
1743
2821
3371
4844
1743
2792
3368
5106
1167
2821
3787
4314
1167
2671
3350
5008
1892
2949
3959
4844
1892
2088
3903
4332
1892
2147
3959
4829
1979
2673
3413
4332
1588
2262
3903
5049
1588
2332
4052
4629
1664
2403
3156
4983
1291
2332
3291
4608
1291
2332
3738
5112
1404
2869
3738
4144
1404
2314
3959
4416
1404
2989
4094
4810
1835
2788
3839
5049
1287
2604
3325
4484
1287
2343
3839
5044
1835
2097
3919
4800
1720
2638
4052
5110
1331
2883
3198
5042
1720
2964
3982
4255
1331
2916
3464
4120
1331
2990
3198
5037
1759
2825
4056
4860
1610
2130
3296
4369
1734
2902
3652
4800
1734
2268
3515
4872
1369
3047
3264
5100
1132
2117
3515
4251
1798
2467
4024
4394
1132
2455
3661
4332
1588
2458
3180
4631
1837
2673
3291
5047
1280
2964
3959
4631
2015
2869
3291
4817
2015
2611
4042
4755
1291
2741
3437
4817
1791
2484
3959
4376
2017
2531
3291
5047
2017
2821
3982
5049
1835
2883
3291
4114
1835
2455
3942
4637
1404
2152
3515
4614
1192
2297
3291
4120
1159
2825
3959
4519
1159
2629
4008
4185
1331
2314
4093
4817
1581
2741
3959
4817
1780
2268
3515
4873
1780
2925
3224
4251
1798
2535
3684
4302
1798
2147
3380
4817
1641
2262
3384
4800
1641
2262
3384
5049
1280
2964
3110
4629
2015
3063
3576
5049
2015
2869
3296
4451
1188
2443
3880
5049
1188
2525
3338
4908
1188
2604
3982
5049
1188
2604
3921
4845
2017
2478
3804
5049
1835
2841
3781
4120
1835
2455
4016
5041
1404
2199
4094
4898
1404
2863
4025
4201
1192
2717
3959
5058
1192
2262
3904
4983
1331
2262
3839
4561
1331
2443
3747
4629
1331
2629
3398
4908
1331
2277
3787
4372
1057
2130
4030
5106
1759
2910
3133
4416
1696
2165
3380
4800
1780
2148
3437
5047
1780
2821
3839
4860
1780
2877
3437
4484
1780
2877
3959
5079
1780
2186
3901
4431
1324
2311
3982
5049
1324
2314
3237
5079
1641
2638
3904
5049
1641
2612
4087
4637
1641
2612
3515
4615
1641
2274
3959
4117
1588
2274
3661
4624
1332
2202
3746
4623
1427
2326
3180
4631
1791
3050
3728
4332
1791
3050
3959
4565
1291
2521
3226
4369
2017
2060
3959
4372
2017
2770
3818
4629
2017
2454
3829
5112
2017
2862
4030
5099
1998
2746
3753
4919
1298
2883
3380
4720
1924
2964
3384
4860
1349
2986
3890
5012
1801
3007
4091
5068
1263
2142
3180
5041
2005
3050
3959
4833
1759
2897
4087
5049
1835
2785
3619
4120
1558
2644
3291
4606
1291
2314
3188
4800
1759
2821
3913
4477
1291
2209
3270
5049
1696
2671
3919
4971
2015
2453
3912
4800
1720
2638
3652
4800
1104
2117
3180
4772
1896
2344
4091
4817
1047
2332
3982
4938
1291
2085
4042
5049
1559
2512
3829
4260
1211
2185
3622
4302
1998
2822
3616
4537
1159
2332
4024
4977
1159
2277
3345
4579
1581
2741
3818
5091
1262
2130
3261
4983
1103
2117
3380
4931
1217
2717
3902
4704
1545
3063
3622
4608
1791
2801
3739
4392
2017
2274
4091
5008
1998
2344
3753
4258
1998
2332
3704
5008
1159
2085
3377
4540
1331
2619
3888
4949
1331
2433
3919
4700
1780
2443
3482
4931
1780
2314
3373
4770
1743
2360
3296
4546
1167
2360
3787
4484
1167
2803
3261
5008
1324
2925
3341
4927
1324
2925
3868
5115
1641
2117
3327
4860
1641
2717
4004
4374
1977
2673
3096
5079
1977
2673
3915
4931
1977
2186
3304
4905
2015
3063
4036
4615
2015
2512
3387
4949
1188
2512
3791
4830
1188
2512
3470
4845
2017
2620
3325
5115
2017
2531
3325
4970
2017
3050
3259
4873
1287
2085
3542
4862
1899
2730
3377
4801
1924
2277
3959
4845
1653
2314
3965
4332
1653
2262
3772
4460
1981
2801
3782
4983
1981
2820
3647
4106
1248
2801
3919
4934
1815
2945
3111
4817
1737
2068
3571
4914
1791
2515
3455
4833
2015
2794
4020
4770
1977
2467
3418
4296
1696
2642
4094
4374
1594
2626
3982
4151
1104
2445
3942
4593
2015
2314
3804
4829
1029
2677
3804
4905
1780
2771
4094
4484
1696
2097
3804
5058
1594
2883
3919
5110
1104
2082
3982
4654
1104
2804
3325
4770
2015
2788
3737
4484
1977
2813
4008
5029
1696
2332
3401
5079
1594
2801
3198
4202
1248
2314
3581
4160
1334
2314
3296
4955
1694
2638
3834
4927
1899
3026
3982
4460
1696
2746
3804
4979
1594
2876
3296
4931
1835
2604
3486
4546
1188
2741
3137
4926
2015
2644
3747
4862
1694
3063
4042
4460
1899
2728
3891
4926
1155
2297
3727
4889
2046
3047
3738
4889
2032
2531
3384
4800
1216
2986
3738
5095
1759
3007
3487
4949
1924
2330
3660
4782
1991
2644
3261
4845
1298
2930
3919
4983
1298
2735
4094
4983
2000
2883
3839
4876
1981
2343
4094
4546
1981
2735
3982
4170
1334
2869
3742
4876
1334
2564
3804
4983
1653
2945
3919
4861
1899
2949
3891
4955
1896
2130
3919
4905
1703
2347
3913
4484
1737
2068
3156
4762
1791
2515
3419
5008
1545
2085
3201
4814
1650
2085
3296
4524
1696
2467
3661
4977
1594
2445
3552
4919
1110
2801
3296
4845
1791
2949
3647
4504
1545
2126
3804
4931
1029
2717
3704
4853
1696
2527
4094
4484
1594
2573
3661
4838
1104
2274
3377
5110
1287
2862
3296
4302
1777
2883
3935
4624
1694
2573
4094
5044
1924
2986
3804
4919
1104
2949
3804
4460
1324
3032
3737
5037
1981
2642
3942
5049
1188
2881
3310
5104
1216
2997
3201
4814
1191
2326
4091
5110
2017
2289
3338
4766
1331
2740
3942
4537
1720
2455
3942
4782
1104
3032
4042
5115
1977
3050
3357
5115
2042
2952
3384
4639
1849
2147
3919
4260
1581
2667
4028
5008
2017
2117
3919
5110
2015
2311
4094
4905
1696
2351
3982
4744
1104
2443
4055
4905
1780
2771
3804
4845
1594
2573
4020
4931
1104
2274
4094
4861
1977
2090
4036
5018
1167
2445
4036
4219
2015
2262
3526
4876
1331
2863
4036
4601
2017
2478
4024
4980
1263
3069
3600
4770
1696
2347
3682
4845
1104
2445
3965
4980
1694
2535
3951
4845
1594
2964
3704
4845
1188
2309
3727
4876
1977
3069
3804
4601
1594
2801
3341
4845
2015
2350
4008
4615
1780
2788
3782
4876
1835
2484
3997
4845
2015
2741
4042
5114
1696
2717
3893
4926
1104
2445
4008
5110
1694
3069
3868
5052
1331
2347
3887
5089
1838
2740
3661
4838
1567
2764
3746
4903
1025
2268
3772
4894
1791
2277
3791
5046
1780
2925
3178
4919
1998
2965
3296
4249
1791
2612
3377
4873
1689
2642
3310
4814
1110
2801
3753
4903
1029
2771
4019
4931
1581
2484
3296
5048
2017
2274
3880
4274
2015
2311
4094
4848
1025
2274
3804
4977
1791
2699
3235
4983
1780
2528
3893
5041
1998
2484
4052
4829
1791
2612
3377
4771
1696
2728
3310
4860
1110
2801
3542
4546
1029
2956
3464
4278
1581
2484
3965
4332
2017
2274
3110
4949
2015
2311
3712
4845
1594
2297
3982
4927
2015
2186
3727
4829
1780
2528
4008
5012
1594
2601
3304
4615
2015
2309
3727
5118
1696
2171
3795
5079
1167
2445
3727
4615
1029
2225
4008
5008
1057
2148
4019
4726
2017
2355
3398
5115
2015
2862
3201
5079
1025
2274
3310
4929
1104
2186
3791
4830
1780
2117
3924
4296
1835
2573
3296
4861
2015
2309
3982
4905
1977
2717
3296
4601
1167
2445
4036
4934
1694
2147
3495
4484
1331
2527
3401
4862
1404
2812
3753
4964
2015
2085
3454
5099
1436
2085
3301
4224
1435
3029
3647
4272
1993
2085
4091
4891
1159
3029
3661
4606
1291
2085
4030
4606
1886
3032
3738
4606
1892
2642
3178
4903
1317
2986
4052
4193
1780
2351
4030
4593
1298
2883
4094
4170
1317
2309
3804
4374
1345
2467
3697
5043
1167
2801
3804
4983
1694
2262
3261
4876
1331
2979
3284
4770
1404
2225
3268
5115
2015
2964
3198
4127
1436
2321
3902
4958
1703
2445
3229
4770
1694
2881
4004
5095
1331
2910
4087
4770
2017
2225
3762
4949
2015
2862
3304
4101
1160
2728
3284
5110
1181
2741
3880
4747
1694
2949
4042
5011
1981
2801
3942
4889
1188
2869
3727
5008
1188
2862
4028
4374
1647
2142
3159
4495
1287
2910
3428
4931
1638
2642
3804
4332
1287
2090
3630
4431
1581
2964
3804
4926
1780
2967
3804
4903
1780
2864
3503
5115
1324
2925
3270
4919
1280
2949
3804
4919
2015
2869
3682
4906
1051
2868
3804
4560
1051
2741
3261
4379
1298
2822
4052
4589
1638
2879
3270
5008
1709
2902
3083
4306
1581
3050
3919
4134
1585
2085
3847
4871
1029
2677
3284
4938
1594
2964
3542
4431
1104
2869
3982
4862
1977
2116
3107
4860
1594
2883
4008
4876
2015
2604
3495
4810
1780
2455
3737
5115
2017
2199
3672
4346
2015
2888
3901
4876
1696
2126
3982
4876
1104
2484
3997
4845
1694
2771
3966
4876
1594
2455
3526
4876
1188
2367
3504
5015
1029
2717
3753
4625
1594
2881
3622
4919
2015
2314
3542
4931
1780
2528
3304
5115
1835
2883
3270
5008
2015
2887
4036
5049
1696
2126
4036
4170
1104
2484
3727
5115
1694
2771
3526
5114
1594
2964
4036
4962
1188
2521
4036
5041
1694
2311
4042
4889
1594
2612
3868
5115
2015
2741
3901
4484
1780
2717
4030
4201
1835
2965
3924
5012
2015
2284
3536
5089
1841
2545
4091
4251
1555
2986
3661
4155
2008
3065
3310
4907
1104
2603
3737
4513
1660
2484
3804
4983
1104
2667
3880
4770
1696
2117
3880
4894
1675
2883
3296
4593
1892
2620
4030
5115
1675
2262
3899
4905
1262
2801
3804
4905
1977
2443
4055
4227
1167
2097
3526
4296
1335
2252
3770
5114
1263
2612
3284
4759
2006
2252
3595
4800
1991
2186
3901
4604
1160
2986
3265
4431
1675
3032
3261
4771
1160
2309
3919
4120
1345
3065
4094
4654
1248
2869
3904
4919
1345
2147
3942
4830
1248
2097
3526
5115
1515
2788
3495
4889
1991
2781
3739
5057
1711
2801
3887
5110
1788
2751
3331
4601
1160
2347
3880
4817
1950
2746
3384
4456
1870
2309
3370
4302
1785
2458
3719
5047
1555
2751
3467
4631
1689
2130
3542
4537
1743
3029
3890
4715
1849
2642
3977
4267
1093
2459
3373
4949
1696
2925
3622
5007
1029
2751
3373
5007
1892
2274
3890
4489
1629
2601
3622
4905
1262
2746
3380
5118
1558
2717
3890
4119
1743
2274
3924
4601
1427
2717
3310
4860
1638
2741
3818
4949
1581
2117
3186
4817
1029
2702
3296
4720
1280
2925
3384
4862
2017
2764
3791
4631
1581
2484
3341
4565
1558
2403
3261
4829
1743
2274
4042
4431
1051
2453
4052
4860
1167
2967
3876
5008
1780
2689
3887
5008
1743
2949
3903
4770
1051
2117
3880
4170
2017
2964
3482
4905
1696
2097
4072
4926
1029
3029
3647
4631
1870
2274
3094
4369
1785
2601
4024
4809
1581
2309
3156
4302
1689
2629
3647
5110
1217
3029
3622
4296
1051
2467
3616
5028
1638
2275
3622
4873
1689
2638
4024
5110
1743
2186
3464
4440
1051
2925
4024
4983
2017
2311
3296
4561
1581
2185
3868
4296
1029
2277
4019
4949
1217
2252
3661
5047
1188
2347
3201
4800
1097
2775
3959
4119
1998
2585
3401
4606
1558
2142
3730
4484
1791
3050
3542
4332
1720
2177
3736
4800
1188
2925
3264
4631
1696
2082
3180
4431
1886
2117
3880
5049
1331
2330
3728
4332
1743
2531
4087
4322
1594
2821
3341
4755
1694
2297
3982
4120
1345
2109
4094
5049
1263
2644
3435
4938
1764
2764
3605
4850
1211
2289
4092
4372
2017
2643
3380
4192
1638
2792
3487
4949
1057
2821
4030
4416
1057
2671
3377
4416
1057
2326
3180
4537
2006
2528
3539
4332
1979
2821
3377
4631
1977
2671
3482
4817
1886
2638
3180
4817
1558
2443
3818
4332
1206
2360
3959
4631
1743
2667
3689
4332
1743
2989
3738
4898
1798
2612
3689
4332
1798
2952
3880
5049
1641
2185
3224
4537
1641
2649
3515
4817
1641
2771
3542
4844
1280
2717
3515
4484
1280
2964
3304
4800
1188
2619
4052
4835
1188
2821
3201
4314
1188
2443
3437
4104
1404
2821
3976
4864
1104
2956
3437
4431
1104
2956
3959
4852
1835
2604
3903
4332
2017
2478
3959
4853
2017
2902
4073
4335
1868
2902
3194
4723
1915
2205
3459
4260
1159
2277
3133
4873
1661
2809
3829
5008
1369
2177
3661
5049
1369
2085
3338
4873
1369
2612
3647
4608
1103
2881
3325
4949
1798
3047
3673
4134
1641
2185
3915
4782
1641
2785
3542
4537
1641
2453
3469
4817
1588
2869
3919
4332
1280
2964
3919
4637
1280
2964
4094
5049
1280
2443
4030
4451
1280
2677
3296
5049
1188
2314
3982
4332
1051
2821
3296
4526
2017
2085
3133
4629
2017
2085
3291
4153
1404
2822
4093
4850
1192
2777
3876
4120
1192
2989
4093
4432
1159
3007
4093
4845
1581
2809
3218
4120
1581
2085
3133
4629
1780
2986
4087
4873
1780
3047
3738
4120
1324
2925
3880
4332
1641
2638
4004
4983
1641
2671
3919
5110
1641
2262
4054
4120
1641
2956
3291
4519
1280
2964
3965
5049
1280
2964
3684
4332
1280
2964
3325
5049
1188
2147
3739
4817
1188
2147
3325
4457
1188
2274
3997
5029
1188
2604
4042
4927
1188
2907
3270
4349
2017
2879
4042
4170
1404
2484
3924
4927
1404
2484
3924
4962
1192
2109
3738
4771
1192
3050
3327
5115
1915
2862
4024
4801
1436
2494
3377
4613
2006
2629
4074
4860
1558
2403
3226
5047
1886
2130
3237
4800
1886
2888
3515
4537
2015
3029
3638
4800
1263
2612
3728
4260
1104
2820
3325
4648
1167
2521
3736
5047
1167
3007
3382
4196
1167
2689
3967
4949
1798
2343
3133
4631
1798
2979
3719
4676
1565
2289
3072
4867
1870
2642
3370
4609
1860
2455
3760
4369
1998
2326
3967
4332
1998
2326
3133
4484
1287
2403
3967
4861
1709
2455
3133
5046
1709
2497
3304
4637
1759
2165
3151
5049
1759
2085
3341
4457
1160
2986
3384
4927
1892
2085
3387
4431
1886
2085
3464
4120
1317
2085
3987
5015
1216
2347
3653
4487
1998
2347
3887
4369
1029
2142
3638
5106
1291
2277
3818
4800
1759
2986
3965
5008
1291
2209
3673
4681
1689
3007
3672
4332
2015
2330
3542
4931
1299
2989
3526
4782
1791
2989
3341
4460
1594
2117
3736
5049
1481
2777
3198
4931
1812
2233
3902
4648
1991
2085
3419
5049
1720
2531
3284
5008
1559
2717
3253
4588
1567
2751
3291
5008
1791
2902
3595
4991
1765
2185
3186
4829
2017
2862
4030
4779
1391
2455
4036
4983
1159
2453
3987
5107
1581
2741
3982
4227
1369
2612
3622
4782
1798
2182
3880
4537
1798
2147
3638
4537
1217
2809
4042
5106
1791
2085
3595
4872
1759
2213
3360
4522
