73
89
161
874
913
627
62
627
627
913
399
728
62
536
677
399
770
62
536
677
994
536
62
536
491
62
536
677
554
536
913
536
554
913
1019
913
368
491
913
1019
554
368
536
913
1019
913
913
1019
913
497
964
913
1019
913
368
497
913
497
913
913
1019
554
368
964
913
65
964
353
65
275
387
964
160
65
964
275
552
160
239
964
160
65
909
387
552
160
65
964
275
65
160
387
552
160
65
909
387
65
160
387
552
275
65
909
387
300
160
239
909
275
300
160
387
552
275
300
909
387
300
160
387
909
387
300
160
387
300
275
300
909
387
300
909
387
225
275
300
909
387
300
275
283
909
261
129
627
308
313
69
800
490
95
123
490
62
490
124
994
530
124
994
123
994
530
124
994
530
62
530
124
994
530
124
994
964
994
530
124
994
530
124
994
964
994
530
124
994
536
733
530
124
994
530
160
387
491
994
530
124
994
300
160
954
909
387
300
160
387
300
160
300
909
387
300
160
387
491
275
300
160
387
300
160
954
909
387
432
160
387
300
275
300
160
387
300
160
387
432
387
300
160
387
300
275
300
909
387
300
160
387
552
275
300
160
387
300
275
387
225
387
300
160
387
300
275
261
847
308
313
69
800
800
490
399
123
490
490
123
123
123
530
964
62
536
123
334
964
726
530
334
994
288
994
530
964
726
530
964
994
964
726
530
964
994
536
994
530
847
913
89
89
161
161
399
399
399
399
399
399
123
399
399
123
123
683
399
683
123
994
536
62
683
123
994
536
62
123
536
683
536
964
994
536
964
233
964
994
536
964
994
536
62
536
964
247
536
964
62
964
994
536
964
62
536
62
536
964
353
536
964
62
964
994
536
964
275
536
964
536
964
353
536
964
62
518
994
536
964
275
536
964
518
964
353
65
964
275
518
571
65
964
275
536
964
518
964
571
65
964
275
518
275
65
964
275
65
964
518
964
353
65
964
275
518
275
65
964
275
65
964
387
964
160
65
964
275
225
275
387
552
275
65
552
432
552
160
387
552
275
737
300
552
552
909
160
387
552
225
552
909
387
552
275
552
552
552
552
160
387
789
847
129
165
6
69
399
399
490
490
490
123
490
490
62
123
123
490
490
62
123
123
613
728
270
62
123
123
490
964
342
1051
3031
3328
4477
2017
2661
3630
5008
1581
2171
3947
4431
1103
2612
3589
4168
1280
2147
3495
4885
1835
2374
3704
4615
1638
2199
3673
4299
1029
2126
3739
4260
1641
2771
3380
4889
1051
2445
3482
4905
1298
2528
3868
5058
1581
2573
4008
4601
1641
2476
3723
4853
1280
2171
3156
5052
2017
2199
3904
4927
1331
2126
3997
4625
1234
2879
3904
4861
1280
3034
4030
4755
1051
2741
3630
4927
1696
2218
3486
4927
1780
2275
3647
4927
1029
2274
3094
4484
1051
2484
4008
4170
2017
2746
3868
5110
1581
2171
3647
4733
1324
2429
3868
4983
1280
2060
3495
4829
1404
2199
3737
4749
1638
2126
3704
5110
1780
2620
3899
4934
1641
2771
3270
4931
1051
2661
4088
4170
1298
2182
4008
5114
1581
2126
4088
4720
1181
2864
4042
4889
1051
2147
3987
4934
1594
2555
3504
4561
1331
2126
3647
5015
1234
2620
3198
4977
1188
2869
4008
4889
2017
2179
3966
4185
1331
2210
3704
4601
1780
2949
3739
4962
1217
2620
3868
4484
1404
2445
3236
4770
1638
2661
3753
4484
1780
3026
4008
4983
1324
2897
3526
4601
1051
2763
3997
4601
1298
2374
4079
4830
1581
2199
3467
4860
1324
2476
3682
5012
1280
2147
3704
5118
2017
2179
3715
5052
1331
2484
4008
4926
1581
2116
3398
4977
1181
2864
4030
5012
1051
2620
4088
4170
1594
2781
3715
5012
1780
2746
3715
4170
1029
2612
3526
4615
1188
2642
4042
4615
2017
2179
3482
4927
1331
2717
3526
4219
1780
2949
3715
4861
1280
2897
3386
4908
1404
2699
3772
5015
1638
2661
3742
4484
1780
3069
3997
5114
1641
2897
3704
5052
1051
2763
3997
4201
1298
2525
3924
4926
1581
2455
3526
5110
1324
2888
3088
5114
1280
2147
3495
4201
2017
2275
3901
4977
1331
2199
3901
5118
1234
2964
4008
4201
1181
2274
3526
4919
1051
2150
3401
4945
1594
2746
4042
4853
1780
2573
4008
4962
1029
2864
4008
5110
1188
2171
3982
4889
2017
2484
3727
4861
1331
2717
3526
4170
1780
2360
3526
4977
1280
3034
3787
4749
1404
2741
3924
4955
1638
2581
3704
4983
1780
2150
3673
5110
1641
2897
4042
4274
1051
2699
3360
4962
1298
2822
3727
4460
1581
2171
3715
4860
1324
2612
3966
4873
1280
2171
3306
5079
1835
2374
3582
4862
1331
2199
3997
4625
1234
2879
3737
4201
1711
2801
3893
4615
1051
2967
3727
4608
1155
2528
3868
4905
1581
2949
4063
4950
1641
2191
3464
4615
1188
2171
4052
4755
2017
2199
4030
4873
1331
2699
3880
4484
1103
2612
3454
4926
1280
3034
3887
4749
1404
2661
4088
4934
1331
2455
3868
5079
1780
2741
3904
4962
1280
2116
3616
5028
1188
2374
3727
4829
1835
2082
3464
4153
1581
3069
4063
4950
1324
2581
4088
4866
1051
2186
3345
4945
1835
2581
3891
5058
1331
2573
3795
4861
1780
2864
3486
5058
1977
2801
3723
4858
2017
2512
4008
4893
1298
2717
3997
4889
1581
2949
3904
4101
1641
2771
3146
4484
1188
2144
3284
4889
1594
2455
3723
5075
1331
2699
3526
4101
1103
2771
3464
4172
1188
2186
3997
4905
2017
2581
3737
4379
1331
2573
3876
4861
1780
2612
3105
4858
1280
2171
3146
5113
1188
2661
3876
4919
1192
2642
3715
4977
1581
2620
3856
4654
1899
2147
3868
4615
1051
2741
3526
4934
1298
2642
3868
4931
1581
2699
3296
5118
1780
2274
3880
4615
2015
3063
3997
5110
2017
2274
3868
5058
1298
2573
3987
4533
1780
2272
3582
4337
1181
2147
3997
4945
1188
2512
3966
5110
1192
2210
3401
4484
1780
2967
4008
4601
1029
2581
3682
4615
1188
2186
3704
5110
2017
2581
3901
5110
1331
2311
3704
4601
1780
2581
3893
5110
1280
2443
3345
4546
1981
2925
4042
4927
1594
2573
3201
4926
1780
2612
3966
5052
1694
2147
3270
4977
1051
2661
3904
4950
1298
2455
3893
4615
1581
2275
4072
4926
1324
2147
3137
4460
2015
2801
3727
5058
2017
2581
3638
4889
1331
2699
3904
5029
1780
2535
3526
4460
1181
2186
3495
4484
1188
2274
3601
4636
1192
2199
3120
5079
1780
2612
3704
4927
1029
2801
4042
4615
1188
2612
3893
4934
2017
3034
3742
5058
1581
2879
3987
4934
1780
2717
3094
5110
1280
2741
3495
4601
1981
2455
3982
4919
1331
2199
4052
4770
1780
2531
3486
4889
1694
2147
3891
4170
1051
2661
4030
4983
1298
2601
3270
4615
1581
2612
4008
4983
1324
2147
3422
4484
1188
2620
4088
4755
1404
2199
4088
4931
1331
2177
4008
4601
1780
2147
3526
5118
1181
2889
3727
5058
1051
2484
3386
4201
1331
2964
3727
4219
1780
2209
3704
4858
2015
2147
3715
4272
1188
2274
4008
5058
2017
2199
3482
4484
1780
2746
3904
4962
1324
3069
3782
4374
1280
2741
3891
4905
1981
2455
3727
4931
1331
2527
4042
4905
1780
2879
3880
4927
2015
2801
3526
5052
2017
2179
4072
4983
1298
2883
3727
4170
1780
2126
4088
5114
1324
2801
3966
4484
1051
2620
3268
4983
1404
2199
3268
4860
1331
2199
3904
4101
1029
2879
3526
4927
1181
2869
3987
5012
2017
2956
4008
4858
1331
2788
3715
4484
1780
2985
4087
4853
1181
2619
3982
4931
1188
2512
3952
4889
1584
2910
3746
4299
1025
2268
3689
4850
1545
2949
3462
4885
1775
3032
3880
4332
2017
2455
3982
4829
1331
2741
3737
4101
1689
2949
3804
4374
1791
2445
3296
5110
1711
2956
4094
4943
1638
2126
4063
4860
1160
2531
3824
4845
1029
2171
3795
4770
2017
2581
3772
4983
1675
2956
3847
4905
1581
2126
3880
4862
1456
2728
4072
4876
1791
2620
3772
4601
1899
2455
3868
4931
1594
2741
3296
4875
1029
3069
3868
4484
1723
2949
3904
5015
1051
2377
3386
4814
1298
2311
4008
4170
1696
2527
3301
4873
2015
2186
3526
4927
1515
2771
3904
4587
1638
2179
3715
4905
1924
2309
4008
4934
1780
2747
3682
4636
1188
2445
3105
5015
1345
2956
4042
4934
1581
2484
3704
4219
1252
2649
3901
4934
1545
2949
4008
5058
1835
2642
3236
4862
1104
2484
3847
4153
1581
2116
4030
4977
1252
2452
3715
4272
1791
2274
4042
4977
1345
2484
3782
4219
1594
2612
3704
4962
1029
2620
3715
5110
1653
2612
3682
5114
2017
2179
4088
4927
2023
3069
3704
4770
1780
2210
3673
4860
1181
2367
3504
4899
1334
2771
3893
4889
1638
2199
4008
4260
2041
2191
3887
5012
1029
2126
4042
5058
1188
2642
3105
4858
1981
2521
3201
5079
1581
2717
3704
4201
1252
2177
3526
4858
2015
2147
3727
4919
1981
2455
3872
5057
1835
2661
3638
4770
1780
3026
3094
5057
1653
2411
3526
4853
1051
2521
3924
4615
2023
2964
4042
5015
1594
2126
3782
4860
1324
2059
3159
4889
1345
2897
4008
5118
2017
2484
4042
5012
2023
2531
3704
4720
1780
2863
3997
4983
1181
2274
3268
4170
2015
2956
4008
4858
1594
2218
4042
4950
1723
2989
3966
5012
1029
2801
4008
4862
1981
2642
3893
5052
1835
2521
4042
5041
1331
2747
3504
4733
1924
2209
4008
4858
1280
2620
3495
5079
2023
2869
3924
4853
1594
2746
3887
4927
1780
3069
3987
4934
1899
2949
4042
4460
1051
2661
3987
4950
2023
2649
4042
5114
1581
2879
3715
4977
1324
2274
3987
5052
2015
2879
4042
4983
2017
2199
3377
4862
1723
2746
4052
4926
1780
2429
4079
4484
1181
2907
4008
4170
1188
2741
3495
4862
1331
2455
3782
4601
1924
2661
4088
4860
2015
2147
3526
4889
1981
2801
3904
4962
2017
2879
3270
4955
1780
2746
3987
5029
1899
2949
3868
5114
1280
2741
3495
4170
1981
2771
3782
4962
1594
2964
3704
4170
1924
2864
3782
5012
1694
2171
3893
4927
2017
2274
4008
5058
1298
2699
3901
4931
1780
2097
3868
5110
1653
2869
3997
5052
2015
2274
4008
5058
1835
2455
3526
4889
1248
2097
3704
4170
1029
2581
3619
5110
1181
2177
3673
4170
1188
2274
3704
4927
1331
2964
4008
4170
1155
2535
3868
4460
2015
2147
3715
4905
1981
2612
3880
4889
1835
2573
3727
5012
1924
2476
3868
5058
1899
2619
3526
5110
1188
2512
3952
4829
1981
2813
4042
4484
1331
2088
3704
4770
1653
2649
3526
5079
2015
3069
4008
4962
1835
2179
3868
4919
1298
2699
4088
4770
1780
2581
3782
4720
1653
2728
3727
5114
1188
2274
3966
4861
1298
2455
3715
4615
1155
2097
4007
4770
1694
2147
3997
4962
1181
2612
3891
5110
2017
3034
4079
5118
1331
2275
3880
4926
1696
2126
3901
4615
2015
2445
4008
5052
1515
2869
4042
4919
1594
2699
3201
4926
1924
2581
3966
4950
1694
2126
3997
4720
1188
2274
3868
4962
1345
2956
3727
4170
1780
2199
3161
4853
1653
2813
3997
4962
2015
2612
3893
4615
1404
2642
3236
4962
1248
2967
3876
5012
1780
2717
3880
4931
1653
2314
3924
4601
1188
2274
3495
4601
1298
2699
4088
5029
1594
2581
3377
4983
1694
2186
4008
5012
1181
2581
3284
5114
2017
2699
4008
4889
1924
2309
4008
4962
1899
2311
3868
4484
1181
2512
3952
4379
1345
2179
4088
4950
1594
2746
3904
5029
1924
3034
3915
5058
1694
2360
4042
5058
1188
2642
4030
4733
1981
2967
3987
4861
1780
2717
4030
4926
1924
2699
3893
4983
1188
2864
3464
5012
1345
2484
3638
4755
1594
2879
3966
4873
1694
3069
3997
4962
1653
2925
3924
4601
1188
2965
4042
4810
1298
2275
4072
4926
1696
2126
3901
4931
1334
2186
4072
4962
1181
2771
3997
4889
1835
2751
3839
4782
1252
2925
3966
4860
1780
2764
3915
5110
1765
2586
3830
4296
1629
2403
3515
4575
2005
2979
3742
5008
2015
2453
4052
4256
1780
2925
3737
4624
2017
2453
3387
4127
1104
2930
3738
4561
1689
2717
3296
4615
1110
2801
3296
4615
1977
2864
4042
4987
1594
2964
3482
4905
1835
2274
4004
5114
1029
2699
3987
4513
1594
2297
3982
4862
1791
2699
4008
4977
1780
2528
3772
4747
1594
2699
3638
4955
2015
2864
4007
4702
1977
2642
3782
5012
1110
2484
3387
4389
1977
3069
3966
4926
1780
2097
3296
5058
1051
3034
3268
4950
2015
2275
3987
5118
1025
2879
3868
4931
1104
2311
4008
4615
1780
2771
3464
4927
2017
2699
3527
5118
1188
2309
4008
4926
1689
2699
4008
5110
1167
2801
3868
4962
2015
2147
3997
5114
1594
2746
3904
4853
1835
3034
3638
4175
2015
2360
3899
4862
1696
2801
3997
4889
1104
2445
3495
4201
1899
2528
3526
4615
1331
2199
3795
4770
2015
2274
3868
4926
1345
2452
3120
5114
1594
2377
4008
5058
1694
2150
3997
4168
1780
2581
3782
4950
1188
2965
3924
4659
1334
2309
4042
4983
1696
2573
4008
4601
1248
2314
3526
4927
1977
2147
3966
5110
1594
2741
3201
4889
1981
2082
3987
4615
1780
2150
3454
5052
1160
2642
3526
4983
2015
2741
3727
4170
1696
2746
4072
4460
1155
2967
3887
5012
2015
2581
3880
5052
1899
2801
3997
5058
2017
2661
3357
5118
1345
2130
3704
4720
1331
2612
3357
4886
1188
2060
3919
4829
1870
3069
3695
4299
1435
2703
3795
4262
1785
2060
4024
4871
1159
2751
4094
5008
1025
2809
3377
5047
1545
2989
3738
4533
1892
2869
4024
4608
2017
2277
3373
4457
1759
2925
4024
4770
1780
2453
4093
4519
1280
2703
3622
4255
1051
2453
3791
4613
1594
2097
3237
4416
1899
2986
3919
4885
1029
2741
3341
4314
1051
2717
3542
4862
1104
2781
3237
5099
1696
2689
3341
5112
1324
2277
3237
4955
1280
2897
3630
4215
1675
2455
3418
4931
1594
2309
3284
4477
1029
2699
3503
4853
1324
2703
3747
4173
1051
2453
3268
4875
1331
2115
3904
4792
1696
2090
3137
5012
1743
2144
3682
4477
1711
2869
3464
4905
2017
2275
3997
4962
1160
2437
3504
4374
1780
2311
4042
4905
1188
2960
3313
4810
1629
2179
3824
5110
1594
2612
3704
5052
1899
2691
3997
4432
1743
2620
3868
4601
1051
2717
3934
4484
1104
2374
3704
4830
1696
3069
3110
4861
1324
3046
3935
5114
1280
2581
3495
4132
1675
2781
3486
4860
1594
2581
4088
5114
1694
2311
3997
4905
1160
2147
3924
4477
1051
2699
3268
4860
1248
2309
3526
4860
1696
2573
3345
4747
1104
2612
3094
4601
1711
2869
3236
4931
1279
2404
3704
4431
1899
2649
3966
4927
1780
2144
3880
4950
1711
2445
4030
4615
1675
2984
4008
4873
1696
2581
3966
4770
1675
2126
4009
4983
1743
2581
4042
5041
1629
2879
3104
4889
1167
2404
3704
4861
1977
2126
3901
5079
1324
2554
3486
5118
1051
3034
3464
4983
1279
2746
4042
4934
1696
2082
4008
5114
1675
2360
3345
4862
1711
2297
3727
5041
1675
2984
3704
4983
1160
2309
3526
4170
1780
2171
3715
4931
1167
2274
3526
5118
1629
2179
3166
5118
1594
2612
3727
4255
1899
2573
3727
4931
1743
2126
3727
4101
1711
2642
4042
4720
1104
2374
3997
4201
1696
2581
3901
5079
1279
2360
3791
4830
1711
2864
3772
5058
1675
2956
3997
4861
1594
2309
3772
5012
1977
2699
3526
4185
1324
2228
3446
4776
1051
2699
3110
4955
1248
2309
3924
5012
1696
2573
4042
5110
1279
2864
4008
5029
1711
2147
4042
4170
1279
2404
3467
4770
1160
2528
3997
4905
1780
2150
4063
4431
1160
2869
3868
4615
1629
2179
3105
4950
1160
2822
3526
4621
1675
2126
3901
4931
1743
2581
3904
5012
1977
2179
3542
5079
1167
2404
3201
4861
1977
2717
4005
5114
1279
2360
3742
4601
1711
2869
4042
4615
1675
2741
4007
4170
1696
2082
4042
5110
1675
2360
4042
4733
1160
2147
3868
4919
1675
2179
4088
4170
1160
2309
3727
5012
1977
2126
3715
4767
1167
2612
3094
4733
1977
2179
3880
5079
1167
2484
3486
4861
1899
2082
3997
5058
1780
2741
3924
4101
1711
2642
3486
4484
1104
2150
3401
4861
1696
2581
3467
5057
1279
2699
3348
4484
1160
2864
3236
4919
1675
2171
3414
4755
1594
2274
4042
4255
1345
2311
3704
4931
1780
2612
3795
4862
1335
2179
3770
5118
1248
2512
3704
4460
1696
3034
3638
5058
1279
2531
3526
4185
1711
2147
3924
4889
1104
3063
3727
5114
1160
2455
3966
4615
1331
2311
3401
5012
1160
3047
4042
4919
2015
2699
3089
4829
1160
2822
3952
4615
1345
2573
3727
4962
1780
2274
3737
4962
1977
2642
4008
4931
1104
2374
4008
4927
1899
2813
3997
4862
1279
2126
3325
5079
1711
2147
3891
5110
1675
2741
4042
5029
1594
2771
4030
5012
1675
3069
3704
4770
1160
2535
3526
4460
1675
2179
3880
4950
1160
2741
3601
4919
1899
2573
3987
4861
1167
3069
3105
4858
1977
2147
3727
5110
1248
2374
3111
4615
1298
2642
3839
5079
1780
2741
3924
5029
1711
2717
3893
5041
1104
2179
4093
4770
1160
2455
4072
4615
1675
2126
3891
5114
1160
2864
3782
4484
1345
2813
3727
4720
1835
2274
3924
5012
1345
2573
4008
4873
1780
2612
3727
5110
1345
2869
3259
4615
1248
2512
3952
4484
1696
2956
3704
4889
1279
2531
4008
4185
1711
2949
3464
5079
1675
2274
3987
5058
1160
2956
3868
5114
1331
2699
3120
4926
1160
2949
3486
5012
2015
2699
3893
4889
1248
2822
3682
4460
1345
2829
3296
4615
1780
2612
3727
4934
1345
2717
3094
4860
1104
2801
3601
4636
1899
2956
3868
4274
1279
2126
3325
4950
1711
2949
3486
5041
1334
2452
3997
5058
1835
2581
4088
4905
1345
2177
3704
4720
1780
2581
3284
4934
1345
2869
3727
5110
1981
2612
3966
4927
1899
2573
3601
5118
1248
2463
3904
4899
1977
2255
4008
4889
1248
2907
3987
5012
1981
2528
3997
4927
1924
2097
3987
4861
1160
2717
3880
4829
2015
2801
3891
4170
1160
2956
3782
4962
1298
2728
3704
4770
1924
2284
3440
4889
1345
2801
3782
5052
1188
2661
3904
4860
1345
2746
3782
4889
1924
2097
3904
4927
1515
2147
4088
4170
1334
2907
3904
5058
1835
2717
4042
4889
1723
2097
3987
5012
1324
2528
4008
4460
1981
2186
3782
5114
1981
2309
3893
4889
1899
2964
3727
4170
1248
2274
3987
5058
1345
2717
3422
5015
1924
2097
3727
4983
1515
2147
4054
4927
1334
2452
3891
5118
1835
2581
3638
4983
1723
2097
3987
5012
1324
2528
4008
5110
1981
2186
3782
4484
1981
2309
3893
5012
1298
2728
3704
4983
1924
2612
3727
4962
1345
2147
4072
4934
1981
2612
3952
4170
1981
2082
3500
4889
1924
2452
3966
5012
1515
2949
3868
5079
1188
2741
3987
5052
1515
2484
3924
5118
1155
2573
3987
4770
1924
2274
3526
5052
1345
2801
3782
5052
1981
2925
3727
5058
1456
2788
3997
4860
1924
2612
3715
5052
1515
2147
3891
4170
1334
2907
3904
4934
1155
2455
3880
4934
1723
2097
3987
5012
1324
2771
3261
5012
1981
2186
3704
5110
1981
2925
4008
4927
1331
2332
3296
4608
1924
2925
4087
4983
1263
2355
3284
4752
1947
2910
3600
4873
2017
2262
3542
4924
1743
3026
3296
4332
1696
2117
3270
4983
1104
2869
3727
4770
1711
2863
3284
4949
1594
2964
3482
4905
1160
2864
4042
5115
1977
2699
3880
5008
1594
2274
3982
5058
1345
2619
3987
4615
1780
2612
3942
5114
1335
2956
3893
5058
2015
2612
3737
4927
1696
2455
3901
4927
1104
2275
3111
4926
1694
2725
3899
4615
1279
2484
3901
4170
1188
2309
3868
4615
1675
2126
3899
4905
1594
2581
3880
4770
2015
2813
3997
4615
1160
2612
3782
4962
1835
2573
4042
4170
1694
2612
4032
4615
1899
2728
3839
4861
1104
2445
3486
5114
1899
2771
3997
5114
1331
2275
3715
4927
1931
2908
3982
4615
1977
2201
3842
5033
1248
2275
3868
4170
1188
3034
4030
5012
1924
2144
3949
4720
1696
2274
4008
4983
2015
2741
3997
4962
1160
2717
3966
5118
1675
2484
3704
4927
1160
2620
3904
4950
1345
2728
3526
5114
1167
2179
3355
5029
2000
2506
4042
4971
