73
391
692
852
633
356
579
46
46
46
107
107
107
171
171
171
539
539
539
624
767
767
767
767
767
767
767
767
767
397
190
194
767
767
767
767
293
379
379
789
457
391
194
789
397
633
313
356
821
800
815
872
394
308
220
794
892
892
184
97
97
703
703
894
894
922
266
922
703
922
922
651
728
703
922
651
51
392
392
223
633
6
923
81
551
892
459
187
459
187
362
187
362
584
362
584
212
584
212
584
212
584
584
212
584
212
584
492
584
212
584
492
584
212
584
584
212
584
212
584
212
584
212
584
212
212
212
212
79
212
212
715
489
584
212
584
212
212
212
584
212
584
212
584
212
584
212
212
212
212
762
391
282
308
129
282
728
56
190
6
923
800
459
187
459
187
459
187
459
187
459
457
312
187
459
187
459
187
212
187
212
187
212
212
212
212
212
212
212
187
212
212
212
212
212
212
212
212
212
212
212
212
212
212
212
212
212
79
212
212
212
212
212
212
212
212
212
212
212
212
212
492
212
212
212
212
212
212
212
212
212
212
212
212
212
492
212
492
212
212
212
492
212
212
212
212
457
604
206
223
633
6
1008
800
892
551
187
26
93
282
399
459
187
459
187
459
187
459
187
459
187
459
187
622
187
362
187
985
988
715
282
308
356
69
227
227
1007
834
765
834
463
1
105
359
463
105
105
105
105
105
359
105
518
105
762
762
1014
527
633
356
579
46
46
107
107
107
107
171
171
171
539
539
539
539
539
80
767
767
767
767
283
767
767
767
767
767
767
767
902
877
767
877
283
877
60
877
60
60
60
283
60
877
60
60
283
60
60
60
60
60
60
60
60
60
60
60
60
60
60
283
60
60
60
60
60
60
60
60
397
391
689
369
48
929
59
356
475
46
46
760
46
281
135
858
114
171
541
295
539
315
858
858
278
72
72
539
803
315
315
315
624
593
112
539
315
315
315
293
593
112
539
552
552
624
624
225
44
44
112
624
552
315
789
51
48
651
929
633
356
69
186
46
46
46
107
107
107
171
171
539
539
397
324
206
703
974
1005
515
1005
375
48
223
356
271
579
75
280
280
95
541
107
230
230
553
593
72
201
803
315
803
593
22
553
201
803
803
201
201
201
201
201
201
803
201
201
201
225
201
201
713
1252
2771
3704
5052
2023
2199
3987
5052
1981
2879
3270
4950
1748
2889
4042
4962
1456
2350
4008
4720
1252
2350
3868
5118
1232
2748
4054
4962
1150
2314
3966
4747
1334
2350
3621
4755
1232
2484
3727
5052
2041
2097
3966
5118
1334
2949
3951
5114
1748
3012
3891
4170
2041
2788
3904
5114
1334
2949
4039
5079
1748
2813
3747
4132
2023
2964
4072
5052
1653
2619
3704
5009
1748
2791
4042
5110
2023
2813
4008
5058
1924
2717
3893
4810
1900
2936
3880
4747
2023
2907
3997
5058
1252
2411
3526
4132
2041
2566
3750
5052
1981
2717
3893
4934
1252
2411
3727
4962
2041
2985
3750
4810
1981
2801
4072
5052
1628
2411
3111
5012
2041
2985
3891
4132
1748
2350
3868
4934
1628
2452
3901
5110
1252
2788
4008
5052
1748
2350
3526
5118
2023
2694
3727
4170
1252
2788
4008
5114
1653
2889
4008
5015
1748
2813
3891
4132
2023
2985
3904
5110
1653
2813
3526
5118
1748
2649
3891
4654
2023
2411
3904
5012
1653
2985
3782
5012
1748
2649
4079
5029
2023
2564
4042
4962
1252
2350
4061
4889
1150
2985
3951
4615
1981
2939
4008
4926
1252
2411
3904
5012
2041
2889
3951
5114
1981
2801
3782
5052
1628
2411
4008
4962
2041
2985
4088
5114
1748
2869
3868
4926
1858
2411
3727
4860
1252
2788
4008
5052
1748
2350
4042
4983
1858
2907
3891
4955
1252
2788
4008
5114
1653
2889
4008
5015
1748
2484
3987
4889
1252
2788
3891
5114
1653
2985
4008
4170
1748
2694
3901
4889
2023
2411
3904
5114
1653
2985
4008
4170
1748
2649
4008
4311
1368
2411
3824
5090
1324
2811
4030
4763
1155
2535
3951
4835
1628
2219
3576
5114
1155
2612
3268
5052
1155
2694
3787
4747
1628
2863
3778
4934
1628
2097
3924
5052
1628
2452
4054
4962
1858
2097
3727
4170
1150
2735
3966
4170
1481
2097
3933
4829
1924
2788
4079
4625
1456
2691
3904
5114
1515
2564
3891
4132
1723
2738
3804
5114
1456
3012
4054
4460
1515
2936
3737
4927
1723
2791
3891
5029
1252
2627
3526
4170
1628
2735
3904
4763
1807
3041
3887
4705
1252
2925
4079
4170
1900
2942
4054
5052
1454
2907
4039
4654
2043
2411
3933
5114
2041
2985
4054
5110
1748
2649
4054
4132
2043
2907
3987
4830
2041
2791
3747
4962
1900
2350
4061
5114
1900
2907
4039
5015
2043
2985
3891
4170
2041
2472
3950
5052
1900
2566
4039
4934
2043
2788
3869
4769
2041
2936
3951
4962
1900
2889
4061
4132
1900
2907
3950
4837
2043
2985
4039
4170
2041
2411
3987
5015
2041
2889
4088
4132
1900
2907
4061
4810
2043
2961
3891
4837
2041
2985
4039
4837
1900
2889
4061
5015
2041
2350
3987
5118
2041
2889
3824
4311
1762
2350
4061
5118
1432
2472
3893
4837
1432
2472
3750
4170
1762
2985
3858
4837
1899
2936
4072
4755
1345
2350
3747
4460
1748
2990
3478
5015
1628
2877
3270
4654
1456
2601
4004
4919
1723
2748
3951
5114
1252
2925
3935
4830
1456
2944
3442
4927
1748
2990
3951
4962
1628
2877
3270
4145
2023
2619
3887
4830
1723
2748
3952
4132
1252
2925
4079
4654
1456
2944
3526
4830
1748
2990
3935
5058
1628
2877
3893
4654
2000
2455
3987
4810
1723
2735
4072
5114
1252
2925
4079
4962
1456
2985
3952
5052
1748
2452
3935
5052
1628
2877
4042
4852
2000
2813
3887
5118
1232
2788
3727
4460
1252
2925
4079
4830
1456
2985
3952
4810
1748
2452
3526
4132
1628
2877
4008
4926
2000
2813
3951
4905
1232
2788
3727
5110
1628
2985
4079
5012
1456
2985
3952
4810
1653
2452
4042
4132
1628
2735
4055
5118
2023
2869
3887
4460
1232
2788
4008
4770
1628
2564
3704
5052
1252
2735
3951
4484
1653
2452
4054
4654
1628
2649
3893
5029
1456
2907
3924
4889
1232
2788
4008
4934
1628
2564
3704
5052
1252
2735
3951
4484
1653
2452
4054
4654
1748
2925
4008
5029
1456
2907
3924
4889
2023
2735
3987
4654
1628
2564
3704
4810
1252
2735
3782
4132
1653
2452
4054
5114
1628
2889
3839
4384
1456
2907
3924
4889
2023
2735
3987
4830
1628
2564
3952
5012
1252
2735
4079
4132
1723
3069
4072
4830
1653
2525
3950
4460
1456
2907
3270
4853
2023
3012
3987
4955
1628
2944
3933
5114
1252
2942
3839
4460
1653
2162
3747
5114
1653
2612
3901
4810
1456
2907
4072
4654
2023
3012
4042
4955
1628
2788
3952
5012
1252
2942
4042
4860
1456
2360
3747
4860
1653
2612
3764
5118
1456
2649
3893
5041
1748
2990
3997
5058
1628
2788
3952
4132
1252
2942
4042
4860
1456
2097
3952
4615
1653
2612
3764
5118
1456
2649
3893
4654
1981
3069
3887
4810
1628
2788
3952
4132
1252
2644
3868
5114
1456
2097
3952
5052
1653
2612
3935
5114
1456
3047
3891
4654
1748
2990
3997
5058
1628
2604
3777
5012
1252
2907
4079
5114
1456
2097
3952
5012
1653
2612
4054
5114
1653
3007
4042
4889
1748
2813
3887
4919
1628
2604
3987
5012
1252
2907
4079
5114
1456
2097
4008
4763
1653
2612
4054
5114
1653
2649
3901
5029
1456
2869
3951
5058
1748
2735
3891
4654
2023
2564
3782
4862
1456
2097
4008
4926
1628
2985
3500
5011
1653
2649
3901
5029
1456
2907
3924
5118
1748
2735
3891
4654
2023
2564
3868
5110
1456
2097
4008
4955
1628
2691
3904
4145
1653
2649
4008
4926
1456
2869
3951
5058
1748
2735
3891
4654
1628
2564
3891
5118
1456
2097
3839
4625
1723
2986
3891
5114
1628
2612
3880
4170
1515
2949
3891
5056
1456
2162
3893
5118
1748
2452
3824
5118
1432
2907
3893
5052
1155
2800
3737
4810
1160
2942
3893
4967
1899
3007
3951
4747
1456
2691
4088
4460
1748
2266
4054
5015
1628
2869
3365
4955
1628
2965
3880
4747
2000
2455
3952
5058
2000
2788
3901
5029
1232
2162
3966
5012
1628
2097
3924
4810
1252
2925
4079
4654
1515
2985
3791
4858
1456
2162
3747
5052
1748
2452
3935
5041
1748
2925
3952
5029
1628
2877
3270
4955
2000
2455
3952
4314
2000
2788
3743
4830
1232
2741
3966
4889
1628
2097
3951
4460
1252
2990
3868
4830
1252
2735
3526
4931
1456
2944
3526
5011
1748
2153
3727
4460
1628
2990
3088
4810
1515
3007
3270
5058
1456
2907
3887
4135
2000
2788
3743
4906
1232
2788
3727
4830
1628
2162
3951
4962
1252
2564
3868
5029
1252
2735
4039
4615
1456
2944
3526
4934
1653
2452
3340
5114
1748
2429
3891
4927
1515
3007
3893
4830
1456
2907
3924
4889
2000
2721
3935
4931
2023
2735
3111
4615
1628
2162
3951
4197
1252
2564
3904
5012
1252
2942
3839
4132
1456
2944
3526
4934
1653
2452
4079
4654
1628
2429
3893
4955
1515
3007
3893
4906
1456
2907
3935
5058
2000
2956
3876
4384
2023
2735
3727
4830
1628
2162
4039
5114
1252
2564
3891
5012
1252
2942
3839
4132
1456
2985
3952
4810
1653
2452
3966
4905
1653
2612
3764
5118
1515
2694
3747
4934
1456
2907
3935
5011
2000
2506
4042
4170
2023
3012
3727
4955
1628
2162
3935
5012
1628
2564
3704
4810
1252
2942
3839
4654
1456
2985
3952
4810
1653
2452
3966
4830
1653
2612
3935
5042
1515
2694
3747
4926
1456
2162
3893
4654
2000
2506
3884
5015
2023
3012
3727
5118
1628
2604
3782
5012
1628
2564
3704
4810
1252
2990
3901
4654
1456
2735
3526
5114
1653
3023
3111
5114
1653
2612
3935
4170
1454
2944
3839
5009
1456
2162
3893
4830
1748
2990
3924
5118
1748
3012
3839
4132
1628
2604
3997
5118
1628
2564
3704
4810
1252
2990
4079
4654
1252
2735
3987
4615
1653
3023
3111
5114
1653
2612
3935
4170
1454
2944
3839
4983
1456
2350
3901
4830
1748
2791
3887
5012
1748
2990
3747
5012
2023
2604
3526
4950
1628
2813
3951
4460
1252
2990
4079
5114
1252
2735
3987
5114
1252
2162
3747
4770
1653
2612
3935
4175
1454
2944
3526
4955
1456
2350
3901
4830
1748
2452
4042
4889
1748
2990
3747
5012
2023
2735
3727
4654
2023
2411
3924
4810
2023
2990
3782
4830
1252
2735
3987
5114
1252
2162
3747
4770
1252
2887
4054
5012
1653
2649
4008
4853
1456
2350
3901
4830
1748
2452
3935
4889
1748
2990
3747
5012
2023
2735
3727
4654
2023
2411
3951
4460
2023
2990
3782
4830
1252
2735
3987
4132
1252
2162
3747
4770
1252
2748
4079
5041
1653
2649
4008
4853
1456
2350
3901
4830
1748
2452
3935
4889
1748
2990
3747
5012
1748
2735
3868
4654
2023
2162
3951
5012
2023
2564
3782
5029
1252
2735
3987
4132
1252
2162
3952
4934
1252
2748
4079
5041
1252
2429
3893
4830
1456
2350
3747
4926
1748
2350
3935
4170
1748
2990
3951
5012
1748
2649
3111
5012
2023
2162
3951
5012
2023
2564
3887
5029
2023
2985
3935
4955
1252
3007
3904
5052
2041
2985
3966
4837
2041
2350
3750
4934
1130
2961
4061
4955
1594
3020
4087
4926
1345
2724
3437
4546
1723
2926
3095
4654
1515
2097
3787
4747
1456
2944
3442
5079
1748
2266
3893
5011
1981
2343
3880
4852
1345
2644
3400
4625
1723
2097
3951
4934
2000
2535
3182
4962
1456
2944
3526
4889
1748
2266
3893
4889
1349
2649
3830
4852
2043
2869
3782
4153
2023
2619
3876
4889
2023
2735
3987
5114
1628
2097
3987
4460
1252
2748
4079
4962
1252
2649
3935
5052
1456
2985
3893
4460
1653
2452
4079
4615
1748
2990
3952
4810
1748
2649
4072
4927
2023
2642
3935
5052
2023
2990
4042
4170
2023
2735
3987
4830
1628
2162
3987
5114
1628
2985
4079
4962
1252
2649
3935
4955
1456
2985
3952
4983
1653
2452
4079
4615
1748
2612
3893
5015
1748
2649
4072
4962
1456
2642
3904
4934
2023
2990
3304
4861
2023
2735
3987
4830
1628
2162
3987
5114
1628
2411
3747
5114
1252
2649
3935
5012
1456
2985
3952
4983
1653
2452
4008
4830
1748
2612
3893
5052
1748
2649
4072
5029
1456
2642
3904
4654
1981
2964
3880
4625
2023
2889
3839
4747
2023
2162
3966
4962
1155
2694
3647
4678
1456
2135
3839
4934
1252
2309
3526
4460
1252
3063
3966
4170
1981
2209
3673
5079
1748
2990
3526
4934
1456
2350
3526
4460
1252
2925
3868
5052
1723
2748
4008
4810
1456
2531
4079
4931
1252
2788
3737
4926
2023
2411
3887
5012
1628
2907
3901
4615
1748
2452
3526
5118
1456
2350
3782
5012
1628
2411
3526
4862
1723
3007
4009
4934
1454
2619
4008
5114
1252
2788
3904
5012
2023
2411
3893
4175
1748
2925
3727
4170
1748
2452
3526
5118
1252
2649
3997
5052
1628
2612
4088
4889
1456
2741
3942
4170
1454
2528
3987
4934
1252
2788
3904
5012
2023
2642
3987
4132
1748
2925
4008
4934
1456
2452
3526
5058
1252
2649
4088
5012
1628
2452
4072
5012
1456
2741
3782
5015
1454
2528
4054
4934
2023
2411
3904
5029
2023
2642
3987
4615
1748
2990
3952
4926
1456
2452
3526
5058
1252
2649
3893
5015
1628
2452
3268
5114
1723
2800
3261
4432
1252
2748
3966
4589
1981
2350
3672
4861
1628
2883
3425
4926
2041
2748
3966
4955
1334
2801
4072
4962
2023
2604
3715
5058
2041
2788
3966
4962
1334
2949
3951
4927
1748
3012
3891
4170
1252
2746
3904
4934
1653
2619
3727
4132
1748
2649
3747
4170
2023
2964
4072
4934
1653
2619
3782
4654
1748
2649
3951
5118
2023
2452
3782
5012
1653
2985
3782
5012
1454
2889
4039
5058
2023
2813
3893
5012
1252
2411
3526
4810
2041
2889
3950
4311
1981
2717
3893
4934
1252
2411
3904
4132
2041
2985
3750
4830
1981
2801
4072
5114
1628
2411
3987
4654
2041
2985
3750
5114
1748
2869
3868
5052
1628
2452
4008
4170
1252
2788
4008
5052
1748
2350
4061
5012
2023
2452
3268
4810
1252
2788
4008
5114
1653
2889
4008
5015
1748
2813
3891
5110
2023
2985
3904
5110
1653
2889
3782
5012
1748
2649
3891
4654
2023
2411
3904
5114
1653
2985
3782
5012
1748
2649
3108
4654
2023
2452
3891
5012
1252
2985
3526
4170
1454
2889
3108
4311
2023
2907
3893
5012
1252
2411
3526
5110
2041
2889
3904
5015
1981
2694
3893
5110
1252
2748
3891
4962
2041
2985
3750
5114
1748
2869
3868
4926
1628
2411
4008
4170
2041
2097
4042
4950
1748
2350
4042
4927
2043
2452
3891
4926
1252
2788
4008
5052
1653
2907
4042
5052
1858
2907
3891
4955
1252
2788
4008
5114
1653
2889
4008
4837
1748
2694
3891
4170
2023
2985
4008
4860
1653
2694
3526
4170
1748
2694
3901
4311
2023
2411
4008
5118
1653
2985
4008
4170
1900
2889
4088
4889
2023
2907
4008
5058
1252
2985
4008
4962
1454
2889
3108
5052
2023
2907
3893
5012
1252
2694
3268
4962
2041
2889
4072
5114
1748
2907
3893
5015
1252
2484
3526
4950
2041
2985
3904
5114
1748
2869
4008
4962
2043
2411
3750
4962
1252
2694
3966
5058
1748
2350
3893
5118
2043
2907
3268
5114
1252
2788
4008
5114
1653
2801
3966
5118
1900
2907
3904
4170
1252
2788
3891
5110
1653
2694
3880
5012
1900
2907
4088
4934
2023
2411
4008
5114
1653
2694
3782
5052
1900
2889
4088
4311
2023
2694
3891
5015
1252
2949
4088
5114
1900
2889
4088
4889
2023
2907
4008
4837
1252
2985
4008
4962
1454
2889
3782
4460
1748
2907
3891
5118
1252
2694
3715
4747
2041
2985
4042
5114
1748
2907
3893
4837
2043
2411
3782
4962
2041
2788
3526
4950
1748
2350
3893
5118
2043
2411
3750
4170
1252
2788
4008
5052
1748
2350
4061
4889
2043
2907
3268
5114
1252
2788
3824
5012
1653
2694
3893
5118
2043
2907
3268
4170
1130
2411
4061
5114
1900
2748
3893
5118
2043
2452
3824
4926
2041
2889
3725
4889
1899
2925
3576
4962
2041
2350
3727
4311
1181
2531
3887
4839
1371
2771
3891
4747
2023
2411
3876
4484
1155
2968
3966
4132
2041
2748
3966
5118
1694
2224
4008
4460
1879
2350
3747
5110
1981
2642
3904
5052
2023
2942
3987
4934
1252
2788
3987
5114
1924
2411
4008
4853
2041
2961
3108
4934
1334
2350
3950
5012
1454
2944
4042
4132
2023
2411
4042
4170
1628
2097
3747
4170
1252
2531
4079
5114
1653
2619
3270
5012
1900
2350
4079
4962
1981
2801
4072
5015
2023
2443
3259
4955
2023
2097
4008
4837
1155
2949
3951
5114
2041
2472
3935
5052
1334
2949
4009
5118
1454
2944
4042
5041
1981
2694
3782
5012
1628
2452
3987
4830
1252
2788
3966
5012
1653
2717
3111
5052
1900
2350
4079
4934
1981
2801
3966
4983
2023
2813
4008
4654
2023
2097
4008
5015
1252
2748
3868
4962
1252
2889
4008
5114
1653
2889
4042
4170
1748
2944
4072
5058
1981
2694
3782
5012
1858
2788
3727
4830
1252
2788
3966
5012
1653
2717
3111
4962
1858
2889
4072
4955
1748
2869
3868
4934
2023
2694
3893
4889
2023
2097
4042
4170
1628
2097
4008
4983
1252
2985
3750
5114
1653
2889
4061
5012
1748
2694
4072
4460
1981
2694
3782
5012
2023
2452
4008
4830
1252
2788
3966
5012
1252
2350
3526
4889
2041
2889
4088
4654
1748
2869
3526
4950
1748
2907
3782
4889
2023
2788
3750
5012
1628
2097
4008
4837
1252
2985
3750
5114
1653
2889
3782
5012
1748
2694
4072
4460
1981
2694
4061
4889
2023
2694
3987
4170
2023
2097
3526
4934
1252
2985
3526
4889
2041
2619
3727
4962
1748
2350
4061
5012
1748
2907
3782
5118
2023
2907
3987
5015
1628
2097
4008
4170
1252
2985
3750
5114
1157
2350
3268
5114
1762
2472
3893
5114
1762
2907
4061
4837
1130
2350
4061
5114
1371
2813
3325
4747
1298
3069
3690
4962
1694
3012
3335
4431
1371
2771
4052
4305
2023
2985
3782
4747
1899
2817
3690
4324
1454
2936
3335
4661
2023
2944
3782
4654
1899
2694
4005
5052
1879
2985
3750
5059
1981
2717
3887
4934
1155
2694
3935
5052
2041
2119
4039
4830
1981
2694
3764
4977
1628
2411
3111
5058
2041
2135
4061
4132
1981
2478
3526
4654
1628
2119
4054
5012
2041
2097
4042
4950
1748
2350
4088
4852
1858
2907
4005
5015
1252
2788
4008
4934
1653
2907
4042
5029
2043
2791
3901
4934
2023
2985
3891
5110
1252
2748
3952
4962
2041
2985
3750
4934
1653
2869
4008
5114
1900
2907
3747
4311
2023
2907
4061
4962
2041
2097
3893
4654
1252
2788
3966
5110
1653
2694
3782
5052
1900
2350
3108
4654
1748
2801
3782
5114
2043
2135
3824
4170
1130
2788
3782
4962
1157
2350
3268
5114
1334
2813
4039
4625
2043
2350
3987
5118
1981
2748
3270
4926
1454
2907
3950
5118
2023
2411
3876
4484
2023
2443
4054
4962
1252
2788
3966
5110
1155
2224
3904
5052
2041
2985
3893
4934
1653
2619
3782
5012
1748
2694
3893
4170
1334
2801
3904
4926
2043
2907
3108
4962
1981
2717
3891
4934
1456
2788
4079
4926
2023
2097
4008
4837
1628
2452
3966
4810
1252
2985
4008
4934
1252
2350
3868
4810
1456
2889
4072
5058
1653
2813
4042
5052
1748
2748
4008
4170
1748
2907
3868
4934
1454
2411
4042
4810
2023
2813
3891
5012
1456
2788
3987
5110
1252
2097
3727
5118
1628
2985
4072
5012
1252
2889
3782
5052
1653
2717
3987
5015
1748
2889
3782
5012
1748
2889
4061
4962
1628
2907
4008
5118
2023
2869
4008
4889
1456
2788
3782
5118
2023
2452
3782
4926
1628
2452
3966
5110
1252
2748
3782
5114
1252
2350
4072
5012
1456
2985
3893
5052
1653
2694
3987
5118
1748
2748
3893
5012
1748
2907
4072
5118
2023
2649
3893
5058
2023
2813
3750
5012
1456
2788
3987
4962
1628
2097
3987
5012
1628
2985
4008
4962
1252
2985
4008
5015
1252
2350
3901
5058
1748
2619
4008
4962
1748
2350
4008
4837
1628
2907
4008
5118
2023
2869
4008
4889
2023
2813
3782
5118
2023
2452
3901
5114
1858
2097
3727
5118
2023
2889
4072
5118
