807
89
653
653
682
653
962
962
962
962
962
962
962
962
962
962
962
962
962
962
947
394
89
89
685
685
682
653
388
147
388
690
51
51
51
89
685
161
161
682
399
388
147
388
147
79
843
843
843
843
843
843
843
843
843
843
843
843
843
843
843
843
843
843
843
843
843
843
843
843
843
843
843
843
843
843
843
843
843
843
843
843
843
843
843
843
843
843
843
843
843
843
843
843
843
843
843
887
843
656
843
762
77
206
394
89
685
161
682
399
399
147
388
147
843
79
843
843
843
843
843
843
843
843
843
843
843
843
843
843
184
89
89
69
692
653
129
894
604
703
703
89
89
685
685
682
147
388
147
388
147
388
147
388
690
26
89
685
685
682
399
388
388
388
843
388
492
843
147
147
394
51
206
703
375
266
266
587
587
587
587
651
223
89
685
682
228
682
147
388
147
388
147
843
843
843
843
843
843
843
843
843
843
843
843
843
843
843
843
843
843
843
843
843
843
843
843
843
843
79
843
843
26
312
930
313
161
892
399
911
89
653
129
653
653
97
653
653
653
653
653
653
653
653
653
653
97
653
653
394
51
190
69
800
551
765
834
24
834
265
457
265
265
492
265
265
265
265
265
744
265
265
105
105
105
978
744
492
744
744
744
744
744
850
105
631
631
631
631
631
631
631
631
631
631
631
631
631
631
631
631
631
631
631
631
197
631
631
631
631
631
631
631
553
631
631
631
631
631
631
631
631
631
631
631
225
631
631
631
553
631
631
631
631
631
631
631
631
631
631
631
631
631
631
631
631
631
631
631
631
631
631
631
631
631
631
631
631
101
631
90
631
90
631
631
631
631
631
631
631
631
631
631
90
101
101
101
335
101
101
101
101
101
283
101
101
624
624
624
335
283
335
335
335
335
283
335
335
335
335
283
335
335
335
335
335
335
335
283
335
335
335
335
335
335
335
335
335
432
335
335
283
335
335
689
689
689
689
689
283
689
283
335
335
689
283
689
902
689
432
689
902
689
335
689
689
689
689
283
689
689
689
350
350
350
689
689
902
689
689
592
689
789
651
308
165
161
800
551
892
408
408
408
408
408
408
408
408
408
408
408
408
408
408
408
492
408
408
408
408
408
408
408
408
408
492
408
408
408
818
1317
2148
3154
4763
1317
2741
3154
5049
1334
2735
4087
4221
1334
2868
3329
4119
1334
2443
3782
4242
1345
2276
3500
4908
1345
2990
4087
5108
1345
2990
4087
5108
1345
2564
4087
4983
1899
2564
4087
5118
1899
2564
4087
4460
1899
2944
4087
5110
1899
2979
3777
4950
1899
2979
3284
4457
1155
2649
4087
4853
1155
2811
3893
4934
1155
2735
4087
4889
1155
2942
4087
4926
1155
2644
3982
4384
1155
2841
3880
4955
1248
2478
4079
4860
1248
2478
3747
4120
1248
2478
3747
5118
1248
2889
3304
4962
1334
2748
3296
4460
1334
2748
3952
4384
1334
2604
3782
5029
1334
2868
3747
5114
1334
2868
3750
5118
1334
2868
3782
5118
1334
2964
3901
4889
1345
3069
4079
4962
1345
2612
4079
4484
1287
2247
3715
4484
1029
2677
3934
4140
1481
3050
3154
4451
1481
2544
3325
4873
1368
2276
3202
4615
1368
2552
3154
4860
1368
2552
3198
5008
1160
2777
3478
4931
1775
2276
3088
5095
1775
2276
4036
5094
1775
2276
3869
5115
1775
2276
3869
4845
1775
2276
3296
4145
1991
2612
4036
4120
1991
2815
3198
5012
1991
2815
4036
5049
2023
2883
4036
4921
1804
2907
3987
5118
1157
2411
3893
5110
1454
2350
3966
4170
1057
2535
3198
4771
1279
2165
3881
4907
1481
2119
4036
4278
1160
2314
3822
5029
1675
2916
3777
4942
1711
2714
3198
4150
1248
2119
4036
4601
1345
3035
3804
4711
1160
2489
3804
5012
1991
2064
4036
4559
1345
2466
3202
4942
1160
2630
3987
5115
1675
2544
3804
4907
1711
2694
3577
5115
1248
2119
3950
4657
1345
2777
3950
4324
1160
2489
3804
4615
1991
2064
4036
5029
1345
2466
3202
5052
1160
2936
4036
4625
1345
2259
3869
4985
1515
2119
4088
5115
1248
2985
3869
5115
1345
2936
3296
4150
1160
2714
3950
5118
1991
2119
4008
5012
1345
2649
3869
5115
1160
2916
3987
4334
1723
2791
4052
4374
1515
2119
4036
5015
1248
2985
3950
5115
1345
2604
3557
5012
1160
2714
3901
4875
1723
2119
3942
4615
1345
2777
3950
4962
1160
2936
3804
5118
1723
2800
4052
4374
1515
2119
3526
5115
1248
2777
3950
5114
1345
2604
3198
5012
1160
2714
3893
4875
1723
2119
3942
5012
1345
2777
3950
4889
1160
2544
3940
5115
1723
2119
4088
4132
1515
2119
3942
4374
1248
2936
3950
4810
1345
2544
3935
4942
1515
2119
4036
5041
1723
2097
3869
4861
1345
2552
3111
4926
1160
2544
3940
4132
1723
2119
3997
5115
1515
3012
3782
5115
1248
2936
3950
5118
1345
2791
3296
5012
1515
2119
3526
4919
1723
3012
3904
5012
1345
2936
4008
5115
1160
2544
4008
4132
1723
2119
3526
4170
1515
2818
3997
5115
1248
2936
3464
4170
1345
2748
4008
4132
1515
2119
3868
5115
1723
3012
3904
4853
1345
2936
4008
4889
1160
2694
4039
4132
1723
2119
3997
4962
1515
2818
3997
5115
1248
2936
3782
5118
1345
2949
4005
5058
1515
2119
4072
5012
1723
2630
3901
5012
1345
2801
4039
4962
1160
2694
3951
4132
1723
2119
3997
5115
1515
2813
3950
5115
1248
2936
3951
4983
1723
2390
3526
4950
1515
2119
4072
5012
1723
2630
3901
5012
1515
2465
3904
4983
1160
2879
3933
5015
1723
2119
3987
5012
1515
2936
3887
5115
1248
2544
3526
5118
1723
2390
3904
5012
1515
2119
3950
4862
1723
2936
3904
4763
1345
2694
4039
4983
1628
2925
3933
5012
1723
3012
3987
5012
1515
2936
3893
5012
1248
2717
4039
5052
1723
2390
3869
5012
1515
2411
3869
4862
1723
2936
3904
5012
1515
2813
4039
4197
1515
2612
3933
5114
1723
3012
3887
5012
2041
2788
3919
4606
2041
2411
3268
5110
1157
2788
3824
4615
1404
2511
3971
4771
1746
3035
3468
4201
1675
2489
3822
4474
1711
2714
3822
4950
1248
2510
3822
4676
1345
3035
3822
4962
1892
2916
4008
4132
1991
2714
3869
4899
1481
2119
4036
4559
1160
3035
3804
4770
1675
2916
3166
4337
1711
2714
3869
4860
1248
2119
3998
5029
1345
3035
4036
4324
1160
2489
4036
4747
1991
2119
4036
4132
1345
2466
3202
4876
1160
2630
4036
4170
1675
2714
3950
5110
1711
2714
3869
5110
1248
2219
3952
5011
1345
2936
3296
5011
1160
2714
3950
4931
1991
2119
4036
4747
1345
2407
4072
5096
1160
2916
3869
4334
1675
2714
3950
5110
1711
2694
3934
4876
1248
2407
4093
4150
1345
2936
4036
4150
1160
2714
3950
5012
1991
2119
4036
4829
1899
2521
3950
5115
1160
2916
3987
4334
1675
2714
4008
4589
1515
2119
4036
5015
1248
2407
3782
4197
1345
2936
4036
4150
1160
2714
4009
5012
1991
2119
4008
5012
1481
2783
4052
4201
1685
2628
3942
4919
1899
3065
3595
5052
1628
2788
3904
4117
1456
2467
3997
5029
1628
2944
3526
5029
1456
2467
3704
4926
1628
2097
3893
4624
1252
2467
3893
4905
1628
3009
3585
4853
2023
2976
3542
5052
2043
2942
3893
4860
2043
2350
4079
4962
2043
2411
3966
5115
2043
2788
3893
4830
1807
2521
3268
5018
1279
2528
3115
4101
1345
2510
3868
4559
1248
2968
3335
4860
1899
2119
4053
4905
1248
2119
3987
4876
1899
2119
3778
4905
1248
2119
3987
4876
1899
2119
3778
4389
1723
2119
4039
4770
1160
2390
3447
4589
1723
2791
4053
4876
1160
2791
3901
4484
1723
2791
4053
4876
1160
2307
3335
4810
1723
2791
3997
4305
1160
2307
3843
5115
1345
2307
3778
4770
1160
2307
3843
5029
1345
2936
4008
4876
1160
2936
4008
5096
1345
2936
4008
4876
1248
2936
4072
5118
2035
2680
4052
4845
1515
2925
3822
4950
1723
2330
3904
5012
1345
2680
3950
5115
1160
2680
4039
4296
1723
3017
4088
4711
1515
2813
3822
4810
1248
2552
3284
4145
1723
2813
3822
4931
1515
3017
3951
4919
1723
2748
3869
4876
1345
2694
3950
4876
1160
2544
3284
4845
1723
2119
3284
4132
1515
2813
3869
4876
1248
2552
3782
4864
1723
2813
4036
4132
1515
2119
4036
4889
1248
2964
3893
4876
1345
2694
3950
4876
1515
2612
4039
5015
1723
2986
3891
4876
1150
2986
3830
4934
1434
2248
3526
4311
1432
2325
3750
4962
1762
2325
3891
5114
1762
2961
3893
4311
1150
2694
3108
4962
1762
2135
4061
4170
1859
2566
4061
4858
1859
2350
4061
4858
1859
2411
4061
5052
1762
2788
3893
4837
1762
2813
4061
4837
1762
2350
3987
4311
1762
2748
3782
4311
1762
2566
4061
5114
1432
2472
3893
4837
2041
2694
3893
5052
2023
2889
3880
4311
1620
3063
3499
4680
1892
3039
4013
4979
1675
2714
3777
4436
1711
2830
3822
4829
1955
2612
3557
4133
1675
2916
3297
4983
1914
2117
3111
4876
1991
2119
3727
4731
1345
2407
4088
5096
1160
2916
3869
4334
1675
2714
3950
4985
1711
2359
3557
4170
1248
2219
3952
4098
1345
2936
3982
4150
1160
2489
3804
5015
1991
2119
4008
4876
1345
2407
4004
5096
1160
2916
3869
5015
1675
2714
3950
4625
1711
3032
3934
4711
1248
2793
3782
5115
1345
2936
3296
5015
1160
2791
4094
4132
1991
2119
4008
5115
1345
2466
3202
4625
1160
2916
3869
4875
1675
2714
3327
4942
1515
2119
4004
5095
1248
3012
3942
4925
1345
2936
4087
4150
1160
2791
4039
4657
1991
2119
4008
4132
1345
2466
3202
4625
1160
2936
3804
4770
1345
2259
3869
4942
1515
2119
4004
5095
1248
3012
3887
5115
1345
2936
4087
4150
1160
2791
4039
5115
1991
2119
4008
5115
1345
2925
3869
4747
1895
2612
3111
4546
1345
2259
3869
4889
1515
2119
4088
5115
1248
3012
3887
5115
1345
2936
3804
4384
1160
2791
4039
5115
1723
2119
4088
5115
1899
2521
3843
5115
1248
2936
4094
4334
1345
2791
3296
4934
1160
2119
3901
4484
1248
2452
3869
4484
1345
2936
3804
5012
1160
2791
3824
4150
1723
2119
4088
4170
1515
2818
4088
4484
1248
2936
3782
5118
1345
2791
4054
4934
1160
2119
3542
4931
1248
2964
3869
5011
1345
2936
4008
5115
1780
2925
3581
4907
1155
2119
3268
4332
1835
2182
3236
4625
1160
2088
3935
4906
1155
2942
3268
4132
1160
2525
3997
4889
1248
2837
3782
4977
1155
2869
3847
5041
1167
2351
3880
4242
1991
2777
3652
4389
1248
2564
3982
5042
1317
2748
3952
5008
1334
2874
3822
5049
1589
3069
3970
4711
1155
2628
3682
4810
1155
2091
4079
4755
1317
3007
3307
4770
1589
2985
3148
4654
1155
2330
3893
4800
1317
3007
3966
4120
1924
2813
3188
4830
1981
2452
3951
4835
1924
2307
3736
5058
2046
2907
3469
4906
1924
2694
3935
4625
1981
2452
3148
4456
1924
2224
3437
4705
1748
2877
3183
4624
1155
3009
3088
5020
1653
3009
3904
4861
1981
2452
3284
4962
1252
2619
3237
4889
1515
2777
3737
4456
1349
2667
3965
4931
1252
2877
4036
4860
1653
2925
4094
4460
1981
3017
4087
4170
1252
3017
4004
4860
1924
2330
3935
4938
1748
2649
3270
5052
1103
2443
3340
4119
1331
2873
3120
4862
1331
2888
3478
4654
1924
3026
3340
4871
1331
3069
3987
5058
1331
3069
3887
4906
1331
3069
3887
4906
1924
3026
3080
4955
1331
2171
3647
5058
1331
2964
4008
5011
1331
2964
3997
4460
1331
3069
3887
4460
1331
2171
4054
4625
1331
2699
4030
5118
1331
2455
3110
4934
1331
2717
3987
4201
1298
2573
3526
5118
1298
2573
4042
4983
1298
2573
3868
5118
1298
2467
3704
4132
1298
2082
3526
4720
1298
2082
3526
5118
1298
2082
4039
4720
1298
2082
4042
4983
1298
2399
3747
4889
1298
2399
3747
4889
1298
2399
3747
4889
1298
2822
3259
4615
1298
2822
3094
4460
1298
2822
3094
4201
1835
2581
3201
4589
1835
2876
3325
4621
1981
2822
3966
4786
1981
2374
3966
4145
1981
2374
3966
4145
1981
2374
3933
4615
1981
2374
3966
4175
1981
2452
3727
5015
1981
2452
3727
5015
1981
3051
3876
4955
1981
3051
3876
4955
1981
3051
3950
4955
1981
2869
3997
4934
1981
2869
3997
5110
1981
2869
3997
5052
1981
2147
3952
4170
1181
2677
3997
5110
1181
2677
4008
4170
1181
2677
4008
4601
1181
2677
4008
4601
1181
2889
4042
4379
1181
2889
3839
4615
1181
2649
4042
5052
1181
3069
3839
4934
1181
3069
3839
4460
1181
3069
3868
5118
1181
3069
3904
4889
1181
3069
3904
4919
1181
3069
3904
4919
1324
2771
4008
5058
1324
2876
3952
5118
1324
2876
3952
5118
1324
2694
3924
5118
1324
2939
4042
5029
1324
2939
4042
5110
1324
2939
4008
5114
1324
2939
4008
5114
1324
2939
3704
4926
1324
2746
4054
4983
1924
2350
3997
5110
1924
2350
3901
5012
1924
2649
3526
4170
1924
2649
3526
5110
1924
2649
3526
5110
1924
2649
4072
5012
1924
2649
4072
5012
1924
2649
4008
4926
1924
2649
4008
5114
1924
2649
3704
4873
1924
2612
3901
5114
1924
2309
3782
5012
1924
2746
3904
5015
1924
2746
3904
5015
1924
2746
3904
5015
1924
2746
4088
5058
1298
2126
3904
4755
1298
2275
3880
4962
1298
2275
4009
5079
1298
2452
4008
4962
1298
2452
4008
4962
1298
2452
4008
4170
1298
2162
4008
4962
1298
2162
4008
4170
1298
2162
4008
4170
1298
2162
4008
4955
1298
2907
3901
5012
1298
2907
3901
5012
1298
2907
3901
5012
1298
2907
3901
5118
1298
2907
3901
5118
1298
2274
3887
5118
1981
2788
3839
5114
1981
2788
3839
5118
1981
2788
3839
5058
1981
2990
3891
5114
1981
2990
4042
5114
1981
2990
4042
4962
1981
2990
4008
5058
1981
2990
4008
5058
1981
2452
4042
5058
1981
2452
4042
4983
1981
2452
3893
5118
1981
2801
3924
5052
1981
2801
3924
5079
1981
2801
4054
5079
1981
2801
3526
4170
1181
2699
4072
5118
1181
3007
4008
5058
1181
3007
4008
4889
1181
3007
4008
4889
1181
3007
4008
4889
1181
2879
3901
5015
1181
2879
3880
4927
1181
2879
3880
5015
1181
3069
4072
4926
1181
3069
4072
4926
1653
2869
3526
4862
1653
2925
4042
5052
1653
2990
3526
4934
1653
2990
3526
4934
1653
2990
3526
4460
1653
2350
3904
4861
1653
2452
3526
5015
1653
2452
3526
5058
1653
2452
3526
5058
1653
2452
3526
4962
1653
2452
3526
4962
1924
2949
3987
5012
1924
2949
3891
4170
1924
2694
4054
5012
1924
2694
4054
5012
1924
3007
4079
5012
1924
3007
4079
5110
1924
3007
4079
5110
1924
3007
4008
4889
1924
3007
4079
5114
1924
2746
3893
4926
1924
2746
4072
4926
1924
2746
4072
4926
1252
2097
3839
4615
1252
2097
3839
4934
1252
2097
4042
4926
1252
2097
4042
5114
1298
2612
3824
4983
1298
2612
3824
4962
1298
2612
3824
4170
1298
2612
3824
4170
1298
2275
4072
4950
1298
2275
3901
4950
1298
2275
3901
4950
1298
2694
4008
5058
1298
2694
4008
4170
1298
2694
4054
5110
1298
2694
4054
4905
1298
2801
3704
4170
1298
2801
3891
4170
2023
2162
4042
4860
1981
2746
3901
5015
1981
2746
3901
5015
1981
2746
3901
5015
1981
2746
3893
4926
1981
2788
4008
4926
1981
2649
4008
5114
1981
2649
4008
5114
1981
2649
4008
5118
1981
2694
3839
5118
1981
2694
4042
4926
1981
2694
4042
5052
1981
2694
4042
4983
1981
2694
3904
5118
1981
2694
3904
5118
1981
2801
3904
5052
1981
2801
3904
5052
1748
2869
3924
4955
1748
2869
3924
4955
1748
2869
3924
4962
1748
2869
3924
4983
1748
2869
3924
4983
1748
2728
4042
5041
1748
2728
4042
5041
1653
2869
4008
4170
1653
2869
4008
4170
1653
2869
4008
4170
1653
2869
4008
4170
1653
2869
4008
4926
1653
2869
4008
4926
1653
2869
4008
4926
1653
2649
3893
4615
1653
2649
3893
4615
1653
2649
3893
5052
1653
2649
3526
5118
1653
2649
3526
5118
1653
2649
3526
5118
1653
2985
3904
5012
1653
2985
3904
5012
1653
2612
3782
5052
1653
2612
3782
4170
1653
2985
3904
5012
1653
2985
3904
5012
1653
2985
3904
5012
1653
2097
4008
5058
1653
2097
4008
5058
1252
2452
3526
4950
1252
2452
3526
4950
1252
2452
3526
5114
1252
2097
3893
4615
1252
2097
4054
4615
1252
2097
4054
4615
1252
2097
3901
4615
1252
2097
3901
4615
1252
2097
3901
5012
1252
2097
3901
5012
1252
2097
3901
5012
1252
2097
3901
4934
1252
2097
3901
4934
1252
2788
3966
5012
1252
2788
3966
5012
2023
2097
4008
4926
2023
2097
4008
4926
2023
2097
4008
5015
2023
2097
4008
5015
2023
2097
4042
4962
2023
2097
4042
4962
2023
2097
4042
5058
2023
2097
4042
5058
2023
2452
3704
5118
2023
2452
3891
5114
2023
2452
3891
5012
2023
2452
3891
5012
2023
2452
3891
5012
2023
2907
3987
5012
2023
2907
3987
5012
2023
2907
3997
5058
2023
2907
3997
4769
2023
2907
3901
5012
2023
2907
3901
5012
2023
2907
3901
5052
2023
2869
3901
5012
1748
2907
3901
5015
1748
2907
3839
4460
1748
2907
3839
4460
1748
2907
3839
4460
1748
2907
3839
4460
1748
2907
4042
4983
1748
2907
4061
4862
1748
2869
3904
4853
1748
2869
3904
4853
1748
2350
4042
5058
1748
2350
4042
5058
1748
2350
4042
5058
1748
2350
3893
5058
1748
2350
3893
5058
1653
2801
3891
5015
1653
2801
4054
5114
1653
2801
4054
5114
1653
2801
4054
5114
1653
2801
4054
5114
1653
2801
4054
5114
1653
2801
3966
4170
1653
2694
3997
4934
1653
2694
3901
5012
1653
2694
3901
5012
1653
2649
4008
4170
1653
2649
4008
5052
1653
2649
4008
5052
1653
2694
3526
4926
1653
2694
4072
5012
1653
2694
4072
5114
1653
2694
3782
4926
1252
2350
3904
4926
1252
2985
3904
5052
1252
2985
3904
4934
1252
2985
3904
4934
1252
2985
3904
5012
1252
2452
4072
5052
1252
2452
3268
5114
1252
2452
4072
5114
1252
2452
3966
5110
1252
2452
3966
5110
1252
2452
3901
5114
1252
2097
4008
4170
1252
2097
3901
4934
1252
2788
3952
4830
1252
2788
3901
4962
1252
2788
3901
4962
2023
2097
4008
5052
2023
2097
4008
4926
2023
2097
4008
4926
2023
2097
4008
4926
2023
2985
3704
4934
2023
2985
4008
5114
2023
2097
4042
4926
2023
2788
4072
5012
2023
2788
3952
4862
2023
2788
3904
4747
2023
2788
3904
4747
2023
2788
4008
5015
2023
2452
3750
5118
2023
2907
4008
5058
2023
2907
3987
5012
2023
2907
4008
4170
2023
2907
4008
4170
2023
2907
4054
5052
2023
2907
4054
5052
1748
2907
3782
4170
1748
2907
3782
4170
1748
2907
3782
4769
1748
2907
3901
4837
1900
2907
4061
5015
1298
2771
3268
4170
2017
2794
3589
4197
1155
2648
3887
4401
1924
2429
4052
4173
1188
2443
3268
4533
1155
2399
3804
4931
1924
2266
4052
4456
1345
2869
3325
4829
1981
2822
3966
4983
1924
2057
3437
5115
1515
2591
4042
4460
1981
2452
3747
5041
1607
2964
3747
4962
1160
2933
3737
4889
1981
2314
3952
5058
1155
2627
3987
4484
1924
2429
3111
4934
1345
2604
3893
4755
1515
2399
4052
5058
1924
2452
4079
4955
1345
2350
3325
4889
1981
2612
3270
4678
1924
2057
3952
5110
1515
2564
3880
5015
1981
2452
3747
5041
1607
2964
4072
5012
1160
2933
3904
4460
1981
2452
3952
5052
1515
2883
3704
4810
1924
2735
3904
4853
1334
2813
3935
4977
1515
2399
4052
5058
1924
2452
4079
4955
1345
2224
3893
4862
1981
2612
3270
5114
1723
2097
4039
4889
1515
2564
3526
5052
1981
2944
3904
5110
1723
2753
3891
4830
1924
2274
4039
4853
1723
2938
3747
4170
1515
2883
3987
5012
1924
2612
3950
4926
1334
2868
3270
4170
1981
2649
3742
4132
1924
2452
4079
5110
1345
2224
4072
4615
1981
2612
3270
4950
1723
2097
4079
4460
1515
2985
3747
4615
1981
2612
3952
5011
1723
2411
3952
4931
1924
2274
3782
4460
1723
2907
3088
4810
1232
2863
3727
4460
