73
54
54
184
391
1017
51
967
565
375
537
141
223
425
558
558
186
186
46
107
996
538
281
240
171
262
262
788
115
240
247
240
788
240
240
240
772
279
279
240
240
240
240
240
240
240
240
240
240
240
240
240
315
262
907
593
907
203
203
907
593
593
907
203
203
907
593
593
907
203
279
279
279
279
279
538
538
877
538
538
907
262
831
907
907
907
538
907
907
593
907
907
907
907
907
907
907
293
907
907
907
907
907
907
907
391
391
929
705
425
558
558
558
558
898
898
281
281
858
307
307
88
929
425
558
558
46
46
46
107
107
996
171
171
639
262
262
767
767
767
838
767
767
767
767
767
767
698
698
698
698
698
698
698
698
698
698
80
80
606
606
767
767
262
262
767
767
767
488
488
488
488
488
488
698
488
698
488
488
488
488
488
488
488
488
488
488
488
488
488
139
262
262
488
488
488
488
488
488
139
488
488
488
488
488
488
488
488
488
15
488
488
488
488
488
488
488
488
262
488
488
488
488
488
488
488
488
488
0
391
48
48
223
425
739
558
898
898
186
107
107
107
788
788
240
262
22
831
788
594
240
571
538
538
538
240
240
279
279
240
240
240
240
240
240
240
240
240
240
240
240
22
240
262
262
907
907
907
907
203
279
279
593
279
279
203
907
593
593
907
203
907
907
293
907
907
907
907
593
593
907
397
262
831
907
907
79
907
907
593
907
907
907
907
907
907
907
907
907
907
907
907
907
907
391
194
323
323
262
165
356
475
456
722
758
518
518
518
518
988
988
457
88
48
425
558
551
800
551
24
834
996
996
24
359
262
262
518
518
518
518
518
518
518
518
518
518
518
518
518
518
518
518
518
518
518
518
518
518
518
518
518
518
262
262
518
518
518
518
518
518
279
279
789
391
279
929
48
223
356
558
558
800
551
281
996
107
996
173
281
173
173
262
262
518
788
518
518
247
518
518
788
518
571
247
518
788
788
518
247
247
518
788
788
518
247
247
788
788
262
571
734
518
518
307
391
391
1017
967
565
375
141
223
425
558
558
898
186
186
107
107
996
788
788
171
247
262
262
788
240
240
247
240
788
240
64
772
240
240
240
240
240
240
240
240
22
240
203
240
240
593
22
203
203
240
262
22
907
203
342
1607
2801
3676
4862
1723
2642
4007
4460
2000
2642
3924
5012
2000
2876
3997
4977
2000
2825
3924
4977
1515
2990
4042
4170
1515
2956
3698
4720
1515
2956
3987
5029
2023
2649
4042
4830
2023
2649
4042
5110
2023
2825
4054
4460
2023
2694
4042
4926
2023
2889
4008
4170
2023
2889
4008
4170
2023
2889
4008
4170
2023
2801
3987
5114
1456
2956
3904
4858
1900
2813
4088
4201
1454
2813
4042
4170
1748
2813
3782
5118
1594
2925
3335
5049
1653
2619
4004
5052
1899
2311
3887
4862
1653
2521
3924
4864
1334
3047
4079
5059
2000
2642
3904
4853
1981
2907
3893
5012
1345
2956
3526
4858
1298
2484
3893
4983
1248
2788
3727
4955
1924
2746
3893
4889
1155
2717
3966
5079
1653
2889
3987
4484
1924
2147
3904
4201
1248
2801
3935
4983
1181
2956
3966
4858
1515
2717
4042
5058
1981
2907
3987
5012
1334
2788
3891
4170
1155
2746
4061
4926
1155
2531
3891
5012
1924
3069
3891
4889
1924
2717
3987
4962
1653
2889
3727
4170
1653
2619
3727
4919
1628
2869
3868
5052
1981
2147
3891
4934
1515
2813
4042
4170
1981
2788
3891
5012
1298
2741
3893
5052
1155
2746
3880
4962
1155
3007
4008
4919
1924
3069
3891
5118
1924
3069
3887
4962
1653
2314
3727
5110
1181
3069
4072
5114
1515
2801
3924
4853
1981
2869
3987
5012
1456
2709
3268
5012
1298
2484
3893
4601
2023
2748
3727
5114
1924
2455
3261
4934
1252
2411
4088
4829
1924
3069
3901
4934
1653
2985
3526
5114
1653
2445
3966
5118
1181
2694
4042
5110
1515
2801
3782
5058
1981
2907
3987
5012
2023
2889
3987
5012
1298
2484
3526
4927
1628
2788
3704
4926
1924
2717
3987
5114
1924
2694
3782
5110
1653
2314
3526
5114
1653
2985
3526
4934
1653
2907
3772
4962
1334
2869
4008
4889
1981
3069
3893
4889
1981
2788
3727
5058
2023
2748
3987
5012
1155
2746
4061
5015
1252
2097
3891
5012
1924
3069
3891
4889
1924
2879
4088
4983
1653
2314
3526
5110
1653
2869
3526
5118
1515
2801
3924
4955
1981
2889
4042
4983
2023
2869
3987
5012
1981
2097
3891
5110
2023
2097
3727
4889
1155
2528
3987
5110
1252
2097
3987
5012
1924
3069
3891
4934
1653
2985
3526
5110
1653
2274
3782
5015
1181
2879
3880
5114
1981
2801
3782
5052
1981
2889
3987
5012
2023
2907
3904
5012
1298
2484
3893
4601
2023
2097
4008
4889
1924
2788
4008
4889
1924
2694
4008
4950
1653
2097
3526
4934
1653
2350
4072
5012
1653
2869
4008
4889
1334
2801
3782
4889
1981
2694
3987
5118
1981
2788
4008
4934
2023
2907
3750
5114
1298
2209
4008
4858
1252
2097
3997
5058
1924
2694
3987
5114
1653
2097
4008
5052
1653
2748
3526
5118
1653
2869
3782
5012
1181
2879
3495
4170
1981
2889
4008
5052
1981
2694
3987
5118
1981
2746
3893
4962
2023
2411
3750
5114
1298
2717
3647
4962
1252
2097
3987
5015
1924
2694
3987
4962
1653
2985
4072
4962
1653
2649
3893
5012
1653
2869
4042
4889
1748
2869
3782
4861
1981
2889
4008
4170
1981
2694
3891
5110
2023
2883
4042
4962
2023
2097
3782
5012
1924
2746
3893
4170
1924
2694
4008
5114
1924
2694
3904
4926
1653
2985
4072
5012
1653
2869
3782
5012
1334
2801
3782
4889
1981
3069
3893
4934
1981
2694
3987
5012
2023
2907
3868
4934
2023
2411
3868
5114
1252
2788
4088
5114
1924
2694
3987
5114
1924
2694
4008
4934
1653
2985
4072
5012
1653
2649
3893
5058
1653
2869
4042
4170
1748
2869
3997
5114
1981
2694
3987
4934
2023
2907
3904
5012
2023
2411
3891
5015
2023
2411
3782
5114
1252
2097
3987
5118
1924
2694
3987
4962
1653
2097
4008
4934
1653
2411
4072
5052
1653
2869
4008
5114
1748
2869
3952
4962
1981
2694
3901
4889
2043
2097
4061
5118
1432
2985
4054
4889
1696
2162
4072
4852
1324
2177
3807
4858
1181
2677
3893
4862
1981
2452
3690
5015
2023
2097
4008
4311
1924
2619
3950
5029
1653
2925
3671
4145
1981
2813
4008
5118
1155
2907
3325
4747
1252
2097
3997
4934
1653
2531
4088
4615
1334
2642
3880
5118
2023
2907
4008
5015
1155
2717
3987
5114
1924
2989
4008
4934
1515
2801
4054
5052
1981
2314
4008
4170
2023
2411
4008
5114
1924
2694
4008
5114
1748
2985
3880
5012
1130
2788
3893
4747
1515
2990
3880
5015
1981
2455
3942
4934
1924
2964
4088
4861
1334
2619
3893
4615
2023
2788
3727
4962
1924
2620
3413
4601
1981
2314
3727
5058
1155
2989
3987
4615
1748
2350
3880
5012
1155
2274
3891
4170
1924
2717
3904
4934
1981
2801
3782
5114
1155
2717
3987
4170
1334
2717
3880
4926
2023
2907
4042
4962
1924
3069
3891
4170
1334
2907
4054
5012
2023
2097
3727
4983
1653
2889
3966
5012
1981
2748
3727
4962
1924
2484
3782
4962
1748
2869
4072
5012
1155
2484
3880
4889
1924
2771
3782
4983
1981
2694
3893
5118
1924
2717
3891
4170
1334
3069
3901
4889
2023
2907
3987
5012
1924
3069
3893
4934
1334
2907
3727
5058
1155
2746
3647
5015
1653
2889
4042
4926
1981
2748
3868
5110
1924
2694
4072
4860
1748
2869
3868
5052
1155
2717
3891
4934
1899
3069
4072
4934
1981
2694
3750
5118
1924
2964
4008
4889
1334
2813
3880
5110
2023
2907
3704
4934
1653
2985
3966
5012
1981
2314
4008
5052
1155
2746
3647
5015
1653
2274
3987
5052
1628
2907
3868
4170
1924
2717
3904
4934
1748
2869
3868
5118
1155
2717
3987
5110
1456
2619
3526
4853
2023
2907
4042
4170
1924
2694
4008
4720
1334
2694
3893
4170
2023
2411
3727
5114
1653
2531
3782
5058
1981
2748
4008
4934
1252
2097
3727
5058
1748
2350
4072
5118
1628
2411
3891
4889
1252
2985
4088
4862
1748
2907
3893
4889
1252
2411
3987
5012
1456
2619
4072
4615
2023
2907
3987
4769
1653
2964
3966
4926
1748
2314
3750
5012
2023
2097
4008
4927
1653
2694
3750
4934
1628
2907
4008
4934
1252
2097
4072
5012
1748
2350
3893
4889
1252
2411
3891
4927
1252
2619
4072
5118
1748
2907
3782
5118
1252
2452
3782
5052
1456
2889
3987
5015
2023
2694
3727
4170
1653
3069
3891
4962
1748
2748
3750
4934
1628
2097
4008
4170
1748
2949
4009
4889
1628
2484
3880
4170
1252
2985
4072
5012
1748
2801
3782
5015
1252
2411
3891
4170
1456
2985
4008
5118
2023
2801
3750
5114
1252
2985
3987
5052
1748
2889
3987
5012
2023
2694
3715
4934
1653
2694
3966
5110
1748
2484
4009
5052
1252
2748
3704
5118
1748
2949
4009
4889
1628
2411
4008
4170
1252
2649
3987
5052
1748
2907
3824
4889
1252
2694
3782
4962
1456
2889
3750
5052
2023
2694
3893
4934
1252
3069
3893
4962
1748
2961
3987
4934
2043
2097
3891
5012
1653
2694
3901
4934
2043
2907
4088
4926
1252
2694
3904
5114
1748
2801
3782
5015
1252
2484
4009
5052
2041
2619
4072
5015
1748
2907
3824
5012
1252
2694
3987
4962
1748
2889
3782
5114
2023
2694
3893
4962
1653
2694
4008
5114
1748
2748
3891
5110
2043
2097
4061
5012
1157
2350
3268
4615
2043
2907
3782
4927
1252
2694
3782
5114
1748
2801
3782
5015
1252
2694
3891
4962
1456
3069
3891
5015
1748
2907
3824
4170
2041
2985
3904
5015
1748
2694
3987
5015
2043
2788
3891
5015
1653
2694
4008
4934
2043
2907
3750
4934
2043
2097
4061
4889
1157
2350
3495
5118
2043
2411
3750
4170
2041
2619
4072
5114
1748
2694
3893
4889
2041
2097
3893
5058
1456
2889
3824
5012
1900
2907
4088
4170
2041
2985
3904
5052
1748
2694
3750
4934
2043
2788
4088
4962
2041
2350
3750
4934
2043
2907
3750
4311
2041
2411
4061
5114
1157
2889
3893
4889
2043
2411
3782
4170
2041
2619
3891
4769
1748
2694
3893
4170
2041
2985
3891
4962
1748
2694
3987
5052
2043
2907
3987
4837
2041
2350
3966
4962
1900
2748
3750
4934
2043
2411
3750
5114
2041
2350
3893
4934
2043
2907
3782
4311
2041
2788
3782
5015
1900
2869
3782
5052
2041
2411
3891
4311
2041
2619
3891
4934
1858
2907
3901
4837
2041
2748
3880
4769
2043
2907
3750
4889
1859
2985
4061
5114
1762
2411
3893
5052
1900
2748
3987
4837
1991
2343
3348
5057
1188
2907
4004
5110
1345
2649
3950
4889
1981
2484
3782
4861
1334
2967
3424
4460
1155
2746
3880
4962
1155
2925
3950
5114
1252
2619
3526
4311
1924
2813
3887
5052
1653
2521
3924
4955
1334
2897
3935
4955
1628
2869
3868
5058
1981
2869
4008
4311
1345
2956
3526
4858
1298
2484
3893
5052
1248
2788
3987
5012
1924
2746
3893
4889
1155
2717
3966
4962
1653
2619
4008
5114
1924
3069
4088
4601
1248
2801
3647
4889
1181
2889
4008
5114
1515
2564
3772
5029
1981
2907
4042
4170
1334
2455
3647
5114
1298
2484
3526
4950
1248
2746
3893
4889
1924
2717
3987
5114
1924
2717
3891
4170
1653
2889
3987
5012
1924
2147
3904
4934
1628
2186
3868
5118
1181
2956
3750
4858
1515
2813
4042
5058
1981
2788
3891
5012
1723
2677
4008
5015
1155
2746
4088
5115
1155
3007
3904
5114
1924
3069
3891
4889
1924
2694
3782
5012
1653
2314
3997
5110
1653
2889
3526
5015
1628
2869
3868
5052
1981
2147
3891
4934
1456
2907
4042
5015
1981
2788
3891
5012
2023
2314
3704
4934
1155
2746
3782
5015
1252
2883
3526
5114
1924
3069
3891
5118
1924
2694
3526
5110
1653
2314
3727
4983
1653
2869
3526
5118
1515
2801
3924
4889
1981
2889
4042
4170
2023
2813
4042
4934
1298
2484
3893
4601
2023
2748
3704
4926
1924
2455
3966
4962
1252
2097
3893
5012
1924
3069
3901
4934
1653
2985
3526
4962
1653
2907
3727
4983
1181
3069
3891
4889
1981
2717
3893
5052
1981
2889
4042
4170
2023
2907
3987
5012
1298
2484
3893
4601
2023
2097
4008
4889
1924
2717
3467
4962
1252
2097
3526
4170
1653
2097
3987
4615
1653
2985
4072
5012
1653
2869
4072
5012
1181
2771
4008
4170
1981
2694
3782
4615
1981
2907
3987
5114
2023
2788
3904
5012
1155
2788
4008
5114
1252
2788
3891
5012
1924
2964
3901
4889
1924
2879
3725
4950
1653
2314
3526
5114
1653
2350
4008
4889
1181
2879
3901
4889
1334
2801
3782
4889
1981
2694
3987
5118
1981
2788
4008
4934
2023
2788
3868
4934
1155
2746
4061
5118
1252
2097
3987
5012
1924
2694
3987
5114
1653
2097
4008
4983
1653
2748
3526
5118
1653
2869
4008
4919
1981
2147
3824
4962
1981
2889
4008
5118
1981
2694
3987
5110
1981
2788
4008
4962
2023
2411
3750
5114
1155
2746
3880
4170
1252
2097
3987
5012
1924
2694
3987
5052
1653
2985
4072
4962
1653
2649
3893
4615
1653
2869
4042
5110
1981
2147
3296
5118
1981
2889
4008
4170
2023
2907
3904
5012
2023
2883
4042
4962
2023
2097
3782
5012
1924
2746
3893
4889
1252
2097
3987
4615
1924
2694
3904
5052
1653
2748
3782
5110
1653
2869
4072
5012
1456
2869
3526
5118
1981
2889
4008
4170
1981
2889
4008
4170
2023
2907
3868
4934
2023
2411
4088
4862
1252
2788
3782
5114
1924
2788
4008
4170
1924
2694
4008
4934
1924
2949
3325
4460
1653
2350
4072
5110
1653
2869
4042
4889
1748
2869
3526
5118
1981
2889
4008
4837
1981
2694
3987
4934
2023
2907
3868
5114
2023
2411
3868
5114
1252
2788
3987
5015
1924
2788
4008
4170
1653
2097
4008
4934
1653
2985
4072
5012
1653
2649
3893
5058
1653
2869
4042
4170
1748
2869
3782
5012
1981
2694
3893
4934
2023
2907
3904
4934
2023
2411
3750
5015
2023
2411
3750
5114
1252
2097
3987
5118
1924
2694
3891
5114
1653
2097
4008
4934
1160
2949
3935
4962
1248
2801
3268
5114
1723
2314
3747
5114
1456
2788
3997
5114
1515
2964
3966
5118
2000
2717
3904
5114
1155
2801
4054
4255
1981
2989
3997
5110
1981
2255
3673
4889
1334
2274
3824
4962
1653
2764
3300
4862
1456
2350
3526
4720
1252
2467
3526
4905
1628
2649
3868
5052
1248
2989
4008
5118
1723
2748
3987
5110
1456
2314
3704
4615
1515
3069
3467
5012
1252
2788
4088
5058
1900
2788
3901
5015
1454
2788
3824
4962
1160
2694
3737
4583
1835
2813
3997
4659
1334
2531
3198
4962
1899
2813
3270
4962
1248
2748
4008
4934
1345
3069
4072
4926
1155
2452
3904
4201
1981
2649
3893
5110
1653
2619
3904
5029
1155
2649
3270
4983
1334
2177
3504
4861
1899
2649
4008
5114
1723
2484
4088
4955
1515
2274
3987
5058
1924
3063
3345
4625
1160
2484
3526
5110
1334
2813
3987
4962
1155
2771
3261
5012
1981
2699
4009
4950
1653
2274
3966
4720
1899
2699
3198
4955
1248
2748
4008
4926
1345
3069
3891
5114
1155
2612
3891
4201
1981
2813
3901
5052
1653
2889
3904
5114
1155
2717
3901
4615
1248
2741
4079
5052
1899
2746
3880
4889
1248
2484
3782
4170
1515
2801
4042
4934
1653
2452
3782
5029
1155
2649
3893
5110
1334
2452
3704
5052
1899
2612
4030
4170
1981
2699
3904
4950
1515
2889
3737
4889
1252
2728
3904
5114
1628
2925
3727
5052
1345
3069
3891
4962
1155
2612
4042
5114
1981
2813
3987
5110
1653
2612
3901
5015
1252
2728
3704
4934
1248
2694
3325
5052
1456
2619
3704
5015
1628
2883
4007
4170
1981
3069
3901
4170
1653
2612
3987
4460
1252
2642
4088
4830
1748
2097
3904
4615
1899
2746
3893
4889
1248
2484
3987
5118
1748
2147
3891
4860
1653
2452
3782
5029
1628
2649
3270
4810
1723
3069
3966
4955
1515
2411
3704
5118
1981
2741
3782
4962
1653
2771
3891
5012
1252
2452
3893
4962
1628
2649
4008
4938
1723
3069
3467
4733
1155
2771
3891
5110
1981
2443
3719
4983
1653
2649
4008
5118
1252
2452
3893
4829
1454
2748
3904
4926
1456
2097
4042
4170
1628
2907
3868
5114
1456
2869
3987
5012
1653
2612
3901
4889
1858
2162
3595
5114
1628
3069
3904
5114
1456
2097
3782
5012
1628
2907
3727
5118
1456
2467
3526
5118
1723
2748
4008
4983
1653
2612
3966
4889
1900
2813
3782
5114
2023
2694
3750
5118
1130
2325
3782
5118
1104
3065
3987
4283
1780
2484
3966
4919
1748
2869
3782
4889
1924
2990
3987
5029
1160
2907
3727
4985
1345
3069
4072
4926
1723
2525
3704
4950
1748
2897
3839
4170
1899
2939
3891
4829
1334
2177
3727
4858
1899
2612
4072
5114
1981
2694
3987
5118
1653
2531
4088
4720
1155
2649
3893
4926
1334
2813
3526
4170
1155
2741
3782
4962
1748
2869
3868
4460
1723
2964
3526
4889
1248
2907
3904
4615
1899
3069
4072
5114
1981
2694
3847
5012
1653
2531
4042
4950
1155
2225
3782
4905
1334
2162
3987
5012
1155
2612
4054
5114
1981
3069
3893
4889
1924
2964
3893
4934
1248
2274
3782
4889
1899
3069
3901
5114
1723
2525
3891
5012
1653
2274
3782
5114
1155
2813
3619
4615
1334
2452
3727
5052
1155
2717
3904
5114
1981
2813
4008
5118
1653
2097
4042
5029
1515
2484
3868
4934
1345
3069
3966
5110
1248
2484
3782
4170
1748
2649
3880
5012
1723
2717
3715
5015
1248
2889
4042
4934
1899
2612
3782
5114
1981
2694
3987
5012
1653
2531
4088
5058
1155
2649
3901
4905
1334
2985
3997
5052
1155
2177
3504
4905
1748
2869
3782
4615
1723
2717
3904
4720
1248
2274
3987
5058
1899
2985
4008
5114
1981
2741
3782
4170
1653
2531
3782
4654
1155
2225
3673
4170
1334
2985
3987
5012
1155
2612
3891
4170
1748
2869
4042
5114
1252
2452
3526
5058
1248
2274
3782
4955
1899
3069
3704
4931
1981
2741
3715
5114
1653
2649
4008
5052
1155
2699
3893
4889
1334
2452
4008
5052
1155
2612
3782
5114
1334
2956
3893
4484
1252
2452
3526
5029
1515
2748
3727
5058
1899
3069
3901
5114
1981
2177
3704
4858
1653
2771
3526
4170
1628
2907
3997
4962
1653
3069
3891
5114
2023
2907
4072
5012
2041
2619
4061
5012
2043
2907
3987
5015
2041
2985
3904
5114
2043
2907
3750
4934
2041
2411
4061
5052
1900
2869
3782
5052
1252
2788
4042
4919
2015
2531
3942
5041
1155
2350
3676
4478
1981
2869
3526
4934
1345
2649
3772
5114
1981
2788
3891
4962
1334
2967
3424
4460
1924
2746
3891
4889
1155
2925
3704
4170
1924
3069
3824
4889
1924
2813
3526
5058
1653
2521
3924
4955
1334
2897
3935
4955
1628
2297
3727
4311
1981
2869
4008
4311
1345
2956
3782
4858
1298
2484
3893
4601
1248
2788
3987
4905
1924
2746
3782
4889
1155
2717
3966
4170
1653
2619
3704
5052
1924
3069
4088
5058
1653
2445
3966
4170
1181
2889
4008
5114
1515
2801
3924
4853
1981
2907
4042
4170
1334
2813
3891
5114
1298
2484
3893
4601
1248
2746
3893
4955
1924
2717
3891
5114
1924
2717
3891
4170
1653
2619
3727
5114
1924
2147
3904
5110
1248
2801
3782
4962
1181
2956
3526
5114
1515
3063
3966
4889
1981
2907
3987
5012
2023
2314
4042
4170
1155
2788
4008
5114
1628
2097
3901
5012
1924
2717
3987
5114
1924
2717
3987
4962
1653
2314
4008
4615
1653
2889
3526
4919
1628
2869
3526
4927
1981
2147
3891
4837
1456
2907
4042
4889
1981
2788
3727
4860
2023
2314
4008
5114
1155
2746
4088
5115
1252
2883
4008
5114
1924
3069
3891
5015
1924
2694
4008
4983
1653
2314
3727
4983
1653
2889
3868
5118
1628
2869
4008
4889
1981
2147
3891
5114
2023
2813
4042
4837
1981
2788
3715
4905
2023
2748
3987
5114
1155
2528
3987
4962
1252
2097
3893
5110
1924
3069
3891
5015
1653
2989
3526
5015
1653
2748
3727
5118
1653
2869
4042
4962
1981
2717
3893
5052
1981
2889
4042
4170
2023
2907
3987
5118
1981
2097
3891
5012
2023
2985
3891
5110
2023
2889
4042
5015
