73
982
982
982
982
982
982
982
982
982
982
982
982
982
982
982
982
982
982
982
982
982
982
982
982
982
982
982
982
982
982
982
982
982
982
982
982
982
982
982
982
982
982
982
982
982
982
982
982
982
982
982
982
982
432
982
982
982
982
982
982
982
982
982
982
982
982
982
982
982
982
982
982
982
982
982
432
982
982
982
982
982
982
982
982
982
982
982
982
982
982
984
982
984
982
51
270
521
462
521
670
670
270
521
521
521
863
521
521
594
521
992
631
631
631
631
631
631
631
631
631
992
631
464
631
464
631
464
464
464
863
464
464
464
464
464
464
464
464
464
464
464
464
123
464
464
464
464
123
464
464
464
464
464
464
464
464
464
464
464
464
464
464
464
464
464
464
464
464
464
464
464
464
464
464
464
464
50
464
150
512
464
734
348
536
150
115
571
348
348
150
150
278
571
348
536
150
803
571
734
348
287
150
287
571
734
287
150
803
287
571
367
287
803
287
642
367
287
197
803
476
476
287
101
397
292
521
521
196
984
521
521
521
521
670
670
270
521
521
521
863
521
863
992
863
992
66
797
66
992
863
992
863
225
984
411
982
992
982
982
411
411
982
982
982
982
982
464
464
464
464
464
464
464
464
982
982
982
982
982
982
982
982
982
982
982
982
982
982
900
464
464
464
464
464
464
464
464
982
982
982
982
982
982
982
982
982
982
982
982
982
982
982
464
982
982
982
982
982
982
982
594
982
982
982
464
464
464
982
649
982
982
196
982
982
982
982
982
900
649
592
982
649
649
982
982
982
992
982
982
982
982
982
992
982
982
982
982
225
992
863
350
521
521
967
984
58
58
350
521
521
369
670
670
270
521
521
521
464
521
521
521
521
521
521
521
863
464
863
464
863
464
900
464
464
464
464
464
594
464
863
464
464
464
464
464
464
464
464
464
464
464
464
464
464
464
464
464
464
464
464
464
464
464
863
464
464
464
464
464
464
464
464
464
464
464
464
464
464
464
464
464
464
464
464
464
464
464
464
464
464
464
464
464
225
464
464
464
464
464
464
347
432
464
436
347
58
66
283
58
283
902
66
283
283
984
283
58
58
225
58
58
58
58
58
421
984
58
58
58
58
82
58
515
82
432
58
58
984
713
1981
2300
3869
5029
1515
2350
3335
4431
1991
2949
3521
4305
1160
2986
3824
4173
1298
2986
3297
4099
1807
2979
3970
5108
1345
2907
3824
5096
1160
2350
3824
4739
1903
2350
4053
4484
1924
2925
3710
4324
1298
2467
3209
4170
1807
2887
4053
4810
1481
3063
4039
5059
1815
2604
3335
5058
1899
2986
4053
4934
1991
2097
3325
5059
1807
2649
3673
4589
1417
2452
4053
4201
1181
2419
3542
4810
1815
2608
3535
4905
1720
3069
4053
5094
1807
2419
3673
5041
1903
2709
4039
4431
1417
2936
3795
5058
1181
2478
3111
5059
1924
2314
3870
4830
1720
2649
3674
5114
1317
2788
4008
4170
1515
2330
3764
4601
1991
2350
4053
4977
1160
2889
3880
4384
1345
2097
3824
4962
1160
2788
3891
4132
1345
2907
3557
5118
1160
2330
3647
4654
1607
2350
3503
4858
1248
2165
3673
4710
1298
2467
3674
4170
1248
2907
3869
5118
1903
2869
3095
4810
1991
2949
3951
5096
1777
2649
3764
5052
1298
2986
3929
5094
1807
2478
3868
5096
1895
2869
3987
5110
1815
2694
3950
4862
1777
2162
3111
5052
1777
2314
3704
5045
1807
2964
4072
4926
1981
2976
3869
4835
1181
2276
3951
5114
1815
2452
4008
5096
1777
2925
3966
4384
1298
2813
3647
5094
1807
2748
3933
5041
1903
2869
4039
5018
1815
2936
3673
4934
1815
2649
3901
5059
1991
2746
3880
4962
1807
2649
3782
5018
1981
2314
3869
5029
1181
2649
3782
4810
1991
2949
3777
4810
1160
2985
3824
4384
1298
2813
3647
5015
1807
2748
4072
5041
1345
2801
3736
4654
1815
2612
3270
4926
1903
2350
3111
5079
1924
2788
3904
4934
1807
2813
3782
4862
1981
2314
3869
5029
1181
2717
3725
4810
1815
2275
4053
4132
1777
2649
3880
5114
1298
2985
3647
5094
1981
2925
4054
5114
1334
3063
3413
4654
1815
3039
4072
4132
1903
2350
3111
4962
1924
2788
3325
4589
1298
2813
3893
4384
1981
2592
3869
4934
1181
2694
3782
4810
1653
2800
3237
4763
1777
2889
4072
5052
1298
2985
3824
4170
1981
2097
4039
4889
1981
2619
3824
4654
1653
2936
4061
5015
1653
2877
3111
5096
1924
2788
3824
4934
1298
2649
3887
4830
1981
2452
3869
5118
1515
2350
3951
5058
1653
2452
4053
5015
1777
2531
3764
5058
1298
2985
3824
4170
1981
2097
3824
4132
1981
2619
3824
4654
1653
2925
3950
4934
1653
2877
3782
4830
1924
2788
3824
4934
1298
2717
3893
4625
1981
2452
3869
5114
1515
2350
3951
4170
1653
2452
3893
4132
1653
2925
3704
5052
1298
2694
3935
4983
1981
2097
3672
4132
1903
2907
3950
5118
1653
3012
3982
4853
1653
3012
3901
5015
1924
2694
3891
5114
2023
2119
3868
5114
1981
2889
3824
4274
1653
2791
3542
5048
1653
2791
4052
4835
1653
2097
3725
4654
1298
2694
3111
4983
1981
2097
3672
4955
1903
2801
3950
4889
1653
2883
3869
5029
1653
2877
3747
4955
1723
2097
3824
4810
1298
2478
3772
4810
1981
2619
3824
4132
1653
2925
4039
4170
1653
2883
4054
4654
1924
2748
3824
4654
1298
2694
3782
4864
1981
2748
3950
5029
1903
2869
4008
4810
1653
2119
3942
5058
1515
2986
3951
4747
1723
2528
3987
4934
1807
2979
4042
4132
1981
2889
3935
4132
1653
2925
3111
4884
1777
2691
3893
4962
1349
2097
4079
5029
1298
2467
3824
5077
1981
2452
3778
4810
1515
2350
3951
5115
1723
2889
3437
4955
1160
2746
3935
5110
1456
2788
4039
4311
1371
2649
3782
4654
1723
2801
3839
4654
1349
2949
4094
4927
1076
2162
3869
4170
1892
2694
3690
4934
1780
2964
4052
4132
1924
2097
3919
5079
1780
3007
3966
4876
1780
3032
3737
4278
1181
2986
4042
4589
1317
2801
3782
4589
1981
2467
3893
4876
1404
2801
3268
4542
1981
2314
4053
4810
1835
2788
3325
4962
1155
2788
3951
5115
1331
3032
3671
4983
1924
2942
3782
5114
1324
2165
3952
4431
1815
2985
3673
5041
1324
2869
4094
4488
1181
2877
4094
4615
1188
2949
3950
4931
1981
2907
4094
4720
1404
2968
3647
4876
1298
2883
4072
4132
1155
2788
3467
4876
1331
2644
3576
5029
1331
2949
3454
4763
1324
2097
3517
4384
1324
2788
3284
4943
1181
2925
3576
4955
1181
2677
3542
5096
1188
2453
3198
5059
1981
2314
4094
4921
1404
2741
3942
4876
1298
2883
4072
5079
1298
2411
3942
4876
1924
2467
3839
4906
1924
2619
3869
4860
1324
2314
3919
4132
1815
2612
3804
4615
1181
2925
3530
4845
1181
2677
3542
4747
1188
2813
3198
4971
1981
2314
3843
4860
1404
2360
3891
4654
1155
2330
3891
5079
1298
2467
3942
4985
1924
2467
4053
4431
1924
2619
3725
4860
1324
2314
3843
4810
1815
2531
4079
4221
1181
2925
3530
4197
1181
2135
3304
4985
1886
2869
4039
5059
1317
2956
3933
5059
1104
2788
3950
4717
1155
2314
3335
5115
1720
2788
4030
4589
1899
2330
3778
4812
1331
2443
3176
5029
1991
2986
4005
4906
1815
2748
3341
4175
1160
2321
3300
4132
1481
2949
3530
4905
1886
2801
4039
4484
1317
2907
3987
5059
1104
2788
3414
4876
1835
2989
3335
4934
1720
2455
3950
4234
1899
2800
4094
4830
1331
2443
3284
4589
1991
2360
4088
4132
1167
3069
3810
5095
1892
2949
3284
4132
1481
2949
3928
4931
1886
2869
3812
4654
1317
2889
3887
4934
1104
2117
3891
4860
1835
2949
3542
4972
1720
2455
3950
4906
1345
3017
3839
4860
1331
2443
3413
4460
1167
2083
3824
5115
1160
2986
3268
4770
1160
2467
3682
5095
1886
2949
4072
4889
2015
3063
4039
5095
1317
2907
3904
5029
1835
2604
3966
4950
1720
2642
3737
4702
1287
2717
3876
4258
1345
2735
3869
4949
1759
2604
3987
4906
1167
2694
3647
5058
1160
2986
4094
4384
1481
2090
4079
5015
1345
2330
3576
5059
1317
2990
3987
4876
1248
2877
3284
5029
1835
3017
4072
5079
1589
2411
3950
4889
1287
2262
3235
4305
2035
2443
3747
4962
1991
2986
3966
4810
1160
3017
3296
4755
1481
2979
3893
4955
1345
2330
3859
4460
1991
2869
3824
4484
1317
2788
4039
4770
2046
3007
3804
4654
1720
2484
4039
5011
1899
2330
4079
4629
1694
2788
3296
5096
1991
2748
3880
4934
1815
2630
3764
4862
1481
2612
3682
4942
1345
2777
3621
4972
1317
2964
4042
4927
1248
2644
3743
4919
1835
2531
3542
5096
1155
2985
3951
5059
1899
2097
4094
4132
1924
2443
3259
4955
1924
2314
3919
4132
1248
2350
3198
4615
1181
2135
4039
5115
1345
2869
3831
4460
1981
2869
4054
4197
1404
2949
3325
4770
1155
2788
3325
4971
1835
2090
3824
4153
1899
2964
3747
4934
1924
2788
3839
4625
1924
2314
3952
4132
1924
2350
3982
5052
1181
2612
3542
5096
1181
2649
3901
5114
1345
2869
3284
4792
1981
2452
3893
5118
1404
2748
3647
4862
1155
3007
3940
4201
1298
2467
3891
4962
1899
2746
3235
4170
1924
2097
4094
4170
1924
2314
4055
4962
1324
2788
3198
4934
1181
2811
3176
4384
1181
2813
3901
5094
1345
2869
3904
4132
1981
2990
3987
4934
1835
2531
4039
4905
1155
2956
3952
4858
1298
2467
4039
5058
1924
2788
3310
5029
1924
2097
3987
4926
1924
2748
3257
5058
1324
2612
3901
5114
1515
2350
3526
4763
1181
2813
3901
4906
1334
2869
3887
5114
1981
2748
3987
4384
1835
2478
4042
4926
1155
2771
3891
4384
1298
2467
3904
4132
1924
2443
3891
4621
1924
2097
3987
4934
1924
2612
3727
5009
1324
2694
4030
5052
1899
2801
3919
4926
1181
2813
3987
4615
1334
2869
3904
4810
1981
2748
3727
5118
1981
2883
4072
5114
2023
2467
3924
4862
1298
2717
3987
5015
1924
2443
3531
5114
1924
2097
3727
5052
1924
2612
3893
4927
1653
2925
3526
4889
1899
2801
3880
5011
1181
2813
4008
4934
1334
2907
4042
4934
1981
2748
4008
4927
1981
2484
4088
5114
1298
2717
3893
4132
1298
2985
3782
5110
1924
2788
3987
4170
1924
2748
3904
4170
1924
2612
3893
4889
1324
2717
3901
5118
1181
3069
4052
5114
1334
3063
4072
4934
1981
2314
4072
5012
2023
2642
4088
5094
1298
2801
3782
5118
2023
2097
3987
5052
1924
2788
3891
4770
1777
2162
4008
4962
1924
2649
3824
4864
1653
2619
3935
4962
1653
2925
3924
4934
1981
2694
4079
5052
2023
2907
3725
4810
1903
2788
3987
5052
1029
2612
3619
4747
1899
2484
3843
4625
1192
2822
3795
4460
1981
2452
4087
4201
1181
2788
3869
4625
1324
2771
3725
5029
1324
2694
3725
4654
1777
2748
3268
4829
1298
2360
3824
5118
1298
3069
3782
4170
1298
2467
3891
4926
1981
2883
3904
5114
1981
2889
3304
5015
1181
3069
4094
4889
1324
3032
3887
4201
1324
2484
3915
4830
1924
2748
3901
4934
1924
2788
3987
5114
1298
2411
4072
4170
1981
2788
3904
4860
1981
2889
3725
4170
2000
2869
3880
4926
1181
2989
3843
4625
1815
2642
3824
4747
1653
2314
4072
5114
1924
2788
3824
4654
1298
2989
3893
4460
1298
2478
3876
4934
1807
2889
3673
4934
1903
2907
4042
4221
1181
3032
3270
5114
1653
2869
3935
4962
1653
2330
3764
4810
1924
2330
3325
4875
1924
2330
3987
4678
1298
2276
3576
4860
1807
2097
3673
4132
1981
2330
3843
4170
1317
2276
3843
5118
1903
2869
3904
4559
1815
2642
3500
4926
1248
2350
3148
4150
1924
2314
3304
4955
1924
2330
3839
4621
1298
2986
3876
4812
1835
2788
3901
4132
1981
2314
3951
5118
1903
2869
3747
5029
1181
2467
3891
4221
2046
2949
3698
4927
1815
2314
3804
4615
1694
2989
3764
4678
1331
2552
4087
4903
1835
2694
3333
4800
1317
2788
3727
4332
1334
2467
4087
4810
1481
2949
3712
5058
1181
2883
3198
5029
1815
2841
3777
5079
1694
2989
4079
4221
1720
2964
3966
4278
1298
2925
3893
4170
1317
2788
3891
4654
1345
2330
3951
5118
1589
2325
3621
4221
1815
3063
3982
4830
1815
2604
3777
5108
1924
2800
3880
4625
1720
2815
3782
4898
1807
2748
3869
4221
1317
2788
3777
4654
1345
2276
4039
5015
1777
2869
3747
4853
1991
2801
3764
4955
1815
2889
3804
4384
1924
2330
4039
5015
1777
2942
4052
4132
1349
2788
3469
4810
1807
2443
3747
4221
1903
2330
3891
4654
1417
2907
3904
4460
1317
2478
3782
4983
1815
2638
3887
5118
1720
2552
3987
4962
1895
2883
3325
4637
1317
2791
3777
4332
1345
2276
3747
5015
1720
2649
3824
4120
1991
2748
3893
4853
1317
2478
3095
4852
1694
2276
4072
5114
1720
2964
3869
4460
1835
2276
3672
4861
1317
2791
3950
4120
1345
2330
3951
5052
1720
2801
4072
4830
1991
2350
3182
5115
1903
2314
4039
4221
1924
2677
3725
4752
1298
2467
3933
4962
1807
2119
4072
4905
1317
2224
3876
4661
1895
2869
3824
5079
1815
2506
4072
4150
1815
2478
3708
4830
1924
2330
3088
5042
1924
2788
3950
4860
1298
3008
3542
4830
1807
2791
3727
4431
1345
2330
3951
5029
1589
2642
3674
4926
1181
2097
3893
4770
1694
2478
3674
4305
1924
2330
3933
5118
1155
2619
3869
4860
1807
2748
3673
4889
1317
2788
4008
4654
1903
2869
3782
5094
1884
2351
3893
4601
1181
2511
3533
4949
1815
2531
3950
4905
1924
2330
4039
4906
1777
2800
3704
4374
1807
2979
3987
4132
1903
2756
3414
4705
1903
2649
4094
4654
1349
2350
3876
4853
1349
2350
3270
5052
1653
2330
3966
4955
1777
2452
3952
5094
1777
2788
3950
4905
1349
2788
4039
4615
1903
2506
3782
4830
1777
2907
3747
4862
1723
2350
3325
4170
1653
3008
3901
5114
1924
2544
4079
4145
1155
2813
3933
5110
1981
2748
3824
4810
1334
2694
3891
4170
1515
2939
3940
4431
1628
2350
3876
4676
1653
2162
3891
5095
2000
2638
3935
4763
1723
2528
3950
4170
2023
3008
3868
4830
1981
2694
4039
4934
1456
2869
3951
5015
1653
2649
3747
5015
1653
2942
4052
4985
1653
2788
3901
5052
1924
2788
4039
5058
1298
2939
3595
5114
1981
2788
4072
4810
1334
2694
3891
4170
1515
2801
3782
4654
1653
2883
3893
4601
1653
2314
3270
4810
1924
2889
3824
4955
1924
2788
3887
4460
2023
2411
4088
4830
1981
2165
3673
5041
1456
2869
3951
5114
2000
3047
3782
4201
1723
2350
3595
4934
1653
2877
4039
5029
1924
2694
4039
4830
1155
2813
3824
5114
2023
2925
3869
4132
1334
2788
3824
4170
1456
2925
3893
4654
1628
2350
3876
5015
1653
2907
4054
5095
1924
2889
3325
4889
1723
2097
3782
5118
2023
2925
3778
4519
2023
2314
4039
5015
1456
2869
3951
5114
1628
2467
4061
4864
1653
2942
3891
4170
1653
3008
3901
5114
1924
2788
4039
5058
1155
2813
3901
4132
1981
2748
3377
4810
1334
2694
3891
4830
1515
2939
4061
4654
1248
2276
3682
4150
1653
2877
3987
5096
1924
2889
3325
5094
1924
2813
3950
5114
1155
2788
3747
5118
1981
2224
3951
4962
1748
2350
3935
5015
1653
2944
3987
4934
1858
2985
4079
4830
1252
2788
3935
5015
2023
2813
3893
5118
1454
2907
3747
4601
1653
2961
4079
5096
1628
2419
3942
4835
2043
2411
3919
4589
1748
2419
3966
4305
1748
2961
3335
4955
1456
2976
3778
4919
1252
2411
4088
4889
1777
2411
4008
4985
1835
2511
3880
4625
1324
2925
3966
4876
1188
2512
3110
4871
1835
2275
3839
4201
1924
2360
3876
4456
1334
2877
3741
4460
1298
2525
3940
5009
1334
2419
4039
4926
1349
2314
3704
5095
1334
2097
3824
4720
1334
2869
3880
4962
1748
2619
3725
5114
1903
2788
4087
5114
1653
2813
3782
5015
1653
2619
3950
4876
1981
2788
3782
4985
1777
2162
3690
4484
1653
2925
3530
4589
1155
2788
3987
4934
1653
2162
3530
4889
1981
2925
3268
4384
1155
2741
3891
5114
1653
2162
3690
4839
1981
2748
4072
5052
1248
2788
3824
4985
1653
2314
3296
4589
1334
2748
4072
4934
1248
2956
3987
4858
1723
2889
3647
4889
1748
2925
3966
4955
1723
2531
3891
4931
1903
2162
3987
5110
1454
2619
4072
4934
1334
2964
4072
4625
1903
2813
4087
4747
1515
2985
3824
4860
1252
2452
3880
5058
1903
3063
4072
4311
1515
2411
3782
4962
1252
2411
3904
4431
1928
2642
4088
5058
1155
2649
3891
4889
1155
2989
3335
4934
1628
2869
4054
4962
1155
2274
3725
4170
1248
2989
4094
4889
1349
2350
3727
5110
1981
2748
3542
4962
1248
2989
4094
5114
1334
2694
3715
5115
1981
2889
3268
4926
1349
2097
3325
5058
1334
2989
3530
4170
1334
2877
3824
4150
1394
2788
3284
4132
1903
2985
3500
4546
1903
2649
3893
4484
1777
2788
4008
4919
1777
2863
3997
4150
1515
2467
4054
4221
1155
2276
4072
5015
1777
2748
3887
4985
1155
2869
3810
4477
1248
2276
3868
5094
1349
2452
3674
4829
1981
2986
3891
4600
1248
2857
3377
4985
1334
2976
3296
4589
1349
2889
3690
4905
2023
2314
3674
4654
1334
2985
3690
4983
1317
2694
3901
4589
2023
2985
3940
4625
1903
2985
3526
4921
1903
2649
3893
4747
1777
2788
3782
4862
1924
3063
3725
5094
1515
2350
3198
4934
1155
2907
3824
4934
1155
2985
3824
4132
1160
3032
3893
4453
1248
2907
3542
5059
1628
2883
4053
5052
1248
2889
3928
4384
1981
2314
3268
4150
1349
2857
3727
4132
1334
2985
3725
4962
1334
3008
3987
4985
1334
2788
3824
4654
1903
3069
3690
4150
1334
2985
3940
4132
1903
2813
4042
4810
1903
2985
3928
4853
1903
2619
3904
4747
1345
3032
3868
4625
1252
2419
3782
5015
1899
2694
3725
4145
1515
2350
3198
5037
1628
2883
3876
5052
1155
2813
3725
4132
1777
2748
4072
4747
1248
2478
3887
5096
1981
2989
3869
5015
1248
2989
3928
5094
1334
2748
3893
4150
1981
2748
3690
5114
1723
2531
3915
4858
1334
2985
3690
5052
1334
2788
3824
4170
1456
2619
3904
4860
1694
2694
3782
5114
1345
3032
3951
5059
1899
2484
3915
5052
1899
2985
3904
4985
1515
2467
3824
5058
1155
2907
3824
4889
1155
2985
3782
4747
1628
2649
3880
5058
1981
2411
3904
4962
1155
2694
3901
5114
1628
2350
3904
5052
1981
2350
3935
4934
1628
2883
3966
4955
1653
2314
3824
4747
1334
2907
3893
5110
2023
2314
3750
4934
1456
2985
3987
4934
1334
2985
3880
4985
1456
2788
4042
4170
1252
2619
3891
4889
1924
2717
3987
5118
1515
2813
3198
4747
1155
2694
3284
5118
1252
2467
3727
4962
1628
2649
3198
5015
1628
2907
3891
5015
1628
2411
3952
4962
1628
2748
3904
5052
1981
2949
3891
4934
1628
2907
3987
4926
1858
2314
3966
4484
1334
2694
3893
5052
1748
2788
3987
5110
1252
2788
3987
5052
1653
2619
4042
5114
1456
2907
3824
5118
1252
2788
3782
5058
1252
2619
3526
4962
1454
2869
3782
5052
1628
2411
3891
5118
1252
2411
4072
5015
1628
2350
3824
5052
1981
2989
3727
4889
1628
2694
3891
4962
1748
2985
4072
5052
1748
2907
3966
4934
1858
2788
3987
4934
2041
2619
3727
5052
1748
2619
4008
4837
1456
2694
3891
5118
1252
2985
4008
5118
2041
2619
3858
5058
1454
2907
3782
5118
2043
2411
3782
5015
2041
2411
4072
4769
2043
2869
3904
4962
2043
2748
3782
4962
1879
2889
3904
4769
1748
2907
3108
4962
2043
2889
3891
4926
2041
2788
3966
4170
2041
2619
3893
4934
1900
2619
3893
4962
1454
2813
3891
5118
2041
2411
4061
5114
2041
2985
3750
4837
1900
2907
4061
5052
2043
2976
3782
5118
2041
2961
3108
5052
1900
2813
3725
5118
1454
2592
3782
5110
2041
2961
3108
4962
1130
2907
3782
5015
1762
2472
3891
4837
1762
2985
3108
4311
1130
2566
3901
5015
1157
2411
3750
5118
2041
2985
3108
4311
1900
2472
3108
5118
2043
2961
3893
4955
2041
2985
3725
5015
1130
2472
4061
4837
