807
874
639
758
640
516
122
516
122
516
122
516
122
122
516
122
516
196
516
122
516
196
762
949
489
182
561
845
845
845
505
505
505
15
82
260
0
693
420
565
260
260
82
260
465
104
534
103
777
59
49
874
874
543
765
337
24
996
996
171
196
463
171
171
171
171
171
105
171
105
105
171
105
105
105
105
105
762
307
715
489
182
603
565
565
82
260
515
902
391
260
693
420
260
260
391
82
260
82
0
104
534
791
223
425
136
950
923
586
758
820
24
196
43
43
516
122
516
122
516
122
640
516
122
516
122
516
516
762
949
489
182
527
475
1012
94
280
281
24
996
50
1
463
359
196
359
656
105
105
359
359
656
105
656
105
307
307
852
1010
748
874
950
829
758
492
24
640
43
122
516
122
122
122
640
516
122
516
122
516
122
122
516
122
762
762
852
489
182
944
391
944
453
557
845
605
605
515
82
260
537
693
420
82
260
672
82
260
791
465
774
534
791
223
49
874
1012
820
820
820
196
820
820
820
820
820
820
854
820
820
196
820
820
197
820
820
820
292
287
307
29
489
635
561
845
845
505
317
693
420
605
505
537
515
317
82
782
260
465
693
420
605
260
260
87
104
534
777
219
49
874
424
829
829
196
24
196
196
43
122
43
122
122
516
196
194
516
492
516
516
122
196
516
516
762
101
762
949
489
182
872
715
312
703
969
922
350
350
922
215
922
632
922
215
605
605
605
1005
782
260
515
82
515
791
777
219
248
296
794
892
196
653
4
653
854
653
854
51
97
34
97
653
350
350
627
627
627
215
969
462
462
777
219
248
220
794
892
337
301
301
196
196
887
852
1017
117
266
845
350
284
627
284
215
215
465
605
845
462
777
223
629
220
794
892
337
892
57
887
57
887
57
887
57
887
57
887
57
887
57
887
57
887
57
887
57
656
656
852
489
117
944
605
561
410
505
505
505
505
260
260
260
82
537
260
693
420
260
82
260
87
104
534
777
560
425
136
950
923
586
758
820
24
122
43
122
516
122
516
122
122
122
516
122
516
122
516
122
122
762
762
852
635
845
845
958
958
958
958
82
505
505
15
391
420
260
260
260
260
672
693
605
82
260
141
87
104
527
629
220
220
337
892
892
57
301
57
887
57
57
887
818
1324
2171
3966
4615
1324
2171
3966
4733
1324
2171
3966
5079
1780
3034
3682
5058
1780
3034
3198
5065
1780
2717
4008
4926
1780
2717
3325
4829
1780
2199
3325
5118
1780
2484
3742
4830
1924
2822
3526
5079
1331
2612
3270
4983
1331
2612
3270
5110
1331
2661
3198
4305
1331
2661
3304
5058
1331
2484
3727
4460
1331
2741
3891
5110
1298
2360
3753
5037
1298
2967
3526
4983
1298
2735
3727
5114
1298
2521
3500
4860
1298
2677
3839
4829
1298
2677
4045
4601
1298
2804
3727
4145
1404
3069
3704
4862
1404
2879
4088
5114
1404
2717
3904
4934
1404
2717
3904
4934
1404
2801
3782
4853
1981
2455
3904
4861
1981
3063
4088
5012
1981
2109
3698
5012
1981
2869
3868
4170
1188
2642
4008
5052
1188
2642
4008
5052
1181
2907
3723
4899
1181
2274
3997
4132
1181
2300
3111
4926
1181
2531
4079
4654
1653
2350
3987
5058
1653
2694
4072
4962
2041
2592
3268
4170
2043
2788
3108
5114
2023
2694
3891
4769
1900
2788
4061
4927
1900
2907
4061
5118
1900
2325
3893
5118
1762
2869
3108
4962
1762
2350
4061
5118
1762
2350
3824
5015
1432
2350
4061
5118
1432
2350
3108
5118
1432
2350
3108
4837
1432
2350
3108
5114
1432
2961
4009
4837
1432
2961
3858
4837
1432
2961
3858
5118
2043
2985
3904
4769
1762
2592
3987
5052
1762
2592
3893
4769
1762
2961
3858
4837
1432
2566
3108
4837
1432
2961
3858
4837
1432
2566
3893
4837
1432
2566
3893
4837
1432
2961
3858
4837
1432
2566
3893
4837
1432
2592
3858
5052
1762
2472
4061
5052
1858
2411
3750
5058
1432
2472
4061
5114
1900
2649
4054
4962
1762
2566
3951
4962
1762
2592
4079
4962
1900
2649
4054
5052
1723
2478
3904
4810
1849
2661
4042
4852
1279
2399
4032
4412
1924
3034
4079
5114
1160
2512
3280
4747
1675
2484
3893
4283
1515
2097
3966
4733
1334
2452
3526
5041
1345
2274
3997
4810
1298
2612
3526
4962
1345
2360
3876
4720
1515
2869
3526
4460
1298
2275
4088
4170
1899
2735
3526
4170
1653
2925
3950
4615
1404
2699
3268
4983
1899
2612
3868
4889
1924
2350
4008
5058
1981
2877
3997
4889
1155
2612
4054
4927
1924
2699
4072
4132
1188
2581
3284
4810
1248
2699
3893
4927
1924
3034
3891
4950
1334
2612
4061
4927
1981
2699
3595
4873
1298
2581
3647
5079
1334
2452
3526
4654
1334
2642
4079
4720
1298
2612
4008
4837
1899
2699
3880
4601
1515
2350
3737
4889
1298
3063
3924
4934
1899
2694
4008
4926
1653
2925
3526
5110
1981
2813
3997
5058
1155
2612
3901
4889
1924
2694
3904
5012
1981
2877
4008
4615
1248
2484
3893
4983
1924
2699
3904
5118
1515
2284
4042
4747
1723
2907
3727
4926
1252
2788
3997
5114
2000
2429
3727
4830
1653
2813
3727
4955
1160
2677
3869
5029
1858
2452
3935
4837
1252
2694
3268
4889
2043
2990
3966
5118
1762
2162
3891
5118
1900
2813
4072
5114
2043
2694
4061
5015
1762
2452
3108
4926
2041
2961
3901
5052
1762
2350
3108
5114
1762
2566
3108
5118
1762
2566
3891
4837
1432
2472
3108
5114
1762
2350
3824
5015
1762
2592
3750
5052
1432
2472
4061
4311
1432
2566
3858
4962
1900
2889
3891
5015
1762
2472
4061
4934
1762
2566
3893
4769
1762
2566
3893
5118
1432
2566
3858
4837
1432
2566
3108
4837
1432
2566
3725
4837
1432
2566
3108
5052
1432
2961
4009
4837
1432
2961
4009
4837
1086
2472
3858
4769
1432
2411
4009
4769
1432
2985
3891
4837
1858
2735
4054
4934
1858
2429
3901
4830
2041
2735
3824
5058
2041
2990
3952
5118
1454
2813
4042
4919
1456
2411
4079
5118
1689
2960
3439
4507
1780
2728
4004
4370
1780
2182
3682
4747
1780
2717
3839
4747
1780
2199
4028
4891
1696
2126
3325
4684
1331
2612
3270
4346
1331
2612
3270
4346
1331
2979
3924
4950
1331
2661
3198
5096
1331
2661
4054
5096
1331
2604
4008
5099
1331
2741
3891
4170
1298
2967
3526
4533
1298
2521
3935
4733
1298
2521
3935
4720
1298
2250
3951
4621
1298
2677
4045
4601
1298
2677
4045
4601
1298
2804
3727
4145
1404
3069
4030
5012
1404
3069
4030
5012
1404
2717
3904
5029
1404
2717
3904
5029
1404
3063
3386
4929
1981
2455
4088
5058
1981
2455
4088
4346
1981
2109
3698
4175
1188
2642
4008
4955
1188
2642
4008
4175
1188
2642
4008
5052
1188
2949
3270
4927
1181
2274
3997
4927
1181
2274
4088
4460
1181
2274
4088
5029
1181
2531
4088
4615
1181
2531
4088
4615
1181
2429
3727
4830
1181
2360
4042
4955
1324
2875
3111
4931
1324
2944
3928
5056
1324
2694
3952
4170
1924
2694
4072
4926
1279
3069
4039
4589
1345
2800
3422
4175
1298
2612
3966
4853
1345
2186
3950
5114
1181
3034
3495
5094
1723
2309
3782
5012
1345
2985
3526
4810
1653
2925
4042
4589
1298
2699
4088
4903
1899
2649
3933
5012
1653
2990
3526
4934
1981
2573
4042
4927
1155
2612
3880
4830
1924
2699
3893
4919
1981
2649
3868
4931
1248
2484
3715
5052
1924
3007
4079
4170
1160
2741
4042
5118
1723
2907
3727
4955
1515
2097
4008
5114
1334
2612
4054
4601
1981
2147
3891
4170
1298
2612
4072
5052
1723
2619
3526
4170
1515
2147
3891
5058
1298
2612
3987
5058
1899
3007
3987
4484
1653
2925
4008
4460
1981
2964
3924
4170
1899
2612
3542
4875
1653
2097
4008
5052
1981
2813
3997
4889
1155
2612
3893
5110
1924
2694
4008
5058
1515
2869
3727
5114
1248
2801
3891
4170
1252
2162
3704
4931
1334
2612
4072
5118
1981
2350
3585
4829
1696
2525
3966
4654
1780
2297
3847
4853
1780
2642
3235
4822
1780
2581
3778
4860
1924
2411
3868
4891
1331
2612
3270
4346
1331
2612
4054
4962
1331
2343
3904
5110
1331
2177
3673
4460
1331
2484
3952
4934
1331
2741
3891
4962
1298
2511
3952
5012
1298
2511
3495
4601
1298
2735
3727
5114
1298
2521
3935
4720
1298
2788
3727
5095
1298
2677
3868
4132
1298
2677
3868
4132
1298
2709
3495
4862
1298
2709
4042
4967
1404
2694
4008
5029
1404
2694
4008
4853
1404
2717
3904
5029
1981
2455
4088
5052
1981
2455
4088
5052
1981
2109
3698
4720
1981
2869
3868
4170
1188
2642
4008
5114
1188
2642
4008
5052
1188
2801
3270
4962
1181
2907
3727
4889
1181
2274
3997
4460
1181
2274
3952
5015
1181
2274
3526
4170
1181
2531
4088
4615
1181
2889
3526
4934
1181
2889
3526
4955
1324
2889
4042
4755
1324
2889
4042
5058
1324
2889
4042
4720
1324
3069
3924
4931
1324
2990
3935
5059
1653
2942
3782
5079
1252
2097
3880
5012
2041
2097
4009
4311
2023
2985
3952
4132
1900
2788
4072
4837
1454
2907
3750
4654
1879
2907
3782
5058
1748
2801
3782
4962
1157
2350
3750
5118
2041
2350
3108
4769
2041
2889
3893
4962
2041
2694
3782
4769
1432
2350
3750
5114
2041
2889
3824
4837
2041
2694
3893
5052
1762
2985
3108
4837
1432
2985
3858
5015
1432
2566
3858
5052
1432
2566
3108
5052
1432
2566
3108
5052
1762
2985
3893
4837
1762
2350
3987
5118
1762
2813
3893
4837
1432
2472
4061
4769
1432
2566
3108
4837
1432
2566
3108
4962
1432
2566
3858
5052
1432
2566
3893
4837
1432
2961
3858
4837
1432
2985
3891
4837
1432
2566
3108
4837
1432
2985
3750
4837
1432
2566
3858
4837
1232
2162
3987
4934
1456
2985
3901
4962
1454
2649
3901
4934
1454
2788
3782
5012
1454
2889
4042
4926
1628
2990
4008
4837
1093
2604
3258
4681
1160
2880
3500
4622
1404
2642
3236
4770
1345
2147
3715
4145
1334
2511
3924
4871
1331
3007
3105
5059
1981
2399
3747
4374
1899
2297
3727
4654
1334
2717
4039
4891
1298
2990
3704
4185
1334
2926
3313
4601
1248
2088
3868
4810
1924
2644
4008
4853
1404
2717
4054
4967
1345
2949
3987
4601
1248
2350
3997
4955
1924
2746
3982
4460
1981
2649
3868
4926
1899
2350
4008
4983
1653
2619
3495
5110
1298
2735
3904
5110
1334
2612
3893
4201
1155
2350
3727
4983
1252
2985
4088
4484
1981
2455
3419
4615
1334
2728
3704
4460
1248
2735
3647
4967
1298
2989
4072
4615
1981
2649
4039
4460
1899
2801
3935
4962
1653
2619
3495
4132
1298
2741
3782
4460
1334
2612
3869
4132
1155
2949
3727
4919
1252
2985
3495
4601
1981
2964
3891
4931
1653
2813
3924
4201
1653
2604
3715
4615
1252
2097
3495
4201
1981
2649
4054
4460
1653
2411
3839
4977
1924
2564
3951
5118
1298
2452
3727
4170
1456
2484
4054
5015
1454
2350
3901
5029
1900
2788
3904
5118
1748
2694
4061
5058
2041
2350
3893
5015
2041
2961
3108
5114
1900
2325
3750
5118
2041
2350
3891
4769
2041
2788
3268
4769
2023
2748
4008
4858
1762
2350
4061
4889
2041
2411
3901
5052
2043
2788
3824
5052
1762
2325
3750
5118
2041
2350
3824
5012
2041
2694
4009
4311
1762
2788
3858
4837
1130
2350
4042
4962
2041
2694
3893
5052
2041
2694
3725
5114
1762
2788
3893
4837
1762
2325
3893
4311
1762
2350
3108
5052
1762
2985
3891
4311
1762
2907
4061
5114
2041
2452
3880
5015
2041
2748
3893
5052
1432
2472
3108
5114
1762
2566
4061
5118
1762
2592
4061
5052
1432
2472
3108
4962
1762
2788
3108
4837
1762
2592
4061
4769
1762
2350
3782
4769
1628
2452
3725
5015
1454
2748
4054
4460
2043
2944
3987
4934
1858
2944
3891
4926
1858
2097
4042
4926
1928
2097
4008
4305
1404
2642
3363
4321
1404
2964
3868
5059
1404
2642
3500
5059
1981
2455
4088
5009
1188
2717
3690
4905
1188
2642
4008
4830
1188
2642
4008
4830
1188
2642
4008
5052
1188
2949
3259
4747
1181
2907
3727
4460
1181
2274
3952
4861
1181
2938
3950
4546
1181
2887
3952
4763
1181
2887
3952
5094
1181
2887
3997
5052
1181
2888
4005
4955
1324
2889
4042
4830
1324
2889
4042
4830
1324
2889
4042
4170
1324
3069
4054
4931
1324
3069
4054
4460
1324
3069
3952
4889
1324
3069
3704
4889
1924
2147
3715
4853
1924
2350
3526
4889
1924
2535
3868
4170
1924
2535
3868
4170
1924
2411
3839
4962
1924
2411
3904
4830
1924
2097
4079
4862
1924
2097
3652
4389
1924
2097
3891
5012
1331
2879
4054
4927
1331
2879
3952
4927
1298
2360
3868
4170
1298
2097
3952
5110
1298
2097
4008
4170
1298
2735
3987
5110
1298
2735
3891
5114
1298
2788
3901
4955
1298
2788
4079
4926
1298
2907
4079
5114
1298
2907
4042
4830
1298
2907
4042
4654
1298
2907
3952
5118
1981
2694
3951
4955
1981
2694
3893
4484
1748
2694
3893
5058
1371
2869
4072
4622
1054
2887
3951
5059
1371
2452
3904
4484
1858
2791
3526
5114
1858
2411
3935
5114
2043
2936
4079
4934
2043
2936
3891
4170
1879
2942
3876
5114
1858
2644
3747
5015
1879
2789
3747
5015
1879
2119
3891
5118
1879
2564
3935
4810
1879
2944
3108
4769
1130
2961
3690
4589
1858
2961
3952
4837
1879
2990
3901
4955
1762
2566
3690
4654
1858
2961
3952
4830
1879
2452
3901
5058
1900
2813
4061
4460
1858
2889
3987
4926
1858
2889
3987
5110
1762
2350
3108
5114
2043
2748
3893
4837
1762
2961
3782
5052
1762
2411
3987
5118
1762
2889
3891
4837
1432
2566
3108
4837
1762
2592
3891
4769
1432
2566
3858
4837
1432
2566
3891
4837
1432
2566
3858
4837
1432
2566
3108
4837
1432
2472
3782
4934
2043
2961
4072
4837
1252
2649
4079
4889
1345
2694
3987
5041
1689
2117
3088
5041
1029
2699
4055
4905
1743
2620
3795
4967
1167
2801
4004
4615
1711
2642
3592
5058
1977
2956
3887
4717
1404
2699
3235
5079
1104
2746
3715
4589
1594
2531
3966
5058
1696
2126
3313
4926
1899
2619
3526
4810
1694
2186
3704
4830
1104
2949
3094
4853
1181
2626
3182
4296
1188
2717
3868
4889
1404
2171
3360
4983
1404
2699
3787
4561
1248
2967
4088
4853
1331
2209
3698
5110
1252
2097
3935
5079
1252
2097
3893
5089
1895
2097
3166
4747
1371
2788
4039
4589
1371
2936
3704
5094
1232
2788
3950
4906
2023
2818
3111
4962
1995
2097
3925
5011
1928
2097
3585
4893
1995
2989
4084
4747
1394
2119
4008
4397
1928
2762
3764
4119
1928
2791
3530
4384
1394
2889
3924
4856
1371
3008
4056
4835
1454
2818
3935
4384
1858
2694
4054
5094
1454
2649
3868
5052
2041
2813
3987
4769
2043
2925
4008
4145
1456
2119
3933
5029
1248
3008
3942
5052
1638
2991
3401
4971
1581
2661
3201
4625
1899
2619
3526
4278
1104
2949
3644
4755
1051
2717
3847
4497
1279
2097
3325
4546
1780
3034
3951
4889
1104
2949
3632
4460
1188
2082
3464
4931
1279
2746
4052
4810
1780
2581
3542
4364
1694
2186
3704
4132
1188
2925
3270
4862
1675
2484
3638
4934
1780
2581
3891
5075
1694
2699
3526
5015
1188
2228
3934
4852
1981
3012
3782
4170
2043
2510
3388
4962
1748
2119
3893
4384
2043
2907
3951
5015
2041
2791
4072
4955
1454
2889
3935
5058
2023
2564
3893
4926
1454
2791
3824
5114
1371
2552
3933
5094
1879
2907
3764
4384
1454
3008
4054
5094
2043
3009
3950
5094
1130
2411
3966
4810
1879
2889
3951
5015
1762
2566
3747
4962
1858
2748
3935
4132
1252
2649
3935
4384
1762
2985
3950
4132
2043
2097
4079
5118
1859
2788
3108
4962
1762
2788
3904
4837
1456
2694
3951
4654
1371
2649
4039
4927
1594
2554
3176
4625
1029
2691
3997
4239
1188
2228
4084
4114
1279
2573
4084
4432
1780
2627
3464
5056
1188
2630
3535
5041
1404
2343
4052
4184
1780
2811
4072
4810
2015
2949
3296
4875
2017
2262
3870
5059
1780
2399
3690
4255
1694
2186
3704
4184
1188
2466
3585
4197
1331
2630
3270
4150
1694
2691
4005
5042
1188
2925
3933
4184
1279
2484
3782
4710
1694
2346
3582
5079
1188
2897
3904
4861
1675
2484
3300
5037
1780
2649
3940
4889
1181
2314
3388
4770
1404
2728
4005
4905
1780
2082
3623
4684
1694
2186
3704
4184
1188
2082
3870
4170
1331
2612
3690
4478
1694
2699
3526
4625
1188
2466
3340
5015
1279
2746
3868
4184
1694
2126
3531
4889
1188
2897
3452
4145
1835
2699
4088
5029
1780
3034
3447
5096
1181
2314
4007
4747
1404
2699
3360
5037
1780
2484
3839
4460
1694
2887
3952
5099
1188
2465
3704
4810
1155
2097
3839
4919
1694
2452
3526
4829
1188
2649
4042
4654
1155
2097
3904
4931
1924
2813
3880
4589
1748
2350
4042
4926
2023
2907
3893
4170
2041
2411
3108
5114
1252
2889
3198
4747
1723
2869
3824
5114
2041
2694
3901
4460
1762
2889
3782
4837
1762
2907
3782
4769
1762
2985
3893
5118
1762
2907
3858
5052
1859
2985
3750
4858
1762
2889
3893
4962
1762
2411
3108
4934
1859
2985
3750
4769
1432
2472
3108
4769
1432
2566
3108
4837
1432
2889
3858
5015
1432
2411
3750
4934
1432
2985
3858
4837
1432
2566
3858
4837
1432
2566
3108
4837
1432
2566
4009
4769
1432
2566
3108
4837
1900
2592
3893
4769
1762
2788
3893
4837
1432
2566
4061
4311
1762
2566
3893
4934
1432
2472
3858
4962
1432
2472
3858
4934
1432
2566
4009
4962
1432
2472
3108
4934
1432
2566
3108
4962
1334
2883
3952
4589
1900
2735
3952
4934
1858
2735
3987
5118
1900
2735
3987
5015
1456
2990
3901
4810
1456
2942
3904
5052
2015
2153
4052
4615
1280
2360
4045
5029
1641
2620
3739
4739
1324
2186
4042
4830
1324
2619
3846
5094
1324
2619
4054
4615
1324
2619
3110
4305
1324
2933
3638
4615
1324
2689
4042
5110
1780
3034
3198
5118
1780
2717
3901
4926
1780
2717
3325
5059
1780
2717
3325
4962
1780
2484
3742
5052
1924
2822
3526
5079
1331
2949
3868
4586
1331
2612
4054
4983
1331
2612
4054
5110
1331
3023
3904
4927
1331
3023
3296
4755
1331
2741
3891
4460
1298
2097
3727
4170
1298
2097
3727
4170
1298
2735
3727
5114
1298
2735
3987
5114
1298
2735
3987
5114
1298
2788
3839
4615
1298
2788
4042
4931
1298
2804
3727
4145
1404
2879
4088
5114
1404
2879
4088
5058
1404
2694
4008
5058
1404
2801
3782
5058
1981
2455
4088
5052
1981
2455
4088
4272
1981
2109
3698
5012
1981
2869
3868
4170
1188
2642
4008
4955
1188
2801
3782
4829
1188
2801
4072
4829
1181
2225
3891
4747
1181
2694
3901
5110
1653
2649
3893
5118
1454
2350
3880
4962
2041
2649
3893
4934
1762
2649
3750
5015
1454
2788
3893
5118
1454
2907
3987
5118
1900
2907
4061
5118
1900
2907
4061
5052
1900
2325
3893
5118
1762
2869
3904
4837
1762
2350
3891
5118
1762
2350
3108
5118
1432
2350
3750
4837
1432
2350
3858
4837
1432
2350
3858
4837
1762
2592
3893
5052
1432
2566
3858
4837
1432
2566
3858
4837
1432
2566
3893
5114
1432
2961
3858
4837
1432
2961
4009
4769
1432
2961
3858
4837
1432
2566
3108
4837
1432
2961
4009
4769
1432
2566
3750
4837
1432
2566
3891
4837
1900
2907
3904
4170
1762
2411
4061
5114
1432
2472
3893
4837
1432
2472
4061
4311
1432
2566
3108
4837
1762
2592
3750
4934
1432
2566
3858
4837
1432
2472
3893
5052
1515
2985
3782
4810
1628
2452
3987
5052
1456
2985
3935
4384
1029
2869
3340
4484
1051
2717
3542
5042
1155
2097
3904
4830
1694
2691
3940
4829
1188
2274
3698
4919
1279
2746
3542
4546
1780
3034
3843
5058
1188
2531
3893
4919
1835
2699
4088
4853
1780
2649
3690
5110
1181
2314
3526
4589
1404
2445
3997
4604
1331
2581
3576
4554
1694
2350
4063
4215
1188
2907
3997
4862
1155
2097
3904
4861
1694
2691
4005
5012
1188
2649
4042
4830
1155
2967
3747
4861
1780
2694
3901
4460
1188
2897
3478
4132
1899
2705
3360
5079
