976
859
859
859
859
859
859
859
859
859
859
859
859
859
859
859
859
859
859
859
859
859
859
859
859
859
859
859
859
859
859
859
859
859
859
859
859
859
859
859
859
859
859
859
859
859
859
859
859
859
8
8
633
313
69
800
551
765
834
765
834
187
622
463
622
622
622
622
622
622
622
622
272
197
272
691
822
822
691
822
602
822
293
552
602
602
602
602
602
602
602
602
602
602
602
602
602
602
602
602
602
602
602
602
602
979
602
979
552
79
552
789
847
206
560
633
6
821
800
551
765
834
187
622
187
622
187
622
187
622
622
622
622
492
622
622
622
622
622
622
622
622
622
622
622
622
622
602
602
602
602
602
602
602
602
979
602
602
602
602
602
602
602
602
602
602
762
397
129
129
312
182
974
455
323
88
872
560
59
356
821
800
551
765
834
24
834
463
622
463
622
966
622
966
622
966
622
966
622
492
602
395
602
602
602
602
602
602
602
553
602
602
602
602
602
602
602
602
602
602
602
602
602
79
602
602
602
283
602
602
602
602
602
602
602
789
397
847
129
129
894
369
59
313
69
821
551
765
765
834
24
834
463
1
1
173
1
173
966
395
173
395
395
395
602
395
602
395
602
602
602
602
602
79
602
602
602
602
602
602
602
602
602
602
602
602
602
602
602
602
602
602
602
602
602
602
602
602
602
602
602
602
602
789
847
847
633
356
475
186
186
186
996
996
996
265
265
265
265
265
105
498
277
277
277
277
277
277
277
277
277
277
277
277
277
277
293
277
277
283
902
277
277
277
277
277
277
277
277
277
277
277
277
277
277
277
277
277
277
277
277
277
277
277
277
277
397
391
789
847
872
223
633
6
161
1008
551
185
459
187
459
187
459
187
459
187
459
187
459
212
622
187
212
187
212
212
212
212
212
212
212
212
212
212
212
212
212
212
212
212
212
212
212
212
212
212
212
212
212
212
212
212
212
212
212
212
212
212
212
212
810
164
164
212
762
847
88
206
59
313
161
1008
551
185
185
588
867
187
867
187
867
187
622
187
622
187
622
187
622
622
622
584
212
212
212
212
212
822
212
822
212
822
212
822
822
822
822
822
822
822
822
822
822
822
822
822
822
822
822
822
822
822
822
822
79
822
822
822
822
342
1086
2961
3858
4769
1086
2472
3858
4769
1086
2472
3858
4769
1086
2472
3858
4837
1432
2592
3750
4837
1432
2592
3750
4837
1086
2472
3858
4769
1432
2961
4009
4837
1086
2472
3858
4769
1432
2961
4009
4837
1086
2472
3858
4769
1086
2472
3858
4769
1086
2472
3858
4769
1086
2472
3858
4769
1086
2472
3858
4769
1086
2472
3858
4769
1086
2472
3858
4769
1086
2472
3858
4769
1086
2472
3858
4769
1086
2472
3858
4769
1086
2472
3858
4769
1086
2472
3858
4769
1086
2472
3858
4769
1086
2472
3858
4769
1086
2472
3858
4769
1086
2472
3858
4769
1086
2472
3858
4769
1086
2472
3858
4769
1086
2472
3858
4769
1086
2472
3858
4769
1086
2472
3858
4769
1086
2472
3858
4769
1086
2472
3858
4769
1086
2472
3858
4769
1086
2472
3858
4769
1086
2472
3858
4769
1086
2472
3858
4769
1086
2472
3858
4769
1086
2472
3858
4769
1086
2472
3858
4769
1086
2472
3858
4769
1086
2472
3858
4769
1086
2472
3858
4769
1086
2472
3858
4769
1086
2472
3858
4769
1086
2472
3858
4769
1086
2472
3108
4769
1086
2472
3108
4769
1086
2472
3108
4769
1086
2472
3108
4769
1086
2472
3108
4769
1086
2472
3108
4769
1086
2472
3108
4769
1086
2472
3108
4769
1086
2472
3108
4769
1086
2472
3108
4769
1086
2472
3108
4769
1086
2472
3108
4769
1086
2472
3108
4769
1086
2472
3108
4769
1086
2566
3858
4311
1086
2566
3858
4311
1086
2566
3858
4311
1086
2566
3858
4311
1086
2566
3858
4311
1086
2566
3858
4311
1086
2566
3858
4311
1086
2566
3858
4311
1086
2566
3858
4311
1086
2566
3858
4311
1086
2566
3858
4311
1086
2566
3858
4311
1086
2566
3858
4311
1086
2566
3858
4311
1086
2566
3858
4311
1086
2566
3858
4311
1086
2566
3858
4311
1086
2566
3858
4311
1349
2813
3653
4955
1892
2347
3284
4615
1924
2277
3942
4221
1181
2925
3880
4615
1188
2443
3304
4905
1835
2746
3804
5008
1331
2717
3987
4929
1924
2949
3880
4770
1181
2813
4042
4931
1981
2883
3727
5118
1155
2788
3782
4484
1924
2985
3526
5058
1181
2649
3110
4862
1188
2699
3904
5118
1155
2956
3704
4919
1924
2097
3997
5058
1324
2771
3261
5012
1188
3069
3401
4175
1981
2883
4007
5114
1924
2573
3891
5118
1924
2350
3526
4934
1181
2771
3997
4830
1981
2907
3727
4860
1155
2788
3839
5110
1924
2985
3924
4955
1181
3069
4072
4889
1188
2699
3904
5118
1298
2642
3904
4927
1924
2097
3997
5058
1324
3069
4030
4926
1188
3069
3893
4170
1981
2788
3868
4934
1155
2964
3966
4926
1924
2350
3526
5114
1181
2771
3997
4962
1981
2907
3987
5012
1155
2788
4008
4931
1924
2097
3526
5058
1181
3069
4072
5114
1981
2869
3987
5012
1298
2642
3904
4927
1924
2097
3997
5058
1324
3069
4030
4926
1188
3069
3893
4747
1981
2788
3727
4853
1155
2964
3901
5079
1924
2985
3904
4615
1181
2649
3495
5110
1981
2907
3987
5015
1155
2788
4008
4931
1924
2097
4008
4720
1653
2147
3868
5114
1981
2869
3987
5012
1981
2829
3673
4862
1924
2097
3997
5058
1924
2147
3904
4962
1181
2677
3387
4615
1981
2788
3727
4853
1155
2746
3782
5079
1924
2985
3904
5012
1181
2649
4008
5114
1981
2907
3987
5015
1155
2956
3704
5052
1924
2097
4008
4720
1653
2925
3526
4615
1981
2869
3987
5052
1981
2484
3966
4919
1924
2788
3704
4170
1924
2949
4042
4950
1181
2956
3698
5052
1981
2788
3727
5058
1155
2746
3782
4931
1924
2985
3904
5012
1181
3069
3270
4926
1981
2907
3987
5015
1298
2642
3486
4955
1924
2097
4008
4170
1653
2925
3526
4615
1981
2869
3987
5052
1981
2484
3966
4919
1924
2829
3673
4170
1924
2949
4042
4950
1181
2813
3495
5110
1981
2907
3904
5114
1155
2746
3901
4170
1924
2985
3904
5012
1181
3069
3901
4889
1981
2907
3987
4934
1298
2642
3486
4955
1924
2097
4008
4170
1653
2925
3526
5118
1981
2869
3987
5052
1981
2746
3893
4962
1924
2484
3782
5114
1653
2985
3782
5114
1771
2147
3088
4848
1291
2964
3373
4120
1248
2883
3467
4456
1924
2467
3704
5037
1924
2619
3952
5009
1181
2531
3237
5058
1188
2649
3929
4676
1981
2057
3839
4460
1298
2883
3727
5029
1924
2411
4030
5015
1924
2619
3901
4829
1324
2889
3201
5052
1181
2627
4079
4654
1188
2964
3270
4934
1298
2907
3715
4934
1155
2097
4039
5052
1924
2619
3782
4829
1324
2889
4008
4255
1181
2649
3727
5118
1188
2813
4008
5058
1298
2907
3727
5029
1155
2097
4039
5114
1924
2985
3839
4484
1324
3069
3891
5114
1181
2649
4008
4934
1188
2717
3987
4934
1981
2601
3966
4962
1155
2097
4042
5114
1924
2717
3839
5114
1924
2186
4072
4484
1181
2531
4079
5012
1188
2717
3987
4460
1981
2601
3966
5058
1155
2788
3966
5012
1924
2717
3839
5114
1924
2186
3782
5114
1181
2612
3901
5052
1188
2717
3901
4934
1981
2601
3966
5058
1298
2748
3868
5110
1924
2411
3782
5012
1924
2889
3526
4170
1181
2612
3966
5110
1188
2717
3893
4615
1981
2788
3987
5012
1298
2748
3715
4905
1924
2411
3704
5118
1924
2985
3997
5052
1181
3069
3904
4962
1181
2956
3698
4889
1981
2813
4042
5015
1298
2748
3727
4977
1155
2528
3526
4170
1924
2985
3997
5052
1324
2694
4042
4934
1181
2649
4042
5110
1981
2813
4042
5015
1298
2484
3727
4601
1155
2528
4008
4770
1924
2985
3997
4853
1324
3069
3891
4934
1181
2649
4008
4934
1981
2869
3987
5012
1298
2907
3727
5110
1155
2097
4008
5114
1924
2985
3782
5012
1324
3069
3891
4934
1181
2649
4008
4934
1981
2869
3997
5058
1981
2097
3753
4934
1155
2746
4088
5115
1924
2985
3782
5012
1924
2186
4072
4484
1181
2649
4008
4934
1188
2717
3987
4934
1981
2788
3987
5012
1155
2788
3966
5012
1924
2717
3987
5015
1924
2350
3987
4615
1181
2531
4079
4889
1188
2694
3901
4484
1981
2788
4088
4305
1298
2411
3674
4962
1924
2411
3704
4132
1924
3069
3893
4889
1653
2619
3727
5052
1181
2694
3727
5118
1981
2869
4008
5114
1981
2788
3893
5118
1298
2907
4008
4837
1298
2989
4008
5015
1924
2484
3782
5114
1252
2097
4009
5052
1924
2694
3782
5110
1653
2097
4008
5052
1993
2588
3903
4955
1694
3009
4087
4934
1334
2986
3437
5029
1334
2986
4072
4829
1181
2360
4087
5114
1181
2478
3715
4384
1181
2979
4054
4950
1181
2411
3824
5058
1181
2411
4030
4747
1181
2455
4039
4862
1981
2297
3495
4132
1981
2619
3901
4977
1981
2813
3901
5118
1981
2813
3987
4384
1981
2788
3987
4132
1981
2788
3987
4962
1298
2841
3777
4950
1298
2612
3795
4945
1298
2612
3674
4654
1155
2746
3880
4926
1155
2746
3880
4926
1155
2985
3901
5114
1924
2411
3901
5114
1924
2813
3782
4654
1924
2813
3782
4132
1924
3069
3887
4132
1924
3069
3674
5015
1924
2889
4008
5029
1653
2314
3526
4926
1653
2314
3526
4926
1653
3047
3987
5114
1653
2350
3727
5015
1181
2694
4072
4962
1181
2694
3198
4747
1181
2717
3340
5114
1181
2717
3201
4926
1981
2147
3782
5058
1981
2771
3782
4533
1981
2813
4042
4926
1981
2813
3987
4132
1981
2788
3987
5110
1981
2788
3987
5110
1981
2746
3904
4170
1298
2801
3904
4654
1298
2612
3893
5110
1298
2612
3901
4962
1155
2746
3839
4460
1155
2746
3880
4926
1924
2484
3782
5114
1924
2717
3891
5114
1924
2813
4008
5114
1924
2694
3782
4720
1924
3069
3891
5058
1924
3069
3893
4934
1653
2985
3966
5012
1653
2748
3526
4926
1653
2748
3526
4926
1653
3047
4079
5114
1653
2350
3727
4889
1653
2869
3868
5110
1181
2879
3782
4919
1181
2879
3782
4919
2000
2869
4008
5012
1981
2147
3824
4860
1981
3069
3893
4931
1981
2889
4008
5118
1981
2889
3987
5110
1981
2788
3987
5110
1981
2746
3893
5015
2023
2907
3924
5114
2023
2883
4042
4962
2023
2097
3868
4934
1298
2209
4008
4858
1298
2717
4072
4962
1252
2097
3997
4889
1252
2097
3997
5114
1924
2746
3893
4170
1924
2694
3782
5114
1924
2694
3987
5012
1924
2694
3987
5110
1924
2694
3904
4615
1653
2985
3727
4926
1653
2748
3526
4926
1653
2350
4072
5012
1653
2350
4072
5012
1653
2869
4008
4962
1653
2869
4008
4889
1653
2869
4042
5058
1748
2869
3782
5012
1981
2801
3782
5052
1981
2694
3893
4720
2023
2869
4008
5058
2023
2869
4054
4876
1748
2907
3782
4876
1748
2907
3782
4889
1748
2907
3782
5118
2035
2945
3660
4858
2015
3007
3736
4889
1899
2619
3903
4907
1899
3032
3924
4477
1155
2800
3887
4460
1981
2883
3883
4829
1981
2478
3257
4955
1334
2531
4039
5058
1334
2964
3880
4962
1899
2699
3880
4625
1899
2209
3673
4170
1155
2649
4072
4132
1248
2694
3950
4810
1723
2314
3933
5094
1334
2813
3274
4589
1515
2619
4008
5114
1899
2612
3824
4132
1155
2694
3924
5094
1155
2741
3674
4889
1981
2478
3950
4926
1334
2694
3428
4926
1334
2552
3782
4145
1456
2619
3924
4955
1899
3023
3893
4955
1628
2649
3868
5079
1248
2694
4039
4955
1723
2889
3325
4962
1334
2162
4008
4132
1456
2619
3868
4678
1252
2990
3868
5114
1155
2552
4008
4132
1628
2162
3891
5012
1981
2694
3674
4615
1748
2889
4088
4862
1334
2544
3464
4962
1456
2452
3526
5058
1252
2813
3270
5015
1628
2467
3727
4460
1628
2748
3839
4132
1628
2314
4008
4906
1723
3069
3764
5114
1456
2619
4039
4962
1515
2964
4072
5052
1628
2863
3839
4132
1628
2452
3891
5012
1748
2883
3997
4934
1748
2907
3901
4384
1748
2619
4072
4862
1252
2990
3535
5118
1252
2452
3887
4889
1252
2162
3868
4864
1628
2649
3952
5052
1628
2887
3901
4810
1748
2452
3526
5114
1456
2452
3966
5012
1456
2649
3782
5114
1252
2925
4042
4860
1628
2411
4042
4132
2023
2162
3727
5058
1748
2813
3727
4170
1748
2649
3880
5114
1454
2619
3904
4460
1252
2452
3893
4484
1252
2642
3987
4962
1628
2649
4054
4170
1628
2531
3893
4955
1748
2452
3904
5114
1456
2452
3966
5058
1456
2985
3704
4889
1252
2649
3891
5012
1628
2411
4042
5110
1628
2452
3891
4934
1748
2162
3987
4955
1748
2649
3987
4132
1454
2619
4072
4460
1157
2990
3268
4460
1252
3063
3764
4654
1628
2162
4008
4889
1454
2748
3952
4926
1454
2612
3987
4934
1858
2619
3904
5114
1456
2097
4008
4460
1252
2649
3891
5012
1628
2649
4079
5012
1628
2907
4008
5114
1748
2452
3891
4170
1748
2813
3901
5015
1454
2619
4072
4460
1252
2694
4042
4983
1252
2452
3893
4962
1858
2350
4054
4889
1454
2748
3901
5052
1454
2531
4088
5058
1858
2990
3987
5052
1456
2619
3891
5058
1298
2642
3824
4962
2006
2429
3919
4848
1188
2777
4030
4328
1780
2964
3868
4201
2015
2879
3880
4175
1981
2057
3869
4926
1924
2619
3526
5096
1188
2741
3690
5052
1155
2097
3987
5012
1694
2949
3727
5059
1835
2274
3997
4747
1924
2411
3868
5114
1181
2889
4042
5059
1155
2883
4042
4962
1924
2147
3704
5118
1188
2694
3747
4905
1924
2411
3704
5015
1334
2619
3893
4615
1981
2883
3704
4955
1924
2985
3526
5118
1188
2741
4008
5052
1155
2097
3747
5012
1653
2619
3526
4934
1981
2883
3727
5012
1924
2411
3782
5012
1334
2869
4072
5012
1155
2788
3891
5012
1694
3069
3868
5110
1981
2907
4088
4615
1924
2411
3704
4955
1334
2889
4042
4983
1835
2879
4088
5012
1924
3069
3868
5052
1188
2741
4072
4484
1155
2097
4008
4889
1334
2535
3893
4786
1981
2883
4008
5012
1924
2985
3782
5012
1334
2869
4072
5012
1155
2788
3782
5012
1694
2879
3526
4950
1981
2907
3727
4955
1924
2411
3952
5012
1334
2869
4008
5114
1155
2907
3891
5114
1924
2147
3904
5114
1981
2907
3727
5052
1155
2964
3526
4926
1334
2147
3952
4860
1981
2883
3704
5052
1924
2985
4008
5015
1981
2869
3966
5012
1155
2097
4008
4170
1334
2985
3464
4962
1981
2883
3727
5118
1924
2985
3782
5012
1334
2907
3893
5118
1155
2788
3891
5012
1924
2147
3891
5052
1981
2907
3750
5012
1924
2411
4008
4860
1334
2350
4042
4889
1155
2907
3891
5114
1924
3069
4061
4889
1981
2869
3727
5052
1155
2097
4008
5052
1334
3069
3868
4625
1981
2883
4008
5012
1924
2985
4008
5015
1981
2889
3880
5012
1155
2788
4008
4860
1694
2879
3526
4950
1981
2907
3891
5012
1924
2411
4008
5114
1334
2869
4072
5012
1155
2788
3727
4170
1924
3069
3893
5118
1981
2907
3750
4615
1924
2411
3891
5012
1334
2649
3880
5058
1981
2883
4008
4962
1924
3069
3868
4625
1981
2889
3893
4615
1155
2964
4072
4926
1334
2949
3782
4919
1981
2484
4088
5052
1924
2985
4008
4889
1334
2869
4008
4927
1155
2788
4008
4170
1653
2619
3526
5114
1981
2907
3750
5012
1924
2411
4008
4837
1334
2649
3893
5118
1981
2097
3891
5110
1924
3069
3893
5015
1981
2889
3750
4934
1155
2985
3987
5110
1334
2949
3782
5118
2023
2907
3893
4934
2046
2264
3284
4860
2006
2407
3742
4899
1884
2667
3762
5079
1317
2887
3198
4374
1188
2453
3202
4830
1404
3032
3887
4964
1155
2314
3966
4624
1899
2097
3235
4905
1924
2162
3880
4593
1181
2887
3261
4858
1188
3007
3747
4624
1981
2598
4005
5094
1298
2343
3982
4955
1899
2097
3652
4747
1924
2933
3869
5015
1181
2612
3111
4132
1181
3065
3325
4926
1981
2990
3887
4931
1298
2748
3582
4763
1155
2219
3747
5114
1924
2933
3891
5015
1653
2887
4088
4830
1181
3007
3747
4747
1981
2791
3887
4931
1298
2748
3795
4654
1155
2990
3747
4484
1924
2735
4039
5079
1653
2564
3526
4770
1181
3007
4042
4810
1981
2791
4042
5058
1981
2097
3727
4926
1155
2788
3464
4810
1924
2735
4039
4170
1924
2801
3787
5114
1181
3007
3951
4862
1981
2791
4042
5058
1981
2735
3704
4934
1155
2788
3951
4484
1924
2735
4039
5012
1924
2350
3672
5058
1181
2531
3236
4810
1981
2869
3924
4654
1981
2735
3704
4934
1155
2788
3951
5110
1924
2735
3704
4654
1924
2564
4008
5052
1653
2627
3526
5018
1981
2869
3924
5052
1981
2735
3747
4955
1155
2956
3951
5114
1924
2788
3935
5012
1924
2564
3526
4934
1653
2649
4088
4861
1181
2956
4054
4321
1981
2735
3747
4955
2023
2791
3868
4546
1924
2746
3839
4170
1924
2564
3952
5052
1653
2649
3526
4755
1181
2813
4008
4654
1981
2990
3727
4810
1981
2343
3951
5114
1298
2126
3595
4931
1924
2944
4054
5012
1653
2990
3526
4889
1181
3023
3987
4654
1981
2990
3727
4810
1981
2343
3951
5114
1298
2949
3782
4955
1924
2944
4008
5114
1653
2535
3924
4955
1181
3023
3987
4955
1981
2990
4042
4810
1981
2343
4042
5114
1298
2694
4079
4983
1924
2944
3704
4934
1653
2535
3924
4955
1181
3007
3747
5052
1981
2990
3893
4615
1981
2162
4039
4853
1298
2644
4008
4962
1924
2788
3952
5110
1924
2644
3526
4654
1653
2869
3997
4852
1981
2990
3893
4615
1981
2162
4039
4853
1298
2644
4008
4927
1924
2788
3952
5110
1924
2612
3901
4654
1653
2619
3259
4747
1334
2869
4008
5058
1981
2936
3901
5012
1298
2644
3893
5012
1924
2788
3952
5012
1924
2612
3901
4654
1653
2619
3952
5012
1334
2801
4079
5015
1981
2907
4008
4931
1298
2801
3891
4962
1924
2484
3782
5114
1993
2830
3237
4860
2046
2714
3737
4374
1607
2680
4089
4440
1324
2309
3284
4654
1181
2453
3313
5015
1981
2294
3237
4612
1298
2351
3682
4955
1924
2452
3812
4830
1181
2985
3672
4374
1981
2735
3987
4876
1981
2219
3891
4876
1924
3065
3904
4876
1924
3047
4042
4810
1334
2869
3887
4132
1981
2564
3868
4132
1298
2859
4093
4903
1924
2612
3935
4926
1334
2590
3464
4926
1981
2936
3952
4934
1298
2868
3270
4977
1924
2612
3111
4175
1653
2722
4088
4460
1981
2735
3904
4615
1981
2411
3839
4830
1924
2452
3704
4460
1924
3047
4042
5059
1334
2869
3887
4962
1981
2564
3868
4810
1723
2097
3901
5012
1924
2649
3526
4955
1334
2350
4079
4484
1981
2791
3727
4460
1298
2868
3893
4132
1924
2612
3935
4830
1653
2794
3727
4132
1981
2936
3952
4615
1981
2411
3839
4654
1924
2484
3924
4830
1924
2649
3682
5011
1334
2350
4008
4955
1981
2564
3839
4889
1723
2097
3747
5012
1924
2649
3526
4955
1334
2350
3887
4830
1981
2564
3951
4927
1298
2868
3893
4460
1924
2612
3935
4889
1653
2619
3270
4615
1981
2889
3952
5041
1981
2813
3704
4955
1924
2484
3904
4654
1924
2147
3952
4654
1334
2350
3414
5052
1981
2907
4079
4889
1723
2097
3747
5012
1924
2649
4008
4763
1334
2350
4079
4955
1981
2564
4042
4927
1298
2859
3893
4170
1924
2649
3742
5012
1653
2619
3924
4132
1981
2897
3727
4170
1981
2964
4005
4955
1924
2484
4079
4733
1924
2147
4054
4460
1334
2801
3868
4926
1981
2813
4079
5012
1155
2746
3737
4830
1924
2649
3952
4654
1334
2949
3839
5058
1981
2564
4042
4889
1723
2788
3704
4927
1924
2649
3839
5110
1653
2619
4079
5012
1981
2897
3727
4810
1981
2964
4005
4763
1924
2484
3839
4132
1924
2147
4054
5110
1334
2274
3952
4983
1981
2813
3891
4955
1155
2746
3787
5118
1924
3007
3782
4654
1334
2949
3950
4955
1981
2564
4042
4889
1723
2788
3704
4927
1924
2649
4008
4955
1653
2619
3727
5058
1981
2897
3891
4810
1981
2097
3743
4962
1924
2484
3839
5052
1653
2619
3924
5110
1181
2531
3753
4460
1155
3069
3893
4786
