842
633
558
186
186
978
978
978
978
978
978
978
184
715
558
561
978
978
978
978
978
978
533
533
533
533
533
533
380
533
162
251
251
377
875
380
380
251
251
380
875
251
380
380
377
875
251
251
251
380
251
875
380
377
251
380
251
380
380
377
377
377
251
251
380
875
251
377
875
251
380
377
377
377
251
251
251
380
377
377
875
377
377
251
380
380
875
251
251
380
377
875
380
377
875
77
509
377
251
380
251
251
251
251
380
380
130
875
251
251
251
875
875
875
380
380
251
251
130
875
251
251
377
875
251
377
130
251
380
377
377
251
251
380
875
875
251
251
380
875
380
251
251
130
377
377
875
251
251
380
380
77
509
875
533
251
380
377
377
377
377
251
251
380
251
875
380
380
875
380
251
380
377
875
251
251
377
875
875
377
377
875
251
377
875
380
377
377
251
251
380
377
377
875
130
377
293
251
380
377
377
377
251
251
130
875
875
377
875
251
380
130
251
380
377
377
377
251
251
380
875
251
380
875
251
251
251
380
377
509
251
251
380
377
875
251
377
875
293
251
875
380
377
377
875
251
251
380
875
875
377
875
380
251
251
380
377
377
377
875
251
251
380
875
251
377
377
130
875
380
380
251
251
251
380
377
251
251
380
251
251
380
377
875
251
251
377
377
377
875
251
293
251
380
130
875
875
377
380
377
377
251
251
380
377
875
875
875
513
875
875
875
251
377
377
377
875
251
380
251
380
875
875
380
377
251
380
377
377
875
251
251
380
875
377
875
251
251
380
377
875
377
251
251
251
380
377
377
377
251
251
380
380
875
875
875
380
377
377
377
875
251
251
139
377
875
251
127
380
377
377
875
251
380
377
875
875
377
875
251
251
139
377
377
251
377
377
377
875
251
251
380
130
875
875
127
251
251
380
377
377
377
875
380
251
380
380
875
875
251
380
377
251
380
377
377
875
251
251
380
875
875
251
251
380
380
377
377
251
251
251
251
380
377
875
130
251
251
380
875
380
380
380
251
251
251
380
875
251
251
875
380
377
251
251
251
380
251
251
380
875
875
377
509
251
251
251
251
533
509
533
380
875
251
251
380
875
875
251
380
875
380
251
380
875
251
251
380
251
380
377
875
875
380
875
251
380
875
377
713
1432
2472
3750
5118
1155
2741
3942
4132
1924
2619
3869
5114
1515
2801
3966
5009
1723
2484
4042
4132
1252
2119
3526
5079
1653
2889
4042
4962
1981
2452
4008
4170
1252
2791
3868
5114
1653
2889
3904
5012
1981
2813
4008
4934
1628
2097
4042
4889
1653
2985
3987
4132
1981
2649
4008
5052
1628
2788
3950
5012
1924
2694
4008
4170
1515
2801
3966
4755
2023
2452
3727
5015
1252
2985
3997
4962
1653
2274
3987
5015
1981
2694
4079
4170
1252
2748
3891
4384
2041
2694
4009
4926
2041
2694
4072
5015
2041
2889
3858
5015
1762
2350
4061
5015
1900
2350
3750
5118
1900
2907
4061
4837
1900
2907
3782
4769
1900
2788
4061
4962
1762
2097
3893
4311
2041
2097
3893
5118
2041
2985
3108
4962
2041
2592
3108
5052
2041
2350
4061
4934
1762
2889
3893
4837
1900
2907
4061
5052
1762
2907
3108
4837
1762
2788
3893
4962
1432
2472
3782
4934
1432
2985
3750
4837
1432
2961
3858
4837
1432
2566
3108
4837
1432
2566
3108
4837
1432
2961
4009
4769
1432
2961
4009
4769
1432
2961
4009
4769
1432
2961
4009
4837
1086
2472
3858
4769
1086
2472
3858
4311
1086
2472
3858
4769
1086
2472
3858
4311
1086
2472
3108
4769
1086
2566
3858
4311
1086
2472
3108
4769
1086
2472
3108
4769
1086
2472
3108
4769
1086
2566
3858
4769
1086
2472
3858
4769
1086
2566
3858
4311
1086
2472
3108
4769
1086
2472
3858
4769
1086
2472
3858
4769
1086
2566
3858
4311
1086
2566
3858
4769
1086
2472
3108
4769
1086
2472
3858
4769
1086
2472
3858
4769
1086
2472
3858
4769
1086
2472
3858
4769
1086
2472
3858
4769
1086
2472
3858
4769
1086
2472
3108
4769
1086
2472
3858
4769
1086
2566
3858
4769
1086
2472
3108
4769
1086
2566
3858
4311
1086
2472
3858
4769
1086
2472
3858
4769
1086
2472
3858
4769
1086
2472
3858
4769
1086
2472
3108
4769
1086
2566
3858
4769
1086
2472
3858
4769
1086
2566
3858
4769
1086
2472
3108
4769
1086
2566
3858
4311
1086
2472
3108
4769
1086
2472
3858
4769
1086
2472
3108
4769
1086
2472
3858
4769
1086
2472
3858
4769
1086
2566
3858
4311
1086
2472
3858
4769
1086
2472
3108
4769
1086
2566
3858
4311
1086
2472
3108
4769
1086
2566
3858
4311
1086
2472
3858
4769
1086
2566
3858
4311
1086
2472
3108
4769
1086
2566
3858
4311
1086
2472
3108
4769
1086
2472
3858
4769
1086
2566
3858
4311
1086
2566
3858
4311
1086
2472
3108
4769
1086
2566
3858
4769
1086
2566
3858
4311
1086
2472
3108
4769
1086
2472
3858
4769
1086
2472
3858
4769
1086
2472
3858
4769
1086
2472
3858
4769
1086
2472
3108
4769
1086
2566
3858
4311
1086
2566
3858
4311
1086
2472
3108
4769
1086
2472
3858
4769
1086
2566
3858
4311
1086
2472
3108
4769
1086
2472
3108
4769
1086
2472
3858
4769
1086
2472
3858
4769
1086
2566
3858
4311
1086
2472
3108
4769
1086
2566
3858
4311
1086
2472
3108
4769
1086
2566
3858
4311
1086
2566
3858
4311
1086
2566
3858
4311
1086
2472
3108
4769
1086
2566
3858
4769
1086
2566
3858
4311
1086
2566
3858
4311
1086
2566
3858
4311
1086
2566
3858
4311
1086
2566
3858
4311
1086
2566
3858
4311
1086
2566
3858
4769
1086
2566
3858
4311
1086
2566
3858
4311
1086
2566
3858
4769
1086
2566
3858
4311
1086
2566
3858
4311
1086
2566
3858
4311
1086
2566
3858
4769
1086
2566
3858
4311
1086
2566
3858
4311
1086
2566
3858
4311
1086
2566
3858
4311
1086
2566
3858
4311
1086
2566
3858
4311
1086
2566
3858
4311
1086
2566
3858
4769
1086
2566
3858
4311
1086
2566
3858
4311
1086
2566
3858
4769
1086
2566
3858
4311
1086
2566
3858
4311
1086
2566
3858
4311
1086
2566
3858
4311
1086
2566
3858
4769
1086
2566
3858
4769
1086
2566
3858
4311
1086
2566
3858
4311
1086
2566
3858
4311
1086
2566
3858
4311
1086
2566
3858
4311
1086
2566
3858
4311
1086
2566
3858
4311
1086
2566
3858
4311
1086
2566
3858
4311
1086
2566
3858
4311
1086
2566
3858
4311
1086
2566
3858
4311
1086
2566
3858
4311
1086
2472
3108
4769
1086
2566
3858
4311
1086
2566
3858
4311
1086
2566
3858
4311
1086
2566
3858
4311
1086
2566
3858
4311
1086
2566
3858
4769
1086
2566
3858
4311
1086
2566
3858
4311
1086
2566
3858
4311
1086
2566
3858
4769
1086
2566
3858
4311
1086
2566
3858
4311
1086
2566
3858
4311
1086
2566
3858
4311
1086
2472
3108
4769
1086
2566
3858
4311
1086
2566
3858
4837
1086
2472
3108
4769
1086
2472
3858
4769
1086
2472
3858
4769
1086
2472
3108
4769
1086
2566
3858
4311
1086
2566
3858
4311
1086
2566
3858
4311
1086
2566
3858
4769
1086
2566
3858
4311
1086
2566
3858
4311
1086
2566
3858
4311
1086
2566
3858
4311
1086
2566
3858
4769
1086
2566
3858
4311
1086
2566
3858
4311
1086
2566
3858
4311
1086
2566
3858
4311
1086
2566
3858
4769
1086
2566
3858
4311
1086
2566
3858
4311
1086
2566
3858
4769
1086
2566
3858
4311
1086
2566
3858
4769
1086
2472
3108
4769
1086
2566
3858
4311
1086
2472
3108
4769
1086
2566
3858
4311
1086
2566
3858
4311
1086
2566
3858
4769
1086
2566
3858
4311
1086
2566
3858
4311
1086
2566
3858
4769
1086
2472
3858
4769
1086
2472
3108
4769
1086
2472
3858
4769
1086
2472
3858
4311
1086
2472
3858
4769
1086
2472
3858
4769
1086
2566
3858
4311
1086
2472
3108
4769
1086
2472
3108
4769
1086
2472
3108
4769
1086
2472
3858
4769
1086
2472
3858
4769
1086
2472
3858
4769
1086
2472
3858
4769
1086
2472
3858
4769
1086
2472
3108
4769
1086
2566
3858
4311
1086
2566
3858
4311
1086
2566
3858
4311
1086
2472
3108
4769
1086
2566
3858
4769
1086
2566
3858
4311
1086
2566
3858
4311
1086
2566
3858
4311
1086
2566
3858
4311
1086
2566
3858
4769
1086
2566
3858
4311
1086
2566
3858
4769
1086
2566
3858
4311
1086
2566
3858
4311
1086
2566
3858
4311
1086
2566
3858
4769
1086
2566
3858
4311
1086
2566
3858
4311
1086
2566
3858
4769
1086
2566
3858
4311
1086
2566
3858
4311
1086
2566
3858
4311
1086
2566
3858
4311
1086
2566
3858
4311
1086
2566
3858
4769
1086
2566
3858
4769
1086
2566
3858
4769
1086
2566
3858
4311
1086
2566
3858
4311
1086
2566
3858
4769
1086
2566
3858
4311
1086
2566
3858
4311
1086
2566
3858
4311
1086
2566
3858
4769
1086
2566
3858
4769
1086
2566
3858
4311
1086
2566
3858
4311
1086
2566
3858
4311
1086
2566
3858
4311
1086
2566
3858
4769
1086
2566
3858
4311
1086
2566
3858
4311
1086
2566
3858
4311
1086
2566
3858
4311
1086
2566
3858
4769
1086
2566
3858
4311
1086
2566
3858
4311
1086
2566
3858
4311
1086
2566
3858
4311
1086
2566
3858
4769
1086
2566
3858
4311
1086
2566
3858
4769
1086
2566
3858
4311
1086
2566
3858
4311
1086
2566
3858
4769
1086
2566
3858
4769
1086
2566
3858
4311
1086
2566
3858
4311
1086
2566
3858
4311
1086
2566
3858
4769
1086
2566
3858
4311
1086
2566
3858
4311
1086
2566
3858
4311
1086
2566
3858
4311
1086
2566
3858
4769
1086
2566
3858
4769
1086
2566
3858
4769
1086
2566
3858
4311
1086
2566
3858
4311
1086
2566
3858
4769
1086
2566
3858
4311
1086
2566
3858
4311
1086
2566
3858
4311
1086
2566
3858
4769
1086
2566
3858
4311
1086
2566
3858
4769
1086
2566
3858
4311
1086
2566
3858
4311
1086
2566
3858
4311
1086
2566
3858
4311
1086
2566
3858
4769
1086
2566
3858
4311
1086
2566
3858
4311
1086
2566
3858
4769
1086
2566
3858
4769
1086
2566
3858
4769
1086
2566
3858
4311
1086
2566
3858
4311
1086
2566
3858
4311
1086
2566
3858
4311
1086
2566
3858
4769
1086
2566
3858
4311
1086
2566
3858
4311
1086
2566
3858
4311
1086
2566
3858
4769
1086
2566
3858
4311
1086
2566
3858
4769
1086
2566
3858
4311
1086
2566
3858
4311
1086
2566
3858
4769
1086
2472
3858
4769
1086
2566
3858
4837
1086
2472
3108
4769
1086
2472
3108
4769
1086
2566
3858
4769
1086
2472
3858
4769
1086
2566
3858
4311
1086
2472
3108
4769
1086
2472
3858
4769
1086
2472
3858
4769
1086
2472
3108
4769
1086
2566
3858
4769
1086
2566
3858
4311
1086
2472
3108
4769
1086
2566
3858
4769
1086
2566
3858
4769
1086
2566
3858
4311
1086
2472
3108
4769
1086
2566
3858
4769
1086
2566
3858
4837
1086
2472
3108
4769
1086
2566
3858
4837
1086
2472
3858
4769
1086
2472
3858
4769
1086
2472
3858
4769
1086
2472
3858
4769
1086
2566
3858
4311
1086
2566
3858
4311
1086
2566
3858
4311
1086
2566
3858
4769
1086
2566
3858
4311
1086
2566
3858
4311
1086
2566
3858
4769
1086
2566
3858
4837
1086
2566
3858
4311
1086
2566
3858
4769
1086
2566
3858
4837
1086
2566
3858
4311
1086
2566
3858
4769
1086
2566
3858
4769
1086
2566
3858
4311
1086
2566
3858
4311
1086
2566
3858
4769
1086
2472
3858
4769
1086
2566
3858
4311
1086
2566
3750
4837
1086
2472
3858
4769
1086
2566
3858
4311
1086
2472
3108
4769
1086
2566
3858
4769
1086
2566
3858
4311
1086
2566
3858
4311
1086
2566
3858
4769
1086
2566
3858
4311
1086
2566
3858
4311
1086
2566
3858
4769
1086
2566
3858
4769
1086
2566
3858
4311
1086
2566
3858
4769
1086
2566
3858
4769
1086
2566
3858
4769
1086
2566
3858
4311
1086
2566
3858
4311
1086
2566
3858
4769
1086
2566
3858
4837
1086
2566
3858
4311
1086
2566
3858
4311
1086
2566
3858
4769
1086
2566
3858
4311
1086
2566
3858
4769
1086
2566
3858
4311
1086
2566
3858
4769
1086
2566
3858
4311
1086
2566
3858
4311
1086
2566
3858
4769
1086
2566
3858
4769
1086
2566
3858
4311
1086
2566
3858
4311
1086
2566
3858
4769
1086
2566
3858
4311
1086
2566
3858
4769
1086
2566
3858
4311
1086
2566
3858
4311
1086
2566
3858
4769
1086
2566
3858
4769
1086
2566
3858
4311
1086
2566
3858
4769
1086
2566
3858
4311
1086
2566
3858
4311
1086
2566
3858
4769
1086
2566
3858
4311
1086
2566
3858
4769
1086
2566
3858
4311
1086
2566
3858
4311
1086
2566
3858
4769
1086
2566
3858
4769
1086
2566
3858
4311
1086
2566
3858
4769
1086
2566
3858
4311
1086
2566
3858
4769
1086
2566
3858
4769
1086
2566
3858
4311
1086
2566
3858
4769
1086
2566
3858
4769
1086
2566
3858
4311
1086
2566
3858
4769
1086
2566
3858
4311
1086
2566
3858
4311
1086
2566
3858
4311
1086
2566
3858
4769
1086
2566
3858
4311
1086
2566
3858
4769
1086
2566
3858
4311
1086
2566
3858
4769
1086
2566
3858
4769
1086
2566
3858
4311
1086
2566
3858
4311
1086
2566
3858
4311
1086
2566
3858
4311
1086
2566
3858
4769
1086
2566
3858
4311
1086
2566
3858
4769
1086
2566
3858
4311
1086
2566
3858
4311
1086
2566
3858
4769
1086
2566
3858
4769
1086
2566
3858
4311
1086
2566
3858
4769
1086
2566
3858
4311
1086
2566
3858
4769
1086
2566
3858
4311
1086
2566
3858
4311
1086
2566
3858
4311
1086
2566
3858
4311
1086
2566
3858
4769
1086
2566
3858
4311
1086
2566
3858
4311
1086
2566
3858
4311
1086
2566
3858
4769
1086
2566
3858
4311
1086
2566
3858
4769
1086
2566
3858
4311
1086
2566
3858
4311
1086
2566
3858
4311
1086
2566
3858
4769
1086
2566
3858
4769
1086
2566
3858
4311
1086
2566
3858
4311
1086
2566
3858
4311
1086
2566
3858
4769
1086
2566
3858
4769
1086
2566
3858
4837
1086
2566
3858
4311
1086
2566
3858
4311
1086
2566
3858
4769
1086
2566
3858
4769
1086
2566
3858
4311
1086
2566
3858
4311
1086
2566
3858
4311
1086
2566
3858
4769
1086
2566
3858
4769
1086
2566
3858
4311
1086
2566
3858
4311
1086
2566
3858
4769
1086
2566
3858
4769
1086
2566
3858
4769
1086
2566
3858
4311
1086
2566
3858
4311
1086
2566
3858
4769
1086
2566
3858
4769
1086
2566
3858
4769
1086
2566
3858
4311
1086
2566
3858
4311
1086
2566
3858
4769
1086
2566
3858
4769
1086
2566
3858
4769
1086
2566
3858
4311
1086
2566
3858
4311
1086
2566
3858
4311
1086
2566
3858
4769
1086
2566
3858
4769
1086
2566
3858
4311
1086
2566
3858
4311
1086
2566
3858
4769
1086
2566
3858
4769
1086
2566
3858
4769
1086
2566
3858
4311
1086
2566
3858
4311
1086
2566
3858
4769
1086
2566
3858
4769
1086
2566
3858
4769
1086
2566
3858
4311
1086
2566
3858
4311
1086
2566
3858
4769
1086
2566
3858
4769
1086
2566
3858
4311
1086
2566
3858
4311
1086
2566
3858
4311
1086
2566
3858
4769
1086
2566
3858
4769
1086
2566
3858
4311
1086
2566
3858
4311
1086
2566
3858
4769
1086
2566
3858
4311
1086
2566
3858
4769
1086
2566
3858
4311
1086
2566
3858
4311
1086
2566
3858
4311
1086
2566
3858
4769
1086
2566
3858
4769
1086
2566
3858
4769
1086
2566
3858
4311
1086
2566
3858
4311
1086
2566
3858
4311
1086
2566
3858
4769
1086
2566
3858
4769
1086
2566
3858
4769
1086
2566
3858
4311
1086
2566
3858
4311
1086
2566
3858
4769
1086
2566
3858
4311
1086
2566
3858
4769
1086
2566
3858
4311
1086
2566
3858
4311
1086
2566
3858
4769
1086
2566
3858
4769
1086
2566
3858
4311
1086
2566
3858
4311
1086
2566
3858
4769
1086
2566
3858
4769
1086
2566
3858
4769
1086
2566
3858
4311
1086
2566
3858
4311
1086
2566
3858
4311
1086
2566
3858
4769
1086
2566
3858
4311
1086
2566
3858
4837
1086
2566
3858
4311
1086
2566
3858
4311
1086
2566
3858
4769
1086
2566
3858
4311
1086
2566
3858
4769
1086
2566
3858
4311
1086
2566
3858
4311
1086
2566
3858
4769
1086
2566
3858
4769
1086
2566
3858
4311
1086
2566
3858
4769
1086
2566
3858
4311
1086
2566
3858
4769
1086
2566
3858
4769
1086
2566
3858
4311
1086
2566
3858
4311
1086
2566
3858
4769
1086
2566
3858
4769
1086
2566
3858
4311
1086
2566
3858
4311
1086
2566
3858
4311
1086
2566
3858
4311
1086
2566
3858
4769
1086
2566
3858
4311
1086
2566
3858
4769
1086
2566
3858
4311
1086
2566
3858
4311
1086
2566
3858
4769
1086
2566
3858
4769
1086
2566
3858
4311
1086
2566
3858
4311
1086
2566
3858
4769
1086
2566
3858
4769
1086
2566
3858
4769
1086
2566
3858
4311
1086
2566
3858
4311
1086
2566
3858
4311
1086
2566
3858
4769
1086
2566
3858
4311
1086
2566
3858
4311
1086
2566
3858
4769
1086
2566
3858
4311
1086
2566
3858
4769
1086
2566
3858
4311
1086
2566
3858
4311
1086
2566
3858
4311
1086
2566
3858
4769
1086
2566
3858
4769
1086
2566
3858
4311
1086
2566
3858
4769
1086
2566
3858
4311
1086
2566
3858
4311
1086
2566
3858
4769
1086
2566
3858
4769
1086
2566
3858
4311
1086
2566
3858
4311
1086
2566
3858
4769
1086
2566
3858
4769
1086
2566
3858
4769
1086
2566
3858
4311
1086
2566
3858
4311
1086
2566
3858
4311
1086
2566
3858
4769
1086
2566
3858
4311
1086
2566
3858
4769
1086
2566
3858
4311
1086
2566
3858
4769
1086
2566
3858
4769
1086
2566
3858
4311
1086
2566
3858
4311
1086
2566
3858
4311
1086
2566
3858
4769
1086
2566
3858
4769
1086
2566
3858
4311
1086
2566
3858
4311
1086
2566
3858
4311
1086
2566
3858
4311
1086
2566
3858
4769
1086
2566
3858
4769
1086
2566
3858
4311
1086
2566
3858
4311
1086
2566
3858
4769
1086
2566
3858
4769
1086
2566
3858
4311
1086
2566
3858
4311
1086
2566
3858
4311
1086
2566
3858
4769
1086
2566
3858
4769
1086
2566
3858
4311
1086
2566
3858
4311
1086
2566
3858
4311
1086
2566
3858
4769
1086
2566
3858
4769
1086
2566
3858
4311
1086
2566
3858
4769
1086
2566
3858
4311
1086
2566
3858
4769
1086
2566
3858
4769
1086
2566
3858
4311
1086
2566
3858
4311
1086
2566
3858
4311
1086
2566
3858
4769
1086
2566
3858
4311
1086
2566
3858
4311
1086
2566
3858
4311
1086
2566
3858
4311
1086
2566
3858
4311
1086
2566
3858
4837
1086
2566
3858
4311
1086
2566
3858
4311
1086
2566
3858
4311
1086
2566
3858
4769
1086
2566
3858
4769
1086
2566
3858
4311
1086
2566
3858
4311
1086
2566
3858
4311
1086
2566
3858
4769
1086
2566
3858
4769
1086
2566
3858
4311
1086
2566
3858
4311
1086
2566
3858
4311
1086
2566
3858
4769
1086
2566
3858
4311
1086
2566
3858
4311
1086
2472
3108
4769
1086
2350
3858
5114
1086
2472
3108
4769
1086
2472
3858
4837
1086
2472
3108
5114
1086
2566
3858
4837
1086
2472
3108
4769
1086
2566
3858
4769
1086
2566
3858
4311
1086
2566
3858
4837
1086
2472
3108
5052
1086
2566
3858
4311
1086
2472
3858
4769
1086
2472
3108
4769
1086
2472
3108
4769
1086
2566
3858
4769
1086
2566
3858
4311
1086
2566
3858
4769
1086
2566
3858
4311
1086
2566
3858
4769
1086
2566
3858
4311
1086
2566
3858
4311
1086
2472
3108
4769
1086
2472
3108
4769
1086
2566
3858
4837
1086
2472
3108
4769
1086
2566
3858
4769
1086
2566
3858
4311
1086
2566
3858
4769
1086
2566
3858
4311
1086
2566
3858
4837
1086
2566
3858
4311
1086
2566
3858
4769
1086
2566
3858
4769
1086
2566
3858
4837
1086
2566
3858
4311
1086
2566
3858
4311
1086
2566
3858
4769
1086
2566
3858
4769
1086
2566
3858
4311
1086
2566
3858
4311
1086
2566
3858
4769
1086
2566
3858
4311
1086
2566
3858
4311
1086
2566
3858
4769
1086
2472
3858
4769
1086
2566
3858
4769
