807
731
743
330
296
794
81
57
887
57
887
57
887
57
887
57
887
57
457
57
887
57
887
57
887
57
784
237
694
306
629
685
682
228
1018
454
131
106
106
695
106
106
106
106
106
695
106
106
106
106
106
106
106
106
106
106
106
106
106
106
106
106
106
106
106
106
106
106
106
106
106
106
106
581
106
581
492
106
106
106
106
106
106
106
106
106
106
581
106
581
106
106
581
492
106
106
106
106
581
106
106
581
106
581
106
106
106
106
581
106
106
106
106
106
106
106
106
581
106
581
106
581
106
106
581
106
581
106
581
106
492
690
522
47
565
553
565
681
141
141
893
116
761
761
158
158
158
249
249
423
423
423
423
423
423
423
423
423
283
423
423
423
423
423
423
423
423
423
423
423
423
423
423
293
423
423
423
423
423
423
423
423
423
423
423
423
423
423
423
423
423
624
423
423
553
423
423
423
789
791
116
248
662
821
227
1007
765
784
1017
117
603
565
565
849
849
15
587
587
587
15
0
893
141
87
248
662
821
227
1007
765
834
463
1
463
1
463
1
463
1
463
784
237
603
266
849
87
748
748
985
804
237
676
932
330
296
7
81
7
758
362
55
492
55
362
55
362
862
362
55
362
55
362
584
492
862
584
362
584
553
516
362
362
830
676
731
306
629
296
794
81
7
892
57
887
57
887
57
887
57
887
57
887
57
887
57
887
57
887
57
784
784
522
116
248
662
821
227
1007
765
834
463
784
1017
117
557
103
103
103
103
82
492
462
87
330
296
7
81
7
81
362
55
362
784
237
603
565
515
565
515
587
587
587
15
791
116
248
662
821
227
1007
765
834
463
492
463
1
463
1
463
1
463
122
566
566
566
566
492
566
181
184
784
676
731
306
248
662
662
227
551
765
834
24
834
463
1
43
985
43
985
584
985
43
985
463
985
43
985
988
784
676
237
743
248
296
7
81
7
81
362
55
492
55
362
55
362
55
362
784
296
7
81
362
187
362
55
55
362
362
362
55
830
676
731
795
629
296
794
81
57
57
57
887
57
887
57
887
57
887
57
887
57
887
57
887
57
57
887
57
57
57
830
676
237
306
629
685
682
228
682
454
131
454
131
695
106
106
106
106
106
106
106
106
106
106
106
106
106
106
106
818
1924
2703
3093
4830
1653
2478
4008
5118
2043
2649
3893
4654
1900
2889
4054
4132
1977
2942
3918
5038
1160
2591
3976
4636
1981
2691
3237
4341
1899
2279
3467
4120
1924
2626
3880
5041
1345
2841
3952
4170
1160
2484
3950
4460
1924
2452
3952
4770
1345
2649
3893
4926
1248
2907
4030
4853
1924
2720
3585
4810
1515
2535
4052
4460
1248
2907
4042
4625
1345
2097
3934
4625
1160
3069
4072
4184
1723
2869
3727
4184
1515
2883
4039
4484
1924
2612
3966
5015
1345
2841
3715
5118
1515
2883
4042
4889
1924
2452
3904
4654
1345
2478
4009
4926
1981
2612
4072
5015
1723
2097
3887
5079
1515
2619
4072
4654
1981
2612
3237
4132
1723
2573
3839
4934
1160
3069
3869
4889
1334
2883
3893
5058
1298
2642
4039
5052
1924
2612
3901
5015
1334
2162
3887
4170
1981
2649
3782
4926
1924
2452
4039
4853
1345
2949
3901
4934
1981
2925
3585
4810
1723
2097
4079
4119
1653
2564
3901
5052
1748
2694
3893
4460
2043
2907
3824
4654
1432
2735
4072
4837
1104
2313
3201
4432
1484
2680
3442
4974
1969
2680
3280
5042
1330
2680
4005
4558
1554
2933
3822
4931
1587
2082
3368
4907
1694
2399
3822
5009
1892
2506
3743
4699
1831
2531
3368
4337
1448
2276
3511
4862
1587
2705
3368
4733
2025
2512
3368
5014
1969
2393
3368
4484
1622
3051
3368
4720
1448
2442
3368
4546
2034
2507
3088
4337
1094
2343
3743
4221
1694
2627
3531
4558
1335
2707
3741
4510
1554
2933
3368
4599
1587
2399
3304
4477
2025
2535
3368
5094
1188
2429
4030
4221
1622
2219
3966
4221
2025
2512
3073
4398
1775
3061
3652
4221
2025
2887
3368
5011
1969
2393
4008
4377
1622
2817
3970
4221
1448
2699
3706
4821
1694
3065
3933
4221
1335
2224
3652
4221
1694
2765
3804
4384
1711
2707
3531
4898
1979
2879
3724
4898
1587
2274
3950
4711
1160
2535
3111
4170
1775
2627
3935
5054
1775
3012
3933
4484
2025
2887
3952
5058
1775
2944
3202
4484
1622
2691
3727
4711
1279
2945
3542
5094
2034
2433
4054
4905
2025
2965
3952
4484
1884
2933
3747
5012
1622
2390
3414
4384
1899
2604
3880
4384
1711
2721
3080
4934
2025
2535
4008
4853
1368
2627
3737
4589
1160
3012
3500
4830
1775
2868
3073
4384
1775
2944
3333
4546
2025
2275
3880
4384
1279
2506
3950
4889
1622
2817
4019
4654
1675
2868
3868
4145
1607
2721
3933
4720
1607
2942
3111
4905
1884
2933
3868
4384
1711
2741
3080
4525
1899
2868
3966
5094
1711
2721
3737
4843
1160
2224
3933
4484
1368
2859
3428
4651
1775
2707
4005
4776
1248
2307
3839
4864
1775
2859
3747
4384
1723
2837
3526
4145
1279
2506
3733
4384
1622
2083
4008
4296
1607
2942
3935
5012
1884
2933
3747
5012
1622
3034
3340
4860
1899
2945
3727
5094
1981
2346
4042
4873
2025
2581
3111
4484
1884
2274
4042
4593
1622
2612
3933
4484
1895
2887
3951
5012
1775
2721
3715
4384
2025
2275
3880
4615
1155
2945
3924
4342
1622
3069
3924
4814
1607
2868
3924
4921
1884
2691
3933
4893
1607
2942
3340
5012
1884
2933
3868
4424
1622
3034
3447
4934
1899
2868
3966
4934
1884
2274
3747
4861
1924
2224
3839
4386
1884
2887
4042
4853
1622
2272
3753
4747
1232
2887
3924
5094
1884
2275
3868
4931
1334
2313
3724
4654
1155
2945
3987
4615
1622
2064
3535
5011
1607
2715
4039
4950
1884
3069
3868
4384
1981
3012
3185
4830
1899
2868
3966
5094
1515
2510
3727
4460
1924
2715
3259
5118
1884
2274
4042
4593
1622
2612
3388
4484
1895
2868
4042
4615
1884
2822
3442
5012
1723
2942
3880
4465
1155
2506
3987
4145
1622
2815
3526
4615
1723
2399
3997
5115
1884
3069
3997
4384
1981
2224
3333
5079
1884
2307
3526
4424
1981
3012
3747
4615
1232
2942
3526
4145
1884
2274
3747
4861
1515
2153
3463
4950
1334
2506
3868
4384
2000
2346
3727
5029
1232
2837
3526
4786
1155
2721
3924
5094
1334
2224
3933
4919
1723
2945
3868
4132
1334
2346
3674
4786
1232
2057
3727
4374
1884
3069
3868
4384
1981
3012
4008
4830
1232
2985
3526
4676
1981
2721
3933
5079
1924
2224
3868
4971
1884
2274
3791
5012
2000
3012
3333
4893
1334
2992
4008
5059
1884
2612
3704
5011
1334
2224
3868
4145
1155
2506
3987
4145
2000
3012
3535
4175
1232
2057
3727
4853
1884
3069
3868
4384
1981
2224
3869
4175
1924
2506
3997
4145
1981
3012
3933
4460
1924
2868
3933
4654
1884
2274
3987
5012
2000
3012
3333
4829
1334
2945
4008
4889
2000
3065
3526
4926
1334
2942
4072
4145
1155
2506
3747
4145
2000
3012
3526
4615
1628
2942
3363
4905
1653
2275
4088
5118
1858
2907
3924
5012
1252
2162
3987
5012
1748
2162
3997
5058
1252
2162
3901
5012
1456
2877
3727
5118
1252
2649
3901
5012
1515
2741
3880
4889
1454
2411
3839
5012
1252
2985
4008
4926
1252
2925
3987
4955
2023
2694
3893
4170
1979
2297
3737
4379
1188
2455
3111
4546
1780
2692
3673
4424
2015
2721
3997
4661
1298
2721
3847
4927
1694
2360
4045
4460
1104
2179
3904
4132
1155
2097
3425
5079
1181
2274
3966
4676
1594
2274
3704
4460
1924
2535
3868
4135
1981
2869
3868
4654
1696
2699
3782
5029
1694
2171
3259
4934
1981
2788
3573
4296
1780
3069
4042
4170
1104
2620
3887
4950
1155
2967
3935
5052
1324
2620
3398
5114
1835
2661
4042
4950
1924
2411
3868
4255
1181
2907
4008
4830
1594
2717
4008
4170
1899
3069
3526
5015
1981
2869
3951
5012
1924
2964
3997
4919
2015
2879
3997
5052
1981
2788
3704
4132
1924
2864
3884
4955
1104
2274
4008
5058
1155
2097
3727
5029
1181
3069
4072
4934
1835
2199
3880
4934
1924
2717
4088
4862
1981
2147
3891
5058
1155
2964
3997
4132
1694
3069
3997
5110
1981
2907
4039
5012
1924
2985
4008
4654
1334
2314
4008
4889
1155
2967
3893
4977
1653
2985
3526
4934
1981
2748
3727
4889
1155
2097
3464
5012
1181
2879
3880
5114
1155
2907
3782
4132
1899
3069
3966
4962
1981
2801
4088
5118
1924
2964
3891
5012
1334
3069
4088
4962
1981
2484
3987
5015
1924
2949
3486
4201
1981
2531
3893
4755
1155
2788
4008
4962
1653
2350
4042
5052
1981
2484
3268
5079
1899
2746
3942
4601
1334
2801
3782
4889
1155
2694
3987
4170
1924
3069
4042
4170
1981
2889
3901
5012
1252
2097
3904
5012
1334
2694
3904
4311
1981
2484
3715
5114
1653
2985
3526
5110
1981
2694
4072
4615
1155
2788
4008
5118
1653
2619
4042
5110
2023
2907
3268
4170
1924
2717
3987
4201
1334
2801
3891
4889
1628
2097
3887
5012
1653
2788
3987
5052
1981
2907
4009
4962
1252
2985
3868
4962
1748
2649
3904
4615
1155
2956
3891
4858
1653
2985
3782
5012
1748
2907
3901
5012
1252
2788
3868
5114
1334
2949
4042
4950
2023
2452
3727
4983
1252
2619
3704
4934
1981
2889
3893
5110
1628
2097
4008
4983
1653
2694
3966
5118
1981
2411
3891
4934
1252
2985
3526
4927
1515
2771
4054
4770
1545
2612
4039
5025
1029
2142
4032
4711
1899
2259
3542
4606
1696
2835
3188
4659
1160
2436
3942
4767
1167
2825
3982
4678
1104
2964
3804
4755
1675
2771
3388
4770
1977
3007
3869
4747
1899
2925
4042
4739
1720
2612
3080
4866
1835
2949
3952
4197
1981
2478
4087
4955
1748
2897
3987
4170
2041
2735
3952
5052
2041
2990
4079
4962
2043
2564
3952
5110
1900
2735
4061
4962
2043
2644
4009
5015
1762
2564
3952
5114
1900
2735
3824
4837
1900
2411
4079
5118
1762
2566
4054
5114
1762
2889
4061
4311
1762
2907
3858
5052
1762
2788
3893
4962
1762
2566
4061
4170
1900
2592
3893
4769
1762
2592
3891
4837
1762
2961
4061
5118
2043
2566
3987
4170
1748
2478
4009
5012
1762
2907
3858
4837
1762
2907
4061
4837
1515
2863
4042
4950
1545
2612
3791
4962
1694
2910
3120
4606
1696
2699
3830
4431
1594
2478
3752
4938
1160
2604
3739
4431
1104
2612
3804
4117
1675
2889
3630
5041
1345
2619
3952
5114
1899
2925
4042
5037
1160
2863
3080
4955
1248
2883
3924
4983
1607
2445
3987
4955
1334
2877
4079
4934
1694
2531
4042
4460
1924
2429
4052
4334
1899
2057
3942
4533
1155
2467
3997
4460
1160
2082
3647
4132
1248
2990
3727
4678
1334
2452
3924
4349
1345
2162
3987
4678
1899
2607
3934
4135
1160
2717
4039
5058
1155
2180
3747
4934
1248
2169
3876
4755
1748
2877
3764
4861
1748
2897
3901
4962
1454
2990
3987
4926
1858
2990
4079
4460
1858
2944
4054
4654
2043
2735
4079
4955
1858
2564
4079
5012
1858
2162
3952
5012
1594
2868
3904
4862
1248
2938
3419
4955
1248
2057
3724
5114
1248
2057
4042
4185
1723
2512
3966
4830
1334
2057
3952
4477
1334
3065
3904
4770
1748
2788
3924
4931
2023
3017
3891
4950
2023
3012
3891
5079
1924
2769
4039
5094
1892
2642
3924
4862
1345
2877
3743
4861
1248
2057
3976
4876
1160
2082
3952
5029
1899
2964
3764
4931
1104
2126
3647
4926
1160
2564
3893
4862
1345
2627
3935
4170
1248
2057
3976
4296
1160
2082
3987
5029
1899
2964
3764
4620
1554
2360
3966
4830
1160
2564
3893
5052
1345
2735
3682
4927
1248
2057
3976
5118
1160
2484
3952
4926
1899
2876
4052
4621
1554
2360
3747
4830
1160
2564
3893
5052
1345
2735
3682
4862
1981
2888
3715
4132
1160
2484
3952
4955
1899
2057
3951
4460
1924
2521
3739
4654
1160
2949
3924
5118
1345
2735
3893
4889
1723
2512
3270
4830
1160
2484
3743
4747
1899
2057
3951
4460
1924
2521
3739
4654
1160
2949
3924
4460
1345
2825
3893
5079
1723
2869
3727
4255
1160
2484
3987
4926
1899
2939
3467
4747
1924
2741
3839
5029
1160
3023
3526
5058
1345
2825
4072
4983
1723
2869
3727
4255
1981
2182
3951
4934
1723
2455
3966
4889
1924
2601
3105
4636
1160
3023
3526
5058
1515
2443
3526
4977
1723
2869
3727
4255
1981
2735
3284
4889
1777
2829
3673
4624
1281
2985
4054
4624
1432
2985
3893
5052
1689
2372
3542
4525
1743
2738
3648
4912
1675
2993
3304
4624
1892
3065
3672
4853
1279
2933
3284
4431
1345
2877
3951
4431
1160
2883
3478
4835
1675
2989
4094
4710
1711
3032
3935
5052
1248
2907
3237
5118
1345
2119
3237
4800
1160
2619
3869
5041
1675
2841
3950
4456
1481
2411
3270
5114
1924
2925
3425
5011
1345
2119
3727
4625
1160
2907
3950
4184
1279
2694
3274
4184
1345
2649
3576
5114
1248
2907
3951
4456
1675
2989
3887
4747
1711
2949
3950
4654
1248
2869
4039
4153
1345
2411
4005
4184
1160
2985
3869
5052
1723
2869
4088
5029
1515
2883
4039
5056
1924
2791
3904
4934
1345
2119
3647
4747
1160
2956
3869
4184
1924
2720
3904
4132
1345
2649
4039
5052
1248
2649
3951
5118
1675
2968
3782
4747
1899
2274
3950
5079
1248
2869
4039
4720
1345
2411
4005
5058
1160
3069
3869
4962
1723
2869
3950
5012
1515
2788
4039
4905
1029
2964
3839
5008
2015
2986
3743
4830
1104
3007
3880
5071
1104
2360
3670
4960
1248
2169
3724
5041
1248
2445
3942
5059
1167
2642
3824
4145
1160
3063
3787
5094
1160
2297
4052
4749
1711
3063
3464
4132
1711
3063
3377
4145
1345
2818
3839
4460
1345
3008
3997
5118
1345
2314
3304
4971
1723
2788
3824
4931
1628
2907
3933
4962
1628
2649
3869
4983
1456
2649
3869
4889
1456
3012
3950
5118
1748
2936
3987
4837
1628
2936
3904
4132
1628
2791
4008
5118
1252
2907
3951
4889
1456
2119
3987
5058
1723
2968
4039
4934
1628
2452
3950
4934
1628
2936
4008
4889
1252
2813
4039
4889
1456
2791
3987
5012
1858
2889
3933
5114
1711
2644
3880
4861
1629
3065
3198
4342
1775
2525
3482
4606
1696
2766
3188
4949
1977
2825
3237
5029
1167
2933
3596
4705
1368
2467
3772
4908
1675
2627
3304
4624
1248
2874
3201
4581
1720
2766
3542
5012
1977
2644
3478
5029
1167
2933
3596
4934
1368
2642
3880
4862
1345
2627
4052
5099
1775
2525
3884
5095
1155
2877
3952
4460
2041
2990
3782
4170
2041
2748
3966
4170
1762
2985
3891
4962
2041
2411
3904
5118
2041
2411
3901
5114
2041
2452
3824
4311
2043
2985
3108
5114
2043
2985
3891
4769
1859
2985
3891
5114
2041
2566
4072
5114
1762
2411
3858
5118
1762
2788
3893
4962
1762
2788
3782
4962
1432
2985
4009
5015
1762
2961
4009
5118
2041
2452
3824
5118
2023
2619
4042
4934
1545
2531
3951
4862
1694
2705
3284
4763
1899
2153
4052
4606
1696
3065
3621
5041
1160
2082
3647
5041
1248
2925
3839
4672
1104
2876
3987
4274
1345
2314
3442
4971
1977
2879
3839
4926
1160
2863
3310
5037
1155
2180
3772
5037
1248
2883
3997
4533
1334
2965
3893
4853
1334
2897
3839
4132
1694
2612
3950
4747
1924
3063
3500
5079
1155
2573
4055
5118
1160
2162
4005
4889
1248
2399
3747
5114
1248
2150
4079
5042
1345
2259
3901
4615
1345
2649
3839
5059
1160
2717
4042
4132
1155
2564
3950
4755
1248
2699
4088
4903
1981
2350
3185
4305
1334
2649
3933
5052
1924
2771
3141
4733
1924
3063
3500
4469
1155
2691
3997
4305
1155
3034
4088
4950
1248
2399
3377
5057
1248
2876
3987
4678
1345
2452
3952
4132
1345
2649
3950
4955
1160
2717
4042
4625
1155
2552
3924
4934
1723
2445
3839
4145
1334
2642
3847
4654
1334
2877
3880
5115
1694
2989
4094
4926
1347
2350
3904
5115
1428
2883
3952
5052
1454
2889
3951
4170
1262
2082
3478
4829
1696
3007
3764
5087
1720
2691
3621
4720
1886
2863
4010
5066
1694
2354
3638
5059
1694
3008
3478
5095
1694
2857
3839
4770
1334
2421
3966
5029
1104
2531
3670
4960
1104
2949
4005
4898
1248
2800
3764
4829
1248
2088
3698
5045
1155
2818
3576
4919
1160
3063
3787
4398
1899
2430
3576
4927
1899
2869
3839
4145
1345
2649
3839
4919
1345
3008
4042
4926
1345
2800
4042
5079
1345
2314
3933
4905
1334
2180
3710
4120
1248
2150
3698
5094
1248
2990
3727
4678
1248
2399
3747
4145
1160
2484
3966
4432
1160
2082
3690
5099
1155
2877
3674
4889
1899
2343
3891
4830
1899
2343
4042
4170
1899
2452
3951
4175
1899
2150
3673
4497
1694
2964
4000
5012
1334
2535
3704
5029
1334
2531
3333
5094
1334
2337
3365
4810
1248
2521
3526
4983
1248
2162
3869
4983
1248
2343
3893
4384
1155
2350
3893
4792
1653
2642
3284
5058
1858
2642
3987
5057
1456
2788
4042
5079
1802
2116
3414
4477
1352
2268
3628
4368
1335
2680
4089
4620
1279
2677
3340
4848
1160
2697
3621
4606
1977
2939
3533
4949
1104
2986
3274
4624
1160
2869
3493
5095
1335
2506
3437
4971
1775
2057
3982
4185
1160
2883
3680
5014
1899
2388
3900
4720
1104
2360
3274
4889
1160
2564
3893
4810
1345
2945
3901
4905
1775
2741
3111
4905
1160
3007
3952
4860
1899
2388
4042
4255
1104
2126
3111
4971
1160
2564
3893
4810
1345
2765
4042
5115
1775
2741
3158
4170
1160
3007
3891
4546
1899
2388
3737
4519
1104
2989
3274
5079
1160
2564
3893
4810
1345
2945
3901
4926
1248
2057
3880
4905
1160
3007
3891
4546
1899
2388
3304
4255
1554
2360
3111
4460
1160
2564
3887
4864
1345
2604
3682
4972
1248
2057
3880
4934
1160
3065
3437
4926
1345
2863
3951
4625
1554
2360
3111
4460
1160
2644
3747
4332
1345
2604
3682
4184
1248
2057
3880
4625
1607
2979
3839
4938
1345
2863
4084
4153
1248
2689
3111
4934
1160
2644
3747
5058
1345
2889
3951
4184
1628
2883
3970
4711
1900
2990
3987
4132
2041
2985
3725
4837
1660
2126
3652
4906
1743
2626
3464
5038
1675
2721
3982
4170
1160
3065
3950
4160
1924
2259
3982
4456
1345
2627
4039
4624
1160
2484
3478
4456
1675
2989
3950
5049
1711
2694
3935
5049
1248
2907
3363
4431
1345
2511
3951
4919
1160
2889
3880
4624
1991
2907
3727
4624
1899
2877
3891
4176
1160
2360
3951
5058
1675
2801
3869
5114
1160
2813
3891
4653
1924
2259
3869
4456
1345
2889
4005
4889
1160
2484
3987
4810
1991
2126
3997
4972
1711
2694
3647
4119
1248
2907
4039
5058
1607
2964
3764
4810
1160
3069
3869
4889
1723
2314
4042
4654
1345
2082
3198
4132
1924
2925
3951
4934
1345
2452
3727
4625
1515
2883
4042
4889
1924
2452
3904
4654
1345
2478
3437
5012
1160
2956
3869
4858
1723
2097
4088
5029
1515
2619
3270
4926
1248
2907
4039
5118
1607
2964
3764
4810
1160
3069
3901
4889
1248
2813
3340
4170
1345
2484
4039
4889
1924
2925
4008
4810
1723
2869
3987
4763
1981
2989
3839
4889
2041
2452
4079
5114
2043
3012
4054
5110
1215
2390
4017
4933
1330
2765
3736
4379
1979
2938
3777
4826
1973
2484
3752
4384
1831
2535
3368
4278
1892
2506
3807
4751
1587
2986
3282
4221
2025
2703
3201
4510
1973
2705
3261
5009
1104
2057
3368
4983
1969
2393
3368
4474
1317
2313
3976
4931
1448
2511
3533
5008
1587
3007
3814
5011
1094
3065
3166
4477
1914
2947
3368
4983
1587
2082
3368
4907
1979
2887
3752
4943
1973
2274
3506
4678
1831
2535
3188
4342
1835
2429
3368
5054
1587
2705
3261
4654
2025
2512
3188
5079
1969
2393
3464
4221
1317
2691
3182
4876
1448
2442
3856
4221
2034
2507
3088
4322
1094
2343
3934
5008
1884
2125
3839
4221
1335
2707
3741
5096
1554
2933
4079
4919
1587
2082
3340
5094
2025
2535
3368
4374
1188
2429
4030
4810
1622
2591
3282
4384
1775
2938
3296
4587
1775
3061
3652
5094
2025
2887
4036
4546
1969
2393
4008
4822
2034
2945
4039
4135
