73
40
40
40
40
40
796
40
796
902
40
293
40
40
40
40
40
40
796
40
902
40
796
796
796
40
40
796
796
60
796
796
178
624
689
789
715
312
944
565
565
715
312
703
645
645
645
605
59
313
475
186
186
186
996
255
911
83
206
703
324
703
462
223
633
475
424
551
186
24
911
324
182
703
894
715
324
703
462
141
59
313
136
800
710
186
24
64
93
455
894
894
324
703
872
560
59
313
136
341
770
770
399
24
24
24
45
45
43
45
45
45
45
45
45
45
45
45
45
45
45
45
45
45
45
45
45
45
45
45
45
609
609
609
609
609
609
609
609
609
609
609
609
609
609
293
609
609
609
609
609
609
609
609
609
609
609
609
609
457
457
312
703
129
894
715
312
703
703
537
605
703
515
223
633
136
161
341
770
770
770
770
24
24
45
45
45
45
45
45
45
45
45
45
457
45
45
45
45
45
45
45
45
45
45
45
45
45
45
397
902
902
391
391
703
565
515
645
645
0
605
223
633
136
136
800
186
186
996
996
996
996
639
639
145
145
145
145
145
145
145
145
145
457
194
145
145
79
145
145
277
277
277
277
277
277
277
277
277
277
238
277
277
238
238
238
238
277
238
277
238
238
238
277
238
238
238
238
238
283
238
238
238
277
902
194
715
194
515
645
715
312
703
645
645
645
645
645
0
791
59
313
136
800
800
186
186
996
996
996
639
171
639
639
639
145
145
145
145
145
145
145
145
145
293
145
145
145
277
238
277
277
277
592
277
238
238
238
277
238
238
277
238
238
238
277
261
223
633
313
69
551
800
710
24
996
996
996
171
639
359
359
359
359
171
171
171
171
171
856
359
359
359
359
562
562
171
734
562
562
562
562
562
440
562
562
562
562
562
562
562
562
562
562
562
562
562
562
562
562
562
562
562
562
562
562
562
562
562
562
562
293
562
562
562
562
562
562
308
391
703
1005
515
849
849
141
141
223
633
356
69
800
551
710
834
996
996
996
359
64
538
538
359
50
171
171
171
171
359
359
359
359
359
64
171
171
171
171
562
562
359
359
562
562
562
902
562
562
562
562
949
715
312
703
462
59
313
69
75
710
280
648
648
648
68
68
40
40
40
40
40
40
283
40
40
40
40
40
40
342
1334
2147
3526
4862
1981
2179
3526
4927
1298
2199
3727
4931
1924
2097
3526
5012
1324
3069
4042
4934
1188
2801
3495
4484
1298
2484
3727
4977
1331
2126
3893
4601
1324
2771
4008
5114
1188
2801
3495
4962
1298
2484
3868
4170
1924
2985
3526
4860
1181
3069
3495
4601
1188
2484
3987
5114
1155
2746
4088
4170
1780
2879
4009
5052
1181
2889
4042
5052
1188
2484
4042
4170
1298
2199
4088
5052
1924
2985
3526
4860
1181
3069
4088
4615
1188
2956
3673
5012
1298
2199
4088
4934
1780
2879
3782
5114
1181
3069
3966
4889
1188
2484
4042
5052
1155
2746
4088
4170
1924
2985
3526
5118
1181
2889
4042
4311
1981
2883
4042
5114
1155
2097
3987
4484
1324
3069
3704
4950
1181
2677
3893
4861
1981
2883
4042
5012
1331
2879
3715
4889
1924
3069
3868
5052
1181
2889
4042
4311
1981
2907
4088
4905
1155
2746
4088
4170
1924
2985
3526
5118
1334
2869
4072
5052
1981
2907
4088
4905
1155
2097
4008
5114
1924
3069
4072
5015
1181
2889
4042
4934
1981
2788
3891
5012
1924
2829
3673
5012
1324
3069
3891
5114
1188
3069
3893
4747
1981
2788
3891
5012
1331
2879
3715
5118
1924
2147
3904
5110
1181
2889
4042
4311
1981
2907
3891
5114
1155
2746
4088
5052
1924
2986
3843
5015
1334
2350
3880
5012
1981
2869
3750
5012
1981
2746
3893
5058
2023
2097
4008
4962
1252
2985
4008
4962
2041
2985
4088
4962
1900
2350
4061
5118
1076
2411
3335
4606
1748
2907
3750
5058
1900
2907
3824
5015
1432
2411
4061
4311
2041
2694
4072
5015
2041
2748
3824
5015
1900
2889
3893
4837
1900
2907
3891
4837
2043
2162
3750
4955
1900
2748
4061
5052
1057
2117
3856
4927
1280
2771
3934
4919
2017
2199
3304
4955
1780
2746
3887
4484
1334
2869
3951
4621
1155
2964
3966
4810
1694
2889
3526
4615
1835
2741
4042
4927
1924
2985
3935
5012
1188
2255
3673
5012
1594
2746
4061
5110
1694
2581
3647
5058
1981
2883
4042
4927
1924
2467
3704
5096
1456
2889
3904
5052
1748
2869
4042
4962
1981
2694
3891
4931
2023
2628
3891
5015
1252
2097
3891
4934
1252
2985
3904
5052
1653
2694
3824
5114
1157
2135
3880
4747
1748
2907
3893
5052
1764
2443
3919
4398
1780
2863
3880
4374
1181
2199
3725
4625
2015
2274
3526
4589
1345
2054
4030
5058
1835
2404
3698
4132
1334
2813
4042
4971
1924
2863
3690
4927
1628
2162
3595
4305
1334
2531
3526
4497
1899
2573
3904
4862
1981
2314
3891
5012
1653
2694
4061
4484
1653
2869
4008
5052
1157
2350
3268
5118
1432
2961
3893
4769
2023
2801
3750
5114
2023
2907
3824
5052
1428
2907
3987
5015
1900
2961
4061
5118
1900
2788
3893
4769
2023
2411
4008
4962
2043
2694
4009
4962
1748
2694
3880
5012
1748
2907
3782
5118
1594
3030
3736
4962
1791
2147
3825
4484
1895
2506
3868
4587
1835
2455
3727
4305
1298
2531
3394
5041
1696
2746
4052
5059
1248
2907
4039
4305
1345
2147
3674
4934
1924
2088
3488
5059
1981
2350
3474
5110
1334
2165
3526
4589
1155
2573
4042
4919
1981
2314
4039
5012
1748
2813
3950
5118
1653
2985
3950
4835
1653
2985
3782
5012
1653
2694
3777
5052
1748
2350
3880
5015
1748
2907
4039
4170
2023
2694
3891
4962
1252
2097
4009
5012
1653
2985
4008
5114
1748
2949
4009
5118
1349
2511
3698
5118
2017
2314
3474
4829
1331
2531
3098
4953
1694
2476
4030
4938
1345
2964
4042
4873
1345
2455
3335
4606
1835
2717
4039
4889
1981
2240
3839
4684
1248
2869
3753
4862
1334
2445
3950
4720
1334
2186
3270
4926
1694
2801
3997
4484
1899
2949
3880
4861
1924
2863
3772
4962
1155
2360
3868
5058
1155
2360
3901
4751
1377
2531
3589
4175
1298
2531
3987
4615
1298
3069
3987
5058
1298
2813
3782
5058
1981
2717
3868
4349
1981
2209
3868
4636
1981
2284
3727
4889
1334
2445
3987
5015
1334
2728
3966
5118
1694
2801
4008
4484
1899
2949
4007
4170
1924
2088
4008
4919
1155
2360
3782
4927
1248
3007
3704
5079
1298
2255
3673
4926
1298
3069
3904
4934
1298
2964
4042
5052
1298
2717
3893
4170
1981
2411
3868
4889
1981
2925
3727
4983
1181
2741
3891
5015
1181
2150
3673
4934
1181
3069
3997
5052
1653
2619
3868
4484
1924
2612
3682
4830
1924
2411
3715
5110
1155
2360
3891
5110
1298
2255
3268
4829
1298
2531
4079
5110
1298
3069
3891
5058
1298
3063
3901
5114
1981
2717
3891
5015
1981
2649
3868
4934
1981
2350
3904
4934
1181
2741
4009
5058
1181
3069
4052
5012
1653
2147
4088
4860
1924
2297
3268
5110
1924
2612
3893
4962
1924
2484
3715
4615
1924
2484
3901
5114
1298
2531
3901
5110
1298
2694
3966
5118
1298
2694
4042
5058
1981
2964
3901
4860
1981
2813
3868
5110
1981
2649
3893
5012
1181
2741
4072
5118
1181
2741
3782
5052
1181
3069
4054
4829
1653
2619
3868
5052
1924
2949
3839
5118
1924
2612
4054
4170
1924
2484
3987
4962
1298
2989
3901
4829
1298
2531
3542
5110
1298
2694
4042
5114
1298
2801
3201
5079
1981
2813
3782
5114
1981
2649
3893
5012
1981
2350
4072
5118
1181
2694
3904
4934
1181
3069
3715
4905
1653
2350
3997
5052
1653
2985
3526
4889
1924
2612
3901
4983
1924
2484
3904
5052
1924
2484
3987
5114
1298
3007
4008
4962
1298
2694
3325
5012
1298
2956
3904
4858
1981
2964
4009
4460
1981
2813
4008
4889
1981
2649
3893
5052
1181
2694
4008
4934
1181
2694
3904
5110
1653
2186
3868
5114
1653
2985
3997
5052
1924
2649
4008
4983
1924
2612
3891
4170
1924
2484
3987
5114
1298
2989
3901
5012
1298
2694
3901
5110
1298
2484
3880
5110
1298
2484
3647
4861
1924
2746
4061
4962
1924
2694
3824
5012
1653
2985
4008
5118
1349
2350
3880
4905
1748
2961
3893
4769
1762
2907
4061
5052
1900
2889
4061
4889
1748
2907
3824
4858
2043
2788
3893
4170
2041
2788
3108
4962
1900
2162
3904
5052
1748
2985
3880
4747
2043
2411
4061
5015
2041
2350
3108
4170
1762
2592
3108
4311
2043
2788
3782
5052
1191
3029
3552
4588
1791
2673
3706
4560
1188
2817
3715
4751
1694
2933
4008
4751
1694
2535
3653
4546
1780
3042
3772
5059
1155
2863
3647
4384
1155
2511
3940
4934
1248
2877
3847
4733
1298
2531
3764
4615
1298
3069
3987
4873
1298
2332
4063
4431
1345
2455
4072
4962
1981
2082
3924
4983
1981
2925
3868
4934
1188
2275
4072
4934
1334
2186
3868
4170
1694
2801
3997
4132
1899
2147
3904
4926
1924
2297
3268
5012
1155
2126
4088
5058
1155
2360
3542
5012
1298
3047
3847
4684
1298
2531
4079
4615
1298
3069
3904
5118
1298
2813
4042
4720
1298
2642
3782
4720
1981
2082
3464
4927
1981
2925
3727
4983
1181
2741
3891
5015
1181
2150
3673
4615
1181
3069
3997
5052
1653
2147
3868
4274
1924
2612
3782
4983
1924
2199
4088
4934
1155
2360
3891
4170
1298
2360
3542
4862
1298
2531
4079
5110
1298
3069
3891
5118
1298
2813
4042
5058
1981
2455
3261
5052
1981
2649
3868
4170
1981
2925
3893
5012
1181
2741
3904
4889
1181
2741
4093
4782
1324
2956
3110
4636
1653
2535
3997
4919
1924
2612
3782
4983
1924
2411
3904
5110
1155
2360
3638
5110
1298
3007
3268
4829
1298
2531
4079
5110
1298
2990
4008
5118
1298
3063
3966
5118
1981
2813
3782
5114
1981
2649
3893
4889
1981
2350
4072
4862
1181
2889
4008
5118
1181
2694
4008
5118
1900
2869
3891
4962
1762
2907
3891
4962
2043
2788
3782
5015
1432
2325
3750
4311
1157
2350
3268
5015
2041
2350
3108
4934
1762
2985
3891
5052
1900
2788
3782
4962
1900
2788
3893
4962
1762
2325
3108
4311
2041
2350
3868
5118
1748
2907
3893
4484
2023
2411
4008
4962
2006
3042
4053
4436
1594
2126
3383
4349
1029
2126
4088
4606
1188
2620
4088
4170
1252
2883
3704
5052
2015
2255
3673
5052
1835
2741
3704
4483
1924
2985
3526
4654
1188
2216
3727
4601
1594
2126
3824
4931
1694
2801
4008
4919
1835
2484
4008
4615
1780
2717
3987
5118
1188
2620
3782
4170
1155
2964
3966
4810
1694
2620
3715
5118
1835
2741
3891
4861
1924
2985
3526
5110
1188
2216
3727
4601
1155
2097
3868
5118
1694
2801
4008
5114
1981
2883
3868
4170
1780
2717
3987
5118
1188
2620
3782
4170
1155
2964
3727
4950
1694
3069
3727
5015
1835
2741
4042
4170
1924
2985
3526
5110
1188
2255
3673
5012
1155
2097
3868
5118
1694
2879
3880
5012
1981
2883
3727
4889
1780
2717
3891
5114
1334
2869
4042
4926
1155
2788
3891
5012
1694
3069
3727
4962
1981
2314
3753
5037
1924
2411
3526
5110
1334
2869
4072
5012
1155
2883
3704
4931
1924
2147
3904
5110
1981
2907
4088
4927
1924
2097
3868
4484
1334
2869
4042
5052
1155
2907
3891
4170
1924
2619
3526
5118
1188
2741
3891
4889
1924
2411
4008
4860
1334
2350
3880
5012
1835
2746
3893
4962
1924
3069
3893
5015
1188
2484
4008
5052
1155
2097
3782
4484
1334
2147
3891
5114
1981
2883
3704
4983
1924
2619
3526
5110
1188
2741
3901
4889
1155
2985
3987
4962
1334
2350
3880
5012
1835
2746
3893
5012
1924
3069
3868
4625
1981
2869
3727
5052
1155
2097
3782
5012
1334
2147
3782
5114
1981
2883
4008
4962
1924
2619
3526
5110
1981
2060
3698
5110
1155
2985
3987
4962
1334
2985
3880
5012
1981
2883
3704
4934
1924
2985
4008
4983
1981
2889
3893
4615
1155
2097
4008
5118
1334
3069
3868
4625
1981
2883
4008
5012
1924
2985
3782
5012
1981
2889
4042
4934
1155
2452
4008
4860
1694
2879
4009
5052
1981
2883
3727
5118
1924
2717
3904
4934
1334
2907
3893
4889
1155
2788
3782
5012
1653
2619
4042
5052
1981
2907
3268
5012
1924
2985
3782
5012
1334
2869
4008
5114
1155
2694
3891
5012
1924
3069
4042
4934
1981
2907
3891
5012
1924
2717
3904
4934
1334
2801
4072
5015
1155
2788
3891
5012
1653
2619
3526
5114
1981
2907
3268
4926
1252
2097
3891
5012
1252
2985
3108
5052
1653
2694
3893
5118
1748
2907
3750
4889
2023
2694
3891
5015
2043
2097
3891
5118
2041
2985
3891
5015
2041
2694
3725
5052
1454
2961
3725
4170
1762
2961
3725
5058
1432
2961
3893
5052
1762
2985
3108
4837
1432
2985
4009
5015
1432
2566
4009
5114
1762
2566
3891
4837
1432
2472
3108
5052
1432
2985
3893
5015
1432
2566
3108
4837
1762
2961
3891
4837
1432
2472
3108
5114
2041
2961
4079
5118
1252
2411
4008
4170
1653
2985
4008
5114
1291
2933
3521
5068
1780
2933
3924
5029
1217
2620
3727
5003
1835
2179
3557
4334
1924
2936
4008
4962
1188
2274
3268
4170
1594
2126
3467
4424
1694
2581
3834
4858
1835
2484
4008
4484
1780
2717
3987
5118
1188
2620
3782
4170
1155
2964
3747
4432
1694
2620
3715
4919
1835
2741
4042
4132
1924
2985
3526
5110
1188
2255
3673
5012
1594
2746
3824
5052
1653
2619
3526
4135
1981
2883
3868
5012
1780
2717
3891
5114
1334
2869
4042
4889
1155
2964
3891
4927
1694
3069
3727
5052
1981
2967
3089
4862
1924
2985
4008
4860
1334
2869
3727
4926
1155
2883
3704
4873
1653
2619
3526
4919
1188
2484
4008
5015
1924
2467
3704
5012
1334
2869
4042
4889
1155
2907
3891
4170
1694
2126
4042
4950
1188
2741
3891
4659
1924
2411
4008
4860
1334
2869
3526
4934
1835
2746
3868
5110
1924
3069
3893
5015
1188
2484
4009
4615
1924
2829
3698
4484
1334
2147
3891
4889
1155
2907
3891
4931
1924
2619
3526
5118
1188
2741
3901
4484
1924
2411
3891
5012
1334
2147
3904
4962
1835
2746
3727
4983
1924
3069
3868
5052
1188
2694
3727
5110
1155
2097
3782
5012
1334
2147
3782
4853
1981
2883
4008
4860
1924
2619
3526
4889
1188
2879
3987
4931
1155
2097
4008
4170
1694
2255
3673
4861
1835
2956
3727
4962
1924
2985
4008
4983
1188
2879
3880
4934
1155
2097
3891
5012
1694
2879
3880
5012
1981
2883
4008
5012
1924
2985
3782
5012
1334
2869
4042
5110
1155
2788
4008
4170
1694
3069
4008
4927
1981
2883
3727
5118
1924
2411
3526
5110
1334
2869
4072
5012
1155
2788
3891
5012
1653
2619
3526
5118
1291
2567
3083
4931
1581
2262
4008
5040
2015
2864
3782
4983
1155
2274
4053
4150
1181
2771
3933
4274
1981
2883
3782
4589
1694
2964
3727
5052
1835
2741
3924
4955
1924
2985
4072
4384
1981
2411
3893
4927
1780
2171
3706
4950
1188
2699
3966
4934
1924
2411
4008
4962
1188
2255
3673
4747
1696
2746
3893
5110
1334
2771
3997
5037
1155
2694
3987
4384
1334
2864
3638
4983
1594
2879
3839
5114
1694
2581
3987
5118
1981
2411
3782
5058
1694
3069
3715
4861
1835
2741
3727
5058
1924
2717
3737
4927
1981
2907
3868
4170
1924
2619
3782
4484
1188
2741
3987
4484
1924
2411
4008
4962
1981
3047
4079
4615
1155
2528
3997
4983
1334
2147
3467
5012
1155
2694
3987
4955
1334
2897
3739
5015
1155
2822
3901
4615
1899
3069
4042
4934
1981
2411
3891
5012
1694
2126
3987
4755
1835
2741
3727
5058
1924
2717
3904
4934
1981
2907
3893
5079
1924
2573
4042
5052
1188
2741
3987
4484
1924
2484
3526
4950
1181
2677
3727
4983
1155
2528
3997
4962
1334
2619
4042
4889
1155
2741
3782
4955
1334
2429
3787
4852
1155
2907
3601
4636
1694
2717
4008
4934
1981
2452
3891
5012
1924
2619
3526
4934
1835
2741
4042
4927
1924
2717
4061
5041
1981
2869
3997
5110
1924
2573
4042
5052
1334
2907
3727
4931
1155
2985
4008
4926
1334
2649
3893
4927
1155
2528
3893
5012
1334
2619
4042
4926
1155
2741
3891
4955
1694
2255
4008
4853
1155
2907
3891
5012
1899
3069
3904
4615
1981
2452
3891
5012
1924
2619
4008
5052
1981
2883
3727
5012
1924
2717
4061
5015
1981
2869
3997
5110
1924
2573
4042
4926
1334
2907
3727
4931
1155
2985
4008
4926
1334
2649
3893
5012
1155
2788
3782
5012
1334
2619
4042
5052
1155
2741
3891
5015
1653
2619
4007
5079
1155
2907
3891
5012
1899
3069
3904
4615
1981
2452
3727
4860
1924
2985
3987
5012
1981
2314
3868
4170
1924
2717
4088
4747
1981
2869
3526
4170
1924
2411
3782
5012
1334
2907
4042
4927
1155
2411
4008
4926
1334
2649
3880
5012
1155
2788
3782
5012
1334
2619
4008
5118
1155
2741
3891
5015
1924
2147
3904
4934
1981
2883
3704
4983
1924
2771
3526
4170
1981
2452
3727
4170
1924
2985
4008
4170
1981
2314
3868
4170
1899
2989
3924
4926
1334
2907
3901
4889
1924
2411
3704
4931
1334
2907
3901
4934
1155
2649
4008
4962
1334
2147
3868
4962
1155
2788
4008
4860
1334
2619
4008
5052
1248
2109
3704
4938
1653
2985
3904
4484
2043
2411
3891
5015
1900
2813
4061
4934
1858
2813
3893
5110
1858
2162
3268
5052
1858
2985
3901
4962
2041
2649
3901
4934
1252
2649
3891
4170
1454
2889
3901
5110
1748
2649
3750
5052
2043
2925
4008
4170
2043
2649
3904
5015
1454
2985
3904
5118
1057
2925
3557
4848
1280
2116
4030
5037
1188
2555
3581
4197
1334
2398
3887
4861
2017
2741
4079
5059
1924
2694
3940
4962
1981
2883
3870
4889
1780
2455
3690
5052
1188
2699
3966
5118
1924
2857
3715
5118
1188
2531
3690
4615
1155
2528
3868
4533
1334
2147
3839
5015
1155
2694
3987
5094
1334
2429
3966
4852
1835
2612
3704
4927
1899
3069
3904
5041
1981
2411
3887
5012
1694
2126
3987
5012
1104
2484
4042
5110
1924
2985
4072
5059
1981
2869
3868
4934
1899
2097
3526
4170
1334
2907
3997
4931
1924
2484
4009
4926
1334
2925
3094
5114
1155
2082
3526
4720
1334
2147
3839
4860
1155
2694
3987
4905
1334
2429
3787
5114
1835
2612
3704
4927
1899
3069
3904
5041
1981
2411
3891
4170
1924
2619
3526
4170
1981
2314
3727
4860
1924
2343
3839
5110
1981
2869
3268
5012
1899
2097
3782
5012
1334
2907
3997
4931
1155
2989
3987
4926
1334
2925
3893
4615
1155
2528
3868
4170
1334
2619
3464
4927
1155
2741
4079
5118
1694
2612
3727
5052
1835
2612
3704
5110
1899
3069
3904
5041
1981
2883
4008
4720
1924
2619
3526
5058
1981
2314
3727
4860
1924
2411
4008
4983
1981
2869
3901
5012
1899
2097
4008
4170
1334
2907
3997
4934
1155
2989
4042
4926
1334
2925
3893
4615
1155
2411
3839
4860
1334
2619
4042
4983
1155
2741
3891
5118
1694
2612
4008
4934
1835
2484
4008
4733
1899
3069
3904
5041
1981
2452
3891
4927
1924
2619
4008
4962
1981
2314
3727
4860
1924
2717
4088
4747
1349
2869
3335
4962
1653
2985
3987
5114
1981
2484
4009
5015
1454
2813
4042
5114
1628
2411
3987
4962
1993
3032
3493
4615
1581
3063
3072
5110
1780
2467
4055
4853
1641
2620
3706
5096
1188
2907
3727
4889
1298
2883
3727
5029
1924
2097
4008
5114
1694
2147
3904
4962
1188
2771
4008
4170
1298
2883
4008
4977
1780
2746
3542
4962
1324
3069
3891
5118
1188
2274
3997
5058
1835
2746
3727
4170
1924
2097
3782
5012
1694
2949
4042
4962
1188
2771
3727
4983
1298
2883
4008
4608
1780
2746
3542
5058
1653
2147
4088
5114
1188
2907
4008
4905
1155
2967
3839
4919
1924
2985
3526
4837
1181
2889
3966
5012
1188
2484
4042
4170
1298
2411
3715
4862
1780
2694
4008
4860
1181
3069
3750
5015
1188
2907
4008
4905
1298
2883
4008
4927
1924
2097
3526
4889
1324
2771
3987
4934
1188
2956
3526
4858
1298
2484
4088
4962
1780
2746
3893
4983
1181
3069
3966
5015
1188
2907
4008
4170
2000
2945
4008
4852
