73
781
77
270
161
781
781
680
781
680
781
680
781
781
680
781
680
199
680
199
680
199
680
199
680
199
680
199
680
781
199
519
199
519
199
519
199
519
199
519
199
519
199
519
199
519
519
199
519
199
519
199
519
199
77
270
809
199
519
199
519
199
199
519
199
519
199
519
199
519
199
519
199
519
199
519
199
519
199
199
519
199
519
199
519
199
519
199
519
199
519
199
519
199
519
199
199
519
199
519
77
270
199
519
199
519
199
77
77
270
803
519
474
474
474
199
474
199
519
199
519
199
519
199
519
199
519
199
519
474
474
474
474
474
77
270
803
474
474
519
474
474
474
77
15
270
474
474
474
474
474
474
474
127
474
474
474
139
474
139
474
474
474
474
474
474
474
474
77
270
724
474
474
474
127
474
474
474
139
474
474
474
474
474
474
474
474
474
474
474
474
474
474
474
474
474
474
474
474
474
474
474
77
270
724
474
474
474
127
474
474
474
474
474
474
474
474
474
139
474
474
139
474
474
474
474
474
139
474
474
474
474
474
474
474
474
474
474
474
474
689
689
724
392
392
651
929
165
161
161
723
723
723
723
723
723
723
723
723
723
723
723
723
723
723
723
723
723
723
723
723
723
468
77
270
468
468
468
468
468
468
468
468
468
468
468
468
468
468
468
468
468
468
468
468
468
468
468
468
468
723
723
723
723
723
723
723
723
723
723
723
723
723
723
723
723
723
723
723
723
723
723
723
723
723
723
468
468
468
468
468
817
468
468
817
817
77
270
468
468
468
468
468
468
468
468
468
817
817
817
817
817
817
817
817
814
140
140
140
140
140
140
140
140
140
140
140
140
140
140
140
140
140
140
140
140
140
140
140
140
817
817
817
817
817
817
817
817
817
817
817
817
817
817
817
817
817
817
817
817
817
817
817
817
817
817
817
298
140
127
140
140
140
140
140
140
140
140
140
140
140
140
140
140
140
140
140
140
140
140
140
140
606
817
817
817
225
817
817
817
817
817
817
817
817
817
817
817
817
817
817
817
817
817
817
817
817
167
724
283
689
724
651
165
161
161
161
299
299
299
299
299
299
299
299
299
299
299
299
299
299
299
299
299
299
299
299
299
77
270
968
968
299
299
299
299
299
299
299
818
1981
2717
3772
4747
1981
2801
3868
5058
1981
2801
3198
4747
1981
2949
3950
5058
1748
2642
3876
4962
1748
2801
3891
4962
1748
2350
3868
4934
1748
2350
3727
4889
1748
2350
3727
5015
1653
2907
3727
5052
1653
2869
3727
4926
1653
2889
3727
5118
1653
2889
3727
5015
1653
2889
4088
4615
1653
2619
3727
5052
1653
2619
3526
4934
1653
2619
3526
4810
1653
2619
3526
5058
1653
2619
3526
5058
1653
2985
3526
5058
1924
2717
3893
4615
1924
2717
3893
4654
1924
2717
3893
4654
1924
2717
3111
4934
1924
2717
3891
4934
1924
2717
3891
4934
1924
2484
4072
5052
1924
2484
4072
5052
1155
2638
3486
5110
1155
2638
3486
4955
1155
2638
3486
4934
1155
2746
3880
4934
1298
2989
3727
5052
1298
2989
3727
5029
1298
2741
4072
4962
1298
2741
3782
4962
1298
2741
3782
4747
1298
2741
3782
4747
1298
2741
3782
4747
1298
2741
3782
5118
1298
2694
3987
4132
1298
2813
4008
5118
1298
2801
4039
5114
1298
2801
3901
5118
1981
2528
3987
4170
1981
2717
3987
5114
1981
2717
3725
5114
1981
2717
3750
5114
1981
2717
3951
5015
1981
2717
3904
4132
1981
2717
3893
5015
1981
2411
3893
5118
1981
2801
3868
5052
1981
2801
4072
4962
1981
2949
3893
5015
1981
2949
3893
4934
1181
2484
4008
4934
1181
2741
4072
4889
1181
2741
4072
4747
1181
2741
4072
4747
1181
2741
4072
5052
1181
3069
3727
4962
1653
2869
3526
4934
1653
2889
4088
4615
1653
2619
3727
5052
1653
2619
3526
4934
1653
2619
3526
4934
1653
2619
3526
4837
1653
2619
3526
5110
1653
2985
3526
5118
1924
2801
3782
5052
1924
2717
3893
5052
1924
2717
3893
4934
1924
2717
3893
4934
1924
2717
4072
4934
1924
2694
4072
5012
1924
2484
4072
5052
1924
2484
4072
5052
1924
2484
4072
5114
1924
2484
4072
5114
1628
2097
3966
5012
1628
2097
3966
5012
1150
2097
4061
4926
2043
2097
3987
4934
2023
2097
4008
4934
2023
2097
4008
4934
2023
2097
3987
5012
2023
2097
3987
4615
2023
2788
3987
5012
2023
2788
3987
5012
2023
2788
3997
5114
2023
2788
3997
5114
1298
2801
3782
5114
2023
2788
4088
4484
2023
2788
4088
4889
1981
2788
3782
5110
1981
2717
3987
5114
1981
2717
3891
5118
1981
2717
3891
5118
1981
2717
3725
4934
1981
2694
3893
4889
1981
2694
3893
4889
1981
2801
3782
4962
1981
2801
4072
4962
1981
2801
4072
5052
1981
2949
3893
4934
1181
2879
3891
4934
1181
2879
3891
4934
1181
2879
4088
4934
1181
2694
4008
4934
1181
2879
3966
4170
1653
2869
3727
5052
1653
2869
3526
4934
1653
2889
4042
4983
1653
2889
3526
4931
1653
2619
3893
5012
1653
2619
3526
5110
1653
2619
3526
5110
1653
2985
3526
5118
1653
2985
3526
5118
1653
2985
3782
5012
1924
2717
3893
4934
1924
2717
3893
4934
1924
2717
3893
4934
1924
2694
4072
5012
1924
2694
4072
5110
1252
2097
3526
4927
1924
2484
4072
5052
1924
2484
4072
5114
1924
2484
3966
5110
1252
2097
3727
4950
1252
2097
3727
5114
1628
2097
3987
5114
1298
2989
4008
4934
1298
2989
4008
4934
1298
2989
4008
4934
1298
2694
4008
4962
1298
2694
3987
5110
1298
2694
3987
5110
1298
2694
3987
5110
1298
2694
4008
4170
1298
2694
4008
4931
2023
2788
4088
5012
2023
2788
4088
5012
1981
2746
3782
5015
1981
2788
3782
5110
1981
2788
3782
5110
1981
2694
3782
5118
1981
2694
3782
5118
1981
2694
3782
5118
1981
2694
3893
4889
1748
2907
3782
4889
1748
2907
3868
5118
1748
2907
3868
5118
1748
2869
3868
5110
1748
2869
3868
5110
1748
2869
3868
5052
1748
2869
3526
4927
1748
2350
3893
4601
1653
2869
3727
5118
1653
2869
4008
4934
1653
2869
4008
4934
1653
2907
3893
4654
1157
2889
3268
5015
1653
2694
3893
4615
1653
2694
3880
5012
1653
2694
3526
4931
1653
2985
4008
4837
1653
2985
4008
4837
1653
2985
4008
5015
1653
2985
3782
5012
1653
2985
3782
5012
1653
2985
3782
5012
1252
2985
3526
5015
1252
2985
3526
4927
1252
2097
3526
4950
1252
2097
3526
4934
1252
2097
3526
4927
1252
2097
3727
4983
1252
2097
3727
4950
1252
2097
3727
4311
1252
2097
3727
5114
1252
2967
3782
4926
1298
2989
4008
4934
1298
2989
4008
4934
1298
2879
3715
4934
1298
2879
3715
4934
1298
2694
4008
4934
1298
2694
4008
4934
1298
2694
4008
4934
2023
2788
4088
4747
2023
2788
4088
4747
2023
2788
4088
4747
2023
2788
4088
4747
2023
2907
4088
4484
1981
2788
4008
5118
1981
2694
3782
5114
1981
2694
3782
5118
1981
2694
3782
5118
1981
2694
3782
5118
1981
2694
3893
5118
1981
2694
3893
5118
1748
2642
3904
5118
1748
2694
3893
4889
1748
2907
3893
4889
1748
2869
4072
5012
1748
2350
3893
5118
1748
2350
3893
5012
1748
2350
3893
5012
1653
2869
4008
4934
1653
2801
4088
4934
1653
2801
4088
4747
1653
2869
4008
5052
1653
2889
3893
5012
1653
2350
4042
4170
1653
2889
3893
4484
2041
2350
3750
5052
1653
2694
4008
5052
1653
2694
3782
5052
1653
2985
4008
4837
1653
2985
4008
4837
1653
2985
4008
5114
1252
2985
3526
4934
1252
2985
3526
4934
1252
2985
3904
5012
1252
2985
3904
5012
1252
2097
3893
5012
1252
2097
4008
5015
1252
2097
3750
5012
1252
2097
3727
4837
1252
2097
3727
5114
1252
2097
3727
5114
1252
2097
3727
4931
2023
2097
3526
4311
2023
2097
4009
5012
2023
2097
3750
5012
2023
2097
3750
5012
2023
2097
3727
5118
2023
2097
4042
4934
2023
2788
3750
5012
2023
2788
3750
5012
2023
2788
3750
5012
2023
2788
3750
5012
2023
2788
4042
5015
2023
2907
4042
4962
2023
2907
4042
5015
1981
2694
3782
5114
1981
2694
3782
5118
1981
2694
3782
5118
1981
2694
3901
5058
1981
2694
3893
5052
1981
2694
3893
5052
1981
2801
3782
5052
1454
2907
3893
4460
1900
2869
4072
4837
1748
2801
3782
5015
1748
2350
3893
5118
1748
2350
3893
5118
1748
2350
3893
5012
1653
2801
3750
5114
1653
2801
3750
5114
1653
2801
3750
5114
1653
2801
3966
5015
1653
2889
3893
5012
1653
2350
4008
4170
1653
2350
4008
4837
1653
2985
4008
5015
1653
2985
4008
5015
1653
2985
4008
4837
1653
2985
4008
4837
1653
2985
4008
5114
1653
2985
3782
5114
1252
2985
3526
4934
1252
2985
3526
4934
1252
2985
3904
5012
1252
2097
3893
5052
1252
2097
4008
5052
1252
2097
4008
5015
1252
2097
4008
5015
1252
2097
3750
5012
1252
2097
3727
5118
1252
2097
3727
5118
1252
2097
3727
4931
2023
2097
4008
5015
2023
2097
4008
5015
2023
2097
4008
5015
2023
2097
3901
5012
2023
2097
3750
5012
2023
2788
3750
4962
2023
2788
3750
5012
2023
2788
3750
5012
2023
2788
3750
5012
2023
2788
3750
5012
2023
2907
3987
5015
2023
2907
3987
5015
2023
2907
4042
4962
2023
2907
4042
4170
2023
2869
4008
5015
2023
2869
4008
5015
1748
2907
3782
5015
1748
2907
3782
5015
1748
2907
3782
4889
1748
2869
3782
5012
1748
2869
3782
5012
1748
2642
4009
5052
1900
2350
4061
5118
1157
2869
3268
5114
1157
2869
3268
5012
1748
2350
4008
4983
1653
2801
3891
5114
1653
2801
3750
5114
1653
2801
3750
5114
1653
2801
3750
5114
1653
2694
3893
4615
1653
2694
3893
5052
1653
2694
3526
4170
1653
2694
3526
4170
1653
2985
4008
4837
1653
2985
4008
4837
1653
2985
4008
4837
1653
2985
4008
5114
1252
2985
3526
4934
1252
2985
3526
4934
1252
2985
3904
5052
1252
2985
3904
5012
1252
2985
3904
5012
1252
2097
4008
5052
1252
2097
4008
4934
1252
2097
4008
4934
1252
2097
4008
4934
1252
2097
3891
4615
1252
2097
3891
4934
1252
2788
3727
4860
2023
2097
4008
4311
2023
2097
4008
4311
2023
2097
4008
4311
2023
2097
4008
5015
2023
2097
4008
4934
2023
2788
3750
4962
2023
2788
3750
5012
2023
2788
3750
5012
2023
2788
3750
5012
2023
2788
3750
5012
2023
2907
3987
4769
2023
2907
3987
4769
2023
2907
3987
5118
2023
2907
3987
5118
2023
2869
4008
5114
1748
2907
3782
5118
1748
2907
3782
5015
1748
2907
3782
4889
1748
2907
3782
4889
1748
2907
3782
4889
1748
2869
3782
5110
1748
2869
3782
5110
1748
2350
4042
4889
1748
2350
3893
4889
1748
2350
3893
4889
1653
2801
3750
5114
1653
2801
3750
5114
1653
2801
3750
5114
1653
2801
3725
5114
1653
2694
3893
5052
1653
2694
4008
5052
2041
2350
3526
4934
2041
2350
3966
5012
2041
2350
3966
4837
2041
2985
3893
5052
2041
2985
3108
4962
2041
2985
3108
4934
1762
2985
3108
4962
1456
2564
3782
5052
1924
2717
4054
4170
2000
2889
3526
4654
2023
2788
3698
4830
1252
2691
3940
4601
2000
2147
3111
4589
2023
3008
4042
4962
1252
2162
4088
4484
1653
2944
3698
4889
2023
2907
4042
5015
1252
2411
4088
4926
1924
2649
3935
4460
1981
2694
3824
4170
1155
2801
3839
5058
1924
2942
3824
4926
1748
2907
3901
4889
1628
2942
3924
4927
1924
2788
4079
4747
1748
2649
3727
5118
1248
2907
4054
4830
1924
2484
3966
4589
1748
2889
3526
5118
1334
2445
3782
4621
1298
2949
3690
5114
1653
2990
3987
4201
1334
2350
3935
4763
1298
2694
3901
4962
1653
2964
3764
5052
1334
2350
4079
4889
1298
2694
3893
4810
1252
2619
4054
4601
1653
2619
3270
4589
1981
2964
4039
5114
1252
2325
3997
4919
1653
2944
4088
4484
1981
2694
3782
5058
1155
2694
4061
4926
1924
2649
3935
4460
1981
2694
3108
4889
1628
3063
3839
4962
1252
2748
3108
4955
1748
2907
4072
4889
1628
2907
4079
4962
1924
2694
3891
4830
1748
2649
4061
4934
1723
2274
4054
4962
1252
2097
3727
4460
1748
2889
3526
5118
1981
2360
3893
5118
1298
2949
3690
5114
1653
2889
4042
5029
1334
2350
3893
4955
1298
2694
4008
4962
1653
2964
4061
4615
1334
2350
4079
4889
2023
2788
3839
5015
1252
2619
4054
4601
1653
2564
4042
5015
1981
2964
4072
5114
1252
2325
3868
5079
1653
2944
3526
4889
1981
2694
3782
5058
1252
2411
4088
4926
1924
2649
3935
4460
1981
2694
4054
4889
1155
2801
3904
4955
1924
2694
3935
4830
1981
2694
4072
4615
1628
2907
3924
4955
1924
2694
3891
4830
1748
2649
4088
4934
1981
2949
4054
4927
1924
2746
3893
4589
1748
2889
3526
5118
1981
2350
3952
4615
1298
2989
3388
5052
1653
2889
4042
5029
1334
2350
3893
4955
1298
2694
4008
4962
1653
2964
4061
4615
1334
2350
4079
4889
1298
2694
4008
4955
1252
2619
4061
4962
1653
2564
4042
5052
1981
2964
4072
5114
1252
2325
3868
5052
1653
2944
3526
4889
1981
2694
3891
4889
1252
2411
4088
4926
1924
2649
3893
5110
1981
2694
3901
4889
1628
2411
3887
5012
1924
2694
4072
4955
1981
2694
4072
4615
1628
2907
3924
4955
1924
2694
3891
4830
1748
2889
4088
4862
1981
2949
4054
4927
1924
2746
3893
4934
1748
2619
3904
4601
1981
2949
3987
4893
1298
2989
3388
5052
1653
2619
4008
4201
1334
2801
3268
5015
1298
2694
4008
4170
1653
2964
4061
4615
1334
2350
4079
4853
1298
2694
3893
4955
1252
2619
4061
4962
1653
2564
4042
5052
1981
2788
3782
5058
1252
2325
3868
5114
1653
2944
3526
4889
1981
2694
3891
4889
1252
2411
4088
4601
1924
2649
4008
5052
1981
2694
3901
4837
1628
2411
3887
5012
1924
2694
4072
4955
1981
2694
3880
5110
1628
2907
3924
4955
1924
2694
3891
4830
1748
2889
4088
4862
1981
2949
3891
4934
1924
2746
3893
4934
1748
2619
4061
5012
1981
2949
3987
4926
1298
2989
4008
5052
1653
2619
4008
4201
1334
2801
3268
4853
1298
2694
4008
4170
1653
2964
4061
4615
1334
2949
4079
4889
1298
2694
3893
4955
2041
2325
3782
4769
1653
2694
4079
4460
2023
2907
3750
4769
1252
2325
4072
5012
1653
2985
3750
4460
2023
2907
4042
4889
1252
2411
3904
5012
1653
2097
3901
5012
1981
2694
3901
5110
1628
2411
3893
5012
1924
2694
4072
4955
1748
2907
4042
4926
1628
2907
4054
5012
1924
2694
3891
5114
1748
2889
4042
4962
1981
2949
3891
4934
1924
2746
3893
4769
1748
2619
4061
5012
1981
2949
3987
4926
1298
2989
4008
5015
1653
2619
4008
4201
1334
2801
3268
4853
1298
2694
4008
4170
1252
2619
4061
5012
1653
2869
3750
5012
1298
2801
3891
5114
1252
2325
3526
5114
1653
2564
3750
4615
1981
2746
3893
4919
1252
2325
3868
5114
1653
2985
4088
5012
1981
2694
3891
5118
1628
2411
3782
5012
1924
2694
3901
5012
1981
2694
3901
4934
1628
2411
3893
5012
1924
2694
4072
4955
1748
2907
4042
4926
1628
2907
3893
4170
1924
2746
3893
5015
1748
2889
4042
4962
1981
2949
3891
4934
1924
2746
3891
5058
1748
2619
4008
4601
1748
2869
3715
4926
1298
2989
4008
4747
1653
3069
3891
5015
1334
2801
3268
4853
1298
2694
4008
4170
1252
2325
3526
5118
1653
2869
4008
5015
1298
2801
3891
4955
1252
2325
3782
5052
1653
2889
3782
5015
1981
2746
3893
4889
1252
2325
3891
5012
1653
2985
4088
5012
1981
2694
3891
5118
1628
2411
3782
4955
1924
2694
3901
5052
1981
2694
4008
4950
1628
3063
3966
4927
1924
2694
4072
5012
1748
2907
4042
5052
1628
2907
3893
4170
1924
2746
3893
4837
1748
2889
3782
5118
1748
2907
3868
4170
1252
2097
3727
5114
1456
2889
3904
5118
1748
2869
3526
4927
1298
2989
4008
4747
1252
2889
4061
5052
1748
2350
4088
5012
2023
2097
3997
5118
1252
2325
3782
4615
1653
2869
4008
5114
2023
2788
4088
4905
1252
2325
3782
4934
1653
2889
3782
5012
2023
2907
4042
4962
1252
2325
3891
4962
1653
2985
3750
5012
1981
2694
4008
5118
1628
2411
4008
4955
1924
2694
3901
5052
1748
2907
4042
4889
1628
3063
3966
5110
1924
2694
4072
5012
1748
2889
4042
4889
1628
2907
3893
4170
1924
2746
3893
4889
1748
2889
3782
5118
1748
2907
3893
5012
1252
2097
3727
5114
1456
2612
3880
4170
1748
2350
4088
4905
2023
2097
3750
5012
1252
3069
4061
5015
1653
2869
4008
4934
2023
2097
3891
5012
1252
2325
4008
5052
1653
2869
4008
5114
2023
2907
3704
4931
1252
2325
4008
5114
1653
2889
3782
5012
2023
2907
3750
4311
1252
2325
3891
5110
1653
2985
3750
5012
2023
2869
4008
4934
1628
2694
3782
5012
1924
2694
3901
5012
1748
2907
4042
5114
1628
3063
3966
5110
1924
2694
4072
5114
1748
2889
4042
4962
1748
2411
3893
4927
1924
2746
3893
4889
1748
3069
4061
5015
1748
2907
3893
5012
1252
2097
3727
5114
1157
2619
3750
5052
1748
2350
4088
4747
2023
2097
4008
5015
2041
2619
4061
4962
1653
2869
4008
4934
2023
2097
4042
4170
1252
2694
4061
5052
1653
2889
3893
5012
2023
2907
3750
5114
1252
2694
4061
4962
1653
2985
3750
4615
2023
2907
3750
4747
1252
2325
3891
5110
1653
2985
3782
5012
1748
2907
4042
5114
2043
2411
4088
5058
1924
2694
3901
5012
1748
2907
3824
5118
2043
2907
4088
4170
1924
2694
4008
5114
1748
2694
4042
5052
1748
2907
3893
4962
1252
2097
3750
5012
1454
2889
4061
5118
1748
2350
3891
5012
1252
2097
3727
5118
1157
2619
4072
5114
1748
2350
3893
5012
2023
2097
4008
4170
2041
2325
3782
5052
1653
2869
4008
4934
2023
2788
3268
5012
2041
2325
3782
5015
1653
2889
3750
5012
2023
2907
3750
5114
1252
2694
4061
4962
1653
2985
3750
4615
2023
2907
4008
4311
2043
2325
3782
5015
1653
2985
3782
5012
1748
2956
3698
4950
2043
2411
4061
5015
1924
2694
4008
4889
1748
2694
4042
4950
2043
2907
3893
5015
1252
2097
3526
4934
1748
2694
4042
5052
1748
2642
3904
4170
1252
2097
3750
5012
1454
2889
4061
5118
1748
2350
3893
5012
1252
2788
3727
4860
2041
2325
4042
5052
1748
2350
3893
5012
2023
2097
4008
4170
2041
2325
3782
5114
1653
2889
3893
5012
2023
2135
3891
4747
2041
2325
3782
5114
1653
2889
3750
5012
2023
2907
4008
5114
1157
2411
3782
5114
1653
2985
3750
5012
2023
2907
4008
5118
2043
2325
3782
4311
1653
2985
3782
5114
1900
2907
4042
5114
2043
2907
4061
5058
1252
2985
3268
5114
1248
2976
3933
4810
1181
2162
3727
5037
1181
2748
3924
4747
1181
2990
4030
4747
1981
2619
3595
4460
1981
2813
4039
5015
1981
2452
3704
5094
1298
2748
4008
4955
1155
2788
3901
5052
1924
2813
4039
4889
1924
2990
3869
4170
1924
2889
3690
4926
1653
2748
3698
5011
1181
2135
4039
5059
1981
2147
3891
5015
1981
2813
4039
4589
1981
2452
3704
5094
1298
2748
4008
4955
1155
2788
3901
5059
1924
2813
4039
5058
1924
2990
3987
4589
1924
2889
3893
4926
1653
2350
3698
4927
1181
2649
4079
4786
1981
2619
3901
4889
1981
2813
3987
4589
1981
2452
3704
5094
1298
2748
4008
4962
1155
2985
3901
5114
1924
2813
3782
4132
1924
2889
3887
4926
1324
2788
3987
4926
1181
2989
3940
5041
1181
2649
4030
4684
1981
2619
3901
4889
1981
2813
3987
4589
1981
2097
4008
5058
1298
2748
4008
4962
1252
2788
4072
4747
1252
2985
4079
4170
1653
2964
3966
4589
1653
2314
3690
4852
1653
2907
4072
5015
1515
2801
3924
5015
1981
2813
3880
4747
1981
2813
3987
4132
1981
2746
3904
5015
1155
2788
3325
4132
1155
2985
3901
5114
1924
2813
4079
4132
1924
2889
4008
4955
1324
2741
3901
5114
1181
2694
4072
4962
1181
2649
4030
4955
1981
2813
3880
4747
1924
2907
4008
4654
