194
668
482
482
482
482
482
852
996
441
807
964
47
715
450
831
277
743
917
504
957
135
553
711
84
444
410
630
771
84
834
354
489
916
916
340
693
982
441
807
867
176
483
627
831
479
176
176
132
176
644
450
32
756
756
917
917
957
196
914
606
410
1016
410
852
982
441
807
441
77
532
47
118
831
115
255
151
702
553
929
553
441
807
138
707
798
496
951
84
1010
619
1010
317
965
816
785
853
913
807
867
219
575
579
831
251
454
76
496
340
693
70
32
886
756
917
917
917
84
834
354
410
410
606
802
852
852
996
441
12
866
47
418
831
62
255
917
504
914
929
553
606
84
444
606
740
241
409
84
63
138
798
317
798
693
982
441
807
138
707
575
715
418
831
115
454
28
496
527
693
287
441
358
577
917
504
957
912
84
444
410
798
798
798
437
852
563
441
807
867
391
315
831
784
115
454
917
726
957
644
450
588
756
756
917
917
196
834
78
1016
410
1016
410
852
982
441
12
769
758
47
318
831
479
760
28
504
957
1016
852
951
84
465
768
960
264
196
444
564
438
438
438
494
740
438
664
84
444
667
693
409
418
831
432
667
965
816
734
816
452
715
715
779
244
693
318
441
12
577
995
707
76
734
21
965
549
549
74
693
715
264
831
331
354
550
542
734
21
563
693
84
84
465
465
693
15
196
619
86
432
132
563
564
1016
852
441
12
964
771
715
831
831
784
454
28
496
914
452
287
450
277
756
917
281
196
834
444
1016
802
606
132
1016
132
852
15
84
768
176
715
715
831
115
743
454
957
135
957
1016
912
664
84
465
465
693
409
84
834
619
959
798
176
916
853
853
563
549
693
693
525
418
831
441
577
326
758
176
176
644
287
32
886
756
917
917
957
84
444
354
410
553
410
1016
852
852
441
12
964
867
693
996
831
784
251
758
496
21
693
547
450
202
276
756
917
1022
196
834
768
840
410
840
132
840
19
441
12
964
575
287
318
831
479
743
917
835
957
852
547
450
277
743
917
917
295
196
444
410
1016
611
840
391
441
12
867
441
12
964
391
418
831
479
840
28
496
514
771
452
70
588
756
756
917
917
196
444
354
1016
619
619
563
771
673
786
174
825
825
449
264
450
588
277
756
756
917
917
957
912
84
912
410
852
768
534
