194
668
684
539
201
739
276
739
456
456
606
456
241
121
263
131
1001
345
255
255
684
684
20
5
20
453
735
453
20
149
990
227
990
1000
990
149
990
149
990
227
990
340
990
990
827
375
990
227
375
375
990
375
990
340
990
375
990
340
990
990
375
990
227
990
990
375
990
990
375
375
990
990
375
375
990
375
990
990
375
990
990
990
257
990
990
990
990
848
990
375
990
990
990
990
433
375
990
990
990
433
433
990
433
990
433
990
433
990
433
990
433
125
990
990
433
257
93
990
433
848
93
93
433
735
433
990
433
93
433
735
433
93
340
93
433
990
433
990
433
990
433
788
847
847
922
164
891
979
624
372
979
624
624
624
502
176
153
253
153
253
153
253
153
253
153
253
153
153
153
24
153
79
334
334
50
131
1001
447
255
137
684
20
684
785
453
735
1000
735
149
827
227
785
375
990
990
340
990
339
265
41
262
165
137
87
735
850
341
568
458
48
326
44
68
632
785
227
735
1000
735
149
735
339
996
924
985
138
707
735
735
195
408
700
931
707
735
433
735
1008
236
202
448
767
388
87
735
982
110
700
105
707
735
735
735
389
408
700
931
707
735
452
131
925
961
165
719
388
154
947
897
316
895
731
642
44
787
51
312
312
543
723
71
71
71
71
543
563
224
224
71
71
327
71
224
224
153
774
71
788
788
765
131
202
27
767
388
87
185
982
110
700
324
105
835
828
167
996
924
985
324
566
727
19
131
925
961
165
719
388
185
212
661
862
458
48
44
787
787
51
312
312
723
723
507
507
828
774
224
224
224
774
43
774
24
774
224
774
774
774
774
902
446
131
202
27
767
388
388
185
996
924
231
105
703
835
828
19
191
700
905
324
727
254
19
446
41
1001
165
719
388
388
503
661
568
458
731
204
44
787
247
996
924
985
324
566
979
216
902
119
368
290
290
501
501
501
501
521
521
501
563
501
501
501
850
737
236
1001
345
767
388
388
996
924
231
105
566
979
828
902
996
924
700
324
566
254
979
902
446
236
1001
165
719
388
388
19
82
568
458
731
44
44
787
247
622
924
700
324
566
891
216
109
996
924
985
324
566
254
190
131
1001
448
448
719
276
185
402
765
236
202
593
767
388
388
185
996
924
700
105
566
835
534
