194
668
668
160
160
160
232
402
341
53
210
669
242
686
343
808
808
198
215
611
723
142
500
652
846
846
337
442
442
873
484
160
507
828
828
232
190
973
18
210
669
242
343
56
653
424
80
215
1010
953
71
227
785
17
71
433
788
788
266
578
210
210
242
686
343
808
604
424
462
1010
80
71
462
71
433
71
433
788
788
673
973
18
210
242
686
343
56
424
424
215
215
707
953
71
785
848
71
433
433
71
433
71
462
71
433
71
433
788
676
18
210
669
242
686
343
260
578
210
210
242
686
343
691
652
62
447
447
151
702
889
333
333
739
739
1000
739
149
521
521
17
145
340
145
149
785
227
546
29
145
340
121
362
460
846
447
447
137
690
929
333
739
1000
739
739
848
339
521
785
1000
149
527
29
546
521
227
29
527
527
121
503
973
18
210
242
686
343
343
653
198
215
215
707
953
462
543
543
17
125
1010
244
74
549
543
93
74
462
71
788
664
776
58
354
667
529
125
529
29
546
29
546
222
313
263
652
574
846
337
442
873
519
362
574
846
337
442
442
113
973
18
210
242
686
268
645
51
198
198
215
215
507
462
543
543
17
104
888
372
888
888
543
224
104
888
79
902
765
652
846
447
447
151
702
655
333
333
1000
739
739
257
739
521
785
1000
145
527
145
121
362
574
846
337
137
281
113
973
18
210
242
686
686
343
51
312
198
215
215
80
71
685
604
17
410
71
90
788
500
652
846
846
337
442
113
503
973
18
210
242
686
343
343
312
198
215
215
215
142
36
362
574
846
337
442
442
113
362
574
846
337
442
442
113
973
18
210
669
242
686
343
808
808
198
215
215
618
36
503
578
18
210
242
686
343
503
973
18
210
242
686
343
247
362
62
447
447
151
702
889
333
333
739
453
739
149
739
521
521
227
739
340
616
527
785
227
29
29
546
339
121
676
18
210
210
242
686
343
808
198
198
215
215
215
1010
462
604
776
17
1010
74
142
29
543
853
93
462
462
222
24
543
58
58
354
529
529
529
776
93
546
29
546
848
121
362
652
846
337
719
442
113
362
652
846
337
337
442
113
503
82
210
210
242
686
343
808
312
198
215
215
215
215
462
543
776
723
507
507
888
104
543
224
888
79
79
79
902
362
460
846
447
447
405
