306
668
482
902
190
252
144
27
800
183
35
154
691
252
298
208
183
183
442
185
185
897
568
895
48
242
967
510
243
243
776
782
782
782
782
782
782
1008
252
144
27
183
183
154
154
154
252
298
208
183
183
152
185
185
109
926
379
905
164
995
891
891
732
732
853
723
723
979
79
902
765
252
144
27
800
183
35
154
154
252
298
208
425
183
152
185
503
53
568
799
242
854
967
243
243
782
782
782
782
782
782
782
342
721
144
27
800
183
154
154
982
252
298
208
183
183
152
185
185
109
926
379
922
164
995
80
891
732
732
732
723
461
842
842
36
505
925
144
27
183
183
154
154
500
252
298
208
183
183
185
185
503
82
568
799
242
854
967
243
243
782
782
80
782
782
782
782
691
252
144
27
800
183
35
154
154
572
298
736
208
183
183
185
185
185
926
379
905
164
995
891
891
732
732
853
802
723
802
842
842
95
252
144
27
800
183
35
154
154
252
298
846
208
183
183
154
185
503
82
895
48
242
967
243
243
243
782
782
782
782
782
782
782
691
252
144
27
800
183
154
154
154
252
298
469
208
183
183
185
185
519
379
231
164
164
749
891
732
732
853
461
723
723
802
167
19
505
559
144
27
183
23
154
154
342
252
298
208
183
183
185
185
503
82
568
799
242
854
967
243
243
782
782
782
782
782
782
782
691
572
559
27
800
183
35
154
982
252
298
208
183
183
152
185
185
109
926
379
905
164
995
891
891
732
732
732
723
372
842
842
902
572
721
144
27
800
183
35
553
500
252
298
208
183
183
185
185
519
82
568
799
242
242
946
243
243
782
782
618
782
782
782
782
691
252
144
27
800
183
35
154
154
572
298
469
208
183
832
948
185
185
926
379
922
164
749
891
340
732
732
853
723
802
842
372
142
109
572
279
144
27
183
183
154
154
500
252
298
208
183
183
185
185
503
82
568
799
242
967
510
243
243
782
782
782
782
782
782
782
691
252
559
144
800
183
183
154
154
572
298
736
208
183
848
152
185
232
119
926
379
164
164
891
891
891
732
732
979
979
111
79
79
902
757
252
559
27
800
183
35
154
154
252
298
208
208
183
442
185
402
897
568
799
326
601
243
243
243
782
782
782
782
782
782
782
782
1008
252
144
405
