306
43
1019
729
25
577
620
524
524
76
133
536
805
544
864
769
587
181
864
769
9
536
536
536
536
536
536
440
54
19
446
590
434
620
425
76
553
614
553
840
457
864
769
216
988
181
769
769
758
536
536
372
536
536
440
54
179
190
25
590
577
809
524
679
207
117
536
457
864
769
867
409
307
864
769
9
758
536
536
563
536
536
440
179
1019
25
590
620
250
868
76
133
133
492
457
864
769
867
525
181
864
769
758
536
536
563
536
536
440
54
440
109
765
25
147
620
868
524
152
133
160
790
214
864
867
36
457
864
769
769
758
536
536
536
536
536
440
54
902
765
25
864
620
425
76
76
256
734
121
457
864
769
47
988
181
864
769
9
38
38
232
266
578
993
620
538
212
864
809
809
835
835
835
806
1016
790
457
544
769
647
409
181
864
769
758
758
536
536
536
536
536
440
19
824
25
590
620
250
702
702
135
133
553
457
864
491
638
525
181
769
769
758
536
536
176
536
536
536
536
179
1019
25
590
620
250
497
702
889
929
614
457
864
769
72
409
181
864
769
9
758
38
38
232
722
578
862
77
866
260
590
620
809
47
935
578
423
867
935
358
423
866
575
824
779
960
563
647
304
647
647
647
647
227
647
647
647
389
834
115
749
647
647
647
647
69
199
769
647
143
647
544
769
647
647
740
647
563
647
611
647
647
647
409
25
590
620
250
454
550
647
611
647
647
214
769
647
647
181
864
769
419
647
647
740
647
647
248
647
647
334
409
25
590
620
250
524
51
133
790
790
457
864
769
216
525
181
769
769
758
835
647
536
536
536
125
416
167
1019
25
590
620
620
524
76
133
133
536
167
457
22
867
36
307
864
769
566
536
563
536
536
536
536
740
416
36
757
25
147
620
250
524
51
133
1016
372
805
63
440
54
988
181
769
809
536
536
563
536
536
536
440
54
54
1019
765
590
682
620
326
76
68
133
492
69
864
769
953
409
307
864
769
9
835
619
806
310
722
578
33
77
47
196
864
809
809
835
835
806
806
310
295
544
22
867
36
429
278
577
620
524
524
276
806
806
806
806
790
310
95
25
434
620
524
835
835
160
310
457
544
769
9
840
988
181
769
769
727
758
536
536
536
536
440
54
334
824
25
590
620
250
405
