194
423
242
618
668
247
572
970
640
60
763
763
926
834
354
125
844
432
880
342
721
736
2
763
763
503
82
895
458
242
44
516
247
737
460
355
960
763
763
951
551
444
667
630
74
624
880
265
460
355
960
763
757
53
909
799
669
524
758
247
691
265
970
2
763
763
409
435
834
354
844
844
626
452
572
460
355
2
763
409
897
316
799
669
242
268
38
247
572
970
960
16
763
409
435
834
354
630
844
580
36
737
236
736
2
763
947
897
316
799
669
242
44
80
247
572
460
640
2
763
947
435
834
354
667
72
72
167
1008
236
736
276
763
947
897
316
799
669
204
268
745
247
572
970
613
205
16
711
368
834
354
844
844
72
693
342
460
355
2
763
947
897
316
799
669
242
44
38
452
572
970
613
493
840
840
368
231
354
432
780
253
391
737
637
736
960
763
947
676
82
592
458
242
44
38
247
737
236
736
2
763
763
431
551
444
354
840
840
840
691
572
970
960
205
840
503
53
895
458
242
854
268
247
737
721
968
2
137
763
664
926
231
354
630
72
693
342
925
736
2
690
763
409
897
316
799
669
242
268
247
861
970
355
2
763
167
947
671
834
354
630
72
313
95
721
736
2
763
763
676
53
592
669
242
268
38
247
572
970
355
60
763
840
212
671
331
630
844
432
391
342
925
355
2
276
763
503
53
895
458
290
497
20
20
721
262
613
151
20
149
521
521
1000
257
149
257
339
342
925
613
613
20
889
339
389
609
862
669
242
516
632
547
123
355
613
137
889
618
521
521
257
220
616
616
257
691
265
262
618
690
73
850
341
942
592
669
44
516
73
691
265
262
613
137
690
685
748
444
220
545
220
527
339
737
236
355
2
763
241
897
316
592
669
326
601
545
603
572
970
613
60
241
685
435
444
37
880
37
545
452
572
970
613
16
763
241
676
316
592
669
326
44
68
342
721
355
613
60
281
409
58
989
290
145
340
134
339
737
460
355
613
241
673
53
862
646
862
39
532
516
691
721
262
613
60
763
295
768
444
290
1005
134
134
342
925
355
613
255
690
241
503
609
458
935
33
642
47
342
925
355
613
690
684
241
912
768
290
667
134
527
339
572
460
355
613
690
684
339
341
942
458
578
33
39
516
632
785
265
94
405
