1012
290
497
20
972
338
365
972
20
972
365
972
365
972
365
740
365
662
365
662
365
338
338
365
292
365
292
365
437
365
292
365
317
365
31
365
195
338
779
365
338
365
896
365
957
365
31
365
401
824
62
255
743
896
539
539
272
437
272
437
272
437
874
272
272
874
874
490
740
874
567
490
369
874
490
818
874
818
490
818
874
594
490
874
594
818
647
611
874
490
750
874
271
108
391
729
839
993
77
620
524
454
51
206
248
490
206
206
294
636
206
391
195
338
704
960
292
825
303
451
818
874
825
386
874
874
545
563
338
338
558
292
303
386
108
874
303
108
750
874
750
108
874
338
338
558
338
743
896
768
798
96
272
176
176
490
176
874
96
31
96
874
490
31
874
798
798
798
874
490
369
874
740
818
96
818
96
490
874
176
96
798
818
874
490
874
874
818
391
729
839
993
620
454
28
743
768
843
201
843
96
96
31
96
31
96
96
96
31
96
31
96
31
750
96
31
96
31
705
768
768
1005
348
348
1005
348
1005
348
348
1005
348
1005
348
1005
348
1005
1005
644
287
779
558
406
896
829
517
517
517
517
517
272
517
272
517
272
517
874
818
874
490
874
818
108
874
490
874
818
490
874
490
874
369
818
874
750
750
880
874
108
490
874
108
874
490
874
818
121
729
839
839
77
620
524
524
758
272
611
272
489
959
338
338
108
750
108
750
108
750
108
750
108
740
108
750
108
840
840
840
338
338
558
740
825
517
108
750
108
292
825
517
96
750
750
108
750
338
338
558
743
896
896
272
201
272
840
674
840
348
840
348
348
348
874
880
348
37
37
874
880
348
818
37
37
818
880
248
818
818
750
108
248
750
818
750
108
750
880
750
880
750
750
740
108
771
729
839
839
77
620
338
292
292
825
292
825
608
272
201
272
386
750
108
818
108
818
611
818
611
818
108
750
108
818
108
818
750
248
365
818
108
750
108
750
750
108
818
108
108
248
108
818
108
750
750
108
750
452
338
338
558
558
960
201
272
201
750
108
201
272
818
272
818
1005
818
248
818
818
818
818
740
750
874
818
108
248
636
818
880
818
108
740
750
818
108
750
750
750
108
750
108
563
750
195
729
839
77
620
454
28
768
348
1005
348
1005
37
880
348
880
37
37
534
