306
393
482
393
456
257
339
996
839
423
138
707
134
553
816
735
84
393
159
393
339
982
191
445
423
866
707
283
143
885
220
735
816
805
509
735
816
223
340
159
735
693
996
278
445
423
866
524
734
816
805
509
735
816
244
816
965
563
549
816
93
433
93
153
965
433
340
788
313
266
578
862
77
642
920
920
412
594
51
806
513
545
437
545
852
15
822
989
550
667
340
223
693
673
225
358
77
866
601
601
283
175
931
223
920
273
545
21
965
816
327
313
191
278
955
620
601
920
920
84
444
220
1010
220
611
221
943
327
327
327
327
327
327
693
15
509
667
546
29
563
853
93
29
780
740
549
780
93
74
93
74
222
313
315
225
862
77
642
920
935
358
33
866
601
920
412
594
806
38
15
509
220
220
218
218
943
121
121
266
278
445
77
866
601
920
84
509
424
1010
220
740
121
996
278
955
423
866
601
920
51
734
84
594
220
545
248
218
327
327
327
549
327
327
740
327
327
888
327
327
153
153
153
403
15
212
191
358
862
77
587
361
33
77
866
935
143
885
920
15
509
220
594
220
223
73
527
121
266
278
955
423
866
601
920
412
318
73
220
1010
220
545
509
290
638
638
501
638
149
638
195
266
942
885
642
885
601
73
260
578
33
885
885
601
920
412
587
319
884
308
308
554
726
554
295
319
884
291
308
308
726
295
85
91
120
728
504
937
937
937
786
958
91
89
89
249
901
249
315
85
62
558
504
504
456
456
456
456
456
456
456
456
456
456
456
456
456
84
456
456
456
408
807
809
454
740
456
393
159
159
597
84
456
456
456
452
191
445
423
250
787
76
835
564
805
223
71
410
244
852
996
924
733
423
809
76
76
564
513
494
84
223
93
816
159
93
153
313
996
258
964
995
758
758
564
153
84
153
153
93
24
153
19
191
258
423
995
787
412
513
513
688
84
509
667
740
304
888
688
313
996
924
733
250
995
920
412
805
223
888
888
104
888
888
104
153
153
190
191
445
423
995
601
758
223
160
513
513
153
153
153
153
19
408
807
809
758
758
104
84
740
888
888
888
153
190
191
445
423
866
601
920
412
805
509
749
953
842
688
888
104
771
190
191
445
77
885
920
412
196
21
271
513
603
603
191
358
955
885
601
405
