9217
9218
300
256
791
999
283
442
901
677
631
256
804
170
465
783
737
379
693
971
551
971
995
51
674
51
674
971
551
971
62
436
287
44
7
242
968
465
59
642
724
149
282
149
299
149
478
661
214
833
433
433
226
940
971
35
716
195
499
195
646
551
971
200
971
551
971
551
53
971
716
674
582
674
971
674
971
703
140
249
562
283
442
283
442
901
442
901
971
901
971
551
971
674
716
674
971
674
971
183
705
631
82
363
242
968
647
642
922
642
429
513
815
677
182
197
197
248
991
74
598
429
478
478
182
884
363
743
243
59
53
723
253
723
253
677
71
884
794
723
803
479
932
247
703
107
427
471
363
884
417
417
995
417
841
841
841
841
841
208
841
417
703
95
703
417
724
703
107
697
44
7
242
968
59
6
379
471
995
591
995
169
267
107
214
833
833
433
433
226
324
436
103
532
420
105
420
205
637
499
1011
499
205
677
182
884
794
723
315
723
794
723
403
228
114
114
242
968
59
465
922
637
282
248
361
248
471
399
803
790
361
301
361
379
107
287
370
114
1015
21
836
119
471
58
248
282
361
282
361
282
361
904
991
454
361
478
946
831
448
256
150
289
82
59
637
784
637
784
637
454
205
454
51
904
904
505
454
454
505
861
103
256
256
243
59
840
784
840
784
248
591
840
51
505
51
51
904
193
493
769
861
106
103
44
900
242
968
403
803
205
337
637
282
205
454
677
547
399
887
3
74
535
682
893
448
929
257
733
470
548
196
909
108
452
444
444
513
444
307
705
547
889
836
783
71
206
106
214
833
433
1015
226
201
201
127
588
929
257
733
927
11
5
957
900
505
623
247
703
183
378
370
44
1015
242
465
59
61
127
775
608
976
608
976
723
794
51
794
51
53
51
51
217
543
762
135
999
940
299
637
784
1011
96
68
5
68
730
107
588
44
7
833
433
226
6
926
205
363
641
1021
487
133
265
783
379
518
829
205
454
429
454
605
605
676
454
478
63
249
380
791
283
442
283
442
901
784
901
499
551
964
551
499
551
716
68
361
68
821
628
436
641
363
1021
243
265
133
265
191
903
693
829
5
927
927
183
507
210
152
187
152
702
152
977
448
135
434
645
213
949
73
922
637
816
369
379
379
193
115
1005
1014
110
1014
458
9219
1617
1814
1935
1469
1860
1536
1191
1792
1403
1782
1443
1604
1921
1458
1294
1307
1681
1754
1528
1304
1754
1910
1635
1535
1838
1535
1062
1664
1755
1535
1626
1664
1535
1565
1674
1516
1535
1565
1626
1940
1535
1161
1161
1161
1161
1161
2033
1965
1965
1147
1147
2033
2033
2033
1502
1502
1437
1782
1932
1409
1409
1637
1936
1707
1590
1480
1409
1747
1205
1501
1878
1878
1267
1424
1792
1674
2044
1910
1814
1351
1674
1789
1754
1606
1211
1354
2044
1789
1789
1351
1564
1867
1610
1583
1351
1635
1161
1583
1626
1755
1635
1635
1867
1626
1626
1626
1813
1755
1452
1452
1867
1626
1993
1867
1867
1867
1531
1174
1535
1517
1290
1037
1191
1813
1606
1250
1597
1535
1565
1896
1813
1666
1769
1270
1354
1755
1516
1755
1626
1896
1557
1764
1161
1664
1896
1059
1813
1410
1351
1470
1470
1963
1406
1987
1387
1214
1470
1712
1348
1307
1136
1416
1747
1123
1707
1136
1669
1832
1754
1123
1758
1136
2045
1880
1409
1209
1707
1136
1669
1950
1973
1707
1832
1480
1524
1524
2012
1156
1152
2045
1416
1240
1828
1502
1156
1152
1416
1502
1502
1680
1152
1445
1044
1044
1452
1044
1523
1417
1535
1801
1523
1788
1896
1299
1299
2046
1044
1044
1229
1147
1147
2033
2033
1502
1502
1147
1044
1403
1896
1996
1788
1993
1896
2046
1788
1788
1801
1896
1764
1788
2028
2006
1896
1690
1209
1299
1044
1299
2038
1690
1690
1516
1294
1778
2044
1825
1215
1637
1666
1794
1947
1867
1583
1690
1690
1759
1690
1299
1931
1690
1690
1690
1690
1764
1242
1576
1343
1646
1535
1792
1385
2045
1814
1535
1535
1806
1237
1664
1830
1838
1535
1535
1455
1830
1812
1597
1564
1535
1555
1535
1597
1564
1732
1378
1152
1152
1564
1812
1555
1452
1597
1452
1452
1452
1452
1597
2012
1429
1597
1584
1427
2033
2033
1307
1502
1627
1597
1455
1336
1828
1669
1555
1828
1597
1148
1682
1555
1411
1894
2042
1307
1186
1438
1666
1583
1666
1597
2001
2008
2046
1523
1170
1963
1758
1264
1841
1608
1854
1820
1778
1617
1288
1288
1597
1808
1945
1555
1747
1896
2032
1221
1945
1886
1952
1788
1982
1612
1788
1564
1555
2032
1857
1936
2006
1646
1459
1403
1939
1059
1984
1387
1846
1555
1932
1424
1800
1824
1800
1794
1583
1874
1660
1747
1666
1666
1263
1409
1996
1513
1746
1597
1597
1597
1436
1597
1982
1403
1459
1272
1445
1604
1409
1996
1666
1597
1597
1906
1597
1445
1597
1973
1837
1947
1802
1409
2042
1950
1949
1824
1480
1480
1583
1597
1849
1979
1743
1764
1979
1513
1409
1683
1425
1605
1443
1837
1250
1820
1963
2042
2018
1982
1814
1874
1354
1939
1670
1597
1436
1705
1947
1636
1763
1854
1763
1264
1874
1940
1666
2008
1936
1931
1410
1982
1327
1635
1564
1635
1945
1945
1867
1824
1027
1288
1982
1783
1945
2010
1920
1960
1931
1982
1945
1945
1966
1966
1824
1627
1524
1567
1211
1610
1838
1610
1849
1057
2015
1835
1029
1332
1984
1517
1802
1346
1354
1403
1604
1800
1392
1998
1993
1830
1896
1755
1998
1557
1764
1743
1392
1896
1993
1998
1977
2015
2003
1788
1703
1892
1659
1801
1788
1807
1791
1332
1528
1712
1868
1985
1081
1081
1564
1798
1940
1354
1936
1664
1610
1813
1985
1597
1764
1993
1583
1392
1931
1764
1703
1635
1216
2032
1703
2006
1788
2046
2006
1867
1209
1583
1846
1059
1516
1315
1635
1606
1606
1867
1949
1597
1583
1452
1637
1867
1519
1867
1583
2028
1867
1635
1519
2012
1089
1617
1178
1683
2018
1597
1800
1820
1940
1800
1996
1996
1783
1882
1525
1307
1436
2045
1136
1973
1403
1525
1215
1886
1206
1950
1788
1857
2008
1703
1905
1892
1947
1940
1635
1403
2032
1215
1263
1564
1583
1666
1939
1906
1056
1504
1560
1560
1211
1535
1800
1812
1583
1666
1410
1755
1354
1392
1535
1564
1392
1535
1769
1354
1535
1583
1403
1666
1755
1812
1931
1635
2028
1392
1896
1392
1800
1795
1254
1681
1136
1123
1525
1828
1250
1525
1828
1409
1996
2003
1410
1815
1764
1557
1993
1931
1931
1801
1931
1764
1599
1312
1779
1438
1438
1718
1599
1599
1985
1974
1438
2012
1755
1403
1712
1779
1372
1784
1996
1372
1789
1438
1372
1599
1240
1597
1758
1712
1974
1831
1867
1675
1812
1758
1283
1861
1283
1283
1283
1758
1315
1330
9220
3021
2480
2129
2129
2948
2996
2948
2257
2136
2940
2979
2360
2568
2560
2226
2136
2563
2992
2822
3070
2129
2353
2386
2226
2129
2234
2445
2129
2393
2882
2129
2129
2480
2129
2129
2129
2948
2508
2386
2860
2508
2413
2048
2129
2398
2905
2380
2391
2587
2482
2061
2858
3070
2383
2971
2077
2429
2657
2257
2110
2690
2129
2266
2077
2568
3044
2787
2857
2625
2126
2590
2153
2393
2460
2979
2249
2767
2413
2844
2061
3015
2447
2482
2657
2691
2724
2811
2883
2788
2424
2487
2971
2391
2844
2672
2105
2993
2147
2345
2657
2412
2928
2198
2603
2506
2883
2777
2097
2567
2849
2529
2657
2905
2198
2700
2088
2116
3021
2822
2249
2457
2457
2082
2516
2182
2262
2118
2979
2883
2467
2398
2050
2257
2589
2134
2619
2257
2925
2482
2091
2529
2787
2487
2260
2800
2257
2260
2844
2545
2517
2591
2371
2169
2478
2345
2868
2327
2054
2462
2071
2366
2283
2331
2506
2430
2429
2921
2631
2117
2478
2727
2085
2947
2260
2786
2762
2057
2226
2607
2464
2470
2394
2762
2749
2669
2958
2282
2762
2460
2784
2272
2399
2509
2837
2844
2346
2784
2272
2609
2348
2226
2868
2799
2282
2348
2849
2784
2799
2604
2777
2844
2349
2972
2525
2777
2282
2255
2225
2406
2285
2657
2657
2198
2074
2979
2620
2306
2503
2503
2074
2074
2996
2657
2333
2091
2657
2091
2198
2074
2891
2657
2657
2503
2198
2074
2262
2463
2657
2198
2198
2603
2435
2521
2787
3054
2401
2401
2844
2637
2276
2971
2607
2643
3054
2401
2401
3054
2585
2671
2349
3054
2401
2192
3054
2958
2529
2890
2723
2833
2307
2968
2209
2378
3061
2510
2890
2619
2344
2630
2571
2796
2057
2340
2837
3011
2529
2277
2117
2529
2465
2278
2667
2257
2799
2348
2085
2784
2799
2282
2249
2348
3046
2784
2799
2282
2348
2669
2249
2784
2769
2787
2250
2390
2262
2465
2262
2168
2672
2114
2123
2796
2811
3059
2096
2735
2529
2388
2939
2715
2479
2123
2647
3065
2559
2672
2320
3007
2447
3071
2777
2851
2228
2863
2292
2374
2096
2049
2478
2877
2866
3054
2284
2401
2429
2925
2276
2544
2691
2243
2818
2453
2434
2561
2364
2800
2723
2309
2630
2791
2705
3012
2350
2343
2939
2264
2580
2585
2671
2655
2485
2420
2779
2382
2887
2738
2640
2630
2672
2467
2240
2905
3054
2208
2300
2663
2420
2420
2937
3070
2623
2841
2672
2672
2589
2536
2645
2598
2264
2488
2872
2401
3054
3054
2841
2401
3065
3054
3054
2577
2192
2192
2050
2401
3054
3054
2401
3044
3054
2585
2401
2996
3054
2996
2156
2374
3008
2048
2130
2876
2608
2798
2846
2466
2823
2517
2767
2833
2443
3062
3037
2136
2525
2460
2421
2192
2484
2119
2937
2401
2697
2619
2751
2317
2294
2180
2663
2222
2619
2565
2309
2781
2117
2097
2381
2270
2619
2986
2905
2905
2789
2642
2964
2939
3055
2102
2890
2394
2800
2765
2183
2589
2833
2741
2833
2834
2935
2247
3054
2730
2269
2629
2170
2599
2599
2101
2730
2344
2730
3065
2156
2214
2525
2255
2590
2760
2304
3021
2121
3011
2249
2905
2457
2869
2535
2429
2083
2829
2727
2090
2544
2619
2880
2249
2531
2177
2905
2905
2936
2818
2691
2905
2699
2796
2356
2880
2345
2812
2393
2082
2983
2421
2095
2191
2557
2557
2352
2983
2699
2557
2352
2557
2557
2881
2881
2881
2557
2484
2905
3007
2557
3071
2628
2557
2557
2352
2380
2324
2557
2324
2354
2557
2869
2443
2557
2787
2118
2215
2557
2557
2343
2557
2557
2352
2996
2557
2557
2557
2443
2761
2626
2245
2114
2278
2272
2313
2616
2249
2796
2330
2096
2557
2905
2133
2464
2269
2078
2549
2394
2646
2464
2723
2646
2255
2905
2609
3045
2421
2695
2905
2890
3035
2905
2467
2429
2317
3008
2096
2996
2278
3059
2161
2905
2484
3056
2457
3021
2309
2249
2147
2249
2555
2869
2930
2249
2097
2800
2380
2309
2457
2833
2667
2257
2257
2262
2161
2249
2529
2390
2424
3008
2608
2457
2380
2700
2470
2257
3016
2965
2549
2635
2546
2723
2681
2464
2723
2269
2463
2996
2993
2939
2249
2693
2095
2225
2907
2470
2619
2700
2630
2058
2349
3070
2057
3070
2817
3065
3015
2933
2550
2811
2854
2349
2462
2151
2372
2057
2690
2345
3015
2690
2242
2977
2394
2899
2110
2844
2721
3070
2575
2939
2380
2691
2860
2724
3051
2525
3023
2581
2360
2925
2848
9221
3932
3608
3149
3120
3663
3872
3339
4063
3796
3079
3872
3887
3224
3878
3269
3246
3101
3733
3663
3817
3597
3427
3461
3908
3641
3705
3330
3870
3997
3401
3458
3366
3649
3259
4055
3595
3440
3608
3872
3094
3440
3324
3876
3719
3504
3307
3915
3775
3109
3210
3474
3485
3168
3210
4022
3168
3485
3710
4051
3464
3229
3168
3872
3365
3097
4093
3942
4056
3175
3663
3838
3485
4064
3900
3410
3942
3339
3419
3208
4030
3210
3109
3191
3726
3934
3928
3475
3624
3208
3333
3994
3924
3363
3942
3502
3300
3149
3119
4004
3094
3456
4051
4014
3104
3611
3081
3928
4051
3210
3691
3843
3888
3536
3305
3810
3691
3780
3105
3403
4055
3141
3756
3758
3536
3149
3119
3804
3732
3085
3300
3872
3928
3644
3082
3142
3764
4052
3305
3210
3300
3764
3843
3600
3966
3710
3207
3504
3504
3189
3740
3434
3605
3941
4064
3784
3967
3827
3572
3912
3922
3429
3182
3641
3559
3208
3095
3094
3758
3383
3084
3791
3512
3135
3739
3107
3364
3730
3502
3900
3699
3831
3694
3098
3079
3245
3820
3629
3854
3720
3768
3583
3820
3406
3941
3979
3245
3592
3547
3178
3883
3245
3245
3600
3554
3327
3734
3265
3868
3820
3663
3734
3790
3469
4077
3940
3300
3178
3734
3816
3104
3104
3339
3527
3780
3687
3339
3502
3485
3229
3210
3854
3782
4008
3913
4077
3690
4004
4052
3982
3674
3687
3208
4056
3111
3834
3398
3143
3300
3504
3940
3388
3854
3271
3977
3593
3927
3491
3143
3469
3189
3148
3291
3242
3096
3536
3338
3229
3506
3303
3376
3456
4042
4052
3377
3770
3410
3878
3443
4045
3784
3819
3339
3439
3210
3276
3687
3250
3916
3999
3975
3606
3485
3087
3536
3536
3846
3456
3923
3885
4051
3999
3398
3851
3351
3734
3245
3319
4003
3092
3178
3166
3734
3997
4007
3319
3881
3504
3245
3111
3217
3178
3109
3763
3775
3974
3978
3143
3804
3245
3908
3733
3305
4032
3500
3974
3305
3634
3739
3557
3503
3708
3820
3846
4073
3245
3919
3297
3978
3368
3514
3817
3780
3788
3104
3458
3533
4063
3430
3431
3345
3274
3693
3517
3611
3959
3652
4059
3531
4052
4006
3413
3521
3305
3573
3235
3618
3440
3177
3888
3934
3921
3639
3619
3764
3781
3215
3705
3662
3540
4004
3176
3190
3846
3708
3106
3080
3366
3264
3633
3912
3095
3175
3959
3420
3478
3817
3215
3276
3606
3733
4032
3126
3488
3633
3828
3276
3807
3262
3588
3276
3358
3458
4073
3277
3101
3081
3512
4004
3633
3175
3175
4032
3649
3887
3878
3439
4059
3606
3276
3458
3947
3490
3947
3276
3091
3843
3303
3303
3303
3780
3428
3540
3215
3256
3994
3177
3878
3740
3854
3197
3781
4016
3354
3959
3334
3215
3780
3215
3363
3632
3215
3878
3692
3252
3183
3409
3985
3556
3305
3813
3081
3669
3668
3240
3238
3976
3307
3478
3878
3810
3663
3602
3825
3237
3668
3918
3165
3780
3366
3815
3368
3815
3663
3368
3447
3095
3427
3114
3730
3661
3562
3509
3500
4065
3547
3787
3484
3585
3320
3365
3206
3365
3185
3551
3978
3304
3281
3329
3352
3288
3981
3394
4005
3641
3764
4087
3339
4004
3300
3994
3682
3238
3413
3987
3698
3652
3623
3104
4052
4032
3876
3653
3991
3427
3462
3242
3232
3469
3980
4052
3941
3154
3171
3606
3442
3774
4055
3631
3961
3450
3545
3120
3532
3600
3600
3327
3600
3600
3600
3506
3600
3171
3259
4054
3304
3493
3810
3458
3084
3085
3949
3855
3600
4073
3600
3084
3600
3512
3928
3600
3671
3371
3552
3671
3791
3659
3959
3600
3796
3995
3917
3629
3085
3087
3532
3608
3760
3176
3200
3383
3232
3313
3366
3181
3497
3202
3979
3740
3632
3608
3202
3845
3843
3883
3854
3608
3810
3327
4013
3620
3819
4010
3409
3810
3914
3716
3439
3997
3530
3111
3366
3916
3208
3410
3114
3929
3900
3602
3556
3235
3950
3567
3305
3632
3982
4077
3408
3536
3735
4094
3153
4094
4052
3522
4077
3475
3985
3530
3804
3942
3660
3976
3168
3708
3413
3521
3696
3351
3458
3323
3263
3304
3091
3351
3945
3419
3494
3644
3104
3576
3165
3997
3165
3843
3810
4094
3928
3478
3107
4059
3787
3469
3469
3148
4059
3248
3469
3148
3147
3565
3724
4042
3282
3642
3271
3271
3770
3500
3372
3429
3601
3723
3311
3420
3311
3789
3642
3785
3208
3276
3215
3418
3416
3976
4029
3815
3780
3839
3994
3449
3197
9222
4546
5072
4773
5023
5028
4990
4412
4800
4609
5023
4582
4369
4439
4713
4156
4703
4701
4500
4725
4812
4841
4253
4478
5048
4478
4751
5097
4175
4161
4801
4608
4713
4431
4806
4599
4915
4313
4812
4128
4210
4377
4713
4426
4414
4743
4248
4198
4358
4647
4738
4806
4897
4789
4283
4553
4433
4430
4897
4151
4325
4915
4289
4939
4721
4562
4728
4289
4469
4442
4643
4117
4916
4937
5010
4942
4249
4727
4562
5030
5037
4304
5034
4313
4349
4643
4103
4798
4543
4578
4274
4325
4274
4581
4289
4492
4274
4942
4985
4918
5022
4896
4788
4904
4961
4727
4728
4358
4371
4836
5031
4558
4925
4289
4489
4325
4432
4558
4097
4820
4190
4352
4727
4806
5020
5030
4105
4743
5086
4259
4743
4259
4701
5022
4352
4414
4243
4961
4942
4931
4695
4540
4419
4743
4990
4665
4150
4468
4241
4197
4998
4347
4800
4629
4998
4165
4987
4315
4325
4226
4960
4447
4524
4286
4875
4251
4432
4451
4120
4485
4792
4419
4120
4948
4421
4397
4606
4966
4332
4337
4644
4496
5011
4253
5089
4928
4481
4990
4646
4988
4817
4442
4854
4239
4442
4813
5102
4354
4692
4885
4997
4439
4692
4713
4149
4653
4713
4873
4875
4506
4120
4889
5079
4539
4510
4692
4637
4221
4567
4713
4383
4344
5066
4159
4326
4567
4430
4491
4937
4838
4747
5079
4296
4983
4494
5108
4583
4421
4215
4145
4325
5028
5041
4494
4122
4826
4727
5020
4283
4615
4990
4971
4318
4417
4596
4563
4914
4380
4586
4728
4875
4942
4919
4918
5037
5041
4599
4374
4861
4558
4278
4720
4801
4678
5109
5051
4809
4323
4096
4816
4639
4558
4097
4134
4701
4727
4714
4198
4122
4519
4897
4616
5100
4117
4604
4119
4869
4119
4421
4241
4624
4132
4411
4325
4475
5102
4915
4729
4202
4401
4899
4539
4103
4299
4468
4122
4539
4227
4965
5080
4692
4322
4399
4916
4326
4643
4383
4791
4728
5011
4353
4904
4681
4728
4853
4490
4972
4692
4664
4646
4644
4193
4791
4227
4646
4998
4436
4738
4908
4684
4776
5079
5088
4122
4789
4477
4259
5013
4356
4629
4497
4752
4264
4262
5038
4263
5037
4826
4800
4866
4763
4157
4402
4905
4114
4987
4692
5022
4419
4853
4656
4539
4852
4759
4253
4454
4484
4429
4510
4322
5002
4773
4134
4740
5020
4898
4334
4332
5023
4233
4150
4994
4631
4759
5018
4436
4554
4203
4830
4826
4838
4468
4156
4706
4120
4508
4994
4724
4711
4277
4684
4724
4475
4324
5010
4772
4730
4803
4137
4218
4451
4316
4128
4641
4131
4989
4677
4543
5116
4978
4790
4512
4899
4897
4453
4784
4853
5018
4469
4465
4148
4919
4109
4994
5119
5022
4381
4638
4314
4724
4898
4741
4253
4724
4852
4414
4167
5084
4469
4137
4826
5037
4922
4414
4554
5028
4452
4253
4260
5069
4253
4807
4763
4990
4733
5079
4567
5023
4412
4127
4786
4109
4194
4472
4324
4126
4239
4814
4314
4646
4684
4926
5115
4124
4184
4705
4814
4391
4570
4180
4133
4724
4120
5056
4772
4724
5005
5037
4859
4567
4691
4561
5025
4119
4578
4581
4543
4379
4741
4468
4210
4173
4150
4961
4197
5028
4414
4896
4424
4998
4853
4538
5034
5095
4414
4893
4800
4819
5056
4835
5031
4384
4886
4683
4850
4792
4924
4774
4504
4298
4971
4851
4710
4947
4442
4806
4813
4878
4695
4661
4726
4961
5082
4705
4898
4567
4332
4233
4795
4795
4244
4200
5004
5079
4567
4510
4387
4494
4434
4998
4285
4122
4285
4562
4287
4190
4599
5044
4973
4459
4795
4344
4739
5059
4111
5037
4800
4159
5094
4373
5023
4826
4200
4833
4371
4998
5090
5001
4331
4639
5102
4898
4099
4884
4242
4504
4424
4295
5011
4795
4695
4701
4134
5095
4242
5107
4251
4210
4234
4862
4961
4150
4551
4961
4544
4098
4987
4347
4916
5079
4751
4726
4210
4755
5077
4678
4538
4788
4540
4162
4937
4788
4478
4242
4852
5112
4097
5037
4540
4622
4494
4134
4738
4983
4614
4317
4119
4386
4932
4791
4414
4313
4298
4284
4494
4743
4462
4535
4288
5119
4327
4211
4706
4123
4716
4387
4594
4266
4675
4171
4159
4927
5037
5116
4829
4510
4414
4862
4864
4150
4380
5024
5024
4524
4815
4631
4800
4524
4815
4788
4800
4230
4364
4508
4617
4147
4704
4666
4597
4815
4278
4159
4773
4581
4706
4597
4773
5023
4542
4145
4193
4340
4906
4741
4791
4149
5019
4656
4456
5077
5022
4265
9223
5721
5140
5189
5293
6089
5413
5215
5128
5317
5572
5555
5478
5916
5646
5555
5989
5812
5555
6133
5792
5215
5152
5931
5658
5421
6079
5600
6064
5270
5156
5582
5620
5891
5893
5200
6113
5334
5877
5156
6079
6074
5947
5935
6097
6138
5955
5816
5255
5383
5281
5753
5372
5549
5897
5464
5866
5200
5445
6096
5994
5154
5610
5394
5671
5211
5462
5740
6137
5293
5406
5928
5123
5415
5401
5925
5352
5685
5212
5440
5529
5200
5376
5543
5182
5167
5197
5650
6118
5578
5417
5235
5612
5941
5661
6086
5373
5363
5888
5741
5727
5302
5279
5228
5501
6086
5303
5650
6027
5508
5374
5869
6131
6062
6064
5797
5371
6029
5845
5269
5952
5269
6086
5928
6086
5822
5315
5952
5727
6118
5830
5909
5197
5323
5838
5997
5239
6086
5477
6086
5985
6086
5417
5757
6086
6086
5700
6086
6086
6031
5201
5487
5756
5818
5437
5767
5417
5226
5377
5476
5470
5666
5952
5783
5886
5666
5165
5845
5516
5298
5824
5771
5547
6052
5607
6012
5494
5845
5951
5816
5493
5398
5952
5965
5514
5656
5971
5642
5942
5133
5417
5959
5255
5250
5872
5458
5718
5817
5203
5255
5739
5708
5436
6036
6012
5252
6028
6139
6027
5854
5872
5128
5682
5386
5725
5778
5201
5665
5644
6021
5153
5587
5839
5851
5288
5534
5292
5897
5508
5800
5608
5925
5597
6064
5839
5329
5886
5132
5495
5288
5839
5283
5233
5758
6087
5481
5888
5259
6126
5811
5820
5326
5292
5215
5942
5650
6052
5255
5763
5516
5372
5812
5288
5304
5986
5199
5640
5462
6023
5625
5708
5532
5197
5736
5502
5541
5914
5135
5638
5719
5378
5757
5438
5503
6034
5631
6013
5377
5597
5928
5292
6118
5347
6107
5623
5344
5503
5222
5341
5701
6086
5451
5931
5158
5776
6064
5536
5331
5546
5534
5656
5673
5283
5968
5359
5157
5192
5739
6016
5307
5399
5652
5243
5645
6088
5443
5709
5376
5578
6025
6041
5155
5496
5645
5734
5200
5778
6065
5313
5236
5682
5845
5259
5835
5604
5875
5674
5942
5588
5243
5682
6064
5795
5809
6054
5646
5458
6083
5490
5900
5852
6104
5364
5903
5603
5816
5853
5634
5774
6091
5415
5445
5222
5532
5388
5835
5844
5180
6079
5736
5393
6022
5288
5288
6101
5578
5645
5445
5455
5699
5534
5696
5562
5617
6079
5172
5324
5916
5783
5462
5949
5307
5145
5853
5831
5534
6064
5758
5964
5861
5398
5734
5986
5302
5724
5728
5546
5205
5173
6098
5398
5398
6047
5852
6074
5722
5275
5711
5239
5967
5678
6052
5699
5969
5847
5239
5433
6105
6017
5897
5930
5454
5276
5774
6113
6036
5445
5500
5214
5372
5448
5436
5700
6074
5526
5899
5385
5351
5293
5131
5700
5398
5804
5986
5986
5215
6138
6118
6135
5949
5820
5986
5478
5967
5562
5140
5699
5949
6079
6045
5718
5785
6138
5699
5232
5579
5802
5249
5829
5333
5489
5871
5556
5531
5631
5739
5327
6071
5369
5502
5751
5657
5458
5433
5436
6112
5845
5376
5355
5810
5971
5181
5148
5389
5847
5937
5699
5937
5665
5619
5550
6058
5325
5823
5145
5739
5491
6042
6087
5753
5632
5825
5262
5250
5598
5745
5372
5863
5536
6138
5231
6029
5741
5179
5433
5543
5220
5692
6127
5658
5295
6027
5635
5153
5271
5325
5949
5741
5223
5522
5950
6035
5945
5962
5257
5827
5288
6041
5543
5994
6092
5411
5729
5550
5200
5170
5302
5747
5389
5185
5889
5608
5156
5704
6131
5411
5316
5989
5616
5302
5976
5364
5302
5316
6131
5367
6041
5131
5830
5672
5383
5898
6027
5543
6086
5415
5148
5585
5801
5553
5239
5774
5888
5950
5556
5156
5338
5561
5399
5166
5320
5366
5338
5450
5303
5344
5419
6054
5268
5960
5770
5929
5929
5452
5312
6061
5323
5364
5325
5272
5645
6041
5929
5466
5694
5646
6039
5694
5673
5288
5271
5147
5267
5565
5575
5635
5481
5727
5481
6017
6118
5573
5432
5302
5180
5756
5346
5536
5318
5988
5123
5955
5914
6086
6086
6086
5578
5481
5123
5529
5183
5915
5597
5284
5225
5845
6022
5886
5199
5305
5305
5876
5295
5888
5960
5305
5886
5812
5486
5631
6023
5259
6036
5937
5226
6079
5839
5456
5312
6064
5935
5989
5224
6069
6113
6107
5562
5559
5123
5295
6097
6094
5463
5555
5942
5335
5828
5645
5947
6040
5804
5792
5148
5812
5252
5608
6106
5645
5951
5498
5810
5373
5503
5890
5585
5333
5976
5966
5778
6054
5302
5475
9224
7101
6155
6745
6232
6536
6685
6481
6575
7036
6357
6266
6727
6305
6831
6276
6276
7000
6293
6474
6290
6408
6485
6842
6971
6637
6504
6892
6960
6541
7006
6552
6744
6192
6758
6206
6155
6616
6418
6944
6780
6349
7048
7152
6260
6582
6447
6716
7077
6324
6977
6890
6846
6920
6847
7101
6559
6293
6472
6460
6599
6544
6505
6981
6516
6939
6793
6598
7152
6654
6991
7143
6961
6741
6854
6341
6324
6697
6744
6192
6854
6374
7019
6721
6365
6757
7152
6147
6242
6910
6560
6250
6147
6362
6460
6910
7117
6304
6324
6571
6250
6875
6861
7093
6448
6160
7108
6622
6951
6855
6928
6721
7024
7007
6509
6304
7152
6316
6570
6854
6741
6962
6331
6550
7058
7101
6485
6948
6563
7017
6951
6442
6521
6582
6294
7027
6583
7148
6769
6486
6607
7134
6892
6575
6663
6625
6227
6160
7014
6570
6739
6885
6233
6399
6443
7132
6904
6779
6626
7122
6577
6772
6243
6970
6540
6962
6791
6469
7109
6475
6480
6386
7004
7110
7095
7026
6729
6460
6444
6189
6180
7118
6685
6928
6386
6982
6772
6767
6474
6979
7082
7074
6698
6965
7074
6830
6381
6762
6381
6476
6923
6549
7046
6474
6641
6557
6538
6812
6918
7079
7155
6794
6557
6148
7085
6794
6264
6304
6897
6738
6774
6559
6617
6257
6814
6758
6278
6322
7149
6238
7093
6708
6474
6568
6607
6598
7055
6937
6494
6995
6494
6391
6768
6715
7100
6351
6646
7123
6621
7167
6492
6621
7137
6222
6640
6495
6465
6751
7078
7103
6591
6604
6830
6974
6941
6517
6930
6888
6286
6238
6621
6585
7075
7008
6655
6486
7163
6252
6151
6407
6389
6853
6870
6421
6522
6416
7135
6660
7148
6415
6239
6213
6947
6801
6928
7100
6346
7140
7009
6854
6701
6578
7061
7127
6324
6333
6177
6354
7072
6812
6517
6508
6590
6690
7038
6608
6621
6340
6530
6965
7018
6623
6454
7158
7103
6560
6293
6419
7156
6757
6905
6844
6761
6242
7024
6257
6282
7064
6895
6606
6660
6935
6748
6264
6233
6854
6820
6354
6761
6938
6209
6854
6426
6244
7113
6201
6146
6589
6313
6902
6962
6537
6586
6707
6814
7070
6282
6569
6690
6977
6354
6419
6282
6354
6538
6284
6164
6761
6351
6648
6419
7031
7146
6309
6459
6586
6737
6305
6898
6325
6745
6603
6683
6660
6192
6304
7006
6452
6405
6660
7000
6927
7041
6994
7000
6190
7078
7152
6889
6705
6471
6357
6810
6189
6966
6344
6538
6473
7135
7049
7101
7088
7032
6740
7118
6212
6331
6308
6531
6741
7101
6189
6886
6480
6595
6396
7000
7006
6298
7149
7137
6441
6962
6419
6191
6334
6459
6484
6758
6966
7125
6614
7080
7082
6651
6957
6216
6855
6465
7143
6872
6866
6354
6482
7066
6447
6842
7158
6698
6271
6397
7167
6383
6783
6511
7011
6147
6807
6331
7021
6164
7100
6651
6366
6963
6303
6146
6545
6484
6959
6792
6818
6886
6888
6298
6354
7021
6615
6906
6886
7009
6354
6967
6638
7125
6807
7057
7099
6431
6308
6351
6669
6194
6654
6289
6881
6204
6924
6621
6636
7163
6768
6641
6485
6759
6760
6754
6675
6694
6211
6469
7161
6523
6631
6241
6587
6792
6696
6621
6163
6906
6792
6748
6646
7051
6888
6722
6912
6377
6621
6415
6304
6768
6184
6796
6463
7082
6927
7026
7052
6484
6639
7159
6657
6858
7060
6974
6468
7011
6258
6293
7079
6764
6250
6830
7164
6705
6828
6812
6669
7030
7009
6661
6357
6554
6744
6809
6728
6745
6570
6230
6522
6297
6755
6635
6891
7140
6518
6810
6840
6391
7127
6975
6252
7072
7014
6631
6322
7136
6794
6590
6469
6734
7108
6482
6309
6514
6587
6805
6156
7127
6587
6915
7127
7021
6643
6641
6442
6332
6538
6643
6756
6513
6749
6266
6560
6568
6807
7164
7100
6704
7063
6968
6831
6542
6188
7027
6879
6520
6244
7135
6340
6979
6608
7103
6983
6203
6502
7040
6890
6470
6286
6890
6938
6509
6769
7064
6224
6505
6736
6271
6749
6333
7014
6578
6894
6286
7099
6324
6366
6630
6209
6550
6243
6631
6238
6370
6290
6892
6245
6401
6843
6153
6566
6277
6192
7019
7056
6748
6837
7093
6921
6166
7093
7103
6693
6458
6621
6817
6259
6320
6901
7019
7118
6471
7162
7056
6740
6769
6515
7165
7077
6584
6157
7030
6977
6603
6147
6414
6897
6399
6536
6607
6266
6820
6570
7123
6206
6171
6897
6621
6623
6748
7021
6897
6716
6780
6544
6956
6718
6563
6934
9225
7885
7756
7572
8082
7345
7693
7385
7293
7650
8075
7382
7605
7900
7265
7756
7866
7656
7396
8025
7358
8122
7611
7792
7997
8065
7369
7287
7924
7320
8071
8090
7583
7420
7764
7254
7713
7181
7776
7968
7503
7969
7945
8075
7794
7989
7592
7243
7605
7195
7272
8059
8159
7981
7414
8155
8148
7969
8072
7530
8084
7227
7420
7699
8003
7754
7427
7874
7530
7690
7772
7755
7761
7666
8159
7690
7815
7824
7503
7366
8062
7209
7912
8144
7697
8085
7216
7926
7283
8177
7503
7989
8102
7426
8165
7467
7666
7816
7654
7574
7931
8140
7785
8072
7428
7712
7910
7480
8181
8071
7438
7748
7566
8028
7346
8117
7302
7956
7823
7759
7693
8084
7404
7914
8166
7962
7396
7526
7669
7706
7811
7706
7406
7669
7361
8165
7320
7666
7841
7968
7225
7509
7636
7815
7312
8100
7783
7905
7577
8161
7998
7498
7591
7428
7972
7966
7503
8099
7227
7348
8159
7563
7992
7856
7816
7402
8141
7361
7834
8158
7651
7450
7844
7962
7663
7214
8172
7559
7209
7409
7227
7484
7185
8172
7979
8066
8090
7470
7491
7852
7638
7311
7622
7527
7619
7560
7230
8025
7922
7336
7209
7367
7905
7493
7461
7897
7851
7414
7614
7941
7319
8106
7209
7954
7304
7719
7715
8091
7720
7647
7248
8146
7706
7939
8041
8134
7790
8167
7753
7845
8008
7710
7827
7574
7503
7574
7566
7715
8084
8073
8168
7337
7375
7198
7961
7649
7911
7523
7532
7461
8112
7402
8117
8048
7942
7217
7693
7576
7697
7430
7666
7652
7465
7727
7961
7437
7566
7762
7947
8028
8102
8141
7198
7450
7305
8070
7971
8150
7977
7658
8062
8045
8102
7841
7669
7239
7277
7295
8107
7513
7968
7857
7620
7566
7590
7858
7363
8084
8171
7985
7418
8042
7859
7517
7335
8188
7769
7282
8072
7928
7414
7235
7182
7290
7411
7304
7977
7753
7506
8062
7607
7593
8157
7191
7698
7803
7290
7472
7559
7611
8129
7906
7263
7628
7844
7296
7830
7874
7967
7598
7461
7623
7731
8029
7484
8015
7270
7599
7648
7812
7503
7753
7248
7704
7576
7520
7727
7243
7191
7446
7937
7792
7647
8132
7456
7199
7277
7784
8093
7581
7650
7855
7579
7651
8103
7233
7792
7629
8163
7400
7411
7650
7304
7714
7951
7535
7413
8014
7631
7942
8092
7693
7348
7885
8061
8085
8092
7411
7430
8141
8046
7563
7185
7465
7852
7969
8005
7508
7378
7816
7345
7173
7491
7716
7581
7758
7699
7636
7217
7865
7913
7993
7465
7589
7408
7824
7714
7519
8174
7709
7593
7841
7755
7401
7336
7576
7513
7422
7699
7935
7862
7187
7640
7651
7555
8077
7935
7581
8093
7981
7787
7795
7472
7933
7959
7736
8123
7849
7969
7170
7424
7638
7626
7502
7770
7956
7239
7344
7795
7418
8046
7366
7579
8109
7201
7179
8025
7265
7617
7736
7424
7925
7725
7468
7410
7287
7340
7612
8050
7828
7185
8125
7698
7473
8128
7329
8138
8164
7664
7952
7374
7636
8107
8003
8175
7359
7217
7277
7171
7889
7757
7476
7905
7882
7182
7786
7710
7794
7972
7972
8084
7445
7465
7942
7543
7336
7722
8069
7311
8164
8186
7366
7248
8018
8102
7972
8085
7613
7709
7492
7366
7187
7650
7632
8174
7706
7556
7942
7472
7672
8067
7795
7495
7731
7485
7759
7852
7541
8036
7603
7330
7926
7651
8168
7284
7860
8007
7788
7375
8136
7258
7958
7728
7492
7528
7426
7794
7977
7277
7924
7275
7508
7947
7198
7252
7183
7445
7314
7236
7907
8119
7869
7583
8132
8159
7906
8029
8122
8085
7760
7623
7380
8003
7326
7897
8069
8174
7871
7586
7706
7575
7913
8129
8168
7715
7814
7414
8026
8117
8093
7782
7634
7968
7549
7929
7468
7760
7896
7528
7781
7896
7926
7638
7259
8031
8095
7337
7760
7358
7982
7968
7710
8131
7365
7567
7519
7755
8131
7788
7993
7519
7382
7185
7816
7941
7710
8086
7816
7393
7429
7668
7615
7519
7476
7872
7934
7715
7366
7416
7464
7416
7476
8085
7913
8026
7216
8124
7484
7781
7209
7788
7549
8161
7982
7535
8075
7288
7735
7579
8179
7457
8038
7488
7506
7831
8116
8069
7954
7880
7289
7460
7658
7715
8039
7430
7836
7897
7646
7179
7586
8087
7227
8069
7472
7707
8004
7373
8064
8141
7399
8040
7248
7868
7577
7406
7216
7845
7704
7758
7301
7390
7924
7760
7495
7953
7672
7453
8096
7938
7663
7578
8053
7774
8019
7650
7513
7820
8181
7225
7320
8103
7303
9226
8464
8687
8706
8706
8706
8418
8398
8624
8594
8381
8905
9053
8367
8914
8638
9071
9147
8745
8624
8706
8562
8692
8215
9071
8436
8676
8418
9072
8463
8530
8662
9018
9079
8643
8953
8445
8410
8542
8454
8311
9122
8611
8643
8770
9194
8389
8570
8391
8558
8662
9200
8367
8878
8587
8465
8727
8787
8807
8472
8198
9110
8357
8557
8629
8823
8382
9150
9013
9088
8603
8858
8602
8439
8834
8412
9098
8691
8328
8993
8570
8256
9154
8304
8395
9040
9191
8602
9026
8717
8706
9090
9156
8687
8814
8867
8661
8826
8767
8438
8432
8816
9133
8327
9029
9114
8410
8687
8650
9127
8392
9040
8654
8862
9197
9051
9113
8974
8460
8275
9026
9018
8951
8205
8299
8395
8779
9026
9119
8381
8459
9043
8197
9198
9076
9156
9022
9053
9114
9116
8532
8520
8809
9043
8563
8660
9136
8420
8208
8618
8329
8909
8553
8890
8801
8932
9195
8940
8755
8921
8423
9127
8344
8864
8754
8767
9208
9134
9111
8888
8980
8329
8564
8615
8957
9029
8630
9016
8978
9000
8690
8472
9177
9017
9122
8570
8643
8696
9007
8367
8622
8722
9053
8868
8358
8352
8280
8643
8439
8515
8442
9207
8436
8774
8459
8532
8568
9004
8630
8599
8501
8465
8527
8776
8838
8920
8658
8462
8998
9065
9113
8628
8230
9117
8981
8868
8886
9176
9072
8507
8928
8582
9101
8748
8697
8507
8454
8664
8417
8731
8811
8575
8988
8204
8621
8839
8575
8870
8790
8587
9045
8507
8945
8682
8795
8890
8499
8852
8256
8754
8299
8555
9086
8391
8810
8311
8723
8219
8585
9137
9186
8616
8507
9017
8518
9182
9188
8248
8866
8618
8736
8692
9063
8739
8463
9198
8531
8753
8577
9161
8817
9125
8904
8845
8474
8936
8670
8371
8965
8679
9023
8418
8842
8500
8777
9089
8265
9101
8940
9112
8546
8589
8373
9153
8701
8827
8914
8549
8990
8873
9054
8392
8701
8337
9121
8935
8511
8942
8463
8743
8915
9086
9118
8509
8677
8812
8935
8938
9156
8562
8482
9212
8821
8255
9071
8476
8353
8980
8449
8717
8767
8381
9057
8874
8353
8447
8798
8721
8373
8427
8479
8330
9179
8898
9101
8634
8357
8919
8679
8581
8843
8580
8253
8801
8973
8532
8624
9103
9067
8927
8381
8855
8896
8891
9207
8662
9061
8605
9008
8802
9056
8382
8966
8357
9080
8925
8985
8981
8909
8208
8253
9148
8413
8998
8214
9084
8767
8754
8945
8833
8465
8309
9204
8760
8585
8422
8256
9150
8662
9135
8616
8367
9185
8479
8972
8749
8641
8785
8993
8956
8558
8897
8921
8402
8802
8800
8746
8764
8359
8196
8473
8558
8445
8582
8204
8256
8991
8741
8402
8572
9021
9149
8901
9147
8630
8785
8868
8253
8471
8995
8871
9202
9101
9023
8995
8490
9191
8764
8829
9071
9065
8867
8635
8848
8617
8288
8984
8980
8588
8415
8647
8738
9004
8729
8740
8530
9108
8200
8425
9186
8490
8462
8956
9185
8609
8687
8823
8303
8812
8349
9048
9055
8551
8745
8643
9029
8941
8263
8572
8570
9212
9058
9030
8486
9074
8684
8200
9207
8984
8475
8546
8923
8695
8786
8781
8926
8381
8673
8603
9153
8367
8541
9159
9195
8273
9185
9111
9096
8679
8570
8575
8616
8402
9195
8341
8687
8345
9097
8752
9153
8371
8809
8991
8926
8629
8392
9135
9011
8656
9041
9200
8816
8913
8548
8561
8842
8848
8624
8718
8831
8330
8816
8622
9143
8843
8465
8438
8425
8714
9207
8438
8632
8204
8621
9043
8398
8261
8383
8616
9151
8449
8956
8385
8779
8920
8860
8692
8896
8257
8576
9151
8782
9076
8410
8215
8661
8616
8507
8515
8825
8620
8330
9151
8434
8856
9079
8381
8967
8346
8220
8995
8444
9062
8208
8923
8368
8780
9206
8722
8843
8871
9200
8627
8615
8684
8577
9105
8722
8896
8448
8509
8453
8395
8410
8582
8736
8717
8956
8502
9151
8873
8604
8856
8979
9058
9133
9130
9178
9202
8217
8634
8854
8786
8854
8609
9101
8596
9026
8696
8825
9208
8425
9192
8595
9067
8330
8867
8661
8738
8472
9118
8248
8398
9103
9124
8357
8820
8914
9199
8790
8890
9016
8733
9089
9021
8448
8737
9200
8530
8746
8843
9014
8431
8281
9143
8807
8711
8341
8651
8893
8256
8206
8448
8391
8851
8760
8307
8873
8693
8635
8650
8280
8849
9068
8720
8465
8876
8703
8214
8876
8327
9116
9119
8731
8899
8788
9106
9134
9022
8661
8642
8341
8257
8902
8864
8436
8684
8409
8896
9038
8514
9017