9217
9218
878
628
11
346
259
588
38
257
598
628
971
628
403
448
135
184
184
5
565
346
11
346
96
346
11
346
183
427
543
82
2
143
535
500
926
228
896
434
434
213
949
540
816
369
816
369
816
369
816
38
38
103
889
164
638
431
638
403
38
176
1009
548
411
3
15
76
15
1011
978
1011
208
841
208
346
823
605
605
247
932
183
106
228
228
93
820
304
470
733
841
452
598
841
677
548
411
638
431
978
1009
435
607
139
638
485
661
370
434
7
645
297
949
677
71
816
1011
816
693
693
641
210
301
1009
548
968
647
836
816
343
228
896
135
733
184
171
131
8
52
862
82
968
647
465
783
200
783
783
379
206
829
682
427
448
287
631
242
968
647
465
922
637
282
248
282
248
783
783
379
193
777
593
769
97
259
259
333
364
900
833
999
442
442
442
38
929
296
733
470
442
442
263
777
69
442
442
971
964
971
436
140
249
363
896
988
283
442
901
442
901
901
901
971
551
971
551
971
95
716
551
582
551
971
658
436
697
363
135
257
733
131
971
131
11
346
971
346
11
705
631
607
607
38
929
243
84
436
1009
631
607
1009
82
836
647
465
922
642
783
435
607
53
392
42
682
705
547
889
889
836
647
478
661
228
93
150
243
619
213
154
3
476
154
139
429
299
476
476
140
631
82
647
836
429
478
478
103
370
1021
243
170
465
170
642
429
200
382
248
382
253
382
478
287
370
586
429
647
513
478
343
77
896
390
884
884
574
270
270
608
270
608
53
608
270
20
83
884
884
836
836
647
108
478
893
363
790
304
653
940
20
270
20
989
724
382
382
989
20
989
20
605
404
932
723
703
5
217
697
896
896
257
653
131
11
131
62
131
11
5
890
346
11
890
343
38
38
257
733
470
140
435
607
441
751
373
441
840
49
441
49
248
84
989
49
478
103
631
256
995
2
535
30
478
343
370
93
607
243
281
302
441
58
840
58
62
840
58
840
58
403
38
479
204
194
42
682
419
631
363
399
243
466
3
922
3
282
605
204
101
359
101
359
834
605
982
476
101
476
259
103
1021
896
1021
283
731
61
731
133
815
133
815
731
667
588
631
911
633
830
647
830
909
478
343
370
44
776
996
170
465
731
991
605
282
248
989
478
478
71
757
399
598
577
458
9219
1397
1659
1397
1959
1394
1807
1807
1807
1327
1964
1807
1397
1755
1700
1457
1700
1397
1700
1690
1327
1457
1410
1652
1659
1896
1652
1659
1807
1652
1659
1807
1652
1659
1981
1801
1659
1981
1700
1815
1659
1700
1801
1659
1784
1480
1940
1952
1960
1288
1057
1945
1835
1966
1327
1354
1406
1081
2045
1825
1828
1669
1480
1480
1263
1867
2001
1937
1973
1669
1480
1409
1867
2001
1969
1535
1789
1652
1975
1938
1455
1982
1838
1452
1610
2032
2042
1161
1535
1583
1583
1664
1612
1455
1636
1564
1288
1264
1817
1743
1764
1759
1788
1998
1801
1764
1801
1815
1835
1652
1788
1700
1694
1188
1801
1788
1807
1924
1659
1777
1815
1807
1397
1327
1573
1964
2003
1755
1755
1354
1659
1755
1896
1896
2003
1557
1652
1896
1392
2015
1403
1555
1206
1263
1886
1896
1583
1788
1481
1874
1820
1788
1288
1960
2046
1945
1945
1905
1573
1840
1902
1552
1927
1779
1599
1863
2045
1372
1583
1455
1636
1669
1480
1867
1867
1867
1519
1807
1788
1779
1480
1635
2007
1880
1880
1820
1387
2045
1947
1215
1947
1712
1974
1327
1327
1964
1557
1188
1764
1652
1788
1764
1652
1659
1764
1700
1592
1527
1312
1806
1779
1480
1758
1828
2042
2042
1824
1564
2024
1968
1867
2007
2025
1481
1807
1801
1659
1807
1327
1175
1271
1840
1528
1806
1307
1455
1712
1749
1479
1346
1935
1348
1387
2042
2042
1824
1950
1264
1209
1209
1666
1659
1104
1694
1188
1696
1181
1287
1694
1835
1759
1104
1720
1812
1544
1443
2012
1841
1984
1535
1683
1906
1812
1940
1290
1964
1950
1800
1996
1354
1755
1635
1557
1059
1392
1392
1354
1410
1755
1635
1635
1535
1606
1764
1410
1931
1557
1557
1755
1161
1103
1996
1648
1664
1565
1996
1284
1931
1161
1161
1837
1557
1392
1764
1993
1392
1557
1755
1896
1801
1714
1547
1788
1392
1755
1788
1896
1714
1764
1801
1982
1960
1788
1700
1755
2003
1218
1871
1896
1410
1410
1410
1801
1759
1652
1815
1815
1521
1815
1588
1659
1181
1664
1659
1764
1764
1807
1870
1820
1982
1982
1535
1535
1410
1945
1982
1936
1179
1755
1755
1435
1982
1564
1445
2024
1712
1779
1820
1820
1936
1027
1599
1288
1608
1609
1409
1817
1299
1690
1690
1857
1690
1788
1801
1959
1626
1572
1411
1572
1411
1817
1221
1609
1264
1952
1932
2047
1535
1939
1636
1635
1564
1264
1939
1264
1817
1564
1817
1939
1636
1817
1264
1817
1857
1817
1564
1264
1651
1264
1817
1307
1106
1027
1599
2007
1288
1974
1438
1808
1599
1952
1994
1254
1719
1525
1525
1312
1779
1186
1712
1719
1599
1525
1779
1438
1808
1882
1599
1636
1779
1438
1718
1599
1985
1974
1438
1763
1854
1599
1264
1974
1438
1682
1599
2007
1974
1939
1327
1535
2007
1378
1156
1263
1270
1156
1985
1985
1974
1438
1682
1682
2007
1974
1974
1438
1682
2007
2007
1974
1438
1244
1502
1502
1974
1974
1438
1682
1599
2007
1974
1974
1438
1682
1535
1985
1974
1438
1682
1682
1599
1985
1974
1438
1682
1682
2007
1974
1974
2028
1682
2007
2007
1974
1438
1682
1682
2007
1985
1626
1720
1417
1054
1959
1394
1903
1843
1700
1059
1535
1218
1764
2038
1764
1807
1764
1764
1764
1317
2038
1317
1317
1659
1588
1181
1181
1181
1181
1815
1815
1653
1815
1815
1815
1064
1964
1161
1801
1931
1652
1801
1755
1161
1402
2011
1947
2010
1637
2011
1947
1585
1947
1968
1947
1960
1179
2001
1947
1960
1960
2001
1949
2001
1960
2001
1949
1040
1814
1984
1529
1529
1936
1940
1945
1664
1982
1960
1940
1867
1878
1535
2047
1940
1583
1982
1583
1940
2010
1813
1936
1287
1666
1945
1335
1936
1764
1982
1982
1949
1966
1949
1188
1635
1664
2034
1368
2034
1368
2034
1368
1659
1959
1807
1894
1763
1505
1763
1264
1817
1264
1817
1186
1854
1636
1264
1564
1925
1755
1931
1216
1817
1186
1264
1817
1264
1817
1264
1817
1896
1054
1054
1264
1347
1347
1347
1347
1160
1719
1386
1980
1246
1865
1186
1609
1817
1525
1525
1808
1186
1186
1636
1998
1857
1391
1857
1764
1925
1460
1764
1214
1402
1209
1277
1832
1067
1680
1209
1277
1832
1968
1680
1861
2044
1961
1719
1832
1525
1369
1747
1491
1832
1968
1680
1861
1751
1513
1186
1179
1882
1714
1209
1857
1209
1315
1264
1674
1264
1817
1315
1817
1491
1491
1949
9220
2869
2260
2252
2907
3066
2700
2700
2700
2623
2577
2723
2976
2928
2788
2976
2976
2470
2928
2260
2435
2976
2848
2693
2976
2844
2470
2844
3015
3041
2619
2700
2608
2976
2248
2979
2985
2700
3062
2260
2907
3044
2123
2907
2881
3000
2647
2671
2672
2484
2818
2671
2421
2527
3014
2693
3021
2631
2627
2575
2663
2345
3044
2575
2904
2345
2575
2470
2904
2589
2575
2589
2365
3044
2575
2652
2882
3044
2147
2671
2183
2535
2429
2612
2821
2890
2671
2971
2442
2442
2818
3000
2436
2123
3059
2278
2568
2565
2528
2905
2616
2529
3017
2544
3011
2243
2119
2121
3035
2714
3011
2601
2860
3062
2700
3011
2119
3008
2352
2700
2818
3022
2985
3049
2137
2260
2844
2214
2260
2844
2314
3069
2609
2905
2516
2531
2245
2979
2694
2214
2549
2910
2155
2589
2693
2330
2484
2877
2619
2510
2899
2353
2996
2818
2971
2563
2447
2434
2857
2968
2614
2686
2858
2313
2402
2715
2390
3015
2944
2294
2345
2355
2514
2355
2674
3044
3062
2925
2921
2698
3068
2682
3028
2429
2070
2596
2860
2645
2061
2623
2787
2876
3070
2647
2166
2844
2928
2255
2210
2928
2232
2905
2928
2147
2841
2097
2986
2868
2830
2524
2698
2865
2524
2161
2096
2161
2123
2161
2524
2520
2965
2225
2608
2905
2735
2860
2608
2320
2434
2749
2358
2238
2851
2161
2197
2691
2812
2859
2979
2161
2123
2575
2609
2161
2701
2051
2775
2176
2590
2390
2090
2119
2877
2535
2890
2284
3062
2088
2700
3011
2699
2801
3015
2908
2201
3021
2219
2182
2930
2800
2858
2992
2905
2249
2333
2897
2460
2714
2589
2905
2568
2467
2619
2257
2097
2671
2257
2637
2876
2617
2443
2741
2860
2905
2912
2162
2560
3055
2947
2457
2249
2531
2693
3066
2249
2804
2774
2088
2442
2457
3062
3063
2971
2649
2150
2920
2419
2972
2452
3062
2248
2333
2971
2192
2857
2695
2789
2225
2333
2971
2815
2463
2499
2333
2972
2800
3000
3021
2971
2462
2637
2860
3022
3071
2834
3043
2905
2333
2253
2462
2333
2529
2972
2834
2857
2462
2818
2996
2339
2339
2339
3037
2857
2815
2842
2413
2463
2899
2350
2921
2693
2133
2585
2815
2762
2618
2064
2664
2470
2352
2436
2724
2904
2701
2844
2670
2802
2076
2735
3012
2128
2905
2128
2789
2800
2443
2076
2474
2343
2552
2133
2640
2090
2824
3038
2908
2589
2397
2693
2890
2128
2600
3039
2600
3011
2122
3059
3039
3059
2278
3059
2968
3071
2479
2064
3059
2968
2600
2544
3069
2769
2963
2322
3008
2164
2658
3054
2188
2517
2401
2382
2545
2828
2835
2762
2363
2884
2334
2172
3025
2323
2362
3039
2805
2334
2672
2903
2856
2937
2307
2874
2343
2802
2629
2820
2096
2940
2860
2197
2627
2096
2161
2791
2064
2128
2156
2623
2954
3068
3015
2730
2815
2599
2730
3023
2599
2730
2089
2599
2730
2599
2599
2730
2089
2802
2618
2629
2618
2629
2283
2860
2860
2608
3019
3019
3019
3038
2876
2693
2876
3034
2876
2735
3037
2811
3070
2811
3019
3019
2589
2834
2834
2239
2834
2834
2564
2825
3028
2253
3028
2550
3028
2777
3023
2777
2732
2732
2802
2732
2732
2905
2225
2398
2700
3062
2789
2976
3021
2126
2425
2529
2883
2732
2732
2515
2515
2515
2109
2869
2109
2869
2869
3062
2529
2700
2567
3062
2589
2777
2515
2777
2777
2777
2457
2313
2905
2619
2097
3021
2936
2135
2769
2129
2339
2129
2129
2129
2129
2386
2971
2786
2129
2386
2129
2129
2129
2129
2129
2430
2129
2129
2386
2922
2857
2129
2641
2129
2129
2353
3008
2339
2825
2639
3033
2129
2997
2996
2996
2826
2401
2349
2190
2846
2392
2821
2585
3061
2349
2967
2833
2671
2057
2585
2781
2735
2876
2585
2956
2850
2190
2401
3051
2971
2869
2249
2801
3066
2401
2350
2642
2869
2907
2107
2588
2940
2123
2132
2292
2824
2121
2371
3025
3059
2765
2851
2076
2936
2123
2076
2130
2940
2123
3059
3011
2765
2723
2940
2479
2278
2600
2879
2123
2114
2278
2292
2128
2545
2363
2805
2465
3025
2218
2719
2269
2195
2195
2884
2122
2746
2719
2828
2137
2307
3009
3035
2459
2510
2510
3050
2430
2164
2520
2231
2456
3007
2354
3007
2876
2627
2801
3007
2969
2719
2876
2137
2875
2938
3070
2214
2719
2607
2137
2137
2159
2482
3023
2601
2914
3062
3057
2462
2176
2219
2176
2600
2858
2064
3015
2399
2914
2278
2928
9221
3615
3104
3637
3104
3530
3307
3810
3530
3914
3819
3805
3396
3704
3824
3585
3928
3704
3796
3300
3637
3798
3104
3888
3081
3704
3603
3928
3887
3208
3530
3819
3819
3526
3260
3876
3530
3226
3698
3300
3909
3876
3909
3081
3533
3921
3937
3424
3224
3959
3804
3621
3226
4056
4094
3660
3403
3126
3606
3608
3539
3785
3979
3122
3439
3736
3502
3854
4035
3726
3603
3315
3168
3819
3363
3342
3104
3315
3462
3401
3261
3180
3515
3413
4041
3937
3742
3819
3959
3515
3503
3966
3929
3177
3473
3104
3999
3570
4005
3123
3559
3868
3603
3210
3526
3603
3168
4042
3530
3603
4008
3815
3949
3883
3810
3719
4077
4088
3819
3810
3810
3928
3869
3325
3410
3502
3104
4054
3976
3698
3255
3909
3300
3943
3959
3929
3669
3623
3909
3413
3669
3166
3215
3291
3883
3585
3291
3869
3413
4033
3082
3940
3461
3552
3372
3082
3372
3400
3662
3197
3675
3557
3126
3499
3199
3906
3768
3175
4004
3232
3400
3557
3115
3460
3095
3511
3502
3797
4077
3107
3373
3450
3903
3675
3974
3235
3841
3841
3271
3600
3080
3392
3974
3705
3426
4052
3787
4077
3959
3805
3603
3307
3504
3942
3300
3307
3817
3685
3363
3282
3346
3234
3500
3708
3497
3745
3881
3829
3620
4093
3620
3599
3547
3606
3843
3952
4004
3300
3153
3854
3532
3483
3101
3953
3745
3760
3177
3760
3633
3745
3768
3385
3244
4014
3710
3793
3556
3649
3618
3760
3661
3352
3115
4077
3843
4005
3192
3532
3639
3401
3639
3585
3333
3440
3355
3535
3581
3339
3500
3741
3608
3288
3503
3329
3611
3796
3104
3502
3883
3098
3810
3148
3413
3467
3663
3880
3464
3663
4004
3430
3663
3634
3872
3933
3697
4053
3903
3416
3580
3697
3712
3198
3126
3825
4021
3406
3796
3580
3943
3815
3819
3940
3639
3634
3337
3126
3864
3580
3365
3370
4014
4077
3370
3940
3914
3950
4072
3580
3399
4032
3940
3740
3498
3684
3526
4053
3819
4004
3909
3929
3340
3872
3647
3928
3504
4077
3928
3504
3370
3597
3581
3832
3903
3891
3914
3804
4053
3608
3642
3430
3639
3552
3552
3339
3349
3367
3311
3107
3912
3595
4084
3210
3156
3986
3264
3414
3730
4016
3264
3937
3995
3784
3934
3925
3291
3921
3959
3107
3437
3087
3869
3870
3934
3087
3952
3614
3596
3354
3138
3773
3657
3763
4065
3087
3805
3241
3251
3988
3740
4063
3918
3473
3197
3704
3094
3719
3929
4077
3504
3386
3386
4077
3813
3914
4077
4008
3307
3963
3824
3951
3185
3338
3180
3243
4038
3760
3733
3469
3532
3652
3247
3101
3916
3978
3740
3761
3260
3592
4032
3338
3816
3080
3175
3554
3654
3266
3832
3188
3307
3382
3685
4062
3816
3115
4079
4004
3420
3388
3077
3297
3538
3147
3513
3909
3419
4038
3851
3931
3867
3740
3373
3154
3244
3154
3711
3185
4073
3819
3260
3839
3596
3580
3557
3839
3596
3473
3107
4045
3107
3685
3171
3931
3931
3931
3474
3460
3390
3390
3492
3492
3492
4087
3164
3597
3836
3836
3836
4073
3364
3836
3804
4073
3368
3924
3839
3368
3368
3368
3095
3368
3931
3390
3931
4095
4095
3952
3154
4095
3500
3890
3651
3651
3335
4036
4094
3526
3149
4030
4095
3081
3368
3225
3300
3878
3387
3872
3872
3074
3074
3074
3368
3368
3804
3368
4094
3413
4056
3081
3804
3300
3888
3888
3804
3791
3558
3109
3351
3608
3810
3300
3168
3454
3552
3994
3452
3671
3208
4010
3137
3206
3311
3073
3311
3280
3787
4000
3313
3280
3705
3722
3313
3311
3705
3705
3592
3608
3819
3367
3541
3986
4073
3552
3580
3629
3347
4043
4052
3282
3693
3839
3101
3478
3883
3419
3470
3419
3515
3639
3469
3462
3704
3264
3739
3912
4059
3469
3343
4016
3264
4000
3839
3641
3742
3469
3795
4088
3215
3094
3705
3552
4072
3901
3094
3450
3116
4038
3889
3773
3763
3591
3473
3188
3424
3710
3354
3641
3931
3931
3270
3929
3931
4008
3236
3931
3931
3909
3929
3437
3364
3259
4077
4088
3868
3764
4008
3260
3529
3275
3780
3382
3232
3979
3834
4017
3208
3208
3601
3728
3077
3104
3657
3137
3382
3366
3728
3816
3819
3728
3229
3229
3244
3363
3536
3499
3229
3370
3913
3143
3913
3080
3599
3339
3680
3470
3511
3677
3382
3728
3733
4073
3288
3442
3343
3149
3728
3994
3288
3288
3307
3382
3382
3582
3382
3300
4045
3439
4045
3985
3082
3763
4045
3966
9222
5108
5022
4171
5052
4171
4259
4620
4625
5033
4843
4628
4799
4567
4567
4349
4621
4337
4357
5010
4357
4567
4567
4799
4567
4567
4937
4567
4567
4567
4567
5089
5022
4567
4419
5056
4567
4287
4567
4274
4539
4414
5022
4636
5026
4504
4567
4567
4178
4539
4342
4759
4539
4806
4552
4670
4826
4268
5103
4302
4131
5063
4320
4269
5018
4567
4567
4620
4149
4899
4826
4195
4539
4523
4468
4911
4259
4567
4285
4802
4800
4385
4567
4709
4250
4276
4567
4256
4864
4567
4567
4567
4802
4728
4220
5030
4511
4788
4377
5006
4567
4456
4171
4145
4414
4625
4860
4782
4567
4159
4370
4127
4625
4990
4726
4508
4170
5022
4170
5094
4453
4546
5108
4875
5025
4195
4866
4183
5112
4468
4217
4432
4484
4927
4852
4494
5036
4567
4183
4567
4915
4739
4121
4605
4818
4814
4705
4120
4539
4444
4852
4773
4175
5058
4788
4684
4179
4773
4368
4260
4947
4856
4380
4634
4966
4567
4454
4571
4516
4159
4631
4615
4914
4770
4543
4906
4628
4546
4194
4633
4802
4733
4800
4181
4439
4728
4307
4156
4740
4236
4195
4414
4209
4129
4506
4937
4791
4714
5028
4414
4747
4927
4539
4259
4583
4567
4559
4664
4445
4347
4946
4551
4119
4116
4815
4327
4801
5072
4978
4638
4906
4426
4881
4791
4567
4414
4961
4875
4454
4764
4457
4459
4241
4631
4599
4815
4604
4409
4445
4502
4126
4571
4264
4597
4681
4249
5059
4307
4349
4307
4925
4567
4119
4927
4917
4171
4567
4171
4741
4821
5022
4419
5020
4629
4509
4211
4332
4253
4486
5036
5013
4316
4284
4699
4713
4278
4588
4843
4686
4370
4145
4927
4889
5056
4314
5112
5056
4983
4589
4993
4099
4334
4175
4161
4512
4774
4386
4436
4665
4737
4334
5031
4764
5041
5090
4429
4810
4444
4161
4299
4802
4161
4276
4759
5039
4759
4759
4931
4633
5079
4852
4482
4814
4508
4369
4759
4631
4284
5029
4852
4759
4921
4539
4431
4759
4126
4875
4368
4343
4937
4661
4320
4494
4759
4567
4125
4710
5097
4536
5110
4759
5037
4539
4843
4539
4759
4759
4566
4153
4500
4156
4678
4542
5063
4397
4821
4543
4567
4661
4398
4459
4831
4567
4118
4359
4898
4262
4259
5050
4710
4786
4740
4850
4329
4111
4567
4283
4578
4416
5026
4567
4456
4852
4567
4305
4567
4477
5046
4653
4756
5091
4536
5077
5071
5091
4639
4491
4276
4200
4454
4638
5009
4162
4414
4459
4414
5029
4972
4664
5042
4810
4384
4248
4972
4896
5097
5097
4399
4516
4150
4434
4380
4627
4643
4875
4510
4597
4135
4511
4875
4758
4356
4592
4136
4103
4722
4103
4103
4978
4257
4156
4285
5105
4774
4268
4334
4587
4348
4268
4398
4973
5011
4800
4732
4145
4349
4291
4732
4943
4875
4322
4694
4120
4791
4546
4525
4349
4287
4506
4364
4859
5049
4285
4765
5041
4139
4338
4504
4314
4242
4567
5037
4526
4354
4178
4329
4680
4806
4232
4203
4653
4672
4713
4925
5050
4695
4447
4756
4871
4800
4875
5109
5050
4353
4149
4761
4713
4927
4782
4571
4567
5091
4650
5079
4494
4894
4494
4354
4894
4567
4894
4844
4894
4844
4334
4442
4539
4278
4203
5031
4875
4589
4890
4926
5041
4539
4759
4894
4538
4498
4671
5011
4833
4534
4997
4201
4740
4539
4937
4171
4780
4539
4780
5114
4926
4184
4125
4636
4171
4195
4475
4402
4539
4572
4382
4534
4364
4640
4200
4906
4613
4831
4677
4812
4497
4621
4924
5013
4834
4821
4908
5079
4609
5014
4993
5011
4114
4500
4773
4546
4861
4567
4773
4710
4678
4656
4688
4736
4815
4773
4893
4970
4272
4688
5037
4387
4803
4542
4380
5095
5013
4990
4705
4705
4443
4567
4561
5023
4641
5042
4145
4633
4633
4175
4443
5048
5022
4660
4754
5022
4624
4387
4800
4567
4705
4567
4624
4567
4567
4567
4337
4539
4786
4541
4504
4808
4795
5091
4103
5091
4643
4567
4516
4633
4906
4567
5018
4860
4795
4729
5041
4516
4567
4414
4511
4838
4931
4168
4197
4320
4477
4384
4681
4795
4615
5029
5027
4633
5047
4478
4659
4700
4414
4966
4567
4379
4806
4168
5027
4616
4826
4455
4567
4817
4522
4835
4745
5059
4933
4271
4575
4657
5034
4478
4268
4478
4478
4539
4283
4942
4249
4386
5100
4284
4172
4283
4691
5041
4454
4820
5034
4483
4494
4587
4313
5042
4249
4398
4762
4928
4861
4715
4873
5077
5010
5042
5037
4135
4623
4560
5045
4931
9223
5631
5997
5631
6123
5839
5473
6041
5631
5515
5720
5619
5710
5158
5456
5631
6041
5288
6041
5312
5908
5489
5793
5125
6035
5772
6086
5803
5179
5563
5851
5583
5930
6017
5803
5123
6107
5288
5800
6042
5803
6088
6113
5805
5305
5739
5546
6036
5219
5739
5288
6071
5275
5323
5490
5747
5714
5654
5608
5757
6049
5274
5881
5157
5241
5585
6112
5903
5721
5378
6107
5295
5288
5831
5720
5622
5514
6047
5418
5895
6047
5233
5823
5446
5730
5799
5752
5467
6072
5927
5614
5543
5945
6092
5233
5986
5302
5197
5503
5670
5197
5579
5899
5812
5318
5377
5320
5671
5216
5288
5844
6120
5745
5819
5497
5288
5288
5279
5820
5288
5374
5803
5869
5497
5786
5466
5549
5800
5668
5773
5512
5720
5907
6023
6069
5631
5288
5410
5950
6086
5631
5938
5165
5646
5665
6125
5556
5608
5391
5634
6040
5344
5776
6085
5175
5950
5123
6101
5720
5326
5223
5223
5241
5739
5739
5795
5903
6091
6095
5770
5189
5888
5128
5841
5281
5454
5497
6068
5803
5514
6068
5812
5739
5947
5931
5817
5931
6041
5809
6029
5454
5583
5155
5160
6055
6069
5800
6102
5220
5741
6079
5411
6087
5555
5454
6086
5961
5279
5167
5327
5709
5541
5703
5935
5933
5813
5980
5812
5704
5364
5668
5769
5869
5937
6091
6059
6032
5826
5381
6014
5326
5217
5212
5813
5562
5339
5562
5562
5933
5650
5212
5329
5139
5650
5128
5437
6061
5881
5715
5465
5462
5141
5323
5364
6137
5800
5690
5839
5803
6027
5664
5228
5527
5942
5833
5831
5678
5618
5352
5686
5606
5139
5165
5955
5515
5810
5834
5986
5373
5573
5694
5133
5724
5631
5185
6039
5499
5801
5154
5886
5514
5559
5420
5951
5298
5951
5391
5854
5951
5312
5698
5826
6137
5353
5740
5260
6087
5875
5130
6079
6101
5702
5331
5739
5125
5741
5288
5351
5811
5158
5450
5514
5951
5739
6048
6027
5490
5312
5772
6050
6037
6101
5951
5180
6097
5951
5888
5502
5553
6047
5555
5391
5740
5477
5811
5373
5658
5761
5211
5805
6110
6023
5236
5288
6101
5583
6027
5955
5221
5274
5467
6120
5125
5550
5432
5473
5853
5233
5931
5694
5165
5364
5808
5823
5703
5302
5436
5399
5985
6086
6041
5494
5259
5645
5616
5363
5966
5287
5730
6068
5201
5929
5303
5270
5183
5910
5534
5752
5945
5833
5590
5482
6068
5775
5229
5139
5590
5487
5560
5710
5264
5150
5466
5496
5619
5869
5467
5154
6087
5410
6073
5812
5366
5211
5608
6017
6040
5608
6097
5180
5346
6095
6134
5616
5128
5600
6095
5745
5324
5841
5379
5298
5390
5810
6130
6115
5998
5352
5585
5452
5288
5898
5617
5534
6050
5852
5482
5170
5558
5402
6079
5288
5728
5861
5585
5898
5747
5323
5478
5869
5593
5897
5123
5426
5482
5977
5172
5719
5415
5773
5792
5610
5293
5556
5645
5852
5165
5346
5494
5699
5460
6095
5445
6052
5852
5961
5275
5717
5717
5288
6085
6140
5562
5288
5542
6072
5758
5888
5323
5303
5512
5288
6014
5628
5949
5724
5156
5123
6103
5951
5585
5760
6079
5340
6123
6027
5178
5492
5817
6092
5556
5339
5325
6089
5760
5497
6087
6119
5929
5845
5241
5226
5869
5325
6119
5930
6073
5384
5701
5986
5657
5268
6082
5691
5555
5951
5951
5492
5480
5492
6027
5967
6127
5331
5951
6002
5796
5493
5772
6035
6119
6119
6088
5302
5382
5792
5363
5323
5863
5556
5676
5302
5923
5812
5731
5989
5585
5947
6041
5947
5645
5731
5947
5731
6085
5812
5457
5202
5372
5931
5307
5694
5139
6085
5731
5682
5351
5787
5168
6106
5656
5931
5376
5947
5931
5758
6085
5485
5785
6078
5514
5521
5933
5534
5302
5534
5730
5643
5691
5534
5812
5823
5425
5812
5402
5446
5694
5967
6064
5950
6083
5804
5665
5279
5561
5814
5414
5630
5950
5741
5242
6041
5622
5502
5288
5562
5933
5326
5358
5933
5180
5180
5262
6128
6079
6110
5589
5486
5741
6051
5593
5608
5726
5650
5933
5294
6083
5726
6048
6050
5125
6004
6059
5288
6004
6074
5323
5994
5486
5910
6078
5618
5223
5671
5988
5812
5120
6079
5739
6063
5583
5359
5577
5719
5123
5780
5180
5910
5687
5950
5812
6066
6053
6041
5577
6140
5579
5563
5608
5699
5202
6016
5325
5687
6130
5394
5307
5634
6106
5252
5804
5739
5760
5680
5844
5610
5812
5270
5739
5222
5619
5739
5445
5933
5350
5142
5618
5955
5994
5288
5159
5398
9224
6605
6807
6740
6329
7061
7002
6951
6646
6882
6485
6663
6469
6788
6769
6654
6901
6937
7014
6797
6691
6240
6568
7152
6962
6502
6827
6628
7100
7070
6252
6304
6807
6178
7093
6807
6244
7029
7047
6807
7100
6807
6582
6512
6577
6978
6871
6171
6357
6466
7085
6669
6934
6616
6720
7030
6552
6527
6248
7030
7143
6626
6467
6452
6684
6344
6783
6699
6825
7117
7038
6434
7013
6344
7061
6497
7079
6888
6653
7165
7165
7165
6538
6855
6538
7087
6970
6269
6560
6918
6676
7115
6978
6542
6584
6978
6426
6762
6587
6918
6252
6847
6324
6645
6731
6192
7093
6250
6178
6242
6895
6192
6842
6663
6437
6654
7090
7139
6154
6944
6192
7021
6304
6633
6501
6220
7088
7101
6843
7119
6210
6303
6622
6560
7007
6912
6750
6459
7052
6597
6380
6621
6376
7149
6888
6978
6416
6163
6729
7151
7099
6947
6621
6402
7045
6721
6951
7152
6660
6829
6531
6677
6882
7166
6783
6661
6152
7030
6810
6978
6731
6830
6637
7009
7133
6621
7030
6621
6380
6391
6939
6557
6346
6265
6557
6874
6231
6476
6223
6670
6482
7148
6960
6379
6861
6330
6914
6167
6538
6587
6493
7051
6468
7088
6303
7065
6567
6435
6346
6271
6664
6181
6454
6790
6897
7142
7057
6607
6204
6293
6192
6812
6621
6193
6479
7047
7093
6290
6232
6535
6442
6271
6830
7027
6412
6991
6532
6920
6476
6715
6475
6164
6780
7077
6514
6508
6975
7021
6409
6660
6593
6844
6160
7164
6895
6444
6397
6912
6497
7055
6621
6459
6499
6710
6589
6792
6721
6568
6288
6796
6892
6313
6646
6621
6974
6739
6643
6515
6835
6381
6945
6731
7162
6660
7034
6621
6813
6947
6582
6276
6459
6736
6846
7065
7133
6616
6365
6621
6725
6920
6615
6752
6400
6654
6661
6602
7051
6810
6807
6912
6322
7027
6262
6855
6474
6552
6654
6740
6615
6969
6912
6322
6164
6855
6888
6975
6167
6380
6879
6188
6538
6756
6820
6201
6958
6542
6813
6523
6818
6505
6483
6675
7101
6681
6868
7007
7133
6582
6646
6538
6663
6904
7000
6680
6898
6437
7049
6340
6501
7019
6670
6518
6430
7045
6538
6483
7006
6259
6357
6796
6799
6539
6636
6868
7021
6896
6581
6440
6814
6257
6515
7108
6482
6242
6192
6817
7000
6327
6545
6538
6149
6568
7052
6722
7007
6906
6545
6397
6643
6309
7059
6434
6700
7157
6402
6165
7039
6447
7013
7024
7093
6895
6778
6775
6855
6755
7013
6978
7093
6594
6236
6448
6745
7166
6617
7024
7021
6895
6621
7072
6567
6491
6959
6966
6660
6474
6851
6542
6460
6830
6506
6341
6769
6346
6568
7114
6729
6711
6484
6479
6213
6474
6461
6351
6595
6607
6978
6794
7009
7118
6710
7063
6203
6603
7118
6807
6648
6740
6191
7040
7166
6189
7131
6194
6582
6944
6264
6979
6779
6867
6961
6284
6657
6268
6698
7030
6568
6234
6223
6729
6557
6531
6698
7100
6320
6294
7165
6745
6212
6322
6427
6252
7058
6165
6538
6696
6252
6643
6665
6940
6934
6864
7165
6629
6867
7030
6530
6621
6912
6305
6216
6593
6930
6538
6291
7088
7075
6698
6482
6785
6817
6413
6912
6677
6491
6154
6252
7165
6986
6925
6638
6631
6491
6958
6252
7093
7051
6575
6568
6385
6621
6485
6577
6696
6849
7030
6935
6970
6849
6983
6474
7067
6621
6621
6622
6745
6454
6487
6148
6912
7126
7148
6675
6570
6739
6593
6621
6497
6959
6643
7021
7051
6343
6992
7021
6248
6573
6573
6923
7108
6474
7147
6847
7131
6213
6179
6983
6538
7030
7030
6536
6950
6418
6557
6482
6750
6191
6275
6474
6994
6538
6977
6411
7112
6880
6977
6458
6879
6298
6447
6539
6595
6797
6303
6707
6307
6167
6951
6493
6493
7148
7108
7047
6623
6257
6474
6349
6252
7093
6160
6252
7069
7021
6622
6978
6794
7081
6256
6313
6189
6303
6794
6231
6993
6334
6414
6760
6961
6557
6207
6690
6655
6759
6768
6918
7125
7054
7093
7133
6741
7145
6864
6995
6784
6160
7000
6755
6639
6925
6937
6622
6621
6638
7002
6542
7090
6976
6828
7108
7010
6538
7074
7030
6378
6945
7030
6248
6552
6952
6374
6879
6978
7113
6484
6741
6843
6602
6621
6289
6977
6286
6813
6409
6660
7065
7061
6199
6749
6757
6741
6151
6952
6587
6248
6252
6275
6692
6298
6737
6589
6978
6239
6467
6746
6848
6589
6741
7043
6496
6707
6660
6193
7112
6251
6304
6606
6538
7028
6402
6144
6605
6386
9225
7714
7625
8017
8015
7859
8176
7661
7282
7707
7755
7523
7801
8076
7697
7947
8084
7621
7374
8128
7477
7186
7348
7577
7885
7844
7556
7833
7661
7661
7911
7932
7179
7796
7459
8102
7510
7827
7557
7904
7968
7967
7969
7749
7654
7744
8002
7836
7795
7418
8141
8051
7930
7926
7666
7791
7819
7386
7911
7390
7803
7838
7880
7704
7705
7906
7455
7252
7425
7650
8071
7328
7563
7655
7519
8063
7682
7996
8137
7705
7438
7536
7996
7173
7620
7891
7636
7432
8176
7856
7243
7661
7538
7213
7879
7705
7666
8154
8015
8125
7771
7191
7830
7832
7770
7275
7832
7367
8063
7830
8123
7963
8015
7954
7638
7796
8141
7968
8013
7428
7193
7354
7459
7951
7972
8164
7801
7799
7815
7810
7557
8034
7173
7319
8073
7549
7638
8174
8055
7250
7497
8176
7525
7893
7577
7893
7472
8107
8112
8077
7664
7862
7484
7727
8125
8168
8073
8063
8029
7594
7605
8006
7319
8137
7472
7493
7407
7941
7506
7941
7570
7906
7524
7808
7905
7328
7255
7942
8171
7942
7996
7714
7528
7930
7424
7171
8005
7866
7361
7998
7396
7437
7519
7670
7575
7555
7301
7794
7173
7773
8084
7659
7825
7856
7845
7563
7545
7366
7750
7708
7611
7877
7456
7968
7689
7941
7665
8106
8175
8042
7183
7214
7581
8064
7345
8073
7206
8072
7695
7690
7252
7970
8152
7978
7340
7976
8130
7209
7480
7498
7622
7287
8176
7652
7758
7627
7559
8074
8141
7472
7666
7731
8013
8013
7557
7207
7860
7196
7602
7185
7951
8100
7861
7185
7668
7555
8177
7301
7979
7432
7499
7301
7287
8062
7930
7263
7228
7784
7476
7559
7250
7646
7772
7366
7646
7981
7924
7317
8132
7437
7941
7578
7877
8181
7404
7764
8002
7557
7236
7548
7604
7633
7693
7636
7638
7248
7922
8185
7421
7416
7655
8029
7903
7719
7996
7877
7590
7715
7706
7618
7349
7434
8030
8058
7963
7669
7532
8015
7486
7735
7638
7557
7790
7674
7661
7412
7718
8009
7519
7563
7754
8084
7715
7877
7728
7694
8055
7842
7968
8013
7626
7877
7992
7486
7559
7755
8176
7367
7416
7179
7179
7450
7418
7390
7812
7491
7613
7311
7795
7181
7654
7851
7862
8084
7638
8182
7421
7590
7405
7843
7182
7396
8084
7968
8099
7952
7977
7968
7185
7246
7293
7214
7556
7621
7823
7970
8105
7496
8094
8031
7450
7592
7981
8038
7906
7512
7928
7925
7830
7555
7783
7989
8069
7907
7542
8132
7556
8073
7638
7985
7203
8076
7391
7968
8128
7183
7252
8100
8183
7451
7638
8179
7421
7792
7572
7721
7290
7935
7757
7691
7968
7635
7948
7995
7277
7793
7258
7425
7832
8171
7778
7651
7935
7592
7258
7388
7214
8010
8084
7567
7913
7714
7195
8087
7236
7880
7375
7396
8141
7863
7465
7855
7604
7528
7631
7930
7930
7862
7850
7444
7560
7399
7947
8186
7898
7410
7409
8131
7252
7628
7510
7402
7450
7877
7747
7922
8142
7252
7803
7252
7777
8001
7312
7652
7217
7885
7592
7461
8053
7693
7985
7319
7678
8062
7556
8090
7632
7652
7556
7661
7788
8007
7864
7782
7425
7699
7305
7972
7843
7216
7923
7815
7992
7495
7948
8053
7579
7254
7703
7349
8043
8153
7204
7728
7715
7556
7277
7911
7541
7523
7222
8034
7349
8064
7290
7315
7337
7942
8106
8039
7631
7345
7414
8073
7579
7374
7426
8113
8024
8053
8013
7581
7699
8062
8084
7788
7579
8044
7557
7661
7574
7669
8084
7636
7792
7879
8062
7216
7370
7505
8131
7555
7664
8100
7743
7409
7410
7614
8004
8046
7566
7557
8107
7982
7409
7714
8148
8023
7278
7399
7354
8044
7795
7248
7857
7897
7858
7760
7512
7335
7756
7540
8125
7963
7843
8186
8186
8078
7593
8042
8109
7812
7539
7774
7858
8043
7877
7754
7942
8117
8104
7893
7828
7788
7380
7451
7874
7699
7326
7487
7354
7661
7966
7842
7737
7419
8034
7766
7766
7393
8191
8152
7757
8006
7559
8149
7877
7332
7661
7838
7819
8010
7720
7950
8062
7657
7661
8101
7882
7774
7459
7720
7556
7495
7678
8076
7930
7475
7907
7669
8175
7390
7405
7623
7965
8115
8084
7877
7661
7518
7326
7217
8101
8161
8007
8034
8020
8062
8146
7860
8114
7367
7896
7629
7298
7968
8023
7513
7862
7312
7465
7693
8092
7848
7760
7259
7556
7613
8154
7404
8174
7988
7518
7196
8115
7590
7845
8046
7557
7310
7690
8010
8002
8161
7758
7600
7253
7409
7792
8105
7183
7404
9226
8348
8340
9153
8548
8398
9126
8204
8507
8536
9198
9212
8507
9183
9210
9156
9135
8536
9021
9026
8782
8834
8568
8367
8459
8790
8662
8972
9040
8548
8661
8863
8389
8341
8391
8722
9153
8518
8820
9202
8662
8852
8862
8381
9069
8621
8428
8327
8449
8585
8998
9065
8200
8629
8596
8448
9071
8198
8647
8794
8648
8924
9016
9122
9135
8720
8984
8329
8983
8352
8647
8879
8656
9052
8956
8463
9176
8480
8927
9162
8480
9095
8480
8811
9062
8501
9059
9200
9013
8474
8379
8577
8691
8192
8305
8825
8711
8571
8257
8944
8549
9188
8775
8677
8943
9118
9005
8483
8844
8234
8717
9156
8968
8929
8621
9076
8661
8775
8327
8730
9170
8448
9010
8483
9044
8459
8892
9206
9053
8751
9182
8313
8507
9112
8304
8630
8528
8935
8507
8708
8631
8851
9069
8922
8313
8664
8976
8781
8621
8552
9155
8647
9110
8514
8449
9128
8638
9029
8662
9203
8871
8382
8416
9199
8395
8806
8944
8345
8439
8634
8617
8731
8537
9198
9116
9196
8755
8460
9168
8493
8537
8717
8581
8581
9023
9137
8743
9098
9103
8242
9008
8445
9134
8823
9090
8621
8507
9108
9170
8752
8714
8680
8751
9023
9156
8402
9025
8381
8896
8223
9121
9004
8402
8601
8684
8553
8779
8661
8745
9029
8910
9184
8541
8558
9076
9153
8833
8569
8319
8960
8395
8406
8848
9147
8736
8817
8384
9105
8197
8439
8966
8900
8979
9065
8808
8426
9017
9116
8966
8520
8821
8979
9157
9122
9019
8327
8568
8634
8621
8621
8616
8664
9149
8958
8623
9122
9005
8372
8215
8590
8218
8748
8483
8235
9155
8702
9166
8936
8717
9196
8775
8402
9184
8921
9065
8751
8990
9191
9002
8767
8809
8248
9023
8792
9088
8741
8907
8925
9156
8346
8444
9159
8990
8628
8248
8612
8469
9051
8253
9026
8733
8507
8856
8983
9171
8814
8345
9160
9185
8658
8546
9116
8256
8421
9180
8602
8790
8616
8441
8543
8535
8442
8731
8444
9114
8440
8874
8370
9029
8862
9128
9199
8341
8857
8961
8549
9085
8697
9022
8676
8706
9102
8958
9207
8381
9022
8204
8508
8945
9101
9013
8471
8928
9110
8208
8779
8489
8838
8471
8486
8409
8752
9156
8341
9035
9032
8460
8980
8483
8395
8662
8914
8805
8728
8473
9185
8589
8822
8816
8973
8219
8712
9051
8950
8507
9132
8215
9039
8445
8603
8692
8305
8722
8609
9155
8905
8346
8814
8421
8257
9062
8985
8614
8905
8720
8651
8602
8438
9157
8507
8767
9043
8424
9189
8414
8680
8656
8386
8553
9121
9182
9040
8423
8829
8851
8395
9016
8452
9120
8573
8736
9100
8623
9149
8294
8848
9168
9016
8477
8432
9098
8944
9169
8537
8262
8382
9122
8439
9158
8794
8982
8434
8755
8884
8285
8776
8844
8656
8313
8307
8651
8549
8666
8602
9051
9148
8257
8978
8538
8928
9126
8985
9102
9021
8915
8293
8483
8661
8507
8235
8200
8402
8871
8756
8204
8381
9102
8232
8673
9025
8838
8975
8796
8339
8729
8593
8493
8602
8548
8595
8371
8434
8548
8309
8765
8204
8438
8571
8302
9113
8697
8618
8903
8775
9006
9200
8514
8363
8944
8292
9021
9051
8708
8507
8650
8434
8705
8520
8281
8572
8646
8257
8507
9067
8575
8978
9128
9210
8913
8978
9029
8438
8368
9020
8911
8338
8847
8738
8885
8697
8425
9022
8572
9089
8507
8857
8507
8852
8680
8610
8551
8557
8667
8629
8305
8789
9210
9189
8204
8969
8924
9032
8507
9085
8991
8630
8647
8650
8549
8972
8208
9061
8838
9102
8194
9026
8507
8501
8843
8903
8743
8880
8671
8483
8380
9142
8951
8192
8647
9026
9079
8706
8520
9183
9088
8362
8313
8735
8890
8931
9189
8671
8880
8741
8671
9192
8214
8735
8579
8452
8203
8493
8235
8975
8697
8886
8593
8257
8442
8382
8471
8752
8311
8568
8452
9108
8370
8608
8204
8650
8449
8442
9085
8256
8702
8773
8979
8384
8532
8490
8452
9182
8775
8685
8651
8852
8778
8822
8842
8929
8785
8414
8925
8905
8970
8726
8608
8507
9184
8809
8743
9196
8847
8880
9153
8697
8567
8486
9126
8811
8645
9104
9192
8392
8903
9122
8855
8445
8341
8804
8775
8831
8979
9080
8753
8622
9061
9080
8389
8907
8571
8558
8950
8493
8538
9021
8571
9114
8991
8743
8256
8759
9182
8327
8547
8658
8811
8624
8605
8391
8471
8745
8551
8875
9135
9081
8521
9147
8486
8593
8899
8748
9088
8309
8587
8364
8978
8551
9029
8502
8852
8823