9217
9218
300
616
924
645
229
924
924
229
229
924
229
367
229
233
229
662
137
496
774
229
229
198
573
78
806
447
514
424
514
557
514
933
514
514
856
566
566
921
223
514
579
533
988
514
514
241
241
856
296
826
514
628
96
95
467
183
419
573
236
236
921
921
171
273
533
97
882
106
241
88
900
900
452
600
88
900
505
611
259
333
88
566
290
900
452
600
88
900
452
452
333
241
443
82
242
170
924
60
200
248
924
34
924
600
88
900
452
452
106
814
819
594
733
106
573
965
305
447
992
424
514
557
514
431
431
514
514
338
566
921
514
514
579
533
996
514
540
514
264
443
422
514
431
514
137
557
514
392
514
504
965
776
566
921
223
514
557
514
139
514
514
343
560
560
930
514
930
514
557
514
139
514
1014
514
856
422
1014
514
1014
514
137
514
709
514
514
241
422
514
187
924
702
496
137
229
976
924
229
856
432
229
662
229
496
137
692
229
229
514
573
965
643
305
447
514
514
557
718
514
424
514
264
856
566
921
514
504
249
482
514
514
540
514
241
422
422
514
514
514
137
718
514
932
436
573
965
236
921
921
59
557
557
1011
37
8
151
172
560
616
514
930
514
557
514
424
514
152
514
566
320
152
514
152
514
152
137
514
152
514
325
899
422
514
924
924
514
557
924
514
924
514
777
856
422
855
514
514
137
774
692
514
514
573
573
643
514
447
514
424
514
718
514
139
514
514
856
566
921
204
514
541
965
481
514
882
829
697
241
422
26
207
171
557
95
5
628
366
217
965
236
921
921
385
618
557
96
927
5
183
151
287
560
877
930
514
1014
514
1014
514
1014
514
287
216
320
514
1014
1014
514
514
137
615
514
514
241
595
363
645
924
229
924
496
137
229
924
229
338
856
229
662
229
229
137
137
229
662
709
241
573
965
935
447
514
424
514
557
514
424
514
514
856
566
921
921
514
541
273
533
598
437
514
521
233
422
524
834
834
147
5
628
582
183
697
573
236
921
921
61
171
894
533
97
886
8
241
241
443
900
900
452
854
600
900
452
611
861
287
216
900
900
452
106
600
900
900
452
705
241
44
1021
836
170
924
600
200
731
133
731
667
600
477
26
206
366
233
216
900
982
769
259
573
380
326
326
326
442
953
724
832
658
971
998
9219
1166
1730
1438
1712
1712
1712
1779
1372
1580
1712
1416
1372
1123
1416
1580
1712
1372
2012
1372
1123
1372
1333
1580
1416
1333
1372
1927
1580
1927
1372
1599
1712
1682
1635
1677
1327
1404
2008
1963
1027
1221
1820
1952
1905
1392
1392
1905
1955
1945
1585
1585
1583
1327
1412
1840
1669
1431
1622
2003
1622
1798
2031
1815
1801
1899
2000
1345
1481
1896
1047
1824
1327
1843
1775
1261
1700
1397
1160
1700
1457
1457
1397
1457
1807
1397
1397
1534
1396
2004
1210
1925
1519
2025
1884
1815
1689
1700
1298
1903
1653
1298
1377
2045
1565
1346
1696
1977
1345
1334
1248
1248
1604
1104
1248
1155
1155
1899
1899
1345
1345
1841
1977
1938
1094
1160
1899
1899
1345
1267
1597
1977
1104
1248
1899
1345
1345
1686
1081
1644
1584
1480
1880
1828
2032
1828
1937
2010
2010
1387
1705
1352
1480
1942
1949
1215
1686
1629
1167
1160
1977
1334
1248
1248
1896
1034
1489
2003
1345
1659
2003
1104
1996
1581
1896
1287
1290
1660
1612
1939
1980
1953
2024
1980
1806
2018
1178
1221
1908
1670
2018
1820
1710
1646
1385
1063
1081
1963
2018
1081
1038
1936
1288
1221
1380
1952
1952
1982
1564
1178
1982
1940
1288
1221
1808
1940
1952
1288
1081
1820
1936
1288
1808
1940
1936
2018
1389
1952
1938
1814
1081
1820
1820
1952
1027
1027
1288
1221
1380
1952
1936
1221
1666
1931
1199
1745
1800
1674
2044
1861
1606
1680
1674
1832
1067
1832
1945
1861
1277
1961
1067
1680
1767
1214
1344
1680
1475
1861
1283
1277
1680
1680
1577
1475
1861
1186
1635
1583
1635
1852
1274
1312
1105
1470
1312
1479
1106
1712
1712
1712
1927
1902
1712
1902
1927
1902
1927
1902
1416
1401
1580
1032
1333
1123
1580
1446
1416
1580
1032
1123
1372
1599
1718
1555
1314
1998
1521
1892
1758
2033
1808
1952
1288
1564
1502
1221
1952
1960
1288
1945
1945
1952
1936
1535
1230
1840
2024
1448
1955
1945
1069
1410
1966
1940
1966
1966
1287
2035
1481
1557
1583
1597
2028
1931
1931
1905
1960
1966
2003
1755
1700
1457
1300
1843
1300
1300
1988
1327
1691
1967
2045
1862
1838
1945
1519
2025
1519
1700
1807
1622
1300
2025
1175
2006
1120
1034
1348
1205
1437
2036
1844
1961
1861
1214
1283
1916
1978
1030
1393
1030
1393
1030
1293
1978
1312
1393
1322
1527
1106
1293
1322
1393
1030
1106
1293
1312
1393
1312
1490
1844
1510
1623
1344
1406
1844
1214
1942
1967
1214
1402
1479
1479
1680
1984
1402
1832
1424
1832
1067
1832
1402
1288
1832
1940
1945
1081
1950
2018
1406
1952
1820
1945
1945
1867
1069
1629
1664
1882
1147
1952
1905
1945
1940
1206
1666
1931
1955
1966
1960
1905
2035
1966
1940
1535
1501
1409
1828
1925
2003
2003
2035
1177
1959
1404
1188
1181
1991
1248
2023
1397
1565
1930
1635
1589
1959
1397
1700
1300
1700
1843
1843
1049
1843
1843
1843
1049
1843
1255
1306
1565
2045
1828
1589
2025
2025
1884
1622
1300
1959
1659
1843
1300
1653
1700
1831
1866
1506
2044
1350
1674
1680
1674
1680
1961
1067
1680
1961
1067
1680
1475
1214
1277
1350
1067
2044
1861
1402
1680
1767
1344
2036
1577
1767
1067
2044
1666
1635
1209
1480
1718
1528
1372
1902
1527
1863
1712
1779
1372
1580
1712
1372
1712
1580
1416
1333
1580
1416
1707
1416
1123
1416
1123
1416
1123
1416
1580
1712
1372
1123
1372
1333
1580
1416
1707
1597
1824
1545
1877
1588
1502
1502
1152
1952
1288
1945
1947
2003
1564
1966
1940
1940
1966
1940
1732
1812
1681
1448
1622
1583
1635
2003
2003
1038
1561
1192
1981
1991
1815
1607
1700
1368
1755
1824
1828
1700
1397
1931
2003
1755
1755
1457
1700
1457
1457
1127
1300
1300
1327
1029
1381
1948
1330
1489
1622
1884
1801
1807
1534
1561
1404
1049
1324
1456
1298
2023
1626
1387
1729
1696
1977
1334
1248
1248
1155
1899
1584
1167
1899
1345
1334
1248
1155
1160
1963
2045
1899
1345
1607
1334
1104
1248
1290
1629
1104
1160
1899
1345
1334
1409
1406
1730
1730
1880
1828
1812
1828
2045
1409
1830
1094
1307
1636
1409
1728
1828
1968
1937
1191
1993
1288
1981
1991
1777
1924
1815
1938
1094
1722
1345
1903
1723
1884
1777
1167
1038
1801
1410
1701
1764
1701
1755
1755
1127
1755
1127
1755
1701
1755
1755
1701
1512
1127
9220
2629
2743
2077
2498
2077
2077
2077
3070
2077
2077
2061
2077
2787
3057
2589
2928
2149
2095
2296
2095
2749
2095
2589
2852
2095
2071
2262
2940
2589
2149
2149
2149
2149
2143
2725
2699
2498
2670
2295
2526
2802
2149
2149
2295
2257
2544
2134
3015
2149
2149
2460
2180
2090
2625
2442
2723
2050
2767
2811
2914
2333
2864
2463
2964
2165
2457
2459
2842
2990
2853
2050
2696
2564
3071
2612
2452
2619
2529
2452
2442
2208
2724
2162
2990
2877
2225
2218
2166
3065
2050
3014
3014
2841
2801
2224
2528
2277
2800
2855
2907
2492
2119
3046
2560
2088
2869
2224
2314
2097
2889
2877
2758
2989
2925
2748
2649
3028
2813
2985
3069
2457
2277
3000
2268
2549
2631
2972
3069
2854
2457
3032
2529
2925
2209
2467
2889
2429
2406
2773
3070
2118
2618
2863
3061
2538
2618
2535
2935
2343
2997
2225
2636
2629
2676
2230
2429
2061
2561
2467
3023
2277
2567
3017
2777
2910
2529
2383
2529
2964
2764
2225
2100
2467
2979
2585
2257
2392
2242
2424
2136
2603
2457
2149
2870
2870
2422
2249
2262
2149
2050
2050
2667
2257
2155
2721
2723
2050
2667
2090
2390
3064
2309
2618
2940
2460
2493
2509
2421
2916
2175
2881
2177
2940
2460
2422
2529
2424
2630
2509
2259
2529
2249
2390
2424
2979
2967
2191
2781
2474
2892
2723
2061
3015
2842
2127
2149
2149
2940
2460
2259
2515
2515
3019
2107
2756
2257
3033
2947
2529
2891
2849
2817
2509
2842
2214
2050
2050
2283
2149
2149
2306
2814
2732
2838
2503
2891
2814
2486
2838
3038
2447
2940
2149
2529
2914
2371
2161
2292
2978
3037
2812
2547
2787
2978
2623
2644
2769
2283
2769
2388
2615
2375
2615
2542
2615
2095
2127
3045
2589
2848
2603
2327
2260
2149
2626
2249
2149
2127
2095
2296
3064
2672
2787
2771
2692
2283
2147
2815
2720
2604
2149
2149
2838
2963
3019
2225
2149
2940
2670
2700
2730
2667
2442
2240
2050
3070
2121
2618
2249
2677
2249
3066
3034
3047
2162
2815
2604
2561
2671
2726
2091
2670
2102
2102
2850
2940
3015
3000
2162
2452
2442
2700
2628
2619
2177
2521
2476
2264
2450
2333
3014
2892
2712
2818
2552
2243
2942
2498
2529
2498
3071
2721
2544
2697
3015
3070
2197
2479
3015
2509
2479
2149
2732
2515
2732
2282
2602
2784
2602
2149
2784
2799
2348
2669
2784
2282
2149
2149
2124
2149
2149
2608
2149
2589
2623
2589
2784
2784
2799
2505
3019
2838
2204
2657
3057
2849
2176
2849
2814
2391
2486
2849
2814
2629
2647
2100
2651
2498
2498
2498
2787
2798
2157
2447
2667
2670
3016
2736
2149
2625
2149
2283
3000
2380
2692
2589
3019
2195
3019
2565
2457
2515
2838
3019
3019
2447
2565
2085
2939
2460
2249
2782
2346
2539
2577
2050
2577
2782
2868
2498
2297
2789
2873
2972
2964
2777
2925
2248
2314
2972
2881
2912
2693
2162
2162
2841
2478
2942
2225
3066
2877
3022
2411
2748
2945
3022
2823
2113
2111
2487
2544
2618
2618
2945
2434
2746
2788
2800
2552
2350
2905
2248
2276
3071
2526
2257
2249
3034
2247
2833
2424
2529
2814
2891
2306
2814
2891
2149
2891
2577
2149
2841
2058
2157
2814
2486
2306
2814
2891
3019
2891
2814
2149
2257
2482
2637
2061
2920
2490
2490
2058
2589
2849
2858
2283
2149
2804
2149
2978
3015
2283
3015
2978
3015
2876
3038
3064
2296
2958
2664
2095
2498
2245
2149
2589
2149
2149
2812
2749
2095
2589
2814
2498
2149
2084
3066
2518
2439
2149
2149
2188
2978
3019
2838
2800
2515
2699
2877
2262
2262
2424
3034
2149
2264
2613
2498
3015
2149
2224
2343
2511
2437
2177
2255
2498
2801
2968
3022
2097
3071
2907
2094
2540
2817
2162
2564
3008
2134
2343
2939
2833
2990
2612
3041
2905
2467
3037
2297
2394
2105
2849
2506
2665
2232
2224
2944
2661
2135
3022
2938
2651
2097
2255
2248
2609
2881
2209
2812
2680
2452
2314
2209
2649
2694
2969
2581
2467
2942
2314
2579
2925
2939
2992
2209
3050
2467
2756
2942
3023
2990
2264
2529
2612
2347
2800
3069
2735
2331
2077
2536
2360
2170
2332
2050
2991
2735
2735
2266
2875
2620
2168
3023
2320
2791
2347
2111
2457
2360
2724
3008
2411
2182
2344
2549
2516
2192
2717
2464
2788
2314
2985
2800
2511
2516
2088
2383
2939
2150
2177
2105
2105
2986
2463
2748
2649
2209
2862
2862
2209
2985
3017
9221
3156
3796
3520
3738
3420
3917
3168
3961
3847
3605
3754
3995
3109
3168
3109
3599
3439
3532
3339
3339
3339
3168
4065
3439
3230
3878
3439
3567
3168
3720
3532
3642
3224
3335
3208
3291
3137
3081
3611
3808
3422
3245
4095
3081
3337
4052
3074
4036
4005
3933
3642
3081
3226
3938
3705
3923
3389
3364
3149
3669
3697
3727
3697
3077
3839
3950
3077
3096
3991
3783
3883
4094
3819
3819
3662
3987
3450
3456
3987
3431
3924
3450
3824
3486
3467
3622
4007
3986
3480
3086
3582
4036
3161
3654
3333
3966
3813
3966
3327
3439
3447
4031
3138
3738
3274
3542
3824
4077
3987
4079
3904
3558
3987
4079
3259
3839
3804
3987
3747
3891
4046
3447
3737
3389
4054
3772
4042
3891
3371
3358
3596
3500
3715
3504
4079
3824
3336
3677
3606
3459
3119
3490
3078
3293
3175
3982
3234
3459
3459
3297
3995
3464
3529
4084
3659
3189
3878
3372
3596
4087
3951
3818
3952
4005
3912
4070
3736
3747
3517
4087
3834
3381
4004
3300
3439
3625
3149
4032
3367
4032
3327
3599
3339
3934
3726
3557
3910
3766
3663
3264
3758
3610
3938
3877
3291
3730
3941
3773
3834
3547
3462
3224
3780
3515
3241
3462
3381
3810
3816
3979
3659
3663
3403
3925
3611
3300
3599
3599
3811
3937
3381
3599
3238
3685
3796
3846
3878
3339
3199
3625
4016
3685
3338
3937
3110
3117
3900
3515
3109
3599
3381
3921
3910
3216
3262
3743
3854
3269
3456
3282
3269
3142
3435
3187
3687
3219
3499
3210
3210
3691
3611
3215
3395
3599
3149
3663
3663
3651
3611
3390
3953
3651
3074
3771
3685
3796
4083
3153
3149
3770
3650
3532
3320
3742
3515
3816
3439
4013
3212
3606
3253
3758
3599
3532
3429
3497
3599
3149
3532
3210
3943
3611
3253
3339
3768
3547
3439
3554
3939
3230
3311
3611
3291
4030
3120
4031
3251
3611
3599
3599
3860
3836
3532
3884
3529
3768
3118
3151
3867
3738
3738
3238
3635
3293
3807
3195
3940
3919
3296
3846
3876
3611
3850
3238
3097
3868
3238
4052
3388
3880
3796
3867
3887
3119
3639
3901
3931
4077
3185
3447
4008
3997
4093
3300
3644
3360
3272
3149
3765
3990
3796
3602
3605
4024
4077
3327
3447
3396
3997
3698
3940
3231
3107
3475
3499
3096
3836
3836
3390
3244
3611
3395
3599
3611
3611
3611
3245
3217
3599
3245
3525
3605
3599
3149
3855
4073
3178
3525
3489
3489
3803
3611
3681
4013
3611
3583
3339
3258
3917
4090
3209
3439
3390
3654
3456
3404
3816
3536
3339
3436
3816
3739
3677
3439
3611
3733
3961
3458
3599
3961
3370
3854
3473
3458
3147
3367
3291
3372
3367
3142
4094
3883
3900
3459
3739
3088
3094
3611
3599
3154
3074
3738
3641
4033
3344
3337
3459
3381
3081
3081
3097
3458
3224
3497
3579
3555
3846
3358
3081
3081
3599
3887
3406
3447
4077
3647
4056
4052
3987
3738
3976
3151
3137
3909
3156
3682
3498
3901
3715
3966
3888
3935
3772
4077
3893
4055
3502
3097
3937
3073
3654
3161
3834
3872
3952
3586
3111
3727
3210
3747
3576
3890
3268
3389
3202
3615
3187
3687
3230
3529
3685
4051
3611
3187
3364
3816
3816
4051
3244
3536
3817
3687
3269
3611
3685
3687
3230
3611
3649
3611
3599
3816
3687
3087
3329
3456
4095
3685
3611
3816
3685
3611
3941
3938
3816
3768
3816
3358
3363
3644
3702
3644
3606
3532
3611
3694
3611
3215
3145
3215
3611
3995
3605
3974
3435
3702
3878
3532
3168
3529
3210
3974
3642
3367
3599
4031
3120
3081
3248
3381
3611
4095
3685
3446
3599
3292
4095
3238
3251
3260
3381
3081
4033
3149
3578
3389
4084
3819
3473
3081
3819
3101
3819
3942
3495
3819
3165
3386
3315
3855
3307
3109
3819
3940
3498
3974
3876
3521
3743
4091
3682
3613
3669
3868
3758
3300
3226
3104
3477
3293
3238
3938
3925
3796
3408
4077
3201
3909
3856
3268
3890
3447
3890
3498
4056
3464
3339
3363
3834
3987
3259
4087
3951
3901
3878
3647
3310
4079
3333
3951
3647
3782
4068
3242
3747
3737
3235
3739
3942
4072
3149
4070
3952
3952
3304
3952
3237
3083
3414
3096
3078
4024
3781
3375
3092
4003
3297
3104
3966
3248
3086
3335
3283
3304
4056
3599
3791
3965
3094
3538
3202
3987
3500
4093
3237
3398
3783
3704
3327
3185
3235
3935
4056
3934
4077
3622
3377
4077
3504
3542
3373
3868
3498
3498
3498
3526
4008
4072
3526
3504
3376
9222
4897
4166
4700
4578
4914
4410
4914
4434
4813
4578
4700
4212
4762
4592
4582
4309
4773
4230
4442
4243
4284
4918
4300
4147
4352
4326
4326
5030
5062
4500
5062
4563
4126
4126
4711
4542
4821
4295
4808
4402
4567
5102
4653
4411
4131
4482
4453
4364
4634
4633
4171
4332
4670
4305
4322
4400
4258
4696
4323
4494
4544
4528
5109
4728
4561
4364
4423
4917
4453
4468
4146
4100
4175
4411
4274
5041
4510
4354
4414
5037
4507
4737
4695
4387
4507
5079
4671
4784
5113
4748
4207
4117
4480
4384
4711
4733
4546
4145
5094
4625
4510
4384
4848
4791
4702
4852
4853
4145
4934
5114
5090
4938
4934
4624
4296
5096
4889
5118
5058
4539
4411
4684
4532
4161
4924
5114
4771
4384
4137
4862
4955
4337
4987
4955
4955
5058
4904
4575
4653
4180
4178
4264
4965
4437
4418
4264
4965
4436
4843
4890
4364
4422
4260
4167
4134
4476
4698
4337
4924
4625
4926
4150
4950
4830
4306
4704
5030
5058
5079
4926
5059
5068
4282
4788
5037
4574
4825
4238
4784
4795
4459
4978
4304
4203
4653
4645
4436
5102
5044
4371
4345
4937
4376
4159
4230
4298
4402
4260
4997
4442
4472
4411
4240
4827
4543
4130
4549
4349
4200
4700
4442
5105
4376
4826
4583
4350
4451
4240
5020
5102
4543
4856
4422
4666
4894
4349
4407
4222
4126
4188
4108
4451
4296
4200
4973
4411
4805
4200
5106
4798
4440
4198
4947
4126
4239
4322
4139
4230
4426
4665
4507
4414
4696
4189
4957
4352
4544
5078
4471
4760
4331
4511
4791
5082
4457
4960
4313
4657
4289
4300
4350
5006
4355
4207
4918
4456
4656
4534
4629
4282
4291
4126
4167
4234
4703
4167
4846
4564
4904
4402
5063
4939
4326
5030
4856
4269
4147
4147
4147
4411
4897
4918
4243
4325
4270
4121
4325
4421
4725
4773
4122
4551
4481
4227
4967
4230
4538
4325
4936
4411
4401
4805
4991
4798
4198
4371
4401
4987
4988
4991
4997
4151
4988
4230
4549
4850
4296
5045
4301
4238
4593
4825
4633
4945
4396
4442
4386
4128
4567
4230
5007
4126
4567
4755
5050
4242
5042
4917
4549
4414
5069
5058
4567
4145
4478
4615
4513
4886
4277
4161
4403
4388
4997
4601
4314
4189
4414
4836
4364
5054
5079
4320
4171
4854
4505
4883
4473
4998
5117
4619
4534
4426
4998
5002
4656
4578
4180
5080
4193
4501
4813
4338
4567
4444
4189
5080
4794
4333
4947
4629
4531
4683
4802
4737
4531
4501
4611
4563
4509
4854
4854
4400
4806
4806
4217
4352
5037
5074
4248
4691
4897
4358
5082
4166
4223
4990
4383
4700
4869
4190
4999
4269
5072
4500
4171
4139
4230
4442
4544
4812
4269
5071
4193
4873
4627
4670
4750
4967
5072
4865
5106
4304
4659
4354
4543
4776
4546
5011
4856
4899
4510
4308
4506
4935
4856
4675
5047
4217
4509
4624
4392
4967
4538
4621
4483
5042
4567
4444
4197
4159
4211
4332
4256
4705
5041
4364
4494
4170
4567
4853
4589
4967
4414
5089
4134
4414
4944
4820
4243
4442
4443
4743
4865
5072
4494
4567
4856
4494
4852
4337
4175
4926
4414
5112
4643
4586
5006
5007
5078
5025
5030
4457
4665
4259
4969
4665
5108
4757
4665
4287
4207
4644
4918
5030
4781
4947
4215
4976
4433
4757
4947
4976
4760
4976
4918
4355
4851
4505
4299
4482
4474
4850
4126
4838
4240
4481
4948
4914
4961
4623
4939
4147
4207
4325
4586
4326
4436
4904
5062
4147
4740
4189
4567
4326
4704
4990
4798
4187
4468
4352
4997
4567
4267
4583
4803
4958
4967
4287
4680
4316
4270
4239
4411
4298
4220
4274
4567
4692
5037
4239
4969
4363
4690
4773
4223
4379
4128
4628
4195
4841
4151
5008
4134
4929
4338
4337
4494
4242
4567
4387
4387
4296
4813
4924
4440
4659
4414
4853
4684
4747
4624
5112
4583
4484
4533
5110
4949
4419
4473
4928
4965
5005
4201
4338
4878
4875
4687
4864
5089
4784
4561
5079
4945
4539
5068
4232
4488
4512
4354
5114
5115
4364
4296
4889
4684
4589
4810
4720
4751
4934
4830
5118
4605
4106
4977
4132
4866
4200
5049
4955
4111
5008
5096
4175
5022
4384
5089
4307
4541
4234
4251
4532
4532
4372
4853
4897
4874
4161
4113
4097
4562
5041
4106
5032
4717
4251
4783
4949
4192
4924
4621
4772
5037
4488
4773
4363
4783
4606
4830
5114
4384
4384
5110
4321
4623
4631
5022
4384
4889
4861
4823
4934
4823
4817
4346
4508
4864
4351
4624
5022
4835
9223
5273
5938
5560
5685
5685
5685
5675
5743
6049
5189
5525
5385
5794
5572
5967
5894
5316
5481
6085
5650
5292
5622
5979
5408
5264
5826
5516
5496
5677
5317
5934
5638
5275
5705
5157
5754
5446
5538
5817
5966
5876
6137
5619
5886
5942
5412
5888
6122
5949
5702
5300
5929
5600
5409
5258
5792
5598
5385
5749
5796
5262
5956
5288
5890
5816
5856
5474
5597
5541
5925
5272
5614
5908
5696
5720
5631
6059
5720
6068
5579
5796
5249
6137
5616
5793
6095
5673
5432
5737
5973
5248
5789
5668
5803
6027
5225
5792
6027
5209
5644
5639
6027
5739
6023
5417
5931
5608
6083
6089
6027
6089
5233
6110
5391
5834
5310
5766
5391
5533
5495
6134
5414
5211
6021
5840
5125
5856
6005
5448
6024
5502
5657
5657
6004
5456
5456
5733
5448
6061
5959
5882
5268
5616
5268
6088
5441
5879
5999
5325
6137
6140
6140
5461
5665
5490
5270
5331
5169
5657
5566
5665
6024
5281
6023
5837
5695
5929
5908
6012
6032
5661
5154
5731
5829
6051
5603
5553
5739
5509
5619
5686
5281
5512
5629
5967
5364
6119
5739
5224
5417
5487
5507
6112
5245
5602
5398
5558
5695
5541
5441
5509
5509
5682
5866
5760
5714
5886
5687
5487
5715
5167
5695
5876
5817
5708
5389
6088
5419
5959
5509
5365
5966
6119
5524
5965
5302
5817
5962
5386
5453
5704
5839
6035
5445
5509
5886
5846
5158
6068
6068
6068
5828
6041
5569
5542
5529
6118
5695
5416
5505
5509
5318
6135
5292
5451
5630
6120
5302
5877
5288
5846
5876
5298
5351
5340
5695
5350
6027
5644
5846
5583
5796
5840
5233
6086
6081
6119
5804
5190
5360
5237
5812
5961
5543
5812
5281
5812
5341
5743
5500
5392
5804
5473
6008
5966
5302
5476
5622
5622
5949
5622
5823
5949
6019
5481
5952
5315
5739
5431
5743
5380
6068
5490
5923
5148
6087
5796
6092
5340
5268
5715
5877
5329
5619
5608
6072
5399
5235
5696
5399
5386
5192
5556
6138
5616
5616
5812
5812
5318
5329
5185
5201
5327
5288
5619
5853
5792
5817
5509
5550
6034
5394
5320
5566
6068
6034
6127
6095
5465
5924
6064
5539
6086
6041
5631
5502
5616
5826
5863
6009
5580
5583
6112
5385
6020
6078
6042
5300
6099
5766
5644
5473
5169
5528
5684
5738
5376
5846
5770
5619
5379
5739
5790
5455
5994
5152
5249
5249
5890
5739
5817
5302
5622
5360
5412
5412
5249
5295
5295
5739
5239
5402
5444
5585
5578
5686
5948
5412
5817
5783
5967
5615
5654
5126
5809
5448
5663
5394
6137
5292
6065
5350
5942
5952
5501
5393
5817
5274
5979
5421
5894
5678
5462
5677
6037
5741
5885
5857
6122
6064
5575
5827
5741
5897
5619
5209
6010
5411
5739
5536
5517
5490
5556
5841
5626
5677
5320
5619
6113
5800
5361
5657
5976
5595
5640
5456
5909
5579
6078
6109
5871
5812
5816
5901
5915
6068
6083
5665
6103
5402
5829
5645
5747
5686
5125
5249
5414
6020
5574
5318
5982
6127
5869
5631
5242
5242
5139
5655
5981
5233
5901
5886
5775
5566
5645
5665
6050
5209
5879
5566
5929
5772
6068
5724
6095
6105
5481
5144
5219
6137
5406
6093
5739
5846
5364
5711
5390
5739
5846
5796
5846
5388
6068
6068
5445
6142
6068
5120
5739
5680
5126
5583
6137
6137
6068
5876
5217
6097
5801
5216
5942
6081
5619
5934
5316
5572
5894
5385
5942
5189
6121
5717
5370
5849
5481
5993
5280
5189
6054
5155
5317
5947
5334
6040
5871
5966
5759
5189
5292
6049
5756
5846
5431
5482
5389
5836
5526
5359
5433
5266
5266
5538
5509
6068
6119
5323
5579
5445
5509
5645
5872
5165
5714
5346
5464
5197
5899
5789
5445
5900
5179
5672
5869
5372
5578
5242
5577
5383
5323
5288
5136
5686
5862
5930
6036
5556
5814
5736
5668
6023
5231
5608
5158
5929
5639
5929
5411
5875
5552
5770
5414
5441
6027
5262
5910
6050
5331
6036
5611
5526
6087
5456
6103
6024
6079
5857
5236
6029
5766
5555
5811
5288
5391
5456
6094
5527
6002
6073
5302
6004
6048
6023
5693
5305
5228
5772
5758
6005
5487
5391
5911
5464
6083
6103
6127
6086
5924
5148
5805
6099
6037
5889
5488
5737
5305
5723
5571
5884
5737
5737
6131
5737
6089
5248
5200
5669
5886
5397
5415
5533
5931
5402
5566
6023
5343
5587
5434
5229
6020
6087
6027
6083
5726
5595
6005
5690
5962
6086
5493
5495
5482
5343
6064
5964
6083
6064
6073
5509
5821
6064
5834
9224
6267
6825
6656
7012
6265
6595
6732
6871
6823
6489
6482
6536
6807
7163
6307
6381
7164
6770
6922
6660
6814
6343
6722
7165
6227
6355
6823
6265
6814
6796
6758
6252
6945
6717
6474
6447
6736
6964
6378
7165
6655
6669
6979
7135
6540
7165
6423
6558
7051
6414
6828
6807
6568
7096
6433
6429
6611
7039
6807
6880
6584
7021
7067
6719
6487
6175
7061
6663
6534
7154
6865
7079
6878
6536
6514
6167
6757
6696
6725
7093
7149
6556
6250
6830
6728
6524
6746
6570
6374
6206
6239
7118
6654
7093
7065
6416
6597
6675
6621
6755
6605
6971
6258
6297
6446
6516
6203
6649
6958
6575
6621
6708
6711
7090
7126
6970
7139
6741
6437
6534
6216
6437
6523
6951
6810
6834
6962
6622
6671
7107
6608
7104
6605
6969
6995
6912
7116
6441
6214
6444
6849
7005
6891
7165
6944
6643
6534
6846
6259
7093
7159
7165
6457
6557
6907
6814
6918
6623
6286
6693
6622
6944
7067
6969
6621
7082
6472
6621
6854
6484
6594
6794
6758
7159
6293
6721
6413
6664
6664
6890
7165
6964
6578
6890
6749
6259
6262
6629
6252
6607
6559
7159
6476
7103
6765
7048
7051
6910
6200
6889
6590
7165
6963
6277
6889
6926
6730
6849
6405
6548
6540
6516
6717
6615
6820
6833
6438
6833
6395
6977
6419
6295
6294
6414
6307
6508
6928
6470
6805
6875
6320
6594
7030
6677
6149
6794
6883
7063
6889
6729
6436
6607
6948
6596
6851
7030
7134
6331
6294
6192
6825
6825
6192
6764
6902
6538
6777
6972
6552
7017
6208
7111
7107
7146
7111
6474
6930
7165
6491
6981
7030
6602
6656
6709
6242
7030
6562
6868
6466
6331
6496
6295
6586
6975
7096
6784
6889
7055
6751
6242
7162
6179
6615
6533
7018
6939
6443
6653
6679
6482
6538
6538
6956
6394
6538
7111
6394
6203
6636
6497
6242
6155
6851
6474
6746
6290
6807
6580
7021
6830
6275
7085
6945
6686
7156
6621
6927
6233
6337
6628
6981
6557
6381
7093
6493
6512
6929
6419
6518
6241
6852
6587
7106
6727
6573
6858
6663
7106
6192
7128
7090
6722
6605
6258
6332
6304
6167
6290
6512
6663
6233
6970
7149
6680
6707
6981
6794
6541
6388
6871
6940
6481
6643
6429
7147
6952
6855
6505
6360
7161
6482
6912
6958
6359
6367
7044
7085
6717
7111
6792
6147
6930
6281
6362
6590
6716
6242
6365
6853
6171
6814
6902
6331
6265
6485
6820
6516
6303
6698
6562
6728
6540
6866
7037
6961
6171
6474
6474
6175
6902
6770
6362
6844
6417
6474
6594
6938
6926
6520
6977
7167
6805
6664
7165
7008
6520
7027
6890
6928
6751
6805
6892
7042
6562
6467
7111
6671
6999
7066
6213
6252
6536
6499
7104
6155
7160
6614
6874
6680
6153
6495
6926
6849
7009
6307
6519
6629
6639
6354
6419
6282
6768
6726
6868
6938
6598
6747
6705
6615
6558
6727
7017
6931
6983
6594
6147
6250
6769
6605
6796
6332
6405
6995
6812
6834
7093
6788
6514
6880
6649
6845
7093
7081
7093
6240
6568
6567
6822
6834
6931
6160
6854
6332
6931
6931
7126
6721
7131
6780
7008
6995
6380
7028
6511
7009
6352
7159
6999
6834
6370
6728
7165
6782
7077
7165
7165
6491
6310
6324
6830
6858
6281
6694
6404
7065
7146
6404
6882
6902
6854
6664
6514
6643
7028
7103
6975
6717
6265
6865
6796
6790
6529
6392
7165
6179
6298
6690
6823
7165
7030
6719
7004
7077
6871
7068
7077
7018
6718
7095
6550
6677
6984
6660
6737
6999
7026
6891
6743
6743
7030
6847
6260
6780
6671
6894
6712
6780
6818
6148
6568
6351
7063
6830
6474
6438
6472
6294
6621
6419
6419
6560
6674
6669
6663
6695
6664
6628
6623
6428
7019
6297
6978
6391
6807
6499
6944
7091
6978
6791
6376
6807
6264
6505
6807
6711
6554
7009
6978
7107
6621
6922
7137
6951
6741
7119
7049
6522
6459
7121
7106
6431
6902
6602
6788
6163
6874
6493
7093
6482
6638
6768
6165
6458
7149
6452
6842
6444
6460
7126
6958
6827
6621
6154
6621
6421
6812
7149
6458
6663
6622
7139
6794
6526
6570
7152
6160
6843
6674
6437
7090
6741
6583
6437
6947
6958
7072
6534
7017
6188
6697
7147
6977
6277
6153
6793
7009
6923
6617
6996
6909
6526
7147
6646
6931
6374
6481
6566
6189
7145
6891
7055
6160
6810
6179
6768
6976
6293
6621
6912
6812
7147
7007
6843
6796
7093
6241
7002
6280
7155
6329
6638
6907
6492
6517
6382
6451
6574
6758
6776
6925
6240
9225
7603
7444
7445
7877
7614
7204
7655
7589
7545
7497
7422
8046
7270
7567
8125
7206
7822
8037
7857
7982
8135
7555
8018
7287
7870
8054
7948
8136
7732
7935
8132
7336
7705
7588
7417
8097
7362
7515
7843
7952
8103
7527
7778
7347
8176
7377
8176
7895
7822
7509
7727
7200
7541
7541
7956
7462
8125
7541
8067
8071
7326
7419
8015
7661
7528
7203
8161
7942
7354
7643
8099
7887
7858
8076
7574
7988
7424
7295
7661
7796
7507
7754
7967
7660
7923
8174
8063
7481
7273
7474
8165
7735
7264
8101
7533
8162
8101
7807
7818
7916
7646
7347
7320
7829
7396
7811
7845
7880
7912
7557
7246
8063
7574
7696
8183
7962
7282
7556
7950
7794
7684
7969
7868
7565
7638
7533
7495
7459
7697
7906
7910
8029
8108
8181
7715
7796
7684
7226
7865
7530
7487
7680
7202
8074
8010
7750
7472
8029
7982
7618
8071
7464
7583
7319
7523
7554
7304
7303
7721
7880
7632
7940
7967
7621
7188
7713
8056
7191
7556
7533
7912
7761
7951
7615
7456
8185
7242
7929
7409
7462
7913
8056
7294
8141
7658
8147
7182
8103
7331
7674
7959
8053
8053
7650
7803
7588
7843
7535
7491
7895
8101
7593
7312
7451
7326
7431
7953
7204
8130
7421
7974
7735
7654
7838
7373
7709
7447
8092
7843
7746
7938
7511
8100
7467
8125
7501
7373
8124
7843
7592
8124
7576
7737
8135
7225
7553
7736
7618
8084
7865
7906
8176
7811
7427
7498
7449
7650
8155
7680
7422
8182
7539
7532
8042
7422
7486
7898
7627
8087
7317
8088
7904
7188
7988
7513
7456
7370
7465
7377
7496
8066
7513
7877
8053
7622
7358
7258
7556
7469
8084
7555
8125
7324
7977
7703
7492
7877
7540
7904
7880
7505
7706
7878
7425
8097
7732
7370
7390
7544
8054
7630
7742
7487
7947
7449
7639
7740
8123
8046
8175
7363
7841
7480
7975
7962
7820
7552
7665
7322
7456
7663
7556
7721
7556
7977
7757
7961
7184
7684
7208
7912
7581
7507
7943
7540
7654
8158
7949
7296
8175
7370
7363
7362
7766
7317
7877
7304
7618
7412
7613
7754
7564
7346
7556
7661
7941
8101
7858
8046
8093
8044
7510
8112
7716
7282
7367
7569
7902
7175
7316
7294
8086
7676
7912
7839
8055
8110
8176
7358
7581
8093
7566
7209
8178
7684
8129
7810
7969
7539
8092
7870
7521
7969
7507
7737
7566
7625
8138
7885
7304
7498
8045
7650
8176
7852
7566
7941
7509
7721
7243
8072
7259
7363
8045
7714
7810
7540
7556
7513
7979
7437
7358
7184
7563
7990
7988
7783
7400
7801
8077
7704
7317
7310
7367
7331
8157
7477
7512
7672
8039
7790
7331
7199
7313
7581
7583
8139
7790
7705
7499
7877
7852
7970
7641
8095
7460
7402
7406
7972
7567
7920
7422
7768
7557
7943
7924
7581
7719
7680
7792
7674
7347
7254
8054
7900
7529
8186
7531
7882
7540
7284
7720
7912
8104
8023
7716
7577
7974
7523
8181
7599
7761
7680
7346
7882
7672
8042
7715
7459
8176
8096
7388
7730
7916
7528
7293
7541
8014
7618
8083
7666
7708
7957
7574
7593
7493
7877
7590
7523
7967
7581
7756
7740
7185
7816
7227
7272
7413
7966
8056
7628
7816
8102
7422
7864
7721
7877
7683
7417
7865
7830
7555
7358
7465
7410
7912
7842
8113
7513
7367
7413
7539
8140
7628
7972
8084
7801
7702
8043
7378
7896
7618
7407
7906
7877
8007
7790
7920
8056
7179
8157
7444
8186
7919
7414
7781
7347
8171
7317
8136
7333
7747
8062
7263
7583
7505
8037
7390
7706
7432
7893
7421
7453
7941
8011
7895
7804
8168
7728
7955
8176
7346
7404
7557
7293
7858
7356
7510
8036
7814
8162
7367
7741
7704
7943
8168
7856
7705
8139
7505
7879
7178
7924
8164
7968
8174
7410
7581
7661
7410
7877
7572
7803
7405
7796
7866
7354
8112
7950
7566
8112
7715
8029
7556
8042
7574
7631
7203
7966
7331
8053
8015
7841
7411
7845
7926
7590
8042
7458
7204
8013
8013
8063
7954
8074
7660
7327
7774
8181
7760
8109
7796
7646
7796
7969
7228
7574
7574
7235
7653
7533
7513
7206
7589
8073
7912
8013
7246
7411
7632
7374
7799
7740
7533
8109
7923
7590
7966
8031
7807
7427
7619
8135
7997
7235
8053
7331
8091
7202
8053
8051
7202
7202
7949
8177
7728
7714
7859
7676
7794
7678
7173
7862
8042
7911
7788
7574
7718
7549
7754
7209
7586
7845
7659
7495
7828
7419
8058
7690
7464
7963
7282
8164
7519
8058
7862
7282
7574
8151
7882
7833
9226
8577
9149
8964
8649
8684
8966
8536
9212
9158
8265
8991
8508
8508
8991
8245
8366
8358
8463
8803
9071
8616
9177
8213
8425
8877
8288
8949
8828
9072
9177
9022
8249
9007
9173
9045
8919
8842
8454
9025
9119
8764
8484
9122
8712
9189
9089
8452
8509
8631
8469
9033
8950
9059
8956
8364
9190
9173
8749
8830
8647
9029
8426
8856
8631
9166
8365
8469
8445
8880
8345
9090
8693
8306
9192
8743
8894
9014
8821
8907
8790
8481
9181
9017
9108
9152
8920
8349
9095
8752
8406
8550
8595
8507
8751
8705
9129
8660
8309
9171
8697
8964
8825
8548
8741
8694
8914
8660
8830
9024
8809
9027
8768
8998
9072
8327
9181
8831
9079
8664
8667
8909
8365
8288
8327
8660
8438
8425
8708
8800
8816
8535
8546
8885
8608
8809
8936
9085
9056
8752
8602
8637
8600
9101
8661
8801
9197
8723
8896
8880
8717
9114
8323
8449
8953
8697
8709
8857
8564
8281
9051
8831
8909
8660
8414
9086
8904
8435
8520
8760
8200
9147
8557
9143
8337
8850
8459
8642
8426
9100
8855
8623
8622
8601
8810
8896
8932
9055
9198
8780
8877
8425
8673
8557
8409
8851
8568
8622
8435
8453
8749
8536
8398
8991
8739
8325
8931
8752
8621
8940
8624
8765
8338
8606
8950
8921
8302
8898
8527
8673
8228
8701
9064
8887
8425
8672
8342
9064
8998
8521
8757
9117
8922
8909
8440
8564
9103
8825
9150
8564
8228
8829
9022
8690
9025
9134
8840
8521
8845
8552
8734
8810
8358
9071
8457
8802
8608
8588
8861
9212
9113
8786
8692
8812
8944
8567
8302
8829
8304
8331
9117
8944
8417
8987
9198
8310
9136
9042
8346
8993
8370
8583
8934
8914
9153
8327
8829
9031
8448
9014
8731
9177
8932
8367
8456
8890
8907
8557
8950
8976
9102
8572
8877
8557
8393
8926
8471
8957
8525
9041
8981
8927
8574
8495
8631
8816
8309
8638
8658
9118
8692
9174
8651
9014
8257
9169
9089
9192
8249
8854
9049
8671
9157
8328
8879
8768
8219
8950
9089
8977
8228
8993
8590
8192
8228
8228
8228
9044
8619
8903
8557
8906
8548
8679
8206
9067
8695
8651
8223
8438
8507
9122
9153
8368
8660
8887
8755
8947
8681
8774
8371
8852
9176
8519
8741
8661
8592
9192
9031
9199
9206
9116
8535
8864
8281
8836
8725
8806
9163
8894
8910
8910
8779
8215
8723
9150
8232
8217
8356
8356
8526
9161
9191
9191
8968
8991
8825
8537
8511
9209
8439
8806
8366
9054
8764
8650
8713
8927
9023
8678
8679
8915
8914
8576
8980
9056
8907
8367
8207
8680
8564
8845
8265
8609
8588
8349
8935
8875
8813
8776
9141
8890
8442
8607
8595
8950
8779
9022
8241
8628
8835
8967
8368
8873
8308
8754
8754
8873
8690
9183
8630
8658
8281
8498
8452
8806
8943
8718
8509
8775
9150
9133
8762
8509
8802
9072
8751
8754
8372
8538
9010
8257
9136
9103
8671
8658
8492
8474
9132
8796
8657
9182
9061
8846
8940
8651
8993
8633
8661
9202
8660
8507
9198
8936
8755
8893
9123
8502
8887
8572
8958
9108
8851
8538
8465
8977
9136
8972
9197
9020
8658
8434
8366
8309
9095
9101
8907
8717
9090
8973
8265
8983
8839
9014
8665
9008
8382
9206
8818
9001
9096
8904
9025
9170
8577
8849
8548
8627
8762
8771
9064
8273
8631
8768
8927
8957
8618
9170
9048
8465
8344
8656
9147
9178
8666
8214
8515
8943
8577
9012
8926
8416
8926
9149
8554
8345
9206
8339
8440
8622
8602
8983
8586
9066
8245
8828
8590
8651
8845
8654
8870
8966
9172
9086
9072
9097
9079
9113
8859
8838
9082
8818
8525
8382
8337
9198
8572
9014
9089
8280
9019
8281
8425
8207
8633
8671
9118
8899
8549
8960
8745
8661
8606
8792
8894
9210
9210
8920
8771
8512
8664
8735
8436
8899
9023
9076
8901
8661
9132
8585
8548
8478
9153
8750
8235
8886
8621
9205
8619
8526
8663
8599
8904
8901
8204
8608
9029
8368
8617
8893
8507
8507
8507
9171
8507
8551
8990
9072
8770
8381
8585
8208
8503
8546
9181
8492
8664
8852
9024
9211
8507
8661
9180
9106
8257
8998
8255
9148
9024
8862
8575
8753
8391
8429
9051
9211
9205
8341
9098
8209
8947
9089
9089
9089
8345
8766
9114
9180
9142
8936
8738
8937
8558
8811
8257
8428
9186
8392
8313
8647
9162
8650
8413
9051
8255
9135
8425
9135
8493
8814
8647
8384
8864
9196
8436
8436
8562
8507
9171
8726
8985
9211
8535
8863
9129
8839
8961
8863
8892
9019
9108
8809