9217
9218
360
120
958
62
777
69
958
958
958
958
958
958
917
404
822
958
958
948
948
948
570
720
958
966
948
958
772
697
634
402
583
1004
465
1004
642
1004
200
1004
1004
1004
1004
339
339
917
819
676
958
948
148
148
958
200
958
148
148
958
958
958
917
917
986
583
148
958
148
148
570
148
676
148
148
958
148
148
917
986
822
958
958
948
948
570
570
144
826
966
841
948
948
612
634
402
402
339
148
148
148
295
148
148
148
423
148
148
572
917
819
676
841
148
841
861
570
720
720
958
505
148
958
861
917
917
402
402
245
1004
1004
339
339
295
148
148
148
148
148
572
432
289
148
148
148
148
148
251
720
148
148
148
505
148
148
322
634
402
402
245
1004
194
1004
1004
1004
1004
1004
1004
339
545
756
720
290
958
958
958
948
948
756
720
822
958
958
958
948
572
917
986
583
583
958
958
958
854
570
720
958
958
958
958
958
287
917
372
958
1009
148
958
742
570
720
676
958
148
148
958
572
322
135
583
958
148
958
958
958
233
404
958
677
148
682
116
287
216
98
958
958
958
948
948
756
720
822
958
958
958
958
79
917
986
583
583
958
958
148
509
69
958
958
148
958
958
958
917
917
822
958
958
958
958
831
570
720
372
958
958
958
958
572
322
135
583
148
61
148
642
148
200
153
248
153
946
181
926
756
512
181
181
181
5
948
948
756
404
822
181
181
181
181
79
917
986
583
583
181
181
181
570
720
402
402
181
181
181
948
917
117
822
181
181
5
181
572
570
720
372
181
181
181
478
79
322
402
583
148
245
148
299
148
250
148
148
148
148
148
572
917
69
181
181
181
53
181
572
570
790
181
181
181
181
181
79
917
986
583
181
181
181
598
250
181
181
181
181
181
181
181
606
790
822
181
181
181
948
572
570
720
181
948
948
181
181
79
634
402
583
402
245
1004
1004
724
1004
1004
1004
1004
339
339
339
570
913
181
181
181
5
181
200
250
181
181
181
181
181
181
79
917
986
583
148
181
148
201
570
720
181
53
148
181
148
181
917
913
911
420
836
181
948
572
570
720
940
207
940
948
948
79
322
986
583
61
61
181
131
60
957
911
518
181
392
667
572
917
913
958
958
958
958
958
570
570
720
958
958
958
958
958
917
917
986
583
985
958
958
958
998
9219
1914
1324
1759
1547
1547
1547
1547
1179
1547
1547
1547
1547
1547
1547
1955
1547
1547
1547
1209
1209
1547
1607
1775
1622
1914
1547
1775
1867
1397
1931
1365
1047
1607
1547
1397
1547
1554
2038
1547
2034
1194
1365
1230
1683
1412
1412
1365
1412
1412
1365
1412
1365
1412
1412
1626
1412
1062
1062
1365
1701
1626
1365
1062
1365
1626
1949
1368
1155
1981
1607
1899
1155
2028
1299
1899
1155
2000
1607
1899
1607
1771
1299
1899
1155
1248
1345
1155
1554
1332
1610
1998
1835
1723
1083
1641
1232
1181
1771
1720
1807
1439
2028
1815
2000
1607
1771
1777
2000
1607
1771
1720
2046
1317
1368
1723
1981
1334
2000
1155
2000
1334
2000
1659
1439
1155
1248
1334
1252
1155
1981
1397
1899
1155
1397
1535
1230
1062
1194
1365
1365
1129
1287
1771
1299
1216
1771
1924
1771
1771
1299
1216
1771
1748
1771
1771
1299
1759
1287
1788
1899
1155
1748
1456
1252
1720
1748
1456
1252
1155
1439
1047
1155
1248
1334
1899
1155
1317
1334
1899
1155
1248
1586
1250
1194
1062
1365
1365
1365
1365
1062
1365
1062
1137
1748
1899
1720
2046
1216
1216
1216
1216
1771
1771
1771
1607
2000
1607
1097
2046
1788
1216
1216
1216
1771
1216
1771
1109
1216
1299
1771
1216
1771
1299
1216
1771
1216
1299
1166
1230
1412
1412
1626
1062
1250
1062
1062
1365
1365
1626
1062
1062
1626
1062
1062
1062
1062
1701
1807
1127
1365
1610
1949
1607
2000
1554
2034
1515
2034
1368
2003
1368
1087
1064
1723
1515
1155
1981
1607
2000
1607
2000
1607
2000
2008
1382
1798
1160
1181
1995
1298
1404
1155
1192
1955
1714
1435
1798
1995
1995
1895
1995
1995
1622
1895
1547
1547
1547
1382
1914
1547
1622
1895
1481
2046
1903
1515
1248
1607
1396
1439
1589
1368
2034
1345
1044
1955
1607
1895
1248
1995
1774
1161
1192
1594
1995
2034
1588
1914
1368
1607
1895
1914
1547
1547
1895
1895
1345
1417
1991
1481
1723
1456
1181
2024
1426
1547
1547
1054
1054
1054
1054
1426
2038
1714
1535
1975
1054
1054
1054
1054
1054
1054
1054
1054
1054
1995
1191
1592
1588
1181
1188
1054
1780
1331
1547
1216
1216
1181
1315
1547
1547
1315
1315
1771
1315
1315
1315
1426
1714
2007
1606
1714
1714
1714
1714
1714
1714
1714
1179
1179
1179
1439
1047
2034
1622
1607
1547
1955
2025
1547
1547
1547
1087
1425
1412
1382
1771
1771
1771
1291
1771
1771
1771
1771
1287
1771
1714
1044
1035
1044
1035
1179
1179
1044
1179
1044
1365
1299
1299
1299
1299
1299
1857
1299
1523
1651
1651
1535
1299
1299
1299
1720
1299
1299
1299
1299
1299
1299
1299
1522
1915
2017
1291
1287
2028
1798
1759
1588
2028
1703
1299
1439
1764
1412
1626
1626
1690
1690
1299
1299
1299
1626
1299
1299
1299
1299
1299
1299
1299
1299
1299
1299
1299
1299
1439
1547
1547
1966
1547
1955
1925
1857
1519
1547
1299
1537
1194
1270
1412
1588
1771
1287
1391
1771
1299
1925
1771
1417
1299
1771
1417
1299
1771
1417
1299
1771
1815
1287
1299
1264
1315
1452
1452
1452
1452
1452
1299
1452
1452
1452
1396
1439
1299
1417
1035
1452
1452
1417
1035
1452
1452
1417
2031
1798
1159
1057
1720
1764
1588
1452
1299
1287
1287
1287
1299
1299
1299
1299
1452
1299
1299
1452
1452
1452
1299
1359
1299
1299
1299
1523
1523
1523
1523
1523
1523
1523
1523
1435
1714
1714
2038
2038
1714
2038
2038
1417
1299
2038
1466
1230
1230
1412
1412
1365
1739
1412
1626
1412
1412
1412
1412
1626
1626
1626
1365
1626
1412
1626
1690
1588
1194
1396
1299
1035
1035
1035
1035
1035
1035
1035
1299
1523
1417
1299
1714
1714
1299
1299
1347
1035
1347
1347
1035
1347
1347
1943
1585
1759
1558
1216
1287
1291
1299
1998
1720
1815
1396
1771
1287
1035
1035
1651
1299
1035
1299
1651
1815
1035
1771
1035
1968
1857
1966
1955
1347
1925
2038
1857
2038
1564
1439
1714
1054
1914
1959
1955
1347
2038
1417
1914
2038
1522
1410
2017
1835
1287
1481
1641
1759
1347
1807
1807
1317
1347
1347
1905
1547
1884
1966
1777
1914
2023
1955
1324
1426
1240
1179
1955
1714
1714
1895
1179
1714
1714
1995
1895
1439
1047
1995
1995
1054
1054
1995
1955
1179
1179
1179
1513
1382
1588
1324
1181
1995
1331
1192
1995
1179
1179
1324
1179
1714
9220
2921
2327
2609
2936
2489
2767
2869
2972
2419
2482
2482
2482
2791
2482
2054
2788
2791
2419
2568
2142
2631
2054
2260
2125
2644
2877
2260
2723
2791
2928
2695
2456
2456
2283
2769
2283
2905
2064
2609
2054
2881
2856
2598
2105
2130
2186
2054
2746
2459
2054
2054
2637
2463
2746
2333
2054
2321
2579
2715
2697
2530
2949
2830
2638
2868
2740
2843
2423
2266
2841
2887
2695
2545
2438
2976
2604
2604
2531
2972
2411
2368
2324
2452
2637
2564
2531
2564
2972
2317
2696
2781
2769
2788
2902
2142
2887
2869
2130
3028
2264
2759
2809
3065
2992
2314
2130
2142
2411
2314
2165
3007
2854
3007
2691
2162
2748
2933
2791
2735
2883
2905
2905
2735
2596
2287
2905
2905
2619
2905
2360
2620
2694
2694
2314
2511
2812
2321
2403
2642
2660
2855
2403
2902
2440
2740
2130
2644
2484
2809
2453
2910
3007
2564
2735
2085
2801
2454
3050
2972
2443
2694
2525
2889
2990
2484
2314
2889
2990
3023
2060
2456
2456
3034
3069
2859
2990
2883
2644
2879
2694
3007
2252
2257
2218
2619
2380
2455
2642
2741
2740
2126
2347
2967
2843
3069
2347
3050
2740
2862
2347
2741
3069
2746
2484
3011
2064
2433
2910
2252
2680
2862
2910
2274
2085
2403
2347
2406
2740
2862
2989
2268
2443
2862
2910
3007
2740
2862
2210
2457
2516
2956
2459
3050
2105
2986
2910
2484
2764
2332
2212
2448
2489
2148
3050
2347
3050
2206
2696
2869
2255
2874
2456
2456
2176
3039
2307
2266
2968
2968
3023
3011
3023
2962
2843
2542
2933
2219
2968
2936
2936
2791
2968
2818
2264
2598
2822
3038
2887
2119
2195
2215
2789
2708
2920
3039
2909
2235
2456
3039
2482
2791
2119
2054
2054
2506
2119
2968
3039
3032
2064
2119
3039
2800
2330
2598
2343
2990
2564
2545
2456
2456
2215
3039
2789
2765
2330
2789
2215
2920
2430
2958
2134
2297
2054
2097
2054
2330
2986
2054
2054
2724
2788
2330
2986
2972
2972
2064
2925
2939
2989
2612
2709
3023
2423
2133
2123
2161
3043
2748
2462
3043
2209
2260
2844
2854
2201
2287
2848
2215
2920
2920
2920
2920
2920
2920
2292
2264
3065
2403
2352
2467
2054
2419
2419
2990
2293
2869
2637
2637
2119
2883
2609
2844
2223
3050
2215
2215
2398
2985
2398
2330
2260
2649
2452
2928
2123
2920
2928
2260
2278
2694
3028
2287
2419
2724
2419
2506
2695
2724
2944
2942
2162
2724
2773
2186
2638
2689
2535
2556
3050
2398
2398
2398
2863
2330
2215
2330
2912
2789
2779
2996
2330
2083
2920
2556
2907
2289
2054
2714
2119
2968
3012
2777
2122
2119
2905
2972
2712
2696
2916
2398
3050
2748
2398
2398
2936
2398
2912
2789
3042
2094
2873
2920
2920
2920
2350
2920
2986
2478
2920
2788
2899
2235
2940
2684
2097
2899
2883
2990
2097
2829
2090
2535
2925
2162
2649
2877
2863
2777
2564
2515
2515
2777
3017
2830
2287
3035
2604
2421
2276
2972
2972
2972
2777
3008
2908
2058
2105
2949
2268
3050
2142
2398
3050
2696
3042
2986
2135
2818
2230
2489
2789
2694
2789
2869
2801
2777
2276
2709
2972
2123
2972
2552
2544
2714
3059
3012
2671
2972
2972
3042
2491
2714
2793
2384
2694
2506
2248
2289
2398
2714
2248
3029
2964
2453
2491
2529
2278
2869
2949
2789
3017
2821
2563
2671
2127
2127
2899
2349
2671
2842
2899
2563
2781
2869
2257
3032
2733
2946
2619
2910
2821
2330
2330
2777
2330
2905
2283
2287
2884
2789
2789
2529
2912
2920
2563
2920
2971
2257
2057
2764
2801
3063
2257
2257
2165
2529
3050
3071
2801
3071
2971
2529
2529
2257
2529
2544
2434
2696
3042
3050
2672
2449
2215
2276
2857
2789
2789
2920
2920
2419
2419
3055
2419
2276
2276
2789
2920
3032
2972
2330
2330
2276
3017
2818
2403
2186
2638
2740
3059
2813
2398
2161
2293
2696
2112
2545
2235
2330
2976
2671
3041
2857
2857
2419
2321
2330
2928
2123
2857
2857
2238
2703
2330
2330
2368
2981
2861
2436
2596
2456
2456
3032
2905
2930
2971
2769
3038
2823
2276
2208
2249
2812
2897
2677
2368
2756
2330
2368
2800
2616
2330
2709
2631
2419
2989
3008
2544
2916
2421
2788
2330
2572
2330
2545
3050
2064
2857
2928
2260
2419
2928
2920
2609
2419
2749
2596
2419
2430
2419
2920
2920
2419
2928
2260
2267
2368
2928
2309
2182
2791
2175
2630
2419
2857
2419
2260
2936
2419
2928
2260
9221
3216
3942
3869
3138
3925
3511
3403
3941
3925
3699
4038
3414
3925
3585
3530
3385
3925
3526
3653
3817
4039
3238
3478
3831
3644
4022
3406
3403
3567
3796
3206
4048
3844
3768
3383
3199
3925
3900
3877
3810
3844
3710
3586
3884
3831
3386
3504
4048
3815
3504
4019
3906
3719
3815
3602
3719
3951
3993
3931
3216
3094
3993
3698
3270
3753
4052
4048
3856
3690
3535
3940
4004
3237
3205
4094
3526
4079
3530
4079
4032
3710
3812
3639
3901
3649
4053
4053
4072
4068
3558
3538
3704
3586
3752
3665
3868
3586
3310
3830
3839
3188
3818
3830
4033
3653
4085
3952
3727
3653
3745
3830
4079
3095
4053
4052
3727
3831
3530
3901
3727
4005
3924
3231
3899
3300
3829
3747
4077
3951
3891
4088
3952
3747
3727
3986
3422
3682
3517
4036
3982
3653
3467
3296
3795
3360
4036
3830
3653
3818
3783
3653
3186
3727
4087
3148
3622
3304
3839
4039
3751
4054
3966
3924
3997
3982
3839
3526
3868
3727
3083
3745
4045
3965
3891
3804
4008
4008
3966
3952
4079
4042
3736
3542
3541
3348
3464
3966
4031
3094
4091
3560
3704
3398
3345
3673
4019
3818
3486
3800
4091
3622
4091
4091
3868
3830
3300
3951
3997
4019
3818
3800
3849
3237
4056
3613
3236
3164
3808
4052
3613
3901
3672
3084
3915
3727
3833
3830
4074
3495
3511
4019
3284
3904
4019
3377
3783
3517
3096
3795
3868
3856
3366
3284
3619
3673
3237
4042
3665
3653
3504
3247
3648
3698
3639
4072
3804
3531
4008
3486
3582
4077
3101
3460
3551
3952
3270
3727
3952
4042
4008
3300
3300
3300
3201
3419
3440
3883
3162
3727
3423
3111
4039
3335
3950
3628
3608
3242
3257
3335
3304
3690
3690
3845
4088
3933
3094
3111
4095
4048
3869
3261
4053
3653
3919
3982
4042
4039
4008
3945
3331
3162
3869
3845
3088
3760
3428
3950
4014
4039
3997
3596
3983
3742
3425
4014
3950
3844
4055
3934
3080
3704
3710
3893
3869
3526
4005
4053
4053
3804
3943
3966
3839
4072
3083
4053
3876
3810
3775
3751
3719
3810
3870
3945
3929
3398
3988
3673
3492
3542
3727
3623
3925
3928
3530
3970
3925
3237
3422
4031
3876
3525
3715
3182
3416
3909
3416
3223
3736
3241
3929
3870
3876
3901
3486
3437
3909
3437
3909
3268
3715
3661
3270
3929
3925
3868
3530
3810
3591
3087
4072
3925
3083
4014
3645
3952
3844
3839
3825
3952
3952
4042
3951
3504
3753
3253
3816
3491
3613
3189
3712
3215
3456
3261
3966
3870
4059
3736
3505
3552
3952
3428
3724
3982
3352
3517
3810
3558
3784
3153
3824
4094
3107
3243
3504
3111
3296
3914
3986
3634
4053
3136
3951
3855
3153
3238
3951
3951
3869
3950
3377
3558
3993
3296
3552
3804
4094
3982
3824
3942
3587
3337
3398
4094
3224
4065
3390
3839
3966
3540
4095
3082
4095
4052
4095
3081
3914
3651
3651
3587
4056
3909
3924
3587
3074
4077
3869
3804
3074
3951
4053
3836
3951
3804
3869
4036
4033
3159
3772
3558
3653
3631
3850
4095
3531
3933
3808
3376
3651
3847
3300
3335
3951
3736
3164
3807
3164
3209
3335
3715
3313
3284
3639
3311
3372
4053
3933
3810
3870
3393
3409
3429
3684
3869
4074
3491
3618
4079
3903
3641
3338
3311
4088
3144
3736
3363
4030
3686
3237
4082
3760
3107
3760
3484
3107
3117
3357
3357
3498
3377
3984
4074
3261
3704
4059
3413
3372
3413
3300
3903
3372
4042
3284
3231
3231
3930
4077
4094
3641
3804
3804
3288
3642
3476
4094
3730
3802
3300
3231
3834
3971
3574
3914
3304
3804
3360
3704
4053
3390
3390
4091
3268
3413
3467
3531
3713
3715
3377
4077
4042
3261
3944
3247
3980
3164
3428
3074
3074
3836
3836
3836
3836
3673
3337
3928
3674
3690
3311
3284
3231
3933
3940
3171
3929
3940
4094
3558
3980
3340
3788
3880
3304
3300
3189
3374
3825
3982
3394
3261
3164
3925
3976
3893
3413
3367
3413
3623
3674
3959
3596
3642
3368
3368
3313
3074
3478
3784
3368
3368
3231
3653
3246
3366
3164
3313
3810
3461
3390
3114
3925
3521
3674
3116
3529
3589
3623
3925
3185
3530
3859
3804
3413
3530
3311
3893
3942
3573
3869
3674
4019
3368
3115
3764
3950
3869
3313
3335
3801
3925
3950
3935
3623
4008
3699
3406
3810
3869
3859
3896
3810
3925
3928
3530
3764
3690
3950
3403
3810
3653
3889
4065
4030
3097
3690
3522
3925
3768
3647
3530
3810
4016
4094
9222
4601
4242
4117
4678
5037
4132
5029
5049
4132
4349
4117
4972
5059
4860
4678
4483
4250
4397
4453
4758
5096
5041
4490
4843
5059
4498
4856
4452
4519
4343
4687
5042
5018
4830
4239
5029
4175
5080
4926
4770
5033
4970
4733
4418
4894
5096
4408
4715
4201
4298
4175
4763
5096
4676
4874
4695
4899
4899
4398
4362
4175
4313
4271
4418
4201
4732
4125
4446
4862
5096
4955
5029
4221
4374
5041
5096
4313
4328
5041
4999
5068
5098
4972
4839
4747
4150
4484
4747
4414
4534
5038
4384
4215
4923
4526
4747
4715
4715
4546
4999
4550
5020
4737
4817
4460
4917
4715
4747
5089
4862
4537
4903
4728
5020
4747
5058
4184
4484
4747
5090
5029
5096
4508
4631
4494
4161
4508
4494
4508
4508
4823
4654
4132
4494
4405
5028
4274
4608
4904
5008
4820
4160
4675
4251
5068
4977
4296
4500
4659
5040
4615
4927
5118
4802
5090
4504
4227
4102
4782
4786
4546
4861
4615
4862
4460
4747
4460
4484
4955
5050
4108
4318
4770
4862
4830
4889
4606
5029
5015
5012
4170
4632
4983
4908
4518
4829
4800
4967
5112
4720
5022
4648
4237
4899
4903
4969
4540
5098
4484
5008
5079
4615
4332
4692
4253
4615
5068
4132
4919
5112
4260
4931
5008
4835
4285
4592
4139
4529
4810
4905
4848
4894
4715
4615
4385
4715
4773
5033
4469
4201
4625
4601
4895
4931
4860
4950
4877
4906
4496
4895
4357
4721
5052
4899
5052
4899
4927
5040
5033
4977
4653
4449
4432
4861
4484
5029
4926
4132
4414
4414
5110
4284
4762
4519
4525
4810
4132
4654
5052
4132
4862
4955
4414
4401
4433
4942
4606
5095
4589
4384
4384
4413
4810
4675
5059
5068
4319
4175
5037
4999
4861
4272
5094
4654
4654
4974
5118
4606
4737
4876
4226
4860
5018
5038
4829
5011
4484
5095
4134
4431
4455
4817
4894
4654
4615
4465
4770
4374
4132
4810
4741
4538
4215
5011
4821
4934
4861
4226
4770
4274
4927
4814
5095
4170
4889
4861
4106
5059
4431
5114
5114
4829
4955
5025
4606
4305
4305
5110
4456
4315
5099
4629
4414
4198
4961
4547
4652
4862
4519
4456
4972
4455
4972
4170
4972
4739
4899
4606
4460
4604
4909
4889
4791
4135
5020
4970
4938
4598
5079
4600
4511
4791
4620
4498
4938
4905
4927
5058
4305
4978
4583
4934
4747
5079
4456
5011
4456
5015
4971
4589
4119
5050
4432
4631
4631
4732
4250
4830
4732
4654
5020
4829
4893
4129
4645
4148
5098
4125
4452
4102
4325
4782
4449
4234
4325
4782
4500
4160
4346
4950
4898
4184
4584
4681
4474
4643
4610
4722
4534
4132
4226
5009
4456
4460
4494
4511
4414
4518
4624
4546
4510
4500
4810
4962
5011
4812
5059
4296
4495
4414
5109
4598
4749
4160
5079
4534
4884
4534
4731
4382
4884
4855
4656
4382
4942
4938
4307
4350
4894
4760
4917
4119
4589
4291
5093
4645
4456
4119
4127
5109
4955
5108
4296
4972
4821
4752
4244
4334
5115
5115
4654
4150
4382
4950
4819
4362
4204
4908
4238
4737
4608
4678
4560
4645
4925
4283
4224
4606
5109
4843
5109
5109
4119
4184
4132
4138
4810
4763
4678
4269
4752
5019
4138
4747
4773
4412
4322
4999
4269
4256
4559
4451
4582
4269
4752
4322
4500
4364
4752
5003
4454
4500
4702
5109
4704
4122
4638
5109
5063
4812
4332
4269
4345
5113
4714
4500
4269
4584
5110
4876
4542
5076
5110
4950
4500
4848
4269
4982
4812
4431
4269
4747
4704
5112
4281
4269
4752
4445
4425
4240
4414
4455
4100
4324
4629
4739
4100
4348
4247
4353
4967
4931
4950
4219
4773
4725
5084
4512
4540
4350
4189
4255
4855
5059
4823
4827
4494
5114
4353
4353
4894
4153
4583
4340
5109
4961
4875
4909
4221
4706
4250
4587
4911
4269
4985
5003
4835
4500
4364
4625
4351
4322
4532
4942
4589
4278
4890
5037
4752
4534
4938
4219
4217
4201
5009
4559
4939
4397
4900
4534
4977
5059
4353
4314
4628
5059
4269
4915
4200
5079
4739
4684
4955
4912
4374
4534
4414
4386
4835
5094
4997
4372
4732
4431
4221
5018
5063
4494
4221
4770
4508
4547
4812
4839
4269
4752
4725
4678
4834
4269
4150
4704
4124
4500
5094
4890
4678
4860
4625
5094
5094
4382
4931
4894
4232
4620
4625
4654
5059
4732
4132
4997
5037
5112
5118
5059
4804
4319
4817
5011
4876
4732
4831
4739
5018
4824
4249
4767
4129
4398
5056
5037
4239
4852
4601
5094
4221
4983
4132
4800
4332
9223
6083
5863
5373
5178
5495
5178
5856
5726
5731
5425
5372
5312
5231
5433
5457
6109
5209
5998
6050
6097
6087
5303
6089
5391
5805
5898
5834
5966
5616
5840
5748
5373
5816
5634
5536
5284
5582
5745
5856
5856
5721
5431
5372
6073
5626
5736
5616
6111
5822
6107
6019
5756
5637
5657
5278
5402
5184
5962
5927
6082
6103
6111
6137
5211
5799
5839
5996
5123
5834
6109
5726
5498
6114
5414
5725
6024
5575
6087
5391
6087
5381
6027
5318
5829
5533
5379
6087
5839
5436
5996
5615
5449
6083
6104
5706
5449
5557
5778
5336
5679
6111
5707
5530
6027
5331
5844
5839
5745
5657
6140
5898
5772
5464
5532
6002
5773
5249
5800
5800
6127
5657
5391
5756
6064
5821
5241
6103
5281
5766
5495
6083
5619
5657
5288
5644
5751
5457
6103
5956
5475
5956
5706
6127
5498
5380
5470
5125
5148
5409
6071
5595
5956
6110
6103
5595
5801
5473
6064
5845
5811
6073
5726
6002
5766
5566
6004
5839
5924
5527
5901
5614
5956
5495
6087
6048
5568
5391
5766
5527
6002
5574
6038
5489
6083
5701
5445
5318
5915
5956
5869
5217
5788
5466
5706
5706
5834
5799
5839
5956
5869
6022
5131
5993
5890
5933
6110
6109
6002
6089
5956
5305
5898
5768
5668
5452
5479
5506
5773
6140
5738
5846
5768
5351
5613
5951
6020
5848
5492
5951
5898
6079
5821
5964
5481
6110
6089
6094
5495
5825
5644
6040
5480
5342
6004
5816
6083
6127
5169
5336
5708
5457
6038
5130
5856
5834
5773
6110
5869
5551
6127
5924
5840
5787
6034
5745
5924
6002
6110
5477
6024
5135
5821
6113
5532
5905
5912
5212
5425
5310
5901
5778
6020
6050
6000
5778
5156
5425
5884
5533
5796
5577
6069
6004
6110
5495
5924
5495
5437
6094
5231
5793
6050
5200
5956
5856
6004
6103
6059
5886
6045
5281
6083
5287
5635
5533
6002
5811
5747
5869
6073
5932
6017
6089
5811
5341
6089
6007
5725
6002
5898
6103
5649
5797
5856
5125
5793
5226
6103
6127
6071
6048
6020
5281
6059
6029
5726
5440
5183
5480
5271
5673
5456
5125
5226
5748
5737
5570
5910
5772
5657
5532
5814
5924
5457
5756
6110
5809
5900
5511
6004
5869
6099
6069
5457
6069
5970
5480
6074
5125
5816
5374
5574
6069
6104
5657
5391
5912
6071
5178
5406
5367
6002
5391
5672
5811
6113
5856
5840
6109
5391
5856
6133
5728
5391
6042
5772
5517
5800
5856
5657
5899
5800
5263
5691
5640
5635
5482
5827
5409
5458
5563
5953
5609
5909
5189
5386
5797
5938
6040
5335
5262
5460
5763
5778
5910
5480
5475
5836
5690
5673
5163
5358
6042
6073
6073
5910
5181
5822
5391
5629
5773
5333
5856
5456
5212
5498
6074
5774
5358
5591
6097
5724
5382
5541
5452
5498
5876
5225
5753
5278
5123
5896
5209
5725
5614
5459
5498
5716
5498
5255
5245
5211
5266
5211
6121
5672
5793
5856
5536
5183
5303
6012
6140
5259
5750
6024
6140
6083
5936
5904
5498
5876
6048
5819
5511
6064
5886
5492
5469
5514
5446
5266
5706
5665
5266
5235
6121
5135
6023
6123
5577
5715
6119
5209
5231
5141
6087
5904
5834
5844
5129
5947
5379
5358
5379
5403
5218
5834
5480
5252
5547
5733
5260
5551
6087
5532
5225
5220
5225
5125
6045
5672
5268
5514
5639
5317
6121
5731
6101
5203
5129
5976
5614
5383
5894
5823
5374
6119
5886
6060
5553
5821
5834
5305
6071
6071
5821
5947
5635
5447
5803
5288
6006
5216
5931
5158
5992
5548
5820
5319
5514
5288
6123
5809
6019
5970
5271
5460
5165
5165
6085
5237
5319
5220
5181
6073
5908
5387
5852
6084
5220
5227
5925
5599
6029
5559
6025
5231
5932
6019
5829
5614
5636
5721
5668
5814
5696
5645
5800
5416
5865
5288
5155
5141
5414
5733
6062
5833
5319
5599
6097
5343
5216
5565
6123
5560
5395
6121
5303
5333
5498
5605
5170
5672
5283
5725
5272
5178
5283
5894
5477
6032
6071
5710
5603
5317
5634
5587
5947
6036
5404
5765
6108
5263
6119
5825
6113
5847
6108
5524
5341
5129
5516
5317
5931
6071
5370
6064
5317
5582
5130
5414
5698
5931
5577
5837
6019
6085
5863
5508
5947
5379
5577
6071
5731
5875
5595
6040
5805
5904
6083
5635
5209
5966
5954
5454
6110
6097
5577
5533
5503
5287
5766
5772
6109
5875
5201
6121
5148
6110
5726
5724
6022
5726
6103
5318
5183
5840
5268
6140
5634
5457
5634
5964
5391
5856
5388
5233
5702
5898
5811
9224
6986
7136
6542
6487
6160
6951
6605
6238
7052
6505
7067
6638
7088
6177
6557
6329
6741
6971
7040
6286
6383
6925
6574
6741
6995
6189
6935
6990
6607
7139
6201
6198
6292
7093
7093
6891
6521
7166
6945
6649
6492
6621
6809
6317
6721
6202
6970
7148
6888
6868
7061
6310
7050
7053
6815
6485
7072
7002
7054
6671
6382
6201
6360
6837
7049
6733
6470
7139
6322
6836
6894
7139
6212
6492
6912
6649
7149
6843
6782
6969
6160
6711
6233
6836
6969
6836
6995
6329
6960
6841
7038
6426
6711
6379
6492
6995
6320
6360
6532
6605
6172
6855
7164
6912
6163
6894
6220
6836
6517
6970
6220
6220
6638
6284
6380
6983
6969
6845
6649
6621
7093
7075
6621
6652
7166
6704
6322
7067
6530
6492
6894
6382
7149
6633
6152
6954
6944
6517
6616
6649
6214
6945
6593
6638
6595
7002
6556
6965
6534
6380
6859
6548
6380
7087
6357
7037
6556
6661
6855
7073
7155
6776
6721
6827
6638
7029
7155
7073
7126
6325
6810
6674
6925
6322
6638
6163
6995
7155
6827
6836
7029
6286
6748
7164
7111
6797
6437
7054
6971
6271
6788
6172
6927
6163
6721
6487
6615
6907
6463
6419
6803
6784
6639
7002
6289
6912
6907
7139
7126
6492
6843
6643
6690
6282
6548
6169
7033
6645
6783
6464
6204
6934
6949
6175
6484
6836
6381
6772
6548
6653
6333
6419
6820
6262
6783
6616
6938
6788
6369
7002
6304
6374
6886
6220
7155
6819
7148
6437
6172
6460
6877
7116
6734
6188
7029
7047
6380
7067
6322
6951
6994
6530
6220
6304
7073
6284
7114
6827
6154
7047
7149
6897
6912
6248
7000
6779
6571
6769
7075
7125
6827
7166
6605
6705
6785
6456
6657
6480
6574
6713
6574
6574
7007
6705
6741
6322
7072
6259
7009
6530
7075
6574
6813
6509
6530
6574
7047
6638
6709
6310
6741
6785
7148
6843
6952
6931
6813
6322
6705
6638
6856
6793
7047
6581
6459
7155
6664
6628
6487
6605
7139
7104
6442
6479
6812
6530
6374
6280
7094
7031
7090
7002
6517
6949
6598
6951
6514
7002
7100
7081
6827
6621
7154
7093
6188
7074
6166
6484
6778
6483
6369
7154
7148
6530
6534
6945
7088
6206
7055
6347
6289
6778
6195
6628
6517
6852
7031
7061
6564
6284
6758
6585
7002
6645
6868
6758
6415
6799
6941
6484
6383
7031
6642
6888
6605
7029
6165
6163
7107
6958
6484
7100
6698
6597
6605
6634
6258
6415
6292
6638
6778
6897
6297
6217
7057
6298
7137
6748
6922
6947
6345
7004
6168
6540
7057
6189
6408
6505
6348
6766
6680
6571
6588
6237
6886
6370
6282
6409
6542
6629
6947
6324
6675
6459
6716
6153
6542
6838
6716
6448
6925
6851
6964
6964
6911
7075
7031
6649
6643
6466
6864
6221
6698
6790
6652
6868
7029
6280
6969
6417
6969
6506
6216
6487
6415
6586
6147
6675
6594
6347
6628
6534
6203
6177
6715
6642
6994
6646
6575
7090
6585
6494
6868
6494
6557
6675
6588
6593
6220
6952
6264
7031
7000
6593
6264
6216
6146
6430
7118
7125
7159
7058
6280
6896
6705
6622
6321
6698
6851
6588
6867
6303
6962
6944
6992
7107
6778
6289
6971
6895
6705
6682
7145
6289
6798
6925
6798
7085
6194
6675
6373
7166
6289
6607
6271
6154
6403
6941
6785
6757
6845
6523
7074
6553
6829
6887
6531
7010
6682
6246
6700
7002
6675
6523
6748
6675
6767
6237
6866
6153
6327
6682
6593
6922
6531
6434
6480
6382
6657
7041
6605
7149
7148
6247
6848
6531
7041
6252
7085
6531
6748
6259
6895
6451
6286
6511
6317
6405
6508
6967
7018
6975
6675
6543
6953
7014
6474
6755
7002
6642
6785
6383
6969
7151
6619
6250
6675
6153
6587
6627
6633
6792
7072
6289
6740
7065
6593
6981
6557
6805
6238
6587
6329
6897
6650
6459
7148
7093
6654
7065
6246
6748
7166
6569
7075
6474
6497
6968
6335
6670
7067
6927
6534
6854
6886
6284
6583
6843
6195
6417
6147
6941
6511
6557
6959
7093
6778
6577
6785
7101
6998
6643
6453
6247
6891
6517
6580
6558
6220
7098
6209
6872
6392
6675
6383
6757
6164
6889
6785
6179
6698
6281
6480
6512
6784
6826
6620
6888
6944
6496
6607
6961
6453
6574
6478
6812
6958
6748
6922
7147
6297
6530
6622
6769
6440
6892
6675
6605
6912
6574
6605
6426
6542
6784
7055
6238
6856
6223
6480
6480
6480
6585
7107
6958
6778
6542
6837
6300
6994
6147
6927
6195
6769
6837
7055
7155
7075
6927
6993
7115
7125
9225
7416
8112
8112
7796
7835
8088
7728
7305
7214
8029
7764
7198
8074
8161
8181
7414
8096
7533
8083
7465
7638
7699
7510
8093
7841
8112
7601
7968
7235
7778
7277
7880
7845
7778
7699
7672
7173
7968
7841
7967
7873
8014
7652
7815
7650
7674
7519
7340
7920
8047
7583
7924
7195
7356
7461
7420
7875
7829
7387
7676
7829
7836
8094
8055
7337
7337
7659
7820
7895
7657
7950
7730
7613
8008
7648
7991
8073
7652
7459
7411
7359
7932
7200
7926
7451
7533
8161
7796
7557
8022
7688
7586
7951
7794
8161
7337
7911
7793
7684
8063
7926
7796
7592
7948
8151
7851
7670
7753
7991
7566
7209
7589
7289
7469
8161
8076
7730
8145
7730
8183
8039
7533
7796
7522
7462
8106
7968
8155
7968
7652
7715
8028
7923
7246
7774
7495
8009
7601
7752
7678
7510
7813
7878
8154
7587
8165
8002
7562
7659
7577
7820
7962
7940
7349
7732
8091
7560
8160
7949
7728
7574
8028
8174
8101
7495
7932
7932
7923
7940
7198
7518
7916
7991
7932
7923
7528
7835
7574
8028
7796
7533
8148
7196
8088
7853
7326
7528
8106
8041
7770
7557
8028
7412
7940
7200
7954
7735
7932
8044
7732
7907
8009
8063
7795
8106
7932
7557
8064
7326
7815
7899
7631
7898
7335
7230
8161
7991
7813
8042
8050
8091
8054
7335
8128
7958
7462
8091
7793
8182
7362
7492
8030
7541
7968
7195
7292
7519
7753
7578
8040
7774
7977
7893
8125
7991
7764
8063
7844
7699
7716
7607
7223
7753
7510
7923
7954
8076
8183
8101
8002
7696
7868
7294
7320
7730
7753
7991
7533
7459
7916
7932
8162
7932
7843
7695
7902
7774
7754
8141
8048
7409
7632
7836
7282
7577
8058
7794
8029
8064
7820
7991
7632
7643
7879
7612
7932
8107
7209
7612
7950
7923
7632
7943
7925
7593
8162
8104
7632
7954
7944
7270
7688
7728
7632
7202
8162
8145
7897
7916
7653
8015
7793
8088
7657
7349
7612
7820
7275
7967
7967
8141
7735
7459
8096
8162
7720
7552
7718
7510
8177
7694
7963
7632
7717
7919
7912
7820
7246
8174
7720
7916
7897
7293
7303
7849
7406
8020
8064
7354
7719
7531
7678
7774
7288
7916
7459
7971
8122
7424
7613
7320
7845
7671
7203
7924
7426
7903
7574
7411
7411
7525
7411
7203
7365
7862
7715
7954
7566
7967
7612
7437
7924
8044
8112
7574
7653
7612
8183
7897
7694
8093
7378
7451
7279
7411
7459
7528
8034
7715
8034
8055
7612
7730
7442
7442
8097
7616
7701
7275
7244
7391
7305
7702
8048
7793
8173
7712
7728
7173
7720
8133
7323
7255
7732
8174
7445
8004
7847
8058
7557
7879
7674
7602
7769
7460
7535
7612
7586
7365
7946
7336
7244
7235
7185
7510
7434
7843
7528
7796
7396
7808
7502
7991
8147
7411
7305
8181
8042
7678
7631
7798
7200
7808
7924
7340
7764
8094
7727
7880
8141
7319
7879
7426
7531
7574
7760
7411
8131
8088
7543
7735
8071
8075
8028
7208
7874
7528
8055
8121
8064
7924
8183
7882
7282
7496
7277
7469
7748
7684
7951
7207
7620
7505
7990
7362
7991
8088
7236
7638
8173
8106
7548
8168
7200
7694
7481
7769
7548
7836
7449
7255
7601
7359
7398
8034
7462
7525
8121
7948
7948
7774
7880
7456
7689
7959
7330
7934
7868
8142
7968
7745
8112
7819
7289
7392
7330
7699
7814
7438
8091
8133
7250
7250
8074
8008
7173
7293
7715
8002
7720
7319
8062
7905
8008
7208
7934
8048
7355
8165
7891
7718
7442
7770
7484
8176
7359
7203
7477
7968
7668
7924
8127
7907
7741
7635
7902
7621
7672
8115
7761
7611
7602
7690
7208
7227
7522
7499
7982
7250
7944
7837
7937
7202
7537
7728
7752
7568
7173
8132
8056
7410
7409
7499
7839
7277
7329
7262
7836
7891
7409
7840
8053
7380
7822
7623
7510
7554
7288
7899
7523
7718
7814
8160
7678
7659
8109
7404
7989
8105
7918
7223
7322
7208
7897
7609
7699
7222
7676
7186
7762
8103
7709
7605
7875
7961
7534
7817
7746
7894
7468
8177
8174
7462
7181
8128
7858
7764
7388
8104
8152
7742
8141
7571
8055
8029
8034
8055
8174
7183
7784
7592
7240
7693
7518
7374
7495
7753
7931
7715
8009
7449
7246
7411
7794
7574
8055
7595
8112
8034
7720
7424
7198
7464
7718
7363
7879
8056
7940
7246
7577
7588
8091
8104
7720
7684
7678
7910
7525
8093
8166
7694
8174
8093
7528
7555
7924
8174
8067
8190
7541
7924
8044
7669
7762
7509
7694
8104
7612
7875
7533
8096
9226
8992
8883
8814
8438
8814
8664
9047
9196
8468
8695
9004
8425
8712
8370
9205
9112
8929
8234
8958
8421
8862
9181
8365
8667
9199
8712
8507
8596
8491
9051
8608
8752
8863
9158
8769
9037
8880
9135
9206
9180
8205
8950
8353
8555
8790
9089
9040
8428
8421
9195
8528
9090
8880
9153
9100
8419
8465
8766
8349
8862
8796
9131
8708
8765
9076
8438
8575
8738
8929
8650
9051
8575
8880
8456
8803
9020
8769
9139
8852
8365
8976
8892
8860
8998
8760
8708
8708
8255
8357
8682
8800
9117
9204
8402
8328
9010
9010
8206
8708
8743
8459
8726
8602
9139
9085
8601
9079
8514
8708
8825
8782
8679
8958
8707
8662
8820
8790
9129
8708
8862
8425
8507
9123
8883
8280
9150
9153
8365
8814
8667
8507
8809
9204
8893
8373
8901
9180
8481
9011
9004
9014
8632
9194
8460
8857
9194
8843
8535
8830
8493
8743
8253
8735
9147
9063
8499
8773
8416
8992
9020
9189
8893
8514
8726
8662
8429
9181
8893
9091
9150
8925
9103
8667
9010
8667
9010
8839
8892
9204
8429
8893
8923
8955
8727
9051
9100
8425
8438
8421
9208
9206
8883
9043
9047
8726
8531
9116
8546
8618
8477
8792
8354
8859
8975
8871
8915
8910
8438
8228
8194
9047
8454
8500
8586
8960
8861
8197
8942
8988
8684
8208
9075
8694
8923
8482
8892
8524
8691
8613
8896
8878
9192
8754
8775
8479
9192
8957
8775
8608
8243
8839
8755
8755
8303
8621
8936
8247
8697
8256
8843
9196
9031
9196
8883
9088
8327
8204
8852
8507
8507
9108
8650
9062
9189
8862
8893
8208
8659
8514
8892
9210
8429
9181
8769
8704
9117
8602
8807
8726
8664
8587
8429
8606
8575
8871
8769
8529
8514
8889
8960
8432
8936
9089
8726
9116
8901
8234
8970
8605
8659
8708
9029
9181
9183
8429
9211
8514
8831
9098
8341
8932
8676
9153
9128
8980
8918
9043
8975
8204
9153
8482
9051
8864
8395
8975
9089
8888
9085
8499
9029
9204
8663
8442
8527
8892
9091
8585
8913
8602
8501
8892
9024
9211
8242
9008
8720
9060
8863
8974
8438
8575
8760
8705
8438
8850
8748
8880
9155
8790
9027
8780
9027
8429
8438
9139
8664
9026
8198
8792
9137
8974
8726
8551
8949
8936
8618
8199
8621
8432
8501
8831
8645
8365
8985
8647
8708
8658
8647
8392
8712
8330
9027
9211
8585
9027
8664
8444
9204
8444
8436
9089
8664
8924
8421
9020
8863
8860
8631
9210
8664
9189
8755
8621
9152
9177
8662
8993
8840
8940
8777
8602
8452
9099
8608
8233
8682
8200
9035
9162
9085
8505
8670
8814
8838
8505
8990
8548
8431
8943
8920
8444
8998
8998
9074
8551
9065
8595
8906
8248
8631
8677
9024
8920
8549
8712
8407
8877
8428
9010
8590
9069
8687
9017
8210
8818
8345
9020
9074
9089
8852
8908
8864
8556
8958
9006
8776
8338
8402
8717
8817
8634
8876
8933
9002
8524
9007
9195
8402
8425
8746
8549
8572
8650
8382
8839
9078
9051
8546
8546
8425
9020
8912
8535
8899
9166
9062
8696
8873
9164
9128
8777
8735
8697
8960
8315
8578
8995
8347
8712
9012
8619
8491
9144
9014
8441
8960
8831
8913
8589
8822
8842
8263
8435
8790
8903
8708
8414
9057
8550
8299
8414
8836
8606
8557
8263
8853
8788
9177
9011
8619
8436
8625
8568
8958
8673
9083
8277
8730
8220
8857
8353
8421
8976
8909
9007
8711
8754
9153
8228
8785
8499
8299
8956
8842
8792
8872
8762
8392
8733
8372
9189
8435
8500
8735
8617
9202
8255
8877
8705
8413
8421
9168
8602
8215
8219
8415
8811
9054
8942
8500
8411
8588
8613
8618
8803
8939
8867
8328
8835
8757
9110
8690
8561
9097
8702
8740
9039
9046
8421
8658
9019
9120
8883
9106
8504
9100
8662
8411
9120
9183
9108
9108
8693
8847
8625
9195
8640
8806
8846
8353
8654
9012
9158
8425
8538
8900
8754
8939
8731
8406
9141
8233
8600
9213
9063
8694
8805
8444
8819
8426
8262
8414
8550
9208
8894
9128
8793
8751
9047
8213
9053
8384
8428
9062
8891
9166
9136
8703
8620
9096
8885
8835
8903
9020
8368
9170
8608
8330
8995
8665
8855
8434
8197
8507
8842
9023
8911
8612
8204
8621
8499
8476
8976
8831
8302
8417
8909
8630
8922
8664
8852
8820
8223
8501
8943
8512
9074
9116
9114
9006
8288
8518
9010
9196
8327
8852
8386
8839
8863
8199
9204
8708
8662
8528
8987
8892
8528
8782
8985
8863
9022
8940
9045
8622
8585
8754
8726
9211
8820
8606
8459