9217
9218
300
24
24
958
958
784
958
744
756
790
958
181
958
181
461
958
744
402
339
148
958
958
958
325
117
24
968
958
958
958
958
958
958
958
958
958
958
958
661
402
402
402
1004
1004
1004
339
339
153
153
148
153
148
299
148
41
148
423
148
704
148
724
148
148
423
148
423
461
148
148
423
148
423
148
148
148
148
197
200
148
423
148
423
181
423
572
250
117
24
97
958
948
958
966
966
851
966
461
966
966
948
43
402
402
148
148
148
148
148
423
148
148
148
148
958
148
572
117
114
958
505
452
948
948
756
819
24
97
704
958
948
683
381
402
402
402
339
148
148
148
250
841
148
148
890
148
148
572
756
24
24
97
148
148
148
957
890
677
148
193
890
890
106
43
402
402
402
402
339
148
148
153
148
148
148
148
148
148
572
117
114
958
958
958
948
948
756
819
24
958
958
958
948
948
756
790
372
958
958
148
148
140
957
958
148
148
958
958
958
217
287
24
24
958
958
948
948
851
851
108
966
958
948
958
948
43
402
402
402
1004
1004
1004
1004
1004
339
339
148
148
148
148
572
934
82
958
958
958
948
893
756
24
24
958
958
958
958
958
756
790
958
958
958
958
958
958
893
402
402
402
958
958
772
831
287
117
958
958
958
429
958
958
958
958
958
958
958
958
193
904
989
958
958
429
958
958
958
943
117
676
958
958
958
106
756
44
181
181
181
181
948
744
756
24
24
181
181
181
181
893
756
117
181
181
181
148
148
636
181
181
989
148
181
181
181
250
117
304
776
529
82
948
465
966
851
966
966
958
948
181
572
228
402
402
402
1004
1004
1004
1004
1004
1004
1004
1004
1004
339
977
44
793
181
53
181
181
181
209
181
181
181
181
181
181
181
181
762
756
181
181
181
181
181
181
181
181
181
461
181
181
572
756
823
24
776
181
181
181
677
82
98
148
181
181
108
181
343
546
402
402
1004
1004
1004
1004
1004
1004
339
148
148
148
148
572
756
532
181
181
181
148
181
60
181
181
598
181
181
181
181
756
756
586
964
148
181
148
181
69
148
181
53
181
181
148
181
250
117
181
181
181
181
181
379
82
82
958
958
958
958
478
343
43
339
148
148
148
148
148
60
148
181
148
181
148
181
572
512
82
958
461
958
948
948
756
756
24
958
958
998
9219
1535
1054
1417
1054
1720
1054
1714
1714
1054
1054
1054
1714
1062
1054
1054
1714
1714
1714
1714
1714
1714
1714
1714
1714
1714
1194
1412
1995
1771
1914
1995
1714
1714
1714
1714
1714
1714
1368
2034
1969
1895
1585
1831
1955
1775
1554
1714
1622
1714
1481
1589
1554
1714
2025
1714
1622
1714
1714
1194
1365
1412
1365
1412
1365
1626
1412
1365
1365
1365
1396
1771
1771
1771
1771
1216
1771
1771
1771
1216
1771
1771
1057
1771
1949
2028
1771
2028
1263
1771
1703
1771
1771
1771
1771
1771
2001
1771
1771
1771
1216
1771
1703
1771
1771
2006
1771
1771
1299
1949
1299
1949
2001
1947
2001
1949
2008
1949
1299
1949
1035
1949
1044
1044
2028
1044
1044
1585
1368
1252
2000
1723
1899
1155
1928
1928
1748
1843
1843
1397
1397
1397
1843
1628
1397
1456
1155
1397
1748
1252
1700
1397
1194
1062
1062
1118
1417
1771
1216
1349
2035
1771
1299
1981
1299
1771
1299
1748
1299
1771
1299
1748
1299
1299
1035
1155
1334
1456
1155
1155
1334
1899
1155
1248
1334
1653
1194
1835
1334
1899
1155
1628
1334
1899
1155
1248
1334
1365
1155
1457
1062
1062
1365
1365
1900
1252
1155
1317
1216
1216
1252
1248
1334
1097
1216
2046
1748
1899
1155
2046
2028
1626
1895
2034
1454
1899
1155
1628
1334
1216
1777
1628
1456
1456
1252
1628
1349
1299
1777
1628
1748
1456
1252
1628
1535
1194
1365
1365
1365
1062
1365
1062
1334
1771
1771
1771
1771
1216
1771
1771
1349
1771
1771
1771
1771
1299
1771
1996
1775
1607
2000
1607
2000
1554
2034
1554
1700
1397
2034
1878
2034
1515
1723
1368
1607
2000
1607
2000
1607
2000
1607
1062
1547
1547
1895
1895
1884
1622
1622
1771
1914
1995
1895
1895
1884
1995
1714
1216
1895
1995
1995
1895
1895
1995
1955
1179
1895
1248
1955
1622
1895
1914
1955
1955
1895
1547
1547
1547
1547
1547
1547
1547
1547
1397
1895
1995
1397
1626
1194
1194
1365
1365
1412
1365
1365
1365
1365
1365
1365
1626
1365
1626
1626
1995
1771
1771
1771
1771
1771
1771
1547
1547
1547
1547
1955
1547
1547
1547
1547
1547
1315
1087
1365
1054
1315
1315
1054
1315
1714
1714
1714
1714
1714
1714
1194
1714
1714
1714
1714
1714
1179
1179
1179
1179
1179
1179
1179
1535
1412
1396
1547
1209
1547
1547
1547
1674
1547
1547
1315
1368
2034
1554
1831
1607
2025
1914
1554
1714
1714
1714
1714
1714
1714
1714
2034
1368
1179
1179
1179
1179
1179
1179
1547
1547
1547
1547
1547
1547
1547
1547
1547
1547
1547
2025
1232
2000
1914
2000
1995
1622
1895
1884
1995
1975
1299
1299
1299
1299
1299
1299
1299
1651
2038
1651
1535
1535
1044
1299
1788
1299
1299
1299
1299
1299
1299
1299
1651
1535
1417
1299
1949
1299
1589
1299
1299
1216
1216
1589
1299
1299
1299
1299
1299
1216
1299
1299
1299
1299
1299
1299
1299
1299
1299
1299
1788
1547
1315
1315
1315
1857
2038
2038
2038
1564
1179
1857
1519
1857
2038
2038
1299
1857
2038
1194
1412
1194
1365
1412
1412
1412
1365
1412
1412
1365
1626
1412
1412
1626
1626
1365
1626
1626
1412
1626
1054
1054
1035
1044
1299
1035
1035
1299
1714
1714
1857
1299
1035
1452
1299
1035
1299
1299
1299
1417
1299
1299
1299
1417
1299
1299
1452
1535
1417
1417
1299
1417
1417
1299
1299
1299
1299
1299
1299
1299
1299
1299
1299
1299
1299
1452
1299
1299
1626
1299
1315
1481
1523
1523
1523
1523
1523
1523
1035
1523
1315
1315
1426
1547
1299
1299
1417
1299
1714
1426
1714
1535
1194
1412
1412
1412
1412
1412
1412
1396
1412
1412
1412
1412
1396
1626
1485
1417
1771
1771
1771
1771
1771
1771
1216
1452
1044
1035
1035
1035
1035
1035
1035
1299
1299
1714
1857
1035
1299
1523
1299
1523
1299
1035
1035
1035
1035
1347
1535
1054
1044
1054
1690
1216
1417
1417
1299
1216
1054
1044
1651
1299
1299
1035
1299
1299
1035
1299
1299
1299
1299
1299
1299
1035
1299
1299
1035
1299
1035
1035
1035
1035
1417
1884
1622
1960
1914
1547
2025
1417
1547
1955
1955
1905
1523
1194
1194
1299
1299
1771
1589
1299
1771
1895
1299
1771
1054
1299
1771
1417
1299
1771
1394
1299
1299
1054
1299
1299
1240
1054
1547
1547
1895
1547
1547
1547
1895
1315
1955
1194
1895
1547
1955
1622
1895
1547
1547
1884
9220
2398
2714
2398
2398
2398
2398
3032
2972
2398
2912
2398
2976
2912
2714
2371
2976
3032
2928
2644
2552
2349
2928
2260
2844
2848
2215
2912
2215
2584
2184
2793
2844
2848
2928
2119
2844
2749
2945
2756
2793
2793
2665
2260
3038
2398
2912
3023
2762
2442
2928
2260
2912
2848
2928
2064
2789
2275
2928
2539
2912
2434
2912
2085
2912
2912
2920
2920
2215
2215
2969
2387
2052
3023
2089
2330
2644
2347
2506
2162
2920
3023
2588
2525
2740
2403
2343
2268
2268
2332
2454
2525
2314
2535
2343
2644
3028
2863
2343
2841
2740
2467
3007
2564
2933
2330
2209
2841
2619
2862
2883
2330
2740
2330
2330
2330
3032
2330
2616
2330
2443
2727
2365
3051
2368
2343
2368
2594
2696
3015
2399
2748
2990
2162
2791
2907
2419
2429
2863
2525
2889
2920
2411
2942
2620
2248
3071
2294
2905
2619
2717
2478
2957
2467
2347
2957
2740
2862
2268
2142
2545
2862
2347
2142
2619
2862
2347
2696
2619
2456
3007
2564
2735
2347
3050
2404
2928
3069
2717
2841
2525
3069
3069
2939
2850
2332
2862
2142
2315
2126
2822
2741
2825
3069
2990
2956
2283
2383
2879
2404
2380
2467
2883
2604
2116
2403
2347
2454
2740
2717
2199
2956
3050
2862
2910
2252
2620
3069
3050
2741
2680
3039
2990
2604
2869
2171
2717
2990
2694
2403
2649
2314
2314
2985
2925
2314
2889
2403
2925
2907
2314
2985
2411
2907
2854
2902
2957
2406
2443
2862
2660
2252
2142
2403
2910
3050
2830
2119
2407
2478
2694
2862
3032
2547
2694
3050
2085
2085
2722
3025
2363
2825
2818
3039
2307
2064
2564
2497
2565
2946
2714
2195
2936
2879
2064
2119
3012
2936
3011
2122
2972
2354
2064
2968
2972
2972
2972
2972
2398
2565
2085
2398
2968
2398
2398
2411
2968
2936
2789
2119
2818
2789
2789
2791
2920
2224
2936
2300
2620
2419
2419
2054
2064
2905
2905
3011
2122
2905
2905
2905
2905
2940
2398
2617
2972
2617
2398
2264
2881
3041
2257
2398
2085
2758
2215
3039
2906
2920
2121
3035
2343
2283
2569
2387
2902
2920
2830
2085
3035
2054
2696
2159
2609
2123
2928
2096
2936
2791
2119
2905
2905
2223
2292
2707
2262
2620
2398
2968
2972
3011
2064
3044
2928
2936
2215
2928
2161
2123
2161
2928
2968
3039
2928
2260
2968
2848
2928
2744
3071
2054
3022
2860
2976
2248
2260
2844
2749
3059
2609
2506
2314
2767
2398
2426
2398
2906
2793
2721
3023
2825
2307
2825
2564
2825
2920
2920
2859
2825
3023
2506
2825
3023
2990
2419
2430
2162
2936
2735
2452
2119
2944
2462
2914
2972
3012
2791
2694
2976
2735
2789
2371
2123
2791
2957
2330
2777
2936
2920
2412
3012
2419
2857
2121
2857
2264
2696
2721
2054
2330
2985
2972
2972
2972
2972
2972
2592
2972
2969
2945
2644
2123
2735
2330
2162
2874
3028
2123
2330
3028
2248
2176
2412
3028
2434
2162
2777
2162
2942
2515
2177
2990
2162
2515
2604
2838
2945
2714
2119
2968
2905
2489
2912
2830
2208
3035
2905
2857
2777
2830
2398
2398
2777
2789
3042
3071
3032
2529
3071
3071
3071
2777
2552
3071
2777
2529
3071
3071
2248
2529
2782
3071
2567
2565
2800
2359
2102
2292
3035
2419
2419
2419
3008
2133
3035
3032
2398
2289
2857
3012
2972
3011
2119
3017
2248
2800
2851
3017
2248
2972
2540
3071
2529
2696
2330
2491
2289
2489
2119
2856
3017
2671
2127
2899
2563
2349
2671
2136
2899
2563
2671
2242
2777
2276
3009
2330
2946
2330
2330
2330
2330
2330
3041
2529
2330
2419
2054
2972
2515
3043
2398
3008
2981
2330
2398
2646
3042
2289
2529
2332
2276
3071
3071
3071
2529
3071
3050
3071
3071
3071
2912
2529
3041
2680
3050
2456
2857
2920
2857
2054
3001
2368
2972
2972
2398
2398
2398
2912
2912
2861
2330
2330
2972
2398
2398
3009
2789
2861
2789
2276
2276
2920
3017
2848
2368
2368
2330
2330
2696
2123
3059
2419
2419
2419
2694
2330
2248
2330
2276
3009
2248
2671
2861
2248
2248
2247
3022
3009
2585
2247
2771
2671
2861
2123
2276
2123
2671
3055
2818
2818
2224
2330
2993
2857
2936
2436
2791
2928
2553
2995
2529
2777
2969
3041
2830
2119
3000
2902
2330
2791
3050
2083
2818
2230
3008
2942
3042
2119
3012
3035
2307
2478
2133
2894
2972
2195
2818
2972
2762
2995
2511
3064
2815
2749
2534
2549
2714
2848
2217
2464
2398
3044
2608
9221
4028
3610
3860
3880
3925
3736
4053
3522
4039
3933
3869
3522
4094
3870
3409
3950
3784
3372
3409
4065
4039
3311
3372
3673
3618
3514
3654
3698
3870
3870
3077
3371
3773
4005
3530
3869
3111
3634
3491
3464
4039
3870
3542
3530
3567
3168
3909
4072
3925
3436
3764
3623
3747
3952
3381
3623
3925
3259
3423
3253
3209
3270
3530
3504
3839
3870
3877
3443
3607
3614
3546
3645
3373
3859
3673
3869
3209
3904
3613
3250
3747
3186
3702
3915
3384
3849
3654
3760
3341
3619
4008
3162
3887
3921
3727
3673
3839
3777
3951
3997
3760
3613
3340
3869
3494
3645
3103
3839
3736
3284
3818
3503
3380
3469
3987
3736
3782
4090
3727
4004
3261
3929
3352
3713
3967
3839
3428
3788
3924
3530
3270
4008
3335
3526
3674
3870
3671
3933
3335
3335
3526
3231
4077
3891
3782
3935
4008
4088
4072
3231
3727
3818
4094
3596
3398
3653
3074
3947
3480
4087
3687
3952
3914
3653
3372
3952
3888
3653
3291
3736
3951
3154
3736
3862
3526
3727
3924
3526
3486
4008
3727
3839
3486
3231
3966
3736
3804
3915
4042
3997
3997
4054
3952
4008
3997
4054
3342
3698
3993
3890
3942
3942
3802
3566
3868
3736
3631
3486
4091
3698
3901
3284
3812
3868
3762
3782
3891
3284
3284
3818
4093
3868
3265
3478
3942
3904
3478
3987
3818
4087
3804
4008
4008
3868
4042
3653
3486
4008
3804
4008
3950
3868
3904
4056
3548
3542
3611
3517
3284
3812
3715
4091
3653
3622
3103
3254
3673
3965
3365
3987
3901
3198
3913
3325
3998
3542
3869
3558
3497
3652
3933
3924
4039
3747
3486
3796
3950
3398
3608
3673
3673
4042
4039
3198
3839
3952
4042
4008
4088
3869
3552
3804
3673
3111
4039
3933
3934
3088
4091
3824
3934
3634
4056
3500
4029
3259
3423
3459
3868
3257
3869
4039
3335
4009
3950
3659
3335
3182
4008
3582
3327
3337
3641
3831
3246
3246
3869
4053
3855
3855
4053
3486
3698
3870
3870
3698
3870
3552
3293
3196
3107
3586
3870
3848
3336
3388
3471
3848
3473
3336
3970
3406
3417
3919
4091
3406
3216
3406
3685
3406
3980
3388
3933
4048
3530
4053
3903
3587
3851
3618
3788
4048
3507
3903
3728
3933
3925
3437
3909
3513
3438
3950
3618
3788
3409
3869
3950
3388
3980
3530
3437
3618
3243
3909
3929
3618
3986
3649
3925
3238
3327
3810
3909
3698
3824
4053
3940
3736
3870
3751
3870
3530
3844
3573
3251
3719
4045
3585
3672
3924
3951
4022
3530
4039
3768
4054
3950
3582
4022
3935
3715
4014
3903
4053
3385
4079
3111
3810
3903
3530
3839
3674
3928
3950
3087
3901
3409
3929
3437
3747
3870
4079
4056
3476
3335
3982
4082
3869
3935
3107
3231
3385
3231
3831
4048
3673
4072
3844
3416
3674
3869
3915
3498
4039
4053
3969
3855
3409
3904
3284
3716
3620
3952
3591
3404
3952
3891
3437
3909
3498
4095
4095
3783
3311
3327
3081
3651
3929
3651
3540
3540
3909
3705
3372
4091
3933
3824
3915
3836
3231
3231
3335
3337
3372
3337
3935
3951
3231
3869
3950
3231
3231
3808
4095
3276
3848
4095
3933
3651
3504
3651
3074
3848
4088
4036
3869
3802
3653
3552
4077
4077
4053
3855
3870
4033
3921
3385
3117
3763
3730
3869
3291
3372
3730
3951
3778
3291
3515
3462
3615
3224
3498
4053
3802
3498
4016
3940
3107
3416
4077
3107
4053
3498
3491
3111
3413
3984
3491
3498
3107
3372
3555
3498
3984
3117
4074
3825
3984
3673
3498
3413
3180
3921
3311
3515
4072
3231
3804
3291
3372
3284
4008
3526
3530
3730
3367
3623
3307
3514
3916
3802
3802
3912
4013
3778
3429
3777
3681
3284
3996
3824
3231
3778
3824
3824
3242
3651
3802
3254
3504
3989
3728
3252
3435
3555
3824
3186
3921
3523
3940
3836
3506
3915
3154
3996
3536
3284
3674
3674
3778
3506
3447
3603
3447
3810
3718
3996
4000
3335
3506
3335
3909
3928
3530
4076
3335
4056
3368
4088
3914
3909
3243
3847
3504
3618
3810
3847
4009
3952
3368
3372
3869
3950
3825
3903
3515
3870
3718
3903
3506
3985
3836
3300
3869
3337
3437
3478
3644
3368
3388
3367
4076
3876
3372
3959
3524
3503
3311
3372
3491
3963
3090
4091
3830
3309
3642
3940
3653
3428
3074
3653
3447
3265
4039
3951
3368
3950
3736
3674
3822
3715
3672
3530
3810
3909
4088
4039
3810
3238
3900
3941
3855
3238
3698
3870
3182
4052
3491
4065
4089
3198
9222
5051
4694
4500
4542
4120
5010
4800
4477
4835
5090
4950
4305
4129
4431
4876
4997
4221
4132
5029
4704
4407
4132
4810
5011
4861
4719
4317
4362
4522
4938
4239
4925
4710
4622
5110
5029
5029
4484
4839
4884
4456
4961
4589
4315
4456
4426
4200
4757
4684
4508
4684
4747
4919
4684
4889
4926
4654
4624
4506
4418
4776
4796
4510
4997
4334
4526
4796
4175
4554
4652
5045
4254
4350
4400
4589
4662
4132
4591
4443
4845
4456
4374
4899
4845
5109
4619
4309
5057
4584
4584
4960
4890
4728
4763
4142
4599
4890
4639
4942
4782
4403
5089
5107
5067
4619
4845
5025
5040
4234
4312
5063
4860
4142
5047
4782
4720
4505
4782
5111
4846
4903
4256
4705
4763
4705
4106
5084
4774
4849
4546
4893
4589
4861
5059
4810
5079
4628
4414
4823
4839
4823
4875
4927
4955
4494
5052
4132
4830
4460
4684
4895
5115
4636
4919
4766
4522
4251
4606
4615
5098
5008
5008
4906
4615
4643
4606
4862
4119
4606
5089
4747
5068
4611
4985
5068
4747
4862
4955
4858
4654
4460
4889
4414
5058
4414
5008
5041
4926
5041
4615
5041
4934
4934
4889
4962
4926
4562
5115
4770
4905
4720
4681
4943
4636
4861
4845
4170
5040
4845
5057
4829
5015
4615
5008
4938
4861
5110
4927
4931
4274
4606
4484
4852
4747
4927
4934
5110
4927
4987
4860
4927
5037
5058
4170
4962
4770
4606
4120
4927
4484
4889
4170
4934
4595
4648
4414
5008
4983
4388
5008
4160
4670
4522
4846
4791
4278
4881
4138
4121
4318
5008
4227
4287
5052
4715
4771
4625
4824
4150
5042
4810
5029
4132
4955
5046
4408
4862
4970
4726
4606
5012
5011
5079
4770
4861
5058
4955
4414
4414
5029
4938
4362
4600
4861
4861
4305
5109
4950
4305
4305
4861
4621
4861
5059
4770
4654
4739
4522
4589
5012
5059
5059
4810
4927
4763
4861
4830
5059
4720
5118
4589
4494
4382
4720
4795
4654
4305
5110
4197
4132
4782
4414
4589
4132
4414
4670
4139
4797
4926
5011
4308
4589
4432
4258
4895
4308
4654
4589
4599
4624
4574
4145
4448
4574
4120
4894
4695
4415
4637
4938
5056
4598
5037
4791
4861
4456
4432
4305
4313
4997
4414
4895
4831
4792
4197
4620
4456
4732
4362
4624
4810
4972
4985
4907
5042
4739
4739
4604
4620
4456
4972
4135
4776
4119
5059
5096
4783
4739
4532
4331
4895
5096
5096
4835
4216
4858
4305
4629
4432
4893
4821
4732
4858
4449
4925
4853
5056
4732
4184
4997
4961
5099
4732
4835
4835
5042
5011
5056
5040
4315
4747
4456
4893
5057
4455
4099
5020
4460
4926
4305
4456
4301
5029
4460
4835
4757
4305
5109
4760
5110
4654
5118
4848
5077
5029
4510
5079
5059
4510
4510
4612
4907
4510
4606
4810
4829
4127
4736
4980
4508
4510
4980
4731
4508
4510
4970
4534
4906
4853
4510
4510
4510
4456
4296
4340
4894
4845
4894
4510
4500
4955
4829
4350
4510
4955
5093
4511
5079
4119
4890
4645
4525
5095
4456
4780
4654
4534
5011
4554
4269
4493
4990
5094
5094
4184
4594
4961
4500
4414
5037
4589
4132
4949
5010
4810
4576
5096
4645
4810
4747
4180
4180
5112
4780
4780
4780
4780
4759
4459
4305
5068
4985
4759
4382
4271
4656
4314
4732
4269
4810
4911
4911
4584
4911
4752
4800
4631
4256
4687
4256
4980
4834
4158
4517
4704
4175
4846
4911
4752
4451
5076
4132
4773
4725
4812
4834
4443
4752
4723
4953
4491
4911
4470
4876
4335
4493
4726
4876
4256
4177
5044
4368
4516
4516
4431
4269
4752
4800
4484
4823
5044
4120
4100
4505
4629
4721
4179
4100
5047
4612
4184
4953
4339
4269
4690
4391
4264
4325
4720
4494
4589
4500
4500
4112
5111
5027
4839
5109
4780
5109
4506
4823
4403
4748
4350
4785
4829
5057
4242
4121
4705
4145
4221
4269
4773
4800
4953
4953
4508
4508
4384
4508
4431
4874
4858
4667
4462
4532
4351
4353
4895
4547
5084
4960
4893
5077
4793
4643
4503
5090
4834
4384
4773
4780
4382
4666
4269
4120
4758
4305
4775
4835
4704
5018
5109
4508
4780
4508
4882
4353
4353
4589
4968
4812
4589
4777
4889
4096
4625
4382
4400
4850
4812
4921
4199
5008
4985
4876
4541
4839
4651
4866
4332
4542
5068
5070
4332
4332
4542
4961
4725
5011
4835
4145
4353
4784
4782
4542
4894
4120
5019
5059
4455
4866
4961
4184
4830
4546
4424
4494
4494
5020
4670
4362
4856
4645
4622
4313
4132
4927
5015
9223
5830
5863
5687
5476
5964
5710
5293
5931
5800
5834
5657
5894
5415
5334
6140
6085
5800
5498
5665
6024
5725
5834
6108
6019
6012
5251
5821
5511
5704
5159
5819
5575
5501
5457
6004
5457
5862
6127
5225
5473
6127
5178
6103
6103
5533
5333
6050
5856
5391
6110
5532
5770
5703
6087
5988
5272
5333
6059
5556
5910
5466
5838
5821
5477
6024
5320
5596
5668
6041
5304
6009
5383
5504
5268
5768
5194
5403
5331
5701
5272
5357
6138
5268
5345
5808
6122
5721
5610
5724
5645
5319
5725
5929
5609
5446
5872
5735
5842
5808
5925
5243
5313
6140
6078
5862
5887
6113
5587
5747
5369
5859
5224
5600
5852
5216
5417
5849
5345
5889
5989
5345
5872
5313
5370
5986
5319
5482
5725
5696
5477
5533
5869
5657
5220
5123
5477
5821
5982
5800
5856
5657
5278
5982
5456
6127
5657
6083
5856
6110
5839
5273
5252
6083
5659
6111
5172
5819
6101
5381
5509
5862
6094
6050
5318
5724
6140
5745
5318
5211
6040
5318
5498
5963
5414
6048
5839
6027
6103
5982
5726
5533
5766
5495
6027
5839
5708
5453
5214
5527
5159
6024
6048
5766
5766
5159
5706
5615
5766
6104
5331
6089
6111
6069
5788
5159
5533
6103
5318
6104
6071
5310
5527
6110
5724
5414
6083
5527
5869
6113
6032
5825
5834
5125
6127
5527
5766
5220
5924
5169
5862
5766
6103
5574
6103
6005
5644
5595
5862
6002
5924
5736
6110
5982
5241
6083
5163
5584
5956
5724
6004
5671
5706
5287
5234
6140
6030
5292
5345
5811
5530
5533
5862
5680
6104
5793
5768
5769
5530
5414
5856
6071
5477
6048
5635
5527
5342
6069
5475
5640
5489
6042
5982
6110
6039
5574
6109
5527
6024
5574
6040
6042
5898
5220
6109
5173
5574
6005
5745
6103
5367
5566
5856
5834
5982
6050
5706
6104
5862
5566
6059
5726
6005
5595
5231
5159
5477
5231
5318
6109
6024
5964
5726
5634
5379
6032
6073
6027
5726
5125
6059
5123
5803
5619
6050
5456
5625
5726
6021
5249
6108
6086
5582
6113
5840
5635
5825
5222
5284
5248
5635
5135
6045
5877
6085
5536
5706
5670
6085
5474
5498
5899
5444
5834
5869
6083
5820
5183
5869
5668
6027
5455
5804
5203
5800
5772
5869
5220
5772
5661
6010
5673
6109
5400
5932
5834
5657
5910
5702
5414
5532
6099
5225
5532
5391
5644
6027
5456
5614
5480
5473
6097
5271
5772
5271
5529
5183
5271
5778
5391
5800
6071
6048
5953
5123
5530
5532
5220
5856
5701
5832
5736
6024
5811
5800
5832
5657
5391
5924
5778
5736
5756
6045
5178
6103
5924
6097
6073
5577
5772
6048
5391
5766
5951
6004
6024
5924
6109
5856
5814
6004
5982
5225
5327
5876
5511
5347
5931
5835
5340
6123
5456
5344
5985
5348
5603
6017
5271
5836
6119
5772
6120
5228
5764
5131
6109
5502
5498
5323
5225
5318
5876
5731
5876
5635
5600
5785
5212
5907
5340
5391
5731
6074
5583
5285
6023
5268
6023
5163
6036
5272
5391
5498
6119
5961
5665
5731
5935
5497
5635
5845
5281
6089
5220
5947
5220
5821
5747
5220
5340
5856
5141
5266
5973
5158
5268
5228
5626
6005
5992
5438
5913
5635
6095
5559
6092
5814
5970
6073
6111
5331
5701
6123
6050
5496
5225
5840
5728
5347
5803
5578
5358
5338
5131
5446
5358
5392
5303
5803
6103
5477
5129
5823
5234
5733
6071
6085
5931
5215
5970
5226
5319
5731
5594
5519
5664
5502
5852
5383
5938
5927
5659
5811
5758
5895
5670
5933
5803
5343
5293
5835
5993
5485
5343
6131
5268
5536
5999
5636
5807
5566
5992
5367
5288
6050
5800
5220
5226
5550
5456
5260
5283
5216
5326
5305
5338
5481
5971
5645
5821
5532
5961
5343
5536
6045
5821
6012
5294
5890
5821
5123
6140
5764
5355
5291
5502
5862
5774
5260
5755
5802
5312
5245
5805
5326
5778
6029
5504
5266
5266
5623
5908
6085
5319
5307
5834
6119
5216
5370
5876
6041
6040
5907
5935
5173
5384
6103
5910
5876
5840
5951
5862
5738
5816
5994
5317
6103
5985
5492
5598
5266
5629
5348
6032
5275
5525
5228
5835
5932
6071
5391
5846
5334
5650
5876
5941
5727
5317
5203
5569
5727
5414
5951
5203
5796
6073
5596
5235
5391
6016
5666
5603
5513
5126
5158
5268
5707
5323
5994
5589
5287
5185
5391
5231
5643
5862
6131
5830
6127
5722
5345
5773
5502
5746
5183
6039
5951
5998
6109
5821
5163
5455
5485
5320
5471
6014
5536
5517
5268
6005
5701
5951
9224
6399
6349
6294
6758
6834
6392
6508
6848
7118
6171
6810
6621
6293
6922
6619
7119
6843
7107
6675
6542
6776
6536
6778
6691
7166
7104
6512
6927
7000
7085
6950
6715
6511
6631
6549
7075
6480
6778
7067
6649
6912
6164
6484
6778
6958
6927
6776
6995
6945
6383
7149
6922
6904
7047
6848
6163
6154
7031
7053
6569
7050
6495
6483
6159
6621
6495
6847
6294
7054
6862
6870
6802
6602
6549
6322
6944
6949
6682
7115
6691
6186
6516
6564
6702
6660
6908
6542
6567
6994
6992
6924
6482
6237
6486
7085
6169
6309
7026
7148
6561
6496
6249
7148
7026
6702
6449
6197
6383
6357
6956
6549
6418
6892
7129
6958
6303
6803
7129
6303
6415
6910
6891
7148
7004
6756
6646
7031
6342
6524
7126
6958
7155
7067
6185
6958
7002
6711
7148
6568
6944
6776
6621
7093
6674
6958
6437
7029
6827
6958
7024
7093
6985
7054
6429
6944
6945
6171
6790
6146
6794
6977
6868
6220
6189
7030
6209
6638
6357
6285
6927
6848
6674
6499
6807
6229
6165
6628
7073
6163
6776
6605
7090
7067
6922
7093
7090
6289
6530
7067
7007
6649
6185
7149
6995
6621
7093
6520
6912
7055
6912
6429
7006
6746
7090
6322
6492
6784
6776
6854
7104
6649
7155
6776
6644
6945
6380
6517
6711
6711
6406
6460
6912
6495
6958
6784
7007
7126
6776
6843
6238
6329
7031
6776
6579
7090
7119
6817
6649
6827
7126
7073
7155
6579
6819
6810
6807
6494
6917
6357
7054
6268
6524
6193
6292
6550
6903
6164
6322
7007
6886
6373
6693
6172
6539
6550
6792
6174
6534
6836
7073
7064
6574
6705
6574
6552
6848
6480
7093
6992
6497
7145
7149
7047
6185
7090
6605
6836
6530
6843
6574
6294
7119
6711
6194
6705
7029
7029
6380
6540
7075
6886
6238
6958
6958
6322
7064
6817
6329
6958
6322
7155
6945
6855
6322
6969
6912
6741
6574
6605
6848
6925
6748
6597
6852
6924
7063
6574
7101
6459
7101
7075
6185
6382
7149
7029
7064
6544
6886
6554
6745
7067
7135
6569
6794
6784
7112
7054
7119
6369
6791
7054
6480
6296
6837
6636
7005
6858
7056
6496
7017
6658
7064
6927
6628
7008
7149
7104
6347
6531
6837
6292
6512
7064
6904
6249
6329
6605
7075
7100
7073
6897
7075
6931
6674
6221
7148
7147
6638
6509
6605
7075
7000
7119
6852
6574
6574
6380
6474
6645
7115
6621
6329
6674
7081
7159
6512
6585
7075
6888
6605
6479
6322
7007
6912
6836
6888
6154
6585
6968
6958
7115
6574
6605
6605
6628
7126
6509
7029
7075
6163
6380
7139
6711
6927
7075
6154
7149
6284
6542
6778
6648
6778
6922
6649
7149
7047
6605
6778
6154
6542
6961
7115
7104
6994
6459
6216
6153
6478
7031
7067
6362
6634
6925
6368
6174
7116
6643
6294
7068
6756
6513
6164
7085
6675
6513
7081
6828
6711
6601
6754
6163
6722
6501
7138
6696
6729
7007
7148
6794
6716
7031
6872
6810
6436
6792
6415
6968
6889
7081
6994
6760
6780
6794
7087
6809
6220
6968
7093
6543
6153
6810
6448
7031
6538
6945
6189
7012
6740
6290
6492
6792
6530
7047
6259
6444
6414
7013
6574
7159
6846
6720
6523
6629
6868
6329
7031
6805
7064
7125
7029
6530
6593
7061
6457
6530
6463
6392
6349
7010
6597
6670
6891
6167
6588
6779
7027
6167
6895
6760
6346
6329
6415
7088
6536
6394
6682
6167
6645
7119
6435
6628
7096
6558
7154
6895
6920
6347
6480
6316
6167
6956
6895
6675
6904
6638
6910
6718
7148
6785
7167
6806
6247
6849
6910
6945
7093
6406
6288
6435
6709
6620
6346
6494
6197
7110
6148
6237
6512
6782
6675
6675
6566
6366
6646
6597
6383
6664
6327
6593
6691
6593
6204
7148
7167
7014
6792
6483
6201
6590
6383
7065
7120
6383
6645
6904
6583
6548
6598
6206
6675
6178
7093
6201
6650
6889
7150
6541
6492
6452
6792
7042
6648
6769
6643
6781
6970
6675
6530
6183
6944
7093
6407
6585
6269
6854
6945
6930
6968
6189
6751
7147
6843
6450
6189
6163
6434
6924
7088
6622
6557
6736
7075
6290
6261
6164
6643
6781
6904
6599
6362
6976
6788
6965
6198
6788
6722
6468
6888
6564
6303
6179
6706
7088
6968
6837
7064
6649
6621
6566
6951
6934
6724
7014
6945
7068
6996
6682
6423
6493
6426
6675
6675
6179
6952
6897
6751
6891
6788
7090
6557
6635
6608
6324
7029
7064
7064
6380
6907
6945
6720
6935
6450
6531
6146
6778
6836
6646
6232
6223
7029
6912
9225
7786
8142
7923
7246
7954
7961
7967
7660
8104
7828
7960
7612
7652
7411
8112
7842
7864
7967
7374
8028
8104
8042
7879
7355
8161
7549
7486
8030
7549
7760
7216
7612
8034
7533
7796
8112
7557
7411
7893
7574
7632
7796
7678
8039
7574
7753
8039
7923
8101
7451
7820
7228
7577
7954
7882
8093
8042
7228
7793
7858
7374
7430
7277
7948
7411
7837
7593
7558
7817
7365
7649
7278
8040
7410
7763
7219
8122
7824
7795
7603
7831
7558
7355
7889
7237
8097
8158
8024
8015
7997
7826
7752
7431
7960
7762
7989
7817
7691
7265
7411
7422
7828
8008
7477
7935
8004
7606
8105
7558
7803
7974
7579
8141
7530
7937
7222
7519
7728
8012
8133
7655
7648
7609
7740
7905
8032
8133
7912
7548
8174
8093
7411
7923
7574
7532
7533
7532
7574
7693
8164
7954
8174
7954
7523
7796
7528
7532
7730
7796
7844
7551
8107
7460
7784
7430
8147
8044
7178
7923
8126
8125
7648
8176
7693
7233
7254
7845
7175
7866
7973
7430
8071
7315
7847
8166
7533
7696
7730
7932
7954
8145
7533
7621
7557
7932
7627
7807
8055
8028
7916
7459
7533
8028
7923
7459
8028
7674
7940
7556
7932
8030
7882
7324
8028
7940
7753
8106
8190
7684
7753
7916
7730
7754
7985
7735
7932
7548
7411
7932
7183
7456
7910
7993
7954
8112
7730
7916
7950
8053
7753
7574
8106
7932
8028
8028
7940
7317
7796
7532
7459
7533
7950
8174
7818
7882
7908
7615
7951
8151
7989
7374
8023
7985
7666
7168
8086
7903
7527
7467
8021
7202
7732
7666
7223
8138
7917
8029
7559
7528
7932
8028
7715
7715
7612
7916
7246
7185
7696
8190
8112
7843
7337
7774
7950
7916
7612
7916
7653
7753
7510
8151
7632
7632
7612
8093
7198
8053
7696
7590
7621
8055
7632
8107
7923
7696
8106
8141
7957
8174
7996
7612
7495
8162
7879
7467
7967
8058
8181
7337
7632
8162
7200
8058
7495
7250
8034
7733
8104
7948
8164
7730
7910
7293
7495
7495
7696
7756
7549
8190
7347
7374
8176
7632
7429
7910
7650
7747
7590
7353
8151
7910
7768
7993
7424
8056
7450
7446
7560
7881
7398
7288
7753
7411
8162
8096
7916
7411
7730
7451
7674
7321
7381
7416
7694
7924
7574
7715
8076
8126
7592
7577
7574
7484
7235
8112
7694
8096
7694
7583
8076
7484
7932
8162
7820
8076
7950
7175
7442
7621
7459
7592
8076
7411
7476
7314
7910
7424
7412
8174
7847
8034
8104
8161
8181
8100
7954
8055
7632
7621
7730
7533
7678
7246
7459
7916
7950
8043
8034
7923
7720
7842
7796
7574
7533
7694
7533
8161
8076
8104
7950
8106
7932
7499
7496
7932
7753
7932
8053
8112
7533
7932
7632
8121
7571
7865
7845
7479
7640
7720
7275
8177
7414
8055
7345
7839
7173
7305
7852
7235
7275
7815
7512
7456
7754
7715
8133
7549
7764
7879
7235
7346
7963
7543
7864
7693
7862
7678
7411
7992
8152
7537
7879
7874
8112
7326
7985
7774
7709
7754
8093
7818
7275
7330
7754
8013
7349
7748
7349
7996
7378
7968
8139
8043
7735
7720
7968
8053
7735
8180
7879
8132
8075
7884
8161
8105
8131
7880
7662
7175
7879
7685
7750
7991
8162
7876
7574
7910
7398
7528
7450
7968
7601
7699
7571
7718
7538
7336
7225
7547
7450
8050
7830
7843
7359
7654
7735
8148
7508
7495
7879
8008
7183
7674
7755
8010
7275
7687
7449
7365
7874
8102
7466
8083
7618
8055
8126
7667
7794
7769
7679
7728
7191
7183
7702
7948
7527
7282
8053
7570
8104
8074
7294
7668
7876
7609
7554
7454
8149
7707
7252
8053
8101
8177
7416
7715
7412
7272
7732
8134
7985
7662
7495
8121
8096
7894
7496
8053
7693
7878
7621
7706
7484
7579
7948
8059
8123
7968
7510
7461
7752
7764
7466
8186
7410
8011
8105
7586
7722
7787
7618
7862
7349
7257
7374
7792
7829
7794
7346
7718
7352
7973
7839
7235
7173
7530
7326
8113
8039
7862
8055
8107
7873
7460
7769
7851
7349
7200
8020
7579
7326
7903
7958
7359
7534
8007
7735
7735
7186
7864
7845
7719
7998
7174
7976
8188
7600
7203
7655
7187
7761
7340
7689
7752
7202
7411
7837
7321
7989
7305
7558
7275
7549
8053
8034
7411
8174
7864
7652
7336
7681
7659
7753
7646
8034
8181
7345
7588
7715
7590
7524
7680
7187
7715
7735
7574
7735
7305
8093
7524
7699
7752
7246
7652
7735
7735
7290
7533
8161
7718
7756
7314
8046
7640
8074
7678
7835
7949
8093
8161
7680
8100
9226
9199
8860
8711
9169
8677
8801
9149
8551
8664
8883
8660
8200
8650
8909
8703
8402
8831
8538
8425
8200
8760
8501
9021
9129
9204
9079
8988
8862
8916
9070
8477
8234
8452
8234
9098
8585
8794
8697
8901
8845
8528
8808
8839
8429
8820
8477
9210
8234
8852
8575
9091
8354
9157
9211
8751
9177
8863
9147
8816
8561
8923
8257
8311
8905
9042
9206
9143
8421
9095
9203
9112
8498
8561
8617
8799
9137
8894
8690
8720
8581
8556
8401
9157
8398
8810
8908
8693
8213
9128
9064
8503
8411
8192
8968
8625
8549
8473
8995
8447
8891
8550
8743
8702
9149
9012
8367
8742
8671
8527
8793
9095
8620
8511
8624
9112
9053
8643
8877
8762
9051
9080
8852
9162
8647
8788
8192
8862
8602
8863
9029
8528
9047
9157
9129
8429
8459
8507
8961
8257
8676
8697
9108
9204
8421
9205
9139
8421
9108
8893
9160
8659
8452
8850
8676
8687
8384
8417
8593
8850
8892
8842
8884
9153
8210
8788
9074
9079
8484
8919
8217
8608
8514
8685
8200
8676
8204
9123
9129
9204
9129
8585
9140
8507
8893
8893
8255
8583
9211
8893
9123
8892
9024
8667
8667
9211
9211
8363
8814
9020
8330
8421
8949
8814
8782
8659
8843
9180
8766
9211
8893
9180
8659
8850
8799
8671
8893
8893
9210
9010
9129
8940
8694
8514
9020
8667
9181
9189
9211
9155
8811
8712
9211
9129
8667
8234
9129
9051
8766
9089
8664
8602
9211
9129
8825
9067
8454
9089
8447
8893
8825
9020
9181
9046
8354
9032
8679
8356
8653
8422
8638
8654
8850
8704
9111
9128
8803
8989
8420
8790
8425
8750
9027
9027
8960
9210
8546
9108
8809
8442
8421
9037
8200
8892
8608
9027
9123
8575
8514
9123
9205
8420
8365
9153
8782
8871
9153
8514
8708
9153
9009
8694
9210
9189
8863
9128
8365
8998
8864
8429
8402
8892
8820
8208
8909
8402
8664
9020
8444
9139
8820
8429
8664
9211
8397
9051
9181
8429
8328
9204
8664
8235
9129
9030
8820
8429
9046
8775
8415
8799
9139
8936
8991
8536
9144
9206
9150
8721
9079
8621
8425
8720
8843
8410
8936
8825
8908
8786
9080
9028
8482
8206
8933
8750
8568
8845
8863
8341
8852
8850
8444
8949
9155
8735
9014
8839
8472
9204
8645
8452
8909
8998
9204
8653
8561
9196
9204
8659
8491
8650
9139
8862
8790
8664
8664
9204
9139
8636
8277
9205
8720
8207
8642
8642
8642
8983
9181
9153
8661
8892
8575
8555
8850
8839
8575
8755
8661
8850
9020
8585
8909
9129
9095
9051
8843
8425
9175
9020
8535
8820
8381
8708
9010
8820
8712
9010
8814
8341
8602
8991
8831
8585
9181
8402
9010
8839
8234
8634
9020
9204
8659
8234
9196
8692
8482
9089
8830
8774
9068
8687
8703
8402
9128
8623
8483
9007
8822
8562
8396
9040
8708
8444
9086
8809
8371
8892
8705
8412
9089
8414
8464
9010
8199
8864
8595
9128
8417
8311
8785
8993
8460
8833
8823
9037
8748
9127
9088
8754
8673
8998
8647
8208
9089
9116
9020
9204
8546
8440
8546
9004
9013
9064
9089
8549
8285
8699
8785
8892
9064
9013
8625
8323
8879
9025
8208
8708
8871
8799
8852
8217
8877
8807
8285
8974
8341
8918
8421
8862
8920
9089
9027
8454
9198
8210
8337
9089
9008
9165
8704
9038
8339
8988
9179
8698
8580
8976
8830
8625
8843
8932
9205
8338
8929
9128
9007
8299
8877
8514
8235
8877
9209
8402
8444
8645
8382
8926
8892
9089
8409
8440
8277
8885
8631
8520
9177
8643
8674
8620
8199
9037
8976
8969
9162
9015
9124
8421
8428
8302
8220
9153
8538
9045
8421
8814
8782
8230
9150
8481
8585
8998
8871
9162
8322
9074
9171
8663
8454
9179
8364
8796
8217
8402
8717
8992
8527
8197
8862
8900
8741
8452
8966
9051
9198
9088
8581
8976
8960
8303
8220
9056
8908
8878
9038
9089
9160
8535
8595
8257
8776
8848
9184
8372
8682
9057
8797
8220
8923
9040
8524
8877
8657
8830
8734
8442
8559
9008
9180
9035
8885
9119
8199
9096
8903
8551
9156
8572
8831
9076
9136
8885
8536
8459
8619
8816
8459
8952
8652
9157
8822
8738
8444
8208
8898
8946
8427
9138
8621
8676
8906
8771
9008
8803
8454
8660
8773
8608
8750
9136
8208
8885
8878
9194
8677
8634
8959
8535
8479
8883
9198
8417
9061
8420
8957
8648
8218
8816
9120
8751
8673
9196
8339
8697
8237
8998
8255
9010
8602
8234
8602
8575
8883
8944
8969
8566
9128
8223
9089
8535
8621
9123
8850
8679