9217
9218
360
120
120
120
826
154
154
333
468
715
189
843
100
873
609
609
658
414
619
154
31
429
268
1001
868
216
144
65
207
694
207
398
398
414
404
398
398
398
398
333
468
690
843
843
873
100
609
609
955
955
147
826
207
826
398
398
414
477
404
870
821
398
398
19
216
290
870
666
398
398
398
943
364
121
296
826
207
658
398
398
824
777
824
989
821
398
366
217
957
404
870
666
989
366
268
217
868
216
739
999
694
171
124
124
295
824
33
623
33
8
366
333
468
690
189
843
100
873
609
609
851
955
826
826
207
826
207
140
578
216
26
843
565
61
398
165
381
943
741
982
741
741
742
251
468
690
65
65
694
609
609
121
121
365
324
870
714
268
701
800
404
870
666
6
714
31
936
800
290
144
215
826
207
637
851
250
957
824
714
623
42
31
742
624
121
365
365
324
807
194
636
851
955
955
826
207
826
886
742
19
216
26
97
666
6
886
936
121
121
365
870
666
366
268
217
443
819
593
993
215
993
124
906
748
822
590
6
666
31
658
95
904
194
95
703
42
22
936
800
290
144
748
215
215
124
124
295
295
194
428
428
428
742
742
624
468
690
843
843
100
344
87
955
955
851
285
826
826
285
742
251
468
690
189
843
100
873
658
854
414
347
870
714
42
268
19
216
144
144
215
207
215
124
165
216
290
843
826
285
87
285
906
381
824
666
870
42
31
268
165
943
443
144
184
694
826
207
8
8
868
57
739
184
184
565
8
414
414
208
587
208
8
8
106
624
477
820
826
207
826
207
436
868
578
739
534
184
565
565
8
414
381
208
982
658
33
8
8
624
997
739
184
826
207
207
333
578
739
534
184
587
565
565
8
598
295
587
366
346
8
8
106
578
57
739
184
184
565
124
124
295
614
484
1
484
1
667
106
888
468
973
843
344
100
609
775
851
955
826
207
964
207
1
667
888
468
189
843
873
465
344
428
854
414
347
33
354
730
333
231
290
144
215
215
207
484
624
715
189
843
100
873
253
667
121
121
365
108
324
324
324
253
485
888
715
189
100
324
694
694
609
60
824
714
1
714
31
667
667
748
593
593
484
1
484
1
667
667
163
468
290
826
484
369
504
748
308
369
308
369
308
667
315
414
308
369
308
369
484
458
9219
1252
1653
1981
1628
1653
1748
2023
1252
1653
1981
1252
1653
1936
1525
1547
1394
1417
1995
1653
1317
1777
1777
1895
1777
1995
1995
1349
1895
1895
1748
1928
1076
1371
1371
1777
1653
1777
1835
2025
1334
1981
1777
1924
1349
1777
1777
1884
1884
1232
1232
1232
1232
1232
2000
2000
2000
2000
2000
1371
1628
1707
1759
1317
1155
1694
1349
1232
1995
1903
1317
1777
2000
1371
1371
2046
1653
1349
1232
1232
1232
1232
1777
2000
1076
1589
1097
2000
1628
1777
1748
1858
1928
1232
1232
1232
1867
1347
2000
2000
1371
1371
2000
1928
1777
1371
1748
1628
1232
2038
1651
1232
1394
1911
1349
1252
2000
1843
1777
1349
1394
1371
1252
1232
1232
1232
1150
1232
1454
1252
1858
1454
1748
1777
1456
1628
1456
1628
1232
1157
1232
1454
1900
1454
1157
1454
1788
1807
1924
1181
1628
1924
1653
1653
1252
1924
1653
1628
1155
1924
1858
2023
1252
1252
2023
2023
1252
1928
2023
1707
1925
1317
1155
1417
1417
1394
1835
1777
1394
1394
1394
1777
2000
1394
1252
1394
2023
1076
1928
1653
2000
1252
1777
1815
1764
1298
1924
1456
1298
1298
1232
2023
1298
1252
1232
1807
2023
1076
1317
2023
1858
2000
1317
2023
1281
1748
1788
1910
1682
1317
1995
1995
1777
2038
1777
1394
1394
1417
1396
1690
2035
1959
1903
1777
1903
1777
1394
1097
1394
1589
1777
1394
1076
2000
1981
1454
1334
2000
1349
1748
1748
1349
1317
1895
1371
1653
1995
1777
1653
1928
1155
1456
1653
1628
1858
1903
1454
2023
1858
1928
1456
1628
2041
1456
1628
1628
1417
1396
1815
1317
1777
1515
1777
1653
1628
1903
1349
1777
1903
1777
1843
1903
1748
1777
1456
1628
1419
1076
1723
1628
2035
1317
1628
1748
2023
1515
2023
1628
1653
1456
1628
1281
1886
1349
1076
1911
1076
1777
1858
1653
1076
1456
1281
1281
1807
1895
1981
1252
1748
1628
1653
2023
1252
1748
1252
1748
1628
1653
2043
1130
1748
2041
1157
2043
1252
1879
2043
1879
2041
1454
2043
1900
1454
1252
2043
2043
2023
1130
1903
1995
1252
1900
1456
1981
1924
1456
1628
1456
1454
1748
1252
1252
1748
2023
1628
1858
1252
2043
1858
1454
1858
1252
1879
1525
1982
1905
1807
1720
1924
1981
1720
1924
1317
1777
1924
1515
1991
1777
1417
1981
1777
1653
1981
1884
1777
1394
1349
1186
1945
1317
1720
1417
1903
1417
1777
1895
1777
1777
1995
1349
1394
1653
1394
1371
1076
1903
1428
1777
1928
1690
1925
1884
1777
1924
1334
1807
1924
1659
1981
1777
1653
1317
1707
1924
1981
1995
1924
1995
1981
1777
1653
1981
1628
1653
1903
2023
1252
1456
1928
1858
1928
2043
1928
1454
1928
1417
1394
1777
1801
1653
1981
1777
1653
1981
1777
1252
1748
2023
1252
1653
1700
1694
1981
1155
1653
1981
1981
1924
1653
1981
2023
1924
1653
1981
1252
1653
1748
2023
1252
1653
1981
1252
1924
1299
1959
2023
1252
1653
1748
1454
1252
1456
1454
1252
1252
1659
1057
1653
1981
2023
1924
1748
2023
1252
1653
1748
2023
1252
1653
1748
1252
1252
1748
2023
1252
1252
1748
2023
1252
1452
1807
1777
1653
1748
2023
1252
1653
2023
1252
1252
1626
1981
2023
1924
1653
1981
1628
1653
1748
2023
1252
1653
1748
2023
1252
1748
2023
1252
1252
1748
2023
1252
2041
1748
1300
1057
1924
1981
1298
1924
1748
1981
1155
1252
1981
1981
1252
1884
1981
2023
1653
1181
1981
1252
1653
1349
1076
1653
1653
1707
1291
1924
1317
1720
1895
1995
1884
1155
1995
1928
1349
1777
1884
1349
1777
1371
1076
1232
2000
1884
1232
1349
1371
1123
1426
1815
1815
1622
1884
1815
1924
1924
1777
1622
1884
1777
1995
1777
1991
1232
1777
1232
1903
2023
2023
1940
1966
1807
1188
1777
1659
1807
1659
1807
1097
1349
1123
1882
1347
2035
1905
1317
1914
1895
1417
1317
1417
1087
1425
1626
1626
1788
2035
1690
1815
1867
1925
1815
1815
1589
2035
1136
1955
1317
1589
2025
1884
2025
1720
1589
1347
1347
1777
2046
1959
1903
1589
1232
1884
1903
1777
1622
1317
1884
1155
1694
1317
1720
1334
1417
1589
2025
1884
1349
1884
1349
1232
1884
2025
1884
1426
1995
1622
1232
1884
2025
1884
1622
1334
1155
2025
1884
1622
1232
1349
1232
1884
1777
1884
2000
1777
1884
1232
1884
1903
1349
2000
1232
1884
1232
1884
1723
9220
2883
3069
2694
2097
2964
2925
2452
2119
2907
2544
2791
2119
3042
2506
2848
2877
2800
2097
2330
2095
3000
2095
2889
3017
2985
2777
3012
3032
2714
2119
2119
3012
2869
2411
2748
2889
2735
2133
2429
2350
3050
2905
2889
2771
2907
2944
3069
2694
2883
2985
2889
2907
2411
2735
2869
2478
2478
2889
2564
2564
3028
2818
2860
2976
2860
3008
2253
2883
2942
2928
2351
2877
2320
3012
2608
2944
2944
2905
2905
2905
2905
2942
2889
2942
3071
2564
2976
2564
2944
2944
2944
2944
2944
2889
2694
2260
2791
2889
2907
2411
2564
2162
2564
2944
2944
2944
2735
2944
3042
2276
2248
2942
2905
2665
2564
2877
2564
2564
2944
2944
2945
2859
2694
3032
2961
2411
2889
2942
2942
2564
2564
2564
3023
2564
2944
2944
2777
2694
2735
2694
2735
2314
2990
2942
2564
2619
2411
2985
2531
2907
2905
2986
2907
2883
2694
2976
2694
2638
2694
2748
2097
2097
2735
2452
2097
2788
2735
2564
2697
2976
2470
2976
2860
2907
2162
3032
2933
2869
3007
2644
2608
2976
2162
2990
2986
2990
2905
2990
2905
2905
2976
2868
2411
2800
2800
2800
2976
2421
2989
2528
2907
2976
2788
2771
2907
2735
2564
2907
2564
2325
2813
2529
2564
2162
2869
2642
2356
2544
2857
2421
2877
2905
2928
2818
2990
2575
2990
2857
2986
2777
2411
2976
2976
2748
2644
2800
2351
2985
2735
2976
2990
2907
2907
2276
2990
2976
2907
2928
2976
3055
2990
3008
2484
2162
2735
2883
2097
2880
2735
2907
2985
2452
2649
3017
2989
2925
2813
2314
2889
2411
2592
2592
2985
2452
2649
2619
2857
2529
2877
2989
2330
2907
2677
2330
2694
2452
2694
2907
2452
2649
2411
2248
2649
2789
2330
2990
2813
2985
2907
2260
3000
2467
2411
2985
2985
2961
2800
2644
2467
2889
2907
2989
2925
2411
2889
2452
2649
2907
2777
2748
3012
2748
2467
2564
2889
2350
2649
2800
2788
2788
2350
2889
2135
2472
2567
2788
2097
2467
2907
2813
2350
2411
2472
2889
2162
2411
2350
2813
2350
2472
2889
2985
2694
2907
2788
2162
2788
2325
2484
2694
2350
2452
2209
3069
2467
2889
2097
2907
2350
2813
2748
2452
2694
2694
2350
2649
2788
2788
2649
2350
2813
2985
2552
2631
3032
2423
2243
3008
2330
2815
2421
2649
2748
2813
3008
2907
2813
2887
3017
2905
2330
3017
2209
2443
2877
2411
3042
2106
3000
2095
2818
3008
2048
2393
2889
2789
3017
2649
2928
2818
2925
2452
2467
2985
2869
2925
2985
2813
2925
3008
3008
2097
2616
2800
2979
2976
2102
2452
2649
3008
2225
2544
2544
2985
2484
2815
2889
2694
2813
2925
2976
2791
2097
2907
2411
2119
2976
2748
2976
2649
2248
2813
2976
3000
2844
2649
2907
3009
2905
2800
2097
2905
2905
2905
2986
2869
2907
2985
2889
2133
2869
2907
2165
2985
2232
2989
2694
2889
2694
2411
2592
2869
2694
2097
2985
2907
2452
2097
2889
2694
2788
2529
2971
2889
3012
2905
2905
2905
2883
2905
2905
2907
2452
2976
3042
2696
2889
2801
2097
2694
2350
2907
2097
2985
2907
2472
2097
2961
2907
2788
2985
2350
2801
2452
2889
2961
2976
2985
2889
2869
2097
2905
2907
3012
2905
2976
2869
2788
2889
2818
2350
2883
3071
2889
2694
2097
2097
2869
2907
2097
2791
2907
2411
2985
2944
2907
2748
2889
2592
2694
2961
2350
2907
2788
2552
2147
2907
2411
2694
2472
2883
2788
2889
2869
2694
3012
2801
2942
2944
2464
2721
2791
3012
2944
2869
3012
2985
2628
2133
3000
2470
2649
2552
2276
3012
2800
2330
2986
2762
2928
3012
2985
2791
3012
2628
2628
2777
3012
2307
2905
2510
2628
2552
2552
2857
2572
2986
2350
2727
2133
2320
2631
2989
2989
2727
2097
2097
2694
2097
2788
2788
2224
2330
2248
2256
2956
2789
2905
2905
2506
2925
2272
2506
2887
2628
2561
2330
2421
2727
2464
2628
2552
2579
2510
2628
2628
3041
2143
2276
2276
2238
2869
2767
2225
2949
2276
2276
2276
2628
2506
2470
2646
3000
3009
2470
2818
3008
2276
2544
2900
2721
2631
2944
2942
2945
2097
2696
3012
2942
2945
2748
2868
3012
2727
2944
2224
2506
2579
2399
2944
2484
2777
2579
2777
3012
2727
2777
2989
2276
2681
2727
2276
2350
2777
2276
2552
2802
2945
2510
2802
2802
2777
2945
2767
2881
2777
2224
2802
2877
2945
3012
2777
2777
2224
2945
2777
2777
2777
2942
2276
2944
9221
3869
3851
3893
3951
3901
3950
4039
3966
3950
3437
4088
3904
3728
3368
3764
3373
3727
4039
3810
3940
3929
3880
3893
3530
3925
3951
3843
3715
3880
3530
3782
3530
3987
3951
3928
4039
3928
3987
4054
3313
3530
3704
3530
3333
3891
4054
3982
3901
3952
3952
3725
3891
4079
3690
3901
3891
3942
3919
4087
4052
3771
3530
3585
3623
4094
3887
3782
3606
3942
4079
3437
3966
3300
3880
3876
3987
3530
3856
4087
3824
3310
4008
3810
4004
3966
3375
3880
3987
3987
3623
3901
3935
3824
3893
4087
3673
3585
3883
3530
4079
3111
3880
3933
4008
3810
3935
3530
3824
4090
3876
3284
3674
4079
3915
3725
3747
3673
3824
3804
4054
3804
3915
3952
4009
3530
3839
4079
3893
4079
4079
3725
3725
4087
3952
3891
3935
3952
3952
3725
4061
4079
3935
3893
3725
3887
3313
3940
3940
3824
3950
3621
4077
3325
4072
3942
3904
3725
3486
3824
3880
3982
3924
3824
3725
3901
4054
3901
3725
3208
3389
3097
3201
3526
3887
3928
3843
3652
3843
3940
3843
3880
3893
3810
3915
3300
3893
3952
3915
3919
3901
4088
3300
3966
3925
3715
3824
3933
3893
3270
3893
3940
3893
3725
3296
3804
3782
3782
3824
3893
3891
4054
3542
3893
3952
3782
3987
3887
3352
3753
3745
3843
3547
3440
3810
3869
3107
3747
3577
3824
3951
3111
3982
4094
3804
3511
3966
4039
3904
3304
4054
3521
3950
3987
3804
3869
3893
4094
3304
4079
3824
3891
3259
3674
3674
3674
4008
4039
4094
3940
3824
3824
3530
3893
3891
3987
4054
3893
4079
4072
3893
3987
3725
3880
3725
3824
3653
3469
3095
4006
4088
4056
4094
3942
4042
3904
4094
3782
3804
3111
3725
3725
3935
3891
3880
3904
4072
3585
3904
3824
3782
3095
3928
3951
3966
3824
3893
3987
4072
3904
3824
3725
3880
3777
3542
3747
3987
3804
3674
3824
3940
3725
3966
3966
3623
4072
3901
4088
3880
3876
3880
3891
3198
4088
3725
3530
3782
3987
4072
4079
3725
3904
3268
3674
3951
3904
3111
3725
3725
3782
3750
3111
3824
3725
3782
3904
3940
4054
3987
3782
3933
3725
3940
3504
3891
3893
3904
3824
4072
3904
3893
3725
3824
3901
4061
3987
3893
3904
3782
3893
3891
3824
3904
3801
3562
3965
3974
3942
3428
3810
3325
3810
3530
3812
3928
3810
3530
3674
3949
4052
3782
4077
3647
4094
3198
4079
3674
3585
3096
3623
3719
3526
3928
3333
3987
3674
3810
3111
3810
4094
3577
3935
3810
3467
3690
3652
4054
3904
3284
3653
3251
3585
3941
3514
3810
3111
3869
3942
3810
3690
3904
3530
3251
3657
3880
3904
3530
4004
3904
3928
3843
3824
3810
3530
3810
3982
3904
3530
3782
3951
4079
3725
4088
3869
4039
4054
4079
3557
3623
4039
3824
4008
3530
3824
3296
4077
3966
3268
4087
3750
4077
3098
4077
4008
3966
3819
3891
3891
3750
3893
3111
3778
3987
3891
3891
3108
3893
3935
3893
3750
3987
3891
3674
3730
3623
3237
3901
3325
3383
4009
3904
3880
3824
3725
3901
4077
3166
3880
3261
3893
3935
3747
3893
4061
3935
3893
3891
3880
4079
3891
3891
3987
3901
3725
3725
3951
3893
4008
3824
3950
3623
4039
3782
4009
3904
3935
3747
3935
3747
3935
3585
3632
3951
4008
4042
3935
3747
3935
3966
3935
3893
3950
4061
3952
3935
4079
3935
3891
3935
3893
3935
4087
3935
3782
3653
3966
3952
4009
3795
3782
4079
4042
4039
4054
4054
3891
3891
3880
3982
4088
4061
3422
3824
3111
3880
4008
3777
3951
3313
3094
3251
3097
3925
3530
3724
3742
3976
4039
3900
3869
3935
3810
3824
3810
3891
4084
3657
3880
3952
3810
3111
3804
3951
4074
3251
3888
4072
4033
3741
3812
3893
3893
3737
3778
4079
4039
3672
3987
3935
3111
3987
4054
3891
3747
3935
3830
3213
3724
3822
3282
3662
3950
3662
3154
3154
3400
4019
3187
3928
3940
3154
4008
3154
3154
3185
3951
3602
3154
3642
3925
3698
3398
4065
3185
3657
3919
3428
4088
3950
3111
3880
3542
3888
3251
3925
3883
3585
3413
3951
3831
3251
3111
3915
3810
3673
3810
3747
3935
4072
3284
3747
3893
3198
3824
3413
3327
4088
3777
4072
3485
3154
3368
4008
3368
3935
3154
3890
3154
3154
3890
3366
3154
3843
3313
3154
3890
3154
3800
3485
4087
3210
3687
3377
3154
3154
3368
3890
3890
3183
3687
3485
4087
3313
4008
3942
4008
3747
3935
3747
3210
3890
4087
9222
4853
4132
4654
4494
5079
4889
4876
4374
5118
4876
4747
4119
4814
4295
4604
4184
4150
4985
4184
4170
5037
5041
4961
4905
4132
4864
4955
4184
4962
4150
5115
5052
4384
4460
4314
4431
4905
5029
4950
4503
5094
4961
4774
4494
4906
4494
4494
4800
5110
5029
5118
5095
5095
5052
4654
5049
4830
4800
5110
4150
5033
4882
4853
4711
4184
4905
4454
4460
5110
4889
5114
4629
4985
4460
4494
5114
4170
5115
4985
4661
4934
4184
4955
5058
4970
4927
4460
4460
4314
4927
5015
4926
4962
4926
4184
5089
4938
5056
4170
5090
4810
4961
4926
5114
4615
5094
4460
4985
4918
4414
4510
4934
5115
4858
4494
5052
4494
4494
4494
4876
4934
4830
5115
4875
4955
4170
5052
5029
5115
4955
5058
4962
4955
5094
4934
5115
5118
4170
5115
4955
4962
4889
4962
4830
4950
4680
4961
4864
5058
4494
4955
4861
5058
4132
5118
4132
4955
5058
4955
5058
4955
4934
4934
4830
4962
4962
5114
4955
4348
4274
5029
4985
4884
4456
4864
4864
5029
4961
4175
4927
5079
4384
4494
4747
4384
4985
5079
4494
5114
4955
4546
4830
5068
4926
4266
4955
4934
4955
5052
5052
4934
4985
4919
5037
5058
5058
5114
4955
5015
4145
5118
5012
4364
4589
4962
4970
4843
5098
4184
4494
4692
4949
4494
4494
4615
4988
5090
4431
5090
4133
4858
4810
4985
4771
4184
4876
4934
4876
4985
4170
4950
4962
4926
4950
4931
4889
4170
4876
4860
4919
5029
4384
5114
4615
4810
4921
4955
4955
4494
4934
4926
4494
4494
4132
5037
5052
5015
5096
4853
5094
5115
4654
4384
4132
4311
5109
4488
5115
4812
5118
4983
4771
5052
4853
4830
5090
5052
4950
4494
4414
4583
5115
4494
4494
4494
4589
4494
4625
4170
4962
5009
4477
4889
5094
4589
4830
4589
4589
4589
4830
5114
4938
4997
5012
4221
5012
4837
5052
5114
5052
4962
5118
5114
5094
4184
4494
4830
4856
4889
4747
4145
4955
5058
5058
4837
4170
4654
5015
5114
4934
5114
4830
4934
5114
4955
5118
4934
5015
4654
4769
4384
4934
4962
5114
5052
4955
4830
4934
5029
5052
5118
4934
5114
5058
4747
4654
5058
4494
4494
4747
4830
5114
5052
5118
5052
4769
4311
5052
5058
4934
5052
5118
5068
4700
4957
4817
5114
4839
4170
4654
5118
5115
4150
4150
4934
4494
4494
4985
5029
4985
4145
4494
5114
4893
4615
5029
4733
4239
4720
4876
4301
5094
4201
4926
4961
4905
4410
5118
5012
5115
5114
4985
5090
5114
4593
4927
4876
5114
4810
4384
4789
4384
4494
4889
4099
4889
4864
4170
4942
4810
5058
4938
4533
5020
5037
4170
4494
4145
5114
5094
4810
4889
5118
4615
4955
5052
4927
5118
4985
5079
5052
4810
4132
4755
4835
4985
4494
4398
5114
4624
4494
5114
5052
4201
4747
4889
4494
4494
5118
4905
4926
5012
4431
4484
4747
4494
5110
5015
5052
4747
5115
5114
4311
5012
4654
5015
4962
5052
5118
5110
5015
4587
4985
4654
4494
5115
5058
4934
4830
4763
4830
5015
4494
4132
4830
4869
4221
4494
4494
5059
5015
5015
5015
5118
5052
4934
4132
5118
5118
4934
4934
4889
4962
4926
5052
4654
4170
4934
4771
5115
4494
4830
4494
4494
5079
4931
4494
4494
4494
5068
4384
5012
4494
4830
4311
4170
4484
5012
5015
4150
5052
5015
4962
5052
5052
4830
5029
5052
4830
4962
5114
5015
4654
4508
4938
4810
4494
4538
5110
4654
5012
5110
5118
5052
5012
5110
5012
5089
4810
5114
5052
5052
5056
4955
4917
4810
4860
4926
5029
4860
4861
4862
4711
5094
5050
4961
4654
4955
4927
5058
4197
4384
4864
4494
4494
4861
4494
4494
4510
4615
4494
5115
4407
5009
4853
5094
4755
4961
4875
4705
4755
4215
4906
4906
4593
4170
4810
5114
5058
4810
5095
5114
4384
5079
4975
4872
5096
4145
4814
4705
4494
4705
4494
4710
4814
5112
4826
4876
5040
4314
4111
4985
4961
5050
4242
4860
4966
4869
4739
4925
4983
4422
4812
5029
4510
4484
4970
4654
4926
4924
5068
5071
4242
4460
5058
4927
4985
4384
4494
4414
4934
4145
5094
4384
4919
5110
4927
5118
4132
5115
4837
4460
4830
5089
4221
4889
4942
5096
5012
5052
5052
5052
4861
4197
4942
4860
4830
4931
4494
4969
4738
4416
4221
4835
4494
4942
4494
4889
4221
4985
5110
5089
4919
4942
5041
5110
4894
4942
4830
4615
5008
4858
4918
5012
4942
4835
4919
4835
5015
4918
4460
9223
5725
5985
6004
5498
6022
5498
6004
5333
6002
5532
5498
6083
5796
5571
5708
5811
5498
6022
6127
5150
5226
5800
5495
6005
5816
5988
6039
5657
6050
5527
5123
6002
5772
5498
6024
6089
6083
5260
5559
5303
5574
5747
5850
5495
5736
5793
5726
6005
6004
6004
5391
5766
6059
5473
6083
5231
5231
6002
5726
6039
6040
5767
5156
5414
5985
5614
5477
5517
5231
5220
6048
6097
6029
5772
6004
5391
6004
5524
5524
5766
6024
6004
6004
6103
5834
5498
5391
5657
5839
5726
5527
5527
5766
5805
5766
5502
5915
5574
5574
5231
5220
5596
5495
5982
6002
5766
5800
5869
5414
5600
5996
5391
5288
5379
6020
5574
6005
5391
5766
6073
5772
5495
5209
5391
6024
5209
5657
6097
6002
6002
6083
5527
6048
6083
5533
5159
6012
5527
6005
6004
6083
5856
5414
6024
6004
5706
5524
5736
5772
6087
5772
6004
5310
6002
5657
5800
5726
5800
6002
6024
5924
6004
5924
6020
5924
5772
6048
6004
6140
5226
5318
5800
5811
5530
6083
5271
5657
5530
5856
5498
6024
6097
5399
5231
5497
5772
6048
5574
6109
6089
5800
5997
5312
6032
5726
6040
5951
5951
6024
5657
6048
6089
5159
6019
5814
6002
6004
6005
6109
5498
5209
5840
5527
6002
6048
5159
5300
5962
5853
5331
5231
6110
5226
5323
6029
5816
6042
5947
6064
5267
5772
5268
6127
6109
5726
5245
6085
5800
5924
6024
6119
5566
5209
5231
5391
5226
6103
6109
5209
5495
5527
5772
5856
6083
6127
5209
6071
5657
5856
6048
6005
5533
5527
6089
6109
6109
6089
6127
5527
6048
5495
5811
6024
6004
5811
6027
5769
5657
5853
6004
5964
6020
5530
5527
5657
6110
5772
6020
5533
5220
5982
6002
6002
6002
5924
5834
5502
5982
5527
6109
5517
6110
5814
5477
5811
6002
5495
5726
5800
5209
5982
5159
5657
5724
5527
5947
6002
5527
5982
6103
5159
5527
5856
5310
5574
5726
5772
5856
5657
6019
6002
6024
5657
5800
6024
5231
6103
5805
5726
6024
5527
5310
6004
5832
5527
5832
6110
6004
5811
5495
5832
6005
6048
5574
6083
5310
5310
5391
5657
6020
6027
5495
5832
6005
6097
5832
5821
5527
6083
5856
6002
6020
5832
6002
5766
5832
5982
6020
5566
6002
5310
5566
5252
5278
5726
6039
5800
5856
5231
5772
6005
6109
5467
5226
5310
6029
5318
5724
5800
6103
5318
6127
5530
6005
5231
5796
5692
5422
5551
5226
5536
5391
5287
5231
6089
5391
5736
5657
6109
5391
5811
5527
5811
5391
5727
5231
6005
5982
6027
5625
6027
5414
5935
5821
6103
5821
5811
6004
5869
5725
5988
5724
5657
5811
5527
5495
5226
5805
5982
5414
5741
5200
5231
5772
6083
5800
5574
6029
5924
6048
5574
5231
5527
6083
5657
5527
6024
5635
5233
5701
5391
5524
5310
5772
5533
5805
5832
5982
5742
5706
5840
6073
6103
6109
6103
6004
5766
6050
5832
5772
5726
6048
5982
6024
5982
6127
5495
5856
5495
5310
5574
6097
5715
6110
5814
6024
5982
5288
6127
5159
5159
6005
5495
5811
6103
5391
6110
5566
5766
6127
5310
6005
5495
5811
5527
5310
5495
5982
5310
5310
5310
5726
5924
5766
6109
6004
5310
6002
6073
5159
5657
6103
6005
5766
6002
6109
5811
5159
6004
5158
5456
5574
5982
6004
5495
5766
6048
5856
6024
5982
5832
5805
5811
6048
5310
5310
6048
5310
6103
5495
6024
6048
6024
5862
5937
6109
5574
5766
5742
5310
6083
5924
5310
5982
5231
5574
5220
5726
5391
5800
5657
6109
5495
6110
6113
5495
5834
5527
5618
5724
5997
5724
5179
5318
5391
5947
5372
5745
5834
5533
5856
5772
6040
6103
5391
5310
5173
5287
5811
5288
5800
6113
5502
6044
5988
5502
5400
6083
5159
5231
5834
5635
5391
5811
5840
5772
5391
6051
5465
5772
6005
5834
5724
5524
5927
6113
5608
6029
6127
5205
5745
5856
5763
5820
5745
5266
6089
5904
5876
5399
6032
6083
5811
5536
5417
5574
5139
5192
5228
5459
5454
5371
5577
5927
5702
5142
6005
6119
5226
5233
5899
5205
5474
5625
5766
5814
5988
5250
5220
5805
5724
5445
5834
5226
5811
5502
5814
5495
6004
5533
6050
5657
5772
5724
5805
5724
5226
5222
6050
5614
5929
5231
5929
5503
6048
6048
5597
5503
5772
5231
5951
5140
5292
5766
5411
6089
5312
5929
5566
6071
5814
5929
5951
6101
6109
5587
5574
5159
6113
6002
5566
5379
5566
6032
6032
5292
5929
5431
5929
6103
6127
9224
6284
6556
6705
6160
6240
6778
7149
6621
6912
6556
7007
7155
6406
6537
6310
6642
6741
6571
6951
6674
6478
6778
6873
6534
7031
6794
6198
6907
6646
7047
7090
6969
6778
6953
6284
6556
7029
6264
6654
6290
6836
7064
6845
6487
6621
6784
6969
6607
6249
6631
6154
6776
6995
6778
6329
6836
6794
6649
6163
6284
6446
6471
6180
6631
6154
6542
6969
7002
6163
6322
6776
6487
6249
7031
6848
6383
6478
7067
6194
6827
7149
6621
6189
6329
7093
7029
7090
6185
6711
7149
7067
7025
7073
6185
6827
6784
6419
6768
6995
7115
6794
6649
6284
7139
7126
7067
6185
7090
6437
6759
6556
6530
7073
6776
6886
6995
7055
6958
7067
6530
6922
6437
6631
7067
6605
6556
6160
6912
6284
7126
7139
6649
6776
6649
6605
6556
6995
6827
6556
6579
6185
6163
6160
6556
7025
7159
7090
6778
7126
6228
7139
7007
6621
6827
6530
6556
6969
6185
7073
6912
6574
7073
6827
6995
7073
7029
6556
6322
6220
6969
6180
7044
6674
6322
7073
7115
6605
7031
6778
6649
6322
6240
6530
6621
6478
6621
6969
7007
6240
7100
7047
6827
6674
7002
6888
7115
6646
7119
6605
6478
6574
6185
7031
6530
6383
7073
6778
6776
6709
7073
7119
6478
7090
7155
6970
7073
6968
6745
6590
6542
7163
6778
7072
7139
6638
7093
6232
6760
6605
6552
7158
6329
6197
6290
6827
6705
7031
6922
7098
7147
6927
6649
6886
7029
6284
6284
7139
6238
7073
6154
6280
6163
7029
6848
7093
6322
6419
6322
7029
7139
6886
6827
6574
6556
6995
6329
6827
7090
6995
6605
6284
6556
6912
6776
6605
7149
6732
6862
6602
6204
6383
7000
6834
7126
6778
7073
6478
6934
7119
6279
6649
6995
6517
7029
7155
7093
6951
7155
7126
6855
6696
6185
6995
6631
6638
6605
7014
7047
7149
7149
7075
7081
6817
6970
6556
7073
7139
7090
7155
6154
6478
6154
6478
7047
6768
6646
6284
7007
6951
6240
6631
7155
6649
7073
6383
7047
6912
6845
7126
6556
7139
6776
7149
6776
7126
6969
6154
7155
6579
6574
6827
7149
6284
7155
6776
6185
7073
7119
6329
7126
7139
6621
6827
6621
6556
7014
6638
7126
6969
6995
6556
6649
6776
7025
6776
6621
7126
7029
6185
6969
7155
7067
7017
6899
6970
6406
6590
6478
6638
6478
6674
6705
6160
7072
6163
6585
6705
7093
7126
6284
6240
6776
6981
7126
6478
7029
7065
6544
6622
6776
7126
6146
6329
6995
6329
6509
6958
6542
7029
6354
6776
6951
7073
6329
6383
6776
7139
6154
6351
6927
6925
6605
6622
6240
6778
6776
6910
6240
6284
7115
6554
6940
6284
7047
6631
6154
6631
7090
6478
6848
6322
6918
6995
6437
6969
7047
6776
7139
6912
6478
6478
7149
7025
6284
6419
6530
6380
6240
6674
7073
7031
7155
6240
6827
7093
6827
6163
7149
6163
7002
6405
6556
6621
6185
6556
6481
6621
7155
6605
7029
6154
6154
6579
7047
6154
6579
6579
7155
6154
7047
7047
6403
6809
6768
7073
7126
6284
6837
7139
7029
6605
7126
6649
6621
6556
6198
6322
7072
6649
6621
7155
6579
6329
6649
6185
7075
6907
7047
6776
7025
6574
6827
6556
6284
7155
6556
7126
6579
6983
7073
6494
6240
6163
7149
6240
6240
6995
7073
6827
7002
7126
6621
6827
7139
6638
6776
7155
6163
7130
7155
6163
6649
6163
7073
7155
6556
6776
6185
6284
7029
6649
7155
6649
7029
6743
6534
7139
6945
6621
7155
6163
6154
6185
6827
6621
7047
6556
6776
7090
7155
6238
7073
7155
6284
6494
6646
7155
6827
6220
6867
6886
6333
6426
6711
7154
6492
6643
6827
6558
6931
6758
6556
6969
6758
6827
6621
6808
7072
6827
6834
6843
6975
6817
6648
6154
6499
6679
6931
6912
6912
6622
6203
7024
6163
6556
6530
7055
6827
6784
7139
6556
6621
7029
6848
6622
6383
7125
6329
7064
6925
6827
6322
7002
7067
6209
7138
6471
7159
6636
7145
6922
7100
7064
6156
6492
6543
6354
7164
6875
6748
6981
6392
7081
6357
6437
6189
6950
7131
6487
7090
6945
6285
6571
6323
6290
6995
6250
6910
6284
6585
6646
6531
6925
6938
6817
7073
7107
7047
6598
6969
6711
7029
7107
7008
6163
6854
7107
6925
6638
6785
6276
6148
7090
7107
7107
6931
6163
6888
6440
6264
6238
6557
6669
6690
6854
6252
7008
6854
7047
6817
6494
6938
6854
6845
6931
6776
6854
6478
6598
6854
7090
7008
6329
6931
7107
6788
6598
6931
6938
6284
7107
9225
7753
8076
7718
7532
8145
7612
8174
7183
7730
7246
7510
7246
7694
7667
7495
8148
7774
8181
7967
7737
7590
7989
7777
8076
7794
7574
7753
7715
7694
8183
7835
7411
7510
7923
7557
7730
8002
7293
8055
7718
7720
7574
7897
8106
7897
7533
7882
7612
8162
7796
7932
7574
7533
8076
8076
7923
7411
8076
7577
7897
7363
7951
7646
7864
8058
7796
8174
8004
8161
7715
7715
7730
8106
7897
7638
7940
7862
7796
8174
7923
7495
7923
7796
7897
7715
8145
7730
8181
8164
7940
7835
7940
8161
7940
7923
7652
8039
8093
8151
7940
7532
7577
7932
7940
8101
7694
8183
7796
7718
7969
7532
7524
7948
7533
7451
7282
8055
7730
7835
7290
7932
7940
8055
8162
7835
7796
7653
7967
7730
7718
7653
8028
7459
8002
7897
8076
7793
8145
7932
8028
8183
8183
7923
7950
7923
7445
8098
7416
7694
7694
7459
7715
7796
7715
7923
7282
7730
8162
7796
7950
7459
7730
8161
8145
7932
7730
8161
8076
7873
8142
8073
7835
7574
7411
7246
7720
7948
7728
7715
7963
7337
7730
8161
8106
8112
7911
8174
7796
8183
7753
7950
7326
7967
7532
7282
7282
7880
8162
7715
7911
7532
7753
7730
7796
7715
7246
8145
7865
7940
8076
8106
7948
7864
8183
7916
7760
7530
7687
7718
7796
7290
7715
7407
7815
7510
7755
8145
7531
7223
7340
7796
7879
8004
8076
7879
7932
7652
7632
7715
8034
7484
7699
7923
8064
8183
7796
7653
7806
8002
8002
7715
7533
7728
7612
8002
8030
7196
7696
7612
7924
7510
7720
7991
7632
7753
7916
7796
7924
7835
8064
7459
7916
8002
7730
7923
7943
7484
7586
7728
7322
8053
7632
7753
7835
7940
7880
7532
7532
7574
7202
7653
7968
7835
8055
7246
7275
7720
7411
7246
7835
7411
8151
7954
7671
7532
7574
7653
7954
8028
7445
8028
7924
8104
7411
8064
8183
7411
8145
7923
7574
7730
8021
7653
7718
7574
8076
7532
7796
7923
7924
8002
7923
8002
7796
8096
7796
7730
7653
7653
8002
8076
7940
7696
8076
7612
7916
7730
7612
7950
8183
7916
7796
7653
7940
8145
8028
7916
7932
7718
8076
7940
8183
8055
7653
8076
7940
7246
8076
7696
8028
8076
7459
7916
8145
8183
7950
7459
7730
8028
8002
8151
7528
8100
7816
7866
7202
7960
8091
8064
8165
7246
8002
7911
7879
7411
7912
7753
8004
8164
7940
7198
7794
7532
8055
8161
7524
7924
8087
8028
7715
8055
8107
7932
7963
8063
7653
7293
7903
8002
7718
7835
7525
7730
8162
8076
7950
7796
7715
7794
7842
7216
7282
7796
7793
7352
7715
7968
7740
7924
8055
7638
7932
8151
8102
7612
7940
7882
8076
7835
7950
7657
7459
8162
7653
7459
7228
8162
7694
7715
8162
7612
7694
7715
7932
7694
7528
7590
7862
7574
7282
8002
7730
7950
8183
7923
8076
8183
7923
7950
7621
7996
7574
8028
7694
7940
7632
7923
7916
7730
7932
7950
8064
7923
8106
7730
7653
7940
7916
7532
8145
7653
7646
7625
8093
7574
7950
8028
8181
7653
8183
7459
7533
8162
7696
7696
7794
8162
8021
7574
7940
7932
7612
8021
7718
7916
8145
7963
7730
8068
7653
7916
8145
7916
7950
7940
8145
7653
7932
7740
7173
7282
7730
7916
7796
7940
7612
8104
8076
7653
7576
7968
7632
7940
8145
8021
7923
7696
7916
7532
7730
8162
7932
7923
7612
8068
7940
8055
7916
8076
7940
7950
7730
7950
7669
7356
7557
8106
7203
7916
7916
7715
7720
8145
7950
8093
7730
8055
7532
8151
7291
7950
7796
7940
7532
7533
8002
7411
8162
8147
7678
7820
7730
7845
7873
7246
7992
7905
7528
8104
7652
7574
8063
7209
7828
7678
7835
7532
7246
7961
7612
7528
8039
7904
7628
7774
7200
7577
7528
7803
7294
8165
8021
8101
7796
7715
7528
7753
7678
7950
7528
7932
7932
7293
7829
7941
7530
7308
8112
8112
7764
8053
8107
7472
7912
7735
7292
8138
7532
7660
7949
7411
7510
8039
8104
8102
7613
8024
7374
7270
7532
7777
8039
7553
7835
7524
8053
8125
8164
7574
7492
8075
7432
8030
8101
7528
7835
7564
8123
7924
7996
8042
7191
8158
7532
8034
7796
7548
8162
7621
7793
7864
8177
7495
7796
7897
7646
7590
8151
7796
7715
7912
7632
7796
7961
8002
7646
7970
7612
7586
7884
7906
7484
7963
8055
7961
8034
7935
7663
7852
7754
7967
7246
8093
7411
7258
7766
8042
8106
7592
8042
7533
8151
7528
7923
7916
7954
7246
7774
7764
8042
8181
9226
8438
8234
9170
8429
9129
8507
8507
9051
8891
8664
8585
9037
8963
9067
8482
8372
8839
8234
8712
8621
8234
9153
8751
8602
8535
9211
8575
8234
8850
8839
8527
9211
8585
8852
8204
9051
8585
8714
9014
9095
8913
8342
8507
8750
8863
9027
8820
8893
8546
9027
9139
8667
8234
9139
8751
8365
8608
8438
8575
9180
8435
8583
8234
9181
8596
8602
8892
8736
9114
8234
8790
9210
9043
8507
8432
8507
8507
9010
8754
8842
8726
8892
9027
8507
8712
8697
8402
8507
8839
9211
8820
8402
8602
8365
8839
8712
8228
8669
8751
8667
8667
9210
9051
8820
9181
9091
9051
9181
9027
8764
8782
8507
8402
9027
8602
8814
9129
9158
8820
9211
8507
9027
9123
8330
9123
9210
9123
8667
8862
8998
9027
9167
9020
9167
8750
8365
8712
8535
9204
8365
9020
8667
9129
9020
8726
8903
8741
9070
8507
8862
8892
9123
9123
9091
8507
9211
8204
8507
8234
8575
8514
9129
8750
8893
8893
9027
9211
8575
8751
8328
9181
8555
8664
8862
8712
8518
8726
9139
9181
9196
8234
8712
8883
9020
8302
9022
9129
9139
8893
9072
8585
8507
8831
8606
9020
8535
9132
8507
9132
9132
9181
8514
8535
8667
9181
8365
8667
9205
8852
8365
8667
8593
8809
8726
8514
9162
8328
9121
8507
8425
9010
8720
8330
8527
8507
8621
8507
8445
8722
8809
9020
8950
8330
8585
8647
8602
8814
9211
8679
8731
8330
8208
8893
8372
8514
8820
9024
9123
8299
8750
8950
8429
9010
8507
8235
8438
8820
8755
8247
8814
8893
9181
9210
8667
8852
8893
8514
9020
9210
9129
9204
8893
8820
9204
9181
8664
8426
8661
8864
9067
8234
8365
8726
8647
8514
8664
8839
8620
8664
8831
8507
9139
8631
9020
8852
8820
9181
9139
8664
8520
9171
8893
8750
8814
9123
8602
9181
9020
8726
9051
9010
8620
8330
8750
8647
8726
8372
9129
9020
8820
9123
8750
9157
8814
8862
9027
8507
8585
8507
9149
8585
8820
8507
8936
9204
9181
8820
9181
9091
8892
8820
8893
9123
8429
8750
8893
8664
9139
8710
9204
8893
9129
9010
8820
8750
9051
9211
8750
9091
8839
9027
8726
8365
9210
8507
8425
8602
8820
8602
8667
9123
8814
8893
8893
8726
8893
9123
8750
9211
8726
8893
9027
8255
9171
9132
8906
8631
8514
8885
8365
9051
8892
8204
9139
9181
8204
8535
8839
8602
8936
8585
8247
8365
8507
8514
8507
8770
9046
9037
8751
9123
8754
8585
8538
8820
9204
8831
8621
8750
8585
8208
8712
8839
9181
9020
8750
8839
9010
8634
8877
9180
8984
8208
8960
8575
8365
8826
8208
8507
8507
9123
9154
8507
8702
9211
8712
9181
8507
9051
9139
8602
9129
8712
9196
8845
8575
8204
9123
9181
8602
8820
9210
8726
8697
8459
9204
8535
8646
8852
8551
9139
8750
8750
8234
8726
8664
8893
8667
8575
8915
9022
9123
8782
8507
8750
9010
9181
8501
8535
9020
8208
9139
8667
9181
8429
9181
9139
8365
9027
8365
9027
8491
8444
8782
8792
8694
8602
8575
8575
9020
8429
8507
8535
8998
8750
9118
8507
8501
9129
8893
8429
9010
8575
8664
9204
9010
8893
9051
8820
8820
9181
8429
8575
9204
9020
9181
8365
8575
8892
8208
8751
9211
8892
8247
8535
8507
9051
8893
9132
8979
9139
8664
8726
8507
8507
9181
8667
8514
9020
8820
8664
9204
8575
9010
9123
8862
9091
8575
8893
9129
8820
8667
8750
9129
8613
8501
9123
9022
9123
9181
8820
9029
8750
9204
9211
9167
8820
9204
8514
8429
9010
9210
9091
9123
8425
8444
9089
9089
8602
8906
8960
9101
9196
9089
9132
8915
8631
9051
9010
8751
8892
9027
8372
8602
9027
8507
8489
9128
8208
8755
9089
8444
8605
8557
8234
8816
8605
8892
8988
9118
8662
8786
8546
9157
8650
8426
8575
9196
8820
8372
8365
8425
8893
8501
8859
8950
8974
8913
8365
9022
8969
8425
8671
8753
8535
8620
8814
8625
8821
8621
9210
8365
9172
9089
9089
8735
9039
8963
8507
9189
8305
8549
8831
8735
8566
8442
8751
9027
9089
8819
8890
8432
9089
9210
8892
8757
9188
8790
9208
8429
8667
8708
8484
8472
8538
9116
9210
8647
9205
8647
8575
9089
8760
8814
8760
9047
8631
9118
8803
8484
8862
9139
9204
8839
8831
9118
8851
8354
9205
9043
8538
8622
8538
8602
8585
8594
9139
8547
8538
8845
8942
8735
8365
8483
8602
8602
8444
8621
9181
8608
8491
9027
8984
9037
8792
8851
8354
9204
8327
8575
8434