9217
9218
300
690
189
843
565
906
347
347
285
19
216
290
524
398
936
19
290
870
666
42
936
414
404
870
42
268
868
57
819
502
565
87
47
381
798
285
87
47
443
216
982
1
8
47
414
347
798
268
624
715
189
189
873
100
609
428
428
428
714
47
381
982
870
268
936
578
216
26
502
565
87
295
414
347
285
106
888
690
189
843
100
609
414
381
347
285
333
468
690
189
100
873
609
636
428
428
268
936
906
404
870
268
268
578
216
26
26
502
87
295
414
381
87
285
19
216
290
982
31
658
295
47
347
87
742
251
468
290
26
100
344
906
347
428
886
428
854
414
404
982
268
578
216
26
97
502
87
47
381
87
285
742
19
216
690
843
100
165
906
404
347
285
742
19
477
26
982
742
742
19
477
347
428
936
906
477
658
31
42
217
578
819
26
502
124
87
47
347
113
344
798
47
477
982
398
683
19
690
189
843
873
854
906
404
826
826
207
904
414
676
398
936
578
216
290
524
565
565
906
851
982
502
87
47
414
124
826
8
936
468
690
189
843
100
906
72
964
398
398
798
414
404
398
398
398
19
216
144
826
207
826
851
16
851
16
207
16
904
398
106
906
144
587
285
62
87
113
904
398
798
352
826
826
826
826
124
194
124
989
398
16
398
943
748
404
428
428
428
428
428
428
428
798
95
851
826
826
207
333
468
121
365
365
87
87
87
347
587
798
798
251
468
715
189
843
100
609
347
285
8
936
231
715
189
843
100
873
428
428
428
428
428
636
824
870
714
268
194
868
751
739
502
87
124
124
87
285
124
285
295
904
798
683
147
957
777
208
208
33
8
703
268
1001
624
121
365
365
226
62
324
342
208
62
285
295
499
551
299
31
714
140
748
593
502
87
87
87
87
285
428
798
798
798
748
593
285
87
87
87
113
285
505
742
333
231
715
365
223
873
100
324
428
428
428
428
824
428
428
714
345
403
414
404
822
714
658
636
10
285
285
742
868
57
739
524
194
565
636
587
285
33
8
624
715
189
65
843
873
609
347
347
428
285
854
414
147
676
742
810
578
819
502
184
565
565
587
285
33
798
936
231
715
189
843
873
873
87
347
347
285
798
624
121
365
365
940
324
428
324
428
324
428
658
824
714
428
714
299
824
272
9219
1426
1759
1759
1995
1317
1155
1924
1317
1807
1924
1334
1981
1924
1815
1396
1925
1694
1981
2025
1155
1995
1995
1764
1396
1589
1895
1884
1884
1232
1232
1777
1995
1764
1777
1995
1981
1777
2000
1981
1777
1626
2017
1331
1694
1981
2023
1924
1334
1981
1723
1884
1884
1903
1515
1924
1456
1690
1924
1815
1317
1232
1924
1884
1981
1924
1232
1349
1371
1653
1723
1456
1232
1232
1795
1779
1974
2007
2007
1299
2007
2007
1481
2046
1895
1682
1991
1481
2046
1991
1589
1801
2025
1317
1884
1347
1589
1115
1895
1560
1694
1188
1298
1924
1181
1835
1155
1924
1188
1807
1924
1181
1981
1777
1815
1857
1525
2007
1054
1547
1317
1835
1924
1317
2025
1801
1815
1188
1155
1924
1981
1237
1779
1974
1317
1299
1895
1905
1589
1347
1720
1991
1807
1589
1895
1481
1991
1884
1801
1349
1895
1720
1995
1884
1622
2025
1867
1217
1188
1115
1777
1334
1188
1155
1924
1181
1764
1155
1924
1188
1155
1924
1181
1828
1481
1622
1155
1924
1895
1777
1924
1368
1155
1653
1884
1981
1899
1653
1981
1777
2014
2007
2007
2025
1995
1981
1160
1345
1160
1991
1481
1248
1345
1160
1991
1903
1884
1807
1155
1653
1981
1155
1924
1664
1720
1694
1981
1981
1298
1780
1181
1835
1720
1694
1188
1155
1924
1181
1248
1903
1409
1426
1759
1317
1981
1777
1815
1981
1720
1884
1995
2025
1924
1895
1884
1622
1626
1216
1924
1181
1777
1515
1349
1345
1777
2032
1481
1317
1481
1777
1884
1515
2046
1924
1815
1981
1777
1924
1981
1155
1924
1959
1993
1188
1331
1924
1181
1835
1924
1694
1981
1777
1924
1981
1884
1884
1903
1394
1991
1777
1232
1232
1515
1981
1777
1175
1222
1682
1589
1317
1884
1720
1054
1981
1801
1884
1884
1232
1155
1995
2025
1995
2000
1349
1807
1589
1903
1160
1723
1896
1291
1720
1884
1884
1981
1155
1924
1349
1807
1924
1653
1981
1835
1720
1653
1188
1155
1801
1181
1981
1924
1884
1981
1155
1694
1525
1682
1966
1815
1317
2025
2025
1788
2025
1589
2000
1589
2000
2034
1589
1895
1884
1884
1777
1924
1884
1991
1232
1232
1867
1216
2025
2025
1349
1903
2000
1903
2000
2000
1903
1777
1884
1334
1981
1777
1884
1981
1232
1232
1232
1232
1788
1981
1155
1653
1981
1155
1924
1981
1628
1924
1884
1981
1777
1653
1232
1232
1232
1653
1981
1232
1653
1981
2000
1924
2000
1981
1252
1653
1981
1628
1252
1456
1628
1232
1628
1924
1748
1232
1653
1723
1515
1723
1456
2000
1723
1515
1628
1723
1515
1858
1252
1653
1748
1252
1653
1748
2023
1252
1867
1525
1592
1610
1993
1291
1720
1759
1664
2046
1801
1481
1807
1801
1815
2035
1481
1349
1161
1525
1291
1720
1682
1291
1287
1759
1481
1835
1899
1815
1188
1720
1815
1317
1357
1372
1985
1985
2007
1703
1599
1892
2032
2008
1682
1682
1892
1682
1481
1426
1886
1481
1991
1720
1759
1905
1481
1801
2035
2035
1835
1159
1780
1188
1835
1780
1181
1835
1720
1775
1188
1160
1694
1188
1835
1924
1481
1248
1903
1160
1397
1659
1349
1777
1653
1317
1777
1924
1317
1155
1924
1589
1807
1777
1371
1394
1993
1739
1425
1838
1610
1993
1452
2032
1759
1452
1764
2046
1759
1481
2046
1925
1481
1317
2035
1759
1991
2028
1777
1801
1481
2046
2035
1815
1291
1835
1780
1588
1835
1720
1694
1188
1720
1759
1188
1835
1924
1481
1991
1903
2046
1903
1188
1835
1924
1181
1835
1777
1694
1188
1720
1924
1481
1835
1924
1368
1991
1903
1671
1592
1938
1936
1985
1940
1966
2007
1886
1945
2032
1857
2032
2035
1682
1991
2035
2046
2035
1481
1991
1481
1905
1955
1815
2038
2035
1481
1949
1181
1835
1720
1815
1317
1155
1801
1317
1835
1924
2028
1991
1557
1782
1291
1835
1759
2035
1317
1807
1924
1815
1188
1835
1924
1317
1835
1924
1694
2002
1972
1945
1035
1291
2007
1035
2028
1960
1720
1743
1188
2046
1991
2008
2046
1955
1535
1788
1905
1759
1966
1481
1991
1564
1782
1291
1835
1780
1588
2017
1331
1780
1291
1835
1759
1481
1835
1607
1777
1317
1087
1975
1918
1849
1835
1759
1588
1291
1720
1759
1188
1835
1759
1481
2046
1801
1481
1686
1425
1396
1838
1216
1564
2006
2032
1886
2046
2032
1481
2046
2035
2028
2035
1481
2046
1886
2046
2046
2035
1368
1991
1299
2046
1788
1291
1720
9220
2644
2631
2701
2591
3044
2638
2320
2564
2800
2993
2350
2883
2976
2860
2681
2800
2971
2789
2484
2937
2942
2869
2351
2681
2253
2330
3039
2985
2421
2330
2945
2314
2811
2135
2889
3012
2564
2877
2564
2564
2949
2801
2325
2949
2869
2097
2564
2330
2351
2945
2813
2612
3012
2942
2868
2869
2944
2777
2579
2907
2883
2945
2801
2564
2644
2889
2945
2944
2788
2644
2942
2907
2944
2529
2646
2347
2989
3050
2608
2738
3032
2470
2095
2470
2738
2860
2860
2330
2352
2907
2788
2985
2976
2883
2985
3009
2800
3009
2257
2350
3008
2347
2986
3017
2869
2097
2889
2937
2097
2985
2944
3012
2097
2694
3042
2320
3000
2579
2608
2818
2470
2095
2860
2907
2411
2048
2048
2048
2942
2727
2625
2594
2133
2133
2296
2156
2320
2604
2714
2608
2608
2245
2626
2608
2887
2868
2787
3028
2579
2965
2860
2945
2800
3032
2694
3042
2170
3009
2883
2942
2949
3032
2944
2649
3032
2868
2097
2953
2216
2314
2942
2788
2681
2135
2135
2788
2694
2945
2944
2889
2478
2443
2813
2274
2944
2478
2314
2945
2531
3041
2170
2989
2869
2945
2619
2470
2168
2225
2928
2506
2253
2976
2942
2868
2944
2925
2696
2788
2097
2330
2944
2564
2889
2788
2992
2429
2788
2925
3032
2478
2859
2463
2612
2453
2788
2945
2677
2788
2691
2884
2712
3044
2701
3044
3008
2608
2156
2544
2986
2837
2608
2976
2627
2748
2478
2869
2868
2253
3008
2907
2942
2887
2868
2748
2248
2549
2224
2883
2945
2452
2330
2787
2942
2443
2944
2944
2889
2942
2777
2976
2735
2631
2818
2883
2986
2677
2644
2942
2274
2564
2564
2647
2813
2209
2177
2944
2531
2850
2735
2314
2097
2985
2942
2942
2591
2928
2484
2048
2048
2883
2531
2944
2944
2156
2156
2608
2156
2787
2097
2905
2787
2535
2942
2262
2979
2564
2478
2564
2619
2672
2544
2986
2325
2253
2735
3008
2735
2735
2874
2942
2330
3000
2126
2925
2644
2788
2691
2677
2097
2905
2897
2944
2944
2859
3028
2815
2945
2352
2352
2352
2296
2942
2907
3044
2800
2907
2320
2608
2608
2320
2470
2276
2944
2869
3007
2753
2877
2748
3042
2868
2989
2649
2990
2942
2579
2564
2877
2905
2564
2564
2177
2905
2944
2735
2535
2945
2883
2985
2325
2097
2453
2907
2964
2925
2564
2777
2564
2897
2883
2813
2274
2944
2944
2945
2907
2985
2177
2619
2905
2411
2942
2644
2883
2644
2889
2564
2564
2564
3023
2944
2314
2627
2944
2944
2945
2330
2735
2964
2612
2942
2942
2612
2942
2274
2813
2564
2564
2813
3023
2944
2162
2531
2945
2735
2985
2735
2411
2443
2823
2830
2956
2608
2529
2470
2585
2860
2857
2883
2817
2887
2452
3041
2944
2694
2989
2985
2908
2133
2428
2133
3069
2552
2253
2300
2800
2330
2976
2296
3017
2544
3008
2813
2915
2646
2655
2268
2470
2575
2699
2682
2470
2260
2612
2813
2860
2452
2791
2628
2162
2628
2883
2800
2990
2889
2883
2800
3008
2762
2150
2088
2552
2619
2097
2443
2877
2317
2691
2986
3059
2788
2748
2877
2989
2277
2801
2976
2735
2478
2986
2649
2907
2619
2877
2928
2883
2818
2649
2330
2937
2889
2841
2564
2748
2168
2162
2681
2563
2529
2529
2225
2274
2964
2225
2612
2162
2528
2452
2869
2788
2964
3028
2529
2411
2649
2276
2484
2314
2644
3028
2990
2452
2117
2813
2601
2788
2771
2314
2528
2748
2813
2748
3069
2877
2612
2277
2274
2484
2649
2897
2452
2813
2990
2467
2925
3023
2788
2748
2813
3023
2735
2801
2825
2277
2350
2484
2735
2202
3011
2296
2701
2208
3032
2320
2284
2918
2284
2161
2649
2860
2119
2209
2735
2352
2253
2818
3055
2800
3008
2748
2224
2800
3008
2330
2989
2544
2619
2478
2544
2818
2937
2330
2443
2225
2989
2277
2801
2907
2086
2794
2801
3032
3032
3008
2484
2411
2874
2564
2777
2544
2925
2350
2813
2883
2976
2252
3001
2986
2869
2992
2818
2817
2626
2277
2330
2860
2090
3008
3008
2307
2510
2162
2185
2544
2459
3000
2224
3008
2506
3069
2794
2869
2219
2986
2620
3032
2467
2740
2801
2788
2964
2147
2889
2964
3008
2777
2965
2464
2333
2682
2470
2800
2168
2968
2421
2714
2277
2429
2791
2889
2983
2156
2800
2857
2353
2412
2964
2097
2314
2529
2612
2529
2925
3032
2897
2990
2800
2989
2314
2135
3059
2968
2649
2964
2877
2777
2544
2649
2777
2262
2544
2945
9221
3104
3313
3647
3828
3891
3533
3764
3909
3715
3952
3530
3530
3891
3478
3887
3403
3699
3268
3585
3974
3942
4079
3653
3942
3747
3428
3891
3869
3976
3893
4061
3310
3708
4079
4079
3198
4061
3880
3921
4004
3747
3880
3742
3935
3952
3747
4072
4079
3951
3904
3901
3111
4052
3891
4079
3935
3891
3747
3585
3719
3782
3824
3843
3949
3843
4079
3876
3782
3747
4061
4072
3904
3782
3413
3894
3488
3995
3810
4033
4094
3924
3764
4088
3985
3824
3777
3111
3928
3901
3978
3237
3974
3929
3843
3883
3843
4079
3880
3478
3585
3304
3950
3606
4039
3884
3747
3237
4072
3727
3284
3377
4088
3997
3935
3795
3511
3965
3109
3198
3778
3856
3747
3672
3928
3420
3987
3747
3987
3843
3880
3083
3700
3126
3843
4008
3171
3843
3810
3715
3880
3088
3259
3633
4052
3778
3778
3782
3325
3928
3824
3790
3919
3672
3690
3740
3073
3377
3202
3747
3237
3310
3868
3467
3880
3966
3270
3880
3772
3901
4079
4061
3824
3739
3251
3098
3577
3901
3555
3704
3747
3158
3585
3869
3526
3333
3904
4079
4054
3782
3288
3373
3500
3109
3530
3893
3237
3647
3744
3935
3270
3464
4054
3843
3904
3843
3810
4052
4079
3725
3952
3909
3804
4079
3182
3824
3982
3747
3333
4079
3284
3284
3665
4054
4087
3839
3987
3868
4087
3778
3699
3431
3733
3095
4094
3726
3935
3530
3952
3778
3259
4030
3935
4087
3942
3500
3623
3530
3893
3495
3928
3919
4053
3772
3951
3352
3787
3914
3577
3904
3647
4055
4079
3284
3088
3268
3782
4079
3880
3340
3935
3585
3623
3495
3511
4087
4079
3935
3782
4079
4088
3495
3982
3880
4039
3454
3804
3868
3893
3891
3891
3887
4087
4087
4087
3558
3517
3843
3919
3919
3843
3843
3843
3810
3751
3915
4087
4094
3175
4090
3778
3887
3778
3413
3933
4039
3778
3834
3778
3307
3094
3467
3388
3647
3437
4087
3935
4042
3893
3843
3839
3839
3824
4079
3632
3704
4079
4016
3747
3652
4039
3111
4054
3824
3557
4094
3805
3234
3745
3595
3511
3526
3843
3843
3704
3726
3810
3300
3235
4052
4087
3804
3778
3904
3633
3530
3724
3869
3904
3876
4084
3987
3284
3111
4079
4005
3284
3313
3919
4039
3747
3880
3682
4087
4052
3952
3804
3782
4087
4087
4079
3327
4087
3966
4079
4087
4079
4061
4052
4042
3824
3880
4087
3698
3966
4052
4087
3095
3935
3724
3887
4087
3268
4008
3270
3982
3824
4088
4087
4087
4087
3952
4087
4087
4087
3674
3782
3198
3901
3839
3987
4008
4079
3997
3782
4079
4087
3904
3747
3904
3904
4088
4088
3727
3868
3935
3893
3935
4077
3296
3335
3780
3104
3403
4077
3778
3804
3504
3950
3420
3890
3893
3843
3843
3935
3843
3935
3504
3094
4013
4013
4091
3185
3301
3824
3428
3884
3843
3966
3619
3843
3810
3335
3177
3492
3756
3120
3542
3235
3862
3506
3985
3777
4039
3777
3869
3843
3974
3248
3352
3136
3976
3304
3843
3862
3325
3673
3880
4079
3736
3506
3987
3982
3839
3542
3869
4088
3777
3094
3577
3782
3557
3368
3952
3952
3909
3876
3782
3740
3231
3231
3843
3764
3966
3674
3437
3843
3777
3739
3522
3929
3530
3987
3880
3987
3506
3280
3213
3674
3557
3967
3940
3104
3206
3976
3997
3642
3647
3802
3447
3284
3843
3904
3891
3115
3890
3901
3951
3437
3893
3891
4087
3413
3924
3966
3760
3966
3304
3810
3904
3437
4030
3437
3985
3437
3698
3500
3880
3437
3824
3437
3284
3891
3237
3377
3987
3839
3136
3437
3839
3437
3966
3437
3929
3982
3929
3409
3651
3462
3403
3104
3333
3739
3740
3884
3270
3409
3547
3530
3672
3839
3933
3413
3111
3839
4091
3869
3777
3951
3198
4094
3760
3839
3764
3325
3526
4038
3929
3987
4042
3511
3966
3965
4036
3839
4039
3966
3891
3932
3943
3976
3555
4039
3440
3839
4095
3672
3304
3933
4052
3782
3747
3763
3437
3893
3817
3592
3810
3757
3757
3261
3715
3109
3812
3740
3760
4094
3261
4095
3869
3437
3521
3822
3413
3096
3935
3237
4036
3551
3932
3976
3818
3952
3933
3787
3950
3243
3915
3237
3284
4054
3982
3284
3674
3880
3869
3514
3333
4013
3628
3237
4013
3088
3928
3974
4032
3843
3843
3822
3810
3891
3671
3951
3651
3213
3231
3265
3641
3530
4033
3587
3764
3623
3735
3887
3580
3437
3982
3284
3413
4093
3437
3136
3413
3804
3198
3136
3950
3136
3933
4072
3284
9222
5068
4411
5077
4800
4862
4625
4747
4150
5031
4625
4760
5029
4853
4654
5033
4860
5056
4132
4864
5049
4661
5041
4906
4719
5087
4170
4835
5115
4150
4927
4221
4835
5110
4821
4120
4150
4150
5041
4436
4835
4589
5056
5115
4384
4853
4903
5118
5009
4950
4926
4384
4221
5110
5115
4384
5012
4927
5099
4875
4131
4720
4864
5114
4949
4830
4889
4488
4170
5094
4926
4654
5094
4860
4891
4384
4529
4720
4624
4950
4985
4985
5095
4501
4814
4456
4972
4221
4484
4332
4961
4334
4681
4488
4835
4119
4615
4456
5077
4498
4934
4962
4625
4170
4926
4810
4150
4864
5052
4955
4150
4221
4150
4862
4150
4198
4938
4170
4221
4934
4977
5094
4132
4720
4170
5112
4985
5115
4830
4931
4640
4813
4759
4645
4977
5094
5094
4864
4862
4170
4955
4601
4961
4955
4830
5094
5118
4431
4938
4985
5018
4185
4985
4985
4919
4919
5099
4733
4749
4830
4919
4919
4934
4593
4519
4830
4931
4853
5110
4852
4942
4431
4926
4717
4255
4524
4949
4856
4934
4755
4985
4170
4755
4733
4950
5058
4678
4955
4170
4449
4845
4864
4608
4927
4962
4985
4625
5112
5059
5012
4624
4431
4962
5110
4132
4829
4934
4560
4411
4955
4170
5118
4625
4274
4554
4839
4835
4950
4477
5094
5114
4170
4460
5110
4150
4934
4615
4150
4977
4962
5068
4145
5058
4489
4397
4931
4705
5079
4150
4643
4170
4345
4170
4436
4985
4460
4465
5112
5094
4477
4546
4625
4589
4625
4145
4170
4733
5056
4771
4862
4784
4201
4201
5059
4835
4625
5114
4830
4830
4170
5118
4970
4733
4221
5009
5118
4829
5094
4625
4983
5058
4484
5029
4460
4858
5052
5110
4384
5058
5049
4853
4332
4955
4955
4862
4101
4559
4906
4384
4919
4906
4460
4615
4431
4221
4864
4654
4494
4178
4494
4905
4800
4170
4120
4972
4985
4747
4919
4625
5087
5018
4985
4624
4200
4431
4497
5049
5049
5054
4184
5029
5052
5008
4349
4654
4170
4494
4862
4494
4494
4460
4494
5115
5049
4625
4890
4251
4949
4908
4676
5029
4200
4983
4127
4119
5079
4747
4829
4411
4460
4985
4770
4654
4985
5095
5115
4119
4436
4955
4119
5041
4921
4864
4494
4494
4619
4494
4810
4950
4494
4494
4414
4460
5115
4853
4494
5049
4332
4955
4810
4800
4970
4120
4120
4494
4170
4830
5052
4436
4460
4460
4962
4962
4800
5029
4853
4853
4494
4332
4170
4494
4494
5052
4830
4494
4460
4962
5114
5114
5052
5114
4332
4770
4853
5110
4934
4601
4170
4927
5114
5110
4494
4955
4919
4962
4934
4889
5015
4889
4860
5012
5052
5058
4494
4494
4494
5015
4494
4983
4983
5071
5062
4127
4167
4774
5105
4696
4332
4510
4860
4334
5015
4374
4862
4755
4625
4625
4304
4593
4759
4350
4894
4817
4448
4961
4755
4407
5114
4755
4304
5114
4906
5110
4764
4907
4125
4914
4817
4706
4864
4426
4676
4985
4869
4170
5077
4771
4931
4619
4792
4334
4950
4972
4384
4119
4145
4817
4961
5059
5006
4754
4782
4955
4627
4757
4643
4150
4681
4184
4860
4972
4456
4150
4315
4221
5041
4860
4197
4955
4364
4895
4747
5058
4771
4889
4384
4625
4170
4201
5029
4905
4983
4460
5015
5012
4384
4970
4341
4583
4711
4414
4120
4681
4500
4973
4961
4876
4460
4771
4704
5052
4853
4938
4895
5029
4615
5020
4456
4763
4114
4620
4484
4153
4334
4131
4554
4511
4150
4533
4456
4170
4893
4770
4460
4510
4456
5077
5058
4955
4955
4955
5087
4955
5114
4681
4456
4624
4624
5110
4456
4720
4456
4950
4431
4119
4919
4860
4562
4137
4534
4665
4994
4150
5115
4985
4843
4897
4221
4681
4961
4119
4949
4132
4157
5029
4410
4681
4950
4953
4127
4119
4621
4388
5058
4119
4962
4624
4950
4119
4460
5029
4460
4894
4145
4894
4889
4278
4127
4656
4678
4503
4860
4705
4624
5058
4810
4456
4676
4771
5110
4771
4337
4510
4705
4456
4960
4645
4894
4873
4494
4860
4865
4905
4826
4915
4554
4751
4948
4720
4961
4559
4860
4625
4418
4876
4876
5008
4905
5095
4814
4869
5029
4117
4860
4860
4615
4477
4119
5109
4821
4384
4711
4643
4751
5012
4771
4418
5026
4853
5077
4638
4484
4604
5107
4374
4864
5011
4860
4170
4711
4384
4305
4150
4122
4897
4542
4997
4411
4402
4246
4127
4972
4335
4384
4625
4888
4519
5094
4558
4120
4460
4985
5118
4681
4720
5077
4374
4955
4508
4835
4791
5118
9223
5120
5170
5481
5200
6032
5333
5829
6085
5764
6005
5702
5433
5517
5951
5658
5663
5980
5498
5951
5391
5574
5814
5701
5268
5731
5951
5159
6020
5566
6024
5391
6050
6040
5574
5310
5231
6083
5209
5459
5231
5498
6017
5310
5574
5530
6024
6103
5456
6020
6083
5726
5226
5173
5814
6048
6024
6103
6004
6110
5702
5834
5912
5982
5805
5159
6050
5517
5527
6002
5226
5209
5391
6020
5922
5141
5914
5657
5931
5446
6042
5899
6103
5414
5262
6127
5856
5281
6005
6059
6040
5716
5986
5142
5220
6110
5498
5692
6020
5819
5457
5800
5575
6004
5533
5772
6127
5498
5805
5834
5931
5964
5465
5527
5374
5156
5727
5690
5287
6085
6005
6085
5724
5773
6040
5367
6005
6083
5159
5220
5489
5566
5126
5252
5530
6059
5773
6059
6097
6097
6042
5131
5724
5761
5473
5313
6002
5726
5209
5796
5947
5879
6103
5725
5701
5209
6069
5955
5657
5772
5800
5477
5805
5726
5834
5281
5980
6089
5502
6048
6029
6109
5805
5673
6097
6032
5805
5527
5856
5209
5231
6024
6020
5527
5209
5924
6048
5805
5231
5318
6058
5595
5373
5724
5563
5245
5318
5159
5533
5805
5805
5840
5805
5533
6085
6005
5421
6097
5614
5533
6097
5635
5209
5293
5367
5931
5701
6020
5178
5814
5533
6066
5635
5209
5800
5159
5577
6024
5635
6004
5952
5305
5805
5644
6069
5374
6109
5947
5931
5726
5209
5379
5820
6020
5731
5517
5473
5274
6103
5805
6048
5231
5726
5982
6024
5927
6019
5135
5388
5414
5457
6048
5805
6059
6069
5778
6004
5209
5533
5698
5220
5947
5533
5844
6103
6050
6040
5772
5856
5805
5747
6029
5514
5901
5726
5577
5457
6097
6097
6032
6103
5982
5614
6083
5869
5896
5160
5502
5835
5577
5574
6048
6097
5951
5747
5890
6089
6048
5814
6127
5412
5574
6089
6110
5530
5530
5747
5997
5514
5498
6133
5502
6029
5805
6059
5796
5772
5805
5869
5231
6005
6097
5574
5951
5899
6097
6020
5331
6069
5796
5707
5514
5988
6017
6048
6092
5657
5947
5220
5724
5704
6083
6029
6028
5318
5533
5726
5527
6109
5293
5947
5183
5434
5726
5498
5231
6085
5766
5498
5135
6029
5772
6083
5220
6069
5805
5574
5834
5159
6048
6071
5766
5159
5821
5839
5805
5821
6110
5924
5747
5209
5482
6020
5473
5533
5574
6085
5231
5856
6004
6004
6083
5924
5982
5514
6024
5982
5741
5123
5956
6083
6127
6071
5821
6063
6127
5839
6004
6024
5527
5766
6048
5726
6004
6083
6073
5665
6024
6083
6020
5856
5310
5982
5856
6002
6103
5982
5924
5982
6040
5527
6024
6005
5856
5527
6103
6005
5856
5495
5473
5323
6011
5769
5943
5537
5863
6005
6012
6133
5947
5159
5805
5220
5811
5805
5726
6097
5262
6140
5915
6101
5657
5685
5715
5477
5813
5805
5159
5629
5767
6119
5930
5503
5565
5421
5610
5429
6122
5305
5657
5268
5203
5159
5590
5542
5159
5187
5657
5988
5704
5431
5268
5839
5179
5233
5498
5272
5721
6109
5495
6032
5951
5272
5951
5724
5884
5673
5312
6083
5856
5481
6083
5869
5832
6087
6020
5333
5228
5772
5924
5555
5924
6109
6087
5474
6097
5715
5209
5724
5772
5310
5266
5772
5502
5495
5406
5663
5313
5931
5415
5320
5820
6012
5453
5812
5834
5391
6005
5724
6089
6073
6071
5595
5457
5474
6010
5209
6039
6042
5809
5231
5816
5672
5475
5964
5816
5384
5225
5183
5840
5814
5498
5596
6083
6019
5456
5310
5125
5527
5278
5495
6020
5884
5283
5318
5533
5333
5773
5414
5839
5209
5498
5159
5766
6103
5473
5318
5983
5992
5544
5895
5426
5786
5324
5131
5229
5393
6119
6017
5809
6019
5964
5382
6085
6097
6110
5745
5536
5778
5929
5644
5808
5530
5498
6007
5331
6029
5644
6083
6140
5333
5456
5429
5159
5372
5834
5159
6050
5209
5803
5517
6017
5340
5761
5409
5220
6110
5672
6020
6083
5220
5533
5532
5579
5844
5381
6001
5664
6119
5850
5492
5192
6040
5313
5629
6103
5994
5331
5869
5498
5876
5498
6131
5262
5598
5495
5566
5772
6073
5333
5487
6119
5313
5672
6140
5382
5796
5209
5814
5625
6140
5657
5532
5726
6020
5672
5741
5266
5904
5619
5625
5625
5690
6032
6143
5801
5367
5226
5793
5853
5625
5856
5268
6062
5192
6036
5611
5747
5475
5202
5163
6109
5226
5317
5414
5372
5536
5726
6060
5183
5159
5614
6040
6110
6020
6138
5814
5183
6083
5271
5595
5267
9224
6944
6812
6160
6854
6160
6912
6574
6582
6437
6779
7067
7115
6542
6711
7110
6622
7075
6810
6249
7139
6558
6530
6792
7166
6354
6646
7052
7139
6530
6854
6912
6794
6411
7075
7155
6631
6284
6794
6530
7002
6380
6622
6813
6163
6854
6705
6163
7090
6329
6556
7139
6232
6574
6556
6185
6995
6494
6284
6947
6381
6556
6827
6163
6556
7064
6638
7139
6958
6605
7047
7029
7073
6995
6359
6615
6797
6327
6768
6927
6794
6945
7139
6309
6778
6958
6778
6607
6998
6864
6733
7149
6931
6784
6827
6848
6910
7149
6746
6735
6511
6649
6322
6969
6556
6721
6163
6958
6575
6970
6776
6836
6163
6958
6478
6820
6560
7055
6383
6970
6322
6718
7047
6564
6383
6517
6827
6649
6958
6995
6605
6309
6955
7057
6307
6590
6598
6888
6163
6322
6419
6480
6571
6574
6648
7067
6509
6970
6888
6827
7031
6886
6329
6153
7029
6995
6430
6722
6777
6912
6649
6163
6907
7090
6956
6922
6554
6958
6995
7119
6284
6638
6564
7014
6296
6442
7139
7047
6646
6478
6776
6836
6154
7073
6886
6284
6705
7155
6478
6512
6967
6849
7145
7115
6969
6705
6534
6958
6164
6944
6827
7075
6322
6564
7014
6746
6813
6437
6974
6778
6478
7072
6329
7116
6509
6558
7002
6297
7126
7072
7014
6494
6855
6649
6556
6969
6827
7002
6848
7007
6224
7137
7067
7075
7047
6203
6425
6912
6294
6854
6779
6732
7100
6322
6812
6705
6220
6797
6958
6166
6163
6995
6750
7014
7149
6705
6769
7040
6764
7164
6631
6969
7008
7064
6556
6631
6631
7067
6556
6163
7073
7139
6780
7067
6886
6163
7029
6284
6284
6303
7073
6638
6969
6322
6284
6638
6794
6784
6437
6907
6303
6478
6540
6649
6284
6886
6899
6156
6827
6886
6171
7014
6303
6794
6605
7073
6413
7029
6784
6813
6646
6945
7031
6969
7093
7093
6574
6542
6240
6705
7014
6782
6794
6810
6189
7002
6605
6154
6967
6794
6794
6794
6680
6784
7007
7139
6784
6413
6794
6189
6240
6154
6969
6284
6154
7100
7002
6711
6517
7140
6931
6598
6740
6912
6768
7058
6768
6284
7139
6837
6646
7090
6661
6303
6995
6160
6478
6478
6969
6941
6590
6693
6240
6185
6478
6836
6912
6621
6284
7149
7155
6649
6568
6487
6517
7090
6631
6154
6794
6564
7029
6494
6163
7093
6303
6794
6284
6995
6189
6912
6303
6794
7119
6827
7149
6638
6836
6303
6746
6478
6794
6556
6437
7025
6437
6845
6189
6189
7155
6776
6855
6478
6794
6995
7149
6189
6435
7073
6163
7073
6478
6705
6284
7029
6827
6649
6827
6827
6284
6185
6556
7007
7067
6888
7047
6284
6240
7073
6329
6534
7032
6847
6157
6610
6354
6809
7031
6457
6276
7107
6643
6607
6282
6638
6843
6354
6912
6201
6933
6511
7093
6517
6286
6259
6785
6354
7115
7167
6813
6556
7031
7115
6258
6266
6892
6473
6792
6708
6232
6757
6904
6843
6593
6542
6542
6693
7017
6542
7139
6894
7014
7014
6147
7031
6322
7014
6988
6945
6351
7134
7047
6147
6904
7008
6594
6238
6646
6585
6711
6381
6649
6925
6785
7115
6154
6969
6605
6440
7002
6458
6588
6631
6711
7139
6556
6827
6827
7031
6502
7104
6740
6958
6969
6969
6958
6612
6333
6988
6312
6230
6868
6879
6492
6955
6965
6514
7107
7107
6912
6845
6354
6752
7007
7029
7107
7031
6175
6444
6834
6163
6755
6517
6794
6542
6778
6597
6711
6709
6945
6289
6163
6638
6307
6925
7073
6776
6478
6478
6478
6542
6709
6776
6778
7072
6912
6912
6517
7067
6163
7067
6194
6146
7031
6836
6995
7155
6912
6436
6208
6389
6413
6615
6146
7103
6165
6509
6793
6843
6631
6968
6631
6872
6907
6628
6329
6746
6509
6303
7090
7072
7090
6238
6774
6718
7064
6259
6693
6931
6643
7085
6517
6958
6337
6487
7114
7075
6969
6380
7147
6560
6539
6233
6741
7126
6785
6868
6478
6995
6484
7139
6440
6487
6534
7126
6675
6482
6244
6148
6482
6469
6244
6262
6888
6207
6386
6376
6674
6607
6953
6910
6912
6370
7031
6322
6487
6636
6705
6649
6160
6587
6447
7031
6984
6357
6249
6873
7047
6715
6865
6605
6565
6329
6534
7125
6827
6216
6165
7164
6562
7072
6383
6435
6509
6322
6481
6944
6827
6233
7031
6585
6146
6817
6907
6415
6164
6419
6472
7127
7087
7093
6777
6443
7031
7140
6419
6228
7031
6417
6927
6837
6631
6854
6705
6406
7058
6509
6284
6820
6294
6886
6146
6154
9225
7437
7619
7430
7183
7524
7803
7574
8104
8028
8161
7574
7720
7954
8162
8128
7346
7718
7793
7948
8034
7666
7510
7290
7664
7862
7414
7835
8028
7916
7459
8055
7694
7967
7557
7715
7923
8162
8055
7879
7574
7825
7590
7835
8034
7794
7820
7923
7533
7528
7236
7793
8064
8093
7632
7835
7459
7548
7621
7533
7404
7532
7574
7730
7653
7862
7528
7528
7557
7612
7950
8021
7932
7574
7206
7659
7960
8132
7473
8121
7715
8161
7715
8053
8162
7794
7767
7460
7814
7467
8045
7612
7950
7246
7293
7270
7592
7548
8183
8055
7354
7912
8072
7796
7740
7246
7718
8055
7718
7663
8039
7495
8174
8177
8162
7966
7565
7469
8058
7924
7811
7678
8165
8162
8181
7612
8165
7924
7730
7411
7879
7988
8058
7406
7557
7574
7947
7411
7720
7774
7764
8181
8053
8039
7923
7678
7532
7796
7981
8112
7657
7794
7275
8181
7530
8161
7496
7458
7513
8112
7814
7842
7632
7295
7646
8076
7411
7621
8145
7632
7794
7411
7730
7330
8051
7793
7411
7924
8106
7715
8181
8034
7720
8181
7451
8028
7923
8161
7950
7897
7646
7179
7451
7411
7557
8139
8165
7459
7459
7574
8021
7932
8151
8055
7991
7484
7879
7845
7720
8145
7643
7510
7866
7574
7574
7592
7811
7967
7696
7659
8021
8145
7880
7879
8145
7793
8162
7940
7653
8055
7775
7842
7831
7623
8165
7886
7632
7646
8104
8155
7348
7879
7632
7326
8002
7740
7253
7538
8165
7967
7879
7720
8162
7967
7528
7203
7255
7574
7815
7835
7794
7879
7294
8028
7590
7653
8055
7796
7718
7459
7948
7653
7374
7728
7209
7574
7577
7897
7897
7940
8162
7203
8151
7203
7897
7173
7715
8028
8028
8042
7730
7932
8145
8145
7897
8003
7651
7835
7999
7577
7862
7897
8058
7694
7579
7336
7718
7897
7173
7499
7968
7923
7577
7173
7845
7730
8063
7845
7510
7558
7651
8028
7720
7924
8162
7574
7718
7940
7940
7533
7796
7663
8162
7948
8093
7495
7510
7877
7663
7646
7577
8106
7897
7962
7932
7775
7924
7966
7632
7880
7206
7246
8165
7185
8036
7730
8106
7173
7632
7954
7653
7612
7510
8055
7246
8053
7653
7835
8165
7496
7796
7950
8073
7769
7961
7753
7533
7911
7820
7411
7954
7612
7916
8076
8107
7911
7646
7796
8161
7923
8162
7663
7510
7923
8162
7730
7954
7577
7923
7459
7796
7533
8028
7948
7954
7897
7897
7923
8039
8002
7923
7557
7282
7950
7940
7246
7940
7916
7897
7459
7932
7916
8181
7459
8028
7557
8181
7897
8112
7950
7932
7557
7653
7940
7932
7932
8021
7967
7577
7991
7612
7916
7657
8181
8028
7653
8145
8162
8076
7694
7756
7865
7611
7684
7555
8029
7664
7875
7322
7512
7864
7880
7638
7374
7296
7492
7621
7655
8015
7204
7532
8015
7250
7947
7950
8088
7460
7715
7246
7337
8055
7510
8029
7174
7227
7761
7529
7732
7723
8002
7474
7842
7601
7309
7222
8125
7349
7632
7246
8161
8076
7348
7910
8150
7947
7754
7971
7911
7200
8034
7715
8110
7875
7796
7774
7924
7612
7760
7612
8161
7293
7459
7954
7882
8161
7961
8096
7924
7209
7548
7882
7557
7720
7352
7715
8064
7835
7461
7715
7632
7653
8039
8161
7203
7796
7991
7904
7550
7774
7445
7864
7858
7510
7793
7647
7716
7604
8162
7524
7916
7728
7322
7524
7411
7730
8028
7577
7578
8112
7910
7764
7879
8063
8053
7590
7659
7905
7621
7796
8151
7967
8076
8002
7646
7715
8028
7574
7528
8162
7203
7718
8107
7311
7513
7954
7541
7991
8161
7875
8186
8042
8042
7753
7932
7882
8028
7326
7513
7366
7311
7963
7538
7880
7769
7879
8139
7613
7967
8181
7932
8173
7956
7796
7326
7694
7720
7817
7548
7694
7495
7773
7829
7694
7621
7769
7911
8107
8093
7893
8106
7349
7579
7754
7696
8002
7565
8053
7694
7963
7314
8002
7949
7905
8165
7268
8096
8181
7728
7467
7510
8162
7932
7321
7803
7852
7927
8004
8172
7435
7416
8105
7929
7754
7720
7518
7783
7794
7587
7694
7794
8064
7660
7202
7345
7527
7876
7991
8162
7715
7992
7524
7757
7818
8165
8039
8093
8042
8106
7326
7532
7449
8076
7728
7911
8162
7910
7737
7537
7515
7257
7961
8053
7544
7893
8053
7170
7349
8093
8171
7718
8013
8145
7911
7233
7670
7783
7514
7818
7466
8053
7967
7934
7715
8077
8032
8044
8009
7851
7835
7728
7411
8151
7735
8162
7707
7356
8181
7845
8160
7621
7296
7484
9226
8936
8444
9032
8463
8585
9010
8708
8852
8372
8585
8909
9139
8365
8726
8770
8932
8204
9157
8365
8402
9116
8602
9075
8960
8535
8444
9103
8602
8658
9051
8647
8726
8726
8892
8998
8998
8998
8608
9010
8606
8593
9132
9037
9139
8501
8667
8726
8535
8750
9189
8920
8602
8726
8602
8750
8575
9051
8365
9022
8782
9140
8602
9139
8299
8365
9204
9153
9211
9129
9051
9211
8893
9123
8228
8965
8305
9026
8748
8835
8817
8909
8341
8514
8974
8892
8621
8650
8960
8974
8491
8726
8806
9024
8602
8354
8909
9014
8551
8857
8293
9204
8721
8843
9051
9008
8750
9060
8634
8892
8575
8814
8667
9132
8535
8958
8204
8903
8208
8850
9162
8465
8650
9079
8831
8228
8575
8850
8585
8877
8535
8845
8353
8479
9089
8552
8679
8372
9089
8535
8646
8771
8831
8411
8712
9210
8223
8936
9196
8998
9139
9070
8883
8664
8751
9101
8446
8766
8817
8957
8852
8514
9123
8998
8585
9051
8232
8667
8438
8726
8807
8726
8750
8857
8551
9139
9153
8726
9116
9129
9210
8514
8425
9020
9043
8602
8546
8501
9010
9051
8514
8502
8234
9195
8208
8428
8602
9079
9061
8234
9010
9051
8712
8903
9037
8208
8575
8402
8429
9027
9029
9211
8585
8863
9139
8862
8726
8501
8501
8602
9027
8809
8818
8958
8602
8942
9051
8223
9132
9051
8235
8256
9196
9079
8585
8507
9051
8551
8852
8365
8659
9210
8234
9195
8892
9129
8786
8870
9211
8754
8602
8535
8330
8936
8234
8364
8814
8617
8863
8913
9000
8831
8559
8429
8755
8755
8647
9205
8647
8947
8862
8726
8697
8661
8998
8402
8429
8936
8602
8365
8341
9129
9153
8551
9204
9211
8726
8402
9196
8714
8365
8365
9153
9010
9010
8712
8234
8936
8814
9153
8528
8726
8234
9024
8950
8697
9116
8839
9097
8564
8814
8365
8499
9139
8234
8998
8726
8402
8501
8757
9211
8465
8760
8411
8575
8720
8602
8658
8546
8507
8893
9153
9196
9166
8501
8820
8998
9205
9153
8831
8234
9010
9010
9197
8998
8903
8717
9029
8647
8790
8719
9205
8257
8883
8372
9010
8585
8690
9114
8429
8750
8575
8426
9027
8602
9139
8255
8538
9129
8794
8697
9070
8831
8429
8988
8507
8372
8507
9014
8402
8792
8892
8585
9211
8751
8893
9204
8936
9139
8708
9132
8743
8585
8998
8501
8892
8852
9181
8514
9139
8820
8893
8602
8751
8750
8820
8507
9180
8507
8998
9027
9010
8507
8667
8998
8507
8606
8507
9181
8514
8998
9129
9020
8402
8402
9129
9211
9210
9123
8893
8514
8667
9189
8365
9204
8365
8667
8820
9210
8667
9010
9029
8893
9024
8507
9129
8726
9181
8507
8852
8777
8635
8807
8285
8664
9162
8903
9022
8575
8372
9189
8204
8956
8690
8365
8697
8871
9115
8555
8792
8797
9189
8976
8546
8234
8472
8807
8535
8618
8365
8970
8690
8535
9085
8564
8432
8380
9199
9139
8207
8200
9089
9043
8661
9088
8602
8920
9190
8731
8839
8208
8760
8885
8228
9043
8831
9070
8327
8255
8368
8760
8936
8748
8820
8368
8507
8507
8752
8197
8647
8823
8208
8839
8712
8208
9029
8493
8831
9051
8685
8904
9211
8830
8755
9181
9181
8800
9051
8608
8726
8814
8712
9129
8697
8535
8984
8305
8610
8687
8650
8984
8562
8940
8341
9113
8436
9168
8809
9139
8602
9070
8462
8751
8199
8204
8558
8839
8402
8208
8233
9139
8446
9070
8782
8299
9010
9027
8889
8585
8831
8852
8234
8956
9006
9123
8936
9123
8234
9010
8420
8208
8622
8903
8650
8535
8650
9012
8429
8367
8771
8735
9089
9029
8667
8602
8726
8892
8573
8552
9199
9206
9067
8980
9074
9143
8546
9143
8948
8705
8651
9100
8960
9123
9189
9181
9139
8660
8851
9022
8622
9157
8676
8887
8208
8845
8228
9196
8903
9171
8676
8671
8839
8472
8501
8661
8712
8709
8620
8234
8870
9042
8790
9010
8601
8661
8365
9024
8980
9180
9024
9051
8444
8548
8659
8230
8738
8288
8683
9200
9028
8828
9116
9089
8814
8527
8892
9089
8816
8472
9210
8852
8708
8935
8777
9094
8402
8472
8923
8365
8192
8988
9116
8720
9182
8397
8441
9051
8997
8365
9051
8862
8365
8912
9121
8575
8530
9114
8628
8431
8537
9128
8608
9085
8444
9162
8782
8825
8356
8283
8228
8676
8708
8836
8914
8562
9021
8871
8210
9120
8414
8987
8610
8257
8922
9154
9108
8528
8735
9067
8883
8847
9004
8816
8852
8234
8720
8790
9004
9166
8643
8606
8708