9217
9218
1002
493
493
493
493
493
493
493
493
493
493
259
284
231
715
85
846
266
266
201
201
509
509
623
62
623
946
742
77
93
820
226
807
506
506
658
824
714
775
666
551
506
428
636
824
96
31
506
31
31
436
915
559
524
6
42
169
217
762
93
820
257
506
506
506
823
915
290
524
506
506
506
140
915
559
26
223
873
42
42
742
915
559
26
524
6
742
228
93
820
296
470
506
506
506
323
559
524
506
506
506
8
378
915
290
524
6
6
62
636
636
95
96
927
42
42
742
343
77
632
923
740
6
886
506
140
915
973
740
886
740
886
1001
868
559
973
740
740
201
201
509
509
509
927
623
927
8
77
93
820
257
666
506
506
506
915
559
26
870
42
31
268
777
250
824
582
658
582
506
742
915
559
26
194
42
268
661
93
820
257
964
506
506
506
915
559
524
932
506
506
436
915
559
26
97
226
6
678
742
915
559
524
982
42
742
744
228
93
257
207
506
506
506
506
915
559
524
506
506
506
915
559
290
524
740
100
678
609
742
194
824
666
42
742
742
228
370
559
257
470
506
506
506
506
824
194
506
674
506
506
378
375
559
973
740
740
266
201
509
509
509
509
623
33
744
228
93
820
257
470
506
506
506
506
915
559
26
223
506
506
636
824
824
927
666
31
506
742
915
773
290
843
873
106
228
93
820
296
470
506
506
506
506
915
559
524
223
42
506
378
915
559
189
226
100
873
609
742
295
824
658
742
742
744
228
93
820
207
506
506
506
506
323
915
559
189
223
873
140
915
773
26
524
100
873
609
428
428
824
714
42
31
742
228
93
820
820
257
506
506
506
506
716
674
506
506
506
140
375
715
26
235
220
266
201
127
509
314
208
314
208
31
8
661
231
290
524
223
226
342
193
851
208
841
499
31
506
436
624
715
355
235
220
266
201
201
509
509
314
314
314
106
228
93
93
296
257
171
506
506
342
971
674
506
674
506
506
378
231
715
85
235
220
266
201
201
509
208
314
208
314
623
217
762
77
820
257
226
342
506
506
716
506
551
506
506
506
636
250
824
824
666
666
31
506
674
582
658
582
31
582
31
106
228
879
877
243
614
152
702
152
702
152
702
152
702
392
301
264
378
928
532
105
931
420
931
3
154
154
458
9219
1995
1160
1248
1991
2035
1515
1777
1723
2025
1481
1417
1076
1884
1884
1232
1515
1775
1991
1515
1262
1113
1045
1909
1785
1785
1837
1629
1650
1837
1837
1837
1837
1263
1588
1973
1588
1588
1860
1660
1336
1167
1949
1666
1695
1392
1457
1626
1666
1931
1392
1635
1664
1931
2028
1764
1635
2035
1755
1867
1801
1457
2035
1659
2046
1675
1457
1457
1991
1690
2035
1807
1481
1801
1991
1777
1801
1924
1746
2032
2035
1959
1775
1991
2035
1300
1659
1659
1248
1755
1755
1457
1457
1457
1457
1457
1300
1959
1457
1457
1950
1931
1690
1457
1723
1481
1300
1300
1628
1777
1457
1784
1287
1991
1991
2035
2046
1300
1457
1723
1959
1515
1801
2032
2008
1523
1097
1903
1589
2034
1723
1481
1535
1755
1457
1457
1755
1457
1457
1457
1457
1457
1700
1659
1664
1867
1690
1807
1457
2025
1659
1807
1561
1659
1188
1664
1206
1764
1481
1807
1884
2035
1807
1300
2046
1807
1807
1300
1300
1981
1349
1300
1807
1807
1481
1300
1723
1807
1755
1896
1345
1991
1700
1557
1659
2046
1456
1300
1700
1700
1705
1660
1886
1167
1557
1886
1167
1160
1659
1104
1815
1132
1255
2011
1110
1860
1886
1110
1892
1886
1104
1815
1481
2015
1743
1815
1886
1317
1181
1345
1815
1815
1755
1755
1397
1815
1969
1659
1959
2025
1659
1659
1659
1659
1349
2008
1959
1589
2025
1300
1884
1815
1815
1659
1622
1815
1300
1700
1349
1903
1300
1300
2000
2000
1903
1515
2000
1950
1481
1959
2000
1843
1884
1515
2000
1777
1062
1457
1959
1457
1457
1561
1049
1300
1457
1300
1561
2035
2008
1690
1959
1561
1903
1589
1349
1843
1300
1300
2008
2042
1759
1720
1801
1924
1801
1801
1924
1700
1160
1924
1950
2008
1777
1700
1959
2025
2025
1903
1160
1723
1535
1755
1457
1457
1457
1457
1457
1457
1457
1457
1457
1457
2046
1597
1959
1959
1457
1457
1991
1723
1457
1300
2042
1620
1931
1690
1815
1886
1481
1690
1959
2035
1659
1481
1160
1589
1349
1659
1959
2035
1481
1895
1723
1481
1535
1755
1604
1755
1457
1931
1457
2003
1557
1457
1755
1457
2003
1659
1931
1561
1457
1300
1700
1457
1700
1457
2003
1979
1107
2031
1860
1427
1110
1860
1886
1110
1588
1886
1743
1892
1588
1743
1815
1588
2015
1743
1481
1694
1815
1772
1755
1521
1755
1457
1392
1457
1457
1659
1659
1659
1659
1659
1659
1784
2028
1991
1807
2035
1807
1807
1807
1896
1807
1807
1807
2003
1807
1807
1807
1807
1300
1807
2035
1515
1586
1555
2032
2035
1886
1892
2046
2035
1755
1535
1755
1755
2003
2035
1457
1457
1690
1457
2003
2003
1931
1801
1802
1666
1931
1457
1801
1635
1903
1457
1801
1807
1912
1346
1947
1991
1764
1892
1991
1991
1690
1700
1886
1931
1775
1675
1481
1959
1547
1892
1248
1991
1481
1194
1535
1755
1457
1755
1457
2003
2003
1557
1931
1457
1755
1284
1801
1034
2042
2032
1755
1931
1703
2032
2035
1410
1553
1749
1597
1057
1057
2008
1892
1759
2046
1519
1666
1892
1555
2032
2035
2046
1925
1931
1801
1955
1335
1878
1772
2009
1755
1755
1755
1392
2003
2003
1557
1931
2003
1755
1626
1635
1561
1755
1457
1701
1457
1392
2003
1629
1647
1389
1837
1877
1837
1837
1837
1837
1263
1403
1051
1977
2017
1557
2017
1993
1998
1788
1998
1664
1896
1664
1878
1422
1084
1385
1813
1367
1191
1583
1354
1610
1191
1789
1191
1059
1270
1789
1410
1996
1867
1764
1801
1764
1410
1320
1225
1255
1881
2031
1346
1765
1555
1920
1705
2005
1782
1746
1743
1800
1217
1896
1791
1369
1664
1735
1772
1250
1772
1250
2032
1161
1626
1161
1635
1161
1755
1059
1755
1626
1701
1516
1931
1755
1635
1755
1626
1931
1701
1486
1698
1507
1159
1534
1193
1534
2005
1534
1746
1436
1389
1828
1638
1813
1638
1263
1638
1791
1057
1996
1410
1838
1789
1573
1410
1354
1635
1764
1626
1813
1846
1287
1519
1410
1867
1867
2003
1867
1931
1635
1788
1801
1635
1801
1801
1523
1801
1690
1801
1896
1801
1457
1521
1690
1659
1867
1457
1659
1701
1690
1589
1589
1959
1457
1300
2032
1519
1573
1553
1906
1237
1452
1825
1984
1984
1406
1480
1932
1880
1880
1828
1479
1479
2045
1984
1409
1409
1424
1480
1480
1985
1468
1177
1543
1663
1663
1662
1999
1482
1734
1436
1584
1806
1806
2024
1980
1636
1480
9220
2972
2421
2705
2162
2942
2133
2314
2253
2470
2307
2307
2462
2177
2631
2350
2330
2054
2162
2162
2862
2982
2251
2590
2823
2429
2601
2458
2677
2764
2443
2393
2186
2728
2721
2321
2388
2883
2552
2484
2968
2544
2720
2962
2457
2498
2869
2756
2544
2889
2990
2275
2573
3005
3005
2564
2788
3005
3005
2544
2937
2430
3022
2253
2990
2529
2390
2788
2494
2249
3022
2815
3022
2531
2820
2820
2649
3005
2429
2262
2777
2820
2255
3000
2748
2421
2820
2976
2248
3022
2270
2789
2990
2325
3012
2694
3022
2325
2990
2939
2619
3041
3005
2325
3005
2129
3005
2818
2333
2564
2996
2528
2284
2529
3005
2746
2788
2097
3008
2971
2735
2248
2612
2928
2467
2289
2452
2800
3023
2531
2800
2694
2940
3012
2877
2192
3005
2820
2815
2813
2877
2925
2494
2225
2192
2813
2907
2820
2820
2129
2129
2129
2942
2942
2759
2129
2762
3005
3066
2344
2404
2935
2869
2907
2801
2129
2129
2907
2907
2820
2944
2869
2129
2350
3071
2925
3022
2225
2344
2498
2467
3005
2344
3041
3029
2738
2467
2150
2406
2649
3029
2989
2452
2884
2649
2741
3071
2225
2813
2820
2649
2625
2910
2825
2137
2725
2868
2801
2801
2801
2314
2938
2147
2224
2484
2762
2801
2284
2467
2350
2741
2815
2869
2695
2434
3005
3071
2350
3012
2801
2868
3005
2568
3005
2735
3005
2314
3071
2939
2619
2700
2494
2813
2568
3069
2815
2700
3041
2564
2568
3009
2942
2248
2277
2820
3022
3071
2619
2255
2612
2971
2452
2649
2946
3071
2820
2330
2813
2877
2224
2456
2452
2162
2224
2942
2700
2442
2298
2467
2612
2452
2818
3022
2255
2612
3022
2813
2564
3042
2531
2276
2225
2649
2976
2162
3000
2976
3041
2820
3050
2857
2868
2925
2452
2985
2985
2985
2818
2820
2248
2939
3005
2925
2452
3005
2162
2649
2925
2944
2452
2453
2649
3062
2976
2452
3005
2877
2429
3062
2333
3008
2700
2769
2209
2330
2129
2544
3022
3022
2748
3008
3008
2129
2494
2884
2177
2452
2552
2564
2552
3022
2833
2277
2225
2344
3005
3005
3005
2877
3005
2833
2770
3005
2877
2942
2942
3005
2467
2694
2990
2452
2942
2942
2976
2735
2815
2735
2129
2156
2999
2591
2311
3047
2117
2186
2864
2209
2735
2314
2255
2224
2764
3005
3005
3005
2484
2350
2820
2298
2290
3061
2320
3005
2869
2129
2942
2869
3022
3005
3005
2971
3005
3005
3005
2177
2529
3005
3005
2429
3022
3022
2694
3005
3005
2129
2484
2697
3005
3005
2544
2800
2452
3005
2248
2262
2771
3005
2944
3005
3005
3005
2800
2854
2384
2568
2887
2214
2135
2813
2877
2787
2925
2612
3005
3005
2457
2346
2478
3041
2153
2608
2214
3005
2355
2925
3012
2090
2309
3071
2248
2813
3005
3005
2813
3008
2430
2942
3032
2946
2398
2277
2735
2225
2333
2833
2813
2225
2117
2275
2882
2649
3005
2923
2612
2129
2129
2750
3005
3005
2731
3005
2197
2645
2097
3005
3005
3022
2048
3022
2860
2476
2738
2793
2255
2121
3005
3005
2460
2180
2121
3005
3022
3069
3005
3005
2580
2928
3005
2175
2989
2467
2424
2284
2257
2225
3005
3012
2383
3022
3022
2129
3005
3050
2694
2225
3005
3005
2945
2874
3005
2942
3022
2129
2118
2178
2297
3005
2699
2677
3005
3005
3005
2956
2619
3005
2129
2297
3005
3005
2771
2210
3005
3005
2054
2907
2841
3042
2249
2269
2351
3005
2061
2965
3022
3022
2876
2598
2645
2665
3005
3005
2920
2820
2404
3005
3022
2550
3005
2360
2068
2646
2756
2408
3051
2708
2457
2307
3047
2521
3047
2947
2129
2147
3005
2162
3012
3005
3005
2275
2645
2890
2346
2478
2861
2550
2759
2468
2516
2877
3005
3005
2568
2882
3005
3005
2482
2129
2129
3005
2508
2717
3005
2649
2274
2072
2606
2912
2822
2880
2246
2430
2329
3005
2272
2949
2811
3005
2897
2294
3005
3005
2883
2880
2129
2825
2825
2689
2890
2635
2270
2383
2861
2985
2627
2443
2402
3005
3005
2612
2097
3005
2129
2945
2054
2129
3005
2224
3022
3035
3022
2129
3012
3005
2224
3012
2942
3005
2190
2874
2129
2129
2129
2721
2564
3005
2628
2619
2277
2325
2928
3069
2596
2861
2861
2163
2457
2156
2861
2547
2702
2946
2547
2946
2540
2861
2608
2879
2601
2699
2874
2344
2168
2787
2787
2372
2112
2252
2206
3048
2195
2832
2832
2832
2832
2832
2098
2098
2098
2098
2492
2977
2999
9221
4088
3675
3940
3940
3843
4039
3940
3940
3824
3901
3726
3659
3504
3901
3940
3810
3952
3843
3843
3807
3378
3193
3101
3576
3400
3712
3657
3729
3369
3859
3724
3185
3522
3447
3447
3447
3340
3810
3927
3525
3176
3893
3723
3603
3557
3887
3950
3152
3684
3293
3595
3081
3684
3753
3283
3251
4053
3684
3684
3684
3296
3727
4005
3370
3933
3284
3933
3413
3086
3684
4052
3933
3498
3824
3933
3684
3933
3705
3933
3684
3859
3684
3705
3603
3684
3940
3907
3940
3596
3111
3673
3914
3933
3940
3952
3952
3603
3609
3673
3603
3982
3235
3399
3783
3176
3580
3284
3987
3705
3684
3781
3942
3580
3422
3984
3684
3887
3704
3777
3935
3859
4087
3557
3540
3341
3462
3764
3283
3398
3915
3684
3603
3878
3458
4072
3293
3231
4054
3580
3268
3086
3237
3603
3506
3603
3542
3682
4020
3753
3270
3719
3498
3684
3261
4020
3086
3919
3684
3804
3603
3580
3952
3684
3603
3684
3505
3705
3370
4077
3398
3747
3719
3684
3684
3684
4088
3580
3300
3539
3878
3365
3603
3498
3370
3498
3705
3303
3370
3370
3123
3887
3909
3690
3307
3307
3498
3915
3303
3742
3498
4056
4094
3985
3772
3307
3094
4067
3982
3739
3862
3634
3244
3849
3844
3868
3526
3928
3742
3398
3370
4004
3782
3498
3933
3310
3684
3751
3903
3413
3984
3684
3684
3580
3498
3581
3876
3933
3747
3901
3787
3903
3498
3684
3933
4079
3984
3388
3300
4077
3595
3984
3684
3984
3903
3787
3111
3252
3329
4004
3684
3684
3623
3940
3111
3984
3533
4077
3914
3684
3704
3684
4088
3603
4004
3370
3903
3567
3081
3111
3684
4052
3370
3684
3705
3237
3370
3165
3955
3942
4052
3942
4072
3674
3437
3952
3869
3684
3869
3904
3909
3942
3498
3856
3684
3437
3824
4072
3098
3684
3498
3096
3930
3376
3952
3819
3952
3940
3376
3442
3370
3970
3817
3690
3705
4054
3673
3903
3984
3705
3072
3088
3257
3967
4004
3257
3623
3307
3929
3623
3498
3705
3351
3580
3705
3498
3498
3270
3376
3270
4079
3325
3498
3924
3300
3924
3257
3580
3603
3684
3698
4006
4006
3246
3539
3684
3684
3111
3684
3283
3783
3283
3684
3673
3498
3904
3684
3428
3089
3237
3088
3303
3472
3591
3916
3283
3603
3086
4085
3984
3498
3370
3727
3464
3715
3880
3370
4052
3300
3628
3603
3403
3576
3736
3843
3698
3966
3547
3787
3970
3970
4039
3674
4004
3603
3705
3383
3987
3366
3585
3997
3603
3843
3580
3859
3603
3603
3388
3535
3603
3283
3705
3580
3705
3525
3742
3673
3876
3542
3870
3288
3887
3521
3728
3498
3498
3603
3300
3672
3498
4042
4039
3504
3166
3901
4039
3381
3235
3366
3916
3984
3591
3095
3251
3498
3244
3577
3976
3987
3467
3881
3585
3741
3690
4079
3719
3531
3498
3684
3398
3929
3705
3468
4008
3498
3705
3951
3904
3076
3997
3705
3819
3086
3246
3819
3444
3399
3736
3673
3819
3137
3864
3098
3684
3997
3843
3329
3398
3086
3964
3135
3348
3539
3592
4032
3205
3632
3340
3966
3745
3632
3966
3530
3934
3896
3684
3280
3869
4039
3086
3086
3603
3598
3603
3603
3764
3086
3964
3293
3297
3259
3115
3603
3086
3603
3719
3869
3684
3498
3887
3880
3256
3684
3682
3595
3363
3201
3539
3854
3208
3343
3468
3336
3385
3406
3831
3292
3684
4090
3855
3876
3682
3684
3166
3684
3539
3104
3877
3663
3607
3787
3539
3331
3307
3176
3603
3774
3539
3684
3578
3704
3306
3580
3335
4093
4053
3580
3684
3887
4055
3765
3235
3608
3490
3758
3198
3283
3818
3283
3283
3539
3340
3617
3684
3966
3078
3880
3876
3644
3986
3878
3934
3613
3856
3819
3260
3511
3819
3086
3500
3183
3819
3384
3094
3887
3293
3478
4042
3684
3889
3966
3671
3389
3080
3262
3392
3483
3422
3578
3539
3232
3576
3432
4032
3251
3283
3477
3907
3126
3365
3847
3862
3705
3166
3783
3296
3201
3558
3603
3540
3603
3406
3733
3604
3246
3504
3966
3292
3819
3705
3647
3380
3615
3929
3424
4079
3297
3552
3984
3388
4053
3495
3896
3880
3315
3303
3504
3904
3494
3673
3576
4072
3580
3603
3997
3300
3777
3580
3603
3950
3705
3570
3945
3259
3881
3757
3246
3822
3628
3819
3833
3504
3126
3420
3320
3484
3757
3869
3226
3843
3171
3430
3441
3841
3246
3541
3559
3287
3774
3906
3505
3864
3619
3115
4017
3365
3906
3851
3539
3466
3466
3198
9222
4317
4889
4727
4145
4278
4625
4221
4856
5110
4830
4296
4439
4145
4145
4221
5096
4625
4835
4835
4412
4928
4533
4341
4807
4527
4884
4200
5039
4103
4513
5010
4751
4168
4702
4448
4197
4170
4497
4949
4625
4977
4751
4970
4478
4126
4165
4713
4320
4422
4244
4739
4807
4478
4684
4810
4739
4161
4197
4751
4991
4369
4589
5036
4351
4234
4680
5097
4304
4613
4782
4320
4320
4717
4530
4320
4985
4702
4629
4720
4859
4862
4625
4487
4852
4782
4161
4161
4320
4320
4369
4536
4320
4320
4921
4771
5097
4145
4715
4320
4315
4320
4838
4575
4876
4835
4919
4320
5097
4810
4320
4851
4501
4942
4460
5094
4699
4320
5097
5097
5114
4320
4320
4484
5090
5029
4320
5058
4525
4320
4320
4145
5033
4364
5097
4494
4852
4320
4817
4201
5097
4494
4414
5099
4900
4977
4161
4161
4369
4931
4465
4478
5097
4771
4589
4161
5050
5097
4320
4320
4972
4320
4320
4926
5029
4977
4533
4817
5097
5097
4320
4320
4817
4677
5011
4320
5097
4320
5097
4694
4320
4766
4985
5097
4221
4161
5047
5097
4221
5072
4320
4320
4320
4320
4369
4171
4145
4320
4817
4320
5097
4320
4583
4608
4210
4185
4721
4320
4671
4852
4983
5117
4320
4991
5110
4971
4119
4829
4334
5068
4150
5058
4686
4455
5041
4843
4985
4721
4721
4766
4369
4318
4508
4578
5068
4853
5097
4505
4721
4320
4320
4484
5097
4314
4320
4161
4823
4161
4161
4161
4721
4782
4864
4983
4132
5097
5027
4918
5115
4830
5079
4157
4161
4625
5094
5094
4721
4369
4320
4919
4755
4161
4320
4161
4369
5018
4369
4171
4501
4530
4337
4161
5072
4530
4715
4369
4314
4161
5097
4505
4898
4934
4817
4961
5097
4161
4539
4337
5097
4539
4337
4771
5059
4873
4662
5045
4184
4766
5029
4720
5033
4710
4771
4878
4696
4320
4494
4699
4648
4320
4699
4320
4726
4230
5037
4696
4369
5097
4726
4732
4369
4320
4320
4473
4595
4782
4320
4791
5022
4320
4601
5058
4519
4508
4119
5097
4715
4320
4803
4595
4699
4320
4384
4595
4508
4755
5041
4885
4320
4414
4320
5097
4633
4320
4455
4921
4826
4161
4826
4369
4369
4324
4320
4320
5097
4369
4595
4710
4306
4903
4648
4916
4680
4320
4320
4592
4161
4661
4320
4120
4274
4705
4873
5045
4119
4320
4641
4320
5087
4633
4217
4161
4397
4195
4283
4320
4320
4320
4414
4384
5058
4414
4892
4313
4292
5018
4843
4184
4320
4710
4595
4161
4253
4983
4817
4721
4462
4741
4184
5079
4536
4613
4985
4817
4125
4320
4096
4320
4655
4488
4134
5097
4197
4852
4861
4320
4853
4320
4431
5097
4320
4369
4320
4739
4892
4721
4661
4721
4320
4140
4691
4320
5031
4721
4539
5022
4463
4097
4711
4691
4320
4480
4957
4161
5031
4432
4853
4907
4349
4320
4320
4858
4830
4320
4957
4829
4861
4264
4320
4536
4536
4161
5018
4276
4411
4379
4633
4715
5099
5097
4893
4134
4508
5011
4431
4891
4331
4196
4117
5097
4711
4633
4891
4320
4558
4633
4766
4320
4627
4195
4402
4961
4306
4655
4703
4455
4647
5097
4175
4422
5095
5033
5097
4710
4710
4161
5086
5097
4136
5072
4508
4937
4161
4221
4810
4661
4715
4373
4320
4908
5097
4244
4548
4320
4399
4717
4739
4993
4449
5007
4843
4131
4806
4195
4184
5027
4320
4283
4151
5048
4320
4119
4398
4817
4320
4456
4590
4916
4306
4545
4161
4643
4691
5094
4797
4320
4687
5028
4513
4391
4604
4671
4402
5072
4472
4676
5034
4807
4473
4723
5006
4740
4595
4905
4320
4648
4990
4218
4766
4839
4922
4851
5007
4474
4916
4253
4283
4099
4592
5064
4314
4990
4864
4869
4723
4864
4789
4218
4414
4715
4817
4320
4877
5097
4806
4320
5040
4739
4305
4265
4320
5097
4403
4572
4993
4941
4218
4435
4740
4863
4363
4647
4687
4671
4439
4317
4694
4195
4983
4226
4105
4945
4854
4416
4320
4369
4469
4497
4248
4137
4705
5007
4906
4628
4961
4337
4633
4399
4320
4106
4363
4855
4327
4320
4532
4478
4460
4830
4862
5097
4175
4320
4432
4161
4601
5097
4334
4320
4296
4182
4624
5108
4184
4320
4631
4830
4351
4907
5110
5097
4817
4743
4230
5027
4320
4320
4980
4978
4391
4897
4171
4320
4881
4855
4893
4524
4195
4567
4322
5067
5042
4845
4647
5072
4766
4967
4933
4618
4408
4545
4956
4096
4195
5032
5018
4347
4488
4405
4678
4598
4119
5018
9223
5956
5615
5411
5924
5135
5805
5805
5772
5532
6050
5414
5574
5834
5391
5527
5566
6097
5736
6109
5869
5417
5560
6122
5791
5549
5278
5179
6070
5635
5914
5525
5526
6028
5533
5292
5384
5701
5189
5132
6012
5220
5630
5150
6064
5152
5937
5333
5800
5233
5271
5270
5721
5303
5797
6023
5806
5231
6045
5806
5806
5964
5806
5728
5173
5241
5212
5964
5916
5877
5725
6027
5888
5417
5185
6097
5270
5735
5701
5740
5335
5475
6050
5241
6134
6027
6050
5835
5735
5625
6050
5233
5229
6048
6079
6137
6027
6134
5175
6079
5716
5690
5671
5938
6069
5457
5497
5868
6096
5457
5445
5979
5926
6023
6101
5493
5502
6120
5220
5425
6137
5724
5331
6137
5140
6137
5740
6137
6050
5231
5555
6127
5353
5125
5728
5579
6134
5201
5834
6017
5231
5725
5980
6134
5839
5842
6137
5477
6087
5556
5844
5614
6137
6059
5281
5370
5801
5829
5908
5577
5561
5715
5493
5270
6134
5226
5564
5796
5736
5868
5150
5839
5477
5139
5211
5839
5856
6073
5414
6074
6136
5465
5288
5724
5331
6137
5270
5733
6063
5388
5300
6042
5942
6133
5270
5811
5406
5811
5980
5398
5708
6031
5844
6074
5844
6023
5166
5367
6061
6050
5809
5270
6059
5474
6137
5715
6137
5154
5493
5533
5799
5739
5625
5853
5563
5985
5495
6064
6106
5740
5493
5264
5130
5209
6138
6142
5724
6137
5457
5839
5411
5684
6027
5128
5704
6112
5579
5226
5563
5998
5223
5493
6089
6134
6027
5333
6023
6134
5988
5414
5225
5414
5487
5566
6064
5493
6101
5473
5123
5211
5690
5142
5625
6071
5374
5834
6106
5251
6069
5725
6079
6079
6104
6039
6101
5951
5209
5226
6106
6083
6023
5371
5956
6027
5925
6079
6112
5614
6083
6089
5706
5982
5625
5997
6023
6036
6023
6023
5154
6109
5533
5343
6023
5829
5273
5552
5625
6023
6078
5563
5466
6079
6101
6143
5376
5493
5178
5402
6024
5524
5377
5278
5481
5383
5367
5801
5465
5331
6112
5563
5988
5241
6019
5834
6032
6064
6087
5980
5270
5854
5625
5869
6137
5638
5559
6101
5700
5252
6079
5417
5740
5745
5896
5426
5571
6079
5164
6112
5457
6078
5156
5831
5457
6092
5805
5379
5634
5739
5824
5529
5272
5532
5854
5395
5477
5949
5930
5433
5665
5532
5740
5497
5709
5740
6097
5159
5803
5701
5835
5656
5633
6041
5910
6112
5819
5142
6017
5374
5637
6048
5997
5644
5493
5771
5486
5896
6027
6104
6096
5220
5220
6099
5553
5736
5577
6042
5474
6059
5994
6023
5816
5726
5839
5964
5281
5913
5778
5406
6045
5537
5248
5300
6112
6105
5720
6039
5424
5298
5925
5520
6101
5831
5820
5534
5954
6032
5725
5462
5997
5241
5783
5135
6104
5800
5473
6112
6036
5274
6112
6112
5888
6104
5390
6112
5498
5565
5806
6064
5249
6120
5574
5517
5998
5220
5270
5467
5478
5405
5699
5262
5309
5998
5806
5780
5660
5927
5816
5661
5812
5797
5288
6096
5601
5303
5502
5785
5374
6115
5440
6023
6115
5879
5503
5709
5966
5704
5930
5288
5986
5958
5740
6050
5241
5658
5173
5800
5699
5312
5173
5440
5276
5371
5284
5405
6047
5908
5288
5533
6143
5985
5226
5288
6079
5288
5125
5493
6131
5828
5809
6104
5701
5645
5125
5910
5417
5919
5477
6112
5737
5130
5779
5812
5323
5735
5312
5141
5669
5655
5505
5471
5783
5130
6010
5270
6039
5690
5411
5472
5198
5152
5339
5257
5684
6096
5271
5390
5270
5274
5311
5854
5671
5806
5728
5581
5828
6036
5296
6142
5925
5851
5383
5170
5192
5156
5452
5420
5816
5721
5154
5699
6052
6106
5980
5563
6112
5322
5373
5501
5248
5440
5732
5701
5273
5439
5577
5619
6087
5561
5373
5715
5288
5853
5668
6139
5267
5225
6134
5395
6134
5538
6134
5665
5853
5767
5186
5284
6098
6142
5274
5416
5730
5474
5853
6010
5810
5943
5497
5298
5806
5284
5241
5189
5139
5875
5997
5420
6112
5152
5424
5417
5288
5270
5705
5159
5719
5820
5665
6078
5374
5260
5217
5693
6137
5502
5414
5745
5988
5735
5745
5800
5977
5704
5552
5159
5834
5772
6099
5657
5736
6134
5524
6069
6106
6134
5493
5391
5634
6126
6134
5231
5698
5217
5828
5555
5847
6098
5372
5783
5728
5353
5718
5325
5980
5325
5736
5325
5415
6097
5606
5524
5831
5665
5542
5913
6036
5966
5774
5557
5253
5478
5561
5246
5888
6108
5914
6126
5425
5877
5593
5723
5760
5739
9224
7139
6649
6886
7090
7015
7139
6497
7075
6638
6969
6147
6425
6969
6746
6484
6827
6646
6450
6776
6574
6593
6599
6188
6506
6523
6479
6415
6915
6516
6955
6148
6795
6848
6834
6198
6147
6970
7032
7110
6333
6951
7125
7002
6865
7071
6407
6837
6611
6616
6616
6971
6922
6768
6604
6731
7094
6588
6146
6192
6233
6995
6628
7082
6478
6585
6616
6233
6616
6581
6240
6471
7016
6494
6494
6912
6175
6912
7164
6588
6511
6616
6165
6631
6559
6377
7007
7090
6164
6352
6460
7090
7007
6296
6357
6571
6684
7081
6144
6357
6442
7038
6286
6660
6621
6892
6292
6284
6687
6888
6674
6974
6977
6918
6963
6357
7000
7072
6731
7164
6711
6374
7072
6681
6696
6320
6370
6431
6167
6646
6763
6621
7114
6616
6250
6329
6945
6729
6149
6459
7093
6366
7103
6523
6277
7150
6605
7009
7142
6307
6813
6836
7019
6304
6494
6380
6262
6853
7008
6594
6737
6450
6868
6404
7009
6888
6813
6357
6165
6834
6951
6605
7002
6638
6277
6323
6459
6487
6607
6721
6416
6621
7104
6616
7101
6463
7093
6628
6494
6886
6932
6768
6383
7135
6351
6391
6357
6458
6261
7012
6896
6404
6358
6842
6533
6593
7064
6419
6360
6533
6308
6357
6160
6444
7155
6646
6969
7142
6241
6296
7149
6154
7064
7074
6616
6660
6841
6616
6384
7162
6961
6448
6163
6901
6616
6534
6965
6711
6533
7085
6969
6715
6888
6740
7142
6969
6289
6458
7039
6458
6621
6969
6715
6904
6494
6605
7031
6512
6171
7008
6912
7162
6377
6400
6533
6448
7134
6894
6843
6240
6459
6788
6437
6826
7021
6543
6764
6240
6604
6523
6854
6277
6464
7021
6459
7139
6494
6740
6476
6780
6544
6574
7066
6616
6459
6615
6241
6732
6355
6616
6630
6292
6621
6602
6696
6925
6815
7139
6478
6768
6552
6549
6357
6240
7027
6296
7036
7104
6295
7024
6897
7007
6476
6765
6787
6458
6277
7075
6382
6898
6897
6240
6413
6848
6223
6947
6631
6458
7002
6977
6549
6981
6817
6646
6939
7166
6347
7149
6360
7029
6621
6304
6530
6459
6177
7088
7156
6449
6466
6164
6817
6602
6962
6487
6710
6238
6384
6898
6407
6740
6252
6631
6984
6406
6238
6357
6512
6274
6475
7036
6526
6403
7103
7039
6981
6537
7100
6198
6628
6338
7134
6657
6894
6640
6400
6211
6484
6484
6842
6824
7002
6962
6376
6740
6262
7154
6976
7049
6710
6621
7049
6458
6512
6324
7008
6949
6690
6457
7005
6616
6298
6575
6710
7066
6912
6616
6898
7119
6538
6604
6715
6616
7066
6469
6526
7044
6517
6542
7134
6937
6262
7074
6357
6950
6622
6249
6208
6779
6705
6320
6304
6652
6442
7149
6577
7072
6149
6458
6290
7056
6359
7090
6809
6926
6534
6437
6277
6711
6646
6351
6768
6881
6918
6896
6277
7036
6374
6671
6304
6492
6918
6641
6494
7119
6848
6925
7148
6497
6247
6440
6616
7108
6483
6616
6708
6731
6842
7006
6920
6431
7029
6675
6945
6888
6407
7156
6861
6616
7101
6981
6231
6533
6918
7040
6192
6996
6710
6442
6616
6231
6447
6357
6523
6495
6416
6867
6467
6379
6616
7166
6458
6745
6523
6474
6909
6424
6616
6538
6165
6815
6616
6190
7040
6380
7101
6304
6969
6383
6958
6602
6570
6616
6480
6656
7055
6961
6188
7088
6383
7101
6616
6611
6731
7123
6652
6616
7008
6610
6616
6671
6289
6358
6642
6937
6362
6604
6531
6706
6967
6848
6657
6467
6593
6602
6616
6531
6616
6442
6206
7005
6604
6962
6961
6604
6833
6240
7065
6897
6484
6295
6560
6415
6401
6192
6956
6497
6565
7142
6564
6370
6977
6769
7014
6290
6887
7038
6400
6616
6752
6568
6330
6387
7021
6782
6394
6765
6474
7145
6906
7006
7100
6384
7049
7139
6494
7166
6587
6616
6868
6357
6847
7093
6149
6871
6635
7032
6374
7104
6484
6857
6616
6733
6768
6882
6474
6254
6901
6834
6200
6444
6259
7076
6289
6953
6607
6867
6616
7077
6758
6731
6306
7030
6357
6190
6304
6252
6559
6603
6520
6865
7136
6970
6758
6910
6450
6542
6240
6199
6616
6979
6813
6238
6768
6765
6621
7007
6962
6977
6616
6970
6194
6426
6834
6922
6834
6549
7007
6290
7140
6585
6968
6434
6890
6384
7077
7162
6203
6518
7052
6812
6308
6918
6758
6895
6568
6190
6904
6543
7101
6288
6252
6277
6894
7148
6975
6577
6577
6250
6948
6773
6797
6613
6188
6861
6760
6445
6728
6731
6277
7076
6797
7132
9225
7951
7967
8101
8174
8073
8161
7468
8174
7699
7796
7646
7796
7932
8151
7950
8055
7419
8145
7459
7548
7575
7889
7869
7994
7866
7505
8097
7466
7557
8030
7814
7248
7402
7912
7557
7753
8055
7902
7386
7666
7549
8054
7370
8004
8065
7650
7317
7196
7943
7645
7735
7529
7530
7794
7919
8102
7967
7659
7201
7638
7187
7661
7954
7422
7659
7806
7296
7856
7996
7552
7272
8064
7967
7930
7227
7282
7341
7225
7818
7714
7644
7912
7962
8096
8013
7509
7697
7557
7509
8164
8007
8073
7264
7363
7529
7484
8013
7731
8042
7716
8123
7569
7454
7796
8035
7556
7716
7528
7678
7774
7591
8013
7507
7919
8039
8096
7862
8073
8013
7361
8002
7699
7640
8176
7348
7856
7778
7532
7666
7815
7720
7803
7797
7378
7416
7582
7802
8076
7912
7956
7815
7671
8096
7889
7838
8141
8013
7839
8185
7374
8148
7225
7346
8164
7374
7969
8029
7716
7204
7824
7516
7862
7718
8064
7719
7835
8147
7839
8089
7668
7731
7612
8013
7195
8162
8002
7794
7715
7195
8002
7535
7942
8042
7523
7437
7883
7862
7796
7356
7715
7792
7293
7195
7802
8003
7948
7216
7694
7935
7835
8025
7344
7356
8051
8185
7694
7731
7349
7446
8112
7510
8059
7844
7877
7947
7935
7555
7935
8013
7989
7416
7903
7716
8127
7354
7556
7603
7377
8013
8107
7559
7352
8044
7668
8069
7572
8048
7700
7638
8164
7911
7796
7225
7646
7660
7601
7264
7520
7663
7582
7510
8013
7661
7196
8034
7754
8096
7702
8013
7531
7764
7352
8013
7835
7523
7676
7549
8141
7282
8106
7720
7621
7572
7839
7944
7356
7680
8137
7661
8096
7352
7572
7399
7835
7696
7844
7574
7866
7719
7173
8101
7766
7214
8039
7808
7862
7320
8013
7216
7173
7511
7588
8015
8096
8185
7709
7947
7302
8013
8089
7576
7902
7719
7551
7815
8023
7282
7650
7768
8073
7484
7954
7864
8003
8002
7903
7203
7414
8185
7659
8162
7477
7581
8150
7599
7893
7648
7718
8076
7962
7370
7601
7704
8048
7532
7832
7835
7209
7684
7714
7771
8015
8174
7405
7246
7644
7935
7198
7354
7203
7930
7576
7195
7942
7476
7912
7912
8013
7862
7839
7935
7557
8098
7236
7958
7345
7910
8016
7906
7474
7223
8013
7562
7626
7633
7304
8077
7535
7302
7864
8098
7815
7664
7716
8064
7839
8002
7660
7629
7697
7363
7918
7622
7225
7564
7250
7830
7828
7754
7354
8162
8114
8152
7209
7503
8185
8114
7346
7209
7601
7661
7506
7905
8089
7693
7962
7720
7988
7941
7511
7525
7200
8013
7567
8086
7991
7993
7282
7235
7437
7668
8009
8030
7668
7900
7716
7532
7648
7235
8141
7456
7236
7470
8107
8162
8181
7272
8165
7477
7486
7528
7807
7424
7966
8022
7460
7925
7838
7669
7512
7842
7662
7720
7656
7974
7231
7534
8058
8183
7586
7834
8013
7796
7461
7354
7716
7778
8191
7786
7410
8047
7545
7796
7583
7757
8101
7968
7468
7346
7993
8180
7942
7538
8039
7884
7282
7820
7567
7845
7831
7428
7820
7877
7935
7320
7830
7537
7496
7195
7756
8013
7428
8013
7621
7494
7718
7639
7690
8165
7678
7509
7550
8171
7586
7363
7718
7944
8062
7930
8062
8009
7356
8039
8046
7356
7506
7839
7195
8093
7195
7910
7757
7552
7581
7438
7759
7978
7355
7962
7217
7526
7935
7565
7668
7593
8065
7565
7603
7195
8114
7638
7356
7195
8015
7356
7558
7669
7370
7434
7553
8177
7250
7811
7674
8191
7450
7892
7287
8106
7534
7697
7203
7476
7435
8003
7337
7703
8096
7783
7234
7363
7509
7757
7264
8003
7469
7317
7947
7581
7640
7195
7586
8182
7970
7942
7709
7939
7935
7900
7650
7523
7537
8062
7444
7279
7944
7509
7473
7968
7195
7382
7228
7753
7200
7195
7771
7526
7317
7356
8072
7972
7532
7831
7610
8004
7731
7631
7370
7766
7511
7366
7537
8082
8059
7672
8025
7697
7456
7344
7581
7345
7195
7392
7290
7195
7603
8115
7893
7815
7337
7720
7555
7993
7957
7745
7968
7967
7356
7451
8035
7549
7935
7956
7827
7811
7182
7935
7961
8003
7643
8015
7993
7883
8013
7680
7661
7200
7179
7962
7774
7718
7956
8096
8186
8059
8013
7772
8003
7988
7416
7509
7808
7614
7651
7200
7195
7815
7839
7291
7518
7619
8014
7636
7961
7419
7456
7510
7422
7258
7448
7678
7756
7499
8166
7729
8147
7860
7705
7376
7952
7377
7914
7268
7881
8149
7421
8100
8059
8147
7377
7543
9226
8820
8708
8864
9047
8459
8402
9189
9116
9180
8985
8720
8535
9211
8365
8580
8667
8909
8535
9139
8514
8616
8315
8894
8901
8294
8688
8968
8535
8786
8739
8712
8984
8574
8771
9080
8233
9103
8708
8921
9157
9183
8331
8736
8596
8895
8526
8935
8774
8327
8694
8985
8367
9207
8459
8721
8754
8365
8941
9022
8996
8206
8956
8575
9046
8392
8507
8782
8200
8604
8831
8708
8892
8743
8936
8581
8852
8945
8389
8353
8200
8826
9036
8676
8662
8417
8836
8621
8980
8648
8909
8861
9072
8726
8384
8768
9013
8507
8806
8535
9019
8535
8708
9132
8199
8572
9150
9139
8460
8331
9141
8925
9199
8616
8750
8558
8256
9070
8915
8634
8676
8775
8915
8863
8352
8256
8423
8790
8834
9132
8862
8889
8235
9032
8755
8646
8790
8843
8885
8469
9108
8980
8192
9070
8630
8836
9210
8831
8671
8608
8622
8909
8200
8382
8368
8232
9010
8530
9166
8743
8382
8863
8885
8507
8660
8755
9169
8646
8596
8257
8395
8754
9047
8921
8538
8726
8439
8809
8234
9023
9128
8275
8809
8438
8831
8809
9079
9023
8514
8809
9143
8823
8809
8507
8984
8980
8980
8501
8366
8842
8980
8751
9071
9184
8461
8690
8608
8909
8370
8885
8741
8658
9024
8575
8676
9070
8862
8787
9166
8442
8809
8660
8257
9070
8694
8738
8353
8695
8576
8518
9021
8514
8507
8996
8341
8839
8257
8970
9185
8558
8199
8608
8782
8751
8606
9027
8863
8935
9176
9070
8714
8519
9205
8648
8392
8622
8571
8234
9095
8885
8621
8348
8530
8839
9180
8726
9043
8507
8835
8621
8753
8616
8750
8809
9157
8603
8852
8782
8999
9181
9010
8535
8438
8664
8960
8660
8198
8720
8960
8557
8687
8634
8896
8809
8738
8735
9020
8391
9110
8596
8945
8253
8288
9210
8871
8293
8575
8520
8507
8199
8777
8806
8468
8984
9081
8671
9108
8558
8364
8507
8346
9070
9205
8803
8985
9136
8507
8491
9160
8733
8979
8820
8945
8634
8807
8596
9043
8257
9095
8735
8743
8237
9139
8660
9070
9170
9199
8199
8708
8200
8903
9139
9189
8587
8192
8192
8754
8749
9108
9157
8192
9062
8367
9202
9198
8385
9205
8831
8665
8546
9192
8207
8288
8364
8864
8726
8546
9108
8921
8915
9047
8569
8582
8949
8778
8733
8792
8325
8970
9023
8842
8389
8608
8551
9132
8914
9139
8658
8731
8480
8501
8960
9125
8909
8616
9150
8862
8606
8608
8956
8621
8970
8956
9047
9040
9117
9108
8624
9105
9204
8910
8743
8501
8199
8546
9043
8801
9180
8974
9150
8984
8697
8820
9211
9086
8525
8255
9001
8850
8687
8729
8275
8520
8752
8606
8203
8207
8920
8535
8901
8473
8507
9046
8637
8972
9166
9061
8714
9201
8546
8650
8809
8192
8835
9043
8953
8842
8310
9134
8606
8538
8565
8367
8913
8197
8821
9096
9070
8621
8708
8341
9150
8839
8852
8587
8650
8535
9141
8821
8671
8608
8663
8370
8981
8530
9157
8442
8341
8766
8352
9060
8722
9155
8206
8760
8395
8439
8439
8839
8988
8768
8883
8380
9111
8634
8722
8436
8220
8863
8436
8383
8579
9070
8731
8568
8609
8869
8530
8980
8743
8877
8555
8977
8395
8851
8602
8958
8827
9199
8913
8992
9213
8641
8624
8780
8507
8507
8479
8862
8401
8647
8833
8610
9117
8855
9122
9196
8367
8476
9004
9021
9058
8634
8904
8606
8616
8558
8293
8864
8658
9215
8395
9036
8799
9133
8575
9057
8395
8887
8801
8630
8740
8928
8883
8826
8211
8657
8293
9023
8754
8705
8366
8721
8641
8502
8909
9171
9108
9134
8317
8702
8273
8603
8685
8687
8890
8685
8588
8833
8624
8520
8439
8833
9057
8527
8751
8792
8638
8558
8622
9064
8970
8851
8422
8611
8616
8200
8959
9150
9134
8876
9175
8956
8915
8980
8442
8789
9170
8248
8681
8671
8708
8660
8367
8734
8363
8346
8880
8288
8197
8875
8273
9168
9116
8730
8587
8331
8792
8962
8624
9125
8392
8980
9046
8520
9202
8658
8927
8801
8790
8440
8836
9162
9058
8731
8967
8518
8890
8518
8806
8939
8329
8974
8974
8587
8655
9070
9202
8315
8851
8689
8456
9189
9200
9170
8850
8436
8788
8575
8431
9119
8575
8368
8687
9159
8631
8974
8766
8903
9047
8368
8787
8979
8752
8628
8795
8273
8928
8507
8402
9116
8490
9112
9014
8752
8776
8337
8421
8743
8987
8311
9157
9023
8589
8959
8833
8838
8473
9013
8392
8344
8871
8928
8277
9176
8358
8705
8858
9085
9074
9081
8780