9217
9218
1002
120
971
263
971
551
730
307
543
879
990
7
964
59
737
127
342
518
499
551
499
551
499
68
499
68
716
194
68
68
74
429
714
107
343
370
743
990
828
59
940
127
73
1009
1021
731
614
3
731
731
731
667
142
692
594
67
142
446
66
828
18
482
44
935
999
61
59
73
784
131
208
587
208
1
1
1
74
346
60
315
74
53
74
946
74
485
448
879
990
828
726
59
470
784
342
282
824
299
695
666
95
354
68
667
5
904
95
582
366
582
259
217
448
879
7
828
726
59
73
171
342
1009
548
645
297
59
369
592
662
667
823
692
594
828
74
667
485
18
380
935
791
999
61
61
73
784
131
784
131
499
16
51
16
598
51
716
834
2
927
51
946
74
478
543
762
370
833
242
726
59
737
127
342
96
598
653
794
299
68
247
68
904
777
96
68
769
68
366
478
107
46
370
833
828
930
59
940
127
637
784
555
499
195
499
195
646
195
646
195
646
195
299
195
74
253
345
18
225
935
996
999
61
59
737
598
149
282
248
887
205
887
248
74
361
345
315
598
205
205
724
205
478
893
448
135
833
653
726
59
637
299
361
723
361
723
361
723
361
723
361
723
893
803
790
205
887
68
723
831
325
879
833
990
653
726
653
361
784
361
282
361
454
68
454
861
810
571
833
833
990
598
470
171
183
18
380
791
988
988
62
171
131
11
131
11
927
11
366
366
183
183
834
66
102
483
194
470
582
183
427
543
879
66
990
257
964
342
171
342
96
95
361
769
658
361
259
259
46
88
66
990
184
733
470
171
106
192
481
114
733
97
769
113
769
429
904
493
454
493
598
493
769
493
943
88
404
493
769
259
705
825
192
791
809
326
737
737
737
127
953
646
555
646
555
646
195
646
195
598
315
716
315
74
392
74
253
345
543
879
929
990
653
726
171
637
784
637
337
248
74
392
74
193
1009
825
633
836
647
253
197
53
74
253
71
595
762
879
833
930
653
59
637
784
1009
434
633
647
730
52
532
647
253
834
66
828
478
761
66
483
705
631
482
809
809
61
59
737
922
149
922
149
149
205
361
197
248
454
248
315
197
946
946
74
946
772
478
893
448
390
877
420
243
940
922
637
840
205
248
382
429
197
724
197
989
197
989
197
197
989
458
9219
1626
1896
1896
1626
1867
1867
1755
1626
1626
1755
1788
1635
2011
1978
1535
2047
1666
1985
1682
1209
2007
1940
1351
1635
1931
2028
1635
1175
1896
2032
1896
1867
1589
1626
1925
1788
1949
1886
1690
1557
2046
1955
1966
2006
1690
1481
1690
1905
1690
1955
1966
1966
1686
1429
1932
1779
1825
1564
1635
2008
1940
1947
1755
2003
2028
1564
2032
1396
2028
1949
1968
1925
1925
1925
1925
1925
1519
1519
1955
1597
1755
1557
1788
1857
1857
1403
1535
1535
1830
1651
1523
1403
1369
1661
1391
1094
1798
1391
1448
1587
1094
1519
1798
1448
1587
1798
1519
1925
1896
1925
2025
1519
2025
1519
1925
1047
1287
2035
1519
1801
2035
1589
1857
1788
1759
1690
2025
2035
1622
1788
1878
1535
1681
1862
1392
1409
1867
1519
1635
1635
1831
1867
1896
1554
1969
1635
1659
1925
2025
1690
2035
1969
1589
1895
1589
1867
1690
2035
1959
1622
1903
1589
1903
1481
1097
1690
1481
1895
1426
1166
1906
1984
1984
1597
1519
1789
1392
1635
1867
1896
2003
2032
1940
1409
1094
2001
1969
1969
1519
1587
1094
1867
2007
1969
1519
1622
1812
1516
2045
1519
1690
1519
1831
1867
1690
1426
1519
1443
1661
1464
1631
1565
1367
1391
1664
1565
1410
1985
1974
1410
1867
1798
1635
1838
1565
1635
1813
1519
1896
1969
1867
1554
1788
1867
2046
1409
1523
1949
1690
1969
1896
1690
2001
2001
1714
2028
1867
1166
1758
1932
1932
1250
1597
1937
2001
2001
1564
1940
1409
1940
1764
1635
1519
1949
2032
2001
1554
1714
2028
1867
2035
2006
2028
1589
2032
1547
1481
1519
1991
2035
1481
1714
2007
2035
1867
2028
1671
2047
1878
1932
2027
1932
1874
1783
1270
1825
1783
1936
1984
1218
1424
1867
1583
1824
1606
1583
1824
1940
1874
1936
1452
1874
1982
1985
1874
1564
1940
1666
1940
1846
1936
1480
1452
1982
1824
1291
1354
1291
1132
1798
1391
1664
1565
1410
1838
1925
1998
1452
2008
1947
1764
2001
1452
1348
1519
2032
1315
2008
2032
1947
1966
1585
2028
2008
1949
1452
1857
1882
1947
1857
1636
1299
2008
1857
2032
1535
1931
1984
1828
1862
1824
2008
1886
1392
1206
1583
1886
1892
1635
1585
1886
2008
1519
1703
1886
1481
1955
2028
1914
1206
1481
1452
1636
1218
1417
1491
2008
1690
1857
1886
2008
1714
1491
1714
1585
1986
1535
1535
1824
1867
1635
1722
2003
1996
2032
2008
1867
1519
1882
1959
2006
1914
1955
2025
1914
1955
1895
1347
1914
1984
1573
1365
1535
1535
1964
1755
1635
1659
2035
1368
2046
1368
1218
2017
1460
1641
1798
1192
1188
1798
1759
1807
2003
1801
1807
1588
1801
1404
1815
1815
1287
1368
1347
2028
1815
1347
1807
1392
1535
1964
1557
1755
2035
1815
1801
1519
1659
1801
1700
1867
1931
1258
1535
1573
1535
1755
1270
1519
1635
1896
1925
2032
1635
1867
1949
1886
2035
1925
2046
1955
2035
1886
2046
1884
1589
1481
1589
1267
1403
1896
1392
1059
1558
1896
1392
1694
1801
1160
1659
1535
1764
1807
2001
1594
1969
1048
1979
1949
1448
1949
1094
1720
1925
1694
1587
2025
1188
1831
1481
1925
1248
1587
1815
1884
1317
1884
1436
1160
1587
2015
1519
1903
1720
1899
1867
1623
1344
1501
1556
1464
1912
1081
1782
1915
1967
1504
2045
1915
1864
1828
1862
2045
1681
1437
1437
1910
1277
1437
1437
1437
1437
1437
1437
1437
1606
1606
1606
1936
1606
1982
1240
1452
1940
1940
1637
1637
1609
2044
2044
2044
2044
1437
1910
1606
1880
1409
1828
1409
2010
1674
1209
1240
1824
1707
1351
1940
1179
1179
1240
1705
1437
1840
2045
1437
1396
1880
1409
1674
2001
1861
1674
1240
1209
1480
1832
1480
1637
1947
1825
2044
1814
1846
1535
1597
1950
1674
1452
1674
1669
1564
1828
1123
2045
1669
1409
1973
1480
2045
1844
1844
2045
1669
1409
1828
1606
1824
1409
1215
1209
2010
1535
1270
1583
1635
1583
1470
1961
1838
1427
1132
1479
1868
1427
1782
1915
1637
1718
1609
1669
1480
1277
1861
2045
1438
1982
1973
1480
1606
1925
1387
1949
1599
2001
1480
1949
1044
1094
1947
1949
1209
1277
1209
2007
1044
1974
1044
1166
1586
1844
1205
1105
1984
1490
1637
1984
1237
1758
1479
1651
1480
1035
1874
1758
1669
1874
1438
1784
1949
1206
1722
1831
1949
2001
1094
1480
1714
1438
1831
1682
1937
1448
9220
2190
2257
2257
2992
2485
2915
2942
2887
2243
2564
3000
3000
2090
2156
2590
3028
2238
2443
2914
2769
2467
2972
2185
2100
3008
3035
2185
3035
2644
2564
2531
2111
2952
2720
2544
2964
3062
2401
2818
2588
3000
2225
3071
2815
2243
3008
2818
2758
2133
2276
2162
2225
2800
2424
2641
3070
2257
2253
2457
2697
2608
2283
2800
3047
2452
2712
3028
3000
2700
2936
2940
3022
2700
2628
2735
2644
2579
2511
2544
2939
2344
2791
2791
2748
2209
2399
3071
2150
2735
2457
2905
2905
2255
2604
2721
2297
2944
2313
2709
2088
2255
2619
2665
2700
2057
2712
2531
2746
2801
2889
2130
3046
2165
2091
2738
2443
2510
2942
3062
2942
2703
2746
2440
2440
2293
2788
2192
2192
2434
2945
2346
2467
3000
2257
2664
2857
2945
2442
2630
2944
2177
2612
2848
2833
2651
2102
2333
2260
2180
2506
2153
2833
2192
2727
2749
2848
2928
3012
2192
2944
2877
2968
2877
2119
2119
2064
2928
2830
2332
2771
2380
2837
2457
2844
2283
2887
2800
2925
2452
2945
2588
2844
2764
2787
2470
2345
2575
2904
2700
2844
2225
2868
2697
2946
2944
2579
2649
2383
2255
2925
2925
2990
2091
3041
2536
2868
2506
2435
2249
2382
3070
2647
2048
3068
2672
2787
2156
2694
2457
2048
2647
2283
2860
2608
2320
2701
2343
2048
2048
2850
2608
2628
2825
2801
2833
2642
2628
2459
2628
2628
2628
2945
2628
2608
2628
2511
2791
2644
2930
2672
2249
2818
2156
2529
2460
2962
2811
2644
2964
2226
2333
2638
3012
2905
2589
2801
2912
2735
2868
2789
2168
2168
2860
2608
2608
2320
2628
2671
2253
2735
2672
2608
2868
2937
2701
2649
2962
2283
2837
2457
2701
2697
2498
3021
2705
3021
2561
2529
2050
2883
2443
2607
2121
2283
2787
2538
2283
2623
2623
2647
2860
2787
2787
2607
2701
2623
2371
3019
2168
2432
2262
2552
2804
2162
2818
2529
2967
2300
2371
2242
2354
2793
2933
2563
2811
2585
2176
2242
3047
2880
2119
2899
3035
2714
2563
2242
2489
2121
2671
2899
2877
2242
2899
2887
2121
2906
2947
2191
2789
2671
2511
2813
3029
2097
2119
2402
2916
3011
2283
2769
2916
2968
2419
2645
2402
2525
3012
2529
2136
2793
2498
2398
2421
2443
2791
2561
2467
2604
2899
2830
2883
2506
2782
2452
2883
2277
2506
2419
2630
2800
2920
2877
3071
2833
2899
3021
2538
2525
2723
2925
2933
2313
2630
2972
2714
2968
2972
2604
2691
2735
2841
2419
2833
2419
2467
2925
2912
2452
2277
2909
3021
2905
2332
2868
2930
2394
3015
2942
2897
2877
2255
2529
2516
2382
2257
2735
2651
2700
2944
2801
2498
2788
2727
2119
2419
2199
2877
2915
3009
2649
2581
2912
2452
2801
2452
2452
2452
2868
2088
2467
3071
2224
2748
2424
2478
2612
2925
2945
2320
2612
3009
2854
2854
2250
2945
3012
2748
2723
2448
2429
2564
2825
3012
2789
2968
2224
2944
2964
2467
2544
2478
2721
2793
2874
2748
2964
2944
2969
2817
2210
3051
2741
3071
2649
3051
3071
2712
2248
2162
2717
2905
2464
2097
2875
2811
2224
2276
3012
2276
2964
2082
2552
2933
2727
2986
2906
2510
2741
2945
2411
2735
2809
2874
2277
2649
2869
2577
2162
2887
2939
2990
2467
2892
2976
2908
2489
2474
2561
2720
2223
2426
2061
2538
2611
2561
2544
2835
3008
2442
2749
2880
2550
2215
2525
2498
2758
2206
2498
2589
2762
2671
2868
3054
2224
2800
2993
3008
2090
2631
2536
2850
2460
2821
2176
2531
3070
2383
2767
3015
2219
3015
2589
3023
2811
2209
2619
2844
2617
2635
2585
3045
2724
2054
2724
2257
2811
2314
2292
3022
2920
2529
2508
2536
3007
2464
2462
2993
2727
2749
2918
2733
2695
2096
2844
2735
2529
2616
2515
2320
2962
2531
2457
3038
2398
2842
2979
2507
2515
2617
2724
2939
2721
2419
2192
2602
2971
2920
2857
2536
2095
2632
2912
2632
2848
2890
2398
2245
2901
2607
2695
2925
2939
2095
3035
2796
2912
2557
2930
2557
2223
2246
2972
2989
2672
2587
2388
2695
2811
2935
3001
2880
2709
2937
2568
2443
2981
2419
2672
2947
2672
2371
3007
2944
2789
2972
2156
2253
2647
2097
2953
2644
3028
2627
2868
2804
2162
2623
2589
2211
2588
2194
2420
2368
2382
2682
2647
2920
2589
2789
2703
2498
2920
2644
2647
2779
3032
2430
2533
2054
2079
2330
2330
2156
2792
2743
2672
2194
2330
2792
2701
2330
9221
4070
3462
3088
3467
3413
3933
3704
3903
3730
4064
4077
3504
3123
3599
3766
3339
3961
4077
3663
3107
3149
3572
3876
3202
3133
3557
3950
3237
3437
3107
3107
3296
3843
3856
3420
3732
3292
3641
3839
3790
3949
3876
3498
3522
3778
4053
4072
3919
4032
3270
3959
3403
3217
3333
3477
3949
3701
3244
4094
3817
3269
3496
3843
3447
3641
3820
3165
4038
3307
3307
3766
3694
3977
3133
3743
3654
3869
3276
3951
4077
3477
3413
3288
4077
3307
3504
4079
4067
3437
3552
3552
3342
3598
3832
3917
3376
3376
3126
3696
3880
3536
4077
3414
3470
3880
4042
3283
3270
3530
3816
3376
4030
3747
3952
4052
3468
3506
3891
4042
3555
3498
3413
3555
3376
3310
3376
3325
3883
3485
3804
3558
3522
3339
3846
3358
4085
3168
3343
3547
3940
3199
3592
3165
3674
3928
3498
3673
3500
3095
3987
3517
3933
3498
3398
3165
4052
3952
3702
3621
3530
3869
3901
3413
4008
4004
3950
3338
3238
4004
3897
3475
3096
3311
4089
3205
3900
3235
3702
4077
3530
3839
3671
3165
3460
3696
3439
3935
3447
3900
3313
3315
3303
3506
3928
3925
3300
3209
3611
3959
4077
3782
3311
3644
3600
3565
3398
3585
3699
3247
3662
3828
4059
3303
3469
3104
3598
4077
3327
3595
4052
3420
3248
3839
4073
3565
3247
3843
3323
3308
3740
3952
3675
3297
3358
3735
3747
3270
3747
4042
3912
3442
3247
3747
3148
3675
3843
3839
3266
3875
4017
3504
4095
3165
3072
3836
3276
3469
3469
3727
3598
3822
3843
3982
3647
3883
3603
3603
4077
3107
3959
4077
3340
3261
3966
3836
3783
4056
3843
3940
3338
3154
4087
4087
3095
3276
4008
3126
3881
3447
3675
3738
3410
3126
3449
3339
3942
3074
3317
3474
3504
3096
3107
3283
4016
3123
3942
3708
4051
3081
3651
3839
3737
4051
3804
3169
3738
3836
3171
3959
4094
3778
3107
3641
3919
3959
3446
3558
3867
3080
3495
3296
3877
3079
3504
3710
3883
3500
4042
3238
3078
4094
4055
3311
3327
3869
3530
3461
3642
3690
3876
3642
3530
3672
3398
3372
4020
3311
3372
3367
3141
3372
3869
3311
3461
4076
3342
3461
4022
3311
3621
4005
3311
3556
3621
3226
3621
3836
3311
3559
3724
3311
3123
3887
3642
3855
3942
4094
3365
3237
3642
3880
3088
3235
3738
4052
4014
3370
3111
3459
3509
3372
4082
3498
3804
3810
3839
4049
3073
3676
3189
3522
3824
3810
3942
3300
3942
3198
3959
3111
3919
3498
3115
3881
3810
4054
3974
3951
3928
3764
3189
4068
3791
3934
3345
3504
3935
3621
3398
3104
3406
3940
3257
3798
3908
3270
3511
4077
3674
3690
3366
3270
4048
3335
3925
4077
3547
3966
3810
3259
4077
3284
3406
4053
3335
3778
3951
3890
3581
4074
3525
3778
4052
3335
4053
3950
3925
3585
3719
3530
3507
3775
3452
3616
3662
3966
3839
3844
3981
3502
3834
4006
3952
4072
3619
3868
3413
3824
3437
3904
3743
3904
3715
3966
3843
3778
3951
3778
3101
3608
3238
3400
3225
4077
3868
3504
3577
3270
3741
3111
3935
3126
3876
3831
3327
3413
3647
3876
3893
3831
4042
3535
3940
3276
3914
3414
3893
3191
3437
3856
3639
4091
3987
4072
3555
3376
3567
3115
3389
3719
3138
3276
3924
3777
3136
3425
3453
3337
3189
3608
3077
3080
3576
3751
3634
3304
3189
3751
3644
3512
3238
3225
3189
3922
3138
3576
3512
3363
3469
4065
3506
3080
3264
3104
3937
3081
3996
3996
3720
3452
4077
4016
3403
4095
3730
3148
3784
3621
3887
3389
3177
4016
3201
3921
3610
3189
3909
3700
3985
3925
3235
3942
3107
3403
3935
3937
3256
3514
3238
4093
3522
3801
3760
3085
4010
3079
3800
3784
3631
3800
3198
3262
3242
3547
3337
3310
3807
3240
3517
3932
3900
3149
4029
3929
4038
3740
3074
3300
3446
3663
3788
3909
3406
3763
3476
3763
3164
3851
3149
3569
3512
3252
3801
3634
3800
3500
3177
3670
3347
3760
3363
4095
3337
4088
3845
3914
3480
3304
3206
3085
3834
3493
3621
3157
3621
3751
3552
3325
3548
3303
3595
3600
3572
3455
3157
3552
3817
3296
3681
3552
3639
3304
3621
4094
3681
3429
3600
3462
3143
3740
3629
3572
3133
3942
3369
3237
3513
3786
3742
3321
3608
3339
3177
4073
3548
3179
3265
3976
4051
3542
3485
3491
3505
3981
3133
3804
3303
3967
3254
3548
4090
3369
3577
3437
3284
3814
3469
3910
3335
3237
3133
3311
9222
4481
4893
4713
4893
4924
4660
4132
4299
4864
4332
4526
4624
4364
5010
4352
4493
5049
4505
4458
4179
4581
4149
4740
4740
4351
4175
4732
5094
4173
5003
4505
4593
4939
4156
4800
5037
4795
5026
4555
4625
4934
4397
5077
4906
4759
4720
5038
4759
4150
4950
4875
4962
5088
4916
4126
4576
5056
4990
4779
4726
4743
4780
4384
4732
4197
4681
4653
4955
4859
4457
4195
4852
4501
4170
5022
4705
4629
5118
4320
4776
4484
4472
4106
5038
4215
4164
5059
4926
4414
4384
4673
4933
4629
4198
4253
4819
4927
4942
4424
4624
4171
4924
4184
5089
4453
4530
5056
4601
5022
4893
4621
4624
4801
4977
4726
4320
4985
4801
5095
5018
4287
4660
4284
4914
4161
4921
4443
4727
4121
5030
4671
4566
4125
5003
4508
4197
4539
4171
4230
4171
4171
4171
4755
4539
4171
4519
4712
4885
4786
4145
4171
4171
4830
4468
4519
4636
4171
4654
4817
5115
4539
5049
4955
4332
4332
4411
4934
5047
4999
4203
4513
4592
4948
4813
5003
4414
4414
4544
4392
4171
4530
4593
4810
4975
4334
4852
5094
4600
4812
4766
4307
4961
4369
4802
4899
4723
4583
4301
5026
5089
4125
4831
4800
4407
4752
4924
4773
4126
4897
5038
4788
4171
5028
4380
4711
4332
4436
4743
4898
4841
4897
4170
4414
4387
5042
4379
4460
4519
4678
5041
5009
4720
5050
4546
5042
4987
4519
4710
4560
4681
4660
4484
4354
5087
4246
4335
4978
4455
4806
4468
4936
5078
5078
4640
4772
4702
4559
4478
4534
4465
4324
4822
5050
4985
4128
4594
4150
4451
4347
4899
4640
4813
4167
5050
4171
4510
4145
5089
4296
4559
4120
4999
4810
4792
4615
5096
4829
5023
4223
4785
4300
4675
4386
4661
4436
4233
4369
4916
4320
4324
4603
4755
4353
4985
4444
4904
4780
4908
5050
4182
5050
5050
5010
4402
4296
4869
4978
4829
4894
4440
4140
4402
4869
4350
4508
4352
4598
4269
4725
4237
4752
4530
4666
4202
4675
4351
4704
4892
4337
4800
4274
4411
4831
5044
4961
5011
4175
4354
4215
4961
4346
4175
4296
4812
4449
4773
4845
5011
4953
4860
5045
4704
4313
4305
4120
4100
4720
4704
4943
4414
4725
4171
4185
4704
4960
4269
4961
4593
5099
4704
4907
5110
4752
5026
4500
4773
5094
4456
4731
4821
4834
4773
4725
4171
4171
4171
4812
4171
4773
4100
4171
4898
4322
4171
4258
4690
5047
4936
4656
4812
4249
4661
4526
4656
4773
4100
4258
4134
4426
4853
4269
4999
4500
5049
4843
4161
4530
4508
4392
4138
4928
4106
4732
4357
4299
4770
4972
4150
4972
5029
4170
4305
4889
4906
5011
4859
4589
4955
4919
4449
5039
4715
4539
4519
4631
4739
4578
4624
4219
4119
4763
4508
4676
4624
4132
4873
5009
5040
4389
4414
5091
4823
4805
5099
4351
4349
4414
4864
4934
4364
5029
4400
4198
5076
4315
4459
4927
4200
4810
4150
4732
4684
4431
4817
5096
4150
4953
4615
5090
5011
4925
4955
5089
5110
5089
4899
4477
4788
4604
4928
4589
4217
4197
4567
4593
4970
4810
5047
4487
4866
4876
4711
5019
4699
4654
4398
4676
4905
4931
4934
4477
5114
5029
5005
4983
5009
4821
4625
4201
4705
4458
4508
4660
5042
4477
5022
4906
4751
4843
5022
4861
5097
4925
4972
5050
4388
4949
4907
4405
5045
5070
4933
4320
4766
5044
4435
4482
4850
4128
4546
4694
4346
4164
4457
4097
4350
4939
4350
5044
4973
4411
4791
4600
4430
4666
5079
4856
4898
5049
4760
4216
4637
4908
4439
5039
4449
4839
4898
4898
4997
4997
4408
4897
4217
4665
4453
4606
4439
4283
4498
4171
4332
4470
4256
4314
4802
5090
5109
4960
5112
5077
5104
5004
4498
4878
4573
4971
4254
4418
4798
4278
4696
4432
4145
4850
4407
4940
5117
5109
5077
4244
5011
5026
4442
4780
4953
4780
4171
4916
4171
4726
4134
4814
4726
4559
4627
4475
4432
4888
4168
4470
4195
4320
4353
4382
4562
4353
5090
4605
4350
4726
4916
4894
4894
4846
4544
4269
4289
4728
4381
4617
4387
4164
4948
4731
4513
4501
4254
5037
4112
4144
4731
4760
4617
4324
4617
4171
4345
4648
4501
4991
4820
4773
4463
4961
5011
4763
4995
4652
4681
4307
4234
4255
5026
4629
4145
4794
4362
4376
4555
4373
4435
4529
4468
5002
4171
4171
4819
4501
4376
4432
4629
4826
4343
4376
5002
5010
4144
4893
4814
4171
4629
4508
4171
4960
4456
4861
4740
4919
4739
4961
9223
6064
5291
5517
5279
5943
5125
5414
5231
5577
5414
5730
5346
5703
5235
5844
5532
5899
5259
5409
5156
5333
5908
6102
5725
5152
5803
5199
5412
5803
5813
5210
5725
6101
6023
5803
5813
6023
5973
5728
5414
5860
5220
5909
5947
5148
6036
6101
5999
6101
5456
5805
6101
5556
5764
5573
5412
5517
6140
5303
5492
5966
5663
5940
5925
5478
6137
5593
6005
6112
5164
5369
5498
6010
5270
5466
5211
5805
5715
5531
5287
5123
5491
6041
5988
5803
5856
5498
5273
5550
5402
5278
5741
5854
5526
5728
5277
6115
6139
5500
6064
6083
5274
5478
5372
5424
5952
6082
5618
5486
5899
5498
5457
5566
5983
5563
5626
5869
5955
5559
5758
6090
5327
6027
5577
5966
5823
5453
5808
5274
5500
5886
5702
5217
5894
5298
5772
5869
5228
5141
5481
5373
5805
6097
5816
5135
5417
5678
5159
5490
6073
6087
6019
5849
5130
5514
5530
5500
5279
5457
5938
5566
5816
5125
5566
5473
5937
5564
5834
5211
5867
5820
5189
6099
5739
5964
5844
5964
5211
5915
5431
5400
5657
5271
5242
6017
5922
6041
5367
5731
5201
5954
5445
6125
6079
5931
5486
6079
5400
5724
5400
5465
6002
5561
6085
5525
5814
5125
5398
5501
5967
5415
6062
5465
5156
6125
5148
5323
5925
5128
5844
6104
5323
5414
5737
5922
5560
5687
5821
5644
6019
5814
5908
5766
5708
6064
5773
5406
5665
5665
5665
5275
5908
5853
5574
5760
5724
5481
6054
5805
5764
5904
5674
5665
6140
6064
5340
5436
6039
5645
6062
5731
6041
5420
5644
5517
5943
5165
5156
6101
6101
5351
6050
6017
5492
5861
5389
5459
6039
5856
5760
6027
6029
6086
6073
5708
5665
6092
6140
5141
5348
5226
5236
5156
5275
5408
5823
5663
5399
6107
5275
5942
6119
6125
5803
5363
5283
5614
5128
5327
6006
6140
5811
5840
5268
5789
6140
5915
5514
5700
5268
5419
5904
5347
5448
5268
6125
5886
5372
5817
6006
5739
6065
5710
5452
5525
5358
5347
5696
5338
5925
6049
5532
5536
5425
5738
5892
5715
5215
6049
6073
5414
5724
5925
5224
5571
5172
5281
6126
5585
5941
5532
5220
5664
5318
6071
5487
5673
5739
5385
5967
5967
5708
5852
5555
5317
5696
5890
6070
5561
6036
5899
6121
5318
5147
5498
5131
5916
5421
5749
5305
5305
5745
5820
5693
6119
5984
6050
5852
5477
5985
6070
5856
5835
5165
6113
5323
6127
5225
5189
5634
5236
5364
5603
6023
5135
5241
6023
5778
5863
5860
6113
5128
6101
5614
6083
5736
6101
6085
5477
5738
5999
5676
5864
5913
5125
5456
5388
6004
5517
6027
6005
5498
5323
5555
6110
5950
5374
5364
5231
5697
6109
5760
5142
5202
5966
5279
5411
5614
5279
5815
5657
5495
5922
5661
5159
5805
5657
5130
5820
6120
5739
5425
5626
5130
5123
5598
5209
5958
5374
5391
5927
5159
5573
5453
5357
5123
6109
5625
5727
6073
5862
5323
5567
5303
6134
5279
6048
5811
5220
5657
5805
5233
6017
5495
5982
5233
6089
5777
5498
6110
5262
5226
5312
5130
5789
5288
5288
6024
5318
5499
5862
5708
5926
5997
5772
5271
6097
5351
5402
5271
5678
5331
5228
5431
6073
5644
5228
5849
5331
5331
5964
5731
5374
5869
5517
5665
5710
5988
5668
5819
6045
5414
5593
6103
5614
5643
5600
5858
5492
5492
5266
5492
5128
5445
5418
5810
5128
5829
5965
5145
5450
6142
5561
5826
5415
5247
6012
5402
5434
5545
5645
5645
5841
5348
5596
5817
5965
5274
5708
5324
5268
5875
5910
5456
6133
5835
5235
5835
5836
5459
5225
5753
5277
5725
5334
6125
5284
5967
5382
5335
5324
5922
5166
6050
5756
5876
5415
5545
6010
5398
5268
6045
5517
6041
5471
5271
5550
5466
5938
5419
5535
6143
5644
5694
6102
5147
5366
6041
6064
5833
5800
5703
5440
5933
5183
5804
5985
5364
5382
5395
5914
5211
5812
5305
5764
5214
6119
5788
6131
6060
5274
5454
6060
5172
5141
5305
5871
6126
5609
5131
5753
5617
6064
5606
5706
5262
5217
5928
5645
5280
5157
5768
5302
5128
6041
5820
5853
5439
5818
6041
5315
6062
5801
5739
5425
5277
5373
5420
5460
6126
5550
5558
5163
5909
6125
5801
5482
6042
5347
5578
5373
5281
5725
5774
5352
5460
5373
5470
5212
5986
6084
5309
5450
5613
5941
5938
5578
5801
5727
6054
5440
5796
5801
5532
5370
5789
5873
6112
5578
5834
5320
5262
5722
6084
5725
5927
5414
5578
5520
5197
6024
9224
6189
7002
6303
6603
6603
7007
6828
7090
6807
6304
7149
7054
7148
6497
6771
6750
6736
7163
6379
6937
6994
7014
6830
6277
7047
6807
6638
6374
6948
6928
7032
6160
6571
6649
7133
6154
7044
7000
6995
6622
6304
6837
6648
6807
6605
6939
6306
6646
6506
6147
6508
6716
7082
6262
6751
6559
6967
6242
6593
6497
6466
6447
6429
6407
6700
6737
6793
6654
6638
6846
7013
6778
6464
6749
6249
7132
6357
6537
6497
6499
6493
6612
7039
7029
6587
6912
6808
6150
7147
6761
6172
6231
6760
6516
6262
6621
6598
6446
7039
6615
6646
7060
6493
7056
6493
6709
6322
6523
6762
6193
6690
6458
6847
6286
7090
6211
7056
6347
7134
6458
6682
6646
6190
6834
7149
6495
6674
6512
6605
6682
6495
6220
6890
6568
6383
7027
6598
6598
6854
6374
6437
6304
6854
6324
6886
6780
6540
7008
7100
6794
6949
7087
6598
6622
6262
6843
6794
7056
6258
6855
7139
6944
6303
7148
6459
6810
6879
6586
6554
6641
6224
7026
6925
7112
6962
6623
6242
6354
6792
6375
6523
7103
6846
6892
7026
7148
6608
6807
7148
6807
6189
6553
6927
6837
6769
6879
6541
7090
6722
6303
6303
6649
6868
6720
6554
6912
6484
6469
6491
6902
6915
6583
7078
6721
6848
7093
6557
6684
6322
6994
6191
7109
7152
6694
6303
6303
6931
6189
6608
6868
6631
7029
7014
7125
7082
6868
6981
6638
6981
6658
6817
6189
6259
6845
6543
6992
6837
7159
6967
7055
7021
6848
6643
6797
6264
6397
6643
6541
6802
7061
7120
6931
6570
6189
6788
6512
6238
6258
6810
6365
6643
6191
6807
6322
6648
7135
7063
6788
6534
6146
6598
6849
6651
6643
6593
6478
7062
7104
6675
6447
6465
7072
6652
6954
6220
6646
6654
6675
6930
6787
6698
6347
7117
6716
6810
6252
6393
6208
6652
6807
6171
6171
7126
6367
6169
6453
6897
6720
7040
6933
6894
7070
6306
7024
7014
6320
6994
6955
6948
6867
6700
6780
6187
6312
6834
7009
7000
6765
7018
6271
6312
6757
6466
7166
7123
6671
6489
6644
6953
7072
6264
7158
6791
6892
6851
7059
6508
6339
6204
6643
6347
6231
7106
6349
6918
7165
6807
6791
6466
6179
6780
7024
6931
7166
6337
7055
6760
6966
7042
6435
7042
6780
6386
6206
6627
6459
7090
6512
6154
7024
6203
6629
6493
6349
6768
6691
6658
6309
6671
6581
6550
6216
6204
6216
6962
6675
6809
6941
7098
7014
6497
6392
7024
6386
7014
7090
6400
6825
6595
6347
6305
6392
6359
7031
6807
6197
6849
7123
6788
6416
7011
6607
6308
6167
6566
6249
6581
6621
6827
6417
6776
6945
6434
6160
7016
6970
6577
6631
6621
6531
6455
6994
6437
6622
6669
7075
7148
6920
7115
7058
6897
7139
6509
7139
6550
6621
6598
6681
7090
7014
6715
6947
7016
6649
6542
6154
6843
6437
6574
6163
6383
6542
6626
6739
6424
6696
6999
6817
6412
6939
6307
7002
6347
6796
6147
6530
7104
7032
6163
6576
7155
7139
6646
6419
7007
6894
7029
6630
6383
6693
6828
6631
6383
6383
6305
6512
6478
6437
7007
6605
6260
6550
6621
7085
6994
6484
6392
6778
6484
6575
7085
7091
6812
6798
6984
6682
6612
6858
6931
6855
6812
6976
6363
6193
6208
6947
7078
6383
6897
6729
7031
6156
6304
7075
6480
6365
7044
6650
6260
6729
6361
6586
6806
6149
6696
6842
6810
6806
7123
6974
6387
6785
6948
6356
6324
6685
6495
6759
6548
6849
6548
6241
6792
6737
6552
6550
6288
6214
6964
6548
6448
6792
6512
6964
6849
6167
6506
7021
6378
6747
6817
6342
6548
6593
6956
6153
6593
6810
6171
6585
6394
7068
6889
6849
6499
6962
6838
6685
6466
6413
6303
6905
6793
6249
7031
6900
6955
6810
6900
6661
6730
6489
6157
6249
6454
7145
6585
6871
6664
6787
6426
6956
6638
6595
7077
6484
6620
6495
6146
6823
6306
6877
6749
6340
6381
6312
6847
6756
6620
6486
7000
6968
6593
6638
6815
7014
7103
6750
6804
7055
6376
6638
6733
6538
6386
7128
7001
6900
6817
6362
6441
6242
6441
6759
6750
7112
6890
6370
7142
6293
6971
6900
6378
6534
6472
6935
7026
6505
6392
6749
6934
6729
6911
7000
6204
6749
6674
6705
7167
6271
6204
7152
6346
6843
7167
7148
6992
7058
6791
7156
6366
6170
6449
6146
6902
7167
6609
6170
6312
6157
6807
6336
6642
6577
6840
6189
6305
6705
6554
7013
6996
6324
6996
7075
6467
6964
6770
6433
7112
6523
6661
9225
7346
7757
8181
7672
7828
7868
7676
7982
8141
7612
7825
7215
7921
7969
7345
7844
7906
7949
7793
7769
8144
7982
8015
7876
7988
8030
7630
7626
7912
7728
7445
7549
7356
7446
8093
7382
7380
7206
7689
7465
7472
7668
7574
8071
8181
7715
7735
7873
8039
7484
7911
8096
7557
7502
8150
7598
7185
7759
7969
8082
7974
8082
7298
7242
8173
7642
8108
7832
7736
7663
7736
7366
7664
7678
7792
7228
7792
7659
8091
8106
7236
8031
8071
8138
7282
7538
7700
8112
7209
7532
7532
7446
7847
7245
7769
8165
7814
7345
7290
8165
7926
8059
7912
7999
7532
7648
7716
7472
7983
7750
8039
7345
8182
7699
7835
8150
7912
7577
7786
8142
7409
7670
7982
7449
8186
7590
7912
7753
7532
7998
7237
7828
7663
7919
8092
7880
8174
7836
8047
7830
8157
8035
7706
7250
7216
7244
7757
7888
8047
7472
8083
7169
8108
8083
7574
8165
8190
7446
7185
7864
8023
8069
7923
8077
7699
8040
7532
7699
7623
7706
7988
7638
7655
7706
8125
7982
7740
7807
7645
7718
7912
7257
8090
7505
7667
7884
7957
7505
7690
7503
8095
7897
7645
7967
7576
7206
7370
7785
7754
7862
8168
7574
7566
7910
7184
7982
8108
7173
8116
7476
7931
7766
7951
7792
7824
7771
7275
7656
7281
8164
7541
7755
7528
7845
7912
8088
7868
7570
7577
7486
7731
8106
8181
7897
8047
7941
8186
7863
7820
7602
7993
7541
7445
8106
8022
7882
7968
7782
8177
7856
8099
7939
7552
8133
7740
7526
7631
7728
7893
7495
7611
7880
7539
8054
7484
8117
7556
8055
7317
7941
7982
7465
7460
7621
7907
7820
7816
7587
7446
8131
7678
8162
7556
7856
7693
8162
7930
7291
7697
7636
7934
7896
7893
7317
7911
7571
8043
7714
7599
7949
8088
7858
7926
7864
8177
7728
7651
7852
7202
7942
7814
7579
7295
7290
8082
8185
7930
7435
8091
7925
7924
7705
7831
8108
7889
7776
7257
7427
7583
8039
7526
8161
7911
7998
7933
8102
8047
7374
7579
7245
7911
7374
7646
8032
7785
7942
8097
7572
7365
7407
7954
7836
7374
8102
8055
7465
7879
8038
8147
7592
7879
7657
8177
7263
7652
8051
7803
7664
7715
7298
7486
7969
8142
7942
7771
7608
7866
7635
7787
7787
7220
7814
8107
7687
7510
7954
7336
7715
7168
8140
8091
8033
8112
7240
7887
8117
7794
7265
7543
8075
7457
7678
8164
7228
7629
7992
7880
7523
7590
7972
7650
7816
7599
7611
7735
7185
7611
8013
8013
7243
7831
7982
7298
7773
7794
7764
7549
7526
7824
7472
7198
7917
7614
7834
7761
7358
7796
8125
8165
8076
8161
8044
7330
7718
7661
7593
7419
7835
7924
7706
7657
7574
7525
7374
8174
7171
7236
7834
8159
8055
7720
7757
7694
7532
7923
7962
8096
7508
7776
7725
7730
7880
7621
8164
7866
7548
8055
8174
7533
7676
7479
7693
8043
8181
7417
8044
7793
7599
7926
7459
8181
7740
7958
7409
7464
7694
7346
7879
8151
7793
7718
7581
7411
7954
7905
8039
8028
7736
7621
7513
7693
7828
7820
7575
7992
8141
7932
7967
7835
8166
7935
7532
8161
7592
8165
7465
8015
7918
8165
7199
7620
7989
7380
7686
8186
7842
8093
7802
7895
7352
8008
7720
7362
7731
8008
7198
7961
8087
7510
7796
7929
7699
7352
8058
7879
8177
7535
7188
7319
7363
8061
7996
7462
7659
7457
7885
7993
7438
7586
7419
7202
7604
7756
7666
7464
7603
7202
7829
7469
7920
7571
7949
7903
8007
8111
7332
8065
7225
7982
7236
7763
7590
8131
7652
7676
7910
7699
7217
7388
8088
7949
8177
8186
7346
7737
7847
7460
7690
7311
7982
7348
7629
8092
7493
7729
7256
7293
7301
7577
8043
7826
7610
7175
7794
7505
7579
7769
7572
8101
7333
7711
7767
7959
7837
7388
7728
7544
7628
7477
7191
7976
7367
7411
7729
7470
8045
7678
7366
7363
7566
7220
7807
7706
7830
8018
7626
7354
7207
7633
7733
7786
8000
7918
8186
7668
7941
7407
7387
8067
7483
8161
8101
7628
7513
7706
7603
7333
8167
7430
7651
7312
7292
7362
7737
8077
8086
7589
7760
7543
7818
8147
7956
7756
7897
8172
7732
7352
8165
7955
7220
7252
8031
7756
8031
8031
7948
8134
7543
7886
7587
7882
7497
8165
8140
7659
7352
7564
7257
8088
7625
7670
8153
7217
7933
7865
8012
7763
7424
7595
7517
7625
7714
7227
7517
8153
7729
7278
7597
7185
8184
7602
7935
7770
7575
7707
7185
7246
7774
7587
7476
8147
9226
8875
8402
8735
8811
8651
8880
8626
9108
9054
8708
8758
8814
9208
9062
8479
8240
8777
9196
9026
8558
9095
8207
8741
9178
8200
8384
8196
8755
9132
8676
8460
9038
8998
8801
8849
8514
8862
9120
8950
8655
9063
8852
8360
8352
8725
9180
8372
8998
8621
8838
8382
9118
8220
8982
8288
8425
8347
8384
8891
9062
8424
8864
9110
8871
9202
8541
8527
9194
8501
8708
8916
8810
8705
8809
8983
8618
9125
9196
8716
8800
8549
8864
8247
8568
8809
8671
8228
9184
8777
9178
8679
9080
8839
9068
8743
8900
8345
8557
9118
9166
8974
8373
8664
9125
8909
9020
8738
8797
9170
8325
8341
8519
8641
8575
9186
8862
8786
8912
8571
8621
8678
8288
8645
9087
8585
8894
8381
8776
8523
8760
8902
8957
8543
8257
8885
8502
8502
8605
9154
9182
8665
8503
8514
8281
8484
8809
8499
8774
9166
8608
8936
8384
8809
8889
8444
8671
8538
9010
9195
8814
9166
8492
8751
8651
8660
8441
8638
8743
9185
8968
8665
9015
8571
9124
8441
8520
8787
9070
8557
8192
8262
8217
9079
8302
8843
9077
8558
8838
9051
9020
8987
8743
9076
9103
8662
8512
8823
8760
8207
8708
8575
8722
9205
9118
8208
8676
8330
8949
9095
8452
9183
8240
8601
8211
8728
8206
8204
8794
9179
8465
8940
9048
8886
9097
8228
8767
8650
8858
8460
9043
8667
8585
8816
8207
8910
8809
8542
9188
9076
8575
8720
8869
8755
9153
9141
8755
8712
8629
8907
8616
8367
8796
8507
8616
8581
8953
9096
8666
8627
8627
8851
8728
8372
9089
8590
8465
9171
8682
8571
8484
8208
9101
8983
8402
8983
8372
9185
8571
8661
8465
8551
8773
9205
9051
8810
8825
9198
8912
8421
8779
8987
8471
8304
9006
9096
8641
8783
8940
8382
8288
9101
8570
8808
8418
8694
8412
8448
8736
8564
9195
8758
9023
8894
8354
8784
8950
9174
8752
8773
8248
8876
8204
8802
8366
9206
8606
8810
8538
8996
8946
8620
9105
8829
9035
8391
9051
8958
9096
8929
8362
8915
8257
9014
8936
8923
8923
8978
8432
8638
9151
8620
8412
8372
9007
8454
8762
8331
8620
9074
8631
8526
8527
9037
8797
8940
8938
8785
8651
8200
8684
8651
8620
8630
8509
9120
8345
8835
8353
8665
8898
8617
9209
8877
8881
8194
8476
8438
8871
8566
9040
8620
8598
9095
8463
8647
8436
8936
8861
8618
8304
8744
8345
9041
9000
8909
8873
8228
8411
8806
8528
8759
8909
8991
9128
9062
8344
9128
8891
8891
8507
8602
8842
8664
8602
8794
8625
8872
8541
8864
8859
8864
9039
8906
8402
8371
9180
8786
9204
8418
9010
9089
9123
8197
9043
8479
9132
8980
8767
8235
9047
8978
8738
9018
8958
8581
8688
8651
8516
8660
8864
8862
8235
8660
8869
8519
8958
8365
9037
9085
8249
8993
8631
8755
8514
9196
9056
9126
8809
8602
9079
8628
8624
9040
8311
8621
8602
8842
8673
8755
8365
8887
8616
9040
8514
8843
8511
8932
9183
8851
9124
9080
8527
9153
9129
8972
8661
9079
9022
9149
8809
8701
8936
8622
9116
8620
9079
9211
8790
8249
9136
8585
8743
8794
8823
9021
9069
9153
8426
9020
8538
8782
9118
8903
8661
8909
8766
8851
9106
8528
8354
8998
8354
8527
8759
8712
8782
8712
9189
8601
9205
8235
8942
9171
8602
8501
8945
8768
9186
8473
8406
9043
8654
9148
9017
9083
8345
8997
9083
9186
8952
8864
9158
9199
8602
9019
9110
8716
9124
8621
8622
8344
8738
9098
8963
8822
8920
8341
8988
8483
9038
8807
9171
8800
9040
8256
8671
8899
9192
8616
8741
9050
8548
8257
9152
8643
8311
9170
8444
8240
8877
8877
8571
8936
8687
8773
9157
8802
8208
8708
8723
8878
8673
8674
8504
8687
8996
8910
9209
8428
8211
8687
8642
8845
8432
8635
8618
8493
8655
8985
9187
8693
9163
9081
8709
8281
8468
8253
8546
8997
8682
9029
8459
8935
8457
8676
8232
8835
8757
8372
8980
8906
8945
9165
8364
8425
8687
9011
8896
9065
8814
9088
8616
8901
8569
8196
8957
9072
9177
8875
8671
8366
8867
8581
8984
8447
9177
9066
8627
8642
8210
8897
8810
8411
8958
8409
8373
8923
8880
8766
9029
9106
9015
9185
8928
9200
9213
8661
9189
8200
8903
8943
8935
9055
8631
8965
8538
8352
8570
9048
9096
8207
9016
9155
9011
8938
8990
8734
9084
8875
8370
9109
9201
8243
9090
8765
9179
8237
9013
8908
9196
8865
8936
8345
8961
8845
8622
8738
8773
8432
9118
8727