9217
9218
180
721
721
721
721
721
721
721
721
721
721
721
721
721
721
721
721
721
721
721
721
721
721
721
721
721
721
721
871
871
721
721
721
721
721
721
721
721
721
721
721
721
721
721
721
721
721
721
721
721
721
721
721
721
721
721
721
721
721
721
721
721
721
721
721
721
721
12
721
721
721
721
721
721
721
721
721
721
721
721
721
12
12
12
721
721
721
721
721
721
721
721
721
721
721
721
721
721
721
721
721
721
721
721
721
721
721
721
808
808
721
721
721
721
721
721
721
721
721
721
721
838
721
721
721
721
721
898
721
721
721
721
721
721
721
721
721
721
721
721
721
721
721
721
721
721
721
721
209
721
721
721
721
721
721
721
721
721
721
721
271
721
721
721
721
721
721
721
721
721
721
721
721
721
721
721
721
721
721
721
721
721
721
721
721
721
721
721
721
721
721
721
721
721
721
721
209
721
721
721
721
721
721
721
721
721
721
721
721
721
721
721
721
721
721
721
721
721
721
721
721
721
665
721
721
721
721
721
721
721
721
721
721
721
721
721
721
721
721
721
721
721
721
721
721
721
721
721
721
721
721
721
721
721
721
721
721
721
721
721
721
721
721
721
625
625
721
721
721
721
721
721
721
721
721
721
721
721
721
960
9
173
412
412
9
960
960
960
960
960
221
665
960
960
875
875
875
875
875
875
875
875
875
875
875
875
875
875
875
875
875
875
875
875
875
875
875
875
875
875
875
461
875
875
875
875
875
875
875
875
875
875
875
875
875
875
875
875
875
875
875
875
875
875
875
875
875
875
875
875
875
875
875
875
875
875
875
875
875
875
875
875
875
875
875
875
875
875
875
875
875
875
875
875
875
875
875
875
875
875
875
875
875
875
875
875
875
875
875
875
875
875
875
461
875
875
875
875
875
875
875
461
875
875
169
875
875
875
875
875
875
875
875
875
875
875
875
875
875
461
875
875
875
875
875
875
875
875
875
461
875
875
875
875
875
875
875
875
1007
279
279
279
279
279
279
279
279
279
279
279
279
279
279
279
279
279
279
279
279
279
279
279
279
279
279
279
279
279
279
279
279
279
279
279
279
279
279
279
279
279
279
279
279
279
279
279
279
279
279
279
279
279
279
279
279
279
279
279
279
719
9219
2008
1857
2032
1857
1481
1857
1955
1857
1955
1857
1955
1940
1982
1636
1703
2032
1982
1940
1703
2032
1982
1940
1936
2032
1857
2008
1857
2032
1857
1564
1216
1991
1564
1857
1925
2032
1564
1636
1703
2032
1982
1636
1718
1636
1564
1857
2032
2032
1564
1636
2032
1940
1982
1940
2032
2007
1264
1936
2032
2007
1940
1925
2032
1886
1857
1216
2032
2032
1940
1905
2032
1982
1636
1955
1857
1564
2006
1216
2032
1886
2007
1982
1636
1982
1857
1564
2032
1564
1636
1452
2032
1982
1636
2007
1636
1564
1936
1564
1857
1564
1857
1452
1936
1564
1857
1206
2011
1882
1982
2032
1982
2008
1703
2032
1886
2008
1703
2032
1564
1857
1955
1857
1564
1857
1690
1523
1396
1936
1564
1936
1564
1968
1940
1982
1892
2032
1812
2008
1892
2032
1950
2008
1892
2032
1950
1666
1597
2032
2032
1666
1892
1947
2032
1886
1636
1955
2032
1955
1857
1955
1857
1564
1857
1564
1857
1955
1857
1564
1857
1882
1982
1966
1982
1940
2032
2032
1982
1940
1947
2032
1481
1857
2032
2032
1882
1857
2032
2032
2006
2028
1947
2032
2035
2028
1635
2032
1940
1982
2032
2001
2006
1216
2046
2032
1925
1857
1955
1857
1882
1968
2032
1857
1481
1947
2032
1583
1481
1857
1519
1982
1882
1982
2032
2007
2028
1857
2032
2032
1481
1857
2032
1857
1481
1857
2032
1886
2008
1635
2032
1886
1651
1936
1925
1857
1955
1857
2035
2035
1216
2028
2032
2032
2008
1857
2032
1857
1481
1857
1955
1857
1481
1690
2032
2035
1481
1857
2046
2035
2035
2028
2046
1857
1589
1857
1299
2035
1481
1857
1097
2032
2035
1481
1417
1417
2035
1895
1955
1895
2035
1690
2046
1097
2035
1911
1097
1300
1903
1481
1690
1991
1903
1959
1097
1097
1903
1481
1097
1349
1394
1903
1911
1911
1903
1959
1394
1349
1115
1300
1394
1394
1394
1903
1394
1911
1371
1903
1959
1115
1097
1911
1496
1911
1911
1076
1928
1911
1394
1394
1394
1394
1394
1911
1928
1911
1911
1496
1428
1911
1928
1911
1394
1928
1928
1419
1803
1911
1076
1928
1281
1281
1281
1928
1911
1911
1911
1928
1394
1928
1928
1928
1928
1928
1281
1928
1928
1928
1454
1803
1928
1928
1928
1928
1281
1879
1879
1879
1879
1281
1281
1281
1281
1879
1499
1879
1130
1130
1130
1130
1130
1130
1879
1281
1281
1281
1281
1281
1130
1130
1130
1879
1130
1130
1130
1130
1130
1130
1130
1130
1130
1130
1130
1130
1762
1432
1762
1432
1432
1432
1432
1432
1432
1432
1432
1432
1432
1432
1432
1432
1086
1086
1086
1086
1086
1086
1086
1086
1086
1086
1086
1086
1086
1086
1086
1086
1086
1086
1086
1086
1086
1086
1086
1086
1086
1086
1086
1086
1086
1086
1086
1086
1086
1086
1086
1086
1086
1086
1086
1086
1086
1086
1086
1086
1086
1086
1086
1086
1086
1086
1086
1086
1086
1086
1086
1086
1086
1086
1086
1086
1086
1086
1086
1086
1086
1086
1086
1086
1086
1086
1086
1086
1086
1086
1086
1086
1086
1086
1086
1086
1086
1086
1086
1086
1086
1086
1086
1086
1086
1086
1086
1086
1086
1086
1086
1086
1086
1086
1086
1086
1086
1086
1086
1086
1086
1086
1086
1086
1086
1086
1086
1086
1086
1086
1086
1086
1086
1086
1086
1086
1086
1086
1086
1086
1086
1086
1086
1086
1086
1086
1086
1086
1086
1086
1086
1086
1086
1086
1086
1086
1086
1086
1086
1086
1086
1086
1086
1086
1086
1086
1086
1086
1086
1086
1086
1086
1086
1086
1086
1086
1086
1086
1086
1086
1086
1086
1086
1086
1086
1086
1086
1086
1086
1086
1086
1086
1086
1086
1086
1086
1086
1086
1086
1086
1086
1086
1086
1086
1086
1086
1086
1086
1086
1086
1086
1086
1086
1086
1086
1086
1086
1086
1086
1086
1086
1086
1086
1086
1086
1086
1086
1086
1086
1086
1086
1086
1086
1086
1086
1086
1086
1086
1086
1086
1086
1086
1086
1086
1086
1086
1086
1086
1086
1086
1086
1086
1086
1086
1086
1086
1086
1086
1086
1086
1086
1086
1086
1086
1086
1086
1086
1086
1086
1086
1086
1086
1086
1086
1086
1086
1086
1086
1086
1086
1086
1086
1086
1086
1086
1086
1086
1086
1086
1086
1086
1086
1086
1086
1086
1086
1086
1086
1086
1086
1086
1086
1086
1086
1086
1086
1086
1086
1086
1086
1086
1086
1086
1086
1086
1086
1086
1086
1086
1086
1086
1086
1086
1086
1086
1086
1086
1086
1086
9220
2079
2079
3000
2261
2421
2344
3029
2245
2352
2344
2881
2667
2616
2261
2096
2800
2453
2185
2608
2802
2813
2185
2612
2792
2813
3071
2190
2613
2277
2185
2630
2253
2720
2344
2820
2856
2813
2529
2529
2800
3044
2608
2818
2123
2096
2344
2968
2544
2225
2802
2529
2973
2261
2117
2818
2277
2470
2625
3044
2720
2771
2253
2544
2664
2877
2925
2544
2225
2470
2253
2800
2813
3071
2529
2277
2792
2489
2457
2190
2792
2856
2792
2452
2968
2796
2612
2489
2453
3032
2612
2800
2813
3044
2121
2860
2352
2581
3044
2720
2225
2261
3044
3032
2352
2925
2188
2276
2470
2630
2300
2813
2796
2990
2800
2261
2608
2470
2800
2720
2655
2557
3035
2830
2613
2421
2720
2359
2802
2848
2608
2860
2506
2792
2262
2561
2818
2317
2957
2085
2407
2802
2720
2561
2329
2856
2352
2856
2175
2489
3050
2489
2261
2800
2121
2649
2248
2856
2904
2345
2248
2575
2813
2925
2825
3028
2881
2253
2983
3035
2470
2860
2918
3044
2117
3017
2261
2261
2117
2792
2792
2292
2796
2608
2465
2225
2344
2612
2813
2521
2649
3071
3023
2877
2649
2705
2079
2262
2581
2190
2079
2261
2897
2820
2489
2813
2649
2529
2818
2470
3071
2990
3007
2561
3050
2049
3008
2421
2048
3044
3044
2470
2612
2815
2277
2421
2925
2421
2771
2323
2649
2079
2575
2049
2253
2048
2550
2608
2820
2983
3007
2466
2081
2772
2772
2467
2925
2081
2063
2787
2548
2063
2453
2802
2190
2245
2190
2133
2647
2833
2470
2121
2243
2848
2190
2253
3032
2085
2800
2407
2714
2096
2860
2860
2771
3044
2190
2253
2261
2452
2802
2649
2976
2833
2800
2616
2820
2833
2277
2820
2489
3032
2452
2820
2344
2990
3017
2946
2608
2818
2489
2818
2649
2748
2452
2787
3071
2800
2881
2277
2976
2990
2452
2575
3041
2990
2820
2162
3009
2489
2820
2277
2976
2489
2452
2277
2976
2649
2820
2452
2813
2649
2489
2452
2813
2649
2470
2452
2813
2649
2248
3050
2813
2649
2748
2452
2813
2649
2735
2489
2162
2649
2925
2452
2813
2649
2800
2452
2592
2472
2649
2472
2592
2694
2976
2990
2119
2162
2119
3008
2592
2544
2119
2936
2592
2544
2592
2976
2961
2452
2813
2592
3055
2961
2813
2472
2566
2976
2472
2592
2649
2592
2452
2961
2649
2566
2452
2472
2472
2592
2472
2976
2813
2119
2694
2694
2544
2472
2800
2472
2592
2472
2472
2566
2976
2976
2976
2976
2976
2566
2566
2566
2961
2566
2472
2961
2472
2566
2472
2472
2472
2472
2472
2472
2566
2592
2566
2961
2961
2566
2472
2566
2566
2566
2566
2566
2566
2566
2566
2566
2566
2566
2566
2566
2566
2566
2566
2566
2566
2566
2566
2566
2566
2566
2566
2566
2566
2566
2566
2566
2566
2566
2566
2566
2566
2566
2566
2566
2566
2566
2566
2566
2566
2566
2566
2566
2566
2566
2566
2566
2566
2566
2566
2566
2566
2566
2566
2566
2566
2566
2566
2566
2566
2566
2566
2566
2566
2566
2566
2566
2566
2566
2566
2566
2566
2566
2566
2566
2566
2566
2566
2566
2566
2566
2566
2566
2566
2566
2566
2566
2566
2566
2566
2566
2566
2566
2566
2566
2566
2566
2566
2566
2566
2566
2566
2566
2566
2566
2566
2566
2566
2566
2566
2566
2566
2566
2566
2566
2566
2566
2566
2566
2566
2566
2566
2566
2566
2566
2566
2566
2566
2566
2566
2566
2566
2566
2566
2566
2566
2566
2566
2566
2566
2566
2566
2566
2566
2566
2566
2566
2566
2566
2566
2566
2566
2566
2566
2566
2566
2566
2566
2566
2566
2566
2566
2566
2566
2566
2566
2566
2566
2566
2566
2566
2566
2566
2566
2566
2566
2566
2566
2566
2566
2566
2566
2566
2566
2566
2566
2566
2566
2566
2566
2566
2566
2566
2566
2566
2566
2566
2566
2566
2566
2566
2566
2566
2566
2566
2566
2566
2566
2566
2566
2566
2566
2566
2566
2566
2566
2566
2566
2566
2566
2566
2566
2566
2566
2566
2566
2566
2566
2566
2566
2566
2566
2566
2566
2566
2566
2566
2566
2566
2566
2566
2566
2566
2566
2566
2566
2566
2566
2566
2566
2566
2566
2566
2566
2566
2566
2566
2566
2566
2566
2566
2566
2566
2566
2566
2566
2566
2566
2566
2566
2566
2566
2566
2566
2566
2566
2566
2566
2566
2566
2566
2566
2566
2566
2566
2566
2566
2566
2566
2566
2566
2566
2566
2566
2566
2566
2566
2566
2566
2566
2566
2566
2566
2566
2566
2566
2566
2566
2566
9221
3243
3225
3154
3369
3763
4094
3810
3890
3685
4094
3114
3109
3253
3766
3253
3766
3766
3437
3620
3766
3572
3810
3572
3928
3133
3133
3133
3369
3369
3109
3166
3618
3572
3810
3403
3862
3097
3810
3632
3890
3107
3133
3335
3234
3974
3177
3732
3997
3890
3967
3154
3890
3437
3766
3862
3649
3934
3988
3369
3369
3109
3133
3890
3869
3109
3790
3450
3810
4004
3413
3931
3437
3274
3904
3437
3997
3810
4038
3133
3398
3133
3530
3928
3997
4042
3109
3107
3974
3810
3890
3955
3974
3096
3551
3884
3997
3843
3276
3133
3673
3843
3763
3109
3508
3610
3085
3624
3839
3719
3931
3437
3529
3572
3437
3437
3107
3437
3177
3471
3940
3398
3802
3133
3955
3951
3447
3890
4094
3369
3369
3933
3955
3934
3995
3437
3437
3684
3384
3398
3738
3166
3508
3437
3478
3910
3851
3967
3810
3109
3176
3398
3869
3967
3168
3085
3557
3530
3997
4004
3995
3107
3504
3862
3995
3890
3955
3839
3824
3810
3810
3904
3974
3331
3810
3551
3547
3901
3133
3109
3547
3950
3437
3511
3967
3967
3990
3933
4039
3890
3967
3325
3890
3990
3950
3810
3963
3763
3087
3133
3884
3133
3891
3890
3109
3369
3716
3741
3810
3259
3928
3933
3810
3384
3950
3508
3508
3763
3760
3933
3109
3313
3928
3901
3260
3166
4038
3685
3884
3545
3824
3726
3802
3123
3910
3652
3810
3715
3572
3437
3890
3890
3685
3555
3577
3369
3555
4032
3884
3812
3557
3651
3075
3555
4024
3707
3577
3887
3555
3449
3555
3702
3133
3508
3890
3890
3166
3632
3555
3437
3437
3449
3577
3790
3631
3596
3530
3176
3325
3869
3437
3572
3437
3437
3552
3437
3766
3437
3437
3437
3437
3437
3437
3437
3530
4005
3843
3810
4039
3673
3327
3437
3890
3928
4008
3890
3369
3928
3887
4039
3778
3928
3843
3107
3763
3398
3133
4039
3869
3437
3869
3437
3869
4072
3115
3437
3974
3437
3942
3437
3890
3869
4008
3869
4039
4036
4008
3777
3869
4039
3933
3928
3901
3965
3109
3928
4054
3778
3904
3987
4079
4039
3890
3398
3890
3950
4072
3950
4087
3901
3933
3904
3284
3919
3933
3437
3572
3862
3437
4087
3869
3858
3824
3951
3869
3725
3869
4039
3869
4039
4087
4039
4087
3933
3950
3933
3950
3108
4054
3858
3108
3858
3725
3725
3858
4072
3858
3725
3901
3725
3904
3108
3725
4072
4039
3869
3940
3869
3858
3950
3858
3950
3933
3950
3750
3750
4009
4009
3750
3858
3858
3108
3858
3108
3858
3108
3858
3858
3725
3108
3108
3858
3858
3108
3858
3750
3108
3108
4009
3858
3108
3858
3858
3858
3858
3858
3858
3858
3858
3858
3858
3858
3858
3858
3858
3858
3858
3858
3858
3858
3858
3858
3858
3858
3858
3858
3858
3858
3858
3858
3858
3858
3858
3858
3858
3858
3858
3858
3858
3858
3858
3858
3858
3858
3858
3858
3858
3858
3858
3858
3858
3858
3858
3858
3858
3858
3858
3858
3858
3858
3858
3858
3858
3858
3858
3858
3858
3858
3858
3858
3858
3858
3858
3858
3858
3858
3858
3858
3858
3858
3858
3858
3858
3858
3858
3858
3858
3858
3858
3858
3858
3858
3858
3858
3858
3858
3858
3858
3858
3858
3858
3858
3858
3858
3858
3858
3858
3858
3858
3858
3858
3858
3858
3858
3858
3858
3858
3858
3858
3858
3858
3858
3858
3858
3858
3858
3858
3858
3858
3858
3858
3858
3858
3858
3858
3858
3858
3858
3858
3858
3858
3858
3858
3858
3858
3858
3858
3858
3858
3858
3858
3858
3858
3858
3858
3858
3858
3858
3858
3858
3858
3858
3858
3858
3858
3858
3858
3858
3858
3858
3858
3858
3858
3858
3858
3858
3858
3858
3858
3858
3858
3858
3858
3858
3858
3858
3858
3858
3858
3858
3858
3858
3858
3858
3858
3858
3858
3858
3858
3858
3858
3858
3858
3858
3858
3858
3858
3858
3858
3858
3858
3858
3858
3858
3858
3858
3858
3858
3858
3858
3858
3858
3858
3858
3858
3858
3858
3858
3858
3858
3858
3858
3858
3858
3858
3858
3858
3858
3858
3858
3858
3858
3858
3858
3858
3858
3858
3858
3858
3858
3858
3858
3858
3858
3858
3858
3858
3858
3858
3858
3858
3858
3858
3858
3858
3858
3858
3858
3858
3858
3858
3858
3858
3858
3858
3858
3858
3858
3858
3858
3858
3858
3858
3858
3858
3858
3858
3858
3858
3858
3858
3858
3858
3858
3858
3858
3858
3858
3858
3858
3858
3858
3858
3858
3858
3858
3858
3858
3858
3858
3858
3858
9222
4457
4127
4376
4440
4948
4629
4629
4519
4931
4498
4876
4636
4969
4370
4925
4948
4652
4203
4316
4099
4354
4947
4722
4808
4798
4808
4919
4416
4313
4456
5047
4433
4299
4743
4925
4298
4463
4982
4909
4501
4505
4223
4502
4187
4299
4605
4948
5040
4319
4418
4371
4814
4629
4249
4784
4164
4374
4456
4455
4950
4456
4755
4501
5081
4505
5049
4961
4817
4285
4619
4132
4592
5032
4680
4416
4756
5047
4909
4351
4324
4795
4544
4613
4961
4961
4337
4244
4894
4463
5077
4801
4914
5029
4197
4335
5027
5109
4099
5022
4376
4456
4974
4381
5020
4921
4510
4643
4335
4501
4501
4519
4119
4436
4881
4798
4501
4136
5086
4629
4972
4376
4454
4855
4501
4961
4439
4985
4732
4613
4623
4907
4501
4622
4884
4969
5029
4629
4795
4451
4950
4624
4960
5040
4175
4985
4459
4705
4995
4170
4817
4254
4629
4624
4927
5046
4853
5066
4127
4876
5110
5027
4985
4505
4985
4340
4374
4622
4446
4460
4795
5029
4711
4982
4302
4150
4559
4347
4150
5047
4747
5102
4157
4656
4824
4559
4629
4285
4876
4629
4415
4629
4629
4971
4459
4673
4150
5040
4559
4726
5105
4931
4924
4948
4592
4202
4782
4705
4673
4456
4676
4961
4424
4125
4281
5095
4611
4285
4348
4456
4971
4459
4501
4501
4424
4536
5047
4488
4376
4624
4456
4459
4164
5086
4221
4629
4463
4345
4792
5047
4501
5099
4494
4611
4686
4624
4334
4854
4862
4293
4926
4281
4164
4469
4456
4611
4431
4624
4164
4673
4187
4673
4302
4376
4456
4376
4443
4784
4463
5047
4324
4795
5096
4971
4949
4985
4673
4456
4961
4335
4739
5047
4950
4443
5058
4961
4605
4150
4985
4202
4302
4720
5047
5095
4924
4334
4770
4546
4331
4985
4810
5115
4463
4258
4335
4456
4924
4460
4335
4164
4889
4460
4456
4456
4119
4456
5106
5012
4817
4862
5058
4132
4463
4810
4817
4985
4202
4949
5112
4985
4318
4296
5012
5012
4950
4150
4961
4961
4961
4150
4985
4770
4629
4950
4629
4351
4961
4384
4985
5058
4335
4950
4505
5069
4132
4431
4629
4629
4132
5015
4962
4876
4150
4654
4505
4384
4654
4384
4950
5118
4501
4170
4654
5015
4456
4170
4889
4950
5058
4771
4934
4950
5058
4456
4934
4889
4950
4835
5118
4889
4962
4132
4889
4170
4170
4132
5015
4170
4837
4311
4837
4170
4654
4654
5015
5015
5015
4889
5094
4962
4132
4769
4384
4769
5015
4837
5015
5015
4132
4837
4132
4837
4132
4837
4837
4837
4769
4837
4837
4837
4837
4837
4837
4837
4837
4837
4837
4837
4837
4311
4769
4311
4311
4769
4311
4769
4769
4769
4769
4769
4769
4311
4769
4769
4311
4769
4769
4311
4769
4769
4769
4311
4769
4769
4769
4769
4769
4769
4769
4769
4769
4311
4769
4769
4769
4769
4769
4769
4769
4769
4769
4769
4769
4769
4769
4769
4769
4769
4769
4769
4769
4769
4769
4769
4769
4769
4769
4769
4769
4769
4769
4769
4769
4769
4769
4769
4769
4769
4769
4769
4769
4769
4769
4769
4769
4769
4769
4769
4769
4769
4769
4769
4769
4769
4769
4769
4769
4769
4769
4769
4769
4769
4769
4769
4769
4769
4769
4769
4769
4769
4769
4769
4769
4769
4769
4769
4769
4769
4769
4769
4769
4769
4769
4769
4769
4769
4769
4769
4769
4769
4769
4769
4769
4769
4769
4769
4769
4769
4769
4769
4769
4769
4769
4769
4769
4769
4769
4769
4769
4769
4769
4769
4769
4769
4769
4769
4769
4769
4769
4769
4769
4769
4769
4769
4769
4769
4769
4769
4769
4769
4769
4769
4769
4769
4769
4769
4769
4769
4769
4769
4769
4769
4769
4769
4769
4769
4769
4769
4769
4769
4769
4769
4769
4769
4769
4769
4769
4769
4769
4769
4769
4769
4769
4769
4769
4769
4769
4769
4769
4769
4769
4769
4769
4769
4769
4769
4769
4769
4769
4769
4769
4769
4769
4769
4769
4769
4769
4769
4769
4769
4769
4769
4769
4769
4769
4769
4769
4769
4769
4769
4769
4769
4769
4769
4769
4769
4769
4769
4769
4769
4769
4769
4769
4769
4769
4769
4769
4769
4769
4769
4769
4769
4769
4769
4769
4769
4769
4769
4769
4769
4769
4769
4769
4769
4769
4769
4769
4769
4769
4769
4769
4769
4769
4769
4769
4769
4769
4769
4769
4769
4769
4769
4769
4769
4769
4769
4769
4769
4769
4769
4769
4769
4769
4769
4769
4769
4769
4769
4769
4769
4769
4769
4769
4769
4769
4769
4769
4769
4769
4769
4769
4769
9223
5135
6015
5844
5926
5695
5488
5566
5187
5497
5550
5316
5553
6015
5934
5241
5517
5200
5635
5517
5517
5675
5801
5380
5316
5768
6134
6028
5665
5837
5707
5612
6134
5331
6066
5320
5703
6134
5801
5801
5441
5542
6021
5382
5140
5323
5414
5578
6068
5708
6090
5559
5626
5542
5890
6032
5701
5673
5760
6058
5890
5551
6105
5779
5612
5733
5612
5725
5929
5927
5725
5779
5692
5588
5566
5626
5675
5801
5241
5657
6137
5549
5370
5801
5333
6059
5927
5431
5578
5213
5223
5801
5801
5820
5382
5197
5268
5644
6143
5497
5717
5213
6040
5938
5974
5938
5938
5701
5721
5431
5123
5354
5271
6119
5708
6082
5708
6032
5772
5710
5312
6002
5385
5411
5768
5320
5323
6127
5941
5657
5691
5673
5550
5441
5480
5224
5834
6011
5578
5929
5708
5801
5272
5411
5183
5271
6050
5813
5550
5938
5399
5566
6068
5937
5927
6095
5694
5271
5929
5927
5266
5279
5725
6019
5159
5210
5768
5550
5361
5456
5159
5914
5801
5441
5566
5223
5702
5303
5694
5221
6005
5575
5692
5163
5517
5944
5937
5738
5938
5841
5328
5318
5745
6137
5272
5724
6078
5725
5373
6097
5279
5372
5796
5170
5941
6078
5665
5550
5550
5651
6024
5937
5937
6035
5938
5287
5560
5988
5728
5441
5725
5962
5340
5772
5725
5914
5245
5354
5929
6069
5136
5320
5687
5394
5763
6050
5930
5566
5929
5725
6097
5997
5579
5760
5849
5473
5588
5805
5312
5497
6082
5692
5409
5666
5586
5203
6032
5542
5343
5391
5129
5517
5964
5575
5497
5465
5925
5701
5736
5135
6027
6050
5956
5268
5692
5929
5708
5929
6024
5898
5802
5938
5318
5724
5703
5551
6097
5473
6019
6032
5929
5708
5323
5294
5834
5466
5929
5745
5159
5801
5801
6089
6110
5271
5385
6097
6109
5708
5938
5929
5805
6002
5800
5926
5497
5318
5768
5914
5929
5566
5159
5708
6109
5814
5724
5726
5766
6078
5391
5929
5708
5814
6002
5566
5726
5473
6002
5657
5814
5814
5578
6059
5566
5800
6078
5834
6050
6097
5566
5929
5800
5566
5517
5801
5367
5924
6050
6109
5414
5726
5772
5800
5924
5495
5929
5532
5974
5456
5574
5801
5924
5725
5725
5725
5924
6048
5533
6024
5391
5527
6109
5725
5725
5951
6004
5814
6002
5924
5566
5938
5566
5566
5814
5231
6109
5924
6002
5742
5527
6002
5566
5742
6002
6004
6004
5982
5982
5742
5527
5527
6004
5982
5832
5568
5648
5726
5648
5742
5742
6004
6004
5568
5568
5568
5568
5742
5568
5832
5568
5832
5568
5568
5568
5568
5568
5568
5568
5568
5742
5648
5742
5742
5568
5742
5568
5742
5742
5742
5742
5742
5742
5568
5742
5742
5568
5742
5742
5568
5742
5742
5742
5568
5742
5742
5742
5742
5742
5742
5742
5742
5742
5568
5742
5742
5742
5742
5742
5742
5742
5742
5742
5742
5742
5742
5742
5742
5742
5742
5742
5742
5742
5742
5742
5742
5742
5742
5742
5742
5742
5742
5742
5742
5742
5742
5742
5742
5742
5742
5742
5742
5742
5742
5742
5742
5742
5742
5742
5742
5742
5742
5742
5742
5742
5742
5742
5742
5742
5742
5742
5742
5742
5742
5742
5742
5742
5742
5742
5742
5742
5742
5742
5742
5742
5742
5742
5742
5742
5742
5742
5742
5742
5742
5742
5742
5742
5742
5742
5742
5742
5742
5742
5742
5742
5742
5742
5742
5742
5742
5742
5742
5742
5742
5742
5742
5742
5742
5742
5742
5742
5742
5742
5742
5742
5742
5742
5742
5742
5742
5742
5742
5742
5742
5742
5742
5742
5742
5742
5742
5742
5742
5742
5742
5742
5742
5742
5742
5742
5742
5742
5742
5742
5742
5742
5742
5742
5742
5742
5742
5742
5742
5742
5742
5742
5742
5742
5742
5742
5742
5742
5742
5742
5742
5742
5742
5742
5742
5742
5742
5742
5742
5742
5742
5742
5742
5742
5742
5742
5742
5742
5742
5742
5742
5742
5742
5742
5742
5742
5742
5742
5742
5742
5742
5742
5742
5742
5742
5742
5742
5742
5742
5742
5742
5742
5742
5742
5742
5742
5742
5742
5742
5742
5742
5742
5742
5742
5742
5742
5742
5742
5742
5742
5742
5742
5742
5742
5742
5742
5742
5742
5742
5742
5742
5742
5742
5742
5742
5742
5742
5742
5742
5742
5742
5742
5742
5742
5742
5742
5742
5742
5742
5742
5742
5742
5742
5742
5742
5742
5742
5742
5742
5742
5742
5742
5742
5742
5742
5742
5742
5742
5742
5742
5742
5742
5742
5742
5742
5742
5742
5742
5742
5742
5742
9224
6454
6467
6716
6927
6953
6732
6921
6368
6265
6502
6981
6952
6588
6257
7095
6608
6812
6755
6931
6921
7014
6180
7107
6608
6732
7004
7100
7119
6927
6405
6548
7010
6382
6165
6849
7090
7107
7107
6690
7107
6552
6541
6925
6484
6307
6512
7000
7047
6180
6317
7107
6462
6898
6386
6588
6849
6952
6249
6558
6921
6416
6643
7107
6516
6923
6548
6621
6472
6884
6603
6937
6675
6802
6516
6405
6981
6597
7055
6755
6922
6693
6972
7131
6175
6976
6927
6386
7004
6812
6248
7026
6307
6363
6874
6732
6156
6844
6817
6259
6386
7026
6386
7004
7006
7004
6969
6696
6232
6607
6190
6693
6888
6639
6147
6172
6175
6898
6560
6380
6585
6368
6927
6351
6817
6868
6921
6249
6607
7124
7052
6386
6570
6927
6484
6778
6969
6933
6294
6729
6969
6607
6308
6921
6657
6585
6459
7077
6621
6638
6645
6545
7148
6462
6794
7164
6778
6690
6494
6249
6603
6792
6616
7026
6462
7004
7159
6907
7058
6675
7154
6853
6758
6778
7095
6643
6288
6462
6368
6167
6868
6944
6796
6395
6690
6690
7014
6810
6970
7107
7004
6927
6785
6672
7107
7010
6482
6514
6646
6607
7028
6532
7026
6834
6588
7162
7131
6249
6922
6240
7045
6368
6925
6463
6585
6462
7119
7166
6154
6912
6264
7085
6482
6643
7067
6371
7131
6386
6527
6508
6204
6383
6758
6368
6922
6886
6492
6834
6728
7029
7004
6633
6742
6897
6732
6405
6249
7010
6675
6650
6910
6539
6862
6512
7151
6557
6542
6249
7000
6976
6249
6492
6539
6622
7072
7148
6294
6329
6368
6539
6925
6306
6834
6164
6931
6509
6638
6925
6705
6927
6779
6958
6785
6294
6375
7109
6165
6834
6534
7077
6163
6969
6429
7090
7115
6516
7090
6516
6631
7007
6382
6674
7010
7067
7014
7137
6747
6249
6587
7007
6969
7047
7029
6322
6543
7166
6755
6784
6778
6294
6778
6607
7090
6778
6778
6925
6976
6951
7090
6755
7107
6925
6972
6925
6845
7019
6711
6778
6778
6516
6517
6845
6607
6794
6530
6976
6834
7139
6478
7126
6873
6969
7090
6382
6649
6969
6925
6711
6802
6925
6638
6845
6631
6845
7125
7107
6945
6778
6711
6925
6579
6969
7155
6649
6579
6249
7130
7149
7031
7025
7031
7029
6154
6631
7126
6969
6579
7025
7073
6969
6185
6755
7025
6969
7130
7130
7025
6579
6579
6579
6969
6579
6845
7073
6154
6579
6579
6185
6579
7029
6579
6185
6579
7029
7029
7025
6579
6154
7025
7130
7130
6154
7130
6185
7083
6185
7025
7083
7130
7083
7083
7047
7083
7047
7083
7083
7083
7130
7083
7130
7130
7130
7130
7130
7130
7130
7130
7130
7130
7130
7130
7130
7130
7130
7130
7130
7130
7130
7130
7130
7130
7130
7130
7130
7130
7130
7130
7130
7130
7130
7130
7130
7130
7130
7130
7130
7130
7130
7130
7130
7130
7130
7130
7130
7130
7130
7130
7130
7130
7130
7130
7130
7130
7130
7130
7130
7130
7130
7130
7130
7130
7130
7130
7130
7130
7130
7130
7130
7130
7130
7130
7130
7130
7130
7130
7130
7130
7130
7130
7130
7130
7130
7130
7130
7130
7130
7130
7130
7130
7130
7130
7130
7130
7130
7130
7130
7130
7130
7130
7130
7130
7130
7130
7130
7130
7130
7130
7130
7130
7130
7130
7130
7130
7130
7130
7130
7130
7130
7130
7130
7130
7130
7130
7130
7130
7130
7130
7130
7130
7130
7130
7130
7130
7130
7130
7130
7130
7130
7130
7130
7130
7130
7130
7130
7130
7130
7130
7130
7130
7130
7130
7130
7130
7130
7130
7130
7130
7130
7130
7130
7130
7130
7130
7130
7130
7130
7130
7130
7130
7130
7130
7130
7130
7130
7130
7130
7130
7130
7130
7130
7130
7130
7130
7130
7130
7130
7130
7130
7130
7130
7130
7130
7130
7130
7130
7130
7130
7130
7130
7130
7130
7130
7130
7130
7130
7130
7130
7130
7130
7130
7130
7130
7130
7130
7130
7130
7130
7130
7130
7130
7130
7130
7130
7130
7130
7130
7130
7130
7130
7130
7130
7130
7130
7130
7130
7130
7130
7130
7130
7130
7130
7130
7130
7130
7130
7130
7130
7130
7130
7130
7130
7130
7130
7130
7130
7130
7130
7130
7130
7130
7130
7130
7130
7130
7130
7130
7130
7130
7130
7130
7130
7130
7130
7130
7130
7130
7130
7130
7130
7130
7130
7130
7130
7130
7130
7130
7130
7130
7130
7130
7130
7130
7130
7130
7130
7130
7130
7130
7130
7130
7130
7130
7130
7130
7130
7130
7130
7130
7130
7130
7130
7130
9225
7204
8125
8172
7592
7583
7407
7757
7407
7246
7460
8053
7724
7356
7674
8104
7935
8053
8042
7721
8112
7809
7356
7346
7757
7727
7511
7670
7914
7944
7407
7204
7353
7349
7603
7564
7592
7876
7753
8172
7668
8070
8087
7757
8111
7843
7814
7820
7352
7528
8030
7658
7637
7766
7862
7951
8093
8111
7735
7757
7954
8148
8029
7728
7988
7764
7977
7716
7513
7207
7500
7716
7813
7646
7613
7700
8166
8052
7897
8093
7873
7263
7713
7678
7636
7182
7212
7566
7459
7555
7460
7178
7574
7841
7552
7352
7559
7486
7219
8093
7302
7486
7526
7412
7956
7814
7715
8038
7511
8151
7824
7775
7476
7776
7603
8013
7526
7775
8172
7830
7732
7298
8125
7967
7646
7775
7728
7838
7907
7356
7251
7588
7470
7956
7564
7924
7352
8164
8041
7411
7460
7639
7775
7586
7352
8059
7413
7178
8053
7356
7577
7991
7994
7780
7947
7564
7212
7250
8125
8104
7214
7410
7442
7412
7815
7618
8096
8161
7693
7466
8053
8030
7583
7753
7202
7775
7460
8053
7212
7999
7873
7651
7727
7820
8035
8034
7678
7219
7637
7484
7571
8070
7228
7459
7486
8009
8165
8020
7897
7258
7597
7451
8148
7912
7652
8172
7694
7337
8174
8117
7597
8148
7465
8020
8131
7245
8002
7228
7935
7843
8162
8162
7823
7869
8148
7579
7899
7845
8022
7968
7728
7370
7757
7769
7563
7282
7968
7829
7277
8044
7174
7246
7207
7421
7652
7230
7796
7779
8186
8153
7244
7282
7831
8076
8035
8125
7305
7934
7728
7713
8186
7532
8003
7251
7302
7876
7888
8186
7213
7669
8018
7693
8048
7796
7600
7614
7652
8106
7528
7533
7564
7449
8125
7678
8181
7991
8043
7697
8174
8039
7414
8042
7336
7715
8055
7753
7902
7621
8104
7911
8044
7715
7246
7730
8125
8146
7183
8125
7720
7715
8042
7523
7528
7796
7905
8125
7528
7954
7923
7715
7728
7528
7344
7923
7528
7528
7653
7768
7352
8028
7950
7940
7556
7528
7715
7967
7932
7532
7764
7715
7715
7352
7715
7352
8042
7954
7352
7459
8145
7796
7356
7715
7794
8112
7548
7352
7528
7597
7963
8076
7621
7621
8042
8076
7352
8076
7510
7715
7923
7796
8151
8055
8145
7916
7632
7246
7796
7715
7728
7940
7696
7923
8064
8028
7932
7940
7528
7696
7720
7730
7352
7352
7932
8021
8162
8145
7715
7632
7632
7715
7738
7653
8162
7696
8021
8183
7940
7730
7932
7738
8028
7738
7940
8068
7738
7932
7738
7738
7932
8076
7916
8068
8068
8076
7738
8076
7738
8068
8021
7738
7738
8068
8145
8170
8068
7738
7738
8068
7940
8068
7738
7738
7738
8068
8170
8068
8068
8068
8068
8068
8068
8170
8068
8068
8170
8068
8068
8170
8068
8068
8068
8170
8068
8068
8068
8068
8068
8068
8068
8068
8068
8170
8068
8068
8068
8068
8068
8068
8068
8068
8068
8068
8068
8068
8068
8068
8068
8068
8068
8068
8068
8068
8068
8068
8068
8068
8068
8068
8068
8068
8068
8068
8068
8068
8068
8068
8068
8068
8068
8068
8068
8068
8068
8068
8068
8068
8068
8068
8068
8068
8068
8068
8068
8068
8068
8068
8068
8068
8068
8068
8068
8068
8068
8068
8068
8068
8068
8068
8068
8068
8068
8068
8068
8068
8068
8068
8068
8068
8068
8068
8068
8068
8068
8068
8068
8068
8068
8068
8068
8068
8068
8068
8068
8068
8068
8068
8068
8068
8068
8068
8068
8068
8068
8068
8068
8068
8068
8068
8068
8068
8068
8068
8068
8068
8068
8068
8068
8068
8068
8068
8068
8068
8068
8068
8068
8068
8068
8068
8068
8068
8068
8068
8068
8068
8068
8068
8068
8068
8068
8068
8068
8068
8068
8068
8068
8068
8068
8068
8068
8068
8068
8068
8068
8068
8068
8068
8068
8068
8068
8068
8068
8068
8068
8068
8068
8068
8068
8068
8068
8068
8068
8068
8068
8068
8068
8068
8068
8068
8068
8068
8068
8068
8068
8068
8068
8068
8068
8068
8068
8068
8068
8068
8068
8068
8068
8068
8068
8068
8068
8068
8068
8068
8068
8068
8068
8068
8068
8068
8068
8068
8068
8068
8068
8068
8068
8068
8068
8068
8068
8068
8068
8068
8068
8068
8068
8068
8068
8068
8068
8068
8068
8068
8068
8068
8068
8068
8068
8068
8068
8068
8068
8068
8068
8068
8068
8068
8068
8068
8068
8068
8068
8068
8068
8068
8068
8068
8068
8068
8068
8068
8068
8068
8068
8068
8068
8068
8068
8068
8068
8068
8068
8068
8068
8068
8068
8068
8068
8068
8068
8068
8068
8068
9226
8525
8514
9051
8317
8837
8602
8551
8204
9183
9098
9089
8586
8683
8806
8810
8283
8712
8950
8586
8837
8749
8459
8247
8796
8558
8425
9213
8520
8522
8809
8501
9018
9039
9208
8587
8514
8586
9177
8294
8501
8901
8521
9080
8435
8538
9103
8708
8255
8425
8906
8633
8967
8564
8867
9089
8800
8235
9155
9044
8315
9015
8521
9100
8883
9138
8277
8335
9089
9184
8619
8690
8914
8356
8372
8469
8602
8810
9138
8608
8727
8787
9149
8630
8988
8884
8980
9139
9050
9066
8828
8356
8421
8416
9006
8371
8364
9072
9058
8980
8469
8979
8570
8949
9155
8950
8483
8786
8742
8528
8806
8809
8416
8828
8805
8515
9180
8650
9149
8892
8837
8587
9208
8426
8372
8664
8966
9089
8333
8586
8426
8990
8366
8526
9072
8751
9089
9196
8575
8356
8879
9006
9153
8823
8248
8465
9098
8892
8712
8372
8198
8803
8337
8346
8671
9055
8483
8765
8528
9089
8234
8742
8910
8564
9205
8206
9035
8255
8586
8961
8836
8723
8235
8809
8285
9180
8823
8446
8328
8957
9149
8444
8356
9132
8782
8234
8608
9129
8864
8560
9016
8206
8648
8231
8742
8645
8452
9114
9171
8247
8744
9066
8330
9206
8851
8960
8963
8891
8617
8800
9150
8631
8977
8687
8865
8520
8293
9066
8843
8515
8687
8868
8786
9010
8588
8570
8416
8220
8293
8602
9171
8727
8892
8620
8712
8961
8843
9080
8782
8888
9030
8525
8829
9182
8197
9029
8330
8997
9064
9070
9135
8802
8862
8634
9046
8247
8648
8204
8204
8436
9180
8255
8887
8442
8486
8670
8381
8499
8814
8247
8862
8670
8997
9214
8442
8814
8788
8532
9184
8921
8557
8501
9051
9051
8811
8255
8608
9089
8660
9047
8825
8790
8782
8714
9037
8782
9205
8436
9180
9076
8602
8444
8425
8608
8711
9192
8586
8861
8587
9171
9108
8234
9181
8971
8365
8820
9200
9184
9205
9024
8920
8661
9027
8677
8602
9181
8538
8418
8255
8667
9196
8712
8893
8372
8608
8667
8585
8664
9051
8708
8850
8862
8750
9205
8546
9037
8775
8667
8750
8712
8712
8712
8820
8602
9010
9205
9181
9123
8365
9139
8751
9051
8438
8712
8820
8712
8961
8661
8234
9204
8831
9181
8750
8820
8839
8750
8234
8820
9211
8820
9211
8608
8425
9196
8234
8585
9167
9167
9020
9020
9204
9167
9204
9167
9181
9024
9024
8234
8667
9167
9167
8712
8712
8712
8712
8712
9123
9024
8755
8750
9091
9167
8892
9020
9167
9123
8820
9204
9167
8750
9204
8750
9129
9167
8820
9167
8710
8710
9140
9167
9167
9140
9140
8750
9140
9167
9167
9167
9140
9140
9140
8710
8710
8710
8710
8710
8710
8710
8710
8710
8710
9140
8710
8710
9140
8710
8710
9140
8710
8710
8710
9140
8710
8710
8710
8710
8710
8710
8710
8710
8710
9140
8710
8710
8710
8710
8710
8710
8710
8710
8710
8710
8710
8710
8710
8710
8710
8710
8710
8710
8710
8710
8710
8710
8710
8710
8710
8710
8710
8710
8710
8710
8710
8710
8710
8710
8710
8710
8710
8710
8710
8710
8710
8710
8710
8710
8710
8710
8710
8710
8710
8710
8710
8710
8710
8710
8710
8710
8710
8710
8710
8710
8710
8710
8710
8710
8710
8710
8710
8710
8710
8710
8710
8710
8710
8710
8710
8710
8710
8710
8710
8710
8710
8710
8710
8710
8710
8710
8710
8710
8710
8710
8710
8710
8710
8710
8710
8710
8710
8710
8710
8710
8710
8710
8710
8710
8710
8710
8710
8710
8710
8710
8710
8710
8710
8710
8710
8710
8710
8710
8710
8710
8710
8710
8710
8710
8710
8710
8710
8710
8710
8710
8710
8710
8710
8710
8710
8710
8710
8710
8710
8710
8710
8710
8710
8710
8710
8710
8710
8710
8710
8710
8710
8710
8710
8710
8710
8710
8710
8710
8710
8710
8710
8710
8710
8710
8710
8710
8710
8710
8710
8710
8710
8710
8710
8710
8710
8710
8710
8710
8710
8710
8710
8710
8710
8710
8710
8710
8710
8710
8710
8710
8710
8710
8710
8710
8710
8710
8710
8710
8710
8710
8710
8710
8710
8710
8710
8710
8710
8710
8710
8710
8710
8710
8710
8710
8710
8710
8710
8710
8710
8710
8710
8710
8710
8710
8710
8710
8710
8710
8710
8710
8710
8710
8710
8710
8710
8710
8710
8710
8710
8710
8710
8710
8710
8710
8710
8710
8710
8710
8710
8710
8710
8710
8710
8710
8710
8710
8710
8710
8710
8710
8710
8710
8710
8710
8710
8710
8710
8710
8710
8710
8710
8710
8710
8710
8710
8710
8710
8710
8710
8710