9217
9218
180
925
925
925
681
237
681
681
925
681
681
681
209
681
681
1007
1007
681
681
681
495
495
495
495
495
495
495
495
495
495
461
495
495
495
495
495
495
495
495
495
495
495
495
495
495
495
495
495
495
495
495
495
495
495
495
495
495
495
495
495
495
495
495
495
495
495
495
495
495
495
495
495
495
495
495
495
495
495
495
495
495
495
495
495
495
495
495
495
495
495
495
495
495
495
495
495
495
495
495
495
495
495
495
495
495
495
495
495
495
495
495
495
495
495
495
495
495
495
495
495
495
495
495
495
495
495
495
495
495
495
461
495
495
495
495
495
495
495
495
461
495
495
495
495
495
495
495
495
495
495
495
495
495
495
495
495
495
495
495
495
495
495
495
495
495
495
495
495
495
495
495
495
495
495
495
495
495
495
495
495
495
495
495
495
495
495
495
495
330
330
330
330
330
330
495
330
495
330
330
330
330
330
330
461
330
330
330
330
330
330
330
330
330
330
330
330
330
330
330
330
330
330
330
330
330
330
330
330
461
330
330
1007
584
280
280
280
280
280
280
280
280
280
280
280
280
280
280
280
280
280
280
280
280
280
280
280
280
280
280
280
280
280
280
280
280
280
280
280
280
280
280
280
280
280
280
280
280
280
280
280
280
280
280
280
280
280
280
280
280
280
280
280
280
280
280
280
280
280
280
280
280
280
280
280
280
280
280
280
280
280
280
280
280
280
280
280
280
280
280
280
280
280
280
280
280
280
280
280
280
280
280
280
280
280
280
280
280
280
280
280
280
280
280
280
280
280
280
280
280
280
280
280
280
280
280
280
280
280
280
280
280
280
280
280
280
280
280
280
280
280
280
280
280
280
280
280
280
280
280
280
280
280
280
280
280
280
280
280
280
280
280
280
1007
1007
330
330
330
330
330
330
330
461
330
330
330
330
330
330
330
330
330
330
330
330
461
330
330
330
330
330
330
330
330
330
330
330
330
330
461
330
330
330
330
330
330
330
1007
808
681
681
681
681
681
681
681
681
681
681
681
681
681
681
681
681
681
681
681
681
681
681
681
681
681
681
681
681
681
681
681
681
681
681
681
681
681
681
681
681
681
681
681
681
681
681
681
681
681
681
681
681
681
681
681
681
681
681
681
681
681
719
9219
1938
1608
1486
1470
1486
1592
1341
1592
1679
1730
1479
1730
1984
1824
1963
1828
1424
1412
1824
1984
1824
2028
1209
2028
1937
1969
1722
1547
1315
1315
1054
1299
1589
1054
1054
1054
1054
1589
1054
1054
1054
1054
1054
1054
1054
1394
1394
1394
1394
1394
1995
1394
1394
1394
1394
1394
1394
1394
1394
1394
1394
1394
1394
1394
1394
1394
1394
1394
1394
1394
1394
1371
1371
1928
1928
1928
1928
1928
1371
1928
1928
1928
1928
1928
1928
1928
1928
1928
1928
1928
1928
1928
1858
1928
1928
1928
1928
1928
1879
1928
1928
1928
1879
1879
1454
1879
1879
1879
1879
1879
1879
1879
1879
1879
1879
1879
1879
1879
1879
1879
1879
1879
1879
1879
1879
1879
1879
1879
1879
1879
1879
1879
1879
1879
1130
1879
1762
1879
1900
1879
1130
1879
1762
1879
1130
1130
1900
1879
1879
1879
1879
1879
1762
1130
1130
1762
1762
1762
1762
1762
1762
1762
1762
1762
1762
1762
1762
1762
1762
1762
1762
1762
1762
1762
1762
1762
1762
1762
1762
1762
1762
1762
1762
1762
1432
1762
1762
1432
1432
1432
1432
1432
1432
1432
1432
1432
1432
1432
1432
1432
1432
1432
1432
1432
1432
1432
1432
1432
1086
1086
1086
1086
1086
1086
1086
1086
1086
1086
1086
1086
1086
1086
1086
1086
1086
1086
1086
1086
1086
1086
1086
1086
1086
1086
1086
1086
1086
1086
1086
1086
1086
1086
1086
1086
1086
1086
1086
1086
1086
1086
1086
1086
1086
1086
1086
1086
1086
1086
1086
1086
1086
1086
1086
1086
1086
1086
1086
1086
1086
1086
1086
1086
1086
1086
1086
1086
1086
1086
1086
1086
1086
1086
1086
1086
1086
1086
1086
1086
1086
1086
1086
1086
1086
1086
1086
1086
1086
1086
1086
1086
1086
1086
1086
1086
1086
1086
1086
1086
1086
1086
1086
1086
1086
1086
1086
1086
1086
1086
1086
1086
1086
1086
1086
1086
1086
1086
1086
1086
1086
1086
1086
1086
1086
1086
1086
1086
1086
1086
1086
1086
1086
1086
1086
1086
1086
1086
1086
1086
1086
1086
1086
1086
1086
1086
1086
1086
1086
1086
1086
1086
1086
1086
1086
1086
1086
1086
1086
1086
1086
1086
1086
1086
1086
1086
1086
1086
1086
1086
1086
1086
1086
1086
1086
1086
1086
1086
1086
1086
1086
1086
1086
1086
1086
1086
1086
1086
1086
1086
1086
1086
1086
1086
1086
1086
1086
1086
1086
1086
1086
1086
1086
1086
1086
1086
1086
1086
1086
1086
1086
1086
1086
1086
1086
1086
1086
1086
1086
1086
1086
1086
1086
1086
1086
1086
1086
1086
1086
1086
1086
1086
1086
1086
1086
1086
1086
1086
1086
1086
1086
1086
1086
1086
1086
1086
1086
1086
1086
1086
1086
1086
1086
1086
1086
1086
1086
1086
1086
1086
1086
1086
1086
1086
1086
1086
1086
1086
1086
1086
1086
1086
1086
1086
1086
1086
1086
1086
1086
1086
1086
1086
1086
1086
1086
1086
1086
1086
1086
1086
1086
1086
1086
1086
1086
1086
1086
1086
1086
1086
1086
1086
1086
1086
1086
1086
1086
1086
1086
1086
1086
1086
1086
1086
1086
1086
1086
1086
1086
1086
1086
1086
1086
1086
1086
1086
1086
1086
1086
1086
1086
1086
1086
1086
1086
1086
1086
1086
1086
1086
1086
1086
1086
1086
1086
1086
1086
1086
1086
1086
1086
1086
1086
1086
1086
1086
1086
1086
1086
1086
1086
1086
1086
1086
1086
1086
1086
1086
1086
1086
1086
1086
1086
1086
1086
1086
1086
1086
1086
1086
1086
1086
1086
1086
1086
1086
1086
1086
1086
1086
1086
1086
1086
1086
1086
1086
1086
1086
1086
1086
1086
1086
1086
1086
1086
1086
1086
1086
1086
1086
1086
1086
1086
1086
1086
1086
1086
1086
1086
1086
1086
1086
1086
1086
1086
1086
1086
1086
1086
1086
1086
1086
1086
1086
1086
1086
1086
1086
1086
1086
1086
1086
1086
1086
1086
1086
1086
1515
1711
2025
1232
2025
1995
1995
2000
2000
1371
1995
1991
1607
1371
1723
1903
1777
1232
1515
1995
1903
2000
1589
1371
2000
1903
1903
1349
1232
1347
1232
2025
1160
1345
2046
1589
1345
1160
1903
1884
1349
1903
1903
2046
2035
1279
1775
1481
1903
2046
1481
2035
2046
1481
1675
2046
1589
1519
2001
2028
1481
2046
2035
2035
2032
2028
1452
1925
1931
1519
1583
1216
2045
1409
1564
2028
1831
1669
1452
1874
1828
2045
1409
1564
2045
1409
2028
1216
1985
1703
1583
2032
1424
1985
1626
2001
9220
2257
2081
2633
2560
2176
2615
2561
2430
3054
2149
2149
2625
2290
2081
2283
2481
2081
2324
2901
2054
2809
2149
2149
2260
2972
2972
2161
2881
2644
2278
2247
2607
2292
3003
3003
2076
2944
2076
2762
2552
2920
2920
2920
2920
2920
2789
3008
2419
2419
2762
3059
2419
2419
2419
3008
2419
2820
2419
2881
2881
2800
2972
3008
2972
2972
2944
2224
2462
2800
2398
2944
2398
2818
2944
2789
2789
2789
2789
2789
2789
2920
2818
2419
2419
2419
2419
2857
2419
2944
2419
2777
2777
2419
2972
2972
2972
2972
2972
2976
2972
2694
2972
2800
3008
2944
2818
2818
2472
2942
2944
2789
2789
2944
2942
2818
2472
2789
2566
2472
2566
2961
2961
2566
2961
2961
2961
2961
2961
2961
2961
2961
2961
2961
2961
2472
2961
2472
2961
2961
2961
2472
2961
2472
2961
2472
2472
2961
2566
2961
2961
2961
2961
2472
2472
2472
2472
2472
2472
2472
2472
2472
2472
2472
2472
2566
2592
2566
2592
2566
2566
2566
2566
2566
2566
2566
2592
2961
2592
2566
2961
2592
2566
2961
2592
2472
2961
2566
2472
2472
2472
2472
2472
2566
2472
2472
2566
2472
2566
2472
2472
2566
2566
2566
2566
2566
2961
2961
2961
2472
2472
2472
2472
2472
2472
2472
2472
2472
2472
2472
2472
2472
2472
2472
2472
2472
2472
2472
2472
2472
2472
2472
2472
2472
2472
2472
2472
2472
2472
2472
2472
2472
2472
2566
2472
2472
2472
2472
2566
2566
2566
2566
2472
2566
2566
2566
2566
2566
2566
2566
2566
2566
2566
2566
2566
2566
2566
2566
2566
2566
2566
2566
2566
2566
2566
2566
2566
2566
2566
2566
2566
2566
2566
2566
2566
2566
2566
2566
2566
2566
2566
2566
2566
2566
2566
2566
2566
2566
2566
2566
2566
2566
2566
2566
2566
2566
2566
2566
2566
2566
2566
2566
2566
2566
2566
2566
2566
2566
2566
2566
2566
2566
2566
2566
2566
2566
2566
2566
2566
2566
2566
2566
2566
2566
2566
2566
2566
2566
2566
2566
2566
2566
2566
2566
2566
2566
2566
2566
2566
2566
2566
2566
2566
2566
2566
2566
2566
2566
2566
2566
2566
2566
2566
2566
2566
2566
2566
2566
2566
2566
2566
2566
2566
2566
2566
2566
2566
2566
2566
2566
2566
2566
2566
2566
2566
2566
2566
2566
2566
2566
2566
2566
2566
2566
2566
2566
2566
2566
2566
2566
2566
2566
2566
2566
2566
2566
2566
2566
2566
2566
2566
2566
2566
2566
2566
2566
2566
2566
2566
2566
2566
2566
2566
2566
2566
2566
2566
2566
2566
2566
2566
2566
2566
2566
2566
2566
2566
2566
2566
2566
2566
2566
2566
2566
2566
2566
2566
2566
2566
2566
2566
2566
2566
2566
2566
2566
2566
2566
2566
2566
2566
2566
2566
2566
2566
2566
2566
2566
2566
2566
2566
2566
2566
2566
2566
2566
2566
2566
2566
2566
2566
2566
2566
2566
2566
2566
2566
2566
2566
2566
2566
2566
2566
2566
2566
2566
2566
2566
2566
2566
2566
2566
2566
2566
2566
2566
2566
2566
2566
2566
2566
2566
2566
2566
2566
2566
2566
2566
2566
2566
2566
2566
2566
2566
2566
2566
2566
2566
2566
2566
2566
2566
2566
2566
2566
2566
2566
2566
2566
2566
2566
2566
2566
2566
2566
2566
2566
2566
2566
2566
2566
2566
2566
2566
2566
2566
2566
2566
2566
2566
2566
2566
2566
2566
2566
2566
2566
2566
2566
2566
2566
2566
2566
2566
2566
2566
2566
2566
2566
2566
2566
2566
2566
2566
2566
2566
2566
2566
2566
2566
2566
2566
2566
2566
2566
2566
2566
2566
2566
2566
2566
2566
2566
2566
2566
2566
2566
2566
2566
2566
2566
2566
2566
2566
2566
2566
2566
2566
2566
2566
2566
2566
2566
2566
2566
2566
2566
2566
2566
2566
2566
2566
2566
2566
2566
2566
2566
2566
2566
2566
2566
2566
2566
2566
2566
2566
2566
2566
2566
2566
2566
2566
2566
2566
2566
2566
2564
2735
2968
2877
2478
2168
2579
2320
3017
2564
2649
2860
2813
2925
2976
2813
2990
2253
3017
2942
2942
3008
2694
2564
2253
2452
2672
2608
2320
2735
2419
2694
2501
2976
2644
2717
2452
2452
2944
2592
2952
2697
2735
2735
2411
2644
2592
2770
2619
2608
2411
2771
2253
2162
2434
2452
2411
2876
2284
2225
2277
2933
2579
2277
2868
2791
2307
2412
2185
2162
2224
2968
2699
2275
2770
2791
2623
2649
2672
2802
3007
2567
2868
2770
2644
2964
2253
2980
2225
3009
2253
2672
2608
2612
2936
2623
9221
3977
3816
3760
3324
3253
3129
3813
3309
3611
3363
3449
3253
3953
3866
3707
3663
3521
3555
3617
3136
3669
3958
3768
3082
3944
3620
3331
3702
3465
3801
3890
3928
3530
3929
3513
3849
3870
3164
3950
3087
3890
3836
3605
3909
3644
3690
3335
3747
3935
3869
3337
3437
3909
3965
3965
3965
3690
3929
3933
3933
3965
3674
3808
3747
3935
3940
3940
4005
3747
3933
4039
3437
3824
3870
3940
3951
3747
4008
3747
3690
4088
3335
3935
4036
4008
4008
4088
4008
3690
4008
3690
3933
4053
3674
3674
3935
3950
3108
3940
3747
4053
3674
3750
3935
3987
4039
3750
3747
3952
3935
3747
3935
4079
3950
3951
3335
3935
3750
3674
4039
3747
3935
3108
3108
3935
3747
3108
3108
3690
3935
3108
3858
3108
3747
4039
4039
3858
3935
4061
3935
3750
3108
3935
3747
4079
3750
3747
3935
3108
3108
3935
3747
3725
3750
3750
3935
3858
3858
3858
3858
3690
3858
3108
3858
3858
3858
3108
3750
3935
3108
3858
3108
3108
3935
3858
3858
3858
3750
3935
3858
3750
3108
4009
3858
3858
4009
3108
3858
3858
3858
3858
3858
3858
3108
3858
3858
3108
3858
3108
3108
3108
3108
3108
3108
3858
4009
4009
4009
3858
3858
3858
3858
3858
3858
3858
3858
3108
3858
3858
3858
3858
3858
3858
3858
3858
3858
3858
3858
3858
3858
3858
3858
3108
3858
3858
3858
3858
3858
3858
3858
3858
3108
3858
3858
3858
3108
3108
3858
3858
3858
3858
3108
3858
3858
3858
3858
3858
3858
3858
3858
3858
3858
3858
3858
3858
3858
3858
3858
3858
3858
3858
3858
3858
3858
3858
3858
3858
3858
3858
3858
3858
3858
3858
3858
3858
3858
3858
3858
3858
3858
3858
3858
3858
3858
3858
3858
3858
3858
3858
3858
3858
3858
3858
3858
3858
3858
3858
3858
3858
3858
3858
3858
3858
3858
3858
3858
3858
3858
3858
3858
3858
3858
3858
3858
3858
3858
3858
3858
3858
3858
3858
3858
3858
3858
3858
3858
3858
3858
3858
3858
3858
3858
3858
3858
3858
3858
3858
3858
3858
3858
3858
3858
3858
3858
3858
3858
3858
3858
3858
3858
3858
3858
3858
3858
3858
3858
3858
3858
3858
3858
3858
3858
3858
3858
3858
3858
3858
3858
3858
3858
3858
3858
3858
3858
3858
3858
3858
3858
3858
3858
3858
3858
3858
3858
3858
3858
3858
3858
3858
3858
3858
3858
3858
3858
3858
3858
3858
3858
3858
3858
3858
3858
3858
3858
3858
3858
3858
3858
3858
3858
3858
3858
3858
3858
3858
3858
3858
3858
3858
3858
3858
3858
3858
3858
3858
3858
3858
3858
3858
3858
3858
3858
3858
3858
3858
3858
3858
3858
3858
3858
3858
3858
3858
3858
3858
3858
3858
3858
3858
3858
3858
3858
3858
3858
3858
3858
3858
3858
3858
3858
3858
3858
3858
3858
3858
3858
3858
3858
3858
3858
3858
3858
3858
3858
3858
3858
3858
3858
3858
3858
3858
3858
3858
3858
3858
3858
3858
3858
3858
3858
3858
3858
3858
3858
3858
3858
3858
3858
3858
3858
3858
3858
3858
3858
3858
3858
3858
3858
3858
3858
3858
3858
3858
3858
3858
3858
3858
3858
3858
3858
3858
3858
3858
3858
3858
3858
3858
3858
3858
3858
3858
3858
3858
3858
3858
3858
3858
3858
3858
3858
3858
3858
3858
3858
3858
3858
3858
3858
3858
3858
3858
3858
3858
3858
3858
3858
3858
3858
3858
3858
3858
3858
3858
3858
3858
3858
3858
3858
3858
3858
3858
3858
3858
3858
3858
3858
3858
3858
3858
3858
3858
3858
3858
3858
3858
3858
3858
3858
3858
3858
3858
3858
3858
3858
3858
3858
3858
3858
3858
3858
3858
3858
3858
3858
3858
3858
3858
3858
3858
3858
3858
3858
3858
3858
3858
3858
3858
3858
3858
3858
3858
3858
3858
3858
3858
3858
3858
3858
3858
3858
3858
3858
3858
3858
3858
3858
3858
3858
3858
3858
3858
3858
3858
3858
3858
3951
3942
3088
3111
4004
3901
3078
3111
4039
3237
3621
3904
3778
3940
3335
3843
3843
3987
3935
3782
3778
3901
3987
3880
3747
3978
3843
3952
3890
3726
4088
3987
4053
4053
4072
3690
3284
4054
3176
3647
4089
3887
3890
3690
3935
3843
3585
4079
3498
3259
3675
4032
3901
3498
3778
3498
3107
4074
3498
3715
3498
3107
3107
3498
3237
3107
3424
3747
3890
3997
3757
3509
3154
3740
3904
3890
3302
3231
4003
4047
3251
3621
3095
3557
3726
4042
3652
3982
4083
3747
3254
3890
3154
3389
3231
3747
9222
4530
4434
4443
4594
4126
4619
4483
4369
4473
4556
4143
4619
4138
4433
4496
4745
4939
5019
4418
5064
4656
4888
4660
4780
4385
4799
4382
4445
4317
4914
5040
4162
4190
4831
5056
4583
4882
4190
4353
4534
4757
4454
4972
4353
4972
4454
4686
4681
4353
4331
5056
4759
4109
4972
5096
4998
4454
4305
4331
5096
4894
4700
5089
4384
5012
5110
4810
5058
4190
4119
4589
4931
4589
5115
5008
5012
5118
4132
5110
4654
4384
4830
5115
5110
5115
5115
5118
5115
5115
5115
4145
5059
5115
5115
5115
4384
4810
4654
4384
4145
5115
4460
4305
4305
4305
4830
4132
4589
4589
4589
4654
4384
4589
4589
4971
4830
5015
4589
4654
5059
5059
5059
5059
5059
4810
4132
4132
5012
5012
4769
4837
4830
4962
4132
4962
4810
4830
5012
4311
4830
4589
4830
4589
5012
4589
4589
4589
4769
4589
4830
4769
4769
4654
4589
4830
4769
4837
4837
4837
4830
4654
4837
4837
4837
4837
4769
4837
4769
4769
4837
4837
4837
4837
4769
4837
4769
4837
4769
4837
4837
4769
4837
4769
4769
4837
4769
4837
4837
4837
4837
4837
4837
4837
4837
4837
4837
4837
4837
4837
4837
4837
4837
4837
4837
4837
4837
4837
4837
4769
4769
4769
4769
4769
4769
4769
4769
4769
4769
4769
4769
4769
4769
4769
4769
4769
4769
4769
4769
4769
4769
4769
4769
4769
4769
4769
4769
4769
4769
4769
4769
4769
4769
4311
4769
4769
4769
4769
4311
4311
4311
4311
4769
4311
4311
4311
4311
4311
4311
4311
4311
4311
4311
4311
4311
4311
4311
4311
4311
4311
4311
4311
4311
4311
4311
4311
4311
4311
4311
4311
4311
4311
4311
4311
4311
4311
4311
4311
4311
4311
4311
4311
4311
4311
4311
4311
4311
4311
4311
4311
4311
4311
4311
4311
4311
4311
4311
4311
4311
4311
4311
4311
4311
4311
4311
4311
4311
4311
4311
4311
4311
4311
4311
4311
4311
4311
4311
4311
4311
4311
4311
4311
4311
4311
4311
4311
4311
4311
4311
4311
4311
4311
4311
4311
4311
4311
4311
4311
4311
4311
4311
4311
4311
4311
4311
4311
4311
4311
4311
4311
4311
4311
4311
4311
4311
4311
4311
4311
4311
4311
4311
4311
4311
4311
4311
4311
4311
4311
4311
4311
4311
4311
4311
4311
4311
4311
4311
4311
4311
4311
4311
4311
4311
4311
4311
4311
4311
4311
4311
4311
4311
4311
4311
4311
4311
4311
4311
4311
4311
4311
4311
4311
4311
4311
4311
4311
4311
4311
4311
4311
4311
4311
4311
4311
4311
4311
4311
4311
4311
4311
4311
4311
4311
4311
4311
4311
4311
4311
4311
4311
4311
4311
4311
4311
4311
4311
4311
4311
4311
4311
4311
4311
4311
4311
4311
4311
4769
4769
4769
4769
4769
4769
4769
4769
4769
4769
4769
4769
4769
4769
4769
4769
4769
4769
4769
4769
4769
4769
4769
4769
4769
4769
4769
4769
4769
4769
4769
4769
4769
4769
4769
4769
4769
4769
4769
4769
4769
4769
4769
4769
4769
4769
4769
4769
4769
4769
4769
4769
4769
4769
4769
4769
4769
4769
4769
4769
4769
4769
4769
4769
4769
4769
4769
4769
4769
4769
4769
4769
4769
4769
4769
4769
4769
4769
4769
4769
4769
4769
4769
4769
4769
4769
4769
4769
4769
4769
4769
4769
4769
4769
4769
4769
4769
4769
4769
4769
4769
4769
4769
4769
4769
4769
4769
4769
4769
4769
4769
4769
4769
4769
4769
4769
4769
4769
4769
4769
4769
4769
4769
4769
4769
4769
4769
4769
4769
4769
4769
4769
4769
4769
4769
4769
4769
4769
4769
4769
4769
4311
4769
4769
4769
4311
4769
4769
4769
4769
4311
4769
4769
4311
4769
4769
4769
4311
4769
4311
4769
4769
4311
4769
4311
4311
4769
4311
4311
4769
4769
4311
4311
4311
4311
4311
4769
4311
4311
4311
4311
4311
4837
4311
4769
4769
4837
4769
4311
4311
4311
4311
4311
4311
4311
4769
4769
4769
4311
4311
5118
4971
4955
4484
4132
4150
4810
4747
4739
4456
5052
4624
4624
4456
4955
4624
4926
4739
5118
4340
4150
4876
4150
4739
5094
4589
5094
4296
4810
4296
5049
5096
4296
4955
4150
4999
4934
5096
4197
5096
4481
5115
4950
4684
4170
4950
4934
4334
4985
4830
4919
4613
4926
4702
4771
4150
5058
4955
4732
4853
5056
4554
4889
4881
4862
4648
5109
4738
5056
4548
4636
4113
4922
4826
5005
4403
5064
4526
5040
4819
4203
4559
5089
4260
4299
4965
4776
5031
4906
4203
4889
5056
4171
4414
4731
5026
9223
5516
5448
5764
6061
5340
5804
6134
5448
5409
5767
5629
5448
5448
5376
6061
5419
5656
6010
5849
5796
6119
5287
6140
5849
5904
5904
5772
5876
5585
5340
5492
5178
5457
5173
5328
5173
5629
6074
5333
5226
5305
5566
5876
6032
5305
5724
5579
5707
5868
5982
5498
5329
5305
5951
5951
5373
5615
5937
5226
5379
6073
5492
5271
5566
5220
5724
6110
5220
5498
5574
5225
5477
5225
6109
5574
6109
5574
5391
5800
5772
6005
5231
6109
6024
5231
5231
6103
6005
5924
5856
6005
6073
6103
6005
6048
5766
6048
5856
5924
5498
5574
6005
6004
6004
5811
5220
6024
6109
5574
5231
5574
6048
5742
6004
6002
6024
6050
6024
5772
6024
5527
5982
6024
5574
5742
5924
5574
6024
5742
5766
6024
6050
5742
5742
5574
5766
5832
6024
6048
6109
6024
6103
5231
6005
5982
6005
5568
6109
6024
5742
5231
6005
5811
6024
5568
5832
5832
5574
6005
6024
5742
6024
5832
6005
5568
5574
6024
5568
5832
5568
5574
6024
5568
5832
5568
5574
6024
5568
5832
6024
5568
6005
5742
5832
5568
5742
5568
5568
5568
5568
5568
5568
5568
5568
5568
5568
5568
5568
5568
5568
5568
5568
5568
5568
5568
5742
5742
5742
5742
5742
5742
5742
5742
5742
5742
5742
5742
5742
5742
5742
5742
5742
5742
5742
5742
5742
5742
5742
5742
5742
5742
5742
5742
5742
5742
5742
5742
5742
5742
5742
5742
5742
5568
5742
5742
5742
5742
5568
5568
5568
5568
5742
5568
5568
5568
5568
5568
5568
5568
5568
5568
5568
5568
5568
5568
5568
5568
5568
5568
5568
5568
5568
5568
5568
5568
5568
5568
5568
5568
5568
5568
5568
5568
5568
5568
5568
5568
5568
5568
5568
5568
5568
5568
5568
5568
5568
5568
5568
5568
5568
5568
5568
5568
5568
5568
5568
5568
5568
5568
5568
5568
5568
5568
5568
5568
5568
5568
5568
5568
5568
5568
5568
5568
5568
5568
5568
5568
5568
5568
5568
5568
5568
5568
5568
5568
5568
5568
5568
5568
5568
5568
5568
5568
5568
5568
5568
5568
5568
5568
5568
5568
5568
5568
5568
5568
5568
5568
5568
5568
5568
5568
5568
5568
5568
5568
5568
5568
5568
5568
5568
5568
5568
5568
5568
5568
5568
5568
5568
5568
5568
5568
5568
5568
5568
5568
5568
5568
5568
5568
5568
5568
5568
5568
5568
5568
5568
5568
5568
5568
5568
5568
5568
5568
5568
5568
5568
5568
5568
5568
5568
5568
5568
5568
5568
5568
5568
5568
5568
5568
5568
5568
5568
5568
5568
5568
5568
5568
5568
5568
5568
5568
5568
5568
5568
5568
5568
5568
5568
5568
5568
5568
5568
5568
5568
5568
5568
5568
5568
5568
5568
5568
5568
5568
5568
5568
5742
5742
5742
5742
5742
5742
5742
5742
5742
5742
5742
5742
5742
5742
5742
5742
5742
5742
5742
5742
5742
5742
5742
5742
5742
5742
5742
5742
5742
5742
5742
5742
5742
5742
5742
5742
5742
5742
5742
5742
5742
5742
5742
5742
5742
5742
5742
5742
5742
5742
5742
5742
5742
5742
5742
5742
5742
5742
5742
5742
5742
5742
5742
5742
5742
5742
5742
5742
5742
5742
5742
5742
5742
5742
5742
5742
5742
5742
5742
5742
5742
5742
5742
5742
5742
5742
5742
5742
5742
5742
5742
5742
5742
5742
5742
5742
5742
5742
5742
5742
5742
5742
5742
5742
5742
5742
5742
5742
5742
5742
5742
5742
5742
5742
5742
5742
5742
5742
5742
5742
5742
5742
5742
5742
5742
5742
5742
5742
5742
5742
5742
5742
5742
5742
5742
5742
5742
5742
5742
5742
5742
5568
5742
5742
5742
5568
5742
5742
5742
5742
5568
5742
5742
5568
5742
5742
5742
5568
5742
5568
5742
5742
5568
5742
5568
5568
5742
5568
5568
5742
5742
5568
5568
5568
5568
5568
5742
5568
5568
5568
5742
5568
5742
5568
5742
5742
5742
5742
5568
5568
5568
5742
5568
5568
5568
5742
5742
5742
5568
5568
6083
5335
6004
5625
5414
5498
5315
6005
5183
6024
5805
5726
5533
5411
6024
5811
5614
6103
5173
5517
5747
5477
5726
6004
5159
5856
6127
5135
6059
6024
5527
6103
6083
5614
6042
5123
6048
5473
6089
5402
5996
5363
5614
6032
5956
5262
5805
5150
5530
6023
5456
5128
6101
5898
6083
5614
6097
5937
5645
5260
5614
6005
5456
5755
5929
5904
5214
6140
5291
6101
6032
6089
5805
6032
5635
6097
5493
5475
5457
6085
5929
5803
5701
5626
6101
5365
5555
5929
5403
5693
5324
6041
5258
5774
5542
5460
9224
6149
6533
7109
6538
6718
7078
6319
7039
7123
6762
6308
6577
6710
7110
6319
7110
7049
6931
7011
6718
6884
6675
6409
6514
6228
6526
6897
6160
7033
6166
7033
6539
6379
6382
7032
6879
6597
6667
6755
6429
6154
6310
6643
7090
6693
6216
6357
6216
6480
6471
6748
6886
7115
6741
7031
6711
6574
6785
6845
6542
6778
6484
7125
6530
6976
7031
6925
7031
6643
6741
6748
6148
7073
6778
6383
6478
7139
6776
6154
6154
6579
6784
6605
6329
7139
6185
7139
6154
7031
6160
7031
6649
7139
6574
6530
6605
6778
6185
7073
6579
6778
6579
6154
6478
6185
6185
6605
6579
7139
6912
7029
7073
7155
7130
7025
6579
6649
6574
7155
6579
6154
6154
6579
6649
7139
7073
7073
6574
6649
6154
6579
7073
7073
7073
7073
6579
7047
6154
7075
6579
6579
7025
7083
7083
7073
6154
6185
6649
6579
6605
6579
7025
6845
6574
6845
7083
7130
7083
6574
6574
6605
6574
7025
7083
6649
7083
7083
7025
6649
6649
7083
7083
7083
6649
6649
7083
7025
7083
6649
7025
7083
7083
6649
6579
7083
7083
7083
7083
7025
7083
7083
7083
7083
7083
7083
7083
7083
7083
7083
7083
7083
7083
7083
7083
7083
7083
7083
7083
7130
7130
7130
7130
7130
7130
7130
7130
7130
7130
7130
7130
7130
7130
7130
7130
7130
7130
7130
7130
7130
7130
7130
7130
7130
7130
7130
7130
7130
7130
7130
7130
7130
7130
7130
7130
7130
7130
7130
7130
7130
7130
7130
7130
7130
7130
7130
7130
7130
7130
7130
7130
7130
7130
7130
7130
7130
7130
7130
7130
7130
7130
7130
7130
7130
7130
7130
7130
7130
7130
7130
7130
7130
7130
7130
7130
7130
7130
7130
7130
7130
7130
7130
7130
7130
7130
7130
7130
7130
7130
7130
7130
7130
7130
7130
7130
7130
7130
7130
7130
7130
7130
7130
7130
7130
7130
7130
7130
7130
7130
7130
7130
7130
7130
7130
7130
7130
7130
7130
7130
7130
7130
7130
7130
7130
7130
7130
7130
7130
7130
7130
7130
7130
7130
7130
7130
7130
7130
7130
7130
7130
7130
7130
7130
7130
7130
7130
7130
7130
7130
7130
7130
7130
7130
7130
7130
7130
7130
7130
7130
7130
7130
7130
7130
7130
7130
7130
7130
7130
7130
7130
7130
7130
7130
7130
7130
7130
7130
7130
7130
7130
7130
7130
7130
7130
7130
7130
7130
7130
7130
7130
7130
7130
7130
7130
7130
7130
7130
7130
7130
7130
7130
7130
7130
7130
7130
7130
7130
7130
7130
7130
7130
7130
7130
7130
7130
7130
7130
7130
7130
7130
7130
7130
7130
7130
7130
7130
7130
7130
7130
7130
7130
7130
7130
7130
7130
7130
7130
7130
7130
7130
7130
7130
7130
7130
7130
7130
7130
7130
7130
7130
7130
7130
7130
7130
7130
7130
7130
7130
7130
7130
7130
7130
7130
7130
7130
7130
7130
7130
7130
7130
7130
7130
7130
7130
7130
7130
7130
7130
7130
7130
7130
7130
7130
7130
7130
7130
7130
7130
7130
7130
7130
7130
7130
7130
7130
7130
7130
7130
7130
7130
7130
7130
7130
7130
7130
7130
7130
7130
7130
7130
7130
7130
7130
7130
7130
7130
7130
7130
7130
7130
7130
7130
7130
7130
7130
7130
7130
7130
7130
7130
7130
7130
7130
7130
7130
7130
7130
7130
7130
7130
7130
7130
7130
7130
7130
7130
7130
7130
7130
7130
7130
7130
7130
7130
7130
7130
7130
7130
7130
7130
7130
7130
7130
7130
7130
7130
7130
7130
7130
7130
7130
7130
7130
7130
7130
7130
7130
7130
7130
7130
7130
7130
7130
7130
7130
7130
7130
7130
7130
7130
7130
7130
7130
7130
7130
7130
7130
7130
7130
7130
7130
7130
7130
7130
7130
7130
7130
7130
7130
7130
7130
7130
7130
7130
7130
7130
7130
7130
7130
7130
7130
7130
7130
7130
7130
7130
7130
7130
7130
7130
7130
7130
7130
7130
7130
7130
7130
7130
7130
7130
7130
7130
7130
7130
7130
7130
7075
6209
6912
6925
6776
6925
6322
6995
7067
7139
6778
7031
6517
6925
6837
7007
6605
6912
6976
6329
6429
6969
6517
7014
6958
6709
6709
7166
6827
6492
7014
6622
6925
7029
6690
7126
6459
6459
6843
7126
6574
6741
7082
6154
6927
6970
7090
7104
7147
6494
6693
6154
6693
6969
6788
6638
6709
6960
6329
6303
6622
7149
7028
6709
6807
7090
6482
6277
6631
6622
6928
6442
7103
6499
6339
6208
7147
6998
6191
7147
7091
6705
6429
6643
6654
6892
6698
6851
6899
6729
6437
6262
6945
6426
7055
6570
9225
7449
7225
7757
7827
7416
7496
7860
7992
7870
7271
8014
8059
7588
7674
7982
7824
8177
7847
7273
7460
7893
7490
7170
7256
8164
7878
8087
7663
8053
7718
7878
7202
8083
7963
7659
8043
7764
8053
7728
7411
8056
7753
7753
7815
8151
7830
7847
7213
7246
8096
7720
7330
7882
7242
7574
7337
7519
7518
8112
7715
8151
8145
7528
7963
7632
7519
8161
7246
7495
7842
7411
7612
7632
7991
8145
7753
7932
8183
8064
7932
7678
7632
8021
7694
7923
8183
7612
8053
8076
8161
8112
8161
7923
7932
7694
8161
8162
8161
7694
8162
8021
7932
7940
7932
7612
7932
7932
8174
8145
7932
7932
8055
8076
7411
7796
7574
8161
7932
8021
7932
8183
7932
8055
7932
8021
7738
8021
7940
8183
7730
8055
7932
7738
7653
8145
7932
7932
7940
8068
8068
8183
7932
8055
8162
8021
8021
8183
7923
7932
7932
7916
8162
8170
8183
7916
8170
7916
8170
8068
8183
8068
7916
7738
8145
8145
8021
7738
7923
7738
8183
8068
8183
8170
7738
8183
8021
8183
7738
8145
8145
8170
8145
8183
8183
7916
7738
8183
8170
8068
8183
8021
8183
8068
8170
8183
8068
8068
8068
7738
8183
8068
8068
8068
8068
8068
7738
7738
7738
8170
8170
7738
7738
7738
8170
8170
7738
8170
8170
8170
8170
7738
8170
8170
7738
8170
8170
8170
8170
8170
8170
8170
8170
8170
7738
8170
8170
8170
8170
8170
8170
8170
8170
8170
7738
7738
8170
8170
8170
8170
8170
8170
8170
8170
8170
8170
8170
8170
8170
8170
8170
8170
8170
8170
8170
8170
8170
8170
8170
8170
8170
8170
8170
8170
8170
8170
8170
8170
8170
8170
8170
8170
8170
8170
8170
8170
8170
8170
8170
8170
8170
8170
8170
8170
8170
8170
8170
8170
8170
8170
8170
8170
8170
8170
8170
8170
8170
8170
8170
8170
8170
8170
8170
8170
8170
8170
8170
8170
8170
8170
8170
8170
8170
8170
8170
8170
8170
8170
8170
8170
8170
8170
8170
8170
8170
8170
8170
8170
8170
8170
8170
8170
8170
8170
8170
8170
8170
8170
8170
8170
8170
8170
8170
8170
8170
8170
8170
8170
8170
8170
8170
8170
8170
8170
8170
8170
8170
8170
8170
8170
8170
8170
8170
8170
8170
8170
8170
8170
8170
8170
8170
8170
8170
8170
8170
8170
8170
8170
8170
8170
8170
8170
8170
8170
8170
8170
8170
8170
8170
8170
8170
8170
8170
8170
8170
8170
8170
8170
8170
8170
8170
8170
8170
8170
8170
8170
8170
8170
8170
8170
8170
8170
8170
8170
8170
8170
8170
8170
8170
8170
8170
8170
8170
8170
8170
8170
8170
8170
8170
8170
8170
8170
8170
8170
8170
8170
8170
8170
8170
8170
8170
8170
8170
8170
8170
8170
8068
8068
8068
8068
8068
8068
8068
8068
8068
8068
8068
8068
8068
8068
8068
8068
8068
8068
8068
8068
8068
8068
8068
8068
8068
8068
8068
8068
8068
8068
8068
8068
8068
8068
8068
8068
8068
8068
8068
8068
8068
8068
8068
8068
8068
8068
8068
8068
8068
8068
8068
8068
8068
8068
8068
8068
8068
8068
8068
8068
8068
8068
8068
8068
8068
8068
8068
8068
8068
8068
8068
8068
8068
8068
8068
8068
8068
8068
8068
8068
8068
8068
8068
8068
8068
8068
8068
8068
8068
8068
8068
8068
8068
8068
8068
8068
8068
8068
8068
8068
8068
8068
8068
8068
8068
8068
8068
8068
8068
8068
8068
8068
8068
8068
8068
8068
8068
8068
8068
8068
8068
8068
8068
8068
8068
8068
8068
8068
8068
8068
8068
8068
8068
8068
8068
8068
8068
8068
8068
8068
8068
8170
8068
8068
8068
8170
8068
8068
8068
8068
8170
8068
8068
8170
8068
8068
8068
8170
8068
8170
8068
8068
8170
8068
8170
8170
8068
8170
8170
8068
8068
8170
8170
8170
8170
8170
8068
8170
8170
8170
8170
8170
8068
8170
8068
8068
8068
8068
8170
8170
8170
8170
8170
8170
8170
8068
8068
8068
8170
8170
8076
7179
7967
8162
7583
7923
8055
8145
7720
7951
8028
7916
8002
8183
7696
7715
7967
8055
8181
7510
7897
7882
8174
7632
7948
7794
8161
7753
7699
7445
7828
8109
8145
7574
8064
8028
8164
7696
7246
7533
7923
7720
7753
8064
7895
7495
7910
8142
7764
7969
8013
7484
7728
7882
7577
7612
8094
7911
7678
8117
7977
7577
7651
7714
7317
7866
7257
7612
7424
8131
7672
7337
8117
7946
8155
8181
7758
7561
7556
7185
8111
7843
7722
7669
8073
7996
7646
7390
7566
7281
8173
8181
8173
7315
7517
7807
9226
8503
8875
8309
8622
9036
8317
8593
8908
8721
8635
8345
8466
9017
8812
9124
8816
8752
8256
8363
8313
9200
9060
8207
8503
8483
8752
8672
8871
9189
8242
8646
8327
8232
8425
8846
8205
9091
8734
8608
8528
9076
8342
8750
8493
8807
9137
8608
8661
9024
8459
8608
9089
8499
9089
8862
8608
8790
8750
9128
9128
9129
9205
9051
8234
9037
8608
8372
9010
8664
9051
9123
9129
8850
9181
8750
8712
8444
8667
9181
8429
9181
9024
8429
9020
9139
9123
8585
9037
9128
9010
8708
9140
9010
8831
8664
9181
9181
9123
8708
8892
8831
8234
9204
8852
8535
8852
9010
9027
9181
8429
9211
8667
8365
8831
8667
8602
8667
9020
8664
9123
9181
9181
9027
8750
8664
9204
9204
8585
9204
8708
9204
9204
8708
9204
8820
9167
9123
8667
9129
8831
8750
8820
9167
9167
8585
9181
9204
8575
9167
9211
8667
9140
9140
8667
9123
9167
9129
8820
8820
8710
9123
8710
9204
8750
9167
9091
9167
9167
9123
9167
8710
9167
8750
9167
9167
9091
8710
8585
8710
8667
9204
9211
9140
9140
9123
9167
9167
9140
9204
9140
8710
9140
8710
9140
9140
8710
9167
9167
9140
9167
8710
8710
9167
8710
8710
9167
9140
8710
9140
9140
9140
9140
9140
9140
9140
9140
9167
8710
9140
9140
9140
9140
9167
9140
9140
9167
9140
9140
9140
9140
9140
9140
9140
9140
9140
9140
9140
9140
9140
9140
9140
9167
9167
9140
9140
9140
9140
9167
9167
8710
9167
9140
9167
9167
9167
9167
8710
8710
9167
9167
9167
8710
9167
8710
8710
9167
8710
8710
9167
8710
9167
8710
9167
8710
8710
9167
8710
8710
9167
8710
8710
8710
8710
8710
8710
9167
8710
8710
8710
8710
8710
8710
8710
8710
8710
9167
8710
8710
8710
8710
8710
8710
8710
8710
8710
8710
8710
8710
8710
8710
8710
8710
8710
8710
8710
8710
8710
8710
8710
8710
8710
8710
8710
8710
8710
8710
8710
8710
8710
8710
8710
8710
8710
8710
8710
8710
8710
8710
8710
8710
8710
8710
8710
8710
8710
8710
8710
8710
8710
8710
8710
8710
8710
8710
8710
8710
8710
8710
8710
8710
8710
8710
8710
8710
8710
8710
8710
8710
8710
8710
8710
8710
8710
8710
8710
8710
8710
8710
8710
8710
8710
8710
8710
8710
8710
8710
8710
8710
8710
8710
8710
8710
8710
8710
8710
8710
8710
8710
8710
8710
8710
8710
8710
8710
8710
8710
8710
8710
8710
8710
8710
8710
8710
8710
8710
8710
8710
8710
8710
8710
8710
8710
8710
8710
8710
8710
8710
8710
8710
8710
8710
8710
8710
8710
8710
8710
8710
8710
8710
8710
8710
8710
8710
8710
8710
8710
8710
8710
8710
8710
8710
8710
8710
8710
8710
8710
8710
8710
8710
8710
8710
8710
8710
8710
8710
8710
8710
8710
8710
8710
8710
8710
8710
8710
8710
8710
8710
8710
8710
8710
8710
8710
8710
8710
8710
8710
8710
8710
8710
8710
8710
8710
8710
8710
8710
8710
8710
8710
8710
8710
8710
8710
8710
8710
8710
8710
8710
8710
8710
8710
8710
8710
8710
8710
8710
8710
8710
8710
8710
8710
8710
8710
8710
8710
8710
8710
8710
8710
8710
8710
8710
8710
8710
8710
8710
8710
8710
8710
8710
8710
8710
8710
8710
8710
8710
8710
8710
8710
8710
8710
8710
8710
8710
8710
8710
8710
8710
8710
8710
8710
8710
8710
8710
8710
8710
8710
8710
8710
8710
8710
8710
8710
8710
8710
8710
8710
8710
8710
8710
8710
8710
8710
8710
8710
8710
8710
8710
8710
8710
8710
8710
8710
8710
8710
8710
8710
8710
8710
8710
8710
8710
8710
8710
8710
8710
8710
8710
8710
8710
8710
8710
8710
9167
8710
8710
8710
8710
8710
8710
8710
9140
8710
8710
8710
8710
8710
9167
8710
8710
9140
8710
8710
8710
8710
8710
8710
9167
8710
9167
8710
8710
8710
8710
8710
8710
9140
8710
8710
9167
8710
8710
8710
8710
8710
9167
9051
8708
9010
8464
8255
8429
9010
8893
9051
9123
8667
9051
9196
8831
8575
8790
8429
9027
8234
8667
8514
8909
8535
9091
8998
8575
8585
9027
8676
9171
8852
8602
8255
8327
8535
8814
9051
8750
9027
9171
8235
8438
8676
9211
8726
8862
9149
8839
9180
8535
9129
8665
9180
8585
8917
8208
8717
9051
8852
8912
9074
8256
9205
8746
8797
8792
9088
9124
8407
9089
9089
8381
8558
8742
8425
8692
8993
8299
8714
8770
8577
8920
8920
9201
8465
8602
8936
8574
8436
8575
8242
9149
8398
8845
8681
8546