9217
9218
300
884
438
417
794
417
794
417
794
417
476
174
687
616
455
591
246
542
341
591
995
591
128
920
413
243
591
591
979
797
797
797
84
190
107
128
920
649
341
979
797
979
797
5
797
797
366
744
69
952
439
164
984
415
415
805
702
311
1018
99
325
542
649
341
537
1013
991
116
829
116
116
333
920
174
687
979
687
979
979
797
797
797
797
797
96
95
96
116
116
116
116
116
724
116
116
116
128
246
649
341
341
171
116
116
116
116
116
116
116
902
174
687
439
439
668
128
542
649
439
746
805
325
174
920
413
341
979
98
797
668
797
230
51
270
608
920
413
246
979
341
440
574
20
379
797
608
608
325
69
952
349
638
431
983
916
983
983
983
983
983
983
668
983
246
649
341
341
341
775
116
116
116
116
427
902
920
413
979
979
413
797
797
797
5
797
387
427
246
542
649
341
341
128
174
687
687
193
797
936
246
649
649
341
116
116
116
116
5
116
116
772
614
902
687
242
376
362
246
542
914
281
196
1018
614
128
920
413
843
979
413
797
797
429
772
797
772
128
246
920
979
843
979
797
797
797
797
671
952
881
439
439
163
311
362
210
164
746
198
1018
983
128
542
649
914
783
206
116
116
366
116
116
116
902
174
920
413
979
979
797
797
797
797
797
797
513
904
904
777
68
821
366
116
116
116
116
5
116
116
128
246
649
341
341
440
797
270
598
20
20
20
772
128
174
341
187
110
325
246
649
523
198
1018
325
920
413
112
372
979
979
797
797
270
53
20
20
128
920
920
542
341
979
979
797
797
20
270
952
411
200
983
311
362
210
523
523
599
1014
599
709
608
608
246
649
914
608
270
20
270
608
270
608
270
128
920
920
649
341
979
979
797
797
608
190
53
20
270
902
174
341
979
307
902
687
952
431
15
431
983
977
246
649
616
983
505
983
431
983
431
983
431
983
983
128
174
914
505
983
246
542
776
983
431
983
920
920
413
914
979
914
431
983
431
983
431
983
983
920
128
246
914
979
804
797
983
428
444
431
983
444
163
69
607
30
431
978
71
21
983
431
325
246
649
341
653
431
978
991
784
116
724
116
983
983
106
902
920
413
979
979
979
797
797
797
797
513
96
513
904
777
550
1013
116
550
68
116
5
116
116
128
998
9219
1044
1044
1417
1417
1417
1417
1911
1417
1417
1417
1417
1417
1417
1417
1417
1417
1076
1828
1937
1714
2045
1778
1817
1828
1669
1224
1880
1828
1396
1216
1216
1949
1097
1097
1828
1967
1288
1820
1714
1778
1817
1519
1867
1884
1995
1895
1995
1394
1394
1371
1076
1076
1076
1076
1482
1784
1636
1589
1589
1062
1995
1895
1637
1895
1995
1371
1115
1995
1371
1928
1371
1928
1457
2025
1635
1771
2001
2028
1949
1186
1690
1299
2001
2001
1867
2028
1299
1394
1480
1949
2001
1424
1937
2001
2028
1831
1115
1394
1371
1803
1858
1803
1428
1428
1130
1130
1281
1499
1425
1894
1479
1277
1315
1635
1417
1714
1054
1961
1347
1417
1394
1417
1394
1928
1371
1394
1394
1858
1879
1858
1879
1879
1879
1879
1858
1859
1879
1879
1879
1879
1879
1130
1499
1130
1130
1859
1730
1048
2034
1607
1232
2000
2000
1879
1879
1879
1858
1900
1859
1432
1432
1432
1859
1859
1859
1406
1480
1179
2001
1589
1771
2001
2028
1949
1603
1770
1094
1409
1771
1216
1035
1771
1216
1824
1937
2001
1938
1949
1857
1606
1844
1682
1179
2007
1966
1097
1547
1097
1299
1097
1097
1097
2035
1635
1636
1905
1846
2045
2025
1589
1974
1895
1417
1417
1417
1995
1076
1959
1417
1417
1417
1097
1481
1481
2008
2008
2028
2028
1707
1136
1136
1426
1426
2032
2028
2028
1585
1991
1589
1426
1426
1426
1426
1481
1481
1937
1770
1722
1831
1589
1884
1232
1928
1499
1803
1454
1428
1130
1130
1432
1762
1130
1893
1072
1491
1808
1637
1905
1396
1299
1179
1895
1417
1895
1955
1371
1232
1371
1928
1995
1371
1824
1794
1969
1554
2000
2000
1371
1499
1409
1387
1179
1054
1547
1995
1995
1928
1928
1723
1679
1770
1368
2000
2000
1858
1232
1879
1859
1900
1879
1454
1858
1859
2043
1859
1454
1561
1300
1519
1880
1299
1973
1925
1955
1857
1771
1237
1479
2001
2028
1771
1035
1035
1955
2028
1828
1925
1470
1636
2001
1960
1589
1940
1674
1714
1315
1714
1547
1417
1547
1995
1928
1371
1371
1371
1371
1346
1854
1044
1606
1417
1955
1606
1417
1895
1995
1394
1394
1995
1076
1928
1457
1409
1949
1554
2028
1589
1585
2001
1589
2025
2001
2001
2028
2028
1480
1299
1589
1949
2001
2028
1480
1880
1969
1554
1097
1589
1911
1884
1232
1454
1499
1879
1130
1130
1879
1879
1130
1900
2030
1479
1277
1036
1221
1491
1690
1985
1905
1179
1960
1995
1371
1905
1371
1076
1995
1371
1928
1371
1928
1371
1371
1928
1858
1928
1371
1879
1371
1879
2043
1879
2043
1762
1879
2041
2041
2041
1900
2035
1727
1969
1969
1554
2025
1589
1347
1547
1496
1496
1232
1995
1347
1347
1347
1347
2035
1867
2028
1961
1784
2028
1949
2001
2028
1097
1409
1880
1949
1299
1396
1669
1949
2001
2028
1669
1276
1980
1808
1857
1968
1966
1905
1535
1895
1097
1179
1682
1179
1547
2007
1097
1097
1347
1347
1576
1442
1808
1491
2025
1966
1985
1637
1044
1995
1895
1682
1179
1347
1974
2035
2032
2028
2035
2032
2028
2007
1299
1682
1583
2001
1771
2032
2001
1589
1585
2028
1635
1216
1216
1682
1974
2032
1806
1831
1949
1216
2001
1347
1347
1347
1347
1299
2007
1299
1682
1417
1496
1690
1347
2010
1919
1908
1387
1831
1949
1882
2001
1674
1857
2007
1417
1097
1097
1349
1547
1347
1714
1547
1047
1347
1406
1831
2007
1547
2007
1547
1160
1409
1206
1886
1481
1892
2046
1991
1886
1481
2046
1991
2035
1455
1048
1949
1585
1481
1481
1481
1481
1481
1481
1481
1515
1368
1368
1368
1892
1589
2028
1947
1775
1396
1283
1206
1949
2032
1707
2032
2035
1480
1949
1240
2001
2008
2008
2008
1426
1935
1242
1258
1919
1925
2032
1718
2032
2007
1585
1585
1886
1481
1481
1481
1481
1481
1426
2028
1939
2024
1330
1330
1947
1949
2032
1438
1991
1991
1991
1607
1607
1481
1607
1481
1481
1481
1481
1481
1515
1368
1035
1035
1035
1589
1857
1947
1947
1044
1947
2032
1991
1991
1991
1723
1812
1094
2025
1903
1903
1995
1607
1481
1515
1515
1515
1515
1515
1454
1515
1515
1515
1481
1368
1368
2000
1931
1676
1442
1968
1968
1857
1714
1718
1991
2007
1895
1928
1371
1928
1115
1371
1879
1928
1928
1394
1928
1879
1928
1879
1879
1879
1928
1879
1879
1879
1879
1879
1879
1879
1879
1879
1130
1879
2030
1603
9220
2261
2261
2874
2261
2261
2261
2412
2820
2976
2671
2694
3032
2777
2777
2777
3032
2348
2769
2920
2525
2079
2721
2401
2792
2049
2941
2401
3054
2194
2874
3054
3054
3054
3054
3054
2511
2496
2941
3008
2707
2401
2079
3054
2253
2320
2777
2419
2777
2920
2777
2419
2972
2936
2791
2529
2792
2304
2079
2815
2584
2820
3032
2276
3043
2054
2800
2623
2608
3035
2119
2054
2608
2696
2278
2644
3028
2503
2891
2198
3007
2214
2214
2055
3009
2349
2571
2312
2874
2549
2697
2298
2901
2379
2594
2594
2901
2450
2848
2091
2928
2976
2735
2091
2976
2976
2472
2566
2472
2497
2769
2602
2874
2079
2412
2176
2920
2398
2623
2966
2659
2320
2093
2701
2860
2419
3043
2419
2564
2920
2972
2419
2592
2566
2472
2976
2411
2566
2961
2961
2472
2592
2472
2472
2592
2472
2472
2718
2680
2777
2529
2419
2920
2544
2800
3008
2419
2789
2735
2961
2592
2472
2472
2961
2961
2566
2142
2054
2320
2941
3009
3023
2091
2901
2901
2939
2874
2174
2549
3070
2767
2767
2260
2594
2616
2865
2079
3020
2421
2760
2253
2644
2848
2844
2681
2848
3008
3050
2860
2253
2323
3068
2323
2352
2932
2278
2278
2352
2700
2983
2100
2054
2323
2966
2983
2323
2320
3008
2608
2557
2557
2557
2557
2557
2557
2844
2529
3032
2609
2612
2275
2275
2844
3050
2184
2091
3007
3032
2091
2174
2850
3007
2540
2825
2091
2777
2209
2807
2456
3032
2564
2091
2901
2735
2091
2748
2990
2564
3017
2592
2472
2472
2961
2061
2388
2093
2054
2413
2927
2938
2659
2320
2398
2054
2800
2054
3017
2818
2815
2552
2644
2544
2761
2372
3007
2694
2942
2564
2695
2735
2264
3050
2937
2398
3023
2054
2920
2912
2972
2054
2703
2825
2715
2564
3023
2944
2694
2735
2564
2592
2942
2564
2592
2566
2735
2961
2868
2644
2224
2625
2142
2156
2511
2489
2868
2920
3012
2968
2859
2081
2081
2665
3023
2815
2481
2585
3032
2714
2712
2866
2407
2714
2054
2333
2583
2966
2857
2701
2398
2701
2544
2701
3043
2701
2860
2937
2398
2969
2714
2973
2700
2096
2714
3020
2305
2398
2348
2608
2623
2714
2253
2119
2735
3059
2192
2955
3009
2564
3009
3009
2792
2868
2571
2937
2821
2312
3050
2579
2330
3032
3032
2868
2540
3023
3009
3050
2644
2224
2506
3023
3007
2944
2942
2990
2472
2472
2564
2564
2748
2735
2545
2779
2868
2998
2792
2815
2670
2430
2093
2983
2398
2421
3008
2054
2800
2552
2777
2936
2119
2800
2818
2054
2552
2815
3008
2054
2694
2566
2694
2990
2162
2990
2592
2452
2735
2566
2592
2592
2592
3022
2201
2372
3043
2305
2966
2659
2966
2276
2419
2420
3055
3055
2398
2054
2966
2659
2966
2659
2420
2874
2779
2564
3043
2659
3059
2330
2608
2833
2697
3009
2398
2671
2190
2368
2079
2561
3067
2190
2049
2941
2194
2687
2920
2815
2659
2966
2267
2966
2983
3043
2879
2659
2966
2659
2966
2061
2792
2079
3007
2049
2941
2485
2282
2323
2628
2628
2968
2583
3043
2415
3043
2647
2398
2735
2293
2983
2877
2983
2564
2941
2941
3070
2941
2330
2941
2941
2161
2049
3043
2983
2659
2966
2659
2283
2942
2860
2983
2659
2966
3043
2054
2966
2659
2966
2659
2966
2983
2253
2966
2659
2966
2736
2061
2407
2941
2398
2261
2659
2937
2659
2966
2659
2659
2966
2966
2659
2305
2276
2659
2966
2659
2696
2253
2897
2276
2920
2398
2305
2545
2874
2922
2419
2912
2354
2245
2478
2320
3009
2828
3009
2995
2579
3007
3032
2735
2453
2609
2993
2848
2848
2928
3045
2928
2260
2330
3032
2762
2681
2848
2749
2631
2388
2647
2317
2609
2317
2348
2749
2921
2877
3023
3064
2727
2323
2323
2344
2956
2916
3035
2054
2966
2549
2981
2799
2667
2848
2784
3007
2166
3064
2799
2848
2921
2117
2095
2429
2723
2612
2912
2359
2667
3064
2134
2682
3017
2848
2928
2928
2260
3017
2609
3017
2848
2848
2928
3045
2928
2234
3008
2552
3008
2349
2552
2848
2833
2198
2400
2419
3055
3055
2470
2841
2877
2644
2942
2993
2877
2330
2928
2877
2928
2694
2694
2976
2649
2694
2928
2928
2928
3032
3032
2260
2908
3016
2153
2448
2587
2920
2253
2366
2730
2879
3000
3035
2253
2452
2936
2936
2472
2936
2694
3012
3017
2119
2608
2472
2472
2472
2791
2472
2961
2472
2472
2566
2566
2566
2961
2592
2472
2566
3015
2506
9221
3554
3743
3245
4079
3783
3747
3437
3824
3862
3862
3862
3862
3672
4054
3824
3178
3437
3760
3297
3778
3210
3569
3111
3841
3133
3977
3373
3188
3540
3705
3648
3166
3250
3685
3198
3469
3079
4020
3226
3215
3670
3815
3078
3800
4036
3420
3335
4053
3869
4053
4042
3778
3843
3778
3548
3084
3133
3869
3469
3165
3813
3684
3573
3862
3950
3778
3804
3824
3843
3778
3284
3869
3952
3839
3210
3485
3688
3702
3585
3376
3736
3596
3728
3728
3728
3264
3605
3903
3437
3988
3736
3389
3896
3745
3745
3572
3552
3924
3768
3839
3965
4094
4079
3952
3530
3623
3623
4072
3177
3084
3645
3133
4045
3369
3965
4004
3107
3169
3478
4079
3778
3327
4036
4088
3869
4008
4036
3778
3924
3778
3940
3778
3843
3778
3843
3778
3843
3778
3108
3750
4054
4009
3725
3335
3952
3750
3732
3605
4008
4032
4036
3847
4054
4054
3987
3764
3778
4053
3108
3858
4009
4009
3858
3858
3108
3615
3910
3676
3857
4053
3179
3579
3087
3903
3465
3376
3965
3376
3959
3515
3224
3465
3224
3403
3133
3932
3283
3133
3896
3199
3598
3403
3525
3082
3649
3778
3277
4039
3600
3804
3822
3928
3777
4010
3739
3771
3101
3274
3194
3822
3919
4053
3869
3398
4053
3690
3675
3869
3862
3862
3862
4013
3915
4088
4013
3138
4024
3107
3623
3623
3515
3494
3364
4073
3381
3530
3307
3810
3942
3375
3107
3738
3579
3702
3839
3178
3745
3296
3465
3904
3672
3952
3465
4079
3824
3530
3335
4009
3965
3858
4009
4009
3830
3491
3572
3133
3675
3189
3095
3605
3933
4090
4036
3778
3820
3778
3950
3778
4088
3778
3843
3316
3436
3804
3804
3437
4052
3950
3933
3715
3659
3252
4079
4079
3952
4072
3698
3904
3909
3791
3296
4087
4079
4088
3952
3952
4079
3108
3952
3747
3824
3952
3782
4009
3858
3747
3083
3603
4094
3337
3265
3210
3844
3548
3684
3351
3730
3449
3654
3694
3707
3684
3684
3937
3111
3938
3652
3641
3659
3402
3133
3133
3986
3978
3847
3820
3820
3674
3869
3778
3915
4036
3915
4036
3952
3869
3786
3136
3645
3766
4053
3572
3862
3862
3681
3843
3245
3673
3778
4039
3778
3385
3480
3133
3910
3967
3766
3437
3572
3254
3413
3515
3291
3999
3459
3515
3291
3310
3307
3952
3766
3437
3903
3133
4087
4087
3304
3988
3111
3824
3824
3901
3951
4009
4054
3904
3952
3782
4054
3729
3369
3986
3548
3525
3959
3231
3243
3862
3967
3583
3368
3778
3820
3778
3843
3839
3950
3778
3659
3778
4087
3778
4088
3778
4036
3778
3869
3933
3869
3824
3950
3933
4009
4054
4039
3750
4039
4061
3676
3188
3188
3822
3822
3217
3976
3552
3822
3822
3843
4053
3675
3924
3822
3600
3600
3600
3673
3541
3766
3572
3548
3548
3133
3335
3586
3284
3959
3515
3921
3959
3719
3413
3659
3970
3369
3234
3525
3179
3418
3126
3098
3586
3247
3734
3154
3822
3154
3824
3583
3777
3154
3778
3822
3552
3986
3443
3993
3369
4090
3310
3513
3822
3829
3175
3674
3247
3675
4036
3569
3640
3269
3929
3269
3269
3736
4013
4014
3154
3335
3480
3684
3659
3572
3843
3555
3555
3555
3985
4020
3734
3734
3760
3352
3822
3890
3335
3438
3843
3209
3924
3778
3843
3915
3843
3647
3675
3822
3778
3335
3740
3851
3967
3291
3648
3154
3659
3509
3098
4094
3919
3940
3778
3940
4053
3804
4036
3778
3603
3413
3778
3558
3304
3684
3978
3506
3839
4036
4090
3969
3967
3503
3766
4032
4052
3126
3903
3530
3107
4052
3758
3837
3713
3097
3521
3530
3919
3107
3368
3368
3812
3504
4072
3919
3530
3530
3111
3368
3368
3736
3739
3235
3699
3702
3822
3189
3138
3237
4045
3900
3178
3919
3583
3925
3767
3154
3773
3672
3241
3652
3610
3178
3381
3530
3178
3734
3925
3768
3496
3245
3138
3178
3734
3486
3368
3403
3732
3567
3916
3340
3699
3245
3583
3171
3720
3997
4094
4094
3734
3530
3245
3623
3820
3178
3734
4094
3107
3702
3555
3909
3555
3447
3555
3707
3925
4059
3585
3913
3530
3825
3764
3653
3373
3869
3270
3270
3623
3925
4036
3768
3107
3778
3901
3925
3585
4009
3824
4094
3812
3699
3928
4094
4094
3953
3622
3803
3729
3111
3234
3590
3940
3200
3810
3843
3940
3928
3778
3778
4039
3335
3843
4008
4079
3778
4054
3335
3843
3843
4008
3778
3778
3335
3952
3843
3901
4079
4009
4054
3750
4054
3814
3363
9222
4227
4570
4743
4221
4221
4460
4817
4335
4335
4227
4258
4988
4193
4692
4227
5049
4193
5068
5118
4821
4391
5096
4126
4540
4970
4562
4814
4299
4800
4704
4451
5027
4103
4705
4622
4757
4656
4915
4898
5038
4700
4558
4586
4337
4656
4646
4711
4128
4510
4771
4145
4955
4988
4955
4109
4251
5038
4948
4948
4431
4629
4660
4859
4739
4855
5095
4985
5115
5118
4876
5118
5115
4613
5112
4636
4221
4793
4952
4350
5078
4955
4918
4253
4332
4636
4613
4120
4629
5008
4262
4317
4817
4611
4952
4801
4138
4830
4196
4460
4801
4624
4624
4624
4624
5012
4837
4876
5056
4760
4802
4505
4604
4948
4743
4193
4876
5040
4447
4335
4221
4861
4589
5094
4876
5118
4876
4221
4510
4926
4893
5029
4769
5115
4769
5012
4926
4837
5118
5096
4589
4769
4150
4769
5012
4830
4889
4710
4814
4782
4484
5029
5115
4589
4305
5096
5118
4926
4950
4769
5015
4837
4837
4837
4837
4769
4292
4905
4681
4854
4332
4505
4376
4611
4782
4426
4831
4332
4637
4628
4591
5081
4442
4287
4952
4739
4237
4627
4293
4175
5097
4164
4554
4921
4653
4605
5003
4145
5031
4824
4698
5059
4508
4705
4334
4164
4285
4640
4331
4242
4970
4193
4731
4150
4132
4759
4132
4817
5095
4384
4985
4985
4221
5050
5050
4773
5049
4950
5115
5112
5112
4335
4335
4634
4926
4949
4801
4831
5108
4955
5010
5108
4184
4460
4873
4801
4266
4988
4465
4862
4801
5058
5059
4955
4624
4801
4624
4955
4624
4769
4837
4962
4769
4854
4854
4935
4135
4291
4737
4935
4412
4193
5011
4145
4692
4296
4625
5096
5058
4971
5110
5115
4215
4456
4505
4955
4822
4132
5012
5029
4253
4129
5031
4684
4625
4460
4853
4955
4334
4950
4393
4611
4170
4629
4625
5015
4955
4955
4934
4830
4837
5059
4889
4962
4837
4962
4311
4460
5095
4918
4611
4353
4412
4400
5059
4164
4299
4443
4374
4251
5095
4530
4256
4443
4853
4385
4254
4931
4181
4550
4262
4305
4948
5031
4938
4949
4578
4432
4625
4296
4345
4919
4817
5059
4625
5059
4985
4119
4912
4415
4604
4335
4150
5002
4646
5037
5106
4305
4876
4193
4460
4950
4431
4458
4950
5049
4624
4403
5096
4403
4955
4624
4322
5067
4766
4240
4591
4103
4403
4555
4529
4403
4723
4345
5008
4431
4853
4629
4634
4801
5058
4755
4769
4962
4830
4311
4955
5110
4837
4962
4793
4534
4611
4446
4376
4132
4164
4193
4784
4974
4221
5094
5115
4145
4145
5015
5095
4170
4654
4955
4810
4971
5115
5094
5115
4810
4654
5118
4170
4384
5052
5110
4926
5118
4810
5058
4955
4934
4955
4782
4443
4776
4221
4955
5087
4889
4975
4893
4145
4876
4221
4221
4751
4334
4830
4221
4835
4705
4144
4173
4416
5038
4715
4431
4660
4505
4800
4175
4250
4141
4616
5096
5031
4673
5119
4420
4936
4922
5109
4420
4529
4455
4262
4546
4271
4974
4242
4554
4692
4135
5043
4508
4447
4547
4690
5054
4627
4254
4205
4876
4578
4221
4242
4699
4907
5059
4221
4692
4559
4193
4876
4373
4768
4373
5031
4587
4297
4830
4629
4636
4660
4535
4555
4804
4855
5031
4391
4373
4660
5059
5038
4456
4333
4855
4096
4830
4460
5045
4181
4855
4855
5022
4692
4559
4692
4547
4747
5015
4705
4203
4720
4850
4885
5018
4373
4732
4826
4412
4988
4958
4974
4242
5011
4705
5079
4835
4221
4227
4938
4705
5089
5008
4431
4221
4855
4855
4855
5058
4898
4559
4916
4475
4692
4411
5027
4422
4353
4919
5093
5047
4401
4615
4747
4593
4593
4988
4931
4747
4926
4926
4332
4150
4950
4950
4460
4613
4862
4416
5001
4193
5068
4869
4646
4684
5027
4227
4187
4988
4193
4374
5103
4988
5001
4227
5099
4988
4793
4418
4872
4872
4634
4196
4988
5059
4124
5106
4583
4227
4570
4817
5015
4861
4853
4193
5110
4227
4540
4540
4194
4301
4988
4664
4510
4997
4988
4193
5068
4889
4829
4931
4170
4692
5020
4835
4862
4193
4460
4853
4200
4138
4800
4556
4332
4699
4834
5102
4332
4200
4305
4771
4835
5010
4566
4484
4322
4676
4692
4227
4170
4424
4170
4170
4835
4835
4926
4955
4955
4950
5115
4876
4460
4926
4622
4277
4314
4481
5067
4622
4192
4111
5025
4941
4980
4894
4926
4876
4221
4859
4150
5096
5029
5096
4747
5118
4876
4926
5058
5015
4985
4132
4460
5058
4830
5012
4962
4985
4934
4311
5118
4837
4841
5008
9223
5913
6126
5650
5491
5443
5313
5414
5574
6089
5456
5231
6052
5676
5938
5938
5566
5457
5634
5514
5974
5470
5974
5384
5397
5607
5938
5412
5522
5130
5130
5564
5124
5867
5210
5210
5399
5936
5587
5503
5825
6100
5937
6068
5938
5845
5183
5226
5635
5745
5796
5724
5724
5811
6027
5610
5673
5630
5745
5170
5970
5959
5323
5626
5991
5323
5316
6110
5566
6005
5814
5220
5566
5805
5350
5805
5801
5470
5566
5938
5778
5305
5170
5197
5242
5503
6027
5915
5574
6027
5161
6059
5941
5128
5379
5585
6122
5800
5625
6037
6027
5657
5574
6004
5657
6002
5766
6048
5625
5694
5272
5172
5559
6006
5959
5938
5539
5517
5458
5344
5725
5574
6087
6027
5220
5178
5832
6103
5574
6073
5527
6005
6103
6048
5742
5736
5648
5766
5742
5982
5924
5805
6048
5982
5648
6005
5924
5521
5266
5935
5287
5493
5614
5856
6083
6103
5766
5527
5726
5766
5648
5648
5742
5742
5742
5982
5695
5823
5477
6142
5613
6027
6112
6089
5938
5219
5809
5570
5823
6101
5625
5849
5217
5211
5557
5391
5326
5553
5316
5974
5128
5491
5241
5271
5473
6109
5772
5494
5772
6073
6138
5550
5813
5550
5588
5553
5924
5183
5708
6079
5937
6048
6032
5937
5951
5385
5724
5827
5745
5961
5303
5211
6087
5517
5517
5736
5493
5415
5159
5313
5391
5313
5702
6083
5502
5502
5144
5595
5625
5502
5169
5670
5211
5993
5446
5543
5915
5578
5493
5657
5318
5391
6078
6005
5805
5159
6089
5574
5568
5391
5832
5832
5772
5941
5598
5991
5266
5159
5494
5862
6109
6050
5386
5333
5566
5532
5724
5318
6050
5805
5192
6109
6036
5156
5925
5725
5477
5527
5159
6024
5877
5801
5409
5801
5271
5924
5644
6027
5310
6002
5825
5757
5938
5725
5982
5648
5231
6004
5648
5924
5648
5924
6048
6024
6024
6005
5832
5803
6101
5998
6065
5840
5533
5607
6134
5287
5683
5388
6061
5996
5199
5564
6050
5861
5500
5225
5909
5578
5844
5277
5718
5316
5745
5559
5330
5938
5726
5634
5458
5313
5458
5927
5811
5726
5414
5313
5856
5794
5938
6034
5897
5768
5625
5313
5318
5559
5725
5816
5856
5644
6097
5574
5169
6085
5183
5935
5200
6110
6009
5500
5790
6024
5724
5130
5531
5553
5502
6101
5974
5682
5938
5369
5839
5210
5367
5938
5938
5800
6127
6027
5625
6083
6004
5657
6024
5574
5625
5527
5495
5832
5948
5757
5565
5579
5316
5777
5555
6017
5882
6073
5966
5724
5231
5220
5724
5725
5313
6097
5527
6004
5725
5159
5477
6004
6048
5123
6048
5574
5982
5805
5231
5805
6005
5648
5574
5856
5726
6048
5766
5555
5962
5395
5379
5951
5203
6086
5635
5805
5951
5566
6024
6040
6113
5724
5457
5832
5125
6094
5330
5890
5259
5412
5309
5840
5397
5491
6019
5956
5717
5886
5239
5623
5494
5960
5701
6062
5725
5941
5454
5385
5412
6137
5834
5940
5879
6069
5944
5315
6066
5708
6066
5457
5937
5634
5313
5640
5630
6066
5379
5801
5470
5192
5451
5276
5840
5974
5384
5532
5330
5736
5370
6090
5519
5983
5192
5420
5200
6134
5447
5159
5491
5412
5665
5635
5262
5994
5178
5679
5966
6134
5595
5517
5593
5192
6066
5531
5531
5531
5243
5637
6051
5989
6027
5437
5309
5786
5559
6087
5661
5443
5440
5938
5560
6060
5948
5330
5724
5703
5321
5173
5437
5237
5811
5951
5701
5458
5705
5478
5231
6097
5708
5303
6137
5385
6040
5898
5805
5800
5498
5938
5379
5364
6045
6119
5898
5772
5417
5517
5444
5503
5135
5756
6073
6039
5951
6027
6032
6005
5391
5772
5458
6110
5657
6002
5566
5951
6022
5601
5386
5391
6110
5530
5634
5400
5309
5595
5491
5903
5262
5775
5730
5241
5391
5625
5313
5834
5581
5567
5458
5692
5889
6078
5398
5391
5332
5845
6073
5657
5391
5457
6101
5527
6101
5951
5395
5526
5964
6022
6036
6036
5899
5925
5223
5323
6017
5477
5856
5657
5533
5856
5123
5391
6071
5951
5800
5800
5705
5213
6109
5724
5886
5530
5408
5136
5125
5657
5991
5566
5625
5431
5200
5400
5551
5929
5840
6071
5800
5517
5800
5318
5657
5657
5800
5657
6110
5772
5527
5414
6002
5323
5657
5391
6064
5178
5658
5412
5848
5621
5786
5786
6039
5502
5618
6017
5856
6089
5724
5495
5988
5982
5527
5220
5805
5726
5527
6073
5982
5988
6027
5988
5574
5742
6097
6002
5924
6004
5856
6002
5832
5742
5825
5838
9224
6223
6709
6883
7118
6961
6313
7139
7047
7047
6163
7126
6164
6160
6711
6711
6638
7038
6267
6382
6843
6912
6359
6938
6370
6843
6769
7084
6354
6537
7044
6474
6900
6520
6554
6573
7059
6986
6658
6554
6416
6567
6366
6852
6288
6537
7090
6661
6848
6249
6834
6834
6605
6303
6886
6636
6762
6386
6425
6197
6321
6444
6895
6175
6243
6886
7107
6154
7029
7107
6958
7047
6836
7067
6966
6794
6472
6578
6844
6925
6193
6897
6925
7030
6661
7022
7022
6191
6494
6383
6494
6746
6768
6493
6976
6802
6542
6233
6802
7064
6303
6329
7133
7029
6776
7073
7126
6646
6827
6802
6312
6743
7026
6526
7123
6472
6958
6631
6780
6560
6550
7107
6354
6574
6185
7073
6778
7014
6925
6185
7126
7155
7073
6579
6776
6478
6437
7025
7025
6185
7155
7073
6827
7130
6649
6631
6958
6770
6937
7119
6573
6802
6160
6251
6530
7139
7067
6705
6574
7025
6579
7025
7130
6579
6579
6579
6682
6148
7167
7095
6912
6258
7072
6809
6819
7110
6478
6773
7133
6768
6201
6160
6372
6654
6438
6444
6221
6847
7095
6585
6195
6970
6652
7166
6354
6394
6810
6407
6539
6711
6621
6886
6605
6741
6746
6910
6605
6843
6383
6347
6758
6922
6616
7096
6354
6154
6886
6631
6868
6223
6357
6992
6357
6857
6443
6605
6779
6809
6810
6934
6509
7119
6705
6925
6674
6329
6598
7087
6271
6925
6939
6377
6705
6534
6480
6925
6368
6944
7088
7073
6358
6778
6185
6845
7149
6705
6912
6631
6845
6579
6185
6185
6579
6427
6792
7004
6454
6964
6354
7024
6249
7107
7029
6354
6778
6778
6925
6232
7031
6925
7139
7155
6988
6837
6845
7075
7073
6778
6605
7126
6587
6175
6924
6787
6843
6638
7031
7031
7031
7073
6249
6722
6185
7073
6958
6631
6574
6958
6827
7073
7130
6827
7075
7155
7139
7073
6912
6809
6238
6817
6804
6381
6708
7107
6939
6487
6246
6660
6200
6602
6922
6687
6660
6467
6888
6720
6863
7026
6314
6810
6386
6674
6533
7033
6986
6590
6925
6794
6794
6516
7067
6740
6649
6631
6894
7014
6590
6608
6180
6950
6459
7082
6190
6848
6449
6969
7107
7107
7107
6154
6776
6958
6939
6616
6907
6958
6281
6249
6780
6958
6322
6189
6898
7063
6873
6458
6419
6455
6590
6249
7134
6480
6175
7031
6732
6324
6740
6598
6854
6649
6185
7149
6163
7067
7155
6185
7155
7126
7130
6185
6819
6492
6629
6770
6672
6891
6874
6587
6429
6471
6516
6175
7107
6419
7107
7125
6845
6303
6605
6778
6530
7029
6776
6574
6185
6776
7025
6574
6958
7139
6958
7047
6776
6154
6579
7025
6958
7149
7025
7139
6945
7115
6163
6631
7081
6456
6267
6925
6628
6638
6574
6574
7107
6418
7075
6554
7064
6554
6727
6449
6931
6318
6269
6931
6705
6631
6952
6770
7042
6686
6585
7067
6261
6862
6803
6758
6715
6223
6516
6931
7114
6223
7075
6980
6533
6480
6616
6995
6867
6924
7027
6594
6836
7047
7148
6567
6214
6391
6174
7115
6958
6197
6640
6483
6243
6234
6711
7136
6594
6754
7073
6388
6454
6220
6198
6763
6151
6348
6790
6517
6784
6857
6308
7148
6912
6958
6952
6460
6862
6232
6926
7111
6172
7001
6905
6282
6616
6915
6269
6220
7081
6354
6423
6754
6755
7058
6944
6419
6949
6910
6625
7092
7095
7137
6456
6778
6859
6859
6777
6188
6631
6249
6454
6879
6330
6329
6437
7107
6554
6160
6868
7124
6798
6419
6306
7067
6965
6970
6983
7125
7068
6638
6888
7145
6516
6675
6494
6849
6231
6458
6371
6648
6443
6354
6958
7075
7014
6354
6585
6925
6912
6590
6888
6886
6354
6537
6968
6970
7102
6163
6418
6537
6896
7158
7162
6294
7116
7068
6368
6344
6590
6693
6603
6784
6437
6969
6747
6604
6415
6590
6571
6922
6715
6330
6266
6674
6922
6769
6679
6965
6968
6416
7107
6394
6354
6437
6908
6479
6354
6965
6769
6607
6586
6696
6968
7075
6354
6638
6354
7007
6965
6646
6419
7155
6886
6437
6813
6380
6751
6810
6886
6295
6357
6794
6340
6626
6585
6163
6354
6589
6643
6858
6516
6598
6309
7139
6419
6290
6693
6419
7155
7155
6534
6574
7126
6649
6649
6163
6534
6705
6517
6419
6970
6257
6635
7133
6852
7039
7065
6467
6834
6867
6260
6845
6768
6530
6585
7034
7126
6646
6969
6646
6631
7126
7029
7031
6478
7029
7014
6776
7025
7073
6579
6631
6631
7029
6969
6958
6827
7029
6944
6517
9225
7854
7281
7424
7967
7612
7856
7647
7564
7702
7694
8138
8112
7186
7612
7577
8161
7932
7828
7684
7668
7499
7919
7512
7893
7191
8186
8094
7969
7488
8130
7175
8004
7263
7632
8158
7969
8003
7654
7841
7886
7859
7815
7305
7409
7774
7663
7296
7967
8055
7564
7715
8162
7459
7702
7303
7456
7757
7732
7935
7458
7203
7564
7909
7951
7961
7897
7195
8042
7632
8183
8042
7963
7793
7838
7632
7222
7534
7992
7709
7851
8151
7293
7577
7968
7246
8100
7893
7503
7549
8165
7989
7882
8161
7519
8083
7898
8151
7612
7820
8028
7720
8096
7720
8141
7533
7574
7932
7835
7431
7857
8174
8106
7250
7948
7652
7923
7559
7804
7211
7519
7924
8162
7459
8055
8076
7923
7794
8034
7932
8183
7923
8145
8170
7738
8145
7940
7730
7932
7932
7923
7612
8021
7718
8145
7923
7916
7392
7612
7621
7709
7948
7735
7533
7612
7932
7932
8055
7950
7738
8068
7738
7738
7916
7738
7916
8045
8166
7417
7185
7422
8013
7952
7563
8148
7557
7352
7947
7694
7878
7609
7839
8141
7595
7684
7573
8127
7246
7970
7480
8030
7550
7456
7878
7523
7836
7862
8101
7209
8186
7632
7492
7459
7947
7366
7948
8172
7510
7847
7534
7704
7924
7570
7910
7718
7862
8104
7621
7916
8013
7720
7359
7776
7832
7195
7736
7469
8186
7964
8186
8148
7577
7376
7549
7412
7963
8189
7532
7411
7355
7678
7214
7950
8034
7519
8036
7825
7663
7243
7214
7753
7815
7950
8018
7715
7533
7533
7533
7632
7533
8021
7738
8170
7813
7847
7202
8187
7909
7668
7736
8076
7337
8145
7200
7958
7954
7628
7718
7932
7794
8028
7532
7839
7845
7753
7564
7730
7718
7753
8112
7226
7514
7612
7963
7466
7533
7950
7753
7715
7924
7368
8125
8028
8106
7352
7533
7352
7932
8162
7459
7738
8183
7653
8183
7738
8002
8183
8145
7612
7828
7924
7498
7883
8186
7352
8186
8104
7348
8141
8077
8074
7678
7619
7450
7621
7954
7740
7880
7432
7498
7279
7246
7508
7196
8048
7409
7198
7555
7794
8076
8104
7794
7815
7753
7510
7851
7835
7449
7690
7409
7732
7845
7533
7794
7347
8125
7991
8064
7246
7352
8076
7923
7718
8072
7354
7864
7616
7374
7331
7533
7718
7548
8050
8064
7252
7446
7219
8044
7214
7659
7612
7764
7906
7820
8064
7246
8165
8018
8054
7796
8183
7923
7459
8183
7574
8064
7932
8021
8028
7738
7427
8087
7969
8191
7396
7918
7559
7398
7352
7836
7762
8042
7702
7897
7835
8028
7621
7991
7348
7916
8002
7533
7932
7948
7932
7950
8162
7718
7932
7932
7730
7932
7730
7738
7932
8183
7653
7923
7730
8076
7374
7293
8087
7950
7309
7948
7678
7828
7715
7632
8042
8042
8055
8145
7420
7659
7916
7519
7494
7700
7736
7254
7753
7948
8034
7954
7793
7844
7752
7227
8151
8151
7899
7396
8191
7431
7466
7852
7774
7773
7435
7616
7195
7644
7295
7296
7694
7718
8077
7985
8077
7296
7430
7484
7967
7958
8172
7227
8083
7309
7732
7309
8075
7836
7684
7793
7240
7420
8042
8044
7709
7986
8043
7258
7180
7684
7879
7430
7880
8186
7678
7917
7869
7851
8019
8094
7464
7702
7617
7292
7792
7754
7999
7437
7820
7935
7199
7935
7835
8028
7693
7829
7804
7527
7566
7370
7693
7967
7950
7993
7844
7685
7691
7200
7929
7836
7737
7985
7792
7200
8093
7296
7304
7736
7510
8181
7227
7548
7950
7684
7967
7726
8130
7924
7801
7556
7659
7699
8160
7981
7621
7824
7719
7214
8015
7874
7874
7614
7842
7401
7912
8007
7774
8104
7451
7840
7652
7950
7533
7924
7621
7459
7851
7533
7214
7709
7653
7484
8096
7549
7527
7886
7373
7291
7600
7663
7863
8105
7915
7780
7956
7327
7659
7836
7484
8174
7649
8115
7961
7658
7993
8088
8142
7652
7882
8016
8138
8164
7714
7374
7720
7796
7586
7374
7414
7680
7834
7794
7269
7640
7719
8107
7525
8053
8029
7954
7720
7950
8028
7647
7528
7528
8100
7459
7533
8112
7796
8004
7495
7577
7517
7991
7950
8096
8055
7265
7752
7851
7752
8151
7694
8101
7935
7352
7912
7411
7533
7923
8039
7715
7940
7932
8151
7932
7532
8162
8162
7916
7923
7612
7183
7932
7693
7522
7856
7199
7830
7754
7571
8143
7862
8073
7954
8093
7753
7835
7533
8162
8145
8055
8161
7954
7835
7835
7835
8170
7694
8183
7940
8076
7653
7923
8183
7940
8021
8028
7533
8021
7932
7730
7959
7774
9226
8477
8576
8452
8650
9079
8916
8197
8462
8708
9097
8839
8831
8809
8831
8712
8402
8998
8263
8444
8228
8858
8311
8846
8906
8419
8722
9168
9138
8831
8980
8391
8560
8898
8568
8687
8940
8582
8880
8562
8803
8870
8830
8310
8866
8204
8401
8654
8228
8228
8415
8527
8509
9024
9010
8759
8280
8983
9028
8459
8204
8831
8518
8596
8198
9076
8558
8234
8234
8708
9211
8960
8575
8445
8814
8960
9118
8671
9166
8208
9074
8426
8263
8208
9210
8647
8452
8602
8621
8863
8892
8662
8880
8765
8305
9187
9070
8926
8501
8712
8720
9024
8814
8892
8893
9204
8535
8429
8204
8754
8980
9213
8985
8601
8211
8755
8634
8509
8934
9194
8751
8712
9037
9139
9211
9051
8664
9196
9196
9051
8892
8820
8893
8667
8585
8667
9181
9181
9140
9020
8667
9129
9123
9167
8708
9140
8667
8424
8883
9006
8444
8372
8546
8892
9129
8667
9010
9129
9129
8893
9140
9140
8710
9167
9140
8710
8987
8482
9128
8811
8712
8831
8354
9168
8813
8679
9192
8192
8970
8320
9175
8811
8778
9114
8424
9088
8926
9213
8749
8741
8348
8520
9038
8925
9168
8930
8929
8502
8192
8616
9079
9205
8481
8411
8268
8896
8310
8356
8462
8256
8537
8234
8850
8843
9022
8462
8424
8671
8499
8431
8843
9184
8693
9007
8438
8722
8527
8608
9139
8650
8208
8608
8787
9063
9180
8381
9076
8661
8822
8779
9120
8624
8851
8760
8650
8660
8582
8237
8661
8527
9059
8602
8535
9024
9010
8501
9157
8501
8667
8676
9167
8710
8667
8424
8525
8823
9189
8734
8420
9043
8209
9148
8960
8601
9207
8608
8527
9194
8664
9051
8667
9204
8395
8442
8820
9171
8712
8585
9129
8667
8809
8608
9097
8831
9153
8712
9129
9024
9139
8575
8262
8661
9076
8330
8893
9211
8667
8667
8667
8893
8708
8893
8664
9181
8667
9129
9211
9020
8365
8704
8635
8347
8634
8736
8491
8720
8692
8765
8850
8253
8725
8991
8696
9134
8402
8551
8587
9208
8601
8416
8767
8850
9123
8638
8635
9076
8452
8305
8755
8650
8842
9194
9189
8750
9010
9076
8708
8463
8786
8234
8479
8342
8664
9177
9078
9097
9070
9191
9139
9010
9010
9091
9070
9170
8901
9180
8234
8575
8546
8527
9114
8831
8481
8402
8764
8552
9049
9194
9112
8764
8871
8234
8647
8697
8438
9124
8676
8676
8751
8417
8664
9037
9091
9010
9204
9123
8667
9167
9091
8667
8528
8917
8255
9041
8772
8491
8503
8764
8549
8620
8580
9123
8850
8234
8676
8960
8831
8697
9022
8234
9132
8527
9010
9123
9037
8850
8429
9181
8585
8893
8750
8893
8893
8820
8750
8893
8750
9167
8750
8341
8537
8432
8608
9180
8546
9132
8720
8720
8650
8365
8667
8429
9153
8501
8972
8862
8420
9129
9124
8910
8916
8838
8851
8959
8431
8915
8532
8760
9103
8772
9103
9051
8843
9205
8645
8671
9177
8902
8640
8943
8452
8330
9139
8851
8901
8906
9205
8643
8242
8572
8677
8673
8679
8717
8530
8460
8288
8804
8984
9149
8697
8446
9151
8420
8491
8852
9185
8799
8967
8909
8204
8592
9174
8330
8910
9186
8407
8904
8585
9018
9138
9139
8243
9202
9213
8981
8330
8989
9052
9194
9171
8442
8293
8569
9011
8838
8752
8763
8392
9029
8790
9205
8843
8851
8420
8493
8540
8980
8906
8454
8662
8759
8925
8469
9132
8204
8850
9051
8920
8694
8901
8647
8442
8903
8575
9076
8622
9010
8420
8679
8862
8743
8509
8915
8822
8341
9116
8806
8389
8240
8633
8541
9105
8596
8444
9180
9210
8234
8501
8421
9143
8372
8972
8608
9191
8960
8402
8816
8892
9047
9051
8255
8425
8228
8960
8722
8850
8432
8432
8402
8197
8901
8344
8956
8383
8906
9016
8837
8704
8434
8608
8327
8472
8743
8235
8671
8309
8511
8916
8617
9076
8546
8980
8956
9078
8749
8608
8228
9189
9211
8794
8228
8546
9010
9179
8661
8417
9023
8714
8738
8551
8197
8920
8330
8790
8960
9210
9204
8738
8667
8779
8660
9043
8484
8650
8755
8760
8527
9124
8220
8915
9149
8204
9210
8505
8958
9076
8551
8687
9185
8788
8925
8835
8790
8483
9196
9211
8839
8608
8998
8200
9211
8667
9139
9181
8429
8720
8893
8814
8585
9027
8429
8790
9196
9061
8796
8397
8852
8936
9106
9025
8655
8985
8234
8234
9132
8620
9129
9204
9010
9027
9123
8535
9211
8820
9123
9139
9139
8839
9189
9211
8535
9204
8667
8893
8667
9211
9140
9051
8667
9012
9153