9217
9218
878
488
545
545
488
488
194
545
545
545
545
545
545
545
545
545
545
461
13
545
545
545
545
169
545
461
545
545
545
545
545
545
545
545
545
13
545
545
545
545
427
237
975
975
846
846
711
711
711
711
711
711
711
711
417
711
417
374
28
601
910
351
211
601
417
209
417
656
550
656
601
374
550
417
674
601
601
827
169
126
601
827
126
126
601
827
126
126
601
209
126
910
839
827
126
601
827
827
126
910
601
827
126
126
601
827
665
126
601
827
827
126
669
827
827
665
126
601
827
827
126
669
827
827
604
126
601
827
827
126
601
827
827
126
126
601
827
126
669
827
827
604
669
827
827
827
669
827
827
827
126
601
827
827
126
669
827
827
827
126
601
827
604
669
827
827
827
827
126
601
334
827
126
126
827
827
417
126
669
827
827
126
126
665
827
417
601
334
827
604
126
601
827
827
417
601
334
209
827
910
839
827
417
126
601
827
604
550
601
601
827
604
601
808
808
614
614
614
237
911
911
457
457
237
862
457
271
781
804
457
457
457
457
457
457
457
457
457
457
457
457
457
457
457
457
457
457
457
457
457
457
457
457
457
457
457
457
457
457
457
457
457
284
975
975
846
316
704
711
711
711
711
711
711
94
28
872
94
711
94
861
601
601
842
550
130
723
872
94
872
601
601
528
872
601
601
827
604
604
601
601
827
604
601
601
827
604
601
601
827
827
126
601
827
827
604
601
601
827
902
601
827
827
604
126
601
827
126
669
644
827
827
126
461
601
827
126
669
827
827
827
126
601
827
827
669
644
827
827
126
601
601
827
126
669
644
827
827
126
601
827
827
126
669
644
827
827
126
601
827
827
126
669
644
827
827
126
669
827
827
827
126
601
827
827
126
601
461
827
827
126
126
827
827
827
126
601
827
827
126
669
827
827
827
126
601
827
827
126
126
601
827
827
126
669
827
827
604
126
601
827
827
126
601
827
827
604
126
601
827
604
366
601
601
827
604
126
601
808
614
614
237
911
911
457
457
237
271
862
457
457
457
457
271
781
804
457
457
457
457
457
457
457
457
457
457
457
457
457
457
457
457
457
457
457
457
457
457
457
457
457
457
457
457
457
237
975
975
846
704
711
711
711
711
711
711
457
386
457
719
9219
1130
1130
1499
1130
1859
1499
1363
1499
1499
1499
1499
1499
1157
1157
1157
1157
1499
1499
1499
1900
1900
1499
1499
1499
1157
1157
1157
1157
1130
1900
1900
1900
1900
1900
1859
1130
1130
1157
1157
1157
1157
1859
1859
1900
1900
1900
1859
1859
1859
1157
1499
1157
1157
1499
1499
1499
1499
1130
1762
1130
1130
1157
1523
1147
1439
1299
1299
1417
1097
1097
1097
1097
1777
2035
1097
1097
1097
1959
1959
1417
1417
1911
1959
1959
1701
1690
1690
1959
1959
1959
1959
1911
1911
1959
1959
1561
1561
1097
1959
1115
1115
1959
1561
1097
1097
1523
1755
1097
1097
1097
1523
1561
1115
1959
1561
1097
1097
1115
1115
1959
1523
1523
1523
1097
1115
1959
1523
1523
1115
1115
1115
1959
1523
1523
1523
1523
1115
1523
1523
1523
1523
1523
1115
1523
1523
1523
1523
1523
1115
1523
1523
1755
1523
1523
1347
1523
1523
1523
1523
1523
1523
1115
1115
1523
1523
1523
1523
1035
1523
1523
1626
1523
1523
1523
1035
1115
1523
1755
1523
1523
1035
1523
1035
1035
1523
1523
1523
1523
1115
1035
1523
1523
1523
1523
1523
1523
1035
1523
1523
1523
1523
1035
1523
1535
1523
1523
1035
1035
1523
1755
1523
1523
1523
1035
1035
1452
1523
1523
1523
1035
1523
1626
1452
1452
1523
1523
1523
1535
1535
1626
1523
1523
1523
1452
1452
1452
1523
1523
1035
1523
1626
1755
1523
1701
1523
1035
1523
1523
1523
1523
1523
1035
1035
1523
1523
1523
1523
1523
1097
1523
1523
1035
1523
1523
1523
1523
1523
1035
1523
1523
1523
1523
1523
1959
1115
1523
1523
1035
1523
1523
1035
1523
1523
1523
1035
1035
1523
1115
1561
1561
1523
1523
1523
1035
1523
1523
1523
1523
1523
1035
1523
1523
1523
1115
1115
1115
1523
1523
1523
1115
1115
1115
1115
1523
1523
1523
1115
1115
1115
1523
1523
2035
1115
1115
1587
1867
1519
1035
1905
1905
1945
1966
1966
1857
1589
1707
1136
1426
1240
1669
1864
1147
1044
1452
1240
1452
1136
1044
1426
1044
1707
1960
1426
1905
1905
1044
1044
1426
1966
1519
1960
1905
1054
1054
1054
1054
1417
1884
1417
1884
1417
1417
1995
1995
1054
1054
1054
1054
1394
1394
1394
1394
1394
1394
1394
1394
1394
1394
1394
1394
1394
1076
1394
1394
1396
1439
1439
1299
1299
1417
1299
1035
1523
1523
1035
1035
1523
1097
1035
1523
1523
1523
1523
1097
1097
1097
1097
1523
1523
1097
1115
1115
1523
1523
1523
1523
1523
1523
1523
1523
1523
1523
1115
1115
1523
1523
1523
1523
1523
1115
1115
1523
1523
1523
1523
1115
1115
1115
1523
1523
1523
1523
1523
1115
1523
1523
1523
1523
1523
1523
1115
1523
1523
1523
1523
1523
1115
1523
1755
1523
1523
1523
1523
1523
1523
1523
1452
1452
1523
1523
1523
1626
1452
1626
1523
1523
1115
1523
1452
1452
1452
1485
1523
1523
1626
1452
1452
1396
1523
1523
1523
1359
1359
1359
1396
1523
1755
1535
1535
1396
1396
1626
1523
1523
1359
1359
1396
1396
1523
1535
1359
1359
1359
1485
1523
1523
1626
1359
1396
1396
1523
1396
1359
1359
1535
1396
1396
1523
1626
1535
1237
1359
1396
1485
1452
1535
1535
1359
1485
1523
1523
1119
1535
1535
1396
1626
1485
1485
1523
1452
1452
1396
1523
1626
1523
1523
1535
1396
1626
1523
1523
1523
1523
1452
1523
1523
1523
1523
1523
1523
1523
1523
1626
1452
1523
1523
1035
1523
1523
1523
1523
1523
1523
1115
1523
1755
1523
1523
1523
1523
1115
1035
1523
1523
1523
1523
1417
1035
1523
1523
1452
1523
1115
1115
1523
1523
1523
1523
1523
1115
1115
1115
1523
1523
1523
1115
1115
1115
1523
1523
1523
1523
1523
1115
1115
1523
1523
1523
1523
1115
1115
1115
1523
1959
1115
1115
1115
1115
1115
1115
1523
1523
1115
1115
1115
1523
1097
1115
1115
1115
1115
1884
1905
1905
1945
1945
1966
1966
1115
1589
2001
1186
1974
1438
1587
2025
2007
2007
1974
1587
1152
1152
1669
2001
1966
1974
1936
1669
1982
1982
2007
1974
1974
1682
1044
2007
2007
1519
2025
1714
1966
1417
1417
1417
1417
1417
1054
1417
1417
1417
1417
1417
1417
1417
1417
1417
1417
1417
1417
1394
1394
1394
1394
1394
1394
1371
1371
1394
1452
1975
1439
1299
1299
1417
1299
1690
1801
1097
1690
1690
1097
1959
1417
1417
1417
1417
1076
1097
1417
1690
1690
9220
2808
2808
2808
2918
2918
2918
2918
2808
2918
2918
2918
2918
2918
2918
2918
2918
2918
2918
2918
2918
2918
2918
2918
2918
2918
2918
2918
2918
2918
2918
2918
2135
2918
2918
2918
2918
2918
2918
2918
2918
2918
2918
2918
2918
2918
2918
2918
2918
2918
2918
2918
2918
2918
2918
2918
2918
2918
2918
2918
2566
2325
2694
2264
2524
2657
2657
2074
2074
2074
2657
2657
2091
2091
2091
2074
2777
2657
2198
2198
2529
2091
2657
2239
2239
2657
2777
2198
2603
2401
2401
3054
2190
2330
2330
2239
2450
2261
2239
2239
2239
2239
2700
2772
3022
2777
2181
2050
2050
2050
2261
2239
2239
2700
3009
2777
2700
2081
2239
3009
2911
3032
2700
2239
2190
2081
2548
2540
2694
2820
2808
2808
2063
2540
2548
2911
2063
2063
2540
2081
2081
2548
2911
2808
2481
2081
2915
2063
2540
2808
2808
2063
2481
2081
2081
2548
2911
2808
2063
2063
2081
2081
2808
2808
2700
2700
2911
2063
2540
2081
2081
2548
2434
2063
2481
2808
2808
2808
2063
2081
2548
3071
2481
2529
2529
2911
2911
2063
2481
2081
2540
2911
2063
2081
2548
2911
2481
2589
2548
2911
2063
2481
2081
2548
2911
2063
2081
2957
2529
2063
2081
2548
2063
2481
2081
2911
2063
2481
2081
2548
2911
2063
2481
2081
2911
2063
2081
2548
2063
2481
2081
2911
2063
2481
2081
2196
2911
2481
2081
2957
2063
2481
2081
2770
2481
2081
2529
2063
2481
2081
2911
2063
2085
2081
2911
2063
2081
2548
2085
2239
2548
2063
2770
2081
2548
2911
2481
2081
2770
2911
2481
2081
2911
2491
2081
2434
2540
2081
2239
2239
2481
2081
2548
2911
2481
2239
2529
2063
2434
2548
2820
2239
2239
2063
2384
2081
2911
2702
2481
2081
2770
2063
2081
2702
2239
2239
2434
2772
2081
2548
2063
2481
2081
2911
2063
2772
2548
2911
2481
2905
2050
2564
2770
2063
2727
2548
2911
2481
2487
2911
2063
2421
2548
2063
2481
2081
2464
2498
2837
2102
2063
2603
2447
2921
2614
2721
2837
2506
2918
2421
2767
2074
2074
2657
2657
2074
2074
2074
2074
2657
2657
2074
2074
2074
2918
2657
2815
2198
2603
2074
2777
2657
2918
2074
2074
2918
2544
2657
2552
2818
2074
2421
2657
2800
2800
3008
2818
2844
2777
2928
2800
2815
2844
2721
2777
3042
2252
2814
2074
2270
2657
3028
2198
2081
2548
2694
3071
2081
2548
2091
2481
2081
2911
2063
2081
2548
2063
2198
2456
2456
2063
2481
2081
2261
2261
2261
2809
2911
2481
2261
2261
2261
2261
2820
2063
2481
2261
2261
2261
2085
2548
2063
2261
2261
2261
2085
2081
2911
2063
2261
2261
2063
2481
2081
2911
2261
2261
2540
2063
2081
2770
2063
2261
2261
2261
2540
2081
2548
2063
2481
2081
2911
2063
2081
2548
2063
2261
2081
2540
2063
2481
2081
2911
2063
2081
2548
2911
2063
2261
2540
2540
2915
2081
2548
2911
2261
2540
2540
2540
2481
2081
2548
2911
2143
2261
2081
2548
2063
2481
2081
2684
2540
2063
2481
2081
2261
2063
2540
2081
2548
2261
2063
2143
2081
2548
2911
2481
2075
2784
2261
2063
2481
2081
2261
2911
2063
2540
2081
2081
2261
2799
2261
2261
2081
2911
2261
2481
2548
2348
2481
2081
2081
2261
2261
2261
2599
2081
2548
2911
2261
2261
2529
2540
2481
2081
2548
2063
2481
2081
2548
2911
2063
2481
2081
2548
2063
2481
2081
2548
2063
2261
2261
2063
2481
2081
2911
2063
2540
2081
2548
2911
2481
2081
2548
2063
2481
2548
2434
2434
2548
2911
2063
2758
2548
2911
2481
2081
2548
2879
2481
2412
2957
2481
2434
2063
2481
2081
2911
2063
2081
2548
2063
2481
2081
2911
2063
2081
2911
2063
2540
2412
2412
2081
2911
2481
2081
2911
2063
2081
2770
2063
2081
2248
2412
2081
2248
2481
2946
2911
2481
2081
2911
2063
2473
2911
2063
2081
2911
2945
3012
2944
2487
2911
2481
2945
2407
2715
2721
2063
2945
2772
2063
2498
2716
2137
2081
2421
2063
2190
2918
2719
2412
2261
2261
2261
2261
2261
2799
2261
2261
2261
2065
2233
2261
2261
2261
2261
2261
2261
2261
2261
2261
2261
2261
2937
2419
2214
2261
2261
2261
2261
2820
2820
2820
2820
2608
2261
2261
2800
2860
2261
2820
2820
2820
2820
2820
2820
2884
2820
2264
2740
2306
2657
2270
2091
2091
2657
2091
3022
2074
2074
2074
2091
3022
3022
2074
3022
2877
2091
2074
2456
2456
9221
3914
3684
3684
4006
4043
4006
3903
3523
3903
3903
4006
3903
4006
4006
4006
4006
4006
4006
4006
4006
4006
4006
4006
4006
4006
4006
4006
4006
4006
4006
4006
4006
4006
4006
4006
4006
4006
4006
4006
4006
3824
4061
3750
3108
3725
4006
3750
3750
4061
3824
4006
4006
4006
4006
3750
3903
3903
4006
3725
3858
3750
3108
3824
3996
3930
4051
3964
3997
4052
3952
3952
4008
3603
3824
3966
3990
4077
3990
3990
3492
3485
3970
3555
3555
3721
3376
3376
3970
3555
3107
3449
3540
3750
4006
3555
4036
3376
3449
3281
4087
3736
3555
3552
3449
3508
3082
3696
3555
3555
3449
3281
3237
4087
3555
3449
3449
4087
3165
4043
4077
3555
3555
3686
3790
4043
4043
4087
3555
3398
3965
3555
4043
4043
4043
4043
4043
4043
3449
3305
4043
3914
4043
3555
4043
4043
3707
4043
3673
3281
3707
3305
4043
4008
4008
3802
3931
3874
3305
3305
4043
3305
3707
3555
3449
3281
3305
4043
3473
4043
3305
3305
4006
3305
4043
3449
3281
3555
4043
3625
4043
3555
3434
3449
3281
4003
4077
4008
3508
3492
4043
4043
3305
4077
3804
3749
3866
3281
3305
4077
4077
4008
4085
3305
3540
3540
3540
3281
3555
3540
3540
3540
3540
3082
4085
4077
4077
3441
3226
3498
3327
4077
3441
3669
3669
3669
3231
3684
3291
3081
3081
3498
3684
3092
3370
3707
3669
3669
3540
3281
3231
3081
3081
4077
3081
3231
3370
3498
3669
3441
3441
4077
3246
3212
4077
3540
3540
3081
3555
3449
3804
3081
3449
3498
4077
3684
3816
3504
3082
4077
4077
3231
3492
3684
3498
3498
3498
3092
3707
3874
3816
3529
3498
4077
4085
3281
3707
3498
3498
3540
3686
3281
3707
3804
3449
3498
3498
3555
3684
3498
3540
3637
3246
3707
3686
3281
3965
3598
3081
3498
3492
3492
3492
3413
3637
3696
3498
4077
3673
3281
3555
3449
3707
3747
3449
4077
3582
4008
3281
3698
3790
3449
3573
4003
4008
3463
3555
3376
3281
3707
3986
3813
3801
3485
3456
4051
3210
3687
3907
3165
3165
4033
3567
3665
3238
3860
4065
3430
3485
3238
3665
4051
3925
3900
3143
3869
4051
3388
4039
3333
3485
4065
3265
4091
3111
3824
3143
3447
4051
4051
3940
3665
3933
3536
4051
3210
3530
3143
3925
3536
4051
3950
3698
3485
4008
3536
3413
3877
3919
3143
3764
3604
3449
3604
3604
3555
3686
4004
3727
3555
3229
3485
3485
3540
3082
3081
3536
3686
3281
3707
3996
4087
4087
3707
3555
3449
3281
4008
4008
3281
3707
3555
3449
3281
4088
4008
3281
4077
3686
3449
3783
4088
3449
3281
4077
3449
4077
3890
3673
3449
4077
3796
3540
4008
3890
3686
3281
3305
3305
3540
3281
3498
3449
3281
3555
3540
3529
3498
3434
3561
4043
4077
3540
3498
3813
3560
3686
3540
3540
3540
3684
3931
4043
3540
3540
3540
3498
4088
3449
4043
4043
3686
3225
3498
4077
3686
3583
3540
4043
3961
3684
3561
4043
3540
3540
3599
3890
4094
3560
3540
4043
3961
4019
3498
4043
3707
3540
3178
3509
3598
3874
3434
3449
3734
3540
3498
3561
3449
3281
3180
3961
3540
3599
3707
3961
3583
3961
3540
3540
3707
3560
3820
3449
3509
3225
3555
3560
3735
3796
3540
3540
3540
3707
3874
3686
3449
3540
3540
3509
3686
3449
3281
3441
3540
3540
3540
3560
3178
3599
3441
3669
3540
3540
3560
3509
4077
3669
3669
3540
3560
3449
3707
3684
3081
3529
3813
3732
3449
4077
3669
4077
3540
3540
3540
3890
3509
3498
3498
3449
3540
3540
3890
3449
3540
3732
3540
3540
3890
3555
3540
3281
3555
3540
3540
3890
3599
3498
3540
3540
3540
3540
3890
4088
3540
3305
3540
3498
3540
4008
4077
3555
3449
4008
4008
3498
3603
3119
3498
3081
3707
3540
3750
3707
3555
3434
3540
3498
3281
3498
3498
4077
4077
3081
3281
3540
4006
4008
3107
4088
4088
3555
3970
3951
3111
3281
3555
3686
3281
3424
3449
3144
3832
3449
3790
3555
3826
3970
3425
3580
3707
3555
3620
3583
3820
3178
3734
3245
4062
3307
3269
3929
3329
3728
3771
3618
3388
3269
3389
3726
3266
3771
3178
4090
4088
4039
3843
3843
3778
3778
3597
3335
3843
3843
3950
3778
3890
3307
3307
3749
4039
3778
3335
3335
3843
4000
4053
3778
3335
3335
3461
3604
3603
3868
3072
3270
4056
3777
3829
3913
3933
3935
3704
3570
3849
4013
3777
3229
3965
3804
3398
3303
3303
9222
4161
4835
4861
4861
4536
4835
4532
4715
5093
4241
4835
4730
4835
4835
4835
4835
4861
4835
4835
4835
4835
4782
4782
4835
4835
4835
4835
4835
4835
4835
4311
4318
4311
4311
5015
5069
5015
4835
4835
4835
4782
5015
5015
4782
4782
4311
4311
5015
5015
4782
4601
4311
5114
4747
4782
4876
4876
4835
4782
4318
5052
4769
4895
4192
4431
4710
4358
4335
5114
4508
4508
5052
4132
4431
4782
4795
4351
4615
4414
4352
5110
4539
4705
4414
4540
4459
4447
4414
4459
4216
5012
5115
4705
4727
5022
4443
4459
4539
4443
4705
4705
5093
4743
4817
4241
4459
4602
4540
4335
4476
5049
4624
4874
4759
5022
4759
4296
4835
4256
5093
4759
4759
5049
4459
4221
4459
4874
4727
5115
4660
4950
4470
4470
5076
4759
4459
4942
4874
4216
4183
4874
5110
5050
5112
5012
4759
5076
4874
5015
5115
4874
5040
4759
4874
4874
4508
4296
4216
4319
4567
4663
4431
4950
4874
4874
4874
5012
4443
4508
4663
4241
4556
4459
4540
4495
5015
4256
4459
4539
5012
4743
4539
4795
4796
4904
4759
4874
4874
4663
4385
4904
4216
4759
5049
4747
4874
4800
5050
5022
4161
4161
4180
4414
5112
4904
4369
4180
4256
4904
4189
4904
4369
4532
4817
4759
4171
5022
4788
5022
4161
4532
4128
4332
4800
4648
4161
4414
4991
4800
4256
5022
4788
5093
4189
4540
4120
4161
4874
4180
4817
4743
4532
4256
4414
4817
4256
4161
4161
4370
4759
4161
4573
4795
4817
4874
4904
4161
4161
5022
4161
4817
4795
4414
4161
4161
4225
4567
4385
4364
4161
4319
4414
4476
4759
4556
4443
4161
4216
4782
4183
4128
4496
4161
4817
5001
4759
4161
4171
4364
4161
4782
4431
4161
4171
4161
4161
4990
4476
4747
4556
4508
4281
4990
4782
4494
5015
4335
4414
4161
4532
4874
4364
5015
5015
4532
4180
4759
4318
5093
4335
4161
5093
4636
5015
5110
4161
4532
4782
4676
4921
4175
4145
4830
4786
4487
5047
4831
4801
4786
4475
4633
4786
4220
4220
4220
4385
4220
4097
4358
4786
4480
4383
4418
4318
5030
4651
5102
4852
4318
5037
4997
4197
4876
4465
4145
4728
4284
4801
5118
4318
4969
4358
5056
4583
4727
4318
4318
4961
4727
5112
4918
5112
4407
4961
4861
4727
5059
4145
4145
5059
5115
4727
4961
4583
4770
4874
4516
4899
5012
4875
4624
4192
4853
5042
4727
5076
4728
4942
4942
4175
5012
4740
4942
4935
4728
5037
5015
4924
4727
4462
4307
5015
4947
4918
4918
4532
4737
4369
4137
4476
4189
4476
5093
4727
4281
4281
4556
4476
4281
5012
4817
4476
4476
4556
4796
4855
4759
5015
4835
4508
4281
4904
4532
4759
4476
4788
4532
4216
5012
4241
5015
4835
4508
4904
4443
4530
4530
4806
4874
4910
4495
4177
4601
4180
4532
4788
4495
4556
4904
4540
4281
4508
4495
4874
4904
4530
4179
4455
5047
4556
4193
4193
4530
4743
4193
4179
4965
4256
4292
4171
4796
4743
4443
5082
4193
4171
4459
4120
4692
4385
4556
4532
4806
4281
4179
4227
4443
4180
4861
4447
4570
4532
4179
4988
4443
4161
4495
4743
4556
5049
4369
4447
4743
4730
4179
4443
4180
4947
4508
4556
4179
4227
4180
4991
4277
4227
4227
4556
5064
4874
4796
4508
4683
4128
4161
5008
4937
4796
4788
4277
4530
4256
4128
4530
4904
4227
4495
4161
5082
4174
4692
4692
4281
4796
4800
4161
4161
4904
4904
4508
4530
4532
4532
4800
4532
4227
4743
4530
4648
5112
4904
4904
5112
4743
4874
4530
4256
4496
5112
5112
4759
4991
5047
4878
4904
4193
4759
4965
4800
5022
4530
5112
4817
4759
5049
4414
5112
4965
4874
4873
4835
4532
5112
4532
5112
5050
5047
4835
4540
5112
4800
5112
4532
5015
5012
4800
4414
5049
4496
4487
4351
5015
5112
5015
4556
4875
5015
5089
5089
4575
5049
4414
5022
4539
5012
5089
4875
4443
5022
4866
4431
5112
4830
4866
4824
4935
4866
4885
4866
4787
4654
4366
4677
4476
4869
4680
4947
4184
5025
4177
4269
4339
4651
4145
4369
4244
5034
4227
4563
4502
5093
4985
5046
4542
4620
4906
4646
4211
4145
5096
4662
4132
4150
4817
4817
4646
5054
5025
5069
4646
4988
4384
4692
4227
4817
4150
4132
4334
4162
4184
4211
4876
4876
5096
5108
5108
4817
5029
4800
4725
4388
4942
4942
4727
4911
4906
5041
4661
4782
4835
4919
4731
5050
4220
4098
4177
4980
4731
5087
4726
4726
9223
5466
5644
5211
5821
5493
6110
6104
5803
6110
6032
6110
5625
5625
5821
5821
5821
5821
5821
6110
5821
5821
5821
6110
6110
5821
5821
5821
5821
6110
5342
6023
5821
6023
6023
5821
5493
5821
5821
5834
5342
5493
5493
5493
5493
6020
5834
5493
5493
5493
5493
5821
5821
5821
5821
5821
6110
5493
5821
5493
5493
5766
5832
6103
5683
5382
5326
5955
5814
5493
6069
5123
5385
5640
5737
5493
5125
5924
5766
5292
5259
5733
5318
6086
5979
5631
5670
5446
5494
5338
5734
5626
5123
5481
5808
5597
5626
5831
6027
5814
5597
6086
5734
5625
5734
6023
5670
5446
5625
5305
6085
6103
5808
5625
5448
5656
5670
5305
5808
5734
6103
5626
5602
5967
6074
5708
5803
5734
5626
5849
5625
5724
5555
5997
6101
5294
5619
5597
5997
5209
6052
6103
5951
6101
5650
5650
5451
5951
6004
5725
6110
5493
5734
5626
5209
5730
6123
6020
6101
5643
5734
5559
6087
5527
6104
5734
5493
6103
5656
5480
5493
6032
5734
6134
5687
5437
5937
5318
5860
6103
5734
5242
5626
5626
5479
5734
5514
6101
5951
5527
5494
5580
6123
6060
5734
5125
5158
5493
6101
6134
6023
6123
5687
5737
6103
5821
5626
6087
5734
6125
5660
5821
5626
6079
5656
5656
5422
5182
5182
5644
5533
5941
5235
5446
6103
5665
6023
6023
5644
6057
5821
5644
5500
6101
5343
5514
5251
5448
6095
5559
5555
5626
5956
5448
5660
5494
5602
5368
6123
5734
5910
5241
6134
5626
5734
5871
5737
5626
5305
5821
5967
5344
5448
5514
5734
5368
5305
6101
5796
5343
6123
6023
5500
6060
5821
6023
5343
5667
6023
6110
5305
5967
5339
6023
5626
5849
5656
5967
5343
6082
5344
6023
6032
5626
6082
5365
5821
5734
5631
5305
5494
6134
6023
5734
5123
5527
6101
6074
5626
5967
6023
5937
5626
5123
5582
5849
5559
5123
5951
5456
5545
5724
5426
5951
5123
6019
6032
6110
5130
5951
5732
6108
5671
5574
5448
6029
5821
6060
5610
5326
6121
5484
5264
5933
6060
5129
5292
5823
5643
5550
5197
5895
5849
5519
5214
5262
5480
5486
5594
5574
5391
5388
5351
5597
5657
6024
5856
5231
5645
5457
5323
6024
5800
5757
5964
5657
5391
5391
5625
5772
5727
5642
5391
5594
5869
5657
5724
5927
5587
5231
5657
5391
5231
5625
5587
5262
5238
5588
5481
5456
5474
5503
5550
5374
5982
5803
5909
5336
6131
5385
5597
5783
5236
5602
5481
6110
5625
5278
5481
5937
6101
5708
5951
5597
6082
5331
6079
6134
6082
5789
5597
6110
6032
5481
5493
5597
5302
5276
5719
6024
6134
5320
5719
5719
5331
6134
5644
6134
5951
5821
5808
5796
5821
6103
5708
5719
5796
5808
6134
5448
6110
6134
5456
5644
5597
5448
5619
5644
6101
5343
5555
5448
5967
6103
6110
6079
5493
6052
5847
5241
5566
6123
6052
5626
5443
5940
5566
5898
5956
5808
5343
5451
5821
5566
5182
5344
5409
5446
5491
6137
5644
6112
5838
5626
5643
6023
6134
5241
5343
5666
5182
5479
6134
6134
5288
5415
5451
6134
5559
5626
5183
5448
5531
6134
5448
6134
5821
5602
5448
5804
6134
5626
5682
5386
5448
6134
5705
6134
6033
5705
5321
5947
5514
6134
6134
5276
5294
5656
6057
5415
6134
5808
6012
6126
5682
5821
5520
5172
5415
6077
6104
5276
6052
5448
5975
5276
5321
6134
6134
6134
5644
5448
5451
5448
6103
6134
5566
6112
5823
6134
5491
5451
6079
6103
6023
5670
5448
5724
5294
6101
5448
5898
5821
6079
5780
6103
5456
5448
5860
6079
6101
5849
5821
5610
6112
5940
6101
5640
5730
6101
5448
6023
5724
5898
5493
6134
5415
5821
5860
5566
5951
5493
5242
5626
6004
6082
5456
5951
6004
5409
5235
5626
6023
5331
5951
5493
6079
5448
5343
6110
6127
6060
5951
5493
5123
5527
5724
6023
5951
5734
5951
6023
5409
5724
5951
5803
6004
6134
5123
5808
6023
6023
6005
5650
6052
5747
6089
5170
5838
6110
5164
6061
5837
5808
5789
5498
5808
6136
5899
6042
5420
5864
5658
6134
5120
5914
5173
5451
5997
5997
5386
5491
5313
5130
5682
5369
6029
6010
6061
6109
5276
6087
5988
5260
5369
5313
5370
5682
5491
5988
5644
5373
5386
5566
5502
5313
5243
5854
5369
5313
5458
6073
5502
5988
5988
6022
5231
5988
5635
5634
5968
5841
5255
5897
5414
5597
5473
5796
6079
5480
5125
6107
6078
5805
5140
5473
5391
6069
5310
6104
6118
6089
9224
6387
7081
6633
6886
6163
6556
6711
6459
6277
6845
6925
6836
7119
6458
6925
6556
6711
6579
6556
6556
6556
6556
6492
6925
6556
6711
6711
7119
7025
6185
6886
6308
6886
6886
6163
6163
6163
6711
6556
6556
6556
6163
6163
6556
6382
6556
7149
6711
7149
6556
6556
6556
6185
6579
6524
6711
6711
6556
6556
7083
6556
6579
6459
6171
6201
6817
6746
6711
6879
6556
6487
6480
6437
6784
7155
6938
6755
6868
6190
6493
7008
7045
6147
6484
6382
6332
6644
6931
6781
6931
6785
6854
6190
6190
6621
6190
6931
6189
6179
7126
6598
6807
6748
7081
7064
6178
6917
6249
6636
6663
7087
6165
6620
6639
6650
6746
6620
6879
6746
6931
6944
6785
6710
7093
6598
6794
6620
6471
6704
6598
6854
6755
6708
6708
6322
6322
6437
6680
6189
6329
6901
6459
6746
6746
6622
6403
6959
6636
6746
6189
6596
6718
6680
6718
7133
7133
6303
7165
6807
7068
6303
6817
7152
6755
6185
7019
6663
6357
6945
6718
6621
6944
7009
6708
6190
6807
6621
6303
6622
7107
6377
6774
6729
6327
6794
6650
7045
7081
6621
6437
6341
6382
6242
6845
6621
6774
6300
6540
6553
6945
6879
6471
6368
6189
6616
6798
6746
6621
6380
6460
6149
6680
6959
6718
6463
6831
6460
6494
6471
6794
6538
7045
6490
6459
6704
7119
6739
7119
6327
6621
6459
6794
6472
6810
6530
6798
6191
6604
6400
6718
6303
6327
6794
6785
6460
6708
7045
6459
7124
7045
6807
6329
6471
6721
6459
6798
6845
7093
6925
6515
6287
6705
6807
6807
6708
6807
6459
6944
6978
6242
6242
6722
6879
6437
6845
6807
6478
6746
6205
6766
7133
6704
6708
6865
6312
6708
6807
6956
7068
6708
6357
6621
6459
6784
6718
6711
6357
6382
6718
6666
6332
6471
6944
6622
6329
6620
6636
7019
7139
6746
6925
6357
6322
7006
7093
7133
6636
6879
6807
6708
6807
6459
6530
6163
6382
6540
6785
6476
6539
6769
6403
6322
6663
6764
6718
6480
6990
6464
6615
6189
7159
6192
6620
6486
6164
6637
6856
7009
6856
6230
6674
6710
6491
6749
7115
6749
6156
6509
6970
6970
7000
7164
6154
6574
6163
6585
6494
6912
6938
7119
7049
6329
6854
7107
6478
7080
6843
6494
6585
6480
6894
6843
7007
6494
6492
6478
6836
6845
6494
6845
7008
7100
7125
6845
6794
6349
6372
6794
6168
7073
6932
6494
7008
6945
6598
6971
6995
6732
6741
6304
6487
6854
6807
6638
7152
6718
7155
6264
6990
7152
6854
6755
6648
6798
6621
6854
6854
6741
6459
6622
6534
6437
7011
6621
6711
6354
7101
6437
7093
6788
6460
6459
6886
7101
6628
6879
7081
6817
6621
6622
6459
6596
6242
6944
6990
6945
6354
6944
6596
6190
6886
7101
7101
6990
6828
6708
6471
7107
6784
6676
6945
6807
6312
6680
6944
6369
6359
6828
6926
6312
6604
6164
6886
6636
6530
6807
6471
6458
6879
6828
6308
6471
6190
6349
6784
6879
6282
6459
6301
6879
6625
6590
6688
6282
6755
6810
6990
6471
6265
6354
6354
6478
6600
6622
6400
6810
6332
6537
6901
6296
6416
6879
6416
6504
6332
6380
6282
6189
6282
6178
6828
7045
6332
6282
6178
6149
7089
6807
6879
7045
7101
6332
6303
6794
7101
7101
6413
6287
6419
6807
6459
6312
6879
6784
7167
6190
7123
7045
6803
6794
6332
6534
6926
6857
6990
6622
6287
6990
6357
6925
6755
6934
6354
6794
6509
6944
6944
6471
6354
6879
6354
6944
6327
6879
6944
6945
6622
6471
6944
6459
6973
6886
6925
6817
7007
6794
6507
6459
6419
6540
6621
6886
6951
6944
6590
6312
6788
6471
6807
6746
6164
6459
6539
7093
6480
7007
6794
6459
6945
7068
6827
6530
6718
6458
6807
6530
7081
7093
6807
6990
7119
6620
6722
6620
6886
6487
6945
6437
6494
6886
6944
6622
6995
6794
6189
6718
6944
7025
6530
6704
6322
6945
6886
6788
7083
6471
6322
6622
6459
6530
6944
6788
6620
6852
6509
6710
7139
6544
6951
6633
6160
6357
6552
7134
6763
6351
6238
6553
6550
7072
6599
6508
6969
6448
6769
6652
7098
6787
6419
6947
6255
7019
7158
6863
6676
6910
6659
7139
6820
6146
6452
6720
6233
7014
7065
6755
6631
7115
6537
6927
6646
7065
6594
6722
6511
6558
6282
6788
7146
6574
6820
7139
6537
6419
6605
6912
7073
6289
6339
6477
6714
6869
6646
6834
7007
6459
6631
6397
6575
6458
6646
6448
6346
6746
6416
7126
6912
6346
7127
6704
7061
9225
7753
7844
7459
7235
7753
7235
7615
8064
7183
8013
7235
8058
8034
8035
7519
8044
8034
7753
8047
7940
7235
7235
8034
7940
7940
7235
7533
8064
8064
7282
8068
7950
8021
7950
7940
7696
8068
7940
8064
7940
7621
7282
7282
8151
8044
8151
7940
7533
7282
7282
8021
7940
7235
7235
7621
7235
8021
8044
8151
8021
8021
7940
7940
7485
7599
7987
7954
8181
8032
7621
7956
8064
7730
7646
8047
8083
8186
7557
8106
7523
8131
7912
8034
7882
7757
7244
8054
7410
8165
7820
7246
7549
7773
8165
7882
7202
7897
7844
7696
8186
7668
7753
8009
7577
8047
7282
7551
7912
8096
8165
8151
7753
7897
7661
8083
7559
7200
7808
7912
8047
8165
7878
7374
8047
7757
7753
7906
7878
8165
8013
8064
7632
7230
8165
8008
7753
8008
7632
7632
7753
7878
7753
8054
8047
8009
7991
7716
7716
7459
7893
7897
8013
7824
7632
7632
7577
8117
7173
7495
7844
8047
7932
7632
7577
7897
7612
8047
7564
7410
8141
7753
7844
8047
7495
8176
7932
7632
8044
8141
7893
7564
7235
7259
8141
7744
7631
7690
7632
7820
7523
7741
7690
8013
7753
7374
7399
7817
8013
8047
7410
7556
7632
7718
7376
8047
7523
7648
7758
7449
7551
7893
7282
7753
7495
7623
7757
7277
7753
7419
8141
7459
8047
7315
8047
7944
7753
7753
8047
8094
7979
8009
8047
7548
8020
7706
7719
8151
8013
8071
7420
7706
7885
8040
7573
7706
7473
8013
7533
7621
7632
8044
7706
7754
8106
7535
7706
7632
7409
7322
7410
7706
8054
7716
8013
7912
8018
7632
7373
7174
8013
8034
7410
7349
7246
8047
8141
8040
8104
7533
7533
8107
7495
7753
7893
7956
7410
7632
7632
7632
7459
8054
7321
7912
7716
7853
8141
7878
8096
7982
7349
7755
7556
7716
8047
7459
7632
7632
7706
7735
7567
7533
7932
7632
8090
7824
7844
7632
7991
7632
7784
7625
8013
8013
7548
7495
8047
8141
8141
7836
7753
7227
7533
8174
8165
8029
7302
7852
7532
7346
7912
7838
8010
7666
7405
8153
7589
7508
7845
8010
8131
8109
7793
7298
7199
8164
8145
7426
7200
7924
7191
8174
7716
7621
8112
8069
7426
8019
8162
7528
8076
7678
7696
7533
8073
7828
7213
7196
7411
7621
8112
7991
7552
7963
8165
8096
8162
7621
7845
7912
7932
7574
7209
7209
8076
7277
7329
7413
7327
8162
7523
7820
7932
8109
8054
8083
7495
7495
7244
7867
7557
8117
8009
8064
7244
7535
7472
8157
7459
7872
7321
8047
8162
8013
8034
7844
7632
7213
7912
8165
7855
7903
7912
7214
8047
7690
7991
7912
7912
7885
7632
7632
7696
7912
8165
7912
8064
7356
8044
7753
8165
8190
7674
7195
7935
7784
7448
7472
8047
8054
7932
8155
7753
8047
7867
8040
7397
7893
7445
7535
7757
7397
8155
7754
7615
7203
8141
7779
7216
7419
7569
8117
7219
8033
7539
7609
8035
7668
7814
7304
7851
7992
7400
7753
7758
7758
7227
7470
7535
8047
7535
7944
7219
7535
7259
7535
7652
8018
7539
7168
7302
7374
7539
7753
7944
8036
7982
8157
8009
7352
8167
7327
8001
8047
8054
7349
7856
7820
8035
7535
8104
7459
7445
8020
7741
7716
7844
7757
7535
7908
7687
7878
7535
7991
7375
8054
7991
7944
7897
7539
7609
7874
8035
7753
7277
7629
7979
7897
7539
7243
7758
7450
7824
7277
7221
7893
7214
8047
8158
8090
7609
8054
7474
7820
7716
8047
7577
8047
7304
7535
7753
7820
8047
7535
7928
7784
7801
8054
7991
8047
8054
7757
7897
8047
8034
7518
7753
7893
7897
8047
8047
7214
8008
8020
7227
8018
7784
7753
7632
7547
7577
7867
7702
7374
8186
7991
8047
8064
7716
7304
7282
8013
7968
7645
7556
7753
7844
7556
8013
7944
8084
8044
8047
7556
7754
7548
7533
8071
7753
8047
7621
8034
8047
8047
7632
7632
7940
8151
7449
7573
7844
7757
8047
7932
7730
8034
7754
8034
7950
7836
7510
7449
7963
7402
8076
7741
8178
7275
7730
7754
8186
7209
7528
7621
7469
7668
8056
7772
7392
8176
7742
7405
7964
7416
7250
8113
7246
7195
7990
7834
7967
7689
7456
7716
7411
8127
7902
7753
8034
7525
8028
7525
7646
7296
8076
7753
7845
7966
7461
7764
7983
7628
7652
7670
7277
7216
8141
7461
7209
7885
7754
7847
8055
7753
8145
7815
7458
7963
8021
8034
7659
7294
7956
8093
7523
7948
7948
7910
7744
7678
7295
7510
7437
8176
7472
8013
7393
7459
7191
7709
7882
7352
9226
9139
9108
8660
8429
8608
9180
9181
8660
8429
8608
9020
8809
9181
9180
8429
8660
8726
8660
9140
9180
8621
9180
9020
9020
8659
9180
8659
8659
8659
9091
8608
8676
8659
8659
9181
8247
8659
8659
9020
8429
8501
9181
8660
9091
9091
8659
8710
8710
8660
8501
8429
8429
8621
9181
8809
8247
8710
9181
8501
8659
8893
9091
8726
8873
8861
8864
8612
8432
8546
8697
8672
8820
9076
8775
8442
8558
9181
9206
8655
8851
8831
9037
9126
8822
8857
8850
9206
8268
8923
8794
8328
9206
8410
8680
8641
9137
8354
8662
8712
8859
8409
8787
8354
8903
8831
9206
8661
9205
8651
8660
8809
8809
8767
8354
9197
8531
8694
8820
8998
8612
9038
8240
8892
8523
8775
8726
8240
8972
8809
9059
8936
8998
9070
8926
9149
8262
8843
8974
9149
8997
9043
8782
8256
8633
9206
8354
8851
8697
8507
9206
8256
9206
8661
8463
8507
9164
8908
9052
8364
8892
9206
8257
9062
8929
8650
9137
8914
8850
9062
8741
8354
8402
8660
8371
9024
8676
9206
8825
8503
8717
9038
9070
8233
8898
8781
8354
8755
8651
8750
8650
8738
9129
9100
9206
8327
9106
8492
9070
9097
9180
9095
8345
8402
8676
9149
9133
8758
8952
8532
8754
9043
8755
9133
8402
8851
8460
8345
8523
8345
8873
8503
8338
8978
8667
8441
8503
8402
8558
8313
8549
8345
8660
8651
8958
8402
8532
8223
8328
9076
8235
8587
8531
8536
8262
8635
8843
8503
8503
8237
8851
8676
8835
8903
8781
8913
8571
8354
9020
9189
8469
8755
9045
8262
9181
8262
9021
8503
9102
8354
8379
9205
8940
8651
8354
8726
8204
8294
8507
8738
8532
9206
9206
8608
8237
8786
8697
8892
8247
9095
9089
9206
8354
8892
9108
8571
8262
8905
8781
9040
9171
8976
8262
9185
8507
8523
9206
9149
8441
8354
8767
8507
8750
8247
9074
8651
8501
9108
9172
8247
8998
8978
8754
8820
8775
9206
8683
8651
9206
8542
9158
8735
8341
9059
8409
8402
8717
9030
8903
8835
8299
8926
8648
8987
8590
8366
9170
8438
8717
8459
8235
8956
8349
8823
9114
8441
9207
8481
8631
8892
9170
8852
8711
8501
8341
8755
8438
8432
8538
8809
8610
8738
8790
8587
8719
8820
8585
8809
8493
9024
8809
9210
8585
8514
8664
9205
8207
8750
8429
9024
9123
8585
8429
8943
8575
8770
9194
8917
8575
9206
9171
8303
9157
8697
9026
9037
8843
8660
8892
8327
8697
8852
9052
8845
8980
8760
8975
9010
8852
9011
9129
8256
8409
8368
8575
8892
8587
8523
8831
8247
9005
9061
8429
8997
8885
8809
8694
8501
8755
8372
9210
8650
8852
8852
8527
8507
9123
9076
8998
8694
8402
9065
9128
8978
8809
9074
8228
8754
8507
9061
9206
8936
8726
8341
8466
9191
9098
8658
8913
9059
8442
9097
8850
8354
8402
8240
8925
8462
9075
8892
8867
8558
8402
8598
8794
9206
9073
8827
9087
8878
9041
9045
8562
8998
8946
8237
8641
9190
8303
8779
8782
8794
8849
8303
8835
9176
8398
8253
9106
9039
8465
8441
8317
9067
8571
8825
8912
8835
8523
8799
8402
8570
8972
9062
9095
8660
8303
8237
8402
9084
8228
8454
8563
8635
8809
8861
8905
8523
8861
8571
9180
8687
9191
8304
8233
8832
8235
8835
8892
8409
8531
8571
9038
8531
8396
9100
8635
9206
9013
9076
8531
9053
8501
8608
8991
8755
8767
9076
8571
8694
9088
8604
8442
8571
8846
8997
8641
8861
9073
8512
8811
8327
8460
9133
8998
9133
8409
8981
8867
8809
9149
9106
9149
9191
9205
9206
9100
9134
9160
8998
9194
8641
8873
9070
8354
8481
8873
8809
9133
8835
9088
8924
8576
8228
9024
9206
8409
9206
9149
8809
8901
8676
8232
8299
8570
8998
9013
9037
8809
8831
8602
9088
9040
8755
8711
8705
9013
8650
9061
8998
8863
9037
9181
8523
8901
8247
9027
9070
9204
8901
8975
9158
8650
9079
8750
9180
8660
8750
8956
8978
9205
8585
8364
8889
8621
8499
8499
8370
8499
8843
8909
8528
9004
8786
8436
8939
8440
9146
8646
9168
8842
9059
8641
8434
8581
8647
9095
8971
8385
8851
8831
9168
8442
9068
8638
8501
9191
9129
8676
8249
8708
8892
8679
8901
8445
8689
8602
8790
8477
9043
8697
8862
8688
8370
8499
9013
8650
9178
9020
8909
9157
8697
8228
9132
8602
8820
8664
9010
9051
8499
9128
8261
8833
8665
8535
8792
8608
8630
8920
8438
8255
9051
8526
9157
8520
8968
9020
8839
8845
9010
8528
8515