9217
9218
878
547
370
529
316
1015
452
704
803
98
62
149
452
861
861
1009
370
66
607
726
84
201
71
926
757
66
733
97
861
106
547
547
219
469
5
263
11
861
1009
66
594
257
682
682
435
435
879
66
828
726
59
637
803
548
282
263
499
505
861
52
547
219
219
469
682
325
249
192
99
98
193
529
59
66
66
435
607
66
373
478
313
446
102
930
733
814
446
102
547
313
446
102
483
52
192
98
105
598
834
818
386
440
1011
440
386
646
386
299
386
716
63
730
140
1009
435
607
76
504
803
479
676
577
113
247
113
247
113
11
113
247
113
890
62
113
861
1009
889
313
833
483
433
433
677
239
243
239
213
736
66
736
53
736
162
677
193
682
435
435
535
508
196
508
709
548
1021
803
479
204
435
84
84
1009
548
133
139
265
133
1009
548
816
419
529
529
769
435
18
192
776
61
677
548
1021
3
731
263
499
548
577
619
730
730
724
677
435
723
841
677
435
607
196
84
841
682
52
239
736
736
677
547
99
976
383
976
52
503
108
626
108
810
313
833
877
433
289
435
633
726
84
196
1009
757
371
5
693
682
548
193
693
677
52
239
239
162
736
435
736
403
803
548
577
62
619
927
62
682
682
705
435
607
302
281
302
325
529
529
143
926
192
78
296
733
641
434
113
784
263
499
677
548
133
265
677
548
577
730
1009
435
508
861
52
503
503
574
626
1009
239
270
677
435
239
162
1009
435
607
196
1009
450
58
46
446
990
828
518
118
1009
399
213
359
384
862
2
440
677
239
2
736
313
446
102
594
483
677
239
810
313
102
930
204
470
115
435
597
713
713
680
932
1009
503
270
503
53
677
52
239
736
325
529
82
192
114
726
59
637
784
637
5
1011
454
1017
429
1017
821
1017
861
403
66
676
513
821
478
893
448
929
257
733
131
598
131
11
605
11
183
705
884
884
529
242
836
922
642
922
1017
677
182
884
438
438
642
723
253
598
893
757
471
399
359
101
476
761
66
818
862
82
647
478
588
547
399
359
101
471
348
893
66
594
677
182
884
438
325
761
66
828
438
299
723
419
186
192
44
1015
242
465
637
637
127
637
282
248
454
1017
724
1017
716
1017
454
1017
454
1017
454
478
182
884
884
836
417
248
723
248
282
68
194
31
682
705
399
82
82
836
458
9219
2023
1626
1755
1457
1788
1788
1690
1788
1481
1886
1481
1801
1896
1426
1720
1807
2046
1690
2046
2046
2046
1317
1317
2046
1940
1755
1345
1895
1345
1653
1694
1815
1899
1966
1720
1720
1896
1700
2046
1777
1248
1349
1248
1349
1659
1359
1535
1457
1788
1903
1690
1300
1345
1690
1690
1300
1777
1777
1682
1755
1959
2046
1628
1349
1349
1349
1349
1690
1905
1535
1940
1557
1589
1905
1547
2006
1622
1481
2035
1160
1690
1160
2035
2046
2035
1248
1903
2046
1300
1682
1707
1690
1659
1690
1300
1300
1300
1777
1777
1481
1700
1410
1974
1815
1788
2046
2007
1682
1690
1588
1886
1755
1914
1966
1714
1535
1867
1867
1690
1966
1905
1535
1535
1755
1755
1626
1700
1903
1777
1626
1812
1755
1651
1807
1950
1535
2003
1583
1755
1755
1707
1460
1764
1287
1759
1815
1788
1764
2046
1974
1974
2046
1682
1682
2007
2007
1481
2035
2035
1300
2035
1991
1690
1801
1659
1690
1349
1300
1300
2035
1896
1905
1481
2046
1801
1481
1807
1801
1815
1317
1807
1924
2035
1914
1991
1903
1349
1807
1777
1895
1807
1777
1903
1300
1300
1903
1653
1349
1777
1300
1300
1300
1300
1589
1216
2035
1846
1535
1755
1755
1931
1755
1755
2035
1674
1283
1315
1315
1606
1606
1315
1606
1606
1714
1714
1714
1714
1714
1714
1714
1903
1347
1659
1807
1899
1936
1966
1945
1905
1960
1966
1966
1481
1547
1300
1690
1807
1801
1755
1659
1300
1815
1347
1300
1924
1300
1300
1903
1857
1547
1884
2025
1347
1777
1777
1777
1097
1299
1720
1995
1807
1895
1886
1334
1248
2046
1801
1083
1216
1535
1807
1896
1589
1788
1788
1703
1857
1690
2035
1925
2046
1959
1899
1777
1349
1857
1914
1955
2035
1895
1300
1349
1659
1895
1690
2046
1349
1300
1777
1300
1317
1966
1945
1905
1960
1801
1777
1349
1903
1777
1690
1714
1714
1714
1714
1714
1714
1985
2007
1714
1714
2007
1317
1317
1903
1682
1974
2007
1547
1714
2046
1179
1155
1896
1535
1327
1209
1867
1755
1635
1755
1982
1755
1960
2035
2035
1788
1959
1801
1966
1959
1801
1300
1097
1690
1300
1349
2046
1777
1966
1995
1300
1911
1300
1844
1475
1179
1179
1179
1179
1179
1209
1209
1209
1547
1547
1755
1523
1690
1895
1815
1995
1097
1300
1803
1803
1496
1911
1653
1803
1940
1216
1216
1097
1097
1690
1097
1097
1097
1995
1179
1886
2046
2025
2035
2046
1460
1284
1801
1815
1659
1317
2046
1519
1519
1896
1589
1349
1959
1884
1807
1300
1651
1317
2046
1959
1959
2046
1300
1857
2046
1777
1903
1547
1966
1905
1884
1895
1903
1779
1438
1682
2007
2007
1974
1974
1857
1283
1315
1315
1315
1315
1347
1606
1714
1315
1714
1523
1714
1714
1905
1895
1347
1714
1216
1097
1966
1690
1635
1535
1846
1209
1209
1674
1755
1635
1583
1264
1817
1635
1519
1690
1690
1985
1974
1438
1682
1682
2007
1985
1714
1714
1714
1714
1637
1597
1755
1732
1931
1755
1635
1777
1801
1961
1209
1209
1674
1535
1674
1547
1547
1547
1807
1995
1349
1815
1637
1347
1347
1347
1714
1547
1300
1777
1777
1682
2007
1097
1974
1300
1438
1300
1547
1523
1283
1315
1547
1315
1547
1606
1606
1949
1535
1287
2006
1815
1788
1690
1690
1523
2046
1959
1690
2035
2035
2035
2035
1903
1690
1895
1690
1347
1347
1959
2046
1349
1690
1659
1959
1300
1995
1777
1690
1300
1300
1777
1959
1755
1959
1959
1659
1959
1801
1700
1700
1959
1807
1371
1300
1959
1959
1801
1300
1300
1396
1651
1651
1674
1936
1409
2032
2032
2032
1519
1216
1925
1925
1299
2001
1519
1156
1156
1452
1452
1156
2032
2001
1452
1216
1216
2028
1216
1867
1755
1690
1949
1054
1299
1347
2035
1690
1690
1690
1755
1755
1564
1718
1599
2007
1974
1857
1682
1682
1087
1985
1186
1817
1867
1682
1690
1764
1216
1299
1299
1896
1755
2038
1690
1690
1227
1035
1452
1452
1417
1044
1452
1535
1635
1452
1417
1857
1417
2035
2046
1417
1317
1759
1535
1606
1452
1764
2001
1216
1606
2032
2035
1867
1857
1519
1519
1714
2008
1589
2035
2035
1179
1857
1519
1589
1481
1857
2025
2035
1690
1857
1690
2035
1690
1690
1895
2035
1690
1651
1152
1690
1764
1481
1097
1690
1589
1481
1589
1690
1690
2035
1690
1394
1589
1903
1300
1097
1911
1523
1763
1409
1636
1882
1264
2032
1857
1949
9220
3009
2298
2269
2450
2811
2097
2619
2964
2054
2990
3022
2813
2772
2455
2192
2467
2352
2642
2936
2869
2544
2567
2567
2889
2407
2421
3009
2333
2971
2800
2133
2818
3008
2976
2567
2192
2192
2971
2700
2333
2119
2800
2567
2791
2192
2095
2594
2298
2964
3022
2619
3008
2529
2717
2717
2411
2907
3009
2109
2352
3044
2787
2877
2592
2800
2192
2192
2920
3009
2243
2612
2789
2700
2467
3008
2857
3009
2818
2333
2971
2119
2536
2976
2192
2791
2434
2791
2889
2434
2833
2298
2298
2269
2813
2649
2619
2985
2467
3071
3022
2883
2623
2463
2557
2352
2623
2601
2968
2119
2333
3064
3047
2434
2986
2434
2102
2897
2544
2789
2329
2946
2191
2857
3065
2638
2857
2567
2749
2791
2833
2589
2525
2269
2681
2791
3007
2529
2283
2936
3041
2608
2470
2352
3044
2557
2352
3044
2245
2394
2608
2915
2253
2623
2915
2694
2540
2983
2253
2253
2787
2787
2608
2983
2462
2253
2889
2787
2877
2791
2085
3009
3029
2243
2544
2421
2434
2451
2333
2913
2567
3008
2913
2462
2434
2501
2985
2856
2421
2818
2968
2350
2815
2452
2869
3017
3017
2830
2434
3017
2985
2869
2525
2411
2649
2462
2190
2748
2177
2735
2874
2937
3008
2162
2905
2912
2834
3062
3062
3062
2972
2215
2215
2940
2912
2912
2912
2912
2567
2912
2694
2912
2567
2398
2398
2434
3009
2421
2989
2946
2484
3009
3050
2462
2912
2393
3012
2536
2649
2707
2694
2462
2789
3000
2818
3008
2572
2421
2451
2646
3012
2800
2462
2972
2434
2646
2510
2631
2942
2860
2420
2608
2788
2990
2192
2119
2949
3059
2081
2442
2179
2820
3003
2190
2190
2243
3008
2883
2434
2936
2552
3012
2531
2121
3062
3022
2830
2989
2577
2577
2332
3017
2922
2407
2619
3009
2552
2820
2081
2820
2800
2567
3009
2513
2544
3069
2857
2907
3008
2501
2567
2818
2400
2398
2577
2215
2577
2577
3062
2759
2129
2345
2879
2470
2928
2557
2347
2966
2085
2659
2966
3043
2659
2912
2972
2354
2277
2457
2905
2724
2529
2697
2484
3008
2915
2800
2462
2552
3008
2800
3028
2820
3008
2393
2907
2552
3009
3009
2224
3008
3062
2561
2877
2162
2452
2834
2400
3062
3062
3062
3062
2054
2384
2501
2054
3022
2595
2054
2419
3039
2419
2714
2292
2278
2788
2119
3012
2109
2350
2434
2612
3042
2190
2190
2190
2190
2243
2818
2818
3000
2434
3028
2920
2944
2568
2419
2920
2411
2257
2506
2942
2320
2892
2467
2996
3032
2564
2813
2791
2748
2332
3062
3012
2681
2170
2928
3012
2192
3032
2945
2224
2721
2506
2434
2738
3009
2815
2333
2501
2789
2957
2323
2323
2323
2983
2111
2957
2253
2879
2567
2608
2567
2577
2544
2972
2741
2440
2912
2791
2800
2513
3009
2333
2513
2421
2972
2813
2957
2721
2833
2093
2637
2283
2177
2940
2695
2054
2510
2529
3071
2076
2123
3059
2735
3059
2128
2940
2128
2608
2801
2215
2567
2789
2920
2971
2478
2371
2284
2257
2253
2848
2608
2253
2928
2484
2054
2054
2751
2637
2589
2712
2905
2905
2333
2942
2564
2168
2501
2451
2971
2333
2946
3024
2608
2253
2985
2289
2860
2419
2966
2253
2879
2966
3043
2972
2577
2577
2398
3062
2398
2452
2944
2462
2398
2398
2700
2164
2700
2627
2119
3012
2990
2990
2388
2818
2944
2276
2800
2579
2936
2225
2506
2119
2175
3012
2800
2976
2868
2818
2945
2877
2877
3012
2544
3008
2961
2818
2944
3037
3062
2907
3062
3062
2818
2192
2788
3062
2544
2248
2700
2350
2985
2694
2788
2800
2854
2074
2149
2503
2224
2506
2600
2657
2672
2881
2877
2276
2164
2462
2996
2777
2139
2101
2101
2730
2868
2101
2730
2089
2547
2101
2730
2547
2830
2949
3017
2544
2292
2278
2942
2278
3059
2161
2465
2877
2123
3042
2608
2567
2942
2868
2674
2506
2801
2608
2589
2905
3071
3059
2128
2292
2161
2851
3062
2123
2161
2851
2944
2096
2314
2576
2089
2547
2101
2730
2089
2833
2667
2089
2644
2452
2730
2567
3017
2730
2567
2567
2489
2463
2546
2213
2847
2459
2352
2847
2591
2557
2789
2557
2818
2976
2333
2557
2421
2121
3008
2529
2789
3000
2333
2971
2800
2557
2976
2818
2501
2393
2564
2818
2925
2990
2800
2090
2799
2544
2239
2815
2881
2990
2442
2800
2968
3000
2936
2813
2857
2815
3035
2939
3008
2777
2412
2777
2985
2378
2792
2079
2079
2552
2049
2049
2748
9221
3914
3928
3896
3622
4052
3844
3844
3251
3869
3623
3856
3876
4084
3974
3951
3530
3413
3940
3810
3914
3727
3621
3778
3914
3914
3094
3413
3880
3970
3970
3270
3940
3413
3291
3859
3719
3598
3111
3446
4052
3327
3940
3725
3888
3704
3653
3896
3662
3857
3896
3388
3857
3376
3585
3857
3623
3376
3376
3251
3259
3982
3270
3928
3933
3987
3966
3447
3580
3783
3272
4077
4077
3737
3166
3237
4077
3592
3914
3399
4053
3276
3098
3914
4084
3081
3603
3914
3500
3901
3986
3517
4063
3251
3623
3251
3585
3623
3251
3857
3198
3932
3928
3359
3705
3705
3600
3600
3672
3843
3810
3872
3951
3810
3955
3933
4074
3615
3442
3111
3647
3600
3618
3904
3526
3951
3966
4077
3704
3413
3704
3891
3377
3704
3694
3580
3763
4032
3671
3900
4042
3660
3774
3104
3772
3530
3839
3107
3535
3928
3596
3639
3843
4019
3810
4077
3669
3674
4024
3868
3940
3447
3654
3237
3171
3504
3914
3674
3933
3940
3710
3394
3503
3914
3179
3637
3526
4087
3674
3261
3914
3802
3158
3514
3621
3802
3674
4038
3619
3839
3914
3914
3904
3802
4072
3414
3914
3904
3997
3914
3618
3901
3843
3987
4053
3281
3533
3512
3802
3870
3690
3662
3428
3901
3730
3439
3669
3634
3855
3079
3399
3596
3815
3698
4053
3727
4008
3305
3335
4008
3802
3891
3870
3965
3715
4053
3647
3254
3179
3526
3284
3742
3869
3596
4019
3901
3945
3623
3623
4084
3891
3621
3914
3526
3237
3674
3880
4087
4030
3185
4084
3935
3327
3747
3657
3111
3251
3727
3826
3719
3284
3764
3810
3514
3416
3783
4054
4042
3383
3508
3555
3449
3929
3715
4074
3684
3251
4039
4067
3464
3307
3596
3869
3914
3839
3710
4056
3107
3542
4094
3107
4039
3839
3914
3914
3940
3555
3555
3176
3555
3237
3166
3706
3506
3764
3302
3914
4087
3914
3904
3929
3868
3778
3668
3095
3690
3976
3335
3567
3600
3955
3600
3600
3600
3600
3810
3876
3406
3870
3331
3690
3603
3675
3901
3843
3715
3649
3660
3831
3668
3987
3673
4077
3179
3671
3107
3966
3098
3694
3621
3530
3281
3555
3970
3107
3555
3478
3933
3530
3107
3447
3437
3869
3690
3652
4014
3637
3337
4014
3690
3649
3897
3376
3914
3825
3430
4077
4091
3681
3890
3107
3685
3684
3394
4039
3914
4042
3914
3914
3869
3413
3377
3825
3508
3508
3802
4091
3508
3555
3449
3508
4079
3739
3591
3088
3600
3951
3986
3399
3107
3413
3887
3413
3935
3684
3705
3672
3260
3987
3914
3982
3647
3107
3504
3834
3914
3375
3352
3951
3107
3107
3914
3764
3111
3107
3542
3254
3256
3705
3111
3710
3974
3398
3498
3498
3484
3171
4008
3890
3778
4019
3675
3085
3111
3870
3719
3870
3573
3507
3254
3940
3855
3254
3531
3398
3508
3508
3555
3449
3088
3727
3663
4077
3796
3114
3928
4077
3810
3909
3366
3101
4077
3364
3437
3094
3974
3154
4077
4077
4077
3542
3757
4077
3366
3977
4077
3970
3389
3420
3437
3747
3647
3530
3237
3810
3368
3676
3659
3997
3358
3235
3398
3824
3274
3310
3914
3952
3413
3705
3913
3913
3913
3970
3913
3891
3719
3778
3600
3839
3406
3673
3690
3698
3890
4088
3368
3815
3914
4008
3914
3673
3965
3310
3182
4077
3647
3739
3088
3552
4072
3904
3875
3764
3952
3082
3928
3747
3530
3674
3185
3552
3901
3088
3327
3904
3600
4079
3522
4077
4077
3933
3413
3901
3270
3839
3478
3783
3914
3774
3552
3914
3552
4036
3872
3869
3504
3467
3376
4042
3893
3705
3935
3914
3933
3891
3245
3485
3478
3816
4051
3783
3143
3810
4051
3552
4052
3881
3536
3456
4056
3699
3303
3558
3661
3764
3673
3859
3955
3496
4004
3463
3672
3265
3551
3406
3526
3929
3763
3997
4038
3783
3933
3901
3942
3929
3368
3978
3154
3154
3661
4091
4056
3259
4091
4055
3393
3909
3669
3743
3950
3488
3577
3297
3763
3783
3536
3950
3716
3675
3136
3867
3867
3509
3618
4088
3554
3384
3965
3096
3998
3757
3182
4088
3890
3747
3747
3284
3157
3226
3226
3981
3654
3837
3997
3672
3810
3928
3103
4072
3742
3974
3621
3327
3928
4091
3237
3600
3600
3967
3095
3929
3437
3515
3600
3901
3631
3909
3243
3804
3929
3715
3929
3600
3176
3836
3647
3164
3164
3836
3088
3836
3836
3398
3296
3296
3839
4072
3904
3478
3965
4079
3365
3904
4056
3934
3136
3431
3783
3916
3802
4053
3647
9222
4747
4431
4161
5041
4161
4496
4320
4678
4567
4567
5022
5037
4539
4315
4488
5022
4140
5022
4567
4826
5022
4654
5022
4810
4933
5022
4661
5022
4338
4364
4705
4624
4624
4733
4287
5029
4384
5112
4654
4835
4589
4800
5114
4412
4934
4153
4740
5042
4508
4296
4659
4889
4335
5015
5022
4496
4977
4927
5059
4747
5116
5059
5058
4539
4150
4747
4770
5068
5095
5010
4314
4612
5112
4332
4950
4705
5112
5096
5029
5022
4546
4170
4957
4862
4305
5041
4852
4426
4539
4971
4196
4370
4810
4906
4747
5022
4431
4861
4351
5112
4161
4567
4180
4414
4985
4810
5096
5112
4705
5045
4751
4410
4539
4924
5079
4771
4924
4773
4961
4624
4641
4801
4852
4184
5094
4494
4145
4242
4497
4217
4474
4215
4414
4364
4957
4620
4927
4841
5107
4852
4927
4414
4399
4726
4747
4896
4151
4955
4745
5040
5069
4487
4789
4862
4985
4354
4962
4145
4826
4866
5042
4731
4589
4560
4876
4512
4636
5022
4477
4175
4905
5030
4127
5042
4924
4773
4820
4198
5022
4554
4175
5115
4615
4389
4456
4926
4145
4934
4950
4314
4384
5015
4983
4876
5058
4733
4926
4810
4335
4770
4759
4460
5115
4351
4830
4203
5096
4852
4121
4437
4384
4521
4364
4926
5027
4960
4919
4801
4474
4589
5022
5110
5112
4759
4124
5112
4862
5022
5059
4747
4747
5022
4862
4296
5110
4773
4483
4919
5095
4320
4384
4615
4705
4924
4624
4900
4755
4480
4866
4977
4539
4624
4931
5094
4924
4127
4403
4710
4477
4950
5056
4594
4127
4861
4861
5094
5058
5089
4955
4334
4771
5059
5045
4242
4434
5108
4654
5047
4120
4506
5077
4220
5047
4854
5108
4988
4193
4484
4770
4227
4862
5112
4338
4119
4456
4194
4242
4881
4173
4168
4860
4194
4305
4454
4194
4119
5022
4454
4710
4389
4456
5079
4522
4924
4751
4921
4145
4460
5118
4460
4622
4305
4615
4961
4477
4589
4484
4961
4300
4672
4423
4953
4589
4334
4961
5020
4317
4855
4589
4755
4244
4862
4549
5011
4328
4820
4947
4800
4962
4328
4739
4924
4999
4345
4889
4624
4926
4624
5022
4324
4861
4817
4296
4747
4539
4691
4715
5027
4318
5082
4759
4593
4876
4539
4129
4507
4861
4305
5096
4177
4473
5096
5065
5029
5096
5109
4678
5042
4656
5082
4574
5052
4194
4456
4349
5059
4845
4876
5110
5079
4215
4138
4132
5037
4927
4898
5049
5112
4364
4120
4972
4461
4399
4845
4906
4119
4606
4821
5041
4948
4948
4254
4150
4150
4770
4873
4307
4364
5046
4171
4845
4862
5072
4853
4593
4866
4335
5090
4484
4747
4132
4119
4351
5110
4145
4554
4924
4400
5029
5033
5105
4334
5089
4985
4150
4875
4305
4985
4305
5089
5045
4899
4961
4922
4305
4726
4540
4364
4364
5072
4924
4412
4296
4924
4337
4810
4770
4145
4556
4197
4841
5079
5018
4789
4145
4961
4733
5020
4943
4699
5041
5011
4314
4189
4106
4454
4654
5089
4175
5096
4759
4175
4354
4721
4970
4957
4854
4439
4966
4862
4414
4726
4953
4759
5022
5022
4751
4698
4215
4546
5022
4985
4755
4739
4393
4759
4145
4474
4145
4145
4702
5059
4145
4934
5114
4733
4150
4150
4747
4855
4855
4985
4876
4855
4351
4911
4305
4823
4776
4269
5058
4525
4349
4939
4678
4305
4305
4338
4830
4539
4200
4197
4315
4773
4567
4132
4889
4791
4634
5112
4985
4145
4831
4771
4906
4132
4705
4197
4771
4460
4810
4864
4917
4907
4889
4835
4150
4396
4624
4830
4106
5009
4318
4414
4810
4296
4845
4539
4820
5094
4145
4307
4539
5029
4483
4478
4220
4285
4220
4816
4432
4145
4181
4362
4305
4723
4338
4296
4439
4684
5029
4906
4387
4236
4961
4195
4858
4651
5037
4127
5059
4830
4150
4636
4498
4985
5040
4699
4364
4221
4931
4814
4119
4931
4305
4643
5077
4830
4615
5039
4249
4845
4810
5088
4864
5054
4455
4295
4896
5003
4919
4942
4654
4728
4436
4197
4414
4782
4801
4595
4731
4829
4338
4171
4337
4274
4194
4955
4947
4643
5077
4133
4853
4145
4194
4150
4970
4276
4200
4567
4928
4254
4600
4449
4254
4244
4338
4933
4948
5075
4567
4792
4673
4961
4673
4985
5058
4274
4119
5094
4830
4593
4345
4456
4445
4732
4387
4830
4705
4119
4423
4511
4893
4586
4384
4459
4289
4861
4459
4771
4852
4757
5094
4132
4681
4353
4296
4460
4927
4810
4353
5015
4970
4656
4487
4126
4372
4285
5040
4519
4269
9223
6097
5765
5991
6023
5964
5458
5454
6110
5493
5664
5229
5674
6017
5704
5863
5916
5931
5417
5267
5634
5606
5391
5803
5279
5211
5731
6041
5739
6007
5533
6019
5931
5625
5701
5731
5226
5805
6109
5701
6023
5211
6050
5211
5690
5561
5445
5980
5657
5445
5445
6023
5144
5502
5671
6051
5489
5869
5391
5309
5708
5533
6064
6050
6023
6023
5231
5374
6023
5309
5303
5446
5331
5769
5309
5947
6085
5931
5125
5937
6083
5228
5391
5760
5318
5158
5931
5490
6040
6042
5476
5507
5294
6023
6023
6023
5766
5211
5457
5982
5502
6027
5555
5800
5223
5474
5635
5828
5931
5853
5454
6041
5736
5398
5943
5731
5148
5383
5765
5821
5966
5173
5706
5884
5614
5701
5821
5467
5737
6082
5433
5169
6022
5480
5367
5579
5996
5573
5758
5457
6037
5555
5523
6041
5279
5839
5288
6040
5853
5473
5279
5777
5634
5566
5966
5961
6029
6101
6082
6127
5805
5536
5495
6101
5309
5926
5536
5814
5303
6035
5331
5731
5982
5731
6085
5931
6109
5931
5731
5813
5731
6029
5778
5734
5183
6029
5456
5498
6005
5452
5498
5333
5493
5183
5856
6022
5159
5498
6022
5856
6086
5498
6101
5805
5635
5711
5135
6042
5986
5916
5494
5772
5147
5597
6024
6131
5595
5343
5477
5752
5951
5951
5708
5924
5480
6073
6022
5766
6005
5734
5635
5924
6127
5135
5480
6042
5433
5931
5803
5500
5813
5374
5931
5530
6073
5731
5856
6127
6040
6082
5533
6005
5525
5731
6085
5734
5947
5211
5318
5736
5904
6069
5154
5657
5876
5904
6110
6024
6059
5937
5915
5561
5736
5331
5813
6029
5856
5331
6079
5897
5226
5699
5725
5787
6082
5157
6005
5531
5804
5502
5502
5331
5988
6024
5236
5445
5561
6022
6128
5856
6022
6022
5331
6064
5183
6083
5725
5614
5730
6005
5614
5125
5805
5500
5736
6005
6085
5731
5123
5455
6050
6022
5123
5951
5268
6073
5708
5708
6086
6120
6113
5777
5803
6027
5672
5816
5561
6051
5803
5910
5588
5724
5803
6127
5135
5835
5780
6109
5536
6082
5331
5496
6071
5586
5228
5211
5731
6085
5125
5550
5220
5821
5931
5249
5514
5135
5199
5672
6050
5801
5225
6032
5498
5536
6023
5125
5951
5910
5910
5456
5676
6073
5309
5911
5135
6131
5432
5536
5924
5875
5358
5803
6113
5434
6022
6022
5951
6101
5634
5708
6101
5420
5970
5839
5415
5730
5956
5964
5566
5446
6023
5495
5225
5480
5914
5498
5644
5835
5608
6082
5930
5445
6062
6041
6059
5947
6041
5411
5772
5536
6108
5942
5561
5426
5999
5245
6127
5924
6101
5477
5716
5364
5951
5498
6016
5931
5947
5159
5318
5331
5910
5873
5788
6129
5566
5929
5342
6050
5805
5480
5803
6137
6103
5228
5978
6005
6027
6101
5530
6039
5935
5561
5731
5877
5931
6039
5931
5477
5721
5555
5778
5473
5657
5828
5497
5438
6083
5938
5432
5333
6099
5690
5809
5123
6050
5986
5147
5685
5539
5929
5387
5692
5393
5331
6109
5958
5699
5197
5383
5952
5185
5487
5555
5811
5367
5793
5751
5139
5821
5773
6097
5352
5425
5329
5758
5278
6028
6101
5410
5805
6097
5480
5456
6032
5437
5156
5786
6083
6022
6087
5635
5480
6032
5486
5926
5559
5493
5123
6073
5532
5387
5961
5277
6054
5333
5249
6041
5668
5347
6041
6085
5811
5947
5645
5789
5702
5236
6041
6041
6041
5165
6082
6041
5560
6085
5772
6012
5731
5542
5982
5821
6086
5456
5834
5367
5211
6086
6086
5555
5145
6023
5456
6005
5211
5247
6027
6094
6079
5391
6027
6082
6024
5367
5211
5318
5802
5242
6017
5496
5212
5242
5692
5814
5935
5704
5481
6109
5173
5699
5481
5597
5454
5274
5994
6079
5813
6109
5579
6131
5793
5811
6138
6041
5793
5961
5373
5753
5478
6001
6073
6073
5577
5271
5856
5816
5130
6079
5393
5735
5414
5189
5577
6089
5183
6079
5813
6139
5364
5805
5159
5532
5183
5839
5332
5262
5985
5222
5481
6119
6022
5437
5817
6082
5374
5791
5873
5827
5259
5364
5493
5950
5318
5930
5159
5272
5147
5899
5773
5370
5399
5316
5755
5911
5316
5690
6028
5747
5420
5898
5372
5367
6113
5801
5699
5514
6097
5222
6129
6086
5465
5561
6086
6012
6064
6082
5757
6054
5231
5673
6073
5367
5937
5964
5323
5490
5225
5741
5511
5599
6119
5178
5533
5305
5305
5875
5734
5278
5985
5456
5456
5856
5331
6069
5379
6131
5929
6102
5482
5563
5694
6017
5480
9224
6437
6962
6899
6793
6796
6497
6892
6357
6962
6203
6405
6718
6160
7081
7075
6969
6944
6523
6574
6974
6663
6794
6974
6171
6813
7119
7021
7133
6374
6918
6550
6918
6383
7151
6512
7081
6154
6621
6511
6922
6855
6556
7047
6304
6534
6304
6448
6363
6541
6376
7075
6621
6487
6448
6944
6541
6713
6211
7152
7024
6696
6194
7126
7075
6494
6788
6459
6788
6437
6814
7072
6605
6976
7081
7065
6768
6458
6807
6879
6188
6262
6621
6331
6788
7061
6828
7090
6696
7081
6917
6603
6746
6622
6977
6605
6459
6639
6382
6154
6705
6622
6454
7004
6304
6728
7119
6922
6897
6213
7007
6492
6558
7166
6937
6898
6598
6550
7088
6998
6160
6855
6565
6448
7119
7014
6885
6995
6910
6638
7019
6362
6542
7064
7002
6281
6167
6738
6188
7164
7067
6639
6418
6945
6812
7009
6508
7119
6660
6897
6740
6545
6517
6558
7028
6622
6873
6594
7014
6558
6922
6895
6958
7028
6406
6312
6154
6494
6478
6958
6740
6509
6329
7061
6369
6732
7085
7072
6376
6509
7133
6622
6160
6459
6912
6922
6588
6605
6845
6705
7064
6693
6346
6895
6721
6638
7047
7067
6534
6228
6471
6163
6778
7133
6969
6958
6620
6573
7117
6925
6674
6194
7103
6647
6242
6810
6904
6852
6920
6693
6560
6459
7047
7115
6740
6827
6808
6616
7133
6776
6995
6748
6369
6437
7002
7075
6898
6994
6740
6808
6391
7009
7139
6523
7149
6984
7081
6969
6357
6830
6937
7073
6855
7081
6329
6357
6530
6605
6598
6442
6951
6675
6755
7057
6304
6785
6638
6605
6605
6530
7081
6203
7090
6574
6799
6238
6534
6487
6945
6327
6374
6848
6718
6628
7033
6922
6925
6538
6357
6354
6471
6935
6458
6769
6207
6886
6722
6304
6886
6895
6848
6794
6622
6622
7075
6357
6533
7115
6845
7067
6778
6221
6917
7007
6882
6998
6304
6476
6574
6912
7133
6927
6304
7125
6969
6329
7007
7081
6868
6402
6728
6277
6445
6481
7075
6922
6380
6944
6534
7061
6381
7119
6995
6243
6574
6322
6250
6847
6741
6960
7044
6164
6243
6444
6784
6843
6621
6329
7036
7078
6622
7139
6203
6628
7166
6836
6622
6437
6645
6517
6708
6154
7139
6164
6768
6357
6312
6304
6304
6852
6296
6852
6755
7081
6676
6262
6301
7018
6986
6494
7115
6760
6976
6484
6444
6976
7072
6223
6897
7119
6322
6773
6628
6303
6492
6471
6956
6190
6794
7063
6284
6511
6865
6402
6645
6238
7031
6728
6381
6374
6571
7119
7061
7073
6343
6538
7073
7009
6505
6621
6453
6960
7075
6787
6827
6622
6785
6638
6646
6160
6381
6827
7139
6353
6437
6622
7139
6843
7139
6693
6851
6160
7115
6534
6458
6978
6146
6154
6852
6657
6380
6154
6605
6622
6992
6154
7113
6631
6426
7148
6788
6349
6238
6288
7107
6303
6705
6594
6190
6976
6409
6746
7047
7133
6628
6146
6146
7162
6768
6587
6495
6575
6164
6588
6421
6846
6194
7081
7154
6556
6590
6585
6310
6638
6948
6741
7156
6715
6818
6450
7081
7155
6661
6220
6244
6855
6304
6969
6447
6705
6660
6329
6437
6935
6622
6802
6834
6487
6320
7085
6332
6322
6778
7090
7125
7133
7014
6925
7125
6492
6922
6167
6194
6605
6671
6881
6684
6434
6597
6448
6874
6887
6783
6346
6568
7118
6886
6731
6436
6630
6691
7132
6711
6293
7063
7090
7132
6434
6778
6746
6660
6788
6374
6584
6437
6907
7133
6448
7133
6638
7081
6813
6918
7133
7133
6297
6897
6329
6224
6585
6621
6167
7100
6615
6553
6995
6220
6211
6802
6478
6553
6369
6146
6732
7133
6749
6271
6204
6865
6807
6648
6276
6894
6242
6844
6705
6553
7140
7154
7061
7058
6554
6313
7063
6585
6294
6204
7127
6605
6615
6638
7167
6509
6346
6534
6553
6508
6487
7133
6542
6598
7112
6813
6534
6460
6304
6960
7028
6837
6179
6423
6349
6912
6958
6812
6851
6288
6375
7009
6542
6346
6807
6621
6759
7120
6621
6910
6969
7029
6504
6509
6735
6843
6440
6560
7148
6814
6894
6242
6778
6631
6154
7166
6657
6779
6329
6204
6675
6418
6505
6582
7040
6807
6469
6249
6670
6807
6623
7077
6516
6462
7004
6830
6516
7004
6180
6377
6920
6921
7132
6879
7000
6603
6249
6615
7085
6817
7139
6386
6969
6951
7081
7119
6789
6421
6756
6778
6541
6646
7154
7131
6382
7024
6188
6530
6153
6542
6958
6663
6216
6593
6741
6216
6593
6544
7061
6657
7079
6742
7116
6802
7107
9225
7660
7411
8005
7992
8038
7382
7590
7472
7484
8094
7912
7962
7566
7659
7800
8031
7754
8174
7858
7461
7991
8131
8109
7764
8106
7508
7734
8106
7967
7731
7623
7320
7882
7818
8112
7952
7788
7549
8117
8166
7715
7773
7694
7932
7807
7816
8035
7954
7236
7411
7549
7216
7715
7450
8106
8028
7740
7828
8029
7910
7818
8031
7696
7715
7612
8076
7320
7730
7206
7335
8168
8165
7450
7664
7919
7948
7480
8181
7942
7556
7889
7879
7298
7556
7910
7652
7754
7638
7747
7671
7412
7487
7963
7932
8003
7766
8034
7472
7916
7184
8174
7983
7290
7207
8128
8106
7654
7732
7519
8118
8022
7991
7754
8164
7796
7517
8075
7755
7311
7773
7812
7322
8155
7737
7669
7557
7317
7574
7311
8165
8004
7326
7838
7845
7838
8043
7905
7880
7661
7663
7481
7843
7412
7396
7660
7718
7586
7574
7954
7951
7954
7792
7533
7528
8043
7356
7774
7720
8104
8112
7974
8104
7492
7753
7774
7794
7948
7612
7815
7590
7636
7912
7842
7510
7199
7948
8031
7753
7311
7518
8112
7911
7518
7648
7275
7612
7354
7275
7754
8162
7275
7590
8055
8162
8161
7954
7612
7815
7924
7963
8183
8044
7198
7183
7961
7699
8093
7981
7387
8029
8135
8084
7828
7601
7903
7374
7405
8053
8164
7735
7923
8055
8104
7760
7533
7967
7954
7200
7923
8128
8093
8064
7954
7348
7578
8128
8107
8131
7740
7484
7646
7484
7409
7942
8112
8174
8112
7672
8013
7996
7509
8165
7828
8030
7505
8055
7632
8093
7912
7720
8053
7460
7518
8162
7910
8053
8181
8100
7718
7764
7461
7590
8106
7836
7237
7412
8101
8038
7303
7556
7612
7545
7486
7363
8186
7437
8141
7422
7654
7556
7752
8002
7612
7864
7621
7556
7873
7829
8174
8174
8102
8104
7275
7246
8186
7843
8106
7897
7621
7893
8152
7484
7556
7764
7227
7354
7556
8161
7718
7880
7764
7842
7434
7862
7638
7773
8034
7654
7711
7566
7962
7796
7748
7835
7632
8042
7556
7575
8127
8069
7680
7956
7796
7533
7612
7819
7349
8144
7495
8172
8031
7753
8112
7912
7880
7948
7214
7981
7242
7352
7348
7556
7793
7484
8055
7872
7934
7757
7183
8003
7258
8141
7694
7411
7753
8071
7963
8058
7523
7876
7985
7740
7523
7186
8096
8096
7764
7853
8040
7409
8161
7199
7621
7557
7657
7510
7750
8151
8076
8064
8154
7863
7282
7916
7533
7961
7495
7449
7235
7632
8042
7824
7721
7754
7646
7637
8009
7891
8086
7556
7549
7556
7877
8044
7200
8073
7879
7740
7486
7542
7495
7764
8039
7716
7715
8106
7202
7593
8073
7612
7227
7621
7374
7752
7484
7206
7764
8165
7556
7556
8112
7987
7902
7548
7882
8073
8164
7754
7548
7183
8044
8044
7348
7948
7659
8058
7754
7295
7880
7278
7509
8176
7670
7612
7609
8186
8055
7414
7552
7614
7601
7556
8174
7774
7774
7272
7807
8105
7269
7510
8161
8034
7979
7293
8159
7484
8042
7246
7657
7465
7346
8161
7967
7879
7754
8141
8112
7956
8181
7298
7206
8151
8137
7718
7648
8096
7874
7824
7872
7412
7811
7612
8164
7214
7282
7718
7803
7646
7590
7615
8106
8181
7835
8108
7989
8109
7183
7746
7484
7985
8101
7523
8002
7773
8073
7349
8013
7621
7646
7275
7553
7754
7804
7456
8010
7947
7524
7832
7173
8161
8023
7183
7572
7523
7519
7556
8139
7188
7576
7523
7820
7842
7611
8044
7910
8151
7774
7967
7528
8055
8141
7519
7414
7720
7345
8034
8034
7257
7897
7451
8029
8042
7590
7411
8176
8176
7991
7459
7209
7828
7556
7942
7519
8181
8003
7968
8140
8031
7619
7972
7416
8182
8128
7556
7556
7305
7574
8025
7929
7760
7912
7947
7225
7832
7409
7539
7720
7510
7866
7354
7796
8069
7290
7288
7771
7577
7632
7592
8058
8015
7358
8002
7718
7774
8093
8179
7876
8110
7492
8013
7528
7621
7484
7559
7981
8127
7179
7957
8128
7843
7951
8015
7375
7236
7657
7632
8031
7926
8174
7284
8044
8161
7935
7484
7583
7416
7225
7592
8013
7277
7948
7183
7777
8022
7720
7995
7284
8039
7547
7563
7669
7402
7665
8168
7402
7842
8131
7484
7556
8063
7951
7511
7871
7556
7340
7330
7972
7250
7924
7438
7581
7472
8044
8112
8168
8166
7519
8007
7519
8181
7556
7556
7173
7417
7858
7754
7794
7864
7628
7621
8064
8162
7852
7831
7209
7961
7696
7963
7967
7612
8106
7583
7916
7597
7508
7758
7974
7349
7602
7547
7310
9226
8621
9154
8262
8960
8535
8512
8354
8647
8208
8912
8980
8950
8223
8661
8208
9200
9170
8434
8708
8602
8621
8535
8671
9040
9031
9043
9075
8842
8974
8743
8397
9180
8661
9040
9040
8243
8998
8751
9180
8661
8825
8368
8936
8204
8341
8851
8839
8936
9043
8911
8381
8972
8365
8984
8330
9060
8608
8650
8839
8200
8760
8463
8507
9205
8770
8444
8894
9027
9079
8385
8978
8647
8757
8207
8543
8651
8542
8662
8651
9210
9171
8541
9157
8676
8616
9029
9210
8575
9204
9075
9196
8610
9180
9013
8721
8532
9004
9180
8535
8667
8535
8335
8812
8397
8599
8558
8676
8880
8992
8341
8595
8418
8787
9210
8661
8341
8979
8811
9176
8647
9136
9184
9006
9027
9200
8192
9132
8463
8647
8684
8666
8528
8929
8207
9127
8665
8877
9157
8365
8535
8679
8651
9072
8621
8621
8491
8661
8751
9028
8192
9023
9073
8518
9139
8809
9051
8936
8537
9129
8738
8661
8760
8580
8782
8775
8330
8809
9171
8417
9206
8782
8211
8220
8706
8575
9079
8755
9195
8442
8575
9210
8620
8915
9153
8364
8514
9189
9052
9027
8978
8892
8235
9029
8891
8670
8905
8660
9204
9074
8255
8800
8676
8661
9204
8855
9205
9078
8382
8796
8507
9157
8922
8676
9205
8695
8891
9041
9037
8257
8621
9196
8631
8654
8341
8661
9029
8662
8712
9047
8444
8820
8452
9189
8256
8743
9015
9185
8796
9182
8608
9015
9205
8830
8417
9029
8535
9089
8556
8857
8950
8535
9010
8381
8820
9210
8213
8750
8676
9010
8842
8892
8365
8936
8852
8365
8256
9089
8864
9029
8708
8909
8438
8676
8546
8903
8720
8797
8401
8960
9188
9206
8880
8507
8929
9132
8365
9168
8590
8743
8850
8527
8978
8234
8708
8551
9051
8975
9019
9139
8621
8465
8725
9129
9205
8528
8651
8799
9037
8754
8863
8621
8917
9157
9196
8208
8622
8958
9079
8754
8796
8892
8585
8542
8585
9037
9037
8585
8903
8552
9117
9210
9029
9061
8871
8850
8551
8341
9153
8850
8232
9123
8863
9037
8429
8955
9060
8651
8811
8712
8638
9136
8558
8647
8893
8538
8477
9198
8950
8717
9210
8687
8263
9196
8809
8656
8354
9189
8676
8364
8852
8790
8327
8381
9123
8476
8207
8905
9128
9180
8852
8860
9141
8587
8429
8913
8621
9105
8620
8843
8998
8942
8285
8676
8831
8755
8514
8871
8831
8664
8782
8528
8477
8725
8997
8257
8862
9157
8730
8936
8850
8575
9051
8711
8586
8727
8472
8684
8217
9010
8665
9040
8676
8938
8397
8831
8647
8281
8257
8355
8217
9151
9070
8866
9128
8827
8535
8992
8372
8621
8978
8831
9177
8411
8535
8483
9192
8393
8420
9079
8534
8425
8622
9010
9157
8720
8585
8553
8667
8621
8960
8330
8814
8642
8661
8717
8936
8865
8880
9024
8883
8844
8327
9079
9010
8621
8739
9206
8647
8814
8596
9160
8960
9109
9123
8741
8504
8253
8808
8384
8528
8536
8477
8596
9043
8661
8782
8518
8285
8499
8764
9205
8602
9037
8688
8463
9173
8367
8305
9139
8623
8442
9139
8708
8354
8600
9208
8528
9028
8689
8560
9127
8661
9076
9074
8235
9170
8844
8725
9211
8502
9206
8726
8711
8247
8420
8204
8621
9132
8261
8550
9189
9024
8198
8742
8790
8575
9089
9024
9070
8708
8623
8915
9195
8651
8518
8256
9110
9074
8442
9037
8950
8717
8988
8628
8661
9170
8524
9029
8630
8493
9162
8299
8208
8831
9021
8712
9037
8942
8520
8830
8420
9024
8313
8950
8491
9129
9194
8234
8633
9129
8200
8679
9151
9029
8717
8207
8712
9037
8255
8664
8676
9210
8432
8972
9166
8913
8627
8899
9195
9155
9023
8965
8800
9205
8736
8425
8717
9158
8575
9025
8559
8620
8656
9095
8787
8327
8397
8985
9147
8417
8627
8931
8661
8750
8992
8829
8814
8899
8714
9189
8645
8501
8429
8929
8775
8627
8616
8537
8892
9074
8285
8371
8790
8537
8764
8568
8632
8661
9182
8671
8593
8232
9043
8991
8341
9063
8398
8741
9051
8228
8873
8628
8257
8330
8863
9074
8206
8621
9041
8871
8624
8235
8823
8372
9139
8341
8525
9144
8638
8357
8830
8234
8717
9133
8720
8217
8575
8382
8720
8717
9192
9174
8943
8664
8449
9152
9148
8382
8460
8472
8402
8779
8968
9079
9019
8891
8695
8661
9023
8204
9123
8903
8977
8697
8796
8736
8546
8887
8621
8864
8842
9026
8521
8542
9189
8664
9006
8464
9210
8618
9044
8518
8365
8755
8560
8306
8452
8906
8281
8452
8285