9217
9218
360
1005
120
230
143
638
579
380
791
326
445
445
953
953
518
416
35
69
597
713
494
384
680
384
436
957
69
234
518
230
384
645
392
977
595
225
935
996
91
283
91
441
485
250
69
109
164
645
709
71
662
645
264
655
786
930
234
213
299
154
310
230
944
616
230
709
1016
5
818
503
504
482
776
996
230
540
30
193
230
543
655
877
930
204
470
829
598
682
140
894
533
96
932
247
703
5
427
192
320
150
733
196
513
598
513
513
217
762
786
594
257
598
513
115
818
496
529
383
976
383
976
668
709
818
504
579
776
996
450
450
450
206
310
543
343
655
594
289
818
503
574
574
626
69
597
713
91
53
71
234
193
504
482
481
204
97
751
563
818
795
574
626
200
680
450
450
302
281
709
810
655
743
7
34
540
34
782
782
926
579
482
753
105
494
213
91
680
71
905
114
114
34
563
193
597
713
91
655
786
594
753
518
234
3
619
310
1001
717
109
297
34
518
230
1005
504
482
481
123
607
213
281
302
1016
310
543
655
102
594
123
518
371
302
281
250
432
790
914
230
518
1005
392
926
1001
432
176
855
978
946
418
164
816
338
655
786
930
204
940
230
518
645
834
432
790
518
677
123
230
386
984
18
482
481
996
34
518
123
465
159
264
655
786
594
828
726
429
34
926
926
273
404
97
34
97
724
682
259
249
380
791
449
234
283
619
953
127
953
60
777
416
384
154
384
154
392
436
655
877
123
992
213
193
159
431
264
482
481
935
449
61
159
737
159
977
250
717
411
431
638
431
978
429
978
338
957
616
445
518
984
253
119
485
343
655
828
930
1005
213
782
1014
782
579
482
935
449
376
984
737
613
737
250
69
645
164
949
662
949
662
816
834
786
289
1021
487
133
265
662
265
46
786
616
243
487
133
265
3
977
579
482
753
234
61
618
465
613
563
343
370
371
196
281
196
281
302
959
250
41
404
230
946
769
74
485
926
46
88
795
855
795
795
162
91
485
249
482
818
503
1015
518
737
626
737
60
432
626
855
626
384
318
384
5
60
60
318
608
555
318
392
618
563
1001
432
818
855
185
574
618
563
563
18
482
481
753
596
61
618
465
613
111
250
163
753
503
185
253
53
626
338
655
877
930
597
713
91
73
91
91
450
432
371
458
9219
1412
1365
1396
1824
1778
1564
1940
1940
1936
2032
1029
1327
1535
2018
1646
1385
1975
1806
1535
1353
1597
1908
2047
1732
1597
1830
1424
1365
1385
1535
1359
1637
1485
1351
1535
1583
1846
1535
1485
1178
1237
1156
1980
1669
1409
1939
1681
2045
1940
1789
1409
1982
1343
1366
1782
1075
1612
1250
1583
1564
1606
1940
1669
1083
1250
1925
1409
2045
1081
1940
2045
1681
1237
2045
1669
1222
1669
2045
1910
1396
1948
1307
1789
1264
1535
1564
1982
1939
1806
1982
1455
1480
1828
1409
1936
1608
1081
1412
1824
1940
1452
1412
1412
1412
1412
1412
1838
1975
1753
1257
1382
1237
1237
1975
1237
1396
1237
1984
2045
1982
2009
1864
1755
1939
1867
1564
1896
1867
1807
1561
1959
1807
1659
1347
1780
1959
1807
1959
1815
1807
1801
1659
1801
1903
1959
1924
1095
1982
1945
1587
1896
1857
1587
1905
1925
1955
1966
1966
1960
2025
1905
1327
1666
1931
1755
1664
1664
1905
1955
1914
1966
1559
1975
1975
2014
1910
1754
2014
1754
2014
1910
1754
2014
1081
1820
1435
1396
1626
1353
1985
1351
1435
1936
1778
1982
1936
1626
1764
1857
1969
1094
1587
1087
1862
1846
2003
1284
1559
1156
1412
1156
1548
1156
1939
1412
1975
1237
1975
1828
1237
1674
1753
2024
1396
1806
2024
1491
1882
1256
1980
1882
2024
1491
1882
1087
1664
1828
1975
1435
1412
1435
1365
1365
1439
1485
1936
1396
1936
1936
1982
1982
1081
1820
1966
1626
1133
1824
1825
1862
2045
1583
1564
1409
1583
1828
1409
1824
1828
1867
2017
1327
1270
1975
1814
1412
2021
1824
1674
2044
1824
1828
1564
1862
1939
1808
1968
1636
1882
1612
1636
1808
1612
1412
1608
1412
1396
1385
1455
1754
1535
1535
1617
1963
1808
1612
1636
1564
1612
1636
1808
1535
1669
1523
2001
1635
1824
1583
1955
1480
1564
1519
1626
2032
1655
1410
1789
1608
1081
1081
1908
1940
1963
1940
1936
1982
1700
1288
1789
1984
2018
1081
1081
1908
1963
1963
1936
1257
2045
1669
1526
1828
1409
2012
1940
1936
1936
1982
1982
1081
1945
1820
1940
1940
1940
1920
1424
1828
2045
1824
1824
1828
1409
1828
1409
1412
1681
2045
1728
1573
2018
2047
2018
1862
1982
1564
1820
1940
1409
1828
1940
1940
1270
1535
1396
1828
1669
1936
1480
1351
1606
1490
1985
1606
1412
1984
1537
1718
1491
1250
1081
1825
1940
1270
1985
1718
1351
1718
1812
1812
1455
1555
1646
1535
1351
1940
1936
1606
1209
1606
1438
1606
1703
2001
1291
1636
1857
1764
2028
2006
1974
1188
2046
1857
1720
1589
1211
1059
1769
1565
1806
1535
1838
1828
1806
1982
1753
1535
1535
1535
1940
1535
1940
1982
1940
1982
1940
1535
1940
1982
1940
1982
1940
1535
1290
1800
1975
1270
1237
1681
2045
2024
1178
1862
1681
2045
1307
1318
1217
1610
2045
1868
1967
1824
1980
1674
2045
1606
1409
1985
1940
2032
2009
1455
1455
1597
1597
1940
1936
1936
1424
1982
1824
1814
1874
1940
1626
1828
1109
1828
1975
1237
1081
1936
1828
1936
1940
1119
1523
1783
1812
1270
1783
1485
1940
1583
2001
1635
1119
1940
1635
1626
1173
1813
1396
1975
1975
1915
1246
1564
1635
1083
1984
1396
1396
1564
1984
1828
1669
1396
1812
1409
1396
1828
1409
1626
1669
1564
1828
1789
1635
1409
1564
1564
1828
2045
1307
1681
2045
1409
1669
2045
1409
1681
1980
1968
1755
1939
1612
1612
1612
1612
1491
1612
1857
2028
1860
1059
1109
1975
1626
1940
1982
1564
1966
1905
1925
1968
2001
1264
1040
1435
1938
1982
1982
1081
1186
1820
1940
1936
1936
1982
1564
1564
1996
1669
1186
1209
1925
1824
1626
1315
1452
1119
1674
1606
1857
1128
1435
1606
1996
1637
1975
1412
1351
1351
1351
1351
1209
1610
1037
1161
1975
1975
1975
1270
1830
1984
2024
1814
1975
1984
1814
1351
1878
1718
1681
1535
1351
1351
1396
1109
1109
1975
1824
1583
1814
1651
1583
1412
1365
1396
1351
1365
1718
1626
1939
1635
1968
1968
1867
1867
1878
1365
1975
1813
1636
1975
1828
1452
2028
1925
1564
1564
2024
1256
1915
1813
1435
1270
1982
1610
1825
1409
1409
1936
1612
1452
1817
1824
1237
1975
1365
1365
1435
1435
1939
1939
1612
1612
1396
1878
1814
1365
1535
1359
1359
1237
1237
1351
1674
1606
1119
1674
1606
1936
1359
2018
1982
1982
1982
1083
9220
3021
2326
3038
2693
2957
2585
2671
2243
2940
2243
2833
2527
2095
2257
3021
2962
3025
2101
2083
2424
2968
2275
2923
2861
2861
2462
2978
2727
2834
2729
2834
2529
2162
2198
2423
2529
2257
2181
2990
3021
2968
2161
2547
2962
2962
2939
2278
2561
2946
2257
2558
2223
2571
3021
2834
2577
2950
2400
2419
3024
2091
2912
3024
3024
3024
2697
2552
2256
3032
2968
2063
2848
2928
2260
2137
2868
2248
2536
2707
2111
2958
2468
3021
3011
2881
2510
2881
2489
2161
2874
2921
2347
2119
2565
2905
2276
2874
3000
2913
2671
2762
2301
2065
2802
2280
2323
2966
2983
2432
2868
2730
2906
2130
2729
2400
2571
2751
2672
2320
3012
2945
2390
2510
2859
3069
2841
2083
2267
2119
2986
2312
2501
3055
2890
2930
2135
2165
2297
2905
3009
3009
2869
2411
2501
2869
2883
2257
2693
2165
2460
2800
2250
3008
2693
2485
2498
2712
2651
2506
2565
2693
2631
2681
2561
2791
2905
2234
2255
2693
2693
2350
2849
2849
2213
2181
2181
2849
2174
2475
2475
2174
2901
2524
2174
2849
2848
2659
2301
2659
2746
2659
2966
2989
2065
2349
2949
2183
2243
3014
2800
2190
2644
2905
2531
2693
2712
3021
2085
3070
2983
2618
2085
2498
2342
2659
2729
2400
2729
2729
2913
2571
2312
2631
3059
2941
2128
2378
2851
2485
2963
2200
2552
2733
2128
2115
2800
2093
2301
2966
2659
2065
2659
2301
2966
2820
2065
2846
2785
2818
2946
2946
2996
2957
2946
2190
2463
2402
2063
2536
3070
2738
2190
2863
2320
2615
2920
2111
2955
2115
2253
2880
2874
2333
2571
2571
2215
2312
2055
2198
3024
2729
2791
2278
2267
2697
2283
2800
2510
2245
2767
3044
2055
3024
3024
2312
2055
2729
2571
2571
2312
2198
3039
2161
2292
2941
2575
2600
2278
2746
2989
2397
3070
2464
2640
2470
2307
3044
2529
2307
2848
2697
2955
2320
2518
2243
2995
3024
2585
2091
2671
2349
2693
3002
2997
2612
2628
2627
3001
2457
2275
2939
3007
2257
2821
3035
2762
2349
2190
2190
2464
3000
2921
2561
2767
2844
2181
2489
2510
2644
3028
2868
2705
2733
2703
2272
2958
3012
2818
2644
2741
2453
2671
2133
2460
2705
2415
2808
2412
2208
3021
3063
2635
2818
2892
2462
2585
2671
2844
3045
2260
2575
2631
2767
2478
2883
2697
2956
2121
2740
2912
2588
2932
2121
2054
2079
2890
3058
2109
2222
2756
2343
2250
2168
2121
2719
2632
2064
2811
2478
3011
2061
2305
2090
2735
2148
2211
2874
2330
3065
2300
2837
2647
2489
2723
2647
2097
2492
2320
3017
2956
2100
2091
2792
2283
3022
2200
2309
3021
2861
2861
3035
2132
3035
2941
2962
2561
2096
2830
2397
2635
2096
2880
2962
2937
2905
2861
2407
2861
2861
2941
2693
2861
2397
2371
2962
2337
2498
2249
2741
2962
2962
2277
2347
2717
2619
3032
2854
2890
2510
2890
2349
2168
2884
2912
2190
2978
2918
2769
2085
3012
2798
2552
3035
2849
2133
2394
2330
2705
2833
2552
2452
2868
3000
2815
2162
3035
2833
2115
2833
2359
2267
3003
2211
2379
2211
2955
3000
2451
2969
2525
2702
2764
2791
2590
2190
2912
2365
2944
2874
2501
2944
2829
2579
2738
2949
3025
2137
2913
3035
3035
2156
2572
2430
3009
3007
2868
2540
3035
2700
2137
2510
2519
2901
2700
2945
2915
2224
2848
3042
2423
2727
2884
3028
2519
2181
2540
2506
2955
3009
2211
2181
2519
2635
2307
2712
3035
2957
2362
2307
2307
2307
2716
2055
2412
2936
2946
2635
2796
2485
2402
2775
3008
2412
2412
2412
2411
2884
2884
3039
2849
2565
2849
2190
3054
2192
2421
2849
2190
2840
2820
2820
2820
2628
2421
2828
2859
2312
2055
2096
2312
2434
2571
2337
2571
2571
2905
2958
2400
2347
2832
2700
2400
2400
2834
2834
2406
2432
2915
2088
2604
2147
2065
2301
2659
2320
3008
2065
2820
2253
3046
2065
2937
3065
3065
2968
2301
2966
2849
2525
2966
2966
2065
2065
2065
2820
2065
2659
2820
2348
2301
2065
2644
2065
2065
2489
2820
2916
2340
2861
2883
2937
2820
2966
2065
2181
2966
2966
2659
2860
2971
2119
2672
2156
2368
2340
2857
3012
3035
3035
2579
3035
2321
2156
2916
2936
3032
2837
2579
2137
2859
2854
2235
2659
2966
2065
3041
2820
2261
2659
2936
2659
2966
2965
2820
2054
2571
2834
2400
2571
2571
2571
3024
2571
2571
2419
2671
2349
2349
2821
2820
2190
9221
3188
3704
3879
3515
3494
3640
3581
3264
3937
3783
3970
3821
3818
3587
3157
3256
3840
3875
4090
3809
3085
3608
3963
3256
3730
3231
3847
3888
3796
3836
3732
3485
3836
4003
3703
3885
3888
3609
3104
3592
3933
3739
3513
4013
3797
3231
3188
3860
3801
4055
3530
3368
3512
3668
3977
4005
3081
3621
3363
3844
3509
3232
3232
3533
3080
3232
3839
3533
3202
3931
3333
3281
4064
3701
3579
3205
3465
3179
3719
3254
4084
3458
3536
3153
4020
3716
3414
3555
3229
3691
3878
3536
3952
3804
3536
3707
4051
3687
3579
3430
3707
3291
4059
3449
3211
3711
3635
3582
3711
3590
3534
3130
3607
3463
3784
3677
3740
3845
3460
4016
3246
3339
3526
3663
3933
3436
3444
3872
3949
3903
4056
3557
3280
3950
3802
4077
3990
3727
4072
3982
4008
3999
3368
3300
3777
3931
3463
3856
3265
3795
3077
3327
3506
3657
3300
3777
3976
3909
3862
3777
3654
3786
3592
4059
3300
3950
4010
3265
3094
3869
3582
3466
3567
3432
3812
3977
3801
3590
3129
3865
3421
3590
3588
3408
3465
3588
3168
3432
3526
3444
3377
3872
3413
3784
3449
3264
3291
3890
3508
3982
3166
3428
3259
3780
3592
3937
3547
3152
3685
3685
3171
3685
3685
3606
3648
3676
3582
3463
3473
3999
3573
3676
3143
3177
3575
3165
3398
3739
3716
3556
3314
3503
3080
3733
3420
3672
3870
4068
3447
3436
3570
3158
3440
3287
3997
3872
3338
3684
3291
3264
3730
3165
3224
3555
3673
3664
3403
3095
3608
3736
3801
3913
4027
3704
3985
3684
3231
3343
3684
3684
3762
3401
4035
3578
3601
3517
3859
3536
3814
3607
3359
3456
3581
3747
3166
3810
3875
3768
3488
3198
3596
3986
3490
3506
3408
3635
3854
3229
3509
3567
3633
3760
3719
3719
3085
4077
3979
3913
3909
3556
3684
3742
3596
3739
3839
3699
3400
3603
3967
3188
3555
3925
3831
3660
3787
3773
3338
3610
3515
3504
3398
3152
3462
3259
3829
3844
3949
3371
3821
3608
3339
4027
3503
3205
3148
3707
3508
3264
4064
4064
3747
4008
3265
3305
3970
3473
3883
3534
3580
3885
3305
3802
3990
4084
3522
3272
3533
3739
3276
3542
3935
4017
4030
3752
3420
3921
3921
3462
3480
3202
3492
3401
3819
3505
3300
4077
3275
3413
3581
3949
3460
3496
3186
3881
3875
3335
3862
3494
3413
3542
3602
3175
3415
3133
3073
3846
3208
3175
3292
3754
3467
3929
3314
3771
3166
3738
3369
3675
3724
4067
3649
3608
3531
3208
3340
3659
3710
3606
3334
3743
3967
3107
3517
4091
3133
4052
3843
3245
4053
3073
3235
3982
3790
3826
3682
3727
3208
3876
3078
3967
3757
3872
3967
3208
3967
3967
3533
3967
3103
3157
3822
3157
3882
3084
3967
3967
3967
3177
3967
4077
3967
3967
3539
3930
3851
3180
3354
3875
3974
3207
3304
3598
3844
3608
3740
3425
3814
3111
3872
4030
3453
3432
3729
3329
4067
3908
3154
3900
3851
3507
3837
3826
3183
3465
3834
4016
3685
3590
3888
3647
3237
3590
3812
3237
3283
3623
3736
4038
3078
3719
3133
3877
3935
3934
3672
3967
3716
3674
3979
3719
4056
3719
3179
3751
3719
4027
3548
3580
3909
3369
3179
3979
3580
3712
3728
3244
3875
3819
3929
3999
3913
4085
3231
3728
3413
3244
4000
3933
3928
3511
3555
3928
3152
3801
3376
3928
3465
3742
3493
3535
3991
3521
3857
3951
3688
3152
3179
4043
3375
4006
3496
3365
3728
3288
3132
3777
3698
4067
3307
3307
3788
3582
3307
3307
3682
3618
3943
3208
3473
3957
3506
3945
3716
3352
3987
4073
3644
3491
4020
3862
3937
3963
3091
3313
3555
3359
3323
3165
3323
3091
3929
3673
3291
3370
3647
3250
3740
3540
3732
3385
3864
3728
3923
3703
3307
3857
3558
3122
3287
3164
3492
3152
3354
3293
3590
3979
3466
3354
3913
3836
3208
3704
3957
3219
3779
3364
3963
3675
3716
3684
3652
3235
3862
3684
3979
3439
3580
3280
3684
3077
3507
3225
3216
3149
3580
3649
3095
3641
3684
3404
3300
3684
3648
3921
3957
3953
3715
3684
3862
3307
3231
3809
3322
3265
3459
3608
3077
3269
3684
3684
3237
4038
3231
3918
3558
3438
3662
3339
3074
3231
3788
3269
3269
3843
3800
3647
3288
3313
3219
3307
3507
3293
3809
3684
3339
3288
4091
3570
3989
3957
3932
3878
3819
3862
3999
3164
3473
3473
3485
3072
4085
3406
4085
4085
3536
3883
3504
3432
3370
3827
3997
9222
4470
4428
4595
4595
4246
4256
4906
4134
4899
4439
4556
5036
4249
4103
4998
4846
4117
4791
4587
4099
5099
4525
4235
4899
5039
4263
4850
4197
4719
4392
5032
4494
4264
4264
4727
4890
4153
4843
4327
4739
4788
4414
4987
4677
4448
4292
5054
4766
4264
4605
4122
4846
4661
4741
5100
4645
4797
4259
4307
5046
5096
4307
4335
4259
4259
4728
4494
4358
4397
4202
4439
4414
4526
4886
4953
4748
4207
4459
4952
4839
4895
4827
4763
4711
4132
4815
5077
4325
4573
4447
4156
5028
4121
4914
4315
4421
4443
4540
4918
4243
4451
4578
4554
4193
4386
4918
4285
4578
4522
4846
4187
4715
4591
4234
4427
4496
4276
4167
5030
5087
4700
4616
4429
4120
4728
5042
4706
4678
4616
4697
4384
4422
5067
4244
4766
4934
4384
4756
5047
5029
4732
4820
5029
5118
5094
4983
5028
4538
5028
4885
4660
4782
4947
4354
4800
4120
4817
4800
5056
4810
5110
4368
5042
4893
4285
4713
4705
4447
4677
4864
4411
4137
4641
4951
4126
4254
4210
4753
4790
4841
4807
4807
4496
5098
4339
4855
4715
4705
4743
4804
4201
4473
4970
4641
5032
4419
4613
4100
4245
4457
4854
4197
4690
4650
5044
4994
4601
4804
4457
4764
4523
4881
4098
4549
4549
4234
4591
4408
4727
4939
4472
4836
4915
4820
4623
4638
4437
4766
4274
4255
4533
4478
4983
5099
4977
5000
4122
4766
4478
5070
4187
4804
4647
4715
4283
4477
4855
4256
4804
4210
5119
4820
5119
4770
4299
4990
4741
4414
4374
4412
4196
4961
4349
4684
4855
4611
4952
4629
4285
4418
4481
5068
4137
4786
4918
4427
4728
4914
4268
5097
4651
4620
4712
4885
4488
4339
5011
4953
4376
4494
4833
5020
4616
4419
4706
4578
4304
4915
4727
4728
4283
4942
4567
4268
4743
4791
4248
4712
4508
4615
4498
4453
4733
4539
4472
4411
4485
4436
4678
4364
5018
4501
4952
4937
4567
4873
4268
5028
4138
4465
4744
4256
4874
4782
4670
4494
4439
4414
4474
4239
4821
4826
5070
4838
4729
4666
4291
4633
4824
4586
4120
4786
5119
4855
4447
4961
4335
4460
5018
4810
4456
5094
4830
5018
4519
4936
4966
4692
4965
4285
5049
4888
4875
4306
4540
4099
4765
4193
4670
4942
4316
4447
4426
4856
4120
4994
4806
4864
4494
4899
4316
4943
5018
4733
4286
4494
4916
4673
4193
4670
4535
4135
4732
5038
5078
5075
4966
4529
4456
5023
4126
4151
4375
4546
4188
4511
4584
4178
4806
4597
4217
4377
4345
4801
5031
4662
4136
4952
4801
4376
4497
4620
5056
4758
4533
4732
4408
5049
4447
4447
4422
4629
4167
4676
4175
4967
4260
5048
4127
4641
4153
4242
4140
4194
4524
4412
4855
4541
4296
4414
4643
4768
4686
4164
4767
4257
4713
4855
4830
4948
4845
5105
4629
4137
4135
4553
4366
4619
4316
4247
4629
4241
4230
4143
4846
4994
4122
4244
5027
5027
5009
4256
4605
4556
4812
4850
5034
4296
4121
4990
4243
4414
4239
4634
4663
4487
4800
4494
4888
4584
5050
4145
4370
4633
4256
5087
4363
4414
4632
5049
4745
4723
4714
4633
5077
4414
4952
4820
4776
4119
5077
4675
4937
4505
4418
4973
4636
4673
4952
4660
4715
4368
4714
4885
4739
4616
5067
5008
4436
4379
4637
5009
5049
5011
4743
4732
4171
4961
4248
4496
4539
4399
4662
4748
4292
4462
5005
4707
4777
4633
4663
4346
4382
4527
4700
4952
4730
4299
4743
4249
4676
4952
4743
4791
4538
5018
4758
4706
4157
4184
4134
5007
4446
4801
4924
4296
4506
5068
4855
4292
4720
4550
4201
4763
4864
4335
4927
4508
4714
4164
4799
4660
4774
4689
4973
4660
4256
4804
4648
4292
4460
4211
4385
4571
4451
4710
4765
4454
4908
4906
4908
4694
4558
5041
4792
4918
4759
4550
4619
4774
4564
4516
4125
4468
4829
4585
4645
4485
4313
4306
4459
4363
4349
4420
4855
4855
4994
4106
4862
4159
4897
4804
4961
4240
4855
4897
4432
4855
4620
5103
4806
4990
4894
4158
4442
4137
4414
4921
5068
4388
4692
4337
4715
4193
4817
4832
4422
5003
4393
4855
4481
5059
4730
4646
4855
4469
5038
4322
4639
4980
4264
4629
4662
4633
4274
4426
4437
4855
4346
4890
4201
4155
4494
4519
4587
4810
4253
5059
4726
4697
4122
5073
4375
4968
4787
4855
4472
4247
4805
4805
4255
4420
4848
4501
4817
4414
4419
4942
4854
4976
4349
4545
4915
4875
4893
4806
4443
5047
4660
4256
5047
9223
6016
5440
5938
5290
5804
6064
5749
5640
5777
6036
5888
5730
5467
5675
5410
5934
5346
5316
5768
5325
5559
5127
5725
5739
6012
5324
5848
5180
5978
5704
5266
5467
5180
5630
6057
5262
5285
5410
6133
5988
5452
5127
5664
5416
5482
5120
5933
5483
5225
5183
5874
5436
5652
5632
5804
6023
5764
5823
5367
5273
5567
5341
6062
5630
5908
6086
5894
5534
5670
5608
5734
5434
6031
5773
5288
5536
5258
5530
5553
5869
5825
5585
5123
6037
5304
5874
5587
5619
6066
5808
5936
5559
5199
5372
5595
5470
5165
5241
5475
5585
5595
5830
5454
5330
5512
5719
5289
6137
5784
5154
5338
5474
5505
6079
6095
5549
5124
5915
5181
5623
5555
5188
5752
6110
5834
5573
5997
5533
5563
5497
6039
5984
5962
5910
5474
6078
5967
5555
5220
5951
5209
6104
5318
6004
5956
6027
5381
5536
5665
6125
5611
5929
5665
5553
6066
6092
6103
5834
6027
5811
6012
5149
5462
6028
5514
5414
6131
5466
5757
6027
6012
5528
5626
5362
5812
5626
5380
5871
5656
6060
5372
5987
5362
5987
5416
5375
5164
6115
5308
5632
5125
5881
6137
5432
5565
5640
5251
5168
5433
6032
5453
6009
6051
5575
6133
6115
5379
5522
6013
5241
5330
5851
5329
5687
5664
5687
5715
5210
5518
5379
5715
5615
5806
5843
6091
5265
5529
6107
5684
5617
5653
5916
5985
5486
5145
6069
5461
5474
5881
5944
5475
6115
5221
6137
5548
5197
5492
5274
5708
5677
5329
5571
5199
5869
6131
6045
5260
6010
5258
5810
5496
6059
5959
5511
5755
5339
5740
5304
5908
5425
5998
5375
5623
5351
5585
5916
6027
5410
6064
5177
5752
5210
5410
6143
5524
5364
5675
5929
5715
5125
5886
5731
5516
5249
5587
5197
5952
5556
5302
5793
5185
6091
5903
5573
5125
5139
5517
5888
5914
5640
5157
5188
5937
5355
6090
5400
6040
5727
6137
5228
5657
5896
6137
5431
5444
5179
5666
5899
5813
6095
5970
5793
5690
5617
6134
5409
5359
5364
5512
5747
5179
5570
5603
5702
5643
5989
5886
5702
5774
5730
5708
5665
5516
5391
5855
5403
5941
6071
5538
6009
5466
5331
6042
5837
5760
5408
5993
5279
5839
5331
5849
5616
5288
5639
5384
5415
5255
5474
5415
5406
5863
5754
5596
5141
5733
5691
5218
5898
5725
5205
5165
5894
5720
5235
5364
5431
5958
5711
5307
5708
5941
5187
5136
5784
5526
5825
5818
5735
5949
5974
5454
5482
5986
5309
5812
5362
5243
5420
5120
5329
5179
5284
5176
6097
5733
5813
5590
5801
5141
5373
6078
5827
5161
5458
5218
5941
5412
5853
6012
5703
5666
5372
5731
5465
5141
5463
5938
5322
5725
5736
5222
5985
5452
5348
5825
5316
5768
5316
5285
5563
5768
6047
5768
5562
5768
5316
5617
5316
5470
5248
5733
5316
5203
6107
6062
5236
5421
5185
5419
5683
6099
5214
5420
5536
5804
6015
5970
5904
5476
5400
5156
5829
5942
5475
5812
5577
5823
5228
5445
5362
5562
6040
5235
5861
5823
5687
6084
6099
5165
5542
5301
5666
5324
5564
6022
5400
5730
5548
5260
5867
5372
5506
5894
5734
5456
5219
5456
6137
6019
6090
5730
5487
6102
5846
6078
5929
5607
5694
5842
6077
6013
5517
5974
6027
5843
5141
6106
5598
5623
5128
6010
5481
5410
5978
5780
5461
5814
5801
5583
6131
5211
5578
6091
5986
5410
6136
5270
5219
5812
5849
6011
6134
6107
5128
5305
5997
6073
5366
5305
5305
5420
5437
5762
5203
6073
5148
6041
5607
6086
6086
6086
6086
5631
5816
6027
5950
6007
5658
5202
5715
5734
5199
5559
5641
5502
5908
5414
6086
5908
5890
5870
5824
5214
5397
6056
5164
5913
5825
5324
5564
6012
6060
5173
5603
5601
5231
5481
5747
5978
5539
5795
5254
5410
6107
6051
5708
6001
5150
5812
5307
5569
5813
5904
5835
5728
5410
5897
5796
6100
5233
5332
5313
5531
5269
5379
5276
5868
6009
6134
5854
5548
5663
5890
5842
5582
5276
5198
5716
5288
5994
5248
5387
6047
6090
5829
5382
5840
5434
6090
5445
5585
5217
5477
5987
5686
5663
5491
6006
5988
5733
5333
5136
5589
5519
5489
5747
5658
5739
5288
5598
5618
5288
5162
5675
5963
5555
5531
5200
6134
5381
5935
5210
5899
5686
5226
6130
5345
5228
5388
5745
5978
6090
6033
5291
5842
5987
5314
5548
5667
5740
5725
5859
6137
5684
5123
6079
5410
5719
5625
5130
5481
5630
5587
5388
5493
6039
5241
5925
6035
5632
5608
9224
6316
6450
6766
6853
7022
6304
7000
6252
6257
6285
7064
6207
6956
6799
6262
6414
6745
6642
6708
6698
6462
7004
6881
6297
6991
6351
6370
6531
6629
7017
7132
6741
7110
6407
6855
6812
6435
6574
6318
7054
7013
6533
7143
7141
7096
6266
6292
6569
6922
6782
6261
6888
6645
6258
6217
6998
7057
6387
6548
6919
6167
7133
7043
6374
6559
6568
6798
6558
7101
6996
6169
6938
6807
6902
7123
7087
6803
6168
6228
6708
6957
6942
6955
6531
6177
6938
7150
6400
7143
6984
6885
6147
6147
6169
6981
6206
6313
6772
6349
6189
6329
6314
6858
6578
6211
6992
6214
6328
7151
6857
6812
7131
6568
6881
6499
7104
6349
7078
6516
7054
6830
6339
6249
6277
6528
6189
6736
6482
6368
6895
6621
6705
6250
6307
6995
7148
6890
7014
6437
6570
6741
6633
7113
6854
6325
6241
6316
6566
6289
6741
6378
6240
6531
6406
6581
7067
6303
6240
6729
6848
6925
6812
6291
6698
6531
6812
6491
6238
6998
6303
6436
6968
6978
6304
6269
6230
6856
6476
6236
6373
6236
7055
6946
7030
6197
6436
6385
6904
6482
6823
6380
7003
7042
6298
6769
6882
6234
6972
6374
6682
7022
6443
6303
6535
6815
7061
7054
6298
6896
6561
6595
6577
6234
6291
6644
7008
6514
6923
6582
6671
7063
7045
6271
6769
7039
6460
7101
6917
6481
6373
7000
6550
6584
6967
6577
7088
6801
6434
6714
6862
6168
7051
6168
6714
7107
6796
6950
6681
6543
6857
6488
6636
6972
6437
6531
6171
6965
6361
7133
6661
6460
7159
6183
6377
6697
6894
6535
7107
6802
6904
6327
6830
6179
7121
6242
6825
6177
6901
6801
6714
6214
6484
6758
6929
6778
6194
6788
6892
6480
7142
7067
6463
6496
7038
6146
6252
6262
6589
6544
6410
6557
6482
7164
6631
7030
6769
6558
6450
6573
6801
6797
6607
6620
6169
6848
6700
6709
6958
7008
6175
7122
6944
6765
6793
6541
6227
6677
6505
7100
6710
6328
6275
6234
7051
6584
6252
6794
6779
6992
6739
6288
6183
6775
7088
6603
6685
6206
7050
6807
6483
6190
6928
6738
6419
6497
6566
6623
7128
6645
6231
6768
6201
6189
6537
6729
7052
6741
6190
6894
6195
6812
6419
6549
6171
7013
6610
6987
6256
6181
6944
6151
6286
7041
6346
6582
6553
6968
6732
6473
6677
6641
7045
6294
6266
7068
6779
7002
6434
6472
6480
7003
6538
6516
6418
6820
6298
6618
6642
6983
6419
6859
6818
6415
6818
6873
6399
6646
6340
6417
6164
6566
6540
6447
6175
7071
6711
6454
6410
7031
6206
6603
6405
6204
6391
7038
7111
6460
6585
6590
6523
6834
6505
7088
6674
6232
6872
6981
6198
7030
7131
7054
7054
7002
7049
6646
6292
6863
6541
6471
6530
6616
6977
6782
7122
7101
6534
7114
7094
6739
6648
6812
6344
6376
7026
6543
6252
6647
6345
6963
6181
6555
6588
6386
6237
6500
7147
7044
6228
6758
7088
6479
6202
6413
7165
6798
6366
6531
6794
6603
6938
7093
7118
6706
6552
7077
6727
6648
6235
6277
6513
6603
6620
6880
6889
6809
6996
6314
6300
6276
6760
6483
6853
7164
6489
6708
6568
6474
6511
7146
6586
7055
7021
6290
7122
6873
6616
7165
6961
6975
6369
6857
6991
6318
7045
6820
6997
7099
6759
6484
6901
7165
7012
6671
6188
6843
6675
6970
6538
6518
6201
7065
6531
6636
6389
6292
7087
6474
7087
6460
7024
6949
7088
6595
6316
6258
6203
7133
6247
7112
6722
6318
6289
6998
6318
6940
6205
6888
6868
6628
7001
6801
6815
7101
6812
7049
6329
6266
7122
7062
6540
6818
6813
6897
7058
6252
6646
6538
6711
6530
6902
6616
6772
6377
7107
6581
6824
6898
7064
7165
6685
6616
6146
6654
6305
6351
6902
6531
6684
6854
6961
6535
7091
6453
6645
6928
6970
7095
6902
7027
6383
6344
6949
7080
6252
6593
6849
7143
6466
6616
6476
6684
6740
6474
6403
6168
6495
6914
6642
6549
6714
6310
7122
6674
7078
6950
6269
6409
6714
6261
6669
6607
6590
6200
6977
6806
6745
6210
7107
6706
7158
6264
6432
6765
6235
6867
6882
6304
6537
6815
6204
7101
6895
6192
6298
6800
6524
6616
6952
7078
6578
7030
6234
6552
6903
6987
7154
6870
7002
6549
6481
6376
6812
6648
6311
7142
6537
6553
6728
6272
6377
6857
6773
7013
6714
6996
6867
6875
6166
6538
7158
7166
6412
7115
6873
6930
7107
6347
6897
6324
6466
6304
7101
7119
6604
6160
6190
7052
6996
6538
6731
6628
9225
7931
7217
7820
8098
7672
7924
8083
7449
7564
7988
7669
7410
8100
7634
7646
7508
7577
7341
7895
8189
7593
7802
7844
7792
7750
7294
7690
7348
7794
7319
7444
7648
7198
7636
7414
7731
7979
7734
7843
7398
7614
7392
7516
7219
8128
7275
7292
7180
7491
7793
8175
7689
7349
7550
7203
7988
7980
8184
7903
7661
7519
7838
7682
7168
7346
7192
7402
7374
7183
8172
7760
8102
7691
7849
7506
7657
7941
7784
7971
7847
7623
8015
7771
7629
8134
7584
7567
7827
8184
7618
7244
8172
7919
7564
8008
7741
7909
7880
7935
7935
7812
8132
7649
7877
7602
7413
7228
7906
7877
7214
7721
8159
7422
7852
7747
7530
7969
7713
8181
7531
7741
8127
7275
7409
7438
7753
7174
8010
7967
7987
7499
7421
7669
7752
7377
8044
7356
7958
7916
7492
8010
7411
7761
7968
8112
7282
8052
7283
7613
7697
7968
7625
7574
7564
8101
8096
8035
7282
7590
7956
8002
7636
7294
7209
7245
7897
7519
7451
7897
8109
7499
7483
7302
7812
7470
7773
7396
7377
7636
7706
7844
7333
7857
7253
7951
7977
7553
7201
7859
8127
7583
7762
7775
7654
7842
7248
7467
7836
7831
8029
7532
7866
7366
7841
7747
8015
7968
7514
7356
7263
7506
7748
7906
7877
8019
7906
8140
7758
7844
8010
7563
7356
7566
7766
7298
7625
7188
7754
7733
7956
7259
7399
7845
7577
7374
7953
8142
7328
7871
7849
7757
7942
7654
8052
7791
7168
7849
8153
8160
7432
7793
8147
8186
7661
7477
7555
7898
7540
7462
7878
7856
7183
7639
7204
7747
8149
7195
7654
7536
7774
8167
7867
7572
8185
7661
7171
7426
7824
7661
7800
7559
7568
7622
7583
7979
8172
7290
7503
7330
7953
7856
7693
8091
7503
7642
7186
7529
7537
7753
7830
7917
7915
7204
8058
7588
7930
7597
7513
8062
8074
7301
7301
7909
7776
8165
8058
7554
7520
7977
7912
7838
8149
7601
7882
7506
7762
8033
8176
7528
7988
7674
7454
7498
7691
7893
7653
7269
7737
7515
7601
7908
7672
7572
8077
7947
7961
7893
7899
8059
7195
7748
7533
7661
7988
7296
8139
8114
7934
8020
7865
7928
7296
7995
8094
7930
7586
7851
7217
7981
7213
7660
8015
7872
7931
8015
7314
7467
7245
8080
8035
7808
7953
7784
7865
8082
8175
7591
8024
7456
7304
7183
7356
7170
7958
7948
7790
7960
8003
7517
7818
7763
7304
7977
7195
8148
7222
7806
8046
8043
7803
8132
7332
7995
7409
7866
8150
7419
7352
7669
7748
7625
8182
7534
7509
7419
7761
8007
7511
7356
7426
7466
7340
7498
7493
7758
7378
7246
7682
8146
8174
7246
7206
8109
7884
7924
7414
8017
7619
7310
8178
7195
7748
8141
7958
8172
7421
8111
7198
7823
7625
7352
7807
7951
7508
7559
7909
7909
7909
7258
7608
7823
7929
7356
7352
7352
7485
7658
7576
7996
8082
7824
7617
7996
7896
7988
8059
7240
7583
7968
7922
7899
7531
7961
7586
7856
7182
7501
7538
8153
8059
7744
7693
7882
7985
8027
7822
7750
7258
7528
7283
7607
7513
7491
7974
7282
7555
8115
7377
7993
7611
7324
7795
7183
7951
7203
8173
7836
7792
7814
7763
7751
7925
7637
7293
7874
7258
7326
7566
7905
7581
7862
8001
7929
7228
7250
7419
8004
8053
7345
7446
8035
7243
8082
7750
7757
7279
8160
7595
7851
8008
8048
7320
7983
7905
7976
8108
7573
7422
7430
7979
7622
7557
7794
7845
7657
7349
7579
7349
8041
7519
8094
7349
7538
7760
7760
7669
8114
8113
8087
7892
8174
7235
7515
7192
8071
7962
7330
7765
7228
7824
7694
7978
7661
8015
7833
7933
7784
7989
7773
7691
7405
7877
8185
7573
7320
8009
8056
7310
8186
7525
7410
7788
7628
7883
8165
7557
8181
7788
8143
7719
7521
7442
7310
7949
7422
8071
7343
7416
7204
7747
7759
8160
7661
7329
7661
7659
8033
7533
7298
7378
7930
7803
7490
7611
7294
7786
7396
8100
7899
7984
8025
7877
7527
8105
7867
7413
7333
7979
7195
7905
7399
7903
7270
7851
8157
7304
7959
7849
7513
7195
8141
8006
7969
8141
7680
8089
7757
8093
7897
7617
7962
7822
7332
7324
8063
7430
7168
8015
7538
7579
7976
7630
7948
7787
7392
7579
8035
7499
7335
7195
7650
7736
7308
7851
8152
7897
7961
7865
7515
7258
7270
7356
7944
7998
8100
7714
7962
7900
7265
7470
8184
7363
7170
7849
7740
8054
7943
7614
7930
8106
7568
7747
7844
7881
7566
7971
8005
7556
7474
7616
8055
9226
8850
8285
9182
9058
8299
8898
9095
8943
8760
9056
8556
8307
8554
8419
8323
8553
8600
8754
8550
9127
9160
9201
8695
8441
8858
9196
8665
8421
8392
9128
8543
8220
8880
8717
8280
8788
8814
9188
8607
8742
8230
8353
9093
8846
8933
9154
8263
8705
9110
8384
8842
8677
8945
8448
8493
8531
8349
8995
9062
9215
9189
9040
8549
8422
8804
8908
8538
8303
8658
8606
8426
8419
8528
8419
8234
8538
8721
8551
8512
8516
8329
8993
8958
8860
8965
8453
8993
8718
8344
8356
8688
8851
8945
8650
9097
8440
9095
8960
8427
8340
9079
8557
9169
8689
9086
8482
8821
8330
8411
8668
9048
8574
8898
8213
8717
8975
8963
8384
8662
8755
8620
8479
8738
8411
8788
8341
8204
9108
9132
9042
8571
8507
8488
8960
8717
8398
8341
8395
8444
8434
8960
9112
9205
8931
9196
8809
8817
8947
8507
9090
8436
8587
8365
8752
8507
9197
8960
8514
8786
8507
9204
8744
9159
8557
9060
8836
8892
8507
9067
8660
8200
9019
8525
8723
9040
8734
9007
8373
8692
8472
9029
8930
8472
9106
8906
9016
8843
9108
8915
8804
8770
8484
8771
8638
8315
8969
8520
8980
9047
8192
8901
8608
8926
9202
8809
8463
8472
8714
8273
8968
8898
8520
8717
8635
8385
8788
8528
9126
8609
8838
8618
8907
8235
8382
8520
8630
8995
8990
8339
8308
8991
8620
8712
9197
8848
8700
8825
8945
8426
9099
8739
8550
8330
8582
9013
8860
9137
8386
8200
9207
8370
8486
8406
8204
8500
8329
9073
8896
8790
9104
8871
8909
8870
9171
8355
9047
9032
9051
8807
8825
9107
8898
9031
8248
9116
8925
9043
8697
9163
8899
8553
8907
8428
8782
9056
8480
8998
8811
8905
8616
8687
8711
9021
8918
8974
8490
8339
8680
8249
8779
8537
8352
8360
9153
8248
8831
9125
8845
8265
9180
8852
8579
9021
8608
8327
9090
8398
9198
8440
8917
8705
9095
8629
8431
8449
9035
8549
8717
8507
8307
8915
9113
8738
9206
8625
8503
9062
9143
8426
9011
9044
9189
8970
8354
8857
9122
8617
8472
8522
9071
8549
8228
8700
9005
8885
8327
8303
8465
8845
8561
8406
8714
9048
8367
8832
9165
8942
8831
8527
8816
8852
8542
8794
9100
8985
8911
8469
9039
9115
9130
8490
8329
9116
9202
8626
8434
8493
8717
8810
8616
8430
8727
8599
8616
8402
8486
8697
8217
9182
9118
9126
9155
8515
8789
8356
8414
8961
8656
8601
8288
8558
9189
8231
8355
9149
9079
8567
8953
8402
8349
8273
8618
9185
8616
8679
8551
8917
8392
8863
9026
9184
8946
8592
8743
9082
8722
8859
8562
8453
8379
8232
8527
8903
8712
8975
8699
8961
8679
8439
8727
8457
8335
8268
8888
8330
8760
8670
8424
8559
8929
8680
8322
9078
8364
9043
8560
8515
8856
9213
8199
9070
8420
8927
8787
9073
8885
8843
8645
8524
8714
8515
8196
8199
8917
8372
8690
8668
8783
9089
8427
9053
8771
8509
8395
9078
9059
8637
8663
8713
9025
8562
9137
8520
8479
8879
8704
8392
8721
8491
8680
8684
8679
8777
8247
8507
8838
8996
9034
9066
9083
8498
8732
8920
8281
9074
9028
8331
8395
8842
9086
8328
8851
8970
9038
8917
8764
8335
9171
9113
8771
8480
8832
9095
8370
8765
8601
9143
8890
9173
8466
8459
9008
8669
8617
9042
8943
8398
8976
8303
8756
8520
8562
8438
9069
8721
9161
8840
8214
8462
8456
8634
8976
8352
9089
8817
9156
8617
8940
8327
8885
9189
8961
8299
8751
8678
9170
8294
8562
9160
9171
8582
9205
8363
8294
8679
8851
8413
8362
8756
8763
9071
8833
8922
8854
8466
8526
8292
8679
8520
8752
8851
8550
8414
8549
8875
8627
8981
9185
8567
8799
9177
8551
8945
8901
8383
8228
8552
8600
8418
8628
8669
8850
8856
8210
8230
8936
9197
8907
9016
8809
9197
8319
8699
8803
9203
8509
8914
9009
8845
8658
8618
8911
8572
8366
9203
8754
8921
8416
8413
8914
8531
9109
9001
9150
8610
8452
8914
8754
9131
8857
8466
9157
9062
8594
8392
9036
8852
8204
9125
8386
8768
8280
9131
8736
8288
8967
8461
8530
9072
8331
9078
8567
8885
8454
8877
8883
8471
9022
8992
9097
8563
8883
8738
8309
8476
8474
8200
8640
8620
8979
8527
8851
9106
8265
8434
9087
8922
8453
8700
8228
8869
9054
8881
8968
8556
8826
8804
8945
8719
8816
8995
8372
9034
8874
9095
8894
8977
9093
9131
8395
9036
9097
8327
8346
8787
9093
9168
9097
8453
9213
8655