9217
9218
1002
504
380
935
326
442
953
416
953
598
953
416
555
416
555
416
384
118
384
436
655
786
483
483
724
384
531
349
1005
1014
110
1014
110
1014
1016
903
123
123
225
482
15
283
15
3
15
384
15
264
579
44
242
34
465
34
73
784
35
250
163
676
263
1017
531
507
1005
46
786
110
243
198
709
1016
123
123
200
638
163
1016
1016
682
531
123
992
541
482
806
97
531
531
411
164
638
46
655
877
67
930
978
1014
599
1014
978
250
1016
693
193
829
22
392
259
225
482
988
733
97
247
703
247
724
419
579
44
82
242
465
922
946
478
893
655
786
990
726
653
637
784
784
1017
250
163
676
724
478
991
22
22
436
579
482
507
992
996
159
431
1016
903
69
69
34
465
34
6
829
682
531
264
655
616
930
638
213
1016
903
531
1005
163
110
1014
110
198
1016
531
531
482
935
1015
15
431
198
1016
1016
701
273
533
638
164
198
709
1016
531
1005
905
176
1014
110
1014
198
682
531
645
655
786
930
949
470
964
531
531
349
638
200
638
108
198
709
1016
531
210
482
187
1015
110
709
206
206
531
434
655
786
930
949
297
816
682
531
1021
60
133
487
139
1016
682
991
531
186
482
187
996
702
709
903
682
531
434
579
529
949
968
1016
465
598
926
667
655
786
930
204
726
531
450
371
302
281
200
204
703
682
193
531
487
504
579
935
996
297
949
297
540
109
384
816
557
123
139
1016
384
531
531
15
655
786
930
67
470
693
531
531
349
187
163
110
152
198
709
1016
531
123
225
482
176
1016
470
829
193
109
349
596
273
533
988
682
531
531
349
992
200
60
200
159
431
159
431
431
978
46
655
176
930
67
431
159
978
709
69
60
200
978
431
34
989
34
596
18
482
935
996
34
540
34
946
978
46
446
102
204
470
247
825
247
485
18
905
208
5
841
247
991
507
992
192
176
996
1016
470
123
349
596
311
273
418
349
992
164
984
23
1018
159
655
786
806
930
724
418
992
164
984
250
250
531
123
164
596
311
1016
531
541
482
935
1015
984
465
34
637
299
34
944
903
531
418
992
164
984
1016
343
655
877
930
67
213
1016
531
596
73
638
709
903
903
531
349
596
311
18
482
935
996
596
164
984
518
159
159
579
273
67
996
34
540
829
682
217
905
432
593
841
5
841
247
518
543
250
9219
1754
1982
1535
1038
1560
1535
1753
1535
1535
1535
1535
1535
1797
1535
1535
1535
1535
2014
2018
1535
2018
1218
1564
1327
1535
1392
1535
1218
1755
1755
1846
1597
1535
1218
1755
1755
1755
1755
1755
1583
1854
1814
1844
1089
1984
1617
1854
1975
1351
1617
1854
1651
1755
1940
1936
1940
1982
1636
1564
1860
1597
1410
1636
1564
1968
1636
1564
1612
1636
1564
1612
1882
1925
1782
1610
1980
1779
1438
2032
1636
1985
1974
1982
1857
1882
1882
2007
1857
1857
1519
2032
2035
1857
2032
2028
1490
2004
2004
2022
1402
1844
1854
1617
1854
1635
1583
1817
1867
1820
1491
1288
2024
1874
1396
1940
1940
1896
1216
1960
1982
1317
1882
1857
1636
1438
1372
1029
1974
2007
1966
1720
1949
1348
1771
1814
1396
1984
1874
1246
2012
1424
1385
1824
1635
1940
1583
1583
1947
1651
1583
2032
2028
1315
1635
1635
1801
1959
1700
1317
1720
1959
1457
1801
1690
1807
1589
1059
1188
1815
1801
1807
1349
1801
1334
1807
1659
1959
1807
1349
1801
1188
1807
2024
1610
1083
1083
1669
1857
1669
1519
1982
1925
2032
1940
1732
1452
1535
1535
1410
1392
1589
1966
1835
1690
1426
2046
2035
1788
1392
1899
1801
2025
1589
1347
2046
1755
1327
1327
1327
1755
1755
1057
1028
1739
2044
1844
1844
1683
1961
1209
1674
1315
1714
1815
1857
1452
1583
1438
1409
1682
2007
1955
1968
1714
1589
1690
1807
1820
1771
1878
2014
1105
1109
1081
1109
2032
1940
2038
1426
2038
1635
1982
1637
1351
1824
1396
1824
1348
1264
1817
2032
1817
1966
1481
1636
1504
1617
1396
1980
1081
1372
1396
1712
1136
1123
1974
1952
1820
1718
1504
1610
1081
1982
1982
1936
1936
1947
1136
1801
1209
2028
1874
1936
1651
1947
1771
1529
1315
1264
1209
1589
1857
1547
1974
1372
1712
1446
1123
1910
1123
1416
1651
2038
1959
1959
2038
1895
1651
1771
1975
1874
1814
1246
1637
1874
1771
1186
2032
1216
1949
1283
1617
1994
1257
1351
1806
2024
1985
1771
1636
1209
1817
1491
1914
1372
1707
1878
1580
1754
1372
1240
1910
1240
1480
1240
1759
1519
1186
1719
1719
1525
1452
1396
1299
1764
1690
1690
1955
1755
1966
2001
1257
1915
1459
1985
1779
1438
1718
1599
1974
2046
1682
2007
1448
1136
1712
1372
1416
1707
1828
2024
1707
1636
1882
1330
1968
1857
1882
1925
2001
1776
2045
1597
1535
1789
1867
1955
1700
1896
1963
1936
1938
1936
1936
1452
1925
1690
2046
2035
1995
1955
1720
1993
1396
1975
1186
2045
1655
1739
1681
1409
1828
1409
1828
1669
1240
1707
1416
1707
1240
1635
1707
1949
1637
1824
1651
1651
1867
1755
1815
2038
1882
1564
1985
1710
1874
1718
1535
1636
2038
1755
1807
1959
1635
1606
1283
1978
1975
1975
1351
1985
1606
1771
1637
1437
1315
1583
1867
1564
1372
1712
2014
1661
1936
1982
1565
1583
1801
2046
1966
2035
1635
2014
1396
1707
1426
1743
1801
1807
2038
1700
1417
2035
1936
1975
1617
1040
1412
1975
1412
1975
1270
1396
1975
1396
1814
1718
1718
1985
1985
1874
1718
1878
1424
1424
1610
1982
2007
1669
1771
2032
1718
2032
1974
1083
1718
1867
1985
1651
2032
2032
1947
2028
2028
1585
1585
1206
1771
1974
1161
1217
1985
1813
1291
1925
1452
2028
2028
1481
1982
1291
1179
1720
1573
1896
1788
1755
1659
1801
1659
1801
1626
1801
1788
1690
1896
1993
1835
1694
1349
1300
1700
1334
1155
1659
1700
2038
1592
1257
1088
1778
1874
1081
1764
1651
1583
1985
1651
1975
1396
1874
1764
1993
1367
1686
1975
1975
1975
1975
1396
1985
1583
2032
1936
1936
1936
1686
1878
2014
1535
1940
1583
1940
1910
1975
1975
1718
1617
1940
1940
1523
1982
2007
1564
1940
2007
1936
1936
1936
1651
1585
2032
1925
1985
1026
1718
1838
1862
1985
1963
1813
1982
1426
1636
1998
1925
1438
1952
2038
1955
1867
1801
1396
1617
1985
1412
1718
1610
2028
1993
1396
1671
1814
1351
1178
1864
2018
1982
1516
1789
1940
1963
1718
1985
1982
1982
1564
1925
1583
1867
1940
1867
1936
1985
1105
1396
1396
1564
1173
1915
1703
1985
1982
1982
1445
1739
1651
1424
1936
1606
1925
2045
1669
1691
1136
1820
1764
2001
1969
1587
1622
2025
1690
1801
2046
1561
1397
1896
1694
1835
1801
2046
2035
1700
1659
1720
1788
1216
1895
1671
1374
9220
3021
3021
2133
2516
2787
2489
2916
2345
2904
2837
2386
2422
2305
2647
3068
2860
2979
2869
2671
2979
2585
2818
2670
2671
2815
3064
2857
3005
3022
2123
2995
2181
2275
2249
2748
2352
2789
2800
2925
2333
2724
3059
2724
2920
3059
2912
2398
2637
2079
2920
3023
2567
2800
2920
2215
2330
2095
2079
2121
2489
2830
3035
2276
2350
2529
3022
2365
2368
2962
2268
3032
2529
2992
2516
2292
2701
2064
3046
2936
2608
2064
2255
2253
2253
2787
2329
2283
2623
2647
2253
2860
3039
2249
2064
2857
3007
2588
3007
2939
2850
2906
2920
3028
2508
3050
2972
2833
2133
2920
2971
2609
2478
2585
2421
2330
2268
2397
2640
3071
2644
2883
2422
2993
2253
2552
2879
2904
2097
2815
2352
3008
2787
2054
2604
2268
2326
2489
2989
2731
2354
2868
2549
2214
2814
2137
2884
2214
2340
2371
2891
2306
2503
3007
2343
2972
3000
2162
2800
3011
2789
3008
3008
2818
3000
2777
2224
2424
2088
2619
2883
2314
2412
2811
2884
2544
2642
2771
2419
3022
2694
2619
3066
2801
2762
2351
2707
2612
2406
2552
2818
2989
2130
2064
2905
2963
2309
2630
2717
3000
2499
2905
2459
2844
3008
2442
2818
2564
2815
2628
2800
2928
2531
2818
2536
2162
2767
2694
2052
2835
2327
2741
2529
2424
2641
2148
2646
2130
2928
2677
2646
2594
2130
2277
2905
2942
2791
2756
2126
2857
2172
2064
3012
2644
2697
2860
2102
2793
2582
2705
3061
2394
2529
2499
2470
3000
2460
2921
2257
2474
2156
2823
2371
3028
2825
2947
2724
2230
2123
2978
2874
2161
3071
2121
2096
3059
2890
2584
2664
2682
2756
2544
2818
2856
2121
2690
2525
2529
2939
2568
2640
2133
2252
2277
2862
2170
2549
2585
2577
2352
2176
2777
3059
2724
2324
3050
2972
2354
2324
2354
3019
2881
2996
2787
2945
2957
2908
3037
2787
2296
2575
2940
2245
2928
2575
3065
2552
2971
2789
2905
3007
2939
2603
2326
2394
2333
2906
2971
2419
3059
2912
2324
2724
2912
2445
2321
2912
2695
2407
2093
2744
2968
3035
2937
2625
2296
2767
2345
2699
2904
2958
2470
2368
2762
3044
2868
3044
2672
2307
2712
2712
2957
2828
2884
2799
2489
2091
2119
2694
2119
2937
2937
2616
2874
3058
2846
2588
2880
2672
2701
2874
2253
2996
2989
2585
2647
2609
2640
2109
2306
2266
2352
2464
2575
2237
2623
2848
2848
2536
2921
2603
2854
2424
2767
2464
2257
3064
2498
2421
2789
2848
2063
2349
2190
2190
2585
2585
2877
2800
2421
2421
2314
3000
2421
2600
2126
2096
2986
2640
2603
2306
2503
2603
2306
2165
3044
2505
2463
2868
2944
2463
3044
3070
2463
2821
2912
2949
3069
2608
2869
2905
2887
2529
2845
2962
2962
2804
2424
2916
2514
2121
2937
2529
2623
2667
2615
2624
3050
2560
2168
2079
2079
2079
2695
2792
2792
2792
2054
3007
2698
2544
2552
2435
2958
2686
2680
2095
2815
3008
2869
2232
2971
2352
3050
2536
2133
2971
2463
2976
2165
2321
3008
3022
2800
2711
2553
2966
2604
2718
2623
2511
2815
2421
2162
2608
2237
2674
3009
2344
2874
2616
2674
2343
2183
2857
2996
2996
2890
2689
2920
2623
2253
2740
2549
3050
2647
2552
2986
3007
2627
2877
2789
2972
3008
2697
2133
2421
2421
2608
3008
3008
2787
2949
2627
2712
2232
2705
2544
2544
2434
2423
3044
2350
2990
3037
2452
2905
2789
2905
2905
2971
2248
3044
2557
2352
2243
2557
2255
3071
2421
3012
2985
2608
2976
2248
2462
2333
2789
2656
2625
2252
2850
2978
2989
2170
2269
2137
2133
2459
2853
2648
2767
2785
2470
2887
2845
2909
2712
2979
2835
2245
2421
2421
2421
2921
2452
2920
2835
2979
2317
2052
2478
2800
2905
2839
2761
2908
2133
2682
2382
2647
2990
2703
2930
2928
3000
2579
2253
2767
2585
3008
2844
2877
2180
2862
2368
2527
2971
2356
2349
3032
2119
2913
2890
2928
2756
2777
2544
2529
2830
2467
2818
2883
2337
2995
2909
2674
2989
2585
2899
2821
2506
2180
3058
3021
2552
3021
2536
2791
2195
2269
2938
3035
2721
2278
2253
2787
2330
2850
2811
2594
2320
2800
2623
2718
2957
2420
2054
2821
2761
2815
2109
2429
2253
2330
2552
2247
3041
2857
2724
2429
2253
2671
2375
2916
2147
2470
2735
2552
2434
2248
2644
2470
2791
2788
2529
2097
2881
2905
2905
2224
2889
2694
2531
2097
2936
3071
3000
3039
2289
2715
3021
9221
3533
3860
3403
3176
3796
3937
3663
3387
3548
4016
3921
3726
3409
3985
3260
3912
3722
3514
3517
4064
3101
3502
3444
4065
3876
3319
3539
3442
3928
3300
3219
3904
3352
3644
4003
3300
3933
3398
3498
3208
3878
4048
3572
3651
3808
3836
3660
3760
3324
3651
3808
3707
3237
3231
4073
3577
3837
4005
3503
3788
3872
3499
3080
3775
3368
3587
3611
4013
3777
3078
3862
3777
3978
4033
3080
3437
3243
3760
3191
3704
3437
3694
3236
3997
3582
3107
3171
3526
3868
3934
3790
3107
3684
3171
3869
3181
3334
3189
3639
3157
3181
4077
3206
3641
3504
3514
3552
3327
3810
3900
3198
3264
3178
3901
3547
3522
3325
3300
3354
3982
3675
3393
3641
3985
3883
3933
3351
3634
3403
3887
3094
3578
3621
3280
3394
3229
3372
3210
3242
3664
3861
3210
3458
3288
3210
3210
3210
3288
3989
3840
3870
3406
3684
3210
3690
3284
3802
3919
3802
4056
3526
3904
3098
3456
3933
3802
3772
3804
3641
3498
3868
4077
3747
4014
3880
3456
3111
3327
3176
3933
4056
3552
4091
3925
3704
3660
3183
3735
3896
3857
3933
3997
3777
3932
3197
3777
3487
3297
3447
3979
3896
3363
3783
3297
3933
3555
3530
3555
3623
3325
3927
3970
3259
3310
3111
3868
3530
3929
3944
3310
3950
3780
3558
3598
3991
3853
3251
3525
3805
3712
3719
3251
3857
3623
3937
3175
3909
3675
3307
3243
3450
3447
3620
3154
3300
3909
3682
3198
3191
3720
4016
3352
3372
3296
3937
3810
3381
3950
3768
3740
3921
3300
3591
3800
3929
3409
3385
3406
3406
3675
3259
3600
3800
4077
4094
3934
3576
3704
3710
3329
3600
3133
3738
3847
3925
3900
3675
3252
3713
3912
3489
3484
3790
3241
3610
3552
3621
3652
3741
3909
3674
3675
3760
3599
4053
3952
4091
3591
3674
3409
3235
3659
3645
3955
3497
3652
3458
3879
3212
3258
3085
4077
3367
3951
3778
3251
4079
3282
3733
4004
3691
3187
3349
3219
3989
3536
3839
4030
3478
3329
3591
3820
3304
3855
3177
3820
3467
3682
3741
3652
3684
3209
3647
3416
3536
3358
3272
3608
3231
3705
3439
3175
3229
3210
3456
3511
3521
3245
3583
3820
3178
3734
3393
3965
3329
3269
3329
3810
3734
3791
3951
3499
3741
3315
3484
3489
3469
3704
3338
3819
3467
3684
3111
3530
4084
3536
3814
3579
3251
3456
3687
3640
3210
3687
3621
3729
3074
3143
3715
3657
3611
3456
3210
3641
3307
3924
3251
3375
3484
3572
3783
3242
3883
3542
3447
3688
3148
3730
3530
3952
3555
4077
3788
3489
3583
3232
3451
3564
3439
3422
3818
3949
3251
3456
3942
3473
3346
3398
3810
3805
3367
3274
3469
3587
3235
3870
3513
3985
3252
3763
3581
3576
3078
3716
3591
3763
3869
3740
3530
3087
3801
3928
3778
3940
3335
3245
3136
3985
3507
3820
3734
3245
3133
3118
3820
3705
3252
3788
3699
3978
3264
3836
3718
3522
3925
3829
3608
3148
3506
3904
3791
3325
3969
3257
3111
3567
3547
3403
3810
4042
3526
3764
3729
3672
3969
3342
3969
3338
3973
3718
3973
3550
3790
3919
3924
3187
3164
3389
3429
3398
3421
3186
3798
3232
3414
4053
3490
3340
3111
3919
3542
3465
3465
3686
3876
3251
3857
3530
3585
3843
3313
3869
3914
3390
3452
3413
3914
3924
3325
3815
3292
3470
3187
3843
3504
3778
3381
3802
3982
3591
3198
3372
3928
3796
3950
3659
4053
3940
3600
3511
3928
3600
3719
3166
3600
3684
3928
3600
3115
3928
3526
3662
3740
3802
3552
3552
3504
3779
3592
3664
4000
3437
3187
3774
3452
4053
3178
3762
3274
3340
3377
3403
3202
3462
3189
3371
3204
3164
3710
3642
3251
3843
3600
3237
3284
3940
3994
3346
3439
3760
3300
3925
3521
3429
4038
3701
3311
3760
3762
3202
3747
4004
3730
3296
3659
3674
3188
3557
3126
3297
3632
3817
3984
3334
3986
3513
3967
3608
3859
3154
3135
3788
3859
3855
3933
3847
3182
3638
3530
3422
3467
3109
3464
3377
3967
3213
3087
3335
4053
4072
4004
3796
3187
3199
3832
3469
3499
3921
3930
3504
3760
3493
3663
3970
3182
3367
3264
3642
3104
3933
3887
3333
3296
3687
4060
3959
3674
3138
3854
3653
3778
3672
3377
3778
3499
3116
3710
3532
3726
3484
4004
3115
3788
3787
3741
3296
3456
3893
3530
3928
3398
3107
3987
3891
4042
4077
3940
3876
3966
4077
3778
3107
4079
3504
3504
3951
3802
3802
3600
3097
3190
9222
4988
4477
4522
4741
4376
4692
5103
4355
4829
4621
4784
4478
4457
4513
4717
5093
4453
4570
4486
5093
4122
4155
4200
4357
4643
4134
4334
4414
4486
4157
4486
4665
4401
4730
4276
4899
5042
5041
4971
4817
4987
4160
4958
4814
4570
4380
4142
4646
4958
4126
4544
4599
4771
5022
4867
4743
5068
4494
4861
4259
4376
4638
4320
4601
4150
4814
4681
4759
4118
4763
4414
4194
4376
4501
4705
4379
5112
5023
5011
4745
4478
4810
4881
4512
4907
4175
4830
4098
4539
4906
4194
4474
4593
4189
4313
4894
4096
4619
4443
4295
4450
4494
4585
4353
4760
4720
4751
5059
5066
4632
4242
4958
4263
4193
4692
4648
5105
4678
5003
4232
4894
5011
4995
4200
4684
4829
4125
4469
4349
4983
4324
4162
5068
4942
4519
4851
4846
4287
4326
4415
4942
4469
4942
4510
4444
5094
4546
4816
4457
4432
4386
4855
4942
4817
4414
4335
4337
5112
4810
4853
4184
5069
4926
4374
5112
4296
4794
4970
4421
5094
4145
4170
4335
4119
5058
5094
4942
4876
4695
4858
4497
4670
4583
4469
4439
4660
4451
4660
5024
4614
5024
4184
4660
5074
4506
4421
4925
4552
4705
4701
4457
4721
4906
4675
5114
4859
4455
4763
4411
4839
4652
4315
4184
4770
5056
4494
4446
4729
4151
4899
4732
4957
4489
4632
4230
4106
4415
5005
5074
4418
4579
4776
4468
4755
5031
4733
4318
4763
4334
4955
4253
4703
4593
4503
4889
4795
5096
4997
4457
4848
4653
4155
4103
4864
4732
4109
4193
4449
5112
4869
4829
4332
4755
4584
5058
4652
4587
4454
4364
4334
4851
4126
5090
4894
4852
4505
5028
4900
4200
4695
4549
4285
4444
4899
4534
4859
4615
4234
4133
4333
4971
4255
4845
4227
4692
4881
5054
4924
4926
4120
4397
4728
4714
4921
4751
4894
4760
4138
4335
4971
4197
4680
4797
5049
5027
4453
4665
4243
4479
4268
4240
4623
4414
4296
4924
4487
5027
4325
4704
4773
4098
4980
4340
4352
4918
4622
4604
4442
4859
4948
4501
5082
4345
4463
4193
4501
4376
4801
4164
4611
4827
4988
4758
4332
5042
4436
4857
4628
4914
4097
4559
4147
4709
4634
4623
4831
4349
4349
4591
4616
4884
4096
4549
5007
4633
4646
4540
4510
4862
4838
4987
4999
4637
4098
4166
4167
4820
4155
4741
5096
4376
4788
4639
4994
4800
5009
4657
4137
4855
4371
4389
4608
4662
4389
4366
4661
5024
4680
4283
4397
4803
4738
4494
4907
5009
4283
5041
4414
4454
4907
4451
4256
4752
4573
4899
4755
4624
4334
4998
4973
4852
4630
4962
4829
4638
4662
4295
4942
4178
4711
4583
4783
4125
4856
4633
4563
4965
4500
4487
4414
4414
4844
4159
4482
4566
4414
4414
4443
4820
4971
4884
4583
4763
4727
4670
4558
5107
4555
4656
4961
4488
4615
4414
4136
4860
4611
4227
4646
4673
4841
4768
5087
4227
4456
4627
4142
4570
4692
4786
4988
4894
4345
4793
4570
4958
4988
4315
4414
4120
4508
4456
4140
5111
4728
4243
4194
4967
4384
4414
5059
4266
4678
4201
4692
4658
4637
4205
4692
4140
4350
4341
4731
4783
4693
4850
4555
4418
4513
4443
4914
4875
5033
4897
4150
4786
4202
4436
4555
4119
4676
4100
4340
5031
4869
4309
4254
4501
4864
4720
4898
4958
5105
4711
4370
5112
4720
4516
4704
5097
4690
4631
4296
4704
4911
4501
4594
4534
5037
5007
4146
4687
4434
4810
5038
4625
4977
4889
4654
4983
5094
4924
4494
4494
4494
4318
4835
4924
5056
4924
4924
4494
4364
4498
4150
4684
4993
4783
4514
4932
4673
4937
4158
4619
4795
4478
4639
4800
5094
5071
4759
4643
4120
4957
4971
4938
4203
4780
4603
4425
5070
4820
4183
4830
4786
4786
4435
4606
4122
4444
4500
4122
4494
5110
4478
4500
4665
4547
4442
4230
4995
4714
4834
4510
4606
4793
5003
5054
5049
4490
4848
4752
4460
4132
4263
4158
4789
4413
4725
5064
4153
4968
4565
5029
5013
4965
4589
4459
4637
4953
4812
4997
5058
4547
4233
4497
4710
4500
4145
4841
4111
4637
4138
5011
4510
4494
4641
4233
4199
5090
5095
4366
4414
4843
4449
4795
4250
4670
4990
4934
4519
4728
5025
4414
4340
4230
4340
4953
4733
4791
4500
4925
4583
4501
4167
4741
4317
4158
4147
4814
4739
4607
5096
4786
4445
4566
4117
4961
4894
5108
4561
5114
4539
4184
4810
4335
4364
4835
4670
4983
4157
4335
4170
4921
4961
4934
4335
4546
4919
4422
4122
4122
9223
5994
5270
5276
5271
5376
5287
5415
5482
5489
6006
5593
5192
5273
5784
5273
5719
6091
5967
5508
5228
5425
5273
5273
5416
6047
5950
5225
5434
5807
5640
5804
5555
5425
5619
5303
5272
5716
6099
6041
5737
5492
5693
5360
5284
5837
5269
5610
5709
5716
5328
5267
5305
5914
6082
5578
5965
5344
6097
5491
5657
5288
5555
5131
6071
5815
5391
5927
5849
5398
5516
5194
5304
6040
5399
5530
5743
5981
5249
5354
5979
5980
5335
5487
6110
5271
5673
5375
5804
5536
5480
5792
5910
5452
5625
5988
5707
5844
5408
5836
5835
5817
5670
5340
6060
5699
5268
5183
5278
5619
5557
5268
5262
5177
5971
5730
5635
6125
5810
5529
6032
5801
5320
5962
6133
5941
5758
5288
5128
5128
5708
6083
5474
5178
5498
5351
5961
5988
5278
5675
5197
5654
5718
5675
5478
6040
6017
5654
5547
5292
6139
5563
6027
5373
5220
5803
5597
5579
6064
5980
5839
5456
6005
5267
5839
6041
5503
5231
5646
5910
5125
5466
5197
5581
6006
5856
5927
5811
6064
5772
6086
5757
6063
6012
6134
5471
6051
6134
5895
5254
5303
5536
6134
5532
6064
5278
5741
5988
5530
5559
5895
5287
6139
6105
6059
6127
5614
5829
5367
6017
6027
5736
5708
5391
5203
5942
6050
5149
5212
5414
6137
6069
5233
5501
5298
6138
5380
5750
5320
5459
5974
5165
5799
5846
5753
5477
5581
5281
5453
5366
5379
5593
5258
5384
5810
5456
6108
5597
5716
5415
5404
5847
5655
5555
5324
5398
5273
5638
5373
5747
5657
5801
5292
6082
5185
5304
5379
5625
6089
6119
5806
5929
6071
5778
5778
5276
5399
6015
5908
5382
5911
5340
5597
5870
5606
5813
5318
5711
6104
5748
5542
5418
5224
6091
5588
5944
5669
5386
6125
5778
6039
5391
5526
5173
5536
5225
5303
5686
6032
5492
6082
5305
5437
5550
5836
6015
6049
5687
6127
5596
5733
5929
6078
5525
5595
5772
5745
5458
5358
5575
5675
5486
5205
5863
5290
5123
5898
5870
5928
5536
5281
5243
5210
5313
5825
5438
5908
5313
5941
5553
5276
5550
5905
5278
5287
5841
5852
6047
5215
6113
5813
5334
5699
5223
5948
5841
6005
5773
5183
5822
5437
5377
5658
5386
5839
5313
5927
5803
6106
5369
5974
5731
5810
5774
5826
5302
5445
5181
5650
5848
6125
5994
5938
5595
5503
5787
6008
6106
5597
5377
5312
5959
5939
5517
6094
5597
5595
5441
5537
5431
5910
5597
6135
5669
5597
5223
5374
6078
5473
5986
5370
6095
6056
5970
5533
5494
5483
5158
5579
5613
5898
6105
6059
5228
5950
5373
5705
5437
5330
5702
6065
6027
5485
5928
5642
5895
5588
5425
5805
5947
5525
5708
5640
5641
5702
5189
5836
5440
6106
5892
6035
5823
6071
5928
5577
5727
5704
6135
5364
5267
5379
5827
5685
5839
5185
5225
6114
5658
5941
5682
5679
5291
5135
5453
5930
5668
5271
5816
5203
5694
5397
5738
5733
6007
5671
5442
5792
5514
5951
6109
5549
5369
6078
5344
5358
5482
5629
5834
5772
5708
5839
5581
6020
5481
5967
5156
5879
5634
6016
6138
5857
5235
6091
5225
5931
5341
6127
5662
5914
6139
5569
5383
5419
5534
5482
5768
5846
5801
5462
5812
6009
5825
5786
6078
5669
6052
5130
6033
6052
5354
5640
5125
5938
5767
5578
6059
6102
5629
5258
5931
5880
5288
6101
5996
5805
5266
5402
5694
5577
6073
5956
5947
5793
5239
5585
6083
5414
5772
5577
6078
5869
5837
5267
5161
5550
6050
5495
6047
5220
5915
5736
5805
5288
5778
6005
5318
5650
5466
5308
6107
5570
5421
5866
5905
5360
6038
5673
5473
5275
5889
5685
5308
5869
5503
5466
6006
5564
5647
5195
5141
5702
5123
5544
5333
5961
5462
5494
6042
5674
5120
5869
5852
5319
5731
5889
5273
5779
5524
5764
5501
5534
5947
5761
6064
5344
5563
6083
5909
5243
5228
6038
5719
6079
5225
5603
5563
5667
5374
5228
5553
5525
5481
5664
5588
5550
6011
5701
5966
5370
5323
5910
6083
6048
5801
6094
5378
5881
6022
5605
5898
5674
5910
5888
5370
5137
5665
5170
5296
5370
5928
5293
5344
5165
5229
5618
6052
5970
5916
5369
5618
5139
5763
5535
5657
5908
5225
5305
6020
5531
5611
5208
5364
5667
5235
5879
5778
5474
5302
5673
5764
5736
6048
5215
5715
5579
5731
5558
6079
5686
5546
5731
6023
5816
6113
5931
5391
6131
5533
5756
6085
5136
6005
6050
6109
5701
5724
6050
5772
6024
5141
5949
5851
9224
6187
6981
6192
6537
7104
6469
6266
6889
6583
6335
6292
7100
6338
6317
6904
7152
6753
6727
6354
6537
6443
6177
6415
6581
6520
6705
7077
6604
6427
6934
6601
6324
6203
6955
6447
6961
6621
6542
6309
6582
6425
6188
6621
7000
6248
6354
6956
6742
6937
7040
6514
6955
7056
6951
6276
6542
6849
6366
7088
6714
7115
6578
6534
6854
7159
6386
6840
6361
6249
6890
6802
6542
6779
6570
7065
7077
6894
6277
6294
7011
6985
6240
6812
6437
6304
6711
6646
6690
6696
6346
6530
7029
6294
6808
6419
6733
6190
6362
6922
6975
6544
6484
6313
6484
6434
6484
6669
6537
6216
6958
6731
7055
6353
6775
6583
6419
6304
6203
6935
6440
6968
7063
6868
6320
6897
6875
6314
6758
6698
7159
6438
6552
7100
6808
6193
6297
6889
7119
6687
6511
6209
7004
6484
6489
6657
7107
6159
6501
6657
6294
7107
6741
6621
6484
6443
6646
6646
6598
6788
6646
7131
6428
7009
6459
6925
6696
6167
6705
6582
7061
6854
6492
7131
7090
6437
6517
6639
7061
6968
6827
7147
6888
6377
7058
6538
6406
6538
7120
6203
7107
6984
6858
6969
6575
6865
6450
6447
6374
6298
6833
6769
7093
6631
6698
6621
6910
6776
6160
6523
6531
6616
6148
6167
6868
6868
7119
6677
6511
6769
7164
6199
6765
6518
6549
6537
6828
6791
6167
6998
6480
6192
6794
6812
6931
6998
7108
6584
7029
6553
6894
6246
6646
6325
6370
6482
6259
6303
6405
6300
6590
6965
6581
6300
6607
7100
6654
7013
6783
7132
6911
6297
6657
6938
6482
6259
6344
6165
6675
7067
6361
6523
6494
6982
6191
7002
6737
7014
7131
7102
6514
6639
6968
6348
6190
7040
6550
6843
6297
6677
6266
6338
6695
6419
6981
6397
6651
6899
6875
6649
6290
6794
6180
6945
6151
6675
6508
6843
6843
6764
6295
6543
6268
6191
6166
6383
6205
6981
6710
7163
6933
6443
6891
7068
6621
6660
6240
7040
7068
6951
6319
6695
6644
6180
6774
6505
6427
6339
6511
6475
6924
6505
6669
6516
6590
6853
6862
6937
6688
6282
6721
6564
6259
6292
6432
7107
7027
6577
7110
6157
6422
7102
7159
6474
6349
6728
6888
6514
7100
6868
6696
6372
6801
6904
6868
6281
6330
6543
6951
6625
7057
6354
7166
6870
7092
7117
6596
6465
6855
6644
6905
7093
6665
6859
6426
6854
6691
6394
6938
6268
6858
6578
6370
6724
7032
6881
6310
6972
7012
6564
6808
6727
6421
7018
6290
6865
6383
7061
7088
6778
7165
6681
6714
7100
6413
7032
6731
6230
6570
6974
6511
6542
6303
6380
7014
7113
7049
7167
6242
7063
7068
6714
6327
6474
6956
6453
6148
6932
7053
7145
6743
6429
6927
6412
6705
6516
6930
6394
6359
6631
6347
6621
7072
6505
6298
7127
7103
6227
7138
6621
6621
6813
6333
6778
6231
6593
6915
6819
6671
7122
7137
6400
6599
7122
6612
6454
6384
6996
6216
6627
6573
6526
6981
6466
7132
6240
6765
6354
6533
6631
6918
6252
6459
6938
6174
7154
6530
7021
6794
6435
6590
6649
7139
7031
6642
7010
6881
6421
6519
6714
6820
7026
6748
6708
6295
6766
7152
7142
6987
7044
6427
7140
6175
6312
6743
6669
6917
6630
6798
7004
7057
6976
6588
6184
6571
6484
6777
6766
6868
6287
6537
6646
6339
6958
7139
6675
6951
6387
6802
7128
7137
6731
6339
6339
6780
7026
6658
6284
6588
6808
6453
6749
6607
6912
6862
7065
6291
7031
6587
6751
7047
7009
6429
7067
6445
7014
6995
6523
7002
6791
6709
6493
7063
6166
7081
6303
6517
6538
7153
6368
6595
6333
7082
6731
6659
6516
6325
7152
6658
6246
6538
6837
6264
6362
6981
6626
6332
6588
6779
7124
6184
6987
6983
6515
6471
6171
6730
6164
6591
6147
6175
7167
6478
6437
6955
7018
6908
6262
6373
6540
7064
6153
6780
6294
6184
6240
6809
7159
6454
6266
7102
6828
6354
6189
6179
7120
6670
6695
7014
7142
6365
6532
6552
6598
6788
7127
6938
6691
6518
7131
7104
6700
6886
6797
6589
7088
6738
6695
6343
6956
6429
6956
6233
6732
6477
6867
6175
6889
6521
6262
6621
7063
7042
6711
6465
6227
6847
6305
6557
6354
6794
7017
7091
6251
6184
6707
6928
6537
6516
6374
6548
7104
6570
6643
6715
6305
7026
7036
6460
6155
7147
7072
6354
6945
7090
7004
7106
6438
7049
6259
6175
6621
6325
7031
6755
6969
6874
6480
7072
6167
6594
6740
6607
6259
6511
6776
6812
6646
7127
6813
6628
7041
9225
7779
7421
7681
7703
7739
8062
7742
7304
7946
7614
7296
7795
7812
7614
8041
7583
8149
7859
7658
7366
7534
7304
8178
8023
7549
7302
7593
8138
7345
7833
7845
7603
7669
7331
8095
7326
7291
7680
7778
7991
8138
7449
7434
7204
7288
8152
7757
7449
7175
7296
7522
7674
7956
7460
7185
7432
7537
7306
8168
7814
7193
7251
7913
7535
7774
7666
7223
7324
7637
7657
8142
7886
8013
7608
8147
7472
8174
7911
8065
7519
7985
8029
7814
7992
7275
7968
7230
8000
7968
7854
7275
7556
7590
7669
8039
7993
8083
8148
7563
7460
7208
7735
7759
8130
8111
7718
7515
7244
7311
7304
7570
7910
7606
7915
7652
7467
8181
7702
7728
7246
7566
8025
7764
8053
7774
8096
7895
8088
7806
7845
7751
7663
7962
8050
7803
7430
7707
7960
7992
7690
8037
8094
7309
7535
7880
7803
7407
7485
8112
7913
8037
8042
7231
8058
7793
7967
7612
8002
7841
7985
7895
7557
7530
8096
7960
7354
7883
7611
8108
7968
7862
7954
7912
7293
7352
7459
7282
8071
7699
7835
8002
7532
7548
7461
7640
7579
7962
7532
7590
7399
7694
7633
7525
7910
7182
7967
8143
7551
7836
7723
7451
7678
8017
7935
7897
7954
7766
8014
7972
7754
7829
7754
7449
7459
7400
7980
7340
8047
7312
7659
8046
7541
7754
8178
7778
7482
7975
7475
7910
7243
7354
7681
7985
7616
8060
7217
7865
7513
7446
7305
7173
7926
8107
7473
7960
7792
7968
8053
8123
7552
7425
8033
7559
7838
8084
8112
7741
7985
7668
7750
7186
7617
7265
7849
7629
8074
7693
7434
8031
7588
7548
7935
7699
7416
7812
7684
7202
7835
8168
7603
7603
7519
8061
8030
7865
8088
7352
7657
7348
7868
7993
7346
7521
7378
8118
7690
8046
8104
7536
7534
8138
7367
7434
8105
7258
7326
7600
7250
7806
8028
7988
7769
7411
7270
7458
8172
8081
7511
7414
7782
7212
7491
7346
7621
7931
7997
8174
8125
7183
8140
7244
7956
8137
7941
7571
7583
7554
8009
7292
7398
8073
7173
7909
8182
7917
7703
7329
8153
7917
8012
8053
7662
8184
7684
8072
7409
8123
7480
7287
7786
7930
7374
7680
7934
7382
8115
7510
7650
8075
7591
7736
8063
7475
7511
7985
7760
7693
8165
7664
7835
7926
7418
7956
7832
7939
7399
8005
7874
7625
7262
7431
7336
8084
7891
7432
7476
7513
8084
7191
7878
7293
7758
7660
7878
7737
7742
7967
7847
7790
7666
7432
7583
7583
8062
7576
8093
7536
7827
7714
7246
7762
7467
7571
8071
7449
7818
7319
7818
8125
7803
8042
7621
7532
8096
7913
7613
7908
7579
8038
7716
7396
8063
7517
7968
7733
7578
7988
7957
7408
7924
7803
7553
7904
8138
7748
7905
7509
8029
8091
7999
7359
7198
7535
7824
7489
7757
8059
7907
7356
8042
7828
7314
7411
7954
7839
7320
7964
7480
7832
7670
7628
7494
7399
7680
8053
7601
8184
7484
7938
7328
7558
8045
7937
7305
8062
8009
7907
7992
7375
7519
7912
8160
7301
7375
7359
7893
7407
8174
7258
7985
8104
7445
7970
8107
7678
7588
7462
7958
7336
7768
7931
7746
7920
8133
8147
7757
7224
7311
8133
7319
7460
7186
7333
7889
8091
7684
7432
7644
7392
8154
7424
8147
7291
7674
7961
7925
7480
8015
7641
7714
7740
8117
7694
7772
7838
7467
7995
7410
8029
7745
7606
7998
7566
7695
7541
8096
7763
7647
8053
7863
7794
7718
7968
7891
7930
7752
7531
8168
7533
7893
7456
8096
8022
8009
8035
7461
7652
7835
8128
7559
7788
7796
8145
7556
8182
7820
7586
8154
7212
7304
7527
8072
7874
8123
7813
7646
7496
7968
8141
7531
7417
8066
7387
7936
8007
7819
7486
7355
7558
7346
7380
8105
7871
7348
7793
7770
7647
7530
7277
7324
8138
7693
7475
7838
7550
7996
7434
7505
7191
8121
8096
7693
7966
7560
7682
7282
7841
7737
7462
7445
8088
7768
7977
7988
7925
7708
7621
7277
7667
7418
7305
7248
8074
7614
7981
7989
7658
7910
8046
7774
7322
8034
7581
7570
7864
7173
7411
8122
7686
7862
8172
8099
7422
7939
7574
7791
7969
7764
8042
8063
7506
7718
7381
8009
7242
7577
8172
7206
7880
7253
7513
7381
7607
7859
7467
8026
7605
7754
7681
7568
7622
7328
8091
8186
8173
7340
7246
7943
7911
8158
7296
8130
8032
8130
7470
7421
8088
8056
8137
7924
7715
8143
7875
8161
7903
8002
7718
7747
7356
7847
7523
7950
7991
8168
7574
7669
7484
7523
7346
7365
7684
9226
8574
8228
8348
8413
8679
8645
9112
8742
8767
8755
8558
8883
9064
8309
9006
8746
9191
8500
9127
8922
8578
9034
8273
8206
8421
8662
8383
8854
8223
8796
9078
8685
9183
8472
8697
8950
8943
8425
8648
8673
9085
8900
8745
8630
8915
9058
9103
8894
8781
9116
9073
8950
8335
8482
8749
8530
8524
8532
8938
8537
9209
8880
8315
8828
8411
8871
8499
8474
9036
8421
8611
8589
8753
8620
9153
8722
8838
8731
9198
8914
8863
8792
9051
8507
8892
8425
8197
9005
9121
8685
8477
9121
8396
8364
8896
8452
8600
9150
8976
9106
8257
8980
8206
8477
9172
8885
9023
8590
9019
8417
9023
8831
8794
8728
8621
8781
8870
9023
8847
8257
8511
8961
8442
8479
8837
8634
8548
8950
8315
8742
8700
8428
8483
9061
8836
8727
8418
9168
8865
9131
8436
8656
8528
8520
8727
9000
9047
8799
8460
8885
8799
8796
8608
8440
8758
8285
9116
9051
8538
8974
8726
8751
8925
8786
9043
8365
8256
9063
8346
8204
8786
8726
8542
9136
9186
9123
8501
8628
9181
8920
9208
8803
9090
8804
8409
8754
8409
8449
8432
9045
8851
9085
8676
8587
8601
9007
9072
9170
8215
8835
8803
9139
8402
8856
8702
9170
8203
8420
8354
8856
8571
9157
9059
8256
8769
8514
8988
8472
8910
8721
8204
9213
9170
8673
8713
8985
8285
8794
9017
8438
8277
8908
8798
8618
8551
8305
8499
8822
8848
8700
8425
8950
8973
8507
9128
8619
8551
8435
8727
8876
8524
9007
8796
9062
8704
8933
8916
9006
8560
8563
8876
8925
9074
8694
8809
8742
9088
8483
9068
8421
8527
8857
8464
8960
8528
8619
8565
8525
9187
8642
8207
8682
9171
9125
8623
8525
8956
9111
8713
8804
8842
8904
8381
8596
8556
8552
9064
8507
9194
8755
8677
9031
8949
8904
9033
8438
8204
8850
8842
8445
8786
8864
8742
9061
9031
8435
8826
8995
8909
8688
8621
8217
9153
9168
8417
8727
8779
9057
8535
8263
8827
8540
8466
8327
8765
8294
8837
8698
8565
9118
9213
8822
8564
8461
9056
8958
8819
8679
8339
8592
8998
9127
9098
8330
8712
8209
8628
9133
8245
9205
8341
8461
8529
8601
8507
8920
8328
8299
8836
8440
9143
8696
8770
9033
9046
9196
8280
8527
8220
8936
8743
9143
8719
8995
9116
8915
8891
8495
8382
8655
8886
8864
8992
8228
9061
8330
9068
8619
8579
8368
8884
8759
8670
8720
9042
8777
8647
8920
8811
8621
9042
8524
8557
8992
9029
8731
8696
8364
8557
8237
8359
8671
9120
9168
9177
8879
8807
8365
8507
8215
8998
8557
8896
8749
8975
9021
9033
8327
8565
8870
8647
9097
8398
8845
8551
8772
8905
8905
9168
9155
9155
8242
8889
8741
8693
8199
8418
9101
9074
9127
9015
9024
8917
9056
9113
8490
8780
8641
8372
9051
8523
8621
8856
8722
9143
8810
8327
8206
8713
8969
8690
8987
9213
8983
8529
8766
8660
8767
9147
8660
8909
8739
8897
8790
8779
8465
8970
8349
8452
8898
8410
9186
8406
8569
9014
8368
8664
8712
8822
9086
8712
9151
8950
8883
9078
8445
9136
8245
9105
8734
8257
8564
8303
8699
8574
8355
8436
8606
8804
8674
8907
8711
8877
8831
9079
8525
8914
8687
8281
8706
8587
8623
8656
8540
8564
8987
8425
8690
8908
8625
8625
8760
8679
8751
9200
8471
8836
8311
8767
9061
9157
8770
8814
8631
9043
8895
8825
8436
8943
8299
9030
8541
8538
8733
8208
8307
8904
8546
8862
8512
8821
9205
8223
8257
8961
8429
8337
8608
8507
8364
8206
8880
8717
8372
9010
9210
9136
9102
8748
8591
8464
8302
8359
8232
8280
9132
8613
9159
8233
8598
8500
8679
8646
8877
8894
9199
8431
8523
8428
9107
8583
8915
8524
8974
8770
8482
8556
8638
8806
9125
8602
8255
8381
8939
8285
8830
8717
8609
8785
9112
8625
8564
8903
8950
8692
8683
8372
8385
9098
8621
9127
8662
8827
8990
8591
9145
9195
8217
9195
8896
8383
9190
9171
8456
9089
8811
8493
8684
8197
9162
8242
8414
8459
9194
9014
8653
9206
8858
8245
8984
8370
9062
9000
8234
9199
8419
8650
8381
8240
8192
8538
9064
8952
9082
8612
9125
8712
8241
8518
8770
8794
8762
8693
8604
8331
8854
8870
8820
9062
8480
8280
9072
8646
9151
8419
9072
8425
8511
8381
8385
8754
8342
8830
8656
8963
8708
9086
8381
8249
8633
8726
8509
9026
9089
8984
8253
8936
8850
8831
8901
8257
8782
9079
9205
9076
9188
9206
8717
8923
9042
8328